#depth	He	He+	He+2
 4.08564e+15	2.46e-03	3.58e-01	6.39e-01
 2.45139e+16	2.46e-03	3.58e-01	6.39e-01
 1.06227e+17	2.45e-03	3.59e-01	6.39e-01
 4.33078e+17	2.42e-03	3.62e-01	6.36e-01
 1.03448e+18	2.29e-03	3.59e-01	6.39e-01
 1.81631e+18	2.23e-03	3.63e-01	6.35e-01
 2.83269e+18	2.22e-03	3.73e-01	6.24e-01
 4.15398e+18	2.29e-03	3.94e-01	6.04e-01
 5.87166e+18	2.45e-03	4.29e-01	5.69e-01
 8.10464e+18	2.80e-03	4.84e-01	5.13e-01
 1.08430e+19	3.37e-03	5.62e-01	4.34e-01
 1.35385e+19	4.07e-03	6.43e-01	3.52e-01
 1.55572e+19	4.67e-03	7.01e-01	2.95e-01
 1.69308e+19	5.12e-03	7.35e-01	2.60e-01
 1.80449e+19	5.51e-03	7.61e-01	2.34e-01
 1.92872e+19	5.99e-03	7.87e-01	2.07e-01
 2.05981e+19	6.49e-03	8.10e-01	1.84e-01
 2.17084e+19	6.93e-03	8.27e-01	1.66e-01
 2.26900e+19	7.35e-03	8.40e-01	1.53e-01
 2.37943e+19	7.89e-03	8.54e-01	1.38e-01
 2.49546e+19	8.48e-03	8.66e-01	1.25e-01
 2.59200e+19	9.01e-03	8.75e-01	1.16e-01
 2.67537e+19	9.52e-03	8.82e-01	1.09e-01
 2.76836e+19	1.02e-02	8.89e-01	1.01e-01
 2.86760e+19	1.09e-02	8.96e-01	9.33e-02
 2.95198e+19	1.16e-02	9.01e-01	8.77e-02
 3.02504e+19	1.24e-02	9.05e-01	8.31e-02
 3.10636e+19	1.33e-02	9.09e-01	7.81e-02
 3.19319e+19	1.44e-02	9.12e-01	7.35e-02
 3.26760e+19	1.55e-02	9.15e-01	6.99e-02
 3.33253e+19	1.66e-02	9.17e-01	6.68e-02
 3.40472e+19	1.81e-02	9.18e-01	6.34e-02
 3.48205e+19	2.00e-02	9.20e-01	6.03e-02
 3.54958e+19	2.19e-02	9.20e-01	5.76e-02
 3.60547e+19	2.38e-02	9.20e-01	5.58e-02
 3.65413e+19	2.57e-02	9.20e-01	5.41e-02
 3.70132e+19	2.79e-02	9.20e-01	5.25e-02
 3.74690e+19	3.02e-02	9.19e-01	5.12e-02
 3.79002e+19	3.28e-02	9.17e-01	4.99e-02
 3.83072e+19	3.56e-02	9.16e-01	4.87e-02
 3.86872e+19	3.84e-02	9.14e-01	4.79e-02
 3.91074e+19	4.22e-02	9.11e-01	4.68e-02
 3.95395e+19	4.66e-02	9.08e-01	4.58e-02
 3.98849e+19	5.05e-02	9.04e-01	4.52e-02
 4.01863e+19	5.44e-02	9.01e-01	4.46e-02
 4.05324e+19	5.96e-02	8.96e-01	4.40e-02
 4.09059e+19	6.57e-02	8.91e-01	4.34e-02
 4.12364e+19	7.15e-02	8.85e-01	4.31e-02
 4.15873e+19	7.90e-02	8.78e-01	4.26e-02
 4.19660e+19	8.78e-02	8.70e-01	4.23e-02
 4.23057e+19	9.65e-02	8.61e-01	4.21e-02
 4.26423e+19	1.07e-01	8.52e-01	4.18e-02
 4.30073e+19	1.18e-01	8.40e-01	4.17e-02
 4.33622e+19	1.31e-01	8.27e-01	4.16e-02
 4.36767e+19	1.44e-01	8.15e-01	4.15e-02
 4.39622e+19	1.57e-01	8.02e-01	4.14e-02
 4.42386e+19	1.70e-01	7.89e-01	4.14e-02
 4.45113e+19	1.84e-01	7.75e-01	4.13e-02
 4.47247e+19	1.95e-01	7.64e-01	4.14e-02
 4.48679e+19	2.03e-01	7.56e-01	4.14e-02
 4.50062e+19	2.11e-01	7.47e-01	4.13e-02
 4.51644e+19	2.21e-01	7.38e-01	4.13e-02
 4.53357e+19	2.32e-01	7.27e-01	4.12e-02
 4.55056e+19	2.43e-01	7.16e-01	4.11e-02
 4.56727e+19	2.55e-01	7.04e-01	4.10e-02
 4.58410e+19	2.67e-01	6.92e-01	4.09e-02
 4.60128e+19	2.80e-01	6.80e-01	4.07e-02
 4.61876e+19	2.93e-01	6.67e-01	4.06e-02
 4.63648e+19	3.07e-01	6.53e-01	4.04e-02
 4.65462e+19	3.21e-01	6.39e-01	4.02e-02
 4.67326e+19	3.36e-01	6.24e-01	3.98e-02
 4.69222e+19	3.52e-01	6.09e-01	3.95e-02
 4.71157e+19	3.68e-01	5.92e-01	3.91e-02
 4.73172e+19	3.86e-01	5.76e-01	3.87e-02
 4.75276e+19	4.04e-01	5.58e-01	3.82e-02
 4.77446e+19	4.22e-01	5.40e-01	3.76e-02
 4.79702e+19	4.42e-01	5.21e-01	3.70e-02
 4.82104e+19	4.62e-01	5.02e-01	3.63e-02
 4.84677e+19	4.83e-01	4.82e-01	3.54e-02
 4.87420e+19	5.04e-01	4.62e-01	3.45e-02
 4.90325e+19	5.25e-01	4.41e-01	3.35e-02
 4.93447e+19	5.46e-01	4.22e-01	3.24e-02
 4.96854e+19	5.67e-01	4.02e-01	3.13e-02
 5.00660e+19	5.87e-01	3.83e-01	3.01e-02
 5.04994e+19	6.07e-01	3.64e-01	2.88e-02
 5.09618e+19	6.24e-01	3.49e-01	2.76e-02
 5.14199e+19	6.37e-01	3.36e-01	2.65e-02
 5.18710e+19	6.48e-01	3.26e-01	2.56e-02
 5.23863e+19	6.59e-01	3.17e-01	2.45e-02
 5.30561e+19	6.70e-01	3.07e-01	2.34e-02
 5.39269e+19	6.81e-01	2.97e-01	2.21e-02
 5.50590e+19	6.92e-01	2.87e-01	2.07e-02
 5.65306e+19	7.04e-01	2.76e-01	1.91e-02
 5.83909e+19	7.18e-01	2.65e-01	1.73e-02
 6.05101e+19	7.31e-01	2.53e-01	1.56e-02
 6.26970e+19	7.44e-01	2.42e-01	1.41e-02
 6.49287e+19	7.56e-01	2.32e-01	1.28e-02
 6.72631e+19	7.67e-01	2.21e-01	1.16e-02
 6.97371e+19	7.78e-01	2.11e-01	1.05e-02
 7.23408e+19	7.89e-01	2.02e-01	9.50e-03
 7.50609e+19	7.99e-01	1.93e-01	8.60e-03
 7.79023e+19	8.08e-01	1.84e-01	7.77e-02
 8.50019e+20	1.90e-01	7.89e-01	2.14e-02
 8.50780e+20	2.01e-01	7.77e-01	2.17e-02
 8.51304e+20	2.10e-01	7.69e-01	2.18e-02
 8.51817e+20	2.19e-01	7.59e-01	2.20e-02
 8.52401e+20	2.29e-01	7.48e-01	2.21e-02
 8.53014e+20	2.41e-01	7.37e-01	2.23e-02
 8.53613e+20	2.53e-01	7.25e-01	2.24e-02
 8.54206e+20	2.66e-01	7.12e-01	2.25e-02
 8.54798e+20	2.78e-01	6.99e-01	2.27e-02
 8.55396e+20	2.92e-01	6.85e-01	2.28e-02
 8.55997e+20	3.06e-01	6.71e-01	2.29e-02
 8.56607e+20	3.22e-01	6.55e-01	2.30e-02
 8.57229e+20	3.38e-01	6.39e-01	2.30e-02
 8.57852e+20	3.54e-01	6.23e-01	2.30e-02
 8.58478e+20	3.71e-01	6.06e-01	2.30e-02
 8.59119e+20	3.90e-01	5.87e-01	2.30e-02
 8.59785e+20	4.09e-01	5.68e-01	2.29e-02
 8.60473e+20	4.29e-01	5.48e-01	2.28e-02
 8.61180e+20	4.50e-01	5.28e-01	2.26e-02
 8.61917e+20	4.72e-01	5.06e-01	2.23e-02
 8.62689e+20	4.95e-01	4.83e-01	2.20e-02
 8.63490e+20	5.18e-01	4.60e-01	2.16e-02
 8.64326e+20	5.42e-01	4.37e-01	2.12e-02
 8.65205e+20	5.66e-01	4.14e-01	2.06e-02
 8.66149e+20	5.90e-01	3.90e-01	2.00e-02
 8.67183e+20	6.14e-01	3.67e-01	1.94e-02
 8.68326e+20	6.37e-01	3.44e-01	1.87e-02
 8.69627e+20	6.59e-01	3.23e-01	1.79e-02
 8.71018e+20	6.78e-01	3.05e-01	1.72e-02
 8.72389e+20	6.93e-01	2.90e-01	1.66e-02
 8.73740e+20	7.04e-01	2.80e-01	1.62e-02
 8.75076e+20	7.12e-01	2.72e-01	1.58e-02
 8.76400e+20	7.20e-01	2.65e-01	1.54e-02
 8.77715e+20	7.24e-01	2.61e-01	1.52e-02
 8.79222e+20	7.29e-01	2.56e-01	1.49e-02
 8.81181e+20	7.33e-01	2.53e-01	1.46e-02
 8.83728e+20	7.36e-01	2.50e-01	1.44e-02
 8.87039e+20	7.39e-01	2.47e-01	1.41e-02
 8.91343e+20	7.43e-01	2.43e-01	1.37e-02
 8.96939e+20	7.47e-01	2.40e-01	1.33e-02
 9.04213e+20	7.52e-01	2.36e-01	1.28e-02
 9.13670e+20	7.58e-01	2.30e-01	1.21e-02
 9.25964e+20	7.65e-01	2.24e-01	1.14e-02
 9.41945e+20	7.74e-01	2.16e-01	1.05e-02
 9.62722e+20	7.85e-01	2.06e-01	9.45e-03
 9.87313e+20	7.96e-01	1.95e-01	8.43e-03
 1.01288e+21	8.07e-01	1.85e-01	7.52e-03
 1.03853e+21	8.17e-01	1.76e-01	6.75e-03
 1.06480e+21	8.26e-01	1.68e-01	6.06e-03
 1.09234e+21	8.35e-01	1.59e-01	5.43e-03
 1.12126e+21	8.44e-01	1.51e-01	4.87e-03
 1.15125e+21	8.52e-01	1.44e-01	4.36e-03
 1.18212e+21	8.59e-01	1.37e-01	3.92e-03
 1.21407e+21	8.67e-01	1.30e-01	3.51e-03
 1.24737e+21	8.74e-01	1.23e-01	3.16e-03
 1.28189e+21	8.80e-01	1.17e-01	2.83e-03
 1.31759e+21	8.86e-01	1.11e-01	2.55e-03
 1.35434e+21	8.92e-01	1.06e-01	2.29e-03
 1.39240e+21	8.98e-01	1.00e-01	2.06e-03
 1.43190e+21	9.03e-01	9.53e-02	1.85e-03
 1.47310e+21	9.08e-01	9.05e-02	1.67e-03
 1.51549e+21	9.12e-01	8.60e-02	1.50e-03
 1.55888e+21	9.17e-01	8.18e-02	1.35e-03
 1.60407e+21	9.21e-01	7.77e-02	1.22e-03
 1.65083e+21	9.25e-01	7.39e-02	1.10e-03
 1.69910e+21	9.29e-01	7.02e-02	9.93e-04
 1.74904e+21	9.32e-01	6.68e-02	8.96e-04
 1.80034e+21	9.36e-01	6.36e-02	8.10e-04
 1.85299e+21	9.39e-01	6.05e-02	7.33e-04
 1.90752e+21	9.42e-01	5.76e-02	6.63e-04
 1.96406e+21	9.45e-01	5.49e-02	6.00e-04
 2.02245e+21	9.47e-01	5.23e-02	5.43e-04
 2.08293e+21	9.50e-01	4.98e-02	4.92e-04
 2.14511e+21	9.52e-01	4.75e-02	4.47e-04
 2.20813e+21	9.54e-01	4.54e-02	4.08e-04
 2.27192e+21	9.56e-01	4.35e-02	3.73e-04
 2.33622e+21	9.58e-01	4.18e-02	3.45e-04
 2.40012e+21	9.59e-01	4.03e-02	3.21e-04
 3.05203e+21	9.59e-01	4.11e-02	3.60e-04
 3.16856e+21	9.61e-01	3.88e-02	3.21e-04
 3.29175e+21	9.63e-01	3.67e-02	2.88e-04
 3.42096e+21	9.65e-01	3.47e-02	2.58e-04
 3.55399e+21	9.67e-01	3.29e-02	2.33e-04
