#depth	O	O+	O+2	O+3	O+4	O+5	O+6	O+7	O+8	O[1]	O[2]	O[3]
 4.08564e+15	8.98e-04	1.23e-01	6.67e-01	1.97e-01	1.23e-02	1.03e-04	5.63e-07	0.00e+00	0.00e+00	8.98e-04	2.11e-07	2.38e-07
 2.45139e+16	8.94e-04	1.22e-01	6.68e-01	1.96e-01	1.22e-02	1.03e-04	5.61e-07	0.00e+00	0.00e+00	8.94e-04	2.10e-07	2.36e-07
 1.06227e+17	8.74e-04	1.20e-01	6.70e-01	1.96e-01	1.22e-02	1.03e-04	5.61e-07	0.00e+00	0.00e+00	8.73e-04	2.05e-07	2.31e-07
 4.33078e+17	8.10e-04	1.14e-01	6.80e-01	1.94e-01	1.19e-02	1.01e-04	5.56e-07	0.00e+00	0.00e+00	8.10e-04	1.90e-07	2.14e-07
 1.03448e+18	6.51e-04	9.88e-02	6.91e-01	1.97e-01	1.18e-02	1.05e-04	5.98e-07	0.00e+00	0.00e+00	6.51e-04	1.53e-07	1.72e-07
 1.81631e+18	5.53e-04	8.91e-02	7.04e-01	1.95e-01	1.14e-02	1.04e-04	6.06e-07	0.00e+00	0.00e+00	5.53e-04	1.30e-07	1.47e-07
 2.83269e+18	4.85e-04	8.22e-02	7.19e-01	1.88e-01	1.06e-02	9.88e-05	5.88e-07	0.00e+00	0.00e+00	4.85e-04	1.14e-07	1.29e-07
 4.15398e+18	4.47e-04	7.84e-02	7.38e-01	1.74e-01	9.32e-03	8.80e-05	5.33e-07	0.00e+00	0.00e+00	4.47e-04	1.05e-07	1.18e-07
 5.87166e+18	4.39e-04	7.84e-02	7.60e-01	1.54e-01	7.68e-03	7.20e-05	4.41e-07	0.00e+00	0.00e+00	4.39e-04	1.03e-07	1.16e-07
 8.10464e+18	4.78e-04	8.39e-02	7.85e-01	1.25e-01	5.70e-03	5.17e-05	3.17e-07	0.00e+00	0.00e+00	4.78e-04	1.12e-07	1.27e-07
 1.08430e+19	5.86e-04	9.67e-02	8.06e-01	9.28e-02	3.72e-03	3.15e-05	1.91e-07	0.00e+00	0.00e+00	5.86e-04	1.37e-07	1.55e-07
 1.35385e+19	7.65e-04	1.15e-01	8.16e-01	6.60e-02	2.32e-03	1.80e-05	0.00e+00	0.00e+00	0.00e+00	7.64e-04	1.79e-07	2.02e-07
 1.55572e+19	9.78e-04	1.34e-01	8.14e-01	4.98e-02	1.58e-03	1.12e-05	0.00e+00	0.00e+00	0.00e+00	9.77e-04	2.29e-07	2.58e-07
 1.69308e+19	1.19e-03	1.50e-01	8.07e-01	4.07e-02	1.20e-03	7.97e-06	0.00e+00	0.00e+00	0.00e+00	1.18e-03	2.77e-07	3.13e-07
 1.80449e+19	1.41e-03	1.64e-01	7.99e-01	3.42e-02	9.52e-04	5.92e-06	0.00e+00	0.00e+00	0.00e+00	1.41e-03	3.30e-07	3.72e-07
 1.92872e+19	1.73e-03	1.84e-01	7.86e-01	2.79e-02	7.27e-04	4.16e-06	0.00e+00	0.00e+00	0.00e+00	1.73e-03	4.06e-07	4.57e-07
 2.05981e+19	2.15e-03	2.06e-01	7.69e-01	2.25e-02	5.53e-04	2.89e-06	0.00e+00	0.00e+00	0.00e+00	2.15e-03	5.05e-07	5.68e-07
 2.17084e+19	2.60e-03	2.26e-01	7.52e-01	1.87e-02	4.39e-04	2.11e-06	0.00e+00	0.00e+00	0.00e+00	2.60e-03	6.12e-07	6.86e-07
 2.26900e+19	3.10e-03	2.46e-01	7.35e-01	1.57e-02	3.57e-04	1.59e-06	0.00e+00	0.00e+00	0.00e+00	3.10e-03	7.30e-07	8.16e-07
 2.37943e+19	3.82e-03	2.72e-01	7.11e-01	1.28e-02	2.81e-04	1.13e-06	0.00e+00	0.00e+00	0.00e+00	3.82e-03	9.02e-07	1.00e-06
 2.49546e+19	4.78e-03	3.01e-01	6.84e-01	1.03e-02	2.20e-04	7.89e-07	0.00e+00	0.00e+00	0.00e+00	4.78e-03	1.13e-06	1.25e-06
 2.59200e+19	5.79e-03	3.27e-01	6.58e-01	8.49e-03	1.80e-04	5.81e-07	0.00e+00	0.00e+00	0.00e+00	5.79e-03	1.38e-06	1.52e-06
 2.67537e+19	6.89e-03	3.53e-01	6.33e-01	7.12e-03	1.51e-04	4.41e-07	0.00e+00	0.00e+00	0.00e+00	6.89e-03	1.64e-06	1.80e-06
 2.76836e+19	8.45e-03	3.84e-01	6.02e-01	5.76e-03	1.23e-04	3.19e-07	0.00e+00	0.00e+00	0.00e+00	8.44e-03	2.02e-06	2.21e-06
 2.86760e+19	1.05e-02	4.19e-01	5.66e-01	4.56e-03	9.88e-05	2.24e-07	0.00e+00	0.00e+00	0.00e+00	1.05e-02	2.53e-06	2.75e-06
 2.95198e+19	1.28e-02	4.51e-01	5.32e-01	3.69e-03	8.21e-05	1.64e-07	0.00e+00	0.00e+00	0.00e+00	1.28e-02	3.09e-06	3.32e-06
 3.02504e+19	1.52e-02	4.82e-01	5.00e-01	3.02e-03	6.95e-05	1.23e-07	0.00e+00	0.00e+00	0.00e+00	1.52e-02	3.69e-06	3.95e-06
 3.10636e+19	1.87e-02	5.17e-01	4.62e-01	2.38e-03	5.72e-05	0.00e+00	0.00e+00	0.00e+00	0.00e+00	1.87e-02	4.54e-06	4.83e-06
 3.19319e+19	2.32e-02	5.56e-01	4.19e-01	1.81e-03	4.64e-05	0.00e+00	0.00e+00	0.00e+00	0.00e+00	2.32e-02	5.67e-06	5.98e-06
 3.26760e+19	2.82e-02	5.89e-01	3.81e-01	1.41e-03	3.84e-05	0.00e+00	0.00e+00	0.00e+00	0.00e+00	2.82e-02	6.89e-06	7.22e-06
 3.33253e+19	3.35e-02	6.19e-01	3.46e-01	1.11e-03	3.22e-05	0.00e+00	0.00e+00	0.00e+00	0.00e+00	3.35e-02	8.22e-06	8.56e-06
 3.40472e+19	4.10e-02	6.52e-01	3.06e-01	8.32e-04	2.60e-05	0.00e+00	0.00e+00	0.00e+00	0.00e+00	4.10e-02	1.00e-05	1.04e-05
 3.48205e+19	5.07e-02	6.84e-01	2.65e-01	6.01e-04	2.06e-05	0.00e+00	0.00e+00	0.00e+00	0.00e+00	5.07e-02	1.24e-05	1.28e-05
 3.54958e+19	6.16e-02	7.10e-01	2.28e-01	4.39e-04	1.64e-05	0.00e+00	0.00e+00	0.00e+00	0.00e+00	6.16e-02	1.50e-05	1.54e-05
 3.60547e+19	7.21e-02	7.28e-01	1.99e-01	3.35e-04	1.35e-05	0.00e+00	0.00e+00	0.00e+00	0.00e+00	7.20e-02	1.75e-05	1.78e-05
 3.65413e+19	8.31e-02	7.42e-01	1.75e-01	2.59e-04	1.12e-05	0.00e+00	0.00e+00	0.00e+00	0.00e+00	8.31e-02	2.00e-05	2.04e-05
 3.70132e+19	9.56e-02	7.52e-01	1.52e-01	1.99e-04	9.18e-06	0.00e+00	0.00e+00	0.00e+00	0.00e+00	9.55e-02	2.28e-05	2.32e-05
 3.74690e+19	1.09e-01	7.59e-01	1.31e-01	1.52e-04	7.53e-06	0.00e+00	0.00e+00	0.00e+00	0.00e+00	1.09e-01	2.59e-05	2.62e-05
 3.79002e+19	1.24e-01	7.63e-01	1.13e-01	1.17e-04	6.16e-06	0.00e+00	0.00e+00	0.00e+00	0.00e+00	1.24e-01	2.90e-05	2.94e-05
 3.83072e+19	1.40e-01	7.63e-01	9.71e-02	9.03e-05	5.01e-06	0.00e+00	0.00e+00	0.00e+00	0.00e+00	1.40e-01	3.24e-05	3.28e-05
 3.86872e+19	1.56e-01	7.60e-01	8.39e-02	7.08e-05	4.14e-06	0.00e+00	0.00e+00	0.00e+00	0.00e+00	1.56e-01	3.56e-05	3.60e-05
 3.91074e+19	1.76e-01	7.54e-01	7.00e-02	5.30e-05	3.27e-06	0.00e+00	0.00e+00	0.00e+00	0.00e+00	1.76e-01	3.96e-05	4.00e-05
 3.95395e+19	1.99e-01	7.43e-01	5.78e-02	3.93e-05	2.54e-06	0.00e+00	0.00e+00	0.00e+00	0.00e+00	1.99e-01	4.39e-05	4.43e-05
 3.98849e+19	2.18e-01	7.33e-01	4.92e-02	3.09e-05	2.07e-06	0.00e+00	0.00e+00	0.00e+00	0.00e+00	2.18e-01	4.74e-05	4.77e-05
 4.01863e+19	2.37e-01	7.21e-01	4.23e-02	2.48e-05	1.70e-06	0.00e+00	0.00e+00	0.00e+00	0.00e+00	2.37e-01	5.06e-05	5.10e-05
 4.05324e+19	2.60e-01	7.04e-01	3.52e-02	1.92e-05	1.35e-06	0.00e+00	0.00e+00	0.00e+00	0.00e+00	2.60e-01	5.44e-05	5.47e-05
 4.09059e+19	2.86e-01	6.85e-01	2.87e-02	1.46e-05	1.05e-06	0.00e+00	0.00e+00	0.00e+00	0.00e+00	2.86e-01	5.84e-05	5.87e-05
 4.12364e+19	3.10e-01	6.66e-01	2.39e-02	1.16e-05	8.34e-07	0.00e+00	0.00e+00	0.00e+00	0.00e+00	3.10e-01	6.17e-05	6.20e-05
 4.15873e+19	3.37e-01	6.43e-01	1.94e-02	8.89e-06	6.42e-07	0.00e+00	0.00e+00	0.00e+00	0.00e+00	3.37e-01	6.52e-05	6.55e-05
 4.19660e+19	3.67e-01	6.17e-01	1.54e-02	6.79e-06	4.84e-07	0.00e+00	0.00e+00	0.00e+00	0.00e+00	3.67e-01	6.87e-05	6.90e-05
 4.23057e+19	3.95e-01	5.93e-01	1.24e-02	5.36e-06	3.73e-07	0.00e+00	0.00e+00	0.00e+00	0.00e+00	3.95e-01	7.16e-05	7.18e-05
 4.26423e+19	4.24e-01	5.66e-01	9.91e-03	4.24e-06	2.85e-07	0.00e+00	0.00e+00	0.00e+00	0.00e+00	4.23e-01	7.41e-05	7.44e-05
 4.30073e+19	4.54e-01	5.38e-01	7.73e-03	3.33e-06	2.13e-07	0.00e+00	0.00e+00	0.00e+00	0.00e+00	4.54e-01	7.64e-05	7.66e-05
 4.33622e+19	4.84e-01	5.10e-01	6.04e-03	2.66e-06	1.59e-07	0.00e+00	0.00e+00	0.00e+00	0.00e+00	4.84e-01	7.82e-05	7.84e-05
 4.36767e+19	5.11e-01	4.84e-01	4.83e-03	2.19e-06	0.00e+00	0.00e+00	0.00e+00	0.00e+00	0.00e+00	5.11e-01	7.94e-05	7.96e-05
 4.39622e+19	5.35e-01	4.61e-01	3.92e-03	1.85e-06	0.00e+00	0.00e+00	0.00e+00	0.00e+00	0.00e+00	5.35e-01	8.02e-05	8.04e-05
 4.42386e+19	5.58e-01	4.39e-01	3.20e-03	1.59e-06	0.00e+00	0.00e+00	0.00e+00	0.00e+00	0.00e+00	5.58e-01	8.07e-05	8.08e-05
 4.45113e+19	5.80e-01	4.18e-01	2.60e-03	1.37e-06	0.00e+00	0.00e+00	0.00e+00	0.00e+00	0.00e+00	5.80e-01	8.09e-05	8.10e-05
 4.47247e+19	5.95e-01	4.02e-01	2.24e-03	1.23e-06	0.00e+00	0.00e+00	0.00e+00	0.00e+00	0.00e+00	5.95e-01	8.08e-05	8.09e-05
 4.48679e+19	6.06e-01	3.92e-01	2.01e-03	1.15e-06	0.00e+00	0.00e+00	0.00e+00	0.00e+00	0.00e+00	6.06e-01	8.07e-05	8.08e-05
 4.50062e+19	6.17e-01	3.81e-01	1.81e-03	1.07e-06	0.00e+00	0.00e+00	0.00e+00	0.00e+00	0.00e+00	6.17e-01	8.06e-05	8.06e-05
 4.51644e+19	6.29e-01	3.70e-01	1.60e-03	9.96e-07	0.00e+00	0.00e+00	0.00e+00	0.00e+00	0.00e+00	6.29e-01	8.03e-05	8.03e-05
 4.53357e+19	6.42e-01	3.57e-01	1.41e-03	9.20e-07	0.00e+00	0.00e+00	0.00e+00	0.00e+00	0.00e+00	6.41e-01	8.00e-05	8.00e-05
 4.55056e+19	6.53e-01	3.46e-01	1.24e-03	8.54e-07	0.00e+00	0.00e+00	0.00e+00	0.00e+00	0.00e+00	6.53e-01	7.96e-05	7.95e-05
 4.56727e+19	6.65e-01	3.34e-01	1.09e-03	7.94e-07	0.00e+00	0.00e+00	0.00e+00	0.00e+00	0.00e+00	6.65e-01	7.91e-05	7.90e-05
 4.58410e+19	6.76e-01	3.23e-01	9.61e-04	7.41e-07	0.00e+00	0.00e+00	0.00e+00	0.00e+00	0.00e+00	6.76e-01	7.86e-05	7.85e-05
 4.60128e+19	6.87e-01	3.12e-01	8.44e-04	6.91e-07	0.00e+00	0.00e+00	0.00e+00	0.00e+00	0.00e+00	6.87e-01	7.79e-05	7.78e-05
 4.61876e+19	6.98e-01	3.02e-01	7.42e-04	6.46e-07	0.00e+00	0.00e+00	0.00e+00	0.00e+00	0.00e+00	6.98e-01	7.73e-05	7.72e-05
 4.63648e+19	7.08e-01	2.91e-01	6.51e-04	6.04e-07	0.00e+00	0.00e+00	0.00e+00	0.00e+00	0.00e+00	7.08e-01	7.66e-05	7.64e-05
 4.65462e+19	7.19e-01	2.81e-01	5.71e-04	5.67e-07	0.00e+00	0.00e+00	0.00e+00	0.00e+00	0.00e+00	7.18e-01	7.58e-05	7.57e-05
 4.67326e+19	7.29e-01	2.71e-01	5.00e-04	5.31e-07	0.00e+00	0.00e+00	0.00e+00	0.00e+00	0.00e+00	7.29e-01	7.50e-05	7.48e-05
 4.69222e+19	7.39e-01	2.61e-01	4.38e-04	4.99e-07	0.00e+00	0.00e+00	0.00e+00	0.00e+00	0.00e+00	7.38e-01	7.42e-05	7.40e-05
 4.71157e+19	7.48e-01	2.52e-01	3.84e-04	4.69e-07	0.00e+00	0.00e+00	0.00e+00	0.00e+00	0.00e+00	7.48e-01	7.33e-05	7.31e-05
 4.73172e+19	7.57e-01	2.43e-01	3.36e-04	4.42e-07	0.00e+00	0.00e+00	0.00e+00	0.00e+00	0.00e+00	7.57e-01	7.24e-05	7.21e-05
 4.75276e+19	7.66e-01	2.33e-01	2.94e-04	4.16e-07	0.00e+00	0.00e+00	0.00e+00	0.00e+00	0.00e+00	7.66e-01	7.15e-05	7.12e-05
 4.77446e+19	7.75e-01	2.25e-01	2.58e-04	3.93e-07	0.00e+00	0.00e+00	0.00e+00	0.00e+00	0.00e+00	7.75e-01	7.05e-05	7.02e-05
 4.79702e+19	7.83e-01	2.16e-01	2.26e-04	3.71e-07	0.00e+00	0.00e+00	0.00e+00	0.00e+00	0.00e+00	7.83e-01	6.96e-05	6.92e-05
 4.82104e+19	7.91e-01	2.09e-01	1.98e-04	3.51e-07	0.00e+00	0.00e+00	0.00e+00	0.00e+00	0.00e+00	7.91e-01	6.86e-05	6.83e-05
 4.84677e+19	7.99e-01	2.01e-01	1.74e-04	3.32e-07	0.00e+00	0.00e+00	0.00e+00	0.00e+00	0.00e+00	7.99e-01	6.76e-05	6.72e-05
 4.87420e+19	8.07e-01	1.93e-01	1.53e-04	3.15e-07	0.00e+00	0.00e+00	0.00e+00	0.00e+00	0.00e+00	8.06e-01	6.67e-05	6.63e-05
 4.90325e+19	8.13e-01	1.86e-01	1.35e-04	2.99e-07	0.00e+00	0.00e+00	0.00e+00	0.00e+00	0.00e+00	8.13e-01	6.58e-05	6.53e-05
 4.93447e+19	8.20e-01	1.80e-01	1.20e-04	2.85e-07	0.00e+00	0.00e+00	0.00e+00	0.00e+00	0.00e+00	8.20e-01	6.49e-05	6.44e-05
 4.96854e+19	8.26e-01	1.74e-01	1.07e-04	2.72e-07	0.00e+00	0.00e+00	0.00e+00	0.00e+00	0.00e+00	8.26e-01	6.40e-05	6.35e-05
 5.00660e+19	8.31e-01	1.68e-01	9.62e-05	2.61e-07	0.00e+00	0.00e+00	0.00e+00	0.00e+00	0.00e+00	8.31e-01	6.32e-05	6.27e-05
 5.04994e+19	8.37e-01	1.63e-01	8.67e-05	2.50e-07	0.00e+00	0.00e+00	0.00e+00	0.00e+00	0.00e+00	8.37e-01	6.24e-05	6.19e-05
 5.09618e+19	8.41e-01	1.59e-01	7.94e-05	2.41e-07	0.00e+00	0.00e+00	0.00e+00	0.00e+00	0.00e+00	8.41e-01	6.17e-05	6.12e-05
 5.14199e+19	8.45e-01	1.55e-01	7.39e-05	2.34e-07	0.00e+00	0.00e+00	0.00e+00	0.00e+00	0.00e+00	8.44e-01	6.11e-05	6.06e-05
 5.18710e+19	8.47e-01	1.52e-01	6.97e-05	2.29e-07	0.00e+00	0.00e+00	0.00e+00	0.00e+00	0.00e+00	8.47e-01	6.07e-05	6.01e-05
 5.23863e+19	8.50e-01	1.50e-01	6.57e-05	2.23e-07	0.00e+00	0.00e+00	0.00e+00	0.00e+00	0.00e+00	8.50e-01	6.02e-05	5.96e-05
 5.30561e+19	8.53e-01	1.47e-01	6.16e-05	2.17e-07	0.00e+00	0.00e+00	0.00e+00	0.00e+00	0.00e+00	8.53e-01	5.96e-05	5.91e-05
 5.39269e+19	8.57e-01	1.43e-01	5.74e-05	2.11e-07	0.00e+00	0.00e+00	0.00e+00	0.00e+00	0.00e+00	8.57e-01	5.91e-05	5.85e-05
 5.50590e+19	8.60e-01	1.39e-01	5.31e-05	2.04e-07	0.00e+00	0.00e+00	0.00e+00	0.00e+00	0.00e+00	8.60e-01	5.84e-05	5.78e-05
 5.65306e+19	8.65e-01	1.35e-01	4.86e-05	1.96e-07	0.00e+00	0.00e+00	0.00e+00	0.00e+00	0.00e+00	8.65e-01	5.76e-05	5.70e-05
 5.83909e+19	8.70e-01	1.30e-01	4.38e-05	1.87e-07	0.00e+00	0.00e+00	0.00e+00	0.00e+00	0.00e+00	8.69e-01	5.68e-05	5.61e-05
 6.05101e+19	8.74e-01	1.26e-01	3.95e-05	1.79e-07	0.00e+00	0.00e+00	0.00e+00	0.00e+00	0.00e+00	8.74e-01	5.59e-05	5.52e-05
 6.26970e+19	8.79e-01	1.21e-01	3.58e-05	1.71e-07	0.00e+00	0.00e+00	0.00e+00	0.00e+00	0.00e+00	8.79e-01	5.50e-05	5.44e-05
 6.49287e+19	8.83e-01	1.17e-01	3.26e-05	1.64e-07	0.00e+00	0.00e+00	0.00e+00	0.00e+00	0.00e+00	8.83e-01	5.43e-05	5.36e-05
 6.72631e+19	8.87e-01	1.13e-01	2.97e-05	1.57e-07	0.00e+00	0.00e+00	0.00e+00	0.00e+00	0.00e+00	8.87e-01	5.35e-05	5.27e-05
 6.97371e+19	8.91e-01	1.09e-01	2.72e-05	1.50e-07	0.00e+00	0.00e+00	0.00e+00	0.00e+00	0.00e+00	8.91e-01	5.27e-05	5.19e-05
 7.23408e+19	8.95e-01	1.05e-01	2.50e-05	1.43e-07	0.00e+00	0.00e+00	0.00e+00	0.00e+00	0.00e+00	8.95e-01	5.19e-05	5.12e-05
 7.50609e+19	8.99e-01	1.01e-01	2.30e-05	1.37e-07	0.00e+00	0.00e+00	0.00e+00	0.00e+00	0.00e+00	8.99e-01	5.12e-05	5.04e-05
 7.79023e+19	9.02e-01	9.76e-02	2.12e-05	1.32e-07	0.00e+00	0.00e+00	0.00e+00	0.00e+00	0.00e+00	9.02e-01	5.05e-05	4.97e-05
 8.08850e+19	9.06e-01	9.41e-02	1.97e-05	1.26e-07	0.00e+00	0.00e+00	0.00e+00	0.00e+00	0.00e+00	9.06e-01	4.98e-05	4.90e-05
 8.40188e+19	9.09e-01	9.08e-02	1.83e-05	1.21e-07	0.00e+00	0.00e+00	0.00e+00	0.00e+00	0.00e+00	9.09e-01	4.91e-05	4.83e-05
 8.72994e+19	9.12e-01	8.76e-02	1.71e-05	0.00e+00	0.00e+00	0.00e+00	0.00e+00	0.00e+00	0.00e+00	9.12e-01	4.85e-05	4.76e-05
 9.07316e+19	9.16e-01	8.45e-02	1.60e-05	0.00e+00	0.00e+00	0.00e+00	0.00e+00	0.00e+00	0.00e+00	9.15e-01	4.78e-05	4.69e-05
 9.43344e+19	9.18e-01	8.15e-02	1.51e-05	0.00e+00	0.00e+00	0.00e+00	0.00e+00	0.00e+00	0.00e+00	9.18e-01	4.72e-05	4.63e-05
 9.81154e+19	9.21e-01	7.86e-02	1.42e-05	0.00e+00	0.00e+00	0.00e+00	0.00e+00	0.00e+00	0.00e+00	9.21e-01	4.66e-05	4.57e-05
 1.02086e+20	9.24e-01	7.58e-02	1.34e-05	0.00e+00	0.00e+00	0.00e+00	0.00e+00	0.00e+00	0.00e+00	9.24e-01	4.60e-05	4.51e-05
 1.06252e+20	9.27e-01	7.31e-02	1.28e-05	0.00e+00	0.00e+00	0.00e+00	0.00e+00	0.00e+00	0.00e+00	9.27e-01	4.54e-05	4.45e-05
 1.10605e+20	9.29e-01	7.06e-02	1.22e-05	0.00e+00	0.00e+00	0.00e+00	0.00e+00	0.00e+00	0.00e+00	9.29e-01	4.49e-05	4.39e-05
 1.15163e+20	9.32e-01	6.81e-02	1.16e-05	0.00e+00	0.00e+00	0.00e+00	0.00e+00	0.00e+00	0.00e+00	9.32e-01	4.44e-05	4.33e-05
 1.19951e+20	9.34e-01	6.57e-02	1.11e-05	0.00e+00	0.00e+00	0.00e+00	0.00e+00	0.00e+00	0.00e+00	9.34e-01	4.39e-05	4.28e-05
 1.24974e+20	9.37e-01	6.34e-02	1.07e-05	0.00e+00	0.00e+00	0.00e+00	0.00e+00	0.00e+00	0.00e+00	9.37e-01	4.34e-05	4.23e-05
 1.30249e+20	9.39e-01	6.11e-02	1.03e-05	0.00e+00	0.00e+00	0.00e+00	0.00e+00	0.00e+00	0.00e+00	9.39e-01	4.29e-05	4.18e-05
 1.35780e+20	9.41e-01	5.90e-02	9.97e-06	0.00e+00	0.00e+00	0.00e+00	0.00e+00	0.00e+00	0.00e+00	9.41e-01	4.24e-05	4.13e-05
 1.41555e+20	9.43e-01	5.69e-02	9.65e-06	0.00e+00	0.00e+00	0.00e+00	0.00e+00	0.00e+00	0.00e+00	9.43e-01	4.20e-05	4.08e-05
 1.47597e+20	9.45e-01	5.49e-02	9.37e-06	0.00e+00	0.00e+00	0.00e+00	0.00e+00	0.00e+00	0.00e+00	9.45e-01	4.15e-05	4.03e-05
 1.53946e+20	9.47e-01	5.30e-02	9.11e-06	0.00e+00	0.00e+00	0.00e+00	0.00e+00	0.00e+00	0.00e+00	9.47e-01	4.11e-05	3.99e-05
 1.60607e+20	9.49e-01	5.11e-02	8.88e-06	0.00e+00	0.00e+00	0.00e+00	0.00e+00	0.00e+00	0.00e+00	9.49e-01	4.07e-05	3.95e-05
 1.67606e+20	9.51e-01	4.93e-02	8.67e-06	0.00e+00	0.00e+00	0.00e+00	0.00e+00	0.00e+00	0.00e+00	9.51e-01	4.03e-05	3.90e-05
 1.74943e+20	9.52e-01	4.75e-02	8.48e-06	0.00e+00	0.00e+00	0.00e+00	0.00e+00	0.00e+00	0.00e+00	9.52e-01	3.99e-05	3.86e-05
 1.82589e+20	9.54e-01	4.59e-02	8.30e-06	0.00e+00	0.00e+00	0.00e+00	0.00e+00	0.00e+00	0.00e+00	9.54e-01	3.96e-05	3.82e-05
 1.90617e+20	9.56e-01	4.42e-02	8.14e-06	0.00e+00	0.00e+00	0.00e+00	0.00e+00	0.00e+00	0.00e+00	9.56e-01	3.92e-05	3.78e-05
 1.99068e+20	9.57e-01	4.27e-02	7.99e-06	0.00e+00	0.00e+00	0.00e+00	0.00e+00	0.00e+00	0.00e+00	9.57e-01	3.89e-05	3.75e-05
 2.07912e+20	9.59e-01	4.12e-02	7.85e-06	0.00e+00	0.00e+00	0.00e+00	0.00e+00	0.00e+00	0.00e+00	9.59e-01	3.85e-05	3.71e-05
 2.17157e+20	9.60e-01	3.97e-02	7.72e-06	0.00e+00	0.00e+00	0.00e+00	0.00e+00	0.00e+00	0.00e+00	9.60e-01	3.82e-05	3.68e-05
 2.26856e+20	9.62e-01	3.83e-02	7.60e-06	0.00e+00	0.00e+00	0.00e+00	0.00e+00	0.00e+00	0.00e+00	9.62e-01	3.79e-05	3.64e-05
 2.37051e+20	9.63e-01	3.70e-02	7.48e-06	0.00e+00	0.00e+00	0.00e+00	0.00e+00	0.00e+00	0.00e+00	9.63e-01	3.76e-05	3.61e-05
 2.47753e+20	9.64e-01	3.56e-02	7.38e-06	0.00e+00	0.00e+00	0.00e+00	0.00e+00	0.00e+00	0.00e+00	9.64e-01	3.73e-05	3.58e-05
 2.58993e+20	9.66e-01	3.44e-02	7.27e-06	0.00e+00	0.00e+00	0.00e+00	0.00e+00	0.00e+00	0.00e+00	9.66e-01	3.70e-05	3.55e-05
 2.70780e+20	9.67e-01	3.32e-02	7.18e-06	0.00e+00	0.00e+00	0.00e+00	0.00e+00	0.00e+00	0.00e+00	9.67e-01	3.68e-05	3.52e-05
 2.83231e+20	9.68e-01	3.20e-02	7.08e-06	0.00e+00	0.00e+00	0.00e+00	0.00e+00	0.00e+00	0.00e+00	9.68e-01	3.65e-05	3.49e-05
 2.96348e+20	9.69e-01	3.09e-02	6.99e-06	0.00e+00	0.00e+00	0.00e+00	0.00e+00	0.00e+00	0.00e+00	9.69e-01	3.63e-05	3.46e-05
 3.10050e+20	9.70e-01	2.98e-02	6.90e-06	0.00e+00	0.00e+00	0.00e+00	0.00e+00	0.00e+00	0.00e+00	9.70e-01	3.60e-05	3.46e-05
 8.77715e+20	8.53e-01	1.46e-01	1.15e-04	1.66e-06	0.00e+00	0.00e+00	0.00e+00	0.00e+00	0.00e+00	8.53e-01	2.07e-05	1.86e-05
 8.79222e+20	8.55e-01	1.45e-01	1.13e-04	1.64e-06	0.00e+00	0.00e+00	0.00e+00	0.00e+00	0.00e+00	8.55e-01	2.06e-05	1.85e-05
 8.81181e+20	8.56e-01	1.44e-01	1.12e-04	1.63e-06	0.00e+00	0.00e+00	0.00e+00	0.00e+00	0.00e+00	8.56e-01	2.06e-05	1.84e-05
 8.83728e+20	8.56e-01	1.44e-01	1.11e-04	1.62e-06	0.00e+00	0.00e+00	0.00e+00	0.00e+00	0.00e+00	8.56e-01	2.06e-05	1.84e-05
 8.87039e+20	8.57e-01	1.43e-01	1.10e-04	1.60e-06	0.00e+00	0.00e+00	0.00e+00	0.00e+00	0.00e+00	8.57e-01	2.05e-05	1.83e-05
 8.91343e+20	8.59e-01	1.41e-01	1.08e-04	1.58e-06	0.00e+00	0.00e+00	0.00e+00	0.00e+00	0.00e+00	8.59e-01	2.04e-05	1.83e-05
 8.96939e+20	8.60e-01	1.40e-01	1.06e-04	1.56e-06	0.00e+00	0.00e+00	0.00e+00	0.00e+00	0.00e+00	8.60e-01	2.03e-05	1.82e-05
 9.04213e+20	8.62e-01	1.38e-01	1.04e-04	1.53e-06	0.00e+00	0.00e+00	0.00e+00	0.00e+00	0.00e+00	8.62e-01	2.02e-05	1.81e-05
 9.13670e+20	8.65e-01	1.35e-01	1.01e-04	1.49e-06	0.00e+00	0.00e+00	0.00e+00	0.00e+00	0.00e+00	8.65e-01	2.01e-05	1.79e-05
 9.25964e+20	8.67e-01	1.33e-01	9.78e-05	1.45e-06	0.00e+00	0.00e+00	0.00e+00	0.00e+00	0.00e+00	8.67e-01	2.00e-05	1.78e-05
 9.41945e+20	8.71e-01	1.29e-01	9.39e-05	1.39e-06	0.00e+00	0.00e+00	0.00e+00	0.00e+00	0.00e+00	8.71e-01	1.98e-05	1.75e-05
 9.62722e+20	8.75e-01	1.24e-01	8.95e-05	1.32e-06	0.00e+00	0.00e+00	0.00e+00	0.00e+00	0.00e+00	8.75e-01	1.95e-05	1.73e-05
 9.87313e+20	8.80e-01	1.20e-01	8.52e-05	1.25e-06	0.00e+00	0.00e+00	0.00e+00	0.00e+00	0.00e+00	8.80e-01	1.93e-05	1.70e-05
 1.01288e+21	8.85e-01	1.15e-01	8.14e-05	1.19e-06	0.00e+00	0.00e+00	0.00e+00	0.00e+00	0.00e+00	8.85e-01	1.90e-05	1.67e-05
 1.03853e+21	8.89e-01	1.11e-01	7.80e-05	1.13e-06	0.00e+00	0.00e+00	0.00e+00	0.00e+00	0.00e+00	8.89e-01	1.88e-05	1.64e-05
 1.06480e+21	8.93e-01	1.07e-01	7.51e-05	1.07e-06	0.00e+00	0.00e+00	0.00e+00	0.00e+00	0.00e+00	8.93e-01	1.86e-05	1.62e-05
 1.09234e+21	8.96e-01	1.03e-01	7.23e-05	1.02e-06	0.00e+00	0.00e+00	0.00e+00	0.00e+00	0.00e+00	8.96e-01	1.84e-05	1.59e-05
 1.12126e+21	9.00e-01	9.97e-02	6.98e-05	9.62e-07	0.00e+00	0.00e+00	0.00e+00	0.00e+00	0.00e+00	9.00e-01	1.81e-05	1.57e-05
 1.15125e+21	9.04e-01	9.60e-02	6.75e-05	9.12e-07	0.00e+00	0.00e+00	0.00e+00	0.00e+00	0.00e+00	9.04e-01	1.79e-05	1.54e-05
 1.18212e+21	9.07e-01	9.26e-02	6.53e-05	8.65e-07	0.00e+00	0.00e+00	0.00e+00	0.00e+00	0.00e+00	9.07e-01	1.77e-05	1.52e-05
 1.21407e+21	9.11e-01	8.92e-02	6.34e-05	8.19e-07	0.00e+00	0.00e+00	0.00e+00	0.00e+00	0.00e+00	9.11e-01	1.75e-05	1.50e-05
 1.24737e+21	9.14e-01	8.60e-02	6.15e-05	7.76e-07	0.00e+00	0.00e+00	0.00e+00	0.00e+00	0.00e+00	9.14e-01	1.73e-05	1.48e-05
 1.28189e+21	9.17e-01	8.28e-02	5.99e-05	7.34e-07	0.00e+00	0.00e+00	0.00e+00	0.00e+00	0.00e+00	9.17e-01	1.72e-05	1.45e-05
 1.31759e+21	9.20e-01	7.99e-02	5.83e-05	6.96e-07	0.00e+00	0.00e+00	0.00e+00	0.00e+00	0.00e+00	9.20e-01	1.70e-05	1.43e-05
 1.35434e+21	9.23e-01	7.69e-02	5.68e-05	6.58e-07	0.00e+00	0.00e+00	0.00e+00	0.00e+00	0.00e+00	9.23e-01	1.68e-05	1.41e-05
 1.39240e+21	9.26e-01	7.42e-02	5.54e-05	6.23e-07	0.00e+00	0.00e+00	0.00e+00	0.00e+00	0.00e+00	9.26e-01	1.66e-05	1.39e-05
 1.43190e+21	9.29e-01	7.14e-02	5.40e-05	5.88e-07	0.00e+00	0.00e+00	0.00e+00	0.00e+00	0.00e+00	9.29e-01	1.64e-05	1.37e-05
 1.47310e+21	9.31e-01	6.88e-02	5.28e-05	5.56e-07	0.00e+00	0.00e+00	0.00e+00	0.00e+00	0.00e+00	9.31e-01	1.62e-05	1.35e-05
 1.51549e+21	9.34e-01	6.63e-02	5.16e-05	5.25e-07	0.00e+00	0.00e+00	0.00e+00	0.00e+00	0.00e+00	9.34e-01	1.61e-05	1.34e-05
 1.55888e+21	9.36e-01	6.38e-02	5.04e-05	4.96e-07	0.00e+00	0.00e+00	0.00e+00	0.00e+00	0.00e+00	9.36e-01	1.59e-05	1.32e-05
 1.60407e+21	9.38e-01	6.15e-02	4.93e-05	4.68e-07	0.00e+00	0.00e+00	0.00e+00	0.00e+00	0.00e+00	9.38e-01	1.57e-05	1.30e-05
 1.65083e+21	9.41e-01	5.92e-02	4.83e-05	4.41e-07	0.00e+00	0.00e+00	0.00e+00	0.00e+00	0.00e+00	9.41e-01	1.55e-05	1.28e-05
 1.69910e+21	9.43e-01	5.70e-02	4.73e-05	4.16e-07	0.00e+00	0.00e+00	0.00e+00	0.00e+00	0.00e+00	9.43e-01	1.53e-05	1.27e-05
 1.74904e+21	9.45e-01	5.49e-02	4.63e-05	3.92e-07	0.00e+00	0.00e+00	0.00e+00	0.00e+00	0.00e+00	9.45e-01	1.51e-05	1.25e-05
 1.80034e+21	9.47e-01	5.29e-02	4.53e-05	3.70e-07	0.00e+00	0.00e+00	0.00e+00	0.00e+00	0.00e+00	9.47e-01	1.49e-05	1.23e-05
 1.85299e+21	9.49e-01	5.10e-02	4.44e-05	3.48e-07	0.00e+00	0.00e+00	0.00e+00	0.00e+00	0.00e+00	9.49e-01	1.47e-05	1.21e-05
 1.90752e+21	9.51e-01	4.91e-02	4.35e-05	3.28e-07	0.00e+00	0.00e+00	0.00e+00	0.00e+00	0.00e+00	9.51e-01	1.45e-05	1.19e-05
 1.96406e+21	9.53e-01	4.72e-02	4.27e-05	3.08e-07	0.00e+00	0.00e+00	0.00e+00	0.00e+00	0.00e+00	9.53e-01	1.43e-05	1.17e-05
 2.02245e+21	9.55e-01	4.54e-02	4.19e-05	2.89e-07	0.00e+00	0.00e+00	0.00e+00	0.00e+00	0.00e+00	9.55e-01	1.40e-05	1.15e-05
 2.08293e+21	9.56e-01	4.37e-02	4.10e-05	2.71e-07	0.00e+00	0.00e+00	0.00e+00	0.00e+00	0.00e+00	9.56e-01	1.38e-05	1.13e-05
 2.14511e+21	9.58e-01	4.20e-02	4.02e-05	2.54e-07	0.00e+00	0.00e+00	0.00e+00	0.00e+00	0.00e+00	9.58e-01	1.35e-05	1.12e-05
 2.20813e+21	9.60e-01	4.04e-02	3.94e-05	2.38e-07	0.00e+00	0.00e+00	0.00e+00	0.00e+00	0.00e+00	9.60e-01	1.33e-05	1.10e-05
 2.27192e+21	9.61e-01	3.88e-02	3.86e-05	2.23e-07	0.00e+00	0.00e+00	0.00e+00	0.00e+00	0.00e+00	9.61e-01	1.30e-05	1.08e-05
 2.33622e+21	9.63e-01	3.72e-02	3.78e-05	2.09e-07	0.00e+00	0.00e+00	0.00e+00	0.00e+00	0.00e+00	9.63e-01	1.27e-05	1.07e-05
 2.40012e+21	9.64e-01	3.57e-02	3.71e-05	1.95e-07	0.00e+00	0.00e+00	0.00e+00	0.00e+00	0.00e+00	9.64e-01	1.24e-05	1.06e-05
 3.05203e+21	9.57e-01	4.25e-02	4.16e-05	2.96e-07	0.00e+00	0.00e+00	0.00e+00	0.00e+00	0.00e+00	9.57e-01	1.15e-05	1.18e-05
 3.16856e+21	9.59e-01	4.09e-02	4.03e-05	2.77e-07	0.00e+00	0.00e+00	0.00e+00	0.00e+00	0.00e+00	9.59e-01	1.14e-05	1.17e-05
 3.29175e+21	9.60e-01	3.95e-02	3.90e-05	2.59e-07	0.00e+00	0.00e+00	0.00e+00	0.00e+00	0.00e+00	9.60e-01	1.13e-05	1.16e-05
 3.42096e+21	9.62e-01	3.80e-02	3.77e-05	2.41e-07	0.00e+00	0.00e+00	0.00e+00	0.00e+00	0.00e+00	9.62e-01	1.12e-05	1.15e-05
 3.55399e+21	9.63e-01	3.66e-02	3.64e-05	2.25e-07	0.00e+00	0.00e+00	0.00e+00	0.00e+00	0.00e+00	9.63e-01	1.11e-05	1.14e-05
