#depth	N	N+	N+2	N+3	N+4	N+5	N+6	N+7
 5.97947e+17	7.59e-07	2.37e-03	2.58e-01	6.02e-01	1.19e-01	1.92e-02	3.27e-05	0.00e+00
 3.58768e+18	7.56e-07	2.36e-03	2.57e-01	6.02e-01	1.19e-01	1.92e-02	3.27e-05	0.00e+00
 1.55466e+19	7.51e-07	2.35e-03	2.58e-01	6.02e-01	1.19e-01	1.91e-02	3.24e-05	0.00e+00
 6.33824e+19	7.38e-07	2.32e-03	2.62e-01	6.01e-01	1.16e-01	1.86e-02	3.15e-05	0.00e+00
 1.51400e+20	6.85e-07	2.20e-03	2.64e-01	6.03e-01	1.14e-01	1.80e-02	3.03e-05	0.00e+00
 2.65823e+20	6.62e-07	2.15e-03	2.70e-01	6.02e-01	1.09e-01	1.71e-02	2.86e-05	0.00e+00
 4.14573e+20	6.62e-07	2.15e-03	2.81e-01	5.98e-01	1.03e-01	1.59e-02	2.64e-05	0.00e+00
 6.07949e+20	6.87e-07	2.23e-03	2.99e-01	5.90e-01	9.46e-02	1.42e-02	2.34e-05	0.00e+00
 8.59336e+20	7.62e-07	2.43e-03	3.28e-01	5.75e-01	8.29e-02	1.22e-02	1.98e-05	0.00e+00
 1.11033e+21	8.51e-07	2.66e-03	3.61e-01	5.55e-01	7.12e-02	1.03e-02	1.66e-05	0.00e+00
 1.29967e+21	9.64e-07	2.94e-03	3.90e-01	5.37e-01	6.19e-02	8.82e-03	1.42e-05	0.00e+00
 1.44112e+21	1.07e-06	3.20e-03	4.13e-01	5.21e-01	5.48e-02	7.78e-03	1.26e-05	0.00e+00
 1.56056e+21	1.20e-06	3.47e-03	4.33e-01	5.07e-01	4.88e-02	6.91e-03	1.11e-05	0.00e+00
 1.66810e+21	1.30e-06	3.72e-03	4.51e-01	4.95e-01	4.37e-02	6.20e-03	9.99e-06	0.00e+00
 1.76195e+21	1.41e-06	3.96e-03	4.67e-01	4.84e-01	3.94e-02	5.60e-03	9.02e-06	0.00e+00
 1.86481e+21	1.55e-06	4.26e-03	4.83e-01	4.73e-01	3.48e-02	4.97e-03	7.99e-06	0.00e+00
 1.97313e+21	1.67e-06	4.52e-03	4.99e-01	4.62e-01	3.04e-02	4.40e-03	7.05e-06	0.00e+00
 2.07181e+21	1.77e-06	4.76e-03	5.12e-01	4.52e-01	2.68e-02	3.92e-03	6.26e-06	0.00e+00
 2.16793e+21	1.85e-06	4.96e-03	5.24e-01	4.44e-01	2.36e-02	3.52e-03	5.58e-06	0.00e+00
 2.27745e+21	1.92e-06	5.17e-03	5.36e-01	4.36e-01	2.03e-02	3.11e-03	4.87e-06	0.00e+00
 2.39161e+21	1.96e-06	5.32e-03	5.47e-01	4.28e-01	1.74e-02	2.77e-03	4.27e-06	0.00e+00
 2.48823e+21	1.99e-06	5.44e-03	5.55e-01	4.22e-01	1.54e-02	2.53e-03	3.84e-06	0.00e+00
 2.59025e+21	2.01e-06	5.56e-03	5.63e-01	4.15e-01	1.35e-02	2.30e-03	3.43e-06	0.00e+00
 2.70402e+21	2.04e-06	5.68e-03	5.72e-01	4.09e-01	1.18e-02	2.10e-03	3.06e-06	0.00e+00
 2.81532e+21	2.07e-06	5.79e-03	5.79e-01	4.02e-01	1.04e-02	1.94e-03	2.76e-06	0.00e+00
 2.94227e+21	2.11e-06	5.94e-03	5.88e-01	3.95e-01	9.06e-03	1.78e-03	2.46e-06	0.00e+00
 3.10730e+21	2.20e-06	6.15e-03	5.98e-01	3.87e-01	7.73e-03	1.62e-03	2.15e-06	0.00e+00
 3.28950e+21	2.31e-06	6.38e-03	6.07e-01	3.78e-01	6.66e-03	1.48e-03	1.90e-06	0.00e+00
 3.48194e+21	2.46e-06	6.67e-03	6.17e-01	3.69e-01	5.79e-03	1.36e-03	1.67e-06	0.00e+00
 3.71489e+21	2.69e-06	7.05e-03	6.27e-01	3.59e-01	5.00e-03	1.24e-03	1.45e-06	0.00e+00
 4.00394e+21	3.03e-06	7.57e-03	6.40e-01	3.47e-01	4.29e-03	1.11e-03	1.24e-06	0.00e+00
 4.36343e+21	3.56e-06	8.30e-03	6.54e-01	3.33e-01	3.67e-03	9.83e-04	1.02e-06	0.00e+00
 4.79145e+21	4.38e-06	9.29e-03	6.69e-01	3.18e-01	3.14e-03	8.50e-04	8.18e-07	0.00e+00
 5.27059e+21	5.63e-06	1.06e-02	6.86e-01	3.00e-01	2.70e-03	7.19e-04	6.32e-07	0.00e+00
 5.75211e+21	7.42e-06	1.23e-02	7.03e-01	2.81e-01	2.36e-03	6.00e-04	4.77e-07	0.00e+00
 6.17239e+21	9.71e-06	1.42e-02	7.19e-01	2.64e-01	2.12e-03	5.02e-04	3.63e-07	0.00e+00
 6.52185e+21	1.25e-05	1.63e-02	7.33e-01	2.49e-01	1.94e-03	4.24e-04	2.79e-07	0.00e+00
 6.82558e+21	1.59e-05	1.85e-02	7.45e-01	2.34e-01	1.79e-03	3.58e-04	2.15e-07	0.00e+00
 7.10397e+21	2.04e-05	2.12e-02	7.57e-01	2.20e-01	1.65e-03	3.00e-04	1.64e-07	0.00e+00
 7.36234e+21	2.64e-05	2.45e-02	7.69e-01	2.05e-01	1.53e-03	2.48e-04	1.22e-07	0.00e+00
 7.57903e+21	3.35e-05	2.81e-02	7.79e-01	1.91e-01	1.42e-03	2.07e-04	0.00e+00	0.00e+00
 7.74631e+21	4.12e-05	3.15e-02	7.87e-01	1.80e-01	1.34e-03	1.77e-04	0.00e+00	0.00e+00
 7.89052e+21	5.00e-05	3.52e-02	7.94e-01	1.69e-01	1.26e-03	1.52e-04	0.00e+00	0.00e+00
 8.02919e+21	6.12e-05	3.96e-02	8.01e-01	1.59e-01	1.18e-03	1.29e-04	0.00e+00	0.00e+00
 8.16198e+21	7.54e-05	4.46e-02	8.06e-01	1.48e-01	1.11e-03	1.09e-04	0.00e+00	0.00e+00
 8.28262e+21	9.28e-05	5.04e-02	8.11e-01	1.37e-01	1.04e-03	9.16e-05	0.00e+00	0.00e+00
 8.39002e+21	1.13e-04	5.66e-02	8.14e-01	1.28e-01	9.74e-04	7.74e-05	0.00e+00	0.00e+00
 8.48759e+21	1.38e-04	6.35e-02	8.17e-01	1.19e-01	9.12e-04	6.53e-05	0.00e+00	0.00e+00
 8.57859e+21	1.68e-04	7.13e-02	8.18e-01	1.10e-01	8.53e-04	5.50e-05	0.00e+00	0.00e+00
 8.66383e+21	2.04e-04	8.00e-02	8.18e-01	1.01e-01	7.95e-04	4.60e-05	0.00e+00	0.00e+00
 8.73998e+21	2.46e-04	8.93e-02	8.16e-01	9.34e-02	7.42e-04	3.88e-05	0.00e+00	0.00e+00
 8.80636e+21	2.93e-04	9.90e-02	8.14e-01	8.64e-02	6.95e-04	3.30e-05	0.00e+00	0.00e+00
 8.86868e+21	3.48e-04	1.10e-01	8.10e-01	7.98e-02	6.49e-04	2.79e-05	0.00e+00	0.00e+00
 8.92981e+21	4.17e-04	1.22e-01	8.04e-01	7.31e-02	6.03e-04	2.34e-05	0.00e+00	0.00e+00
 8.98888e+21	5.01e-04	1.36e-01	7.96e-01	6.67e-02	5.57e-04	1.95e-05	0.00e+00	0.00e+00
 9.04450e+21	6.02e-04	1.51e-01	7.87e-01	6.06e-02	5.14e-04	1.62e-05	0.00e+00	0.00e+00
 9.09651e+21	7.21e-04	1.68e-01	7.76e-01	5.49e-02	4.72e-04	1.34e-05	0.00e+00	0.00e+00
 9.14575e+21	8.64e-04	1.86e-01	7.63e-01	4.95e-02	4.33e-04	1.10e-05	0.00e+00	0.00e+00
 9.19291e+21	1.04e-03	2.07e-01	7.48e-01	4.43e-02	3.94e-04	9.02e-06	0.00e+00	0.00e+00
 9.23804e+21	1.24e-03	2.29e-01	7.30e-01	3.95e-02	3.57e-04	7.31e-06	0.00e+00	0.00e+00
 9.28104e+21	1.49e-03	2.54e-01	7.09e-01	3.50e-02	3.22e-04	5.90e-06	0.00e+00	0.00e+00
 9.32207e+21	1.79e-03	2.81e-01	6.87e-01	3.08e-02	2.89e-04	4.72e-06	0.00e+00	0.00e+00
 9.36136e+21	2.13e-03	3.09e-01	6.61e-01	2.69e-02	2.57e-04	3.75e-06	0.00e+00	0.00e+00
 9.39922e+21	2.56e-03	3.41e-01	6.33e-01	2.32e-02	2.27e-04	2.94e-06	0.00e+00	0.00e+00
 9.43571e+21	3.07e-03	3.75e-01	6.02e-01	1.99e-02	1.99e-04	2.28e-06	0.00e+00	0.00e+00
 9.47058e+21	3.67e-03	4.10e-01	5.69e-01	1.69e-02	1.73e-04	1.76e-06	0.00e+00	0.00e+00
 9.50426e+21	4.38e-03	4.48e-01	5.33e-01	1.42e-02	1.49e-04	1.33e-06	0.00e+00	0.00e+00
 9.53706e+21	5.23e-03	4.87e-01	4.95e-01	1.18e-02	1.27e-04	9.96e-07	0.00e+00	0.00e+00
 9.56896e+21	6.25e-03	5.29e-01	4.55e-01	9.62e-03	1.06e-04	7.31e-07	0.00e+00	0.00e+00
 9.59998e+21	7.46e-03	5.71e-01	4.14e-01	7.73e-03	8.78e-05	5.27e-07	0.00e+00	0.00e+00
 9.63024e+21	8.91e-03	6.13e-01	3.72e-01	6.10e-03	7.14e-05	3.72e-07	0.00e+00	0.00e+00
 9.65979e+21	1.06e-02	6.56e-01	3.29e-01	4.73e-03	5.72e-05	2.57e-07	0.00e+00	0.00e+00
 9.68553e+21	1.24e-02	6.91e-01	2.93e-01	3.74e-03	4.66e-05	1.84e-07	0.00e+00	0.00e+00
 9.70637e+21	1.41e-02	7.20e-01	2.63e-01	3.03e-03	3.87e-05	1.36e-07	0.00e+00	0.00e+00
 9.72568e+21	1.59e-02	7.46e-01	2.35e-01	2.46e-03	3.22e-05	0.00e+00	0.00e+00	0.00e+00
 9.74787e+21	1.83e-02	7.75e-01	2.05e-01	1.89e-03	2.56e-05	0.00e+00	0.00e+00	0.00e+00
 9.77092e+21	2.12e-02	8.02e-01	1.75e-01	1.43e-03	1.99e-05	0.00e+00	0.00e+00	0.00e+00
 9.78955e+21	2.39e-02	8.23e-01	1.52e-01	1.12e-03	1.61e-05	0.00e+00	0.00e+00	0.00e+00
 9.80535e+21	2.66e-02	8.38e-01	1.34e-01	9.00e-04	1.32e-05	0.00e+00	0.00e+00	0.00e+00
 9.82302e+21	3.01e-02	8.54e-01	1.15e-01	6.92e-04	1.04e-05	0.00e+00	0.00e+00	0.00e+00
 9.84188e+21	3.43e-02	8.69e-01	9.65e-02	5.21e-04	8.02e-06	0.00e+00	0.00e+00	0.00e+00
 9.85809e+21	3.84e-02	8.79e-01	8.24e-02	4.05e-04	6.35e-06	0.00e+00	0.00e+00	0.00e+00
 9.87251e+21	4.28e-02	8.86e-01	7.07e-02	3.20e-04	5.07e-06	0.00e+00	0.00e+00	0.00e+00
 9.88880e+21	4.85e-02	8.93e-01	5.87e-02	2.43e-04	3.88e-06	0.00e+00	0.00e+00	0.00e+00
 9.90617e+21	5.53e-02	8.97e-01	4.79e-02	1.82e-04	2.92e-06	0.00e+00	0.00e+00	0.00e+00
 9.92125e+21	6.24e-02	8.98e-01	3.98e-02	1.42e-04	2.24e-06	0.00e+00	0.00e+00	0.00e+00
 9.93486e+21	6.98e-02	8.97e-01	3.32e-02	1.13e-04	1.75e-06	0.00e+00	0.00e+00	0.00e+00
 9.95023e+21	7.99e-02	8.93e-01	2.66e-02	8.73e-05	1.29e-06	0.00e+00	0.00e+00	0.00e+00
 9.96683e+21	9.23e-02	8.87e-01	2.09e-02	6.74e-05	9.33e-07	0.00e+00	0.00e+00	0.00e+00
 9.98160e+21	1.05e-01	8.78e-01	1.67e-02	5.43e-05	6.90e-07	0.00e+00	0.00e+00	0.00e+00
 9.99624e+21	1.21e-01	8.66e-01	1.31e-02	4.42e-05	5.02e-07	0.00e+00	0.00e+00	0.00e+00
 1.00116e+22	1.40e-01	8.50e-01	1.01e-02	3.64e-05	3.59e-07	0.00e+00	0.00e+00	0.00e+00
 1.00257e+22	1.60e-01	8.32e-01	7.83e-03	3.09e-05	2.60e-07	0.00e+00	0.00e+00	0.00e+00
 1.00380e+22	1.81e-01	8.13e-01	6.22e-03	2.70e-05	1.95e-07	0.00e+00	0.00e+00	0.00e+00
 1.00491e+22	2.01e-01	7.94e-01	5.02e-03	2.42e-05	1.50e-07	0.00e+00	0.00e+00	0.00e+00
 1.00593e+22	2.22e-01	7.73e-01	4.09e-03	2.19e-05	0.00e+00	0.00e+00	0.00e+00	0.00e+00
 1.00689e+22	2.44e-01	7.52e-01	3.36e-03	2.00e-05	0.00e+00	0.00e+00	0.00e+00	0.00e+00
 1.00780e+22	2.67e-01	7.31e-01	2.77e-03	1.84e-05	0.00e+00	0.00e+00	0.00e+00	0.00e+00
 1.00851e+22	2.84e-01	7.13e-01	2.39e-03	1.73e-05	0.00e+00	0.00e+00	0.00e+00	0.00e+00
 1.00897e+22	2.97e-01	7.01e-01	2.16e-03	1.66e-05	0.00e+00	0.00e+00	0.00e+00	0.00e+00
 1.00940e+22	3.09e-01	6.89e-01	1.96e-03	1.60e-05	0.00e+00	0.00e+00	0.00e+00	0.00e+00
 1.00990e+22	3.24e-01	6.74e-01	1.75e-03	1.53e-05	0.00e+00	0.00e+00	0.00e+00	0.00e+00
 1.01043e+22	3.40e-01	6.58e-01	1.55e-03	1.46e-05	0.00e+00	0.00e+00	0.00e+00	0.00e+00
 1.01095e+22	3.57e-01	6.42e-01	1.37e-03	1.39e-05	0.00e+00	0.00e+00	0.00e+00	0.00e+00
 1.01144e+22	3.72e-01	6.27e-01	1.22e-03	1.33e-05	0.00e+00	0.00e+00	0.00e+00	0.00e+00
 1.01193e+22	3.89e-01	6.10e-01	1.09e-03	1.27e-05	0.00e+00	0.00e+00	0.00e+00	0.00e+00
 1.01242e+22	4.05e-01	5.94e-01	9.68e-04	1.22e-05	0.00e+00	0.00e+00	0.00e+00	0.00e+00
 1.01290e+22	4.22e-01	5.77e-01	8.60e-04	1.16e-05	0.00e+00	0.00e+00	0.00e+00	0.00e+00
 1.01339e+22	4.39e-01	5.61e-01	7.65e-04	1.11e-05	0.00e+00	0.00e+00	0.00e+00	0.00e+00
 1.01387e+22	4.56e-01	5.43e-01	6.78e-04	1.06e-05	0.00e+00	0.00e+00	0.00e+00	0.00e+00
 1.01436e+22	4.73e-01	5.26e-01	6.03e-04	1.01e-05	0.00e+00	0.00e+00	0.00e+00	0.00e+00
 1.01483e+22	4.90e-01	5.09e-01	5.36e-04	9.65e-06	0.00e+00	0.00e+00	0.00e+00	0.00e+00
 1.01530e+22	5.07e-01	4.92e-01	4.78e-04	9.21e-06	0.00e+00	0.00e+00	0.00e+00	0.00e+00
 1.01577e+22	5.24e-01	4.75e-01	4.26e-04	8.78e-06	0.00e+00	0.00e+00	0.00e+00	0.00e+00
 1.01625e+22	5.41e-01	4.58e-01	3.79e-04	8.36e-06	0.00e+00	0.00e+00	0.00e+00	0.00e+00
 1.01672e+22	5.58e-01	4.41e-01	3.39e-04	7.97e-06	0.00e+00	0.00e+00	0.00e+00	0.00e+00
 1.01718e+22	5.74e-01	4.25e-01	3.04e-04	7.59e-06	0.00e+00	0.00e+00	0.00e+00	0.00e+00
 1.01765e+22	5.91e-01	4.09e-01	2.72e-04	7.23e-06	0.00e+00	0.00e+00	0.00e+00	0.00e+00
 1.01811e+22	6.07e-01	3.93e-01	2.45e-04	6.88e-06	0.00e+00	0.00e+00	0.00e+00	0.00e+00
 1.01859e+22	6.23e-01	3.77e-01	2.21e-04	6.54e-06	0.00e+00	0.00e+00	0.00e+00	0.00e+00
 1.01905e+22	6.38e-01	3.62e-01	2.00e-04	6.22e-06	0.00e+00	0.00e+00	0.00e+00	0.00e+00
 1.01952e+22	6.53e-01	3.47e-01	1.82e-04	5.92e-06	0.00e+00	0.00e+00	0.00e+00	0.00e+00
 1.01999e+22	6.67e-01	3.33e-01	1.66e-04	5.63e-06	0.00e+00	0.00e+00	0.00e+00	0.00e+00
 1.02046e+22	6.81e-01	3.19e-01	1.52e-04	5.36e-06	0.00e+00	0.00e+00	0.00e+00	0.00e+00
 1.02092e+22	6.94e-01	3.06e-01	1.40e-04	5.11e-06	0.00e+00	0.00e+00	0.00e+00	0.00e+00
 1.02138e+22	7.07e-01	2.93e-01	1.29e-04	4.87e-06	0.00e+00	0.00e+00	0.00e+00	0.00e+00
 1.02183e+22	7.18e-01	2.82e-01	1.21e-04	4.64e-06	0.00e+00	0.00e+00	0.00e+00	0.00e+00
 1.02229e+22	7.30e-01	2.70e-01	1.13e-04	4.43e-06	0.00e+00	0.00e+00	0.00e+00	0.00e+00
 1.02274e+22	7.40e-01	2.60e-01	1.06e-04	4.24e-06	0.00e+00	0.00e+00	0.00e+00	0.00e+00
 1.02319e+22	7.50e-01	2.50e-01	1.00e-04	4.06e-06	0.00e+00	0.00e+00	0.00e+00	0.00e+00
 1.02365e+22	7.59e-01	2.40e-01	9.54e-05	3.89e-06	0.00e+00	0.00e+00	0.00e+00	0.00e+00
 1.02411e+22	7.68e-01	2.31e-01	9.09e-05	3.73e-06	0.00e+00	0.00e+00	0.00e+00	0.00e+00
 1.02458e+22	7.77e-01	2.23e-01	8.70e-05	3.58e-06	0.00e+00	0.00e+00	0.00e+00	0.00e+00
 1.02505e+22	7.85e-01	2.15e-01	8.36e-05	3.44e-06	0.00e+00	0.00e+00	0.00e+00	0.00e+00
 1.02554e+22	7.92e-01	2.08e-01	8.06e-05	3.31e-06	0.00e+00	0.00e+00	0.00e+00	0.00e+00
 1.02604e+22	7.99e-01	2.01e-01	7.80e-05	3.19e-06	0.00e+00	0.00e+00	0.00e+00	0.00e+00
 1.02655e+22	8.06e-01	1.94e-01	7.57e-05	3.07e-06	0.00e+00	0.00e+00	0.00e+00	0.00e+00
 1.02709e+22	8.12e-01	1.88e-01	7.36e-05	2.97e-06	0.00e+00	0.00e+00	0.00e+00	0.00e+00
 1.02766e+22	8.18e-01	1.82e-01	7.18e-05	2.87e-06	0.00e+00	0.00e+00	0.00e+00	0.00e+00
 1.02826e+22	8.23e-01	1.77e-01	7.02e-05	2.78e-06	0.00e+00	0.00e+00	0.00e+00	0.00e+00
 1.02891e+22	8.28e-01	1.72e-01	6.87e-05	2.70e-06	0.00e+00	0.00e+00	0.00e+00	0.00e+00
 1.02961e+22	8.33e-01	1.67e-01	6.75e-05	2.62e-06	0.00e+00	0.00e+00	0.00e+00	0.00e+00
 1.03040e+22	8.37e-01	1.63e-01	6.63e-05	2.55e-06	0.00e+00	0.00e+00	0.00e+00	0.00e+00
 1.03129e+22	8.41e-01	1.59e-01	6.53e-05	2.48e-06	0.00e+00	0.00e+00	0.00e+00	0.00e+00
 1.03233e+22	8.44e-01	1.56e-01	6.44e-05	2.42e-06	0.00e+00	0.00e+00	0.00e+00	0.00e+00
 1.03347e+22	8.47e-01	1.53e-01	6.37e-05	2.37e-06	0.00e+00	0.00e+00	0.00e+00	0.00e+00
 1.03460e+22	8.49e-01	1.51e-01	6.32e-05	2.34e-06	0.00e+00	0.00e+00	0.00e+00	0.00e+00
 1.03572e+22	8.51e-01	1.49e-01	6.28e-05	2.31e-06	0.00e+00	0.00e+00	0.00e+00	0.00e+00
 1.03684e+22	8.52e-01	1.48e-01	6.25e-05	2.29e-06	0.00e+00	0.00e+00	0.00e+00	0.00e+00
 1.03795e+22	8.53e-01	1.47e-01	6.23e-05	2.28e-06	0.00e+00	0.00e+00	0.00e+00	0.00e+00
 1.03906e+22	8.54e-01	1.46e-01	6.21e-05	2.26e-06	0.00e+00	0.00e+00	0.00e+00	0.00e+00
 1.04017e+22	8.54e-01	1.46e-01	6.20e-05	2.26e-06	0.00e+00	0.00e+00	0.00e+00	0.00e+00
 1.04128e+22	8.54e-01	1.46e-01	6.18e-05	2.24e-06	0.00e+00	0.00e+00	0.00e+00	0.00e+00
 1.04238e+22	8.55e-01	1.45e-01	6.17e-05	2.24e-06	0.00e+00	0.00e+00	0.00e+00	0.00e+00
 1.04365e+22	8.55e-01	1.45e-01	6.16e-05	2.23e-06	0.00e+00	0.00e+00	0.00e+00	0.00e+00
 1.04530e+22	8.55e-01	1.45e-01	6.15e-05	2.22e-06	0.00e+00	0.00e+00	0.00e+00	0.00e+00
 1.04745e+22	8.56e-01	1.44e-01	6.13e-05	2.21e-06	0.00e+00	0.00e+00	0.00e+00	0.00e+00
 1.05024e+22	8.56e-01	1.44e-01	6.11e-05	2.20e-06	0.00e+00	0.00e+00	0.00e+00	0.00e+00
 1.05387e+22	8.57e-01	1.43e-01	6.08e-05	2.18e-06	0.00e+00	0.00e+00	0.00e+00	0.00e+00
 1.05859e+22	8.57e-01	1.43e-01	6.05e-05	2.17e-06	0.00e+00	0.00e+00	0.00e+00	0.00e+00
 1.06472e+22	8.58e-01	1.42e-01	6.01e-05	2.15e-06	0.00e+00	0.00e+00	0.00e+00	0.00e+00
 1.07269e+22	8.59e-01	1.41e-01	5.95e-05	2.12e-06	0.00e+00	0.00e+00	0.00e+00	0.00e+00
 1.08305e+22	8.60e-01	1.40e-01	5.89e-05	2.08e-06	0.00e+00	0.00e+00	0.00e+00	0.00e+00
 1.09652e+22	8.62e-01	1.38e-01	5.80e-05	2.03e-06	0.00e+00	0.00e+00	0.00e+00	0.00e+00
 1.11404e+22	8.64e-01	1.36e-01	5.69e-05	1.98e-06	0.00e+00	0.00e+00	0.00e+00	0.00e+00
 1.13680e+22	8.66e-01	1.34e-01	5.55e-05	1.90e-06	0.00e+00	0.00e+00	0.00e+00	0.00e+00
 1.16640e+22	8.69e-01	1.31e-01	5.38e-05	1.82e-06	0.00e+00	0.00e+00	0.00e+00	0.00e+00
 1.20487e+22	8.72e-01	1.28e-01	5.18e-05	1.72e-06	0.00e+00	0.00e+00	0.00e+00	0.00e+00
 1.25489e+22	8.76e-01	1.24e-01	4.93e-05	1.59e-06	0.00e+00	0.00e+00	0.00e+00	0.00e+00
 1.31991e+22	8.81e-01	1.19e-01	4.63e-05	1.46e-06	0.00e+00	0.00e+00	0.00e+00	0.00e+00
 1.40444e+22	8.86e-01	1.14e-01	4.28e-05	1.30e-06	0.00e+00	0.00e+00	0.00e+00	0.00e+00
 1.51205e+22	8.92e-01	1.08e-01	3.89e-05	1.14e-06	0.00e+00	0.00e+00	0.00e+00	0.00e+00
 1.64456e+22	8.97e-01	1.03e-01	3.47e-05	9.78e-07	0.00e+00	0.00e+00	0.00e+00	0.00e+00
 1.78565e+22	9.02e-01	9.83e-02	3.10e-05	8.41e-07	0.00e+00	0.00e+00	0.00e+00	0.00e+00
 1.91566e+22	9.05e-01	9.48e-02	2.80e-05	7.39e-07	0.00e+00	0.00e+00	0.00e+00	0.00e+00
 2.03266e+22	9.08e-01	9.20e-02	2.56e-05	6.61e-07	0.00e+00	0.00e+00	0.00e+00	0.00e+00
 2.13796e+22	9.10e-01	8.99e-02	2.37e-05	6.00e-07	0.00e+00	0.00e+00	0.00e+00	0.00e+00
 2.23273e+22	9.12e-01	8.81e-02	2.21e-05	5.51e-07	0.00e+00	0.00e+00	0.00e+00	0.00e+00
 2.31803e+22	9.13e-01	8.67e-02	2.08e-05	5.12e-07	0.00e+00	0.00e+00	0.00e+00	0.00e+00
 2.39479e+22	9.15e-01	8.53e-02	1.97e-05	4.79e-07	0.00e+00	0.00e+00	0.00e+00	0.00e+00
 2.46388e+22	9.16e-01	8.44e-02	1.88e-05	4.53e-07	0.00e+00	0.00e+00	0.00e+00	0.00e+00
 2.52606e+22	9.17e-01	8.35e-02	1.80e-05	4.30e-07	0.00e+00	0.00e+00	0.00e+00	0.00e+00
 2.58202e+22	9.17e-01	8.28e-02	1.73e-05	4.11e-07	0.00e+00	0.00e+00	0.00e+00	0.00e+00
 2.63239e+22	9.18e-01	8.21e-02	1.68e-05	3.95e-07	0.00e+00	0.00e+00	0.00e+00	0.00e+00
 2.67772e+22	9.18e-01	8.16e-02	1.63e-05	3.81e-07	0.00e+00	0.00e+00	0.00e+00	0.00e+00
 2.71851e+22	9.19e-01	8.10e-02	1.58e-05	3.69e-07	0.00e+00	0.00e+00	0.00e+00	0.00e+00
 2.75523e+22	9.19e-01	8.06e-02	1.54e-05	3.58e-07	0.00e+00	0.00e+00	0.00e+00	0.00e+00
 2.78827e+22	9.20e-01	8.02e-02	1.51e-05	3.49e-07	0.00e+00	0.00e+00	0.00e+00	0.00e+00
 2.81935e+22	9.20e-01	7.99e-02	1.48e-05	3.41e-07	0.00e+00	0.00e+00	0.00e+00	0.00e+00
 2.85021e+22	9.20e-01	7.95e-02	1.45e-05	3.33e-07	0.00e+00	0.00e+00	0.00e+00	0.00e+00
 2.88107e+22	9.21e-01	7.92e-02	1.42e-05	3.25e-07	0.00e+00	0.00e+00	0.00e+00	0.00e+00
 2.91193e+22	9.21e-01	7.88e-02	1.39e-05	3.17e-07	0.00e+00	0.00e+00	0.00e+00	0.00e+00
 2.94278e+22	9.22e-01	7.85e-02	1.37e-05	3.10e-07	0.00e+00	0.00e+00	0.00e+00	0.00e+00
 2.97364e+22	9.22e-01	7.81e-02	1.34e-05	3.03e-07	0.00e+00	0.00e+00	0.00e+00	0.00e+00
 3.00450e+22	9.22e-01	7.78e-02	1.31e-05	2.96e-07	0.00e+00	0.00e+00	0.00e+00	0.00e+00
 3.03535e+22	9.23e-01	7.74e-02	1.29e-05	2.89e-07	0.00e+00	0.00e+00	0.00e+00	0.00e+00
 3.06621e+22	9.23e-01	7.70e-02	1.26e-05	2.82e-07	0.00e+00	0.00e+00	0.00e+00	0.00e+00
 3.08366e+22	9.23e-01	7.68e-02	1.25e-05	2.78e-07	0.00e+00	0.00e+00	0.00e+00	0.00e+00
