#depth	He	He+	He+2
 4.92571e+14	6.76e-02	8.13e-01	1.20e-01
 2.95543e+15	6.72e-02	8.12e-01	1.20e-01
 1.28068e+16	6.72e-02	8.12e-01	1.20e-01
 5.22125e+16	6.73e-02	8.13e-01	1.20e-01
 1.24719e+17	6.71e-02	8.13e-01	1.20e-01
 2.18977e+17	6.75e-02	8.14e-01	1.19e-01
 3.41513e+17	6.83e-02	8.14e-01	1.18e-01
 5.00810e+17	6.95e-02	8.15e-01	1.16e-01
 6.95395e+17	7.13e-02	8.15e-01	1.13e-01
 9.15059e+17	7.37e-02	8.16e-01	1.11e-01
 1.17036e+18	7.73e-02	8.16e-01	1.07e-01
 1.45465e+18	8.22e-02	8.15e-01	1.03e-01
 1.71959e+18	8.78e-02	8.14e-01	9.87e-02
 1.95984e+18	9.39e-02	8.11e-01	9.54e-02
 2.17267e+18	1.00e-01	8.07e-01	9.26e-02
 2.34578e+18	1.06e-01	8.03e-01	9.04e-02
 2.52908e+18	1.14e-01	7.99e-01	8.79e-02
 2.73594e+18	1.23e-01	7.92e-01	8.54e-02
 2.92406e+18	1.32e-01	7.85e-01	8.34e-02
 3.07693e+18	1.40e-01	7.78e-01	8.20e-02
 3.20788e+18	1.48e-01	7.71e-01	8.07e-02
 3.33367e+18	1.56e-01	7.64e-01	7.94e-02
 3.46267e+18	1.65e-01	7.57e-01	7.82e-02
 3.58983e+18	1.74e-01	7.49e-01	7.69e-02
 3.71004e+18	1.83e-01	7.41e-01	7.58e-02
 3.82819e+18	1.93e-01	7.33e-01	7.45e-02
 3.94905e+18	2.03e-01	7.24e-01	7.34e-02
 4.07029e+18	2.13e-01	7.15e-01	7.20e-02
 4.16675e+18	2.21e-01	7.08e-01	7.11e-02
 4.23559e+18	2.28e-01	7.02e-01	7.03e-02
 4.30492e+18	2.34e-01	6.96e-01	6.95e-02
 4.38618e+18	2.42e-01	6.89e-01	6.86e-02
 4.47450e+18	2.51e-01	6.82e-01	6.74e-02
 4.56254e+18	2.59e-01	6.74e-01	6.65e-02
 4.65154e+18	2.68e-01	6.66e-01	6.53e-02
 4.74344e+18	2.78e-01	6.58e-01	6.43e-02
 4.83894e+18	2.88e-01	6.49e-01	6.30e-02
 4.93745e+18	2.98e-01	6.40e-01	6.19e-02
 5.03876e+18	3.09e-01	6.31e-01	6.06e-02
 5.14371e+18	3.20e-01	6.21e-01	5.93e-02
 5.25257e+18	3.32e-01	6.10e-01	5.80e-02
 5.36549e+18	3.44e-01	6.00e-01	5.65e-02
 5.48016e+18	3.56e-01	5.89e-01	5.51e-02
 5.59810e+18	3.69e-01	5.77e-01	5.37e-02
 5.72188e+18	3.83e-01	5.65e-01	5.22e-02
 5.84945e+18	3.96e-01	5.53e-01	5.07e-02
 5.98110e+18	4.11e-01	5.40e-01	4.91e-02
 6.11756e+18	4.25e-01	5.28e-01	4.76e-02
 6.25980e+18	4.40e-01	5.14e-01	4.59e-02
 6.40678e+18	4.55e-01	5.01e-01	4.44e-02
 6.55876e+18	4.70e-01	4.87e-01	4.27e-02
 6.71937e+18	4.86e-01	4.73e-01	4.11e-02
 6.88768e+18	5.02e-01	4.58e-01	3.94e-02
 7.06181e+18	5.18e-01	4.44e-01	3.77e-02
 7.24174e+18	5.34e-01	4.30e-01	3.61e-02
 7.43023e+18	5.50e-01	4.16e-01	3.44e-02
 7.62743e+18	5.66e-01	4.01e-01	3.27e-02
 7.83505e+18	5.82e-01	3.87e-01	3.11e-02
 8.05338e+18	5.98e-01	3.73e-01	2.95e-02
 8.28402e+18	6.13e-01	3.59e-01	2.79e-02
 8.52889e+18	6.28e-01	3.46e-01	2.63e-02
 8.78841e+18	6.43e-01	3.32e-01	2.47e-02
 9.06845e+18	6.57e-01	3.19e-01	2.32e-02
 9.37258e+18	6.72e-01	3.07e-01	2.16e-02
 9.70065e+18	6.86e-01	2.94e-01	2.01e-02
 1.00556e+19	6.99e-01	2.82e-01	1.87e-02
 1.04425e+19	7.13e-01	2.70e-01	1.73e-02
 1.08648e+19	7.26e-01	2.59e-01	1.59e-02
 1.13253e+19	7.38e-01	2.47e-01	1.46e-02
 1.18264e+19	7.50e-01	2.37e-01	1.34e-02
 1.23698e+19	7.62e-01	2.26e-01	1.22e-02
 1.29561e+19	7.73e-01	2.16e-01	1.11e-02
 1.35854e+19	7.84e-01	2.06e-01	1.01e-02
 1.42571e+19	7.94e-01	1.97e-01	9.13e-03
 1.49700e+19	8.04e-01	1.88e-01	8.27e-03
 1.57229e+19	8.13e-01	1.79e-01	7.48e-03
 1.65148e+19	8.22e-01	1.71e-01	6.77e-03
 1.73460e+19	8.31e-01	1.63e-01	6.13e-03
 1.82128e+19	8.39e-01	1.56e-01	5.55e-03
 1.91149e+19	8.47e-01	1.48e-01	5.03e-03
 2.00560e+19	8.54e-01	1.42e-01	4.55e-03
 2.10350e+19	8.61e-01	1.35e-01	4.12e-03
 2.20496e+19	8.67e-01	1.29e-01	3.74e-03
 2.30993e+19	8.74e-01	1.23e-01	3.39e-03
 2.41840e+19	8.80e-01	1.17e-01	3.08e-03
 2.53032e+19	8.85e-01	1.12e-01	2.79e-03
 2.64578e+19	8.90e-01	1.07e-01	2.54e-03
 2.76492e+19	8.96e-01	1.02e-01	2.31e-03
 2.88776e+19	9.00e-01	9.76e-02	2.10e-03
 3.01421e+19	9.05e-01	9.33e-02	1.91e-03
 3.14437e+19	9.09e-01	8.92e-02	1.74e-03
 3.27845e+19	9.13e-01	8.52e-02	1.58e-03
 3.41725e+19	9.17e-01	8.15e-02	1.44e-03
 3.56024e+19	9.21e-01	7.79e-02	1.31e-03
 3.70630e+19	9.24e-01	7.45e-02	1.20e-03
 3.85599e+19	9.28e-01	7.12e-02	1.09e-03
 4.00721e+19	9.31e-01	6.82e-02	9.95e-04
 4.15542e+19	9.34e-01	6.54e-02	9.12e-04
 4.29848e+19	9.36e-01	6.29e-02	8.41e-04
 4.43696e+19	9.39e-01	6.06e-02	7.78e-04
 4.57150e+19	9.41e-01	5.85e-02	7.23e-04
 4.70181e+19	9.43e-01	5.66e-02	6.73e-04
 4.82687e+19	9.45e-01	5.48e-02	6.30e-04
 4.94570e+19	9.46e-01	5.32e-02	5.91e-04
 5.05803e+19	9.48e-01	5.17e-02	5.57e-04
 5.16399e+19	9.49e-01	5.04e-02	5.26e-04
 5.26336e+19	9.50e-01	4.91e-02	4.99e-04
