#depth	He	He+	He+2
 2.29901e+16	4.57e-05	5.74e-02	9.43e-01
 1.37941e+17	4.57e-05	5.74e-02	9.43e-01
 5.97743e+17	4.58e-05	5.77e-02	9.42e-01
 2.43695e+18	4.67e-05	5.90e-02	9.41e-01
 5.82109e+18	4.71e-05	5.96e-02	9.40e-01
 9.55289e+18	4.83e-05	6.08e-02	9.39e-01
 1.32415e+19	5.07e-05	6.32e-02	9.37e-01
 1.75415e+19	5.49e-05	6.73e-02	9.33e-01
 2.31315e+19	6.21e-05	7.40e-02	9.26e-01
 3.03985e+19	7.40e-05	8.54e-02	9.15e-01
 3.75523e+19	8.82e-05	9.96e-02	9.00e-01
 4.26071e+19	1.02e-04	1.13e-01	8.87e-01
 4.61773e+19	1.13e-04	1.25e-01	8.75e-01
 4.97693e+19	1.29e-04	1.39e-01	8.60e-01
 5.35509e+19	1.47e-04	1.57e-01	8.43e-01
 5.67692e+19	1.66e-04	1.75e-01	8.25e-01
 5.96159e+19	1.86e-04	1.94e-01	8.06e-01
 6.27892e+19	2.14e-04	2.19e-01	7.81e-01
 6.60533e+19	2.45e-04	2.47e-01	7.52e-01
 6.86436e+19	2.75e-04	2.74e-01	7.26e-01
 7.12191e+19	3.11e-04	3.03e-01	6.96e-01
 7.39916e+19	3.52e-04	3.38e-01	6.62e-01
 7.64489e+19	3.94e-04	3.71e-01	6.28e-01
 7.86958e+19	4.36e-04	4.04e-01	5.96e-01
 8.12402e+19	4.91e-04	4.43e-01	5.56e-01
 8.39309e+19	5.51e-04	4.85e-01	5.15e-01
 8.62453e+19	6.07e-04	5.21e-01	4.79e-01
 8.83611e+19	6.61e-04	5.54e-01	4.46e-01
 9.07853e+19	7.29e-04	5.91e-01	4.08e-01
 9.33988e+19	8.02e-04	6.29e-01	3.71e-01
 9.57615e+19	8.71e-04	6.61e-01	3.39e-01
 9.83359e+19	9.52e-04	6.94e-01	3.05e-01
 1.01183e+20	1.04e-03	7.26e-01	2.73e-01
 1.03901e+20	1.13e-03	7.54e-01	2.45e-01
 1.06951e+20	1.23e-03	7.82e-01	2.16e-01
 1.10351e+20	1.35e-03	8.09e-01	1.90e-01
 1.12938e+20	1.43e-03	8.25e-01	1.73e-01
 1.14591e+20	1.49e-03	8.35e-01	1.63e-01
 1.16294e+20	1.55e-03	8.45e-01	1.53e-01
 1.18507e+20	1.64e-03	8.57e-01	1.41e-01
 1.20845e+20	1.73e-03	8.68e-01	1.30e-01
 1.22879e+20	1.81e-03	8.76e-01	1.22e-01
 1.24747e+20	1.89e-03	8.84e-01	1.15e-01
 1.26868e+20	2.00e-03	8.91e-01	1.07e-01
 1.29161e+20	2.10e-03	8.98e-01	9.95e-02
 1.31171e+20	2.20e-03	9.04e-01	9.38e-02
 1.32982e+20	2.30e-03	9.09e-01	8.88e-02
 1.35039e+20	2.42e-03	9.14e-01	8.36e-02
 1.37235e+20	2.56e-03	9.19e-01	7.87e-02
 1.39147e+20	2.68e-03	9.23e-01	7.48e-02
 1.40882e+20	2.81e-03	9.26e-01	7.14e-02
 1.42852e+20	2.96e-03	9.29e-01	6.78e-02
 1.44953e+20	3.15e-03	9.33e-01	6.43e-02
 1.46773e+20	3.32e-03	9.35e-01	6.15e-02
 1.48428e+20	3.49e-03	9.37e-01	5.92e-02
 1.50322e+20	3.71e-03	9.40e-01	5.63e-02
 1.52347e+20	3.96e-03	9.42e-01	5.39e-02
 1.54087e+20	4.21e-03	9.44e-01	5.18e-02
 1.55631e+20	4.46e-03	9.45e-01	5.02e-02
 1.57374e+20	4.78e-03	9.47e-01	4.82e-02
 1.59221e+20	5.14e-03	9.48e-01	4.65e-02
 1.60795e+20	5.50e-03	9.49e-01	4.50e-02
 1.62178e+20	5.86e-03	9.50e-01	4.37e-02
 1.63725e+20	6.32e-03	9.51e-01	4.24e-02
 1.65357e+20	6.86e-03	9.52e-01	4.11e-02
 1.66724e+20	7.39e-03	9.53e-01	4.00e-02
 1.67911e+20	7.91e-03	9.53e-01	3.91e-02
 1.69234e+20	8.60e-03	9.53e-01	3.81e-02
 1.70640e+20	9.41e-03	9.53e-01	3.72e-02
 1.71844e+20	1.02e-02	9.53e-01	3.64e-02
 1.72899e+20	1.11e-02	9.53e-01	3.57e-02
 1.74070e+20	1.22e-02	9.53e-01	3.49e-02
 1.75316e+20	1.35e-02	9.52e-01	3.42e-02
 1.76388e+20	1.49e-02	9.51e-01	3.36e-02
 1.77258e+20	1.62e-02	9.51e-01	3.32e-02
 1.77999e+20	1.75e-02	9.50e-01	3.28e-02
 1.78825e+20	1.92e-02	9.48e-01	3.23e-02
 1.79694e+20	2.13e-02	9.47e-01	3.18e-02
 1.80415e+20	2.33e-02	9.45e-01	3.15e-02
 1.81035e+20	2.52e-02	9.44e-01	3.12e-02
 1.81724e+20	2.78e-02	9.41e-01	3.09e-02
 1.82469e+20	3.09e-02	9.38e-01	3.07e-02
 1.83114e+20	3.41e-02	9.35e-01	3.05e-02
 1.83677e+20	3.75e-02	9.32e-01	3.03e-02
 1.84303e+20	4.18e-02	9.28e-01	3.02e-02
 1.84989e+20	4.71e-02	9.23e-01	3.01e-02
 1.85610e+20	5.30e-02	9.17e-01	3.01e-02
 1.86181e+20	5.95e-02	9.10e-01	3.01e-02
 1.86738e+20	6.68e-02	9.03e-01	3.02e-02
 1.87282e+20	7.52e-02	8.94e-01	3.03e-02
 1.87805e+20	8.42e-02	8.85e-01	3.07e-02
 1.88308e+20	9.48e-02	8.74e-01	3.09e-02
 1.88793e+20	1.06e-01	8.62e-01	3.13e-02
 1.89238e+20	1.19e-01	8.50e-01	3.16e-02
 1.89650e+20	1.31e-01	8.37e-01	3.21e-02
 1.90024e+20	1.44e-01	8.23e-01	3.24e-02
 1.90366e+20	1.57e-01	8.10e-01	3.28e-02
 1.90689e+20	1.71e-01	7.96e-01	3.32e-02
 1.90995e+20	1.85e-01	7.82e-01	3.35e-02
 1.91238e+20	1.96e-01	7.70e-01	3.38e-02
 1.91405e+20	2.05e-01	7.61e-01	3.40e-02
 1.91565e+20	2.14e-01	7.52e-01	3.41e-02
 1.91748e+20	2.24e-01	7.41e-01	3.43e-02
 1.91946e+20	2.36e-01	7.29e-01	3.45e-02
 1.92142e+20	2.48e-01	7.17e-01	3.46e-02
 1.92333e+20	2.61e-01	7.04e-01	3.48e-02
 1.92528e+20	2.74e-01	6.91e-01	3.49e-02
 1.92726e+20	2.88e-01	6.77e-01	3.50e-02
 1.92928e+20	3.03e-01	6.62e-01	3.50e-02
 1.93134e+20	3.19e-01	6.46e-01	3.50e-02
 1.93346e+20	3.35e-01	6.30e-01	3.50e-02
 1.93565e+20	3.53e-01	6.12e-01	3.48e-02
 1.93789e+20	3.72e-01	5.94e-01	3.46e-02
 1.94018e+20	3.91e-01	5.75e-01	3.44e-02
 1.94259e+20	4.12e-01	5.54e-01	3.41e-02
 1.94517e+20	4.34e-01	5.33e-01	3.36e-02
 1.94793e+20	4.57e-01	5.10e-01	3.30e-02
 1.95088e+20	4.81e-01	4.87e-01	3.24e-02
 1.95402e+20	5.06e-01	4.62e-01	3.16e-02
 1.95747e+20	5.31e-01	4.38e-01	3.07e-02
 1.96125e+20	5.56e-01	4.14e-01	2.97e-02
 1.96549e+20	5.80e-01	3.91e-01	2.86e-02
 1.97013e+20	6.03e-01	3.70e-01	2.75e-02
 1.97479e+20	6.20e-01	3.54e-01	2.66e-02
 1.97937e+20	6.34e-01	3.41e-01	2.58e-02
 1.98388e+20	6.44e-01	3.31e-01	2.51e-02
 1.98833e+20	6.53e-01	3.23e-01	2.44e-02
 1.99343e+20	6.59e-01	3.17e-01	2.41e-02
 2.00006e+20	6.65e-01	3.11e-01	2.35e-02
 2.00868e+20	6.72e-01	3.05e-01	2.29e-02
 2.01988e+20	6.78e-01	3.00e-01	2.22e-02
 2.03444e+20	6.84e-01	2.95e-01	2.14e-02
 2.05338e+20	6.90e-01	2.89e-01	2.05e-02
 2.07799e+20	6.98e-01	2.83e-01	1.93e-02
 2.10999e+20	7.08e-01	2.74e-01	1.80e-02
 2.15158e+20	7.20e-01	2.64e-01	1.65e-02
 2.20315e+20	7.33e-01	2.52e-01	1.48e-02
 2.25943e+20	7.47e-01	2.40e-01	1.33e-02
 2.31532e+20	7.59e-01	2.29e-01	1.19e-02
 2.37150e+20	7.70e-01	2.19e-01	1.08e-02
 2.42931e+20	7.81e-01	2.09e-01	9.75e-03
 2.48929e+20	7.91e-01	2.00e-01	8.82e-03
 2.55110e+20	8.01e-01	1.91e-01	7.96e-03
 2.61503e+20	8.11e-01	1.82e-01	7.19e-03
 2.68132e+20	8.20e-01	1.74e-01	6.49e-03
 2.74874e+20	8.28e-01	1.66e-01	5.87e-03
 2.81759e+20	8.36e-01	1.58e-01	5.31e-03
 2.88841e+20	8.44e-01	1.51e-01	4.81e-03
 2.96121e+20	8.51e-01	1.44e-01	4.35e-03
 3.03586e+20	8.58e-01	1.38e-01	3.93e-03
 3.11236e+20	8.65e-01	1.31e-01	3.56e-03
 3.19088e+20	8.72e-01	1.25e-01	3.22e-03
 3.27096e+20	8.78e-01	1.20e-01	2.92e-03
 3.35261e+20	8.83e-01	1.14e-01	2.64e-03
 3.43621e+20	8.89e-01	1.09e-01	2.40e-03
 3.52092e+20	8.94e-01	1.04e-01	2.18e-03
 3.60727e+20	8.99e-01	9.94e-02	1.98e-03
 3.69706e+20	9.03e-01	9.49e-02	1.80e-03
 3.78954e+20	9.08e-01	9.06e-02	1.63e-03
 3.88349e+20	9.12e-01	8.65e-02	1.48e-03
 3.97926e+20	9.16e-01	8.26e-02	1.34e-03
 4.07743e+20	9.20e-01	7.89e-02	1.22e-03
 4.17807e+20	9.24e-01	7.53e-02	1.11e-03
 4.28040e+20	9.27e-01	7.19e-02	1.01e-03
 4.38254e+20	9.30e-01	6.88e-02	9.21e-04
 4.48294e+20	9.33e-01	6.59e-02	8.43e-04
 4.58138e+20	9.36e-01	6.33e-02	7.75e-04
 4.67801e+20	9.38e-01	6.09e-02	7.14e-04
 4.77253e+20	9.41e-01	5.86e-02	6.61e-04
 4.86420e+20	9.43e-01	5.66e-02	6.14e-04
 4.95250e+20	9.45e-01	5.47e-02	5.73e-04
 5.03729e+20	9.46e-01	5.30e-02	5.38e-04
 5.11857e+20	9.48e-01	5.15e-02	5.07e-04
 5.19635e+20	9.49e-01	5.02e-02	4.81e-04
