#depth	O	O+	O+2	O+3	O+4	O+5	O+6	O+7	O+8	O[1]	O[2]	O[3]
 9.14379e+16	8.89e-04	1.55e-01	7.14e-01	1.27e-01	3.25e-03	1.65e-05	0.00e+00	0.00e+00	0.00e+00	8.89e-04	6.60e-09	7.46e-09
 5.48627e+17	8.88e-04	1.55e-01	7.14e-01	1.27e-01	3.23e-03	1.65e-05	0.00e+00	0.00e+00	0.00e+00	8.88e-04	6.58e-09	7.46e-09
 2.37738e+18	8.75e-04	1.53e-01	7.17e-01	1.27e-01	3.20e-03	1.64e-05	0.00e+00	0.00e+00	0.00e+00	8.75e-04	6.49e-09	7.35e-09
 9.69241e+18	8.34e-04	1.47e-01	7.25e-01	1.24e-01	3.09e-03	1.59e-05	0.00e+00	0.00e+00	0.00e+00	8.34e-04	6.19e-09	7.01e-09
 2.31521e+19	7.24e-04	1.34e-01	7.40e-01	1.23e-01	2.98e-03	1.59e-05	0.00e+00	0.00e+00	0.00e+00	7.24e-04	5.37e-09	6.09e-09
 4.06496e+19	6.46e-04	1.25e-01	7.54e-01	1.18e-01	2.80e-03	1.54e-05	0.00e+00	0.00e+00	0.00e+00	6.46e-04	4.78e-09	5.42e-09
 6.33964e+19	5.88e-04	1.18e-01	7.68e-01	1.11e-01	2.53e-03	1.43e-05	0.00e+00	0.00e+00	0.00e+00	5.88e-04	4.36e-09	4.94e-09
 9.29673e+19	5.52e-04	1.13e-01	7.83e-01	1.01e-01	2.17e-03	1.26e-05	0.00e+00	0.00e+00	0.00e+00	5.52e-04	4.08e-09	4.64e-09
 1.31409e+20	5.42e-04	1.13e-01	7.98e-01	8.60e-02	1.74e-03	1.04e-05	0.00e+00	0.00e+00	0.00e+00	5.42e-04	4.01e-09	4.56e-09
 1.81384e+20	5.73e-04	1.19e-01	8.11e-01	6.80e-02	1.26e-03	7.68e-06	0.00e+00	0.00e+00	0.00e+00	5.73e-04	4.24e-09	4.81e-09
 2.46351e+20	6.64e-04	1.33e-01	8.17e-01	4.81e-02	7.97e-04	4.94e-06	0.00e+00	0.00e+00	0.00e+00	6.64e-04	4.91e-09	5.58e-09
 3.19788e+20	8.16e-04	1.54e-01	8.13e-01	3.18e-02	4.75e-04	2.93e-06	0.00e+00	0.00e+00	0.00e+00	8.16e-04	6.02e-09	6.84e-09
 3.88736e+20	1.02e-03	1.77e-01	8.00e-01	2.15e-02	3.00e-04	1.78e-06	0.00e+00	0.00e+00	0.00e+00	1.02e-03	7.52e-09	8.55e-09
 4.46742e+20	1.25e-03	1.98e-01	7.85e-01	1.56e-02	2.13e-04	1.19e-06	0.00e+00	0.00e+00	0.00e+00	1.24e-03	9.19e-09	1.04e-08
 4.95821e+20	1.50e-03	2.18e-01	7.68e-01	1.19e-02	1.65e-04	8.50e-07	0.00e+00	0.00e+00	0.00e+00	1.50e-03	1.10e-08	1.25e-08
 5.42302e+20	1.80e-03	2.39e-01	7.50e-01	9.29e-03	1.34e-04	6.18e-07	0.00e+00	0.00e+00	0.00e+00	1.80e-03	1.33e-08	1.50e-08
 5.88468e+20	2.18e-03	2.62e-01	7.29e-01	7.26e-03	1.11e-04	4.52e-07	0.00e+00	0.00e+00	0.00e+00	2.18e-03	1.61e-08	1.82e-08
 6.33271e+20	2.64e-03	2.86e-01	7.06e-01	5.71e-03	9.46e-05	3.33e-07	0.00e+00	0.00e+00	0.00e+00	2.64e-03	1.96e-08	2.21e-08
 6.75362e+20	3.21e-03	3.11e-01	6.81e-01	4.54e-03	8.26e-05	2.49e-07	0.00e+00	0.00e+00	0.00e+00	3.21e-03	2.38e-08	2.68e-08
 7.14544e+20	3.89e-03	3.38e-01	6.55e-01	3.64e-03	7.34e-05	1.87e-07	0.00e+00	0.00e+00	0.00e+00	3.89e-03	2.89e-08	3.25e-08
 7.51253e+20	4.72e-03	3.65e-01	6.27e-01	2.93e-03	6.59e-05	1.42e-07	0.00e+00	0.00e+00	0.00e+00	4.72e-03	3.51e-08	3.94e-08
 7.85834e+20	5.72e-03	3.94e-01	5.98e-01	2.36e-03	5.95e-05	0.00e+00	0.00e+00	0.00e+00	0.00e+00	5.72e-03	4.27e-08	4.77e-08
 8.18393e+20	6.94e-03	4.24e-01	5.67e-01	1.90e-03	5.39e-05	0.00e+00	0.00e+00	0.00e+00	0.00e+00	6.94e-03	5.19e-08	5.77e-08
 8.48989e+20	8.41e-03	4.56e-01	5.34e-01	1.53e-03	4.89e-05	0.00e+00	0.00e+00	0.00e+00	0.00e+00	8.41e-03	6.30e-08	6.98e-08
 8.77850e+20	1.02e-02	4.88e-01	5.01e-01	1.23e-03	4.42e-05	0.00e+00	0.00e+00	0.00e+00	0.00e+00	1.02e-02	7.66e-08	8.45e-08
 9.05081e+20	1.23e-02	5.20e-01	4.66e-01	9.79e-04	3.98e-05	0.00e+00	0.00e+00	0.00e+00	0.00e+00	1.23e-02	9.30e-08	1.02e-07
 9.30789e+20	1.50e-02	5.54e-01	4.31e-01	7.77e-04	3.56e-05	0.00e+00	0.00e+00	0.00e+00	0.00e+00	1.50e-02	1.13e-07	1.23e-07
 9.55133e+20	1.81e-02	5.86e-01	3.95e-01	6.14e-04	3.17e-05	0.00e+00	0.00e+00	0.00e+00	0.00e+00	1.81e-02	1.37e-07	1.49e-07
 9.78342e+20	2.18e-02	6.19e-01	3.59e-01	4.80e-04	2.80e-05	0.00e+00	0.00e+00	0.00e+00	0.00e+00	2.18e-02	1.66e-07	1.79e-07
 1.00061e+21	2.64e-02	6.50e-01	3.23e-01	3.71e-04	2.44e-05	0.00e+00	0.00e+00	0.00e+00	0.00e+00	2.64e-02	2.01e-07	2.16e-07
 1.02182e+21	3.20e-02	6.80e-01	2.87e-01	2.84e-04	2.11e-05	0.00e+00	0.00e+00	0.00e+00	0.00e+00	3.20e-02	2.43e-07	2.60e-07
 1.04199e+21	3.87e-02	7.08e-01	2.53e-01	2.16e-04	1.79e-05	0.00e+00	0.00e+00	0.00e+00	0.00e+00	3.87e-02	2.93e-07	3.13e-07
 1.06127e+21	4.67e-02	7.33e-01	2.20e-01	1.62e-04	1.50e-05	0.00e+00	0.00e+00	0.00e+00	0.00e+00	4.67e-02	3.53e-07	3.75e-07
 1.07980e+21	5.65e-02	7.55e-01	1.89e-01	1.20e-04	1.24e-05	0.00e+00	0.00e+00	0.00e+00	0.00e+00	5.65e-02	4.26e-07	4.51e-07
 1.09688e+21	6.75e-02	7.71e-01	1.61e-01	8.92e-05	1.02e-05	0.00e+00	0.00e+00	0.00e+00	0.00e+00	6.75e-02	5.05e-07	5.34e-07
 1.11217e+21	7.97e-02	7.83e-01	1.37e-01	6.71e-05	8.32e-06	0.00e+00	0.00e+00	0.00e+00	0.00e+00	7.97e-02	5.92e-07	6.24e-07
 1.12609e+21	9.34e-02	7.90e-01	1.17e-01	5.08e-05	6.75e-06	0.00e+00	0.00e+00	0.00e+00	0.00e+00	9.34e-02	6.87e-07	7.23e-07
 1.13865e+21	1.08e-01	7.93e-01	9.96e-02	3.93e-05	5.55e-06	0.00e+00	0.00e+00	0.00e+00	0.00e+00	1.08e-01	7.83e-07	8.23e-07
 1.15035e+21	1.24e-01	7.92e-01	8.43e-02	3.03e-05	4.48e-06	0.00e+00	0.00e+00	0.00e+00	0.00e+00	1.24e-01	8.90e-07	9.34e-07
 1.16138e+21	1.40e-01	7.88e-01	7.17e-02	2.39e-05	3.66e-06	0.00e+00	0.00e+00	0.00e+00	0.00e+00	1.40e-01	9.97e-07	1.05e-06
 1.17178e+21	1.59e-01	7.80e-01	6.04e-02	1.87e-05	2.94e-06	0.00e+00	0.00e+00	0.00e+00	0.00e+00	1.59e-01	1.11e-06	1.17e-06
 1.18165e+21	1.79e-01	7.70e-01	5.11e-02	1.49e-05	2.38e-06	0.00e+00	0.00e+00	0.00e+00	0.00e+00	1.79e-01	1.23e-06	1.29e-06
 1.19088e+21	1.99e-01	7.58e-01	4.31e-02	1.20e-05	1.92e-06	0.00e+00	0.00e+00	0.00e+00	0.00e+00	1.99e-01	1.35e-06	1.41e-06
 1.19970e+21	2.21e-01	7.43e-01	3.63e-02	9.74e-06	1.54e-06	0.00e+00	0.00e+00	0.00e+00	0.00e+00	2.21e-01	1.46e-06	1.53e-06
 1.20816e+21	2.43e-01	7.26e-01	3.06e-02	7.98e-06	1.24e-06	0.00e+00	0.00e+00	0.00e+00	0.00e+00	2.43e-01	1.58e-06	1.65e-06
 1.21634e+21	2.66e-01	7.08e-01	2.57e-02	6.60e-06	9.99e-07	0.00e+00	0.00e+00	0.00e+00	0.00e+00	2.66e-01	1.69e-06	1.77e-06
 1.22430e+21	2.90e-01	6.88e-01	2.16e-02	5.48e-06	7.99e-07	0.00e+00	0.00e+00	0.00e+00	0.00e+00	2.90e-01	1.80e-06	1.88e-06
 1.23203e+21	3.14e-01	6.67e-01	1.81e-02	4.62e-06	6.43e-07	0.00e+00	0.00e+00	0.00e+00	0.00e+00	3.14e-01	1.90e-06	1.99e-06
 1.24076e+21	3.44e-01	6.42e-01	1.47e-02	3.80e-06	4.96e-07	0.00e+00	0.00e+00	0.00e+00	0.00e+00	3.44e-01	2.02e-06	2.10e-06
 1.24988e+21	3.74e-01	6.14e-01	1.18e-02	3.14e-06	3.78e-07	0.00e+00	0.00e+00	0.00e+00	0.00e+00	3.74e-01	2.12e-06	2.21e-06
 1.25755e+21	4.01e-01	5.90e-01	9.72e-03	2.68e-06	3.00e-07	0.00e+00	0.00e+00	0.00e+00	0.00e+00	4.01e-01	2.20e-06	2.29e-06
 1.26514e+21	4.28e-01	5.64e-01	7.94e-03	2.30e-06	2.35e-07	0.00e+00	0.00e+00	0.00e+00	0.00e+00	4.28e-01	2.27e-06	2.37e-06
 1.27331e+21	4.56e-01	5.37e-01	6.41e-03	1.97e-06	1.82e-07	0.00e+00	0.00e+00	0.00e+00	0.00e+00	4.56e-01	2.34e-06	2.43e-06
 1.28105e+21	4.84e-01	5.11e-01	5.20e-03	1.70e-06	1.42e-07	0.00e+00	0.00e+00	0.00e+00	0.00e+00	4.84e-01	2.39e-06	2.48e-06
 1.28836e+21	5.09e-01	4.87e-01	4.24e-03	1.49e-06	0.00e+00	0.00e+00	0.00e+00	0.00e+00	0.00e+00	5.09e-01	2.42e-06	2.52e-06
 1.29546e+21	5.33e-01	4.63e-01	3.47e-03	1.32e-06	0.00e+00	0.00e+00	0.00e+00	0.00e+00	0.00e+00	5.33e-01	2.45e-06	2.54e-06
 1.30224e+21	5.57e-01	4.40e-01	2.85e-03	1.18e-06	0.00e+00	0.00e+00	0.00e+00	0.00e+00	0.00e+00	5.57e-01	2.46e-06	2.56e-06
 1.30885e+21	5.79e-01	4.19e-01	2.35e-03	1.06e-06	0.00e+00	0.00e+00	0.00e+00	0.00e+00	0.00e+00	5.79e-01	2.47e-06	2.56e-06
 1.31413e+21	5.95e-01	4.03e-01	2.03e-03	9.73e-07	0.00e+00	0.00e+00	0.00e+00	0.00e+00	0.00e+00	5.95e-01	2.46e-06	2.56e-06
 1.31765e+21	6.06e-01	3.92e-01	1.83e-03	9.22e-07	0.00e+00	0.00e+00	0.00e+00	0.00e+00	0.00e+00	6.06e-01	2.46e-06	2.56e-06
 1.32093e+21	6.16e-01	3.82e-01	1.66e-03	8.75e-07	0.00e+00	0.00e+00	0.00e+00	0.00e+00	0.00e+00	6.16e-01	2.46e-06	2.55e-06
 1.32469e+21	6.28e-01	3.70e-01	1.47e-03	8.24e-07	0.00e+00	0.00e+00	0.00e+00	0.00e+00	0.00e+00	6.28e-01	2.45e-06	2.54e-06
 1.32877e+21	6.41e-01	3.58e-01	1.30e-03	7.74e-07	0.00e+00	0.00e+00	0.00e+00	0.00e+00	0.00e+00	6.41e-01	2.44e-06	2.53e-06
 1.33280e+21	6.53e-01	3.46e-01	1.15e-03	7.29e-07	0.00e+00	0.00e+00	0.00e+00	0.00e+00	0.00e+00	6.53e-01	2.43e-06	2.52e-06
 1.33675e+21	6.64e-01	3.35e-01	1.02e-03	6.88e-07	0.00e+00	0.00e+00	0.00e+00	0.00e+00	0.00e+00	6.64e-01	2.41e-06	2.50e-06
 1.34074e+21	6.76e-01	3.23e-01	8.98e-04	6.47e-07	0.00e+00	0.00e+00	0.00e+00	0.00e+00	0.00e+00	6.76e-01	2.39e-06	2.48e-06
 1.34474e+21	6.87e-01	3.13e-01	7.93e-04	6.12e-07	0.00e+00	0.00e+00	0.00e+00	0.00e+00	0.00e+00	6.87e-01	2.38e-06	2.47e-06
 1.34876e+21	6.98e-01	3.02e-01	6.98e-04	5.77e-07	0.00e+00	0.00e+00	0.00e+00	0.00e+00	0.00e+00	6.98e-01	2.35e-06	2.44e-06
 1.35285e+21	7.08e-01	2.91e-01	6.14e-04	5.45e-07	0.00e+00	0.00e+00	0.00e+00	0.00e+00	0.00e+00	7.08e-01	2.33e-06	2.42e-06
 1.35693e+21	7.19e-01	2.80e-01	5.39e-04	5.14e-07	0.00e+00	0.00e+00	0.00e+00	0.00e+00	0.00e+00	7.19e-01	2.31e-06	2.39e-06
 1.36098e+21	7.29e-01	2.70e-01	4.75e-04	4.87e-07	0.00e+00	0.00e+00	0.00e+00	0.00e+00	0.00e+00	7.29e-01	2.28e-06	2.37e-06
 1.36507e+21	7.39e-01	2.60e-01	4.17e-04	4.60e-07	0.00e+00	0.00e+00	0.00e+00	0.00e+00	0.00e+00	7.39e-01	2.26e-06	2.34e-06
 1.36924e+21	7.49e-01	2.51e-01	3.65e-04	4.35e-07	0.00e+00	0.00e+00	0.00e+00	0.00e+00	0.00e+00	7.49e-01	2.23e-06	2.31e-06
 1.37346e+21	7.59e-01	2.41e-01	3.19e-04	4.11e-07	0.00e+00	0.00e+00	0.00e+00	0.00e+00	0.00e+00	7.59e-01	2.20e-06	2.28e-06
 1.37769e+21	7.68e-01	2.32e-01	2.80e-04	3.89e-07	0.00e+00	0.00e+00	0.00e+00	0.00e+00	0.00e+00	7.68e-01	2.17e-06	2.25e-06
 1.38197e+21	7.77e-01	2.23e-01	2.44e-04	3.68e-07	0.00e+00	0.00e+00	0.00e+00	0.00e+00	0.00e+00	7.77e-01	2.14e-06	2.22e-06
 1.38632e+21	7.85e-01	2.14e-01	2.13e-04	3.49e-07	0.00e+00	0.00e+00	0.00e+00	0.00e+00	0.00e+00	7.85e-01	2.11e-06	2.18e-06
 1.39069e+21	7.94e-01	2.06e-01	1.86e-04	3.30e-07	0.00e+00	0.00e+00	0.00e+00	0.00e+00	0.00e+00	7.94e-01	2.08e-06	2.15e-06
 1.39508e+21	8.02e-01	1.98e-01	1.63e-04	3.13e-07	0.00e+00	0.00e+00	0.00e+00	0.00e+00	0.00e+00	8.02e-01	2.05e-06	2.12e-06
 1.39955e+21	8.10e-01	1.90e-01	1.42e-04	2.96e-07	0.00e+00	0.00e+00	0.00e+00	0.00e+00	0.00e+00	8.10e-01	2.02e-06	2.08e-06
 1.40414e+21	8.17e-01	1.82e-01	1.24e-04	2.81e-07	0.00e+00	0.00e+00	0.00e+00	0.00e+00	0.00e+00	8.17e-01	1.99e-06	2.05e-06
 1.40883e+21	8.25e-01	1.75e-01	1.08e-04	2.66e-07	0.00e+00	0.00e+00	0.00e+00	0.00e+00	0.00e+00	8.25e-01	1.95e-06	2.01e-06
 1.41360e+21	8.32e-01	1.68e-01	9.48e-05	2.53e-07	0.00e+00	0.00e+00	0.00e+00	0.00e+00	0.00e+00	8.32e-01	1.92e-06	1.98e-06
 1.41838e+21	8.39e-01	1.61e-01	8.31e-05	2.40e-07	0.00e+00	0.00e+00	0.00e+00	0.00e+00	0.00e+00	8.39e-01	1.89e-06	1.94e-06
 1.42322e+21	8.45e-01	1.55e-01	7.31e-05	2.28e-07	0.00e+00	0.00e+00	0.00e+00	0.00e+00	0.00e+00	8.45e-01	1.86e-06	1.91e-06
 1.42815e+21	8.51e-01	1.49e-01	6.45e-05	2.17e-07	0.00e+00	0.00e+00	0.00e+00	0.00e+00	0.00e+00	8.51e-01	1.83e-06	1.88e-06
 1.43314e+21	8.57e-01	1.43e-01	5.72e-05	2.07e-07	0.00e+00	0.00e+00	0.00e+00	0.00e+00	0.00e+00	8.57e-01	1.80e-06	1.85e-06
 1.43820e+21	8.62e-01	1.38e-01	5.08e-05	1.98e-07	0.00e+00	0.00e+00	0.00e+00	0.00e+00	0.00e+00	8.62e-01	1.77e-06	1.82e-06
 1.44342e+21	8.67e-01	1.33e-01	4.54e-05	1.89e-07	0.00e+00	0.00e+00	0.00e+00	0.00e+00	0.00e+00	8.67e-01	1.74e-06	1.79e-06
 1.44883e+21	8.72e-01	1.28e-01	4.07e-05	1.81e-07	0.00e+00	0.00e+00	0.00e+00	0.00e+00	0.00e+00	8.72e-01	1.72e-06	1.76e-06
 1.45444e+21	8.76e-01	1.24e-01	3.66e-05	1.74e-07	0.00e+00	0.00e+00	0.00e+00	0.00e+00	0.00e+00	8.76e-01	1.69e-06	1.74e-06
 1.46029e+21	8.80e-01	1.20e-01	3.31e-05	1.67e-07	0.00e+00	0.00e+00	0.00e+00	0.00e+00	0.00e+00	8.80e-01	1.67e-06	1.71e-06
 1.46645e+21	8.84e-01	1.16e-01	3.00e-05	1.60e-07	0.00e+00	0.00e+00	0.00e+00	0.00e+00	0.00e+00	8.84e-01	1.65e-06	1.69e-06
 1.47305e+21	8.88e-01	1.12e-01	2.74e-05	1.54e-07	0.00e+00	0.00e+00	0.00e+00	0.00e+00	0.00e+00	8.88e-01	1.63e-06	1.67e-06
 1.48017e+21	8.91e-01	1.09e-01	2.51e-05	1.49e-07	0.00e+00	0.00e+00	0.00e+00	0.00e+00	0.00e+00	8.91e-01	1.61e-06	1.65e-06
 1.48795e+21	8.95e-01	1.05e-01	2.31e-05	1.44e-07	0.00e+00	0.00e+00	0.00e+00	0.00e+00	0.00e+00	8.95e-01	1.59e-06	1.63e-06
 1.49660e+21	8.98e-01	1.02e-01	2.14e-05	1.39e-07	0.00e+00	0.00e+00	0.00e+00	0.00e+00	0.00e+00	8.98e-01	1.57e-06	1.61e-06
 1.50641e+21	9.00e-01	9.95e-02	1.99e-05	1.34e-07	0.00e+00	0.00e+00	0.00e+00	0.00e+00	0.00e+00	9.00e-01	1.55e-06	1.59e-06
 1.51779e+21	9.03e-01	9.69e-02	1.86e-05	1.30e-07	0.00e+00	0.00e+00	0.00e+00	0.00e+00	0.00e+00	9.03e-01	1.54e-06	1.57e-06
 1.52999e+21	9.05e-01	9.48e-02	1.76e-05	1.27e-07	0.00e+00	0.00e+00	0.00e+00	0.00e+00	0.00e+00	9.05e-01	1.52e-06	1.56e-06
 1.54207e+21	9.07e-01	9.32e-02	1.69e-05	1.24e-07	0.00e+00	0.00e+00	0.00e+00	0.00e+00	0.00e+00	9.07e-01	1.51e-06	1.55e-06
 1.55405e+21	9.08e-01	9.18e-02	1.63e-05	0.00e+00	0.00e+00	0.00e+00	0.00e+00	0.00e+00	0.00e+00	9.08e-01	1.51e-06	1.54e-06
 1.56595e+21	9.09e-01	9.07e-02	1.58e-05	0.00e+00	0.00e+00	0.00e+00	0.00e+00	0.00e+00	0.00e+00	9.09e-01	1.50e-06	1.53e-06
 1.57959e+21	9.10e-01	8.96e-02	1.54e-05	0.00e+00	0.00e+00	0.00e+00	0.00e+00	0.00e+00	0.00e+00	9.10e-01	1.49e-06	1.52e-06
 1.59733e+21	9.12e-01	8.84e-02	1.49e-05	0.00e+00	0.00e+00	0.00e+00	0.00e+00	0.00e+00	0.00e+00	9.12e-01	1.48e-06	1.52e-06
 1.62039e+21	9.13e-01	8.71e-02	1.45e-05	0.00e+00	0.00e+00	0.00e+00	0.00e+00	0.00e+00	0.00e+00	9.13e-01	1.48e-06	1.51e-06
 1.65036e+21	9.14e-01	8.56e-02	1.39e-05	0.00e+00	0.00e+00	0.00e+00	0.00e+00	0.00e+00	0.00e+00	9.14e-01	1.47e-06	1.50e-06
 1.68933e+21	9.16e-01	8.39e-02	1.34e-05	0.00e+00	0.00e+00	0.00e+00	0.00e+00	0.00e+00	0.00e+00	9.16e-01	1.46e-06	1.49e-06
 1.73999e+21	9.18e-01	8.19e-02	1.28e-05	0.00e+00	0.00e+00	0.00e+00	0.00e+00	0.00e+00	0.00e+00	9.18e-01	1.44e-06	1.47e-06
 1.80585e+21	9.20e-01	7.96e-02	1.21e-05	0.00e+00	0.00e+00	0.00e+00	0.00e+00	0.00e+00	0.00e+00	9.20e-01	1.43e-06	1.46e-06
 1.88901e+21	9.23e-01	7.70e-02	1.14e-05	0.00e+00	0.00e+00	0.00e+00	0.00e+00	0.00e+00	0.00e+00	9.23e-01	1.41e-06	1.44e-06
 1.98459e+21	9.25e-01	7.46e-02	1.07e-05	0.00e+00	0.00e+00	0.00e+00	0.00e+00	0.00e+00	0.00e+00	9.25e-01	1.40e-06	1.42e-06
 2.08629e+21	9.28e-01	7.22e-02	1.01e-05	0.00e+00	0.00e+00	0.00e+00	0.00e+00	0.00e+00	0.00e+00	9.28e-01	1.38e-06	1.41e-06
 2.19605e+21	9.30e-01	7.01e-02	9.64e-06	0.00e+00	0.00e+00	0.00e+00	0.00e+00	0.00e+00	0.00e+00	9.30e-01	1.37e-06	1.39e-06
 2.31915e+21	9.32e-01	6.79e-02	9.18e-06	0.00e+00	0.00e+00	0.00e+00	0.00e+00	0.00e+00	0.00e+00	9.32e-01	1.35e-06	1.38e-06
 2.45910e+21	9.34e-01	6.59e-02	8.76e-06	0.00e+00	0.00e+00	0.00e+00	0.00e+00	0.00e+00	0.00e+00	9.34e-01	1.34e-06	1.36e-06
 2.61810e+21	9.36e-01	6.39e-02	8.36e-06	0.00e+00	0.00e+00	0.00e+00	0.00e+00	0.00e+00	0.00e+00	9.36e-01	1.33e-06	1.35e-06
 2.79958e+21	9.38e-01	6.21e-02	8.00e-06	0.00e+00	0.00e+00	0.00e+00	0.00e+00	0.00e+00	0.00e+00	9.38e-01	1.32e-06	1.34e-06
 3.00975e+21	9.40e-01	6.03e-02	7.65e-06	0.00e+00	0.00e+00	0.00e+00	0.00e+00	0.00e+00	0.00e+00	9.40e-01	1.30e-06	1.32e-06
 3.25679e+21	9.41e-01	5.86e-02	7.31e-06	0.00e+00	0.00e+00	0.00e+00	0.00e+00	0.00e+00	0.00e+00	9.41e-01	1.29e-06	1.31e-06
 3.55317e+21	9.43e-01	5.70e-02	6.98e-06	0.00e+00	0.00e+00	0.00e+00	0.00e+00	0.00e+00	0.00e+00	9.43e-01	1.28e-06	1.30e-06
 3.90149e+21	9.44e-01	5.56e-02	6.66e-06	0.00e+00	0.00e+00	0.00e+00	0.00e+00	0.00e+00	0.00e+00	9.44e-01	1.27e-06	1.29e-06
 4.29164e+21	9.46e-01	5.43e-02	6.36e-06	0.00e+00	0.00e+00	0.00e+00	0.00e+00	0.00e+00	0.00e+00	9.46e-01	1.27e-06	1.28e-06
 4.72080e+21	9.47e-01	5.33e-02	6.08e-06	0.00e+00	0.00e+00	0.00e+00	0.00e+00	0.00e+00	0.00e+00	9.47e-01	1.26e-06	1.27e-06
 5.19288e+21	9.48e-01	5.24e-02	5.80e-06	0.00e+00	0.00e+00	0.00e+00	0.00e+00	0.00e+00	0.00e+00	9.48e-01	1.25e-06	1.27e-06
 5.71217e+21	9.48e-01	5.17e-02	5.54e-06	0.00e+00	0.00e+00	0.00e+00	0.00e+00	0.00e+00	0.00e+00	9.48e-01	1.25e-06	1.26e-06
 6.28338e+21	9.49e-01	5.10e-02	5.27e-06	0.00e+00	0.00e+00	0.00e+00	0.00e+00	0.00e+00	0.00e+00	9.49e-01	1.25e-06	1.26e-06
 6.91172e+21	9.50e-01	5.05e-02	5.01e-06	0.00e+00	0.00e+00	0.00e+00	0.00e+00	0.00e+00	0.00e+00	9.50e-01	1.24e-06	1.25e-06
 7.60290e+21	9.50e-01	5.01e-02	4.74e-06	0.00e+00	0.00e+00	0.00e+00	0.00e+00	0.00e+00	0.00e+00	9.50e-01	1.24e-06	1.25e-06
 8.36319e+21	9.50e-01	4.97e-02	4.48e-06	0.00e+00	0.00e+00	0.00e+00	0.00e+00	0.00e+00	0.00e+00	9.50e-01	1.24e-06	1.25e-06
 9.19950e+21	9.51e-01	4.94e-02	4.21e-06	0.00e+00	0.00e+00	0.00e+00	0.00e+00	0.00e+00	0.00e+00	9.51e-01	1.24e-06	1.24e-06
 1.01195e+22	9.51e-01	4.92e-02	3.95e-06	0.00e+00	0.00e+00	0.00e+00	0.00e+00	0.00e+00	0.00e+00	9.51e-01	1.24e-06	1.24e-06
 1.11314e+22	9.51e-01	4.89e-02	3.68e-06	0.00e+00	0.00e+00	0.00e+00	0.00e+00	0.00e+00	0.00e+00	9.51e-01	1.24e-06	1.24e-06
 1.22445e+22	9.51e-01	4.88e-02	3.42e-06	0.00e+00	0.00e+00	0.00e+00	0.00e+00	0.00e+00	0.00e+00	9.51e-01	1.24e-06	1.24e-06
 1.34690e+22	9.51e-01	4.87e-02	3.16e-06	0.00e+00	0.00e+00	0.00e+00	0.00e+00	0.00e+00	0.00e+00	9.51e-01	1.24e-06	1.24e-06
 1.48159e+22	9.51e-01	4.86e-02	2.90e-06	0.00e+00	0.00e+00	0.00e+00	0.00e+00	0.00e+00	0.00e+00	9.51e-01	1.24e-06	1.24e-06
 1.62882e+22	9.51e-01	4.85e-02	2.65e-06	0.00e+00	0.00e+00	0.00e+00	0.00e+00	0.00e+00	0.00e+00	9.51e-01	1.24e-06	1.24e-06
 1.77450e+22	9.52e-01	4.84e-02	2.43e-06	0.00e+00	0.00e+00	0.00e+00	0.00e+00	0.00e+00	0.00e+00	9.52e-01	1.24e-06	1.24e-06
 1.90562e+22	9.52e-01	4.85e-02	2.26e-06	0.00e+00	0.00e+00	0.00e+00	0.00e+00	0.00e+00	0.00e+00	9.52e-01	1.24e-06	1.24e-06
 2.02363e+22	9.52e-01	4.84e-02	2.11e-06	0.00e+00	0.00e+00	0.00e+00	0.00e+00	0.00e+00	0.00e+00	9.52e-01	1.24e-06	1.24e-06
 2.12983e+22	9.52e-01	4.84e-02	1.99e-06	0.00e+00	0.00e+00	0.00e+00	0.00e+00	0.00e+00	0.00e+00	9.52e-01	1.24e-06	1.24e-06
 2.22542e+22	9.52e-01	4.84e-02	1.89e-06	0.00e+00	0.00e+00	0.00e+00	0.00e+00	0.00e+00	0.00e+00	9.52e-01	1.23e-06	1.24e-06
 2.31144e+22	9.52e-01	4.83e-02	1.81e-06	0.00e+00	0.00e+00	0.00e+00	0.00e+00	0.00e+00	0.00e+00	9.52e-01	1.23e-06	1.24e-06
 2.38887e+22	9.52e-01	4.83e-02	1.74e-06	0.00e+00	0.00e+00	0.00e+00	0.00e+00	0.00e+00	0.00e+00	9.52e-01	1.23e-06	1.24e-06
 2.45855e+22	9.52e-01	4.82e-02	1.68e-06	0.00e+00	0.00e+00	0.00e+00	0.00e+00	0.00e+00	0.00e+00	9.52e-01	1.23e-06	1.24e-06
 2.52126e+22	9.52e-01	4.82e-02	1.62e-06	0.00e+00	0.00e+00	0.00e+00	0.00e+00	0.00e+00	0.00e+00	9.52e-01	1.23e-06	1.24e-06
 2.57770e+22	9.52e-01	4.81e-02	1.58e-06	0.00e+00	0.00e+00	0.00e+00	0.00e+00	0.00e+00	0.00e+00	9.52e-01	1.23e-06	1.23e-06
 2.62850e+22	9.52e-01	4.81e-02	1.54e-06	0.00e+00	0.00e+00	0.00e+00	0.00e+00	0.00e+00	0.00e+00	9.52e-01	1.23e-06	1.23e-06
 2.67422e+22	9.52e-01	4.81e-02	1.50e-06	0.00e+00	0.00e+00	0.00e+00	0.00e+00	0.00e+00	0.00e+00	9.52e-01	1.23e-06	1.23e-06
 2.71536e+22	9.52e-01	4.80e-02	1.47e-06	0.00e+00	0.00e+00	0.00e+00	0.00e+00	0.00e+00	0.00e+00	9.52e-01	1.23e-06	1.23e-06
 2.75239e+22	9.52e-01	4.80e-02	1.44e-06	0.00e+00	0.00e+00	0.00e+00	0.00e+00	0.00e+00	0.00e+00	9.52e-01	1.22e-06	1.23e-06
 2.78572e+22	9.52e-01	4.79e-02	1.42e-06	0.00e+00	0.00e+00	0.00e+00	0.00e+00	0.00e+00	0.00e+00	9.52e-01	1.22e-06	1.23e-06
 2.81694e+22	9.52e-01	4.79e-02	1.40e-06	0.00e+00	0.00e+00	0.00e+00	0.00e+00	0.00e+00	0.00e+00	9.52e-01	1.22e-06	1.23e-06
 2.84780e+22	9.52e-01	4.79e-02	1.38e-06	0.00e+00	0.00e+00	0.00e+00	0.00e+00	0.00e+00	0.00e+00	9.52e-01	1.22e-06	1.23e-06
 2.87865e+22	9.52e-01	4.78e-02	1.36e-06	0.00e+00	0.00e+00	0.00e+00	0.00e+00	0.00e+00	0.00e+00	9.52e-01	1.22e-06	1.23e-06
 2.90951e+22	9.52e-01	4.78e-02	1.34e-06	0.00e+00	0.00e+00	0.00e+00	0.00e+00	0.00e+00	0.00e+00	9.52e-01	1.22e-06	1.23e-06
 2.94037e+22	9.52e-01	4.77e-02	1.32e-06	0.00e+00	0.00e+00	0.00e+00	0.00e+00	0.00e+00	0.00e+00	9.52e-01	1.22e-06	1.23e-06
 2.97122e+22	9.52e-01	4.76e-02	1.30e-06	0.00e+00	0.00e+00	0.00e+00	0.00e+00	0.00e+00	0.00e+00	9.52e-01	1.22e-06	1.23e-06
 3.00208e+22	9.52e-01	4.76e-02	1.28e-06	0.00e+00	0.00e+00	0.00e+00	0.00e+00	0.00e+00	0.00e+00	9.52e-01	1.22e-06	1.23e-06
 3.03294e+22	9.52e-01	4.75e-02	1.26e-06	0.00e+00	0.00e+00	0.00e+00	0.00e+00	0.00e+00	0.00e+00	9.52e-01	1.22e-06	1.23e-06
 3.06379e+22	9.53e-01	4.74e-02	1.24e-06	0.00e+00	0.00e+00	0.00e+00	0.00e+00	0.00e+00	0.00e+00	9.53e-01	1.22e-06	1.23e-06
 3.08245e+22	9.53e-01	4.74e-02	1.23e-06	0.00e+00	0.00e+00	0.00e+00	0.00e+00	0.00e+00	0.00e+00	9.53e-01	1.21e-06	1.23e-06
