#depth	He	He+	He+2
 1.32737e+15	6.51e-02	7.76e-01	1.59e-01
 7.96424e+15	6.48e-02	7.76e-01	1.59e-01
 3.45117e+16	6.48e-02	7.76e-01	1.59e-01
 1.40702e+17	6.49e-02	7.76e-01	1.59e-01
 3.36091e+17	6.44e-02	7.77e-01	1.59e-01
 5.90097e+17	6.45e-02	7.77e-01	1.58e-01
 9.20306e+17	6.49e-02	7.78e-01	1.57e-01
 1.34958e+18	6.57e-02	7.79e-01	1.56e-01
 1.88472e+18	6.70e-02	7.80e-01	1.53e-01
 2.49710e+18	6.87e-02	7.80e-01	1.51e-01
 3.21166e+18	7.15e-02	7.81e-01	1.47e-01
 4.07127e+18	7.56e-02	7.82e-01	1.43e-01
 4.94760e+18	8.09e-02	7.81e-01	1.38e-01
 5.75357e+18	8.66e-02	7.79e-01	1.34e-01
 6.45249e+18	9.25e-02	7.77e-01	1.31e-01
 7.01870e+18	9.80e-02	7.74e-01	1.28e-01
 7.60903e+18	1.05e-01	7.70e-01	1.25e-01
 8.28019e+18	1.13e-01	7.65e-01	1.22e-01
 8.91604e+18	1.22e-01	7.59e-01	1.19e-01
 9.45381e+18	1.30e-01	7.53e-01	1.17e-01
 9.93131e+18	1.38e-01	7.47e-01	1.15e-01
 1.04003e+19	1.47e-01	7.41e-01	1.12e-01
 1.08836e+19	1.56e-01	7.34e-01	1.10e-01
 1.13623e+19	1.65e-01	7.27e-01	1.08e-01
 1.18204e+19	1.75e-01	7.19e-01	1.06e-01
 1.22775e+19	1.85e-01	7.11e-01	1.03e-01
 1.27452e+19	1.96e-01	7.03e-01	1.01e-01
 1.31278e+19	2.05e-01	6.96e-01	9.92e-02
 1.33970e+19	2.11e-01	6.91e-01	9.79e-02
 1.36643e+19	2.18e-01	6.85e-01	9.63e-02
 1.39690e+19	2.26e-01	6.79e-01	9.49e-02
 1.43097e+19	2.35e-01	6.72e-01	9.29e-02
 1.46606e+19	2.44e-01	6.65e-01	9.12e-02
 1.50114e+19	2.53e-01	6.57e-01	8.93e-02
 1.53740e+19	2.64e-01	6.49e-01	8.74e-02
 1.57449e+19	2.74e-01	6.41e-01	8.54e-02
 1.61289e+19	2.85e-01	6.32e-01	8.34e-02
 1.65299e+19	2.96e-01	6.23e-01	8.13e-02
 1.69460e+19	3.08e-01	6.13e-01	7.92e-02
 1.73766e+19	3.20e-01	6.03e-01	7.71e-02
 1.78245e+19	3.33e-01	5.92e-01	7.48e-02
 1.82857e+19	3.46e-01	5.82e-01	7.26e-02
 1.87649e+19	3.60e-01	5.70e-01	7.02e-02
 1.92629e+19	3.74e-01	5.58e-01	6.80e-02
 1.97828e+19	3.89e-01	5.46e-01	6.55e-02
 2.03239e+19	4.03e-01	5.34e-01	6.31e-02
 2.08873e+19	4.19e-01	5.20e-01	6.07e-02
 2.14826e+19	4.34e-01	5.07e-01	5.83e-02
 2.21133e+19	4.51e-01	4.93e-01	5.57e-02
 2.27736e+19	4.68e-01	4.79e-01	5.32e-02
 2.34693e+19	4.85e-01	4.65e-01	5.07e-02
 2.42184e+19	5.02e-01	4.50e-01	4.82e-02
 2.50096e+19	5.19e-01	4.35e-01	4.56e-02
 2.58475e+19	5.36e-01	4.21e-01	4.31e-02
 2.67366e+19	5.54e-01	4.06e-01	4.05e-02
 2.76871e+19	5.70e-01	3.92e-01	3.81e-02
 2.87081e+19	5.87e-01	3.77e-01	3.57e-02
 2.98026e+19	6.03e-01	3.63e-01	3.33e-02
 3.09982e+19	6.20e-01	3.49e-01	3.09e-02
 3.23104e+19	6.36e-01	3.36e-01	2.87e-02
 3.37369e+19	6.51e-01	3.22e-01	2.64e-02
 3.53023e+19	6.66e-01	3.09e-01	2.43e-02
 3.70221e+19	6.81e-01	2.97e-01	2.23e-02
 3.88989e+19	6.95e-01	2.84e-01	2.04e-02
 4.09417e+19	7.09e-01	2.72e-01	1.85e-02
 4.31712e+19	7.23e-01	2.60e-01	1.68e-02
 4.55830e+19	7.36e-01	2.49e-01	1.52e-02
 4.81636e+19	7.48e-01	2.38e-01	1.38e-02
 5.09172e+19	7.60e-01	2.27e-01	1.25e-02
 5.38693e+19	7.72e-01	2.17e-01	1.13e-02
 5.70140e+19	7.83e-01	2.07e-01	1.02e-02
 6.03318e+19	7.93e-01	1.97e-01	9.20e-03
 6.38358e+19	8.03e-01	1.88e-01	8.31e-03
 6.75323e+19	8.13e-01	1.80e-01	7.51e-03
 7.14351e+19	8.22e-01	1.71e-01	6.79e-03
 7.55473e+19	8.31e-01	1.63e-01	6.13e-03
 7.98748e+19	8.39e-01	1.56e-01	5.55e-03
 8.44247e+19	8.47e-01	1.48e-01	5.02e-03
 8.92071e+19	8.54e-01	1.41e-01	4.54e-03
 9.42353e+19	8.61e-01	1.35e-01	4.11e-03
 9.95234e+19	8.68e-01	1.28e-01	3.72e-03
 1.05037e+20	8.74e-01	1.22e-01	3.37e-03
 1.10814e+20	8.80e-01	1.17e-01	3.05e-03
 1.16915e+20	8.86e-01	1.11e-01	2.76e-03
 1.23308e+20	8.91e-01	1.06e-01	2.50e-03
 1.29988e+20	8.97e-01	1.01e-01	2.27e-03
 1.36971e+20	9.02e-01	9.64e-02	2.06e-03
 1.44281e+20	9.06e-01	9.19e-02	1.86e-03
 1.51936e+20	9.11e-01	8.76e-02	1.69e-03
 1.59991e+20	9.15e-01	8.35e-02	1.53e-03
 1.68429e+20	9.19e-01	7.96e-02	1.38e-03
 1.77200e+20	9.23e-01	7.59e-02	1.25e-03
 1.86257e+20	9.26e-01	7.24e-02	1.14e-03
 1.95778e+20	9.30e-01	6.90e-02	1.03e-03
 2.05870e+20	9.33e-01	6.58e-02	9.32e-04
 2.16363e+20	9.36e-01	6.28e-02	8.44e-04
 2.27223e+20	9.39e-01	5.98e-02	7.65e-04
 2.38547e+20	9.42e-01	5.70e-02	6.93e-04
 2.50442e+20	9.45e-01	5.44e-02	6.28e-04
 2.62872e+20	9.48e-01	5.18e-02	5.68e-04
 2.75592e+20	9.50e-01	4.95e-02	5.16e-04
 2.88266e+20	9.52e-01	4.73e-02	4.70e-04
 3.00775e+20	9.54e-01	4.53e-02	4.31e-04
 3.13193e+20	9.56e-01	4.35e-02	3.96e-04
 3.25538e+20	9.58e-01	4.19e-02	3.65e-04
 3.37702e+20	9.59e-01	4.04e-02	3.38e-04
 3.49571e+20	9.61e-01	3.90e-02	3.14e-04
 3.61088e+20	9.62e-01	3.77e-02	2.93e-04
 3.72222e+20	9.63e-01	3.66e-02	2.74e-04
 3.82937e+20	9.64e-01	3.55e-02	2.57e-04
