#depth	O	O+	O+2	O+3	O+4	O+5	O+6	O+7	O+8	O[1]	O[2]	O[3]
 4.41021e+14	9.60e-02	8.42e-01	6.17e-02	2.10e-04	1.11e-06	0.00e+00	0.00e+00	0.00e+00	0.00e+00	9.59e-02	2.01e-05	2.27e-05
 2.64613e+15	9.53e-02	8.42e-01	6.22e-02	2.13e-04	1.13e-06	0.00e+00	0.00e+00	0.00e+00	0.00e+00	9.52e-02	1.99e-05	2.26e-05
 1.14665e+16	9.48e-02	8.42e-01	6.27e-02	2.15e-04	1.14e-06	0.00e+00	0.00e+00	0.00e+00	0.00e+00	9.48e-02	1.98e-05	2.25e-05
 4.67482e+16	9.43e-02	8.42e-01	6.36e-02	2.17e-04	1.15e-06	0.00e+00	0.00e+00	0.00e+00	0.00e+00	9.43e-02	1.97e-05	2.23e-05
 1.11667e+17	9.00e-02	8.41e-01	6.84e-02	2.39e-04	1.26e-06	0.00e+00	0.00e+00	0.00e+00	0.00e+00	9.00e-02	1.88e-05	2.13e-05
 1.96060e+17	8.86e-02	8.41e-01	7.02e-02	2.44e-04	1.28e-06	0.00e+00	0.00e+00	0.00e+00	0.00e+00	8.85e-02	1.84e-05	2.09e-05
 3.05772e+17	8.91e-02	8.41e-01	7.01e-02	2.35e-04	1.23e-06	0.00e+00	0.00e+00	0.00e+00	0.00e+00	8.91e-02	1.85e-05	2.10e-05
 4.48398e+17	9.21e-02	8.40e-01	6.77e-02	2.13e-04	1.12e-06	0.00e+00	0.00e+00	0.00e+00	0.00e+00	9.21e-02	1.90e-05	2.16e-05
 6.20376e+17	9.76e-02	8.39e-01	6.32e-02	1.81e-04	9.55e-07	0.00e+00	0.00e+00	0.00e+00	0.00e+00	9.76e-02	2.01e-05	2.28e-05
 8.13047e+17	1.07e-01	8.36e-01	5.65e-02	1.42e-04	7.62e-07	0.00e+00	0.00e+00	0.00e+00	0.00e+00	1.07e-01	2.19e-05	2.48e-05
 1.03748e+18	1.22e-01	8.30e-01	4.76e-02	1.01e-04	5.52e-07	0.00e+00	0.00e+00	0.00e+00	0.00e+00	1.22e-01	2.48e-05	2.81e-05
 1.28748e+18	1.44e-01	8.18e-01	3.79e-02	6.48e-05	3.70e-07	0.00e+00	0.00e+00	0.00e+00	0.00e+00	1.44e-01	2.88e-05	3.26e-05
 1.52568e+18	1.71e-01	8.00e-01	2.95e-02	4.04e-05	2.42e-07	0.00e+00	0.00e+00	0.00e+00	0.00e+00	1.71e-01	3.37e-05	3.81e-05
 1.72786e+18	1.99e-01	7.77e-01	2.32e-02	2.61e-05	1.64e-07	0.00e+00	0.00e+00	0.00e+00	0.00e+00	1.99e-01	3.86e-05	4.36e-05
 1.90040e+18	2.29e-01	7.53e-01	1.85e-02	1.75e-05	0.00e+00	0.00e+00	0.00e+00	0.00e+00	0.00e+00	2.29e-01	4.33e-05	4.89e-05
 2.08697e+18	2.64e-01	7.22e-01	1.43e-02	1.13e-05	0.00e+00	0.00e+00	0.00e+00	0.00e+00	0.00e+00	2.64e-01	4.85e-05	5.47e-05
 2.29225e+18	3.07e-01	6.82e-01	1.08e-02	6.95e-06	0.00e+00	0.00e+00	0.00e+00	0.00e+00	0.00e+00	3.07e-01	5.42e-05	6.10e-05
 2.47768e+18	3.48e-01	6.43e-01	8.27e-03	4.52e-06	0.00e+00	0.00e+00	0.00e+00	0.00e+00	0.00e+00	3.48e-01	5.90e-05	6.63e-05
 2.63234e+18	3.84e-01	6.09e-01	6.63e-03	3.18e-06	0.00e+00	0.00e+00	0.00e+00	0.00e+00	0.00e+00	3.84e-01	6.25e-05	7.02e-05
 2.76369e+18	4.15e-01	5.80e-01	5.50e-03	2.38e-06	0.00e+00	0.00e+00	0.00e+00	0.00e+00	0.00e+00	4.14e-01	6.50e-05	7.31e-05
 2.88635e+18	4.43e-01	5.52e-01	4.62e-03	1.83e-06	0.00e+00	0.00e+00	0.00e+00	0.00e+00	0.00e+00	4.43e-01	6.70e-05	7.53e-05
 3.00892e+18	4.71e-01	5.25e-01	3.89e-03	1.42e-06	0.00e+00	0.00e+00	0.00e+00	0.00e+00	0.00e+00	4.71e-01	6.86e-05	7.71e-05
 3.13027e+18	4.98e-01	4.99e-01	3.28e-03	1.11e-06	0.00e+00	0.00e+00	0.00e+00	0.00e+00	0.00e+00	4.98e-01	6.99e-05	7.84e-05
 3.25025e+18	5.23e-01	4.74e-01	2.78e-03	8.79e-07	0.00e+00	0.00e+00	0.00e+00	0.00e+00	0.00e+00	5.23e-01	7.07e-05	7.93e-05
 3.36766e+18	5.47e-01	4.51e-01	2.38e-03	7.08e-07	0.00e+00	0.00e+00	0.00e+00	0.00e+00	0.00e+00	5.47e-01	7.12e-05	7.99e-05
 3.47973e+18	5.68e-01	4.30e-01	2.05e-03	5.81e-07	0.00e+00	0.00e+00	0.00e+00	0.00e+00	0.00e+00	5.68e-01	7.14e-05	8.01e-05
 3.58995e+18	5.88e-01	4.10e-01	1.78e-03	4.81e-07	0.00e+00	0.00e+00	0.00e+00	0.00e+00	0.00e+00	5.88e-01	7.14e-05	8.01e-05
 3.68068e+18	6.03e-01	3.95e-01	1.60e-03	4.18e-07	0.00e+00	0.00e+00	0.00e+00	0.00e+00	0.00e+00	6.03e-01	7.13e-05	7.99e-05
 3.74622e+18	6.14e-01	3.85e-01	1.47e-03	3.77e-07	0.00e+00	0.00e+00	0.00e+00	0.00e+00	0.00e+00	6.14e-01	7.12e-05	7.97e-05
 3.80983e+18	6.24e-01	3.75e-01	1.36e-03	3.41e-07	0.00e+00	0.00e+00	0.00e+00	0.00e+00	0.00e+00	6.24e-01	7.10e-05	7.95e-05
 3.88362e+18	6.36e-01	3.63e-01	1.24e-03	3.04e-07	0.00e+00	0.00e+00	0.00e+00	0.00e+00	0.00e+00	6.36e-01	7.07e-05	7.91e-05
 3.96426e+18	6.48e-01	3.51e-01	1.12e-03	2.70e-07	0.00e+00	0.00e+00	0.00e+00	0.00e+00	0.00e+00	6.47e-01	7.03e-05	7.87e-05
 4.04600e+18	6.59e-01	3.40e-01	1.02e-03	2.40e-07	0.00e+00	0.00e+00	0.00e+00	0.00e+00	0.00e+00	6.59e-01	6.99e-05	7.82e-05
 4.12881e+18	6.71e-01	3.28e-01	9.20e-04	2.14e-07	0.00e+00	0.00e+00	0.00e+00	0.00e+00	0.00e+00	6.71e-01	6.94e-05	7.76e-05
 4.21223e+18	6.81e-01	3.18e-01	8.34e-04	1.92e-07	0.00e+00	0.00e+00	0.00e+00	0.00e+00	0.00e+00	6.81e-01	6.89e-05	7.70e-05
 4.29833e+18	6.92e-01	3.07e-01	7.55e-04	1.72e-07	0.00e+00	0.00e+00	0.00e+00	0.00e+00	0.00e+00	6.92e-01	6.83e-05	7.64e-05
 4.38834e+18	7.03e-01	2.97e-01	6.81e-04	1.53e-07	0.00e+00	0.00e+00	0.00e+00	0.00e+00	0.00e+00	7.03e-01	6.77e-05	7.56e-05
 4.48148e+18	7.13e-01	2.86e-01	6.13e-04	1.37e-07	0.00e+00	0.00e+00	0.00e+00	0.00e+00	0.00e+00	7.13e-01	6.70e-05	7.49e-05
 4.57760e+18	7.23e-01	2.76e-01	5.51e-04	1.23e-07	0.00e+00	0.00e+00	0.00e+00	0.00e+00	0.00e+00	7.23e-01	6.63e-05	7.40e-05
 4.67599e+18	7.33e-01	2.66e-01	4.95e-04	0.00e+00	0.00e+00	0.00e+00	0.00e+00	0.00e+00	0.00e+00	7.33e-01	6.55e-05	7.32e-05
 4.77684e+18	7.43e-01	2.57e-01	4.44e-04	0.00e+00	0.00e+00	0.00e+00	0.00e+00	0.00e+00	0.00e+00	7.43e-01	6.47e-05	7.23e-05
 4.88154e+18	7.52e-01	2.47e-01	3.97e-04	0.00e+00	0.00e+00	0.00e+00	0.00e+00	0.00e+00	0.00e+00	7.52e-01	6.39e-05	7.13e-05
 4.99002e+18	7.61e-01	2.38e-01	3.55e-04	0.00e+00	0.00e+00	0.00e+00	0.00e+00	0.00e+00	0.00e+00	7.61e-01	6.31e-05	7.04e-05
 5.10189e+18	7.70e-01	2.29e-01	3.16e-04	0.00e+00	0.00e+00	0.00e+00	0.00e+00	0.00e+00	0.00e+00	7.70e-01	6.22e-05	6.94e-05
 5.21727e+18	7.79e-01	2.21e-01	2.82e-04	0.00e+00	0.00e+00	0.00e+00	0.00e+00	0.00e+00	0.00e+00	7.79e-01	6.13e-05	6.83e-05
 5.33588e+18	7.87e-01	2.12e-01	2.51e-04	0.00e+00	0.00e+00	0.00e+00	0.00e+00	0.00e+00	0.00e+00	7.87e-01	6.04e-05	6.73e-05
 5.45836e+18	7.96e-01	2.04e-01	2.23e-04	0.00e+00	0.00e+00	0.00e+00	0.00e+00	0.00e+00	0.00e+00	7.96e-01	5.95e-05	6.63e-05
 5.58577e+18	8.04e-01	1.96e-01	1.98e-04	0.00e+00	0.00e+00	0.00e+00	0.00e+00	0.00e+00	0.00e+00	8.03e-01	5.86e-05	6.52e-05
 5.71779e+18	8.11e-01	1.89e-01	1.76e-04	0.00e+00	0.00e+00	0.00e+00	0.00e+00	0.00e+00	0.00e+00	8.11e-01	5.77e-05	6.42e-05
 5.85454e+18	8.19e-01	1.81e-01	1.56e-04	0.00e+00	0.00e+00	0.00e+00	0.00e+00	0.00e+00	0.00e+00	8.19e-01	5.67e-05	6.31e-05
 5.99568e+18	8.26e-01	1.74e-01	1.38e-04	0.00e+00	0.00e+00	0.00e+00	0.00e+00	0.00e+00	0.00e+00	8.26e-01	5.58e-05	6.21e-05
 6.14313e+18	8.33e-01	1.67e-01	1.22e-04	0.00e+00	0.00e+00	0.00e+00	0.00e+00	0.00e+00	0.00e+00	8.33e-01	5.49e-05	6.10e-05
 6.29680e+18	8.40e-01	1.60e-01	1.08e-04	0.00e+00	0.00e+00	0.00e+00	0.00e+00	0.00e+00	0.00e+00	8.40e-01	5.40e-05	6.00e-05
 6.45555e+18	8.46e-01	1.54e-01	9.57e-05	0.00e+00	0.00e+00	0.00e+00	0.00e+00	0.00e+00	0.00e+00	8.46e-01	5.31e-05	5.89e-05
 6.62160e+18	8.52e-01	1.48e-01	8.47e-05	0.00e+00	0.00e+00	0.00e+00	0.00e+00	0.00e+00	0.00e+00	8.52e-01	5.22e-05	5.79e-05
 6.79580e+18	8.58e-01	1.42e-01	7.50e-05	0.00e+00	0.00e+00	0.00e+00	0.00e+00	0.00e+00	0.00e+00	8.58e-01	5.13e-05	5.69e-05
 6.97682e+18	8.64e-01	1.36e-01	6.65e-05	0.00e+00	0.00e+00	0.00e+00	0.00e+00	0.00e+00	0.00e+00	8.64e-01	5.05e-05	5.59e-05
 7.16356e+18	8.69e-01	1.31e-01	5.92e-05	0.00e+00	0.00e+00	0.00e+00	0.00e+00	0.00e+00	0.00e+00	8.69e-01	4.97e-05	5.50e-05
 7.35813e+18	8.74e-01	1.26e-01	5.28e-05	0.00e+00	0.00e+00	0.00e+00	0.00e+00	0.00e+00	0.00e+00	8.74e-01	4.89e-05	5.41e-05
 7.56308e+18	8.79e-01	1.21e-01	4.71e-05	0.00e+00	0.00e+00	0.00e+00	0.00e+00	0.00e+00	0.00e+00	8.79e-01	4.81e-05	5.32e-05
 7.77947e+18	8.83e-01	1.17e-01	4.21e-05	0.00e+00	0.00e+00	0.00e+00	0.00e+00	0.00e+00	0.00e+00	8.83e-01	4.73e-05	5.24e-05
 8.00781e+18	8.88e-01	1.12e-01	3.78e-05	0.00e+00	0.00e+00	0.00e+00	0.00e+00	0.00e+00	0.00e+00	8.88e-01	4.66e-05	5.15e-05
 8.24953e+18	8.92e-01	1.08e-01	3.39e-05	0.00e+00	0.00e+00	0.00e+00	0.00e+00	0.00e+00	0.00e+00	8.92e-01	4.59e-05	5.07e-05
 8.50708e+18	8.96e-01	1.04e-01	3.05e-05	0.00e+00	0.00e+00	0.00e+00	0.00e+00	0.00e+00	0.00e+00	8.96e-01	4.52e-05	5.00e-05
 8.78300e+18	8.99e-01	1.01e-01	2.74e-05	0.00e+00	0.00e+00	0.00e+00	0.00e+00	0.00e+00	0.00e+00	8.99e-01	4.46e-05	4.92e-05
 9.07919e+18	9.03e-01	9.71e-02	2.47e-05	0.00e+00	0.00e+00	0.00e+00	0.00e+00	0.00e+00	0.00e+00	9.03e-01	4.39e-05	4.85e-05
 9.39731e+18	9.06e-01	9.37e-02	2.24e-05	0.00e+00	0.00e+00	0.00e+00	0.00e+00	0.00e+00	0.00e+00	9.06e-01	4.33e-05	4.77e-05
 9.73951e+18	9.10e-01	9.05e-02	2.02e-05	0.00e+00	0.00e+00	0.00e+00	0.00e+00	0.00e+00	0.00e+00	9.09e-01	4.27e-05	4.70e-05
 1.01084e+19	9.13e-01	8.74e-02	1.83e-05	0.00e+00	0.00e+00	0.00e+00	0.00e+00	0.00e+00	0.00e+00	9.13e-01	4.21e-05	4.64e-05
 1.05047e+19	9.16e-01	8.44e-02	1.66e-05	0.00e+00	0.00e+00	0.00e+00	0.00e+00	0.00e+00	0.00e+00	9.16e-01	4.15e-05	4.57e-05
 1.09306e+19	9.19e-01	8.15e-02	1.51e-05	0.00e+00	0.00e+00	0.00e+00	0.00e+00	0.00e+00	0.00e+00	9.18e-01	4.09e-05	4.50e-05
 1.13892e+19	9.21e-01	7.87e-02	1.37e-05	0.00e+00	0.00e+00	0.00e+00	0.00e+00	0.00e+00	0.00e+00	9.21e-01	4.04e-05	4.44e-05
 1.18800e+19	9.24e-01	7.59e-02	1.25e-05	0.00e+00	0.00e+00	0.00e+00	0.00e+00	0.00e+00	0.00e+00	9.24e-01	3.98e-05	4.37e-05
 1.24017e+19	9.27e-01	7.33e-02	1.14e-05	0.00e+00	0.00e+00	0.00e+00	0.00e+00	0.00e+00	0.00e+00	9.27e-01	3.92e-05	4.28e-05
 1.29529e+19	9.29e-01	7.07e-02	1.04e-05	0.00e+00	0.00e+00	0.00e+00	0.00e+00	0.00e+00	0.00e+00	9.29e-01	3.85e-05	4.20e-05
 1.35336e+19	9.32e-01	6.82e-02	9.54e-06	0.00e+00	0.00e+00	0.00e+00	0.00e+00	0.00e+00	0.00e+00	9.32e-01	3.79e-05	4.12e-05
 1.41440e+19	9.34e-01	6.57e-02	8.75e-06	0.00e+00	0.00e+00	0.00e+00	0.00e+00	0.00e+00	0.00e+00	9.34e-01	3.74e-05	4.04e-05
 1.47819e+19	9.37e-01	6.34e-02	8.03e-06	0.00e+00	0.00e+00	0.00e+00	0.00e+00	0.00e+00	0.00e+00	9.37e-01	3.68e-05	3.96e-05
 1.54454e+19	9.39e-01	6.11e-02	7.39e-06	0.00e+00	0.00e+00	0.00e+00	0.00e+00	0.00e+00	0.00e+00	9.39e-01	3.62e-05	3.88e-05
 1.61402e+19	9.41e-01	5.88e-02	6.81e-06	0.00e+00	0.00e+00	0.00e+00	0.00e+00	0.00e+00	0.00e+00	9.41e-01	3.57e-05	3.80e-05
 1.68638e+19	9.43e-01	5.67e-02	6.29e-06	0.00e+00	0.00e+00	0.00e+00	0.00e+00	0.00e+00	0.00e+00	9.43e-01	3.51e-05	3.73e-05
 1.76070e+19	9.45e-01	5.46e-02	5.82e-06	0.00e+00	0.00e+00	0.00e+00	0.00e+00	0.00e+00	0.00e+00	9.45e-01	3.46e-05	3.66e-05
 1.83718e+19	9.47e-01	5.26e-02	5.41e-06	0.00e+00	0.00e+00	0.00e+00	0.00e+00	0.00e+00	0.00e+00	9.47e-01	3.41e-05	3.59e-05
 1.91526e+19	9.49e-01	5.07e-02	5.04e-06	0.00e+00	0.00e+00	0.00e+00	0.00e+00	0.00e+00	0.00e+00	9.49e-01	3.37e-05	3.53e-05
 1.99292e+19	9.51e-01	4.89e-02	4.72e-06	0.00e+00	0.00e+00	0.00e+00	0.00e+00	0.00e+00	0.00e+00	9.51e-01	3.32e-05	3.47e-05
 2.06883e+19	9.53e-01	4.72e-02	4.44e-06	0.00e+00	0.00e+00	0.00e+00	0.00e+00	0.00e+00	0.00e+00	9.53e-01	3.28e-05	3.41e-05
 2.14306e+19	9.54e-01	4.57e-02	4.21e-06	0.00e+00	0.00e+00	0.00e+00	0.00e+00	0.00e+00	0.00e+00	9.54e-01	3.24e-05	3.36e-05
 2.21590e+19	9.56e-01	4.42e-02	4.00e-06	0.00e+00	0.00e+00	0.00e+00	0.00e+00	0.00e+00	0.00e+00	9.56e-01	3.20e-05	3.31e-05
 2.28711e+19	9.57e-01	4.29e-02	3.81e-06	0.00e+00	0.00e+00	0.00e+00	0.00e+00	0.00e+00	0.00e+00	9.57e-01	3.17e-05	3.27e-05
 2.35632e+19	9.58e-01	4.16e-02	3.65e-06	0.00e+00	0.00e+00	0.00e+00	0.00e+00	0.00e+00	0.00e+00	9.58e-01	3.13e-05	3.22e-05
 2.42339e+19	9.60e-01	4.04e-02	3.51e-06	0.00e+00	0.00e+00	0.00e+00	0.00e+00	0.00e+00	0.00e+00	9.60e-01	3.10e-05	3.18e-05
 2.48795e+19	9.61e-01	3.93e-02	3.39e-06	0.00e+00	0.00e+00	0.00e+00	0.00e+00	0.00e+00	0.00e+00	9.61e-01	3.07e-05	3.14e-05
 2.54964e+19	9.62e-01	3.82e-02	3.28e-06	0.00e+00	0.00e+00	0.00e+00	0.00e+00	0.00e+00	0.00e+00	9.62e-01	3.04e-05	3.11e-05
 2.60825e+19	9.63e-01	3.72e-02	3.19e-06	0.00e+00	0.00e+00	0.00e+00	0.00e+00	0.00e+00	0.00e+00	9.63e-01	3.01e-05	3.07e-05
 2.66361e+19	9.64e-01	3.63e-02	3.11e-06	0.00e+00	0.00e+00	0.00e+00	0.00e+00	0.00e+00	0.00e+00	9.64e-01	2.98e-05	3.04e-05
 2.71557e+19	9.65e-01	3.54e-02	3.04e-06	0.00e+00	0.00e+00	0.00e+00	0.00e+00	0.00e+00	0.00e+00	9.65e-01	2.96e-05	3.01e-05
