#depth	He	He+	He+2
 4.08564e+15	2.46e-03	3.58e-01	6.39e-01
 2.45139e+16	2.46e-03	3.58e-01	6.39e-01
 1.06227e+17	2.45e-03	3.59e-01	6.39e-01
 4.33078e+17	2.42e-03	3.62e-01	6.36e-01
 1.03448e+18	2.29e-03	3.59e-01	6.39e-01
 1.81631e+18	2.23e-03	3.63e-01	6.35e-01
 2.83269e+18	2.22e-03	3.73e-01	6.24e-01
 4.15398e+18	2.29e-03	3.94e-01	6.04e-01
 5.87166e+18	2.45e-03	4.29e-01	5.69e-01
 8.10464e+18	2.80e-03	4.84e-01	5.13e-01
 1.08432e+19	3.37e-03	5.62e-01	4.34e-01
 1.35392e+19	4.07e-03	6.44e-01	3.52e-01
 1.55585e+19	4.67e-03	7.01e-01	2.95e-01
 1.69326e+19	5.12e-03	7.35e-01	2.60e-01
 1.80466e+19	5.51e-03	7.61e-01	2.34e-01
 1.92885e+19	5.98e-03	7.87e-01	2.07e-01
 2.05988e+19	6.49e-03	8.10e-01	1.84e-01
 2.17086e+19	6.93e-03	8.27e-01	1.66e-01
 2.26899e+19	7.35e-03	8.40e-01	1.53e-01
 2.37938e+19	7.89e-03	8.54e-01	1.38e-01
 2.49537e+19	8.48e-03	8.66e-01	1.25e-01
 2.59189e+19	9.01e-03	8.75e-01	1.16e-01
 2.67524e+19	9.52e-03	8.82e-01	1.09e-01
 2.76823e+19	1.02e-02	8.89e-01	1.01e-01
 2.86746e+19	1.09e-02	8.96e-01	9.33e-02
 2.95182e+19	1.16e-02	9.01e-01	8.77e-02
 3.02473e+19	1.24e-02	9.05e-01	8.31e-02
 3.10572e+19	1.33e-02	9.09e-01	7.82e-02
 3.19250e+19	1.44e-02	9.12e-01	7.35e-02
 3.26703e+19	1.55e-02	9.15e-01	6.99e-02
 3.33201e+19	1.66e-02	9.17e-01	6.68e-02
 3.40436e+19	1.81e-02	9.18e-01	6.35e-02
 3.48221e+19	2.00e-02	9.20e-01	6.03e-02
 3.55011e+19	2.19e-02	9.20e-01	5.77e-02
 3.60610e+19	2.38e-02	9.20e-01	5.57e-02
 3.65398e+19	2.57e-02	9.20e-01	5.41e-02
 3.70656e+19	2.82e-02	9.20e-01	5.22e-02
 3.76070e+19	3.10e-02	9.18e-01	5.07e-02
 3.80422e+19	3.37e-02	9.17e-01	4.96e-02
 3.84100e+19	3.63e-02	9.15e-01	4.86e-02
 3.88163e+19	3.95e-02	9.13e-01	4.75e-02
 3.92506e+19	4.35e-02	9.10e-01	4.65e-02
 3.96192e+19	4.74e-02	9.07e-01	4.58e-02
 3.99345e+19	5.12e-02	9.04e-01	4.51e-02
 4.02823e+19	5.59e-02	9.00e-01	4.44e-02
 4.06611e+19	6.16e-02	8.95e-01	4.38e-02
 4.09978e+19	6.71e-02	8.90e-01	4.34e-02
 4.13054e+19	7.30e-02	8.84e-01	4.29e-02
 4.16575e+19	8.07e-02	8.77e-01	4.25e-02
 4.20373e+19	8.95e-02	8.68e-01	4.23e-02
 4.23821e+19	9.87e-02	8.59e-01	4.20e-02
 4.27251e+19	1.09e-01	8.49e-01	4.18e-02
 4.30881e+19	1.21e-01	8.37e-01	4.17e-02
 4.34344e+19	1.34e-01	8.24e-01	4.15e-02
 4.37425e+19	1.47e-01	8.12e-01	4.15e-02
 4.40258e+19	1.60e-01	7.99e-01	4.14e-02
 4.42996e+19	1.73e-01	7.86e-01	4.14e-02
 4.45691e+19	1.87e-01	7.72e-01	4.13e-02
 4.47812e+19	1.98e-01	7.61e-01	4.14e-02
 4.49254e+19	2.06e-01	7.52e-01	4.14e-02
 4.50648e+19	2.15e-01	7.44e-01	4.13e-02
 4.52233e+19	2.25e-01	7.34e-01	4.12e-02
 4.53931e+19	2.36e-01	7.23e-01	4.12e-02
 4.55647e+19	2.48e-01	7.11e-01	4.10e-02
 4.57333e+19	2.59e-01	7.00e-01	4.10e-02
 4.59016e+19	2.71e-01	6.88e-01	4.08e-02
 4.60742e+19	2.84e-01	6.75e-01	4.07e-02
 4.62512e+19	2.98e-01	6.62e-01	4.05e-02
 4.64304e+19	3.12e-01	6.48e-01	4.03e-02
 4.66120e+19	3.26e-01	6.34e-01	4.00e-02
 4.67989e+19	3.42e-01	6.19e-01	3.98e-02
 4.69918e+19	3.58e-01	6.03e-01	3.94e-02
 4.71890e+19	3.75e-01	5.86e-01	3.90e-02
 4.73914e+19	3.92e-01	5.69e-01	3.85e-02
 4.76031e+19	4.10e-01	5.52e-01	3.80e-02
 4.78255e+19	4.30e-01	5.33e-01	3.74e-02
 4.80572e+19	4.49e-01	5.14e-01	3.67e-02
 4.83006e+19	4.69e-01	4.95e-01	3.60e-02
 4.85625e+19	4.90e-01	4.75e-01	3.51e-02
 4.88427e+19	5.11e-01	4.54e-01	3.41e-02
 4.91433e+19	5.33e-01	4.34e-01	3.31e-02
 4.94682e+19	5.54e-01	4.14e-01	3.20e-02
 4.98221e+19	5.74e-01	3.95e-01	3.08e-02
 5.02173e+19	5.94e-01	3.76e-01	2.96e-02
 5.06615e+19	6.13e-01	3.59e-01	2.83e-02
 5.11250e+19	6.29e-01	3.44e-01	2.72e-02
 5.15805e+19	6.41e-01	3.32e-01	2.61e-02
 5.20295e+19	6.52e-01	3.23e-01	2.52e-02
 5.25427e+19	6.62e-01	3.14e-01	2.43e-02
 5.32098e+19	6.72e-01	3.05e-01	2.32e-02
 5.40770e+19	6.82e-01	2.96e-01	2.19e-02
 5.52044e+19	6.93e-01	2.86e-01	2.05e-02
 5.66701e+19	7.05e-01	2.76e-01	1.89e-02
 5.85344e+19	7.19e-01	2.64e-01	1.72e-02
 6.06721e+19	7.32e-01	2.52e-01	1.55e-02
 6.28737e+19	7.45e-01	2.41e-01	1.40e-02
 6.51087e+19	7.57e-01	2.31e-01	1.27e-02
 6.74499e+19	7.68e-01	2.21e-01	1.15e-02
 6.99366e+19	7.79e-01	2.11e-01	1.04e-02
 7.25501e+19	7.89e-01	2.01e-01	9.42e-03
 7.52790e+19	8.00e-01	1.92e-01	8.53e-03
 7.81315e+19	8.09e-01	1.83e-01	7.71e-03
 8.11242e+19	8.18e-01	1.75e-01	6.97e-03
 8.42637e+19	8.27e-01	1.66e-01	6.30e-03
 8.75561e+19	8.36e-01	1.59e-01	5.69e-03
 9.10046e+19	8.44e-01	1.51e-01	5.14e-03
 9.46280e+19	8.52e-01	1.44e-01	4.64e-03
 9.84324e+19	8.59e-01	1.37e-01	4.18e-03
 1.02408e+20	8.66e-01	1.30e-01	3.78e-03
 1.06567e+20	8.73e-01	1.24e-01	3.41e-03
 1.10939e+20	8.79e-01	1.18e-01	3.08e-03
 1.15526e+20	8.85e-01	1.12e-01	2.77e-03
 1.20348e+20	8.91e-01	1.06e-01	2.50e-03
 1.25404e+20	8.97e-01	1.01e-01	2.25e-03
 1.30677e+20	9.02e-01	9.58e-02	2.03e-03
 1.36192e+20	9.07e-01	9.09e-02	1.83e-03
 1.42005e+20	9.12e-01	8.62e-02	1.65e-03
 1.48117e+20	9.17e-01	8.18e-02	1.48e-03
 1.54492e+20	9.21e-01	7.76e-02	1.33e-03
 1.61153e+20	9.25e-01	7.36e-02	1.20e-03
 1.68149e+20	9.29e-01	6.98e-02	1.08e-03
 1.75492e+20	9.33e-01	6.61e-02	9.70e-04
 1.83195e+20	9.37e-01	6.26e-02	8.73e-04
 1.91286e+20	9.40e-01	5.93e-02	7.84e-04
 1.99770e+20	9.43e-01	5.61e-02	7.04e-04
 2.08636e+20	9.46e-01	5.31e-02	6.32e-04
 2.17906e+20	9.49e-01	5.03e-02	5.68e-04
 2.27636e+20	9.52e-01	4.76e-02	5.09e-04
 2.37874e+20	9.55e-01	4.50e-02	4.57e-04
 2.48619e+20	9.57e-01	4.26e-02	4.10e-04
 2.59949e+20	9.59e-01	4.02e-02	3.67e-04
 2.71860e+20	9.62e-01	3.80e-02	3.29e-04
 2.84299e+20	9.64e-01	3.59e-02	2.94e-04
 2.97359e+20	9.66e-01	3.39e-02	2.63e-04
 3.11132e+20	9.68e-01	3.21e-02	2.36e-04
 3.25643e+20	9.70e-01	3.03e-02	2.11e-04
 3.40998e+20	9.71e-01	2.86e-02	1.88e-04
 3.57188e+20	9.73e-01	2.69e-02	1.68e-04
 3.74158e+20	9.74e-01	2.54e-02	1.50e-04
 3.92092e+20	9.76e-01	2.40e-02	1.34e-04
 4.11110e+20	9.77e-01	2.26e-02	1.20e-04
 4.31240e+20	9.79e-01	2.13e-02	1.07e-04
 4.52547e+20	9.80e-01	2.01e-02	9.51e-05
 4.75102e+20	9.81e-01	1.90e-02	8.48e-05
 4.98862e+20	9.82e-01	1.79e-02	7.55e-05
 5.24433e+20	9.83e-01	1.69e-02	6.72e-05
 5.51777e+20	9.84e-01	1.59e-02	5.97e-05
 5.80813e+20	9.85e-01	1.50e-02	5.31e-05
 6.11909e+20	9.86e-01	1.41e-02	4.73e-05
 6.44736e+20	9.87e-01	1.33e-02	4.22e-05
 6.79647e+20	9.87e-01	1.26e-02	3.76e-05
 7.17168e+20	9.88e-01	1.19e-02	3.35e-05
 7.57401e+20	9.89e-01	1.12e-02	2.99e-05
 8.00305e+20	9.89e-01	1.06e-02	2.67e-05
 8.46002e+20	9.90e-01	1.01e-02	2.39e-05
 8.95362e+20	9.90e-01	9.58e-03	2.14e-05
 9.48394e+20	9.91e-01	9.11e-03	1.92e-05
 1.00477e+21	9.91e-01	8.66e-03	1.73e-05
 1.06342e+21	9.92e-01	8.26e-03	1.57e-05
 1.12163e+21	9.92e-01	7.92e-03	1.43e-05
 1.17819e+21	9.92e-01	7.63e-03	1.32e-05
 1.23368e+21	9.93e-01	7.38e-03	1.22e-05
 1.28873e+21	9.93e-01	7.16e-03	1.14e-05
 1.34320e+21	9.93e-01	6.97e-03	1.08e-05
 1.39675e+21	9.93e-01	6.80e-03	1.02e-05
 1.44926e+21	9.93e-01	6.64e-03	9.63e-06
 1.50053e+21	9.93e-01	6.52e-03	9.19e-06
 1.55003e+21	9.94e-01	6.41e-03	8.84e-06
 1.59681e+21	9.94e-01	6.32e-03	8.53e-06
 1.64094e+21	9.94e-01	6.25e-03	8.27e-06
 1.68309e+21	9.94e-01	6.20e-03	8.08e-06
