#depth	N	N+	N+2	N+3	N+4	N+5	N+6	N+7
 3.80486e+16	6.15e-07	5.79e-04	8.37e-02	4.14e-01	3.24e-01	1.77e-01	9.20e-04	6.83e-07
 2.28292e+17	6.09e-07	5.77e-04	8.37e-02	4.14e-01	3.24e-01	1.77e-01	9.19e-04	6.82e-07
 9.89265e+17	5.93e-07	5.73e-04	8.41e-02	4.15e-01	3.23e-01	1.76e-01	9.16e-04	6.80e-07
 4.03316e+18	5.46e-07	5.62e-04	8.61e-02	4.19e-01	3.20e-01	1.73e-01	9.01e-04	6.69e-07
 9.63392e+18	4.48e-07	5.22e-04	8.65e-02	4.22e-01	3.17e-01	1.72e-01	9.08e-04	6.80e-07
 1.69149e+19	4.22e-07	5.17e-04	8.97e-02	4.29e-01	3.13e-01	1.66e-01	8.80e-04	6.59e-07
 2.63802e+19	4.29e-07	5.39e-04	9.60e-02	4.39e-01	3.07e-01	1.57e-01	8.24e-04	6.13e-07
 3.86851e+19	4.70e-07	5.97e-04	1.07e-01	4.53e-01	2.96e-01	1.43e-01	7.41e-04	5.44e-07
 5.17927e+19	5.20e-07	6.69e-04	1.20e-01	4.66e-01	2.83e-01	1.29e-01	6.63e-04	4.80e-07
 6.30671e+19	5.85e-07	7.60e-04	1.35e-01	4.77e-01	2.70e-01	1.17e-01	5.92e-04	4.25e-07
 7.27906e+19	6.65e-07	8.67e-04	1.50e-01	4.86e-01	2.56e-01	1.06e-01	5.29e-04	3.75e-07
 8.16831e+19	7.61e-07	9.91e-04	1.67e-01	4.93e-01	2.43e-01	9.59e-02	4.71e-04	3.30e-07
 8.98904e+19	8.69e-07	1.13e-03	1.85e-01	4.98e-01	2.29e-01	8.64e-02	4.18e-04	2.89e-07
 9.73996e+19	9.90e-07	1.28e-03	2.03e-01	5.02e-01	2.15e-01	7.76e-02	3.70e-04	2.54e-07
 1.04354e+20	1.13e-06	1.45e-03	2.22e-01	5.05e-01	2.02e-01	6.95e-02	3.27e-04	2.22e-07
 1.10911e+20	1.28e-06	1.64e-03	2.42e-01	5.06e-01	1.88e-01	6.21e-02	2.89e-04	1.94e-07
 1.17216e+20	1.42e-06	1.82e-03	2.62e-01	5.07e-01	1.74e-01	5.52e-02	2.53e-04	1.69e-07
 1.23018e+20	1.64e-06	2.06e-03	2.82e-01	5.05e-01	1.61e-01	4.87e-02	2.20e-04	1.45e-07
 1.27565e+20	1.77e-06	2.21e-03	2.98e-01	5.04e-01	1.51e-01	4.43e-02	1.98e-04	1.30e-07
 1.31833e+20	1.96e-06	2.42e-03	3.14e-01	5.02e-01	1.41e-01	3.99e-02	1.76e-04	0.00e+00
 1.36447e+20	2.17e-06	2.64e-03	3.32e-01	4.99e-01	1.30e-01	3.55e-02	1.54e-04	0.00e+00
 1.40527e+20	2.38e-06	2.86e-03	3.48e-01	4.96e-01	1.21e-01	3.18e-02	1.36e-04	0.00e+00
 1.44144e+20	2.60e-06	3.08e-03	3.62e-01	4.93e-01	1.13e-01	2.87e-02	1.21e-04	0.00e+00
 1.48146e+20	2.92e-06	3.38e-03	3.79e-01	4.88e-01	1.04e-01	2.53e-02	1.04e-04	0.00e+00
 1.52202e+20	3.21e-06	3.65e-03	3.95e-01	4.83e-01	9.56e-02	2.24e-02	9.07e-05	0.00e+00
 1.55569e+20	3.48e-06	3.90e-03	4.08e-01	4.79e-01	8.88e-02	2.02e-02	8.01e-05	0.00e+00
 1.59189e+20	3.83e-06	4.21e-03	4.23e-01	4.73e-01	8.16e-02	1.79e-02	6.93e-05	0.00e+00
 1.63061e+20	4.21e-06	4.54e-03	4.38e-01	4.67e-01	7.46e-02	1.57e-02	5.95e-05	0.00e+00
 1.66307e+20	4.51e-06	4.80e-03	4.50e-01	4.61e-01	6.93e-02	1.42e-02	5.26e-05	0.00e+00
 1.69120e+20	4.86e-06	5.09e-03	4.61e-01	4.56e-01	6.47e-02	1.29e-02	4.69e-05	0.00e+00
 1.72327e+20	5.38e-06	5.50e-03	4.74e-01	4.49e-01	5.96e-02	1.15e-02	4.03e-05	0.00e+00
 1.75655e+20	5.81e-06	5.83e-03	4.86e-01	4.43e-01	5.51e-02	1.04e-02	3.54e-05	0.00e+00
 1.78631e+20	6.38e-06	6.27e-03	4.98e-01	4.36e-01	5.12e-02	9.30e-03	3.08e-05	0.00e+00
 1.81498e+20	6.92e-06	6.66e-03	5.08e-01	4.29e-01	4.77e-02	8.46e-03	2.72e-05	0.00e+00
 1.84733e+20	7.65e-06	7.18e-03	5.21e-01	4.21e-01	4.39e-02	7.55e-03	2.34e-05	0.00e+00
 1.88244e+20	8.49e-06	7.77e-03	5.33e-01	4.12e-01	4.03e-02	6.72e-03	2.00e-05	0.00e+00
 1.91494e+20	9.30e-06	8.32e-03	5.45e-01	4.04e-01	3.74e-02	6.07e-03	1.74e-05	0.00e+00
 1.95097e+20	1.06e-05	9.15e-03	5.59e-01	3.93e-01	3.41e-02	5.33e-03	1.46e-05	0.00e+00
 1.99007e+20	1.21e-05	1.01e-02	5.73e-01	3.82e-01	3.11e-02	4.69e-03	1.22e-05	0.00e+00
 2.02719e+20	1.37e-05	1.10e-02	5.86e-01	3.70e-01	2.84e-02	4.15e-03	1.02e-05	0.00e+00
 2.06945e+20	1.61e-05	1.24e-02	6.02e-01	3.57e-01	2.57e-02	3.58e-03	8.23e-06	0.00e+00
 2.11490e+20	1.92e-05	1.40e-02	6.18e-01	3.42e-01	2.31e-02	3.07e-03	6.57e-06	0.00e+00
 2.14769e+20	2.17e-05	1.53e-02	6.29e-01	3.32e-01	2.15e-02	2.76e-03	5.61e-06	0.00e+00
 2.16792e+20	2.36e-05	1.62e-02	6.36e-01	3.25e-01	2.05e-02	2.57e-03	5.04e-06	0.00e+00
 2.18866e+20	2.59e-05	1.73e-02	6.44e-01	3.17e-01	1.95e-02	2.38e-03	4.50e-06	0.00e+00
 2.21561e+20	2.93e-05	1.88e-02	6.54e-01	3.07e-01	1.82e-02	2.15e-03	3.86e-06	0.00e+00
 2.24453e+20	3.31e-05	2.05e-02	6.64e-01	2.97e-01	1.71e-02	1.95e-03	3.32e-06	0.00e+00
 2.27058e+20	3.75e-05	2.22e-02	6.73e-01	2.87e-01	1.60e-02	1.76e-03	2.86e-06	0.00e+00
 2.29467e+20	4.24e-05	2.42e-02	6.82e-01	2.77e-01	1.51e-02	1.60e-03	2.46e-06	0.00e+00
 2.31778e+20	4.74e-05	2.61e-02	6.90e-01	2.69e-01	1.43e-02	1.46e-03	2.15e-06	0.00e+00
 2.34394e+20	5.47e-05	2.87e-02	6.99e-01	2.57e-01	1.33e-02	1.30e-03	1.81e-06	0.00e+00
 2.37145e+20	6.30e-05	3.16e-02	7.08e-01	2.47e-01	1.25e-02	1.16e-03	1.53e-06	0.00e+00
 2.39572e+20	7.23e-05	3.46e-02	7.16e-01	2.36e-01	1.17e-02	1.05e-03	1.30e-06	0.00e+00
 2.41849e+20	8.25e-05	3.77e-02	7.24e-01	2.27e-01	1.10e-02	9.41e-04	1.11e-06	0.00e+00
 2.44431e+20	9.67e-05	4.19e-02	7.32e-01	2.15e-01	1.02e-02	8.29e-04	9.14e-07	0.00e+00
 2.47161e+20	1.15e-04	4.68e-02	7.40e-01	2.03e-01	9.48e-03	7.24e-04	7.45e-07	0.00e+00
 2.49485e+20	1.34e-04	5.18e-02	7.46e-01	1.92e-01	8.84e-03	6.38e-04	6.17e-07	0.00e+00
 2.51519e+20	1.53e-04	5.66e-02	7.51e-01	1.83e-01	8.32e-03	5.72e-04	5.24e-07	0.00e+00
 2.53775e+20	1.80e-04	6.28e-02	7.56e-01	1.73e-01	7.74e-03	5.01e-04	4.30e-07	0.00e+00
 2.56260e+20	2.16e-04	7.07e-02	7.61e-01	1.61e-01	7.13e-03	4.31e-04	3.43e-07	0.00e+00
 2.58510e+20	2.56e-04	7.89e-02	7.64e-01	1.50e-01	6.60e-03	3.73e-04	2.77e-07	0.00e+00
 2.60526e+20	3.01e-04	8.74e-02	7.65e-01	1.41e-01	6.13e-03	3.25e-04	2.26e-07	0.00e+00
 2.62773e+20	3.64e-04	9.86e-02	7.66e-01	1.29e-01	5.62e-03	2.76e-04	1.78e-07	0.00e+00
 2.65181e+20	4.48e-04	1.12e-01	7.64e-01	1.18e-01	5.09e-03	2.29e-04	1.36e-07	0.00e+00
 2.67256e+20	5.41e-04	1.26e-01	7.60e-01	1.08e-01	4.66e-03	1.93e-04	0.00e+00	0.00e+00
 2.69065e+20	6.42e-04	1.41e-01	7.55e-01	9.90e-02	4.28e-03	1.65e-04	0.00e+00	0.00e+00
 2.71072e+20	7.84e-04	1.59e-01	7.47e-01	8.92e-02	3.87e-03	1.36e-04	0.00e+00	0.00e+00
 2.73203e+20	9.73e-04	1.82e-01	7.35e-01	7.91e-02	3.46e-03	1.10e-04	0.00e+00	0.00e+00
 2.75018e+20	1.18e-03	2.04e-01	7.21e-01	7.07e-02	3.11e-03	9.03e-05	0.00e+00	0.00e+00
 2.76595e+20	1.41e-03	2.27e-01	7.06e-01	6.35e-02	2.82e-03	7.51e-05	0.00e+00	0.00e+00
 2.78340e+20	1.73e-03	2.56e-01	6.84e-01	5.53e-02	2.49e-03	5.95e-05	0.00e+00	0.00e+00
 2.80159e+20	2.15e-03	2.90e-01	6.58e-01	4.76e-02	2.17e-03	4.65e-05	0.00e+00	0.00e+00
 2.81677e+20	2.58e-03	3.22e-01	6.32e-01	4.14e-02	1.92e-03	3.72e-05	0.00e+00	0.00e+00
 2.83028e+20	3.07e-03	3.54e-01	6.05e-01	3.60e-02	1.69e-03	2.99e-05	0.00e+00	0.00e+00
 2.84559e+20	3.76e-03	3.95e-01	5.70e-01	3.02e-02	1.45e-03	2.27e-05	0.00e+00	0.00e+00
 2.86168e+20	4.66e-03	4.41e-01	5.28e-01	2.47e-02	1.21e-03	1.67e-05	0.00e+00	0.00e+00
 2.87513e+20	5.59e-03	4.83e-01	4.90e-01	2.05e-02	1.03e-03	1.27e-05	0.00e+00	0.00e+00
 2.88696e+20	6.61e-03	5.23e-01	4.53e-01	1.71e-02	8.73e-04	9.66e-06	0.00e+00	0.00e+00
 2.90034e+20	8.03e-03	5.71e-01	4.07e-01	1.35e-02	7.09e-04	6.90e-06	0.00e+00	0.00e+00
 2.91462e+20	9.87e-03	6.22e-01	3.57e-01	1.04e-02	5.56e-04	4.70e-06	0.00e+00	0.00e+00
 2.92636e+20	1.17e-02	6.65e-01	3.15e-01	8.14e-03	4.45e-04	3.34e-06	0.00e+00	0.00e+00
 2.93590e+20	1.36e-02	7.00e-01	2.79e-01	6.55e-03	3.63e-04	2.45e-06	0.00e+00	0.00e+00
 2.94629e+20	1.60e-02	7.37e-01	2.41e-01	5.07e-03	2.84e-04	1.71e-06	0.00e+00	0.00e+00
 2.95771e+20	1.91e-02	7.75e-01	2.01e-01	3.78e-03	2.13e-04	1.13e-06	0.00e+00	0.00e+00
 2.96794e+20	2.26e-02	8.07e-01	1.67e-01	2.85e-03	1.59e-04	7.58e-07	0.00e+00	0.00e+00
 2.97690e+20	2.61e-02	8.31e-01	1.41e-01	2.22e-03	1.21e-04	5.32e-07	0.00e+00	0.00e+00
 2.98675e+20	3.10e-02	8.54e-01	1.13e-01	1.66e-03	8.72e-05	3.50e-07	0.00e+00	0.00e+00
 2.99773e+20	3.75e-02	8.75e-01	8.66e-02	1.21e-03	5.89e-05	2.20e-07	0.00e+00	0.00e+00
 3.00809e+20	4.54e-02	8.88e-01	6.55e-02	8.98e-04	3.93e-05	1.41e-07	0.00e+00	0.00e+00
 3.01776e+20	5.47e-02	8.95e-01	4.92e-02	6.90e-04	2.62e-05	0.00e+00	0.00e+00	0.00e+00
 3.02709e+20	6.59e-02	8.97e-01	3.66e-02	5.44e-04	1.73e-05	0.00e+00	0.00e+00	0.00e+00
 3.03510e+20	7.78e-02	8.94e-01	2.79e-02	4.51e-04	1.19e-05	0.00e+00	0.00e+00	0.00e+00
 3.04133e+20	8.88e-02	8.88e-01	2.24e-02	3.93e-04	8.85e-06	0.00e+00	0.00e+00	0.00e+00
 3.04751e+20	1.02e-01	8.80e-01	1.78e-02	3.45e-04	6.51e-06	0.00e+00	0.00e+00	0.00e+00
 3.05419e+20	1.18e-01	8.68e-01	1.38e-02	3.03e-04	4.68e-06	0.00e+00	0.00e+00	0.00e+00
 3.06048e+20	1.35e-01	8.54e-01	1.09e-02	2.69e-04	3.43e-06	0.00e+00	0.00e+00	0.00e+00
 3.06603e+20	1.52e-01	8.39e-01	8.77e-03	2.44e-04	2.61e-06	0.00e+00	0.00e+00	0.00e+00
 3.07093e+20	1.69e-01	8.24e-01	7.27e-03	2.24e-04	2.06e-06	0.00e+00	0.00e+00	0.00e+00
 3.07548e+20	1.85e-01	8.08e-01	6.12e-03	2.08e-04	1.66e-06	0.00e+00	0.00e+00	0.00e+00
 3.07985e+20	2.02e-01	7.92e-01	5.20e-03	1.94e-04	1.36e-06	0.00e+00	0.00e+00	0.00e+00
 3.08411e+20	2.19e-01	7.76e-01	4.46e-03	1.82e-04	1.13e-06	0.00e+00	0.00e+00	0.00e+00
 3.08820e+20	2.36e-01	7.60e-01	3.88e-03	1.71e-04	9.52e-07	0.00e+00	0.00e+00	0.00e+00
 3.09143e+20	2.49e-01	7.47e-01	3.51e-03	1.64e-04	8.42e-07	0.00e+00	0.00e+00	0.00e+00
 3.09371e+20	2.58e-01	7.38e-01	3.27e-03	1.59e-04	7.74e-07	0.00e+00	0.00e+00	0.00e+00
 3.09597e+20	2.68e-01	7.29e-01	3.05e-03	1.54e-04	7.11e-07	0.00e+00	0.00e+00	0.00e+00
 3.09865e+20	2.79e-01	7.18e-01	2.82e-03	1.48e-04	6.47e-07	0.00e+00	0.00e+00	0.00e+00
 3.10156e+20	2.91e-01	7.07e-01	2.60e-03	1.43e-04	5.88e-07	0.00e+00	0.00e+00	0.00e+00
 3.10446e+20	3.02e-01	6.96e-01	2.42e-03	1.38e-04	5.39e-07	0.00e+00	0.00e+00	0.00e+00
 3.10744e+20	3.13e-01	6.85e-01	2.25e-03	1.34e-04	4.95e-07	0.00e+00	0.00e+00	0.00e+00
 3.11058e+20	3.24e-01	6.74e-01	2.10e-03	1.29e-04	4.56e-07	0.00e+00	0.00e+00	0.00e+00
 3.11396e+20	3.35e-01	6.63e-01	1.97e-03	1.25e-04	4.21e-07	0.00e+00	0.00e+00	0.00e+00
 3.11757e+20	3.46e-01	6.52e-01	1.85e-03	1.21e-04	3.90e-07	0.00e+00	0.00e+00	0.00e+00
 3.12146e+20	3.56e-01	6.42e-01	1.74e-03	1.18e-04	3.63e-07	0.00e+00	0.00e+00	0.00e+00
 3.12586e+20	3.66e-01	6.32e-01	1.64e-03	1.14e-04	3.39e-07	0.00e+00	0.00e+00	0.00e+00
 3.13094e+20	3.77e-01	6.22e-01	1.56e-03	1.11e-04	3.17e-07	0.00e+00	0.00e+00	0.00e+00
 3.13661e+20	3.86e-01	6.13e-01	1.49e-03	1.08e-04	3.00e-07	0.00e+00	0.00e+00	0.00e+00
 3.14238e+20	3.93e-01	6.06e-01	1.44e-03	1.06e-04	2.86e-07	0.00e+00	0.00e+00	0.00e+00
 3.14798e+20	3.98e-01	6.01e-01	1.40e-03	1.04e-04	2.77e-07	0.00e+00	0.00e+00	0.00e+00
 3.15345e+20	4.02e-01	5.97e-01	1.37e-03	1.03e-04	2.70e-07	0.00e+00	0.00e+00	0.00e+00
 3.15883e+20	4.05e-01	5.94e-01	1.35e-03	1.02e-04	2.65e-07	0.00e+00	0.00e+00	0.00e+00
 3.16413e+20	4.07e-01	5.91e-01	1.33e-03	1.01e-04	2.61e-07	0.00e+00	0.00e+00	0.00e+00
 3.17020e+20	4.10e-01	5.88e-01	1.32e-03	1.00e-04	2.56e-07	0.00e+00	0.00e+00	0.00e+00
 3.17809e+20	4.12e-01	5.86e-01	1.30e-03	9.94e-05	2.52e-07	0.00e+00	0.00e+00	0.00e+00
 3.18834e+20	4.15e-01	5.84e-01	1.28e-03	9.86e-05	2.48e-07	0.00e+00	0.00e+00	0.00e+00
 3.20167e+20	4.18e-01	5.81e-01	1.27e-03	9.76e-05	2.43e-07	0.00e+00	0.00e+00	0.00e+00
 3.21901e+20	4.21e-01	5.77e-01	1.24e-03	9.65e-05	2.37e-07	0.00e+00	0.00e+00	0.00e+00
 3.24154e+20	4.25e-01	5.73e-01	1.22e-03	9.52e-05	2.31e-07	0.00e+00	0.00e+00	0.00e+00
 3.27082e+20	4.30e-01	5.68e-01	1.19e-03	9.35e-05	2.23e-07	0.00e+00	0.00e+00	0.00e+00
 3.30890e+20	4.37e-01	5.62e-01	1.15e-03	9.15e-05	2.13e-07	0.00e+00	0.00e+00	0.00e+00
 3.35840e+20	4.45e-01	5.54e-01	1.11e-03	8.90e-05	2.02e-07	0.00e+00	0.00e+00	0.00e+00
 3.42274e+20	4.55e-01	5.44e-01	1.06e-03	8.59e-05	1.89e-07	0.00e+00	0.00e+00	0.00e+00
 3.50605e+20	4.67e-01	5.32e-01	1.00e-03	8.22e-05	1.74e-07	0.00e+00	0.00e+00	0.00e+00
 3.60287e+20	4.79e-01	5.20e-01	9.45e-04	7.84e-05	1.60e-07	0.00e+00	0.00e+00	0.00e+00
 3.70205e+20	4.91e-01	5.08e-01	8.95e-04	7.49e-05	1.47e-07	0.00e+00	0.00e+00	0.00e+00
 3.80189e+20	5.02e-01	4.97e-01	8.50e-04	7.16e-05	1.36e-07	0.00e+00	0.00e+00	0.00e+00
 3.90535e+20	5.14e-01	4.85e-01	8.06e-04	6.84e-05	1.26e-07	0.00e+00	0.00e+00	0.00e+00
 4.01474e+20	5.25e-01	4.74e-01	7.65e-04	6.52e-05	0.00e+00	0.00e+00	0.00e+00	0.00e+00
 4.13024e+20	5.37e-01	4.63e-01	7.26e-04	6.21e-05	0.00e+00	0.00e+00	0.00e+00	0.00e+00
 4.25057e+20	5.48e-01	4.51e-01	6.90e-04	5.91e-05	0.00e+00	0.00e+00	0.00e+00	0.00e+00
 4.37507e+20	5.59e-01	4.40e-01	6.56e-04	5.62e-05	0.00e+00	0.00e+00	0.00e+00	0.00e+00
 4.50415e+20	5.70e-01	4.29e-01	6.25e-04	5.34e-05	0.00e+00	0.00e+00	0.00e+00	0.00e+00
 4.63893e+20	5.81e-01	4.18e-01	5.95e-04	5.07e-05	0.00e+00	0.00e+00	0.00e+00	0.00e+00
 4.77955e+20	5.92e-01	4.07e-01	5.66e-04	4.80e-05	0.00e+00	0.00e+00	0.00e+00	0.00e+00
 4.92558e+20	6.03e-01	3.96e-01	5.39e-04	4.55e-05	0.00e+00	0.00e+00	0.00e+00	0.00e+00
 5.07712e+20	6.14e-01	3.85e-01	5.12e-04	4.30e-05	0.00e+00	0.00e+00	0.00e+00	0.00e+00
 5.23456e+20	6.25e-01	3.75e-01	4.87e-04	4.06e-05	0.00e+00	0.00e+00	0.00e+00	0.00e+00
 5.39810e+20	6.36e-01	3.64e-01	4.63e-04	3.82e-05	0.00e+00	0.00e+00	0.00e+00	0.00e+00
 5.56796e+20	6.47e-01	3.53e-01	4.40e-04	3.60e-05	0.00e+00	0.00e+00	0.00e+00	0.00e+00
 5.74424e+20	6.58e-01	3.42e-01	4.18e-04	3.38e-05	0.00e+00	0.00e+00	0.00e+00	0.00e+00
 5.92708e+20	6.69e-01	3.31e-01	3.97e-04	3.17e-05	0.00e+00	0.00e+00	0.00e+00	0.00e+00
 6.11666e+20	6.80e-01	3.20e-01	3.77e-04	2.96e-05	0.00e+00	0.00e+00	0.00e+00	0.00e+00
 6.31290e+20	6.91e-01	3.08e-01	3.58e-04	2.76e-05	0.00e+00	0.00e+00	0.00e+00	0.00e+00
 6.51618e+20	7.02e-01	2.97e-01	3.40e-04	2.57e-05	0.00e+00	0.00e+00	0.00e+00	0.00e+00
 6.72629e+20	7.13e-01	2.86e-01	3.22e-04	2.38e-05	0.00e+00	0.00e+00	0.00e+00	0.00e+00
 6.94524e+20	7.24e-01	2.75e-01	3.05e-04	2.21e-05	0.00e+00	0.00e+00	0.00e+00	0.00e+00
 7.17194e+20	7.35e-01	2.64e-01	2.89e-04	2.04e-05	0.00e+00	0.00e+00	0.00e+00	0.00e+00
 7.40426e+20	7.46e-01	2.53e-01	2.73e-04	1.89e-05	0.00e+00	0.00e+00	0.00e+00	0.00e+00
 7.64467e+20	7.57e-01	2.43e-01	2.59e-04	1.74e-05	0.00e+00	0.00e+00	0.00e+00	0.00e+00
 7.89358e+20	7.67e-01	2.32e-01	2.44e-04	1.60e-05	0.00e+00	0.00e+00	0.00e+00	0.00e+00
 8.14984e+20	7.78e-01	2.22e-01	2.31e-04	1.47e-05	0.00e+00	0.00e+00	0.00e+00	0.00e+00
 8.41554e+20	7.88e-01	2.12e-01	2.17e-04	1.34e-05	0.00e+00	0.00e+00	0.00e+00	0.00e+00
 8.68966e+20	7.98e-01	2.02e-01	2.05e-04	1.23e-05	0.00e+00	0.00e+00	0.00e+00	0.00e+00
 8.96630e+20	8.08e-01	1.92e-01	1.93e-04	1.12e-05	0.00e+00	0.00e+00	0.00e+00	0.00e+00
 9.24974e+20	8.17e-01	1.83e-01	1.82e-04	1.02e-05	0.00e+00	0.00e+00	0.00e+00	0.00e+00
 9.54452e+20	8.26e-01	1.74e-01	1.71e-04	9.31e-06	0.00e+00	0.00e+00	0.00e+00	0.00e+00
 9.84672e+20	8.35e-01	1.65e-01	1.61e-04	8.46e-06	0.00e+00	0.00e+00	0.00e+00	0.00e+00
 1.01541e+21	8.44e-01	1.56e-01	1.51e-04	7.68e-06	0.00e+00	0.00e+00	0.00e+00	0.00e+00
 1.04672e+21	8.52e-01	1.48e-01	1.42e-04	6.97e-06	0.00e+00	0.00e+00	0.00e+00	0.00e+00
 1.07870e+21	8.60e-01	1.39e-01	1.34e-04	6.31e-06	0.00e+00	0.00e+00	0.00e+00	0.00e+00
 1.11131e+21	8.68e-01	1.32e-01	1.25e-04	5.71e-06	0.00e+00	0.00e+00	0.00e+00	0.00e+00
 1.14434e+21	8.76e-01	1.24e-01	1.18e-04	5.16e-06	0.00e+00	0.00e+00	0.00e+00	0.00e+00
 1.17737e+21	8.83e-01	1.17e-01	1.11e-04	4.67e-06	0.00e+00	0.00e+00	0.00e+00	0.00e+00
 1.21013e+21	8.90e-01	1.10e-01	1.04e-04	4.24e-06	0.00e+00	0.00e+00	0.00e+00	0.00e+00
 1.24379e+21	8.96e-01	1.03e-01	9.77e-05	3.83e-06	0.00e+00	0.00e+00	0.00e+00	0.00e+00
 1.27922e+21	9.03e-01	9.69e-02	9.16e-05	3.45e-06	0.00e+00	0.00e+00	0.00e+00	0.00e+00
 1.31461e+21	9.09e-01	9.08e-02	8.60e-05	3.11e-06	0.00e+00	0.00e+00	0.00e+00	0.00e+00
 1.34849e+21	9.15e-01	8.53e-02	8.10e-05	2.82e-06	0.00e+00	0.00e+00	0.00e+00	0.00e+00
 1.38320e+21	9.20e-01	7.99e-02	7.61e-05	2.55e-06	0.00e+00	0.00e+00	0.00e+00	0.00e+00
 1.42062e+21	9.25e-01	7.45e-02	7.13e-05	2.29e-06	0.00e+00	0.00e+00	0.00e+00	0.00e+00
 1.45852e+21	9.31e-01	6.93e-02	6.68e-05	2.05e-06	0.00e+00	0.00e+00	0.00e+00	0.00e+00
 1.49502e+21	9.35e-01	6.47e-02	6.28e-05	1.85e-06	0.00e+00	0.00e+00	0.00e+00	0.00e+00
 1.53101e+21	9.40e-01	6.04e-02	5.91e-05	1.67e-06	0.00e+00	0.00e+00	0.00e+00	0.00e+00
 1.56711e+21	9.44e-01	5.64e-02	5.56e-05	1.51e-06	0.00e+00	0.00e+00	0.00e+00	0.00e+00
 1.60234e+21	9.47e-01	5.27e-02	5.25e-05	1.37e-06	0.00e+00	0.00e+00	0.00e+00	0.00e+00
 1.63605e+21	9.51e-01	4.93e-02	4.97e-05	1.25e-06	0.00e+00	0.00e+00	0.00e+00	0.00e+00
 1.66846e+21	9.54e-01	4.63e-02	4.72e-05	1.14e-06	0.00e+00	0.00e+00	0.00e+00	0.00e+00
 1.69978e+21	9.57e-01	4.34e-02	4.49e-05	1.05e-06	0.00e+00	0.00e+00	0.00e+00	0.00e+00
 1.72975e+21	9.59e-01	4.09e-02	4.29e-05	9.69e-07	0.00e+00	0.00e+00	0.00e+00	0.00e+00
 1.75807e+21	9.61e-01	3.85e-02	4.10e-05	8.99e-07	0.00e+00	0.00e+00	0.00e+00	0.00e+00
 1.78461e+21	9.64e-01	3.64e-02	3.94e-05	8.37e-07	0.00e+00	0.00e+00	0.00e+00	0.00e+00
 1.80930e+21	9.66e-01	3.44e-02	3.79e-05	7.84e-07	0.00e+00	0.00e+00	0.00e+00	0.00e+00
 1.83083e+21	9.67e-01	3.28e-02	3.67e-05	7.41e-07	0.00e+00	0.00e+00	0.00e+00	0.00e+00
