#depth	O	O+	O+2	O+3	O+4	O+5	O+6	O+7	O+8	O[1]	O[2]	O[3]
 7.27340e+16	4.29e-07	4.73e-04	7.14e-02	5.35e-01	3.24e-01	6.45e-02	4.64e-03	1.62e-06	0.00e+00	4.29e-07	3.22e-11	3.68e-11
 4.36404e+17	4.27e-07	4.73e-04	7.16e-02	5.35e-01	3.24e-01	6.44e-02	4.63e-03	1.61e-06	0.00e+00	4.27e-07	3.20e-11	3.66e-11
 1.89108e+18	4.23e-07	4.74e-04	7.26e-02	5.36e-01	3.22e-01	6.38e-02	4.56e-03	1.59e-06	0.00e+00	4.23e-07	3.17e-11	3.62e-11
 7.70980e+18	4.17e-07	4.82e-04	7.66e-02	5.41e-01	3.16e-01	6.16e-02	4.33e-03	1.50e-06	0.00e+00	4.17e-07	3.12e-11	3.57e-11
 1.84162e+19	3.92e-07	4.93e-04	8.30e-02	5.49e-01	3.05e-01	5.85e-02	4.00e-03	1.37e-06	0.00e+00	3.92e-07	2.93e-11	3.36e-11
 3.02031e+19	3.89e-07	5.16e-04	9.00e-02	5.57e-01	2.93e-01	5.53e-02	3.68e-03	1.24e-06	0.00e+00	3.89e-07	2.90e-11	3.33e-11
 4.18093e+19	4.07e-07	5.54e-04	9.77e-02	5.64e-01	2.83e-01	5.20e-02	3.37e-03	1.12e-06	0.00e+00	4.07e-07	3.03e-11	3.48e-11
 5.53122e+19	4.51e-07	6.19e-04	1.08e-01	5.70e-01	2.70e-01	4.81e-02	3.02e-03	9.87e-07	0.00e+00	4.51e-07	3.35e-11	3.86e-11
 7.28660e+19	5.32e-07	7.26e-04	1.24e-01	5.76e-01	2.53e-01	4.32e-02	2.59e-03	8.29e-07	0.00e+00	5.32e-07	3.95e-11	4.55e-11
 9.56859e+19	6.78e-07	9.06e-04	1.49e-01	5.80e-01	2.31e-01	3.70e-02	2.11e-03	6.58e-07	0.00e+00	6.78e-07	5.03e-11	5.80e-11
 1.18100e+20	8.44e-07	1.12e-03	1.79e-01	5.79e-01	2.09e-01	3.16e-02	1.72e-03	5.29e-07	0.00e+00	8.44e-07	6.25e-11	7.21e-11
 1.33871e+20	1.01e-06	1.31e-03	2.04e-01	5.73e-01	1.92e-01	2.79e-02	1.47e-03	4.49e-07	0.00e+00	1.01e-06	7.45e-11	8.59e-11
 1.45051e+20	1.16e-06	1.49e-03	2.25e-01	5.67e-01	1.80e-01	2.52e-02	1.30e-03	3.95e-07	0.00e+00	1.16e-06	8.58e-11	9.90e-11
 1.56378e+20	1.38e-06	1.72e-03	2.51e-01	5.58e-01	1.66e-01	2.24e-02	1.12e-03	3.39e-07	0.00e+00	1.38e-06	1.02e-10	1.18e-10
 1.68263e+20	1.64e-06	1.99e-03	2.81e-01	5.45e-01	1.52e-01	1.96e-02	9.62e-04	2.88e-07	0.00e+00	1.64e-06	1.21e-10	1.39e-10
 1.78328e+20	1.91e-06	2.27e-03	3.09e-01	5.31e-01	1.39e-01	1.74e-02	8.32e-04	2.49e-07	0.00e+00	1.91e-06	1.41e-10	1.63e-10
 1.87231e+20	2.17e-06	2.53e-03	3.37e-01	5.16e-01	1.28e-01	1.54e-02	7.21e-04	2.15e-07	0.00e+00	2.17e-06	1.61e-10	1.85e-10
 1.97168e+20	2.59e-06	2.91e-03	3.73e-01	4.96e-01	1.14e-01	1.32e-02	6.00e-04	1.78e-07	0.00e+00	2.59e-06	1.91e-10	2.20e-10
 2.07398e+20	3.14e-06	3.40e-03	4.12e-01	4.72e-01	1.01e-01	1.11e-02	4.94e-04	1.46e-07	0.00e+00	3.14e-06	2.32e-10	2.67e-10
 2.15535e+20	3.63e-06	3.81e-03	4.45e-01	4.51e-01	9.06e-02	9.58e-03	4.15e-04	0.00e+00	0.00e+00	3.63e-06	2.68e-10	3.09e-10
 2.23636e+20	4.27e-06	4.31e-03	4.81e-01	4.27e-01	7.97e-02	8.06e-03	3.40e-04	0.00e+00	0.00e+00	4.27e-06	3.15e-10	3.63e-10
 2.32365e+20	5.05e-06	4.88e-03	5.20e-01	3.99e-01	6.88e-02	6.64e-03	2.71e-04	0.00e+00	0.00e+00	5.05e-06	3.73e-10	4.29e-10
 2.40099e+20	5.87e-06	5.45e-03	5.56e-01	3.73e-01	5.97e-02	5.51e-03	2.19e-04	0.00e+00	0.00e+00	5.87e-06	4.34e-10	4.99e-10
 2.47148e+20	6.78e-06	6.03e-03	5.89e-01	3.49e-01	5.18e-02	4.57e-03	1.76e-04	0.00e+00	0.00e+00	6.78e-06	5.01e-10	5.76e-10
 2.55122e+20	8.04e-06	6.78e-03	6.26e-01	3.20e-01	4.34e-02	3.63e-03	1.35e-04	0.00e+00	0.00e+00	8.04e-06	5.94e-10	6.83e-10
 2.63568e+20	9.56e-06	7.60e-03	6.63e-01	2.90e-01	3.58e-02	2.83e-03	1.01e-04	0.00e+00	0.00e+00	9.56e-06	7.05e-10	8.12e-10
 2.70852e+20	1.11e-05	8.37e-03	6.94e-01	2.66e-01	3.01e-02	2.25e-03	7.74e-05	0.00e+00	0.00e+00	1.11e-05	8.19e-10	9.43e-10
 2.77516e+20	1.28e-05	9.13e-03	7.20e-01	2.43e-01	2.54e-02	1.81e-03	6.00e-05	0.00e+00	0.00e+00	1.28e-05	9.43e-10	1.09e-09
 2.85150e+20	1.51e-05	1.01e-02	7.49e-01	2.19e-01	2.07e-02	1.38e-03	4.40e-05	0.00e+00	0.00e+00	1.51e-05	1.11e-09	1.28e-09
 2.93377e+20	1.79e-05	1.11e-02	7.76e-01	1.95e-01	1.67e-02	1.04e-03	3.16e-05	0.00e+00	0.00e+00	1.79e-05	1.32e-09	1.52e-09
 3.00809e+20	2.10e-05	1.22e-02	7.98e-01	1.75e-01	1.37e-02	8.05e-04	2.34e-05	0.00e+00	0.00e+00	2.09e-05	1.54e-09	1.78e-09
 3.08905e+20	2.50e-05	1.34e-02	8.20e-01	1.55e-01	1.09e-02	5.99e-04	1.66e-05	0.00e+00	0.00e+00	2.50e-05	1.84e-09	2.12e-09
 3.17861e+20	3.01e-05	1.48e-02	8.41e-01	1.35e-01	8.63e-03	4.38e-04	1.15e-05	0.00e+00	0.00e+00	3.01e-05	2.22e-09	2.55e-09
 3.26415e+20	3.60e-05	1.62e-02	8.58e-01	1.19e-01	6.91e-03	3.26e-04	8.13e-06	0.00e+00	0.00e+00	3.60e-05	2.65e-09	3.05e-09
 3.36015e+20	4.44e-05	1.80e-02	8.74e-01	1.02e-01	5.38e-03	2.33e-04	5.48e-06	0.00e+00	0.00e+00	4.43e-05	3.26e-09	3.75e-09
 3.46715e+20	5.56e-05	2.01e-02	8.89e-01	8.66e-02	4.16e-03	1.64e-04	3.64e-06	0.00e+00	0.00e+00	5.56e-05	4.09e-09	4.70e-09
 3.54856e+20	6.53e-05	2.17e-02	8.97e-01	7.71e-02	3.49e-03	1.29e-04	2.74e-06	0.00e+00	0.00e+00	6.53e-05	4.81e-09	5.52e-09
 3.60049e+20	7.31e-05	2.29e-02	9.02e-01	7.13e-02	3.12e-03	1.10e-04	2.27e-06	0.00e+00	0.00e+00	7.31e-05	5.38e-09	6.18e-09
 3.65400e+20	8.24e-05	2.43e-02	9.07e-01	6.55e-02	2.77e-03	9.26e-05	1.87e-06	0.00e+00	0.00e+00	8.23e-05	6.07e-09	6.96e-09
 3.72356e+20	9.63e-05	2.62e-02	9.13e-01	5.87e-02	2.39e-03	7.46e-05	1.45e-06	0.00e+00	0.00e+00	9.63e-05	7.11e-09	8.13e-09
 3.79704e+20	1.13e-04	2.82e-02	9.17e-01	5.26e-02	2.08e-03	6.04e-05	1.14e-06	0.00e+00	0.00e+00	1.13e-04	8.33e-09	9.51e-09
 3.86096e+20	1.30e-04	3.02e-02	9.20e-01	4.77e-02	1.85e-03	5.04e-05	9.31e-07	0.00e+00	0.00e+00	1.30e-04	9.65e-09	1.10e-08
 3.91965e+20	1.49e-04	3.21e-02	9.22e-01	4.36e-02	1.67e-03	4.28e-05	7.74e-07	0.00e+00	0.00e+00	1.49e-04	1.11e-08	1.25e-08
 3.98620e+20	1.74e-04	3.46e-02	9.24e-01	3.92e-02	1.49e-03	3.53e-05	6.26e-07	0.00e+00	0.00e+00	1.74e-04	1.30e-08	1.46e-08
 4.05821e+20	2.06e-04	3.75e-02	9.26e-01	3.51e-02	1.34e-03	2.91e-05	5.08e-07	0.00e+00	0.00e+00	2.06e-04	1.54e-08	1.74e-08
 4.12137e+20	2.40e-04	4.03e-02	9.26e-01	3.18e-02	1.22e-03	2.46e-05	4.25e-07	0.00e+00	0.00e+00	2.40e-04	1.80e-08	2.02e-08
 4.17816e+20	2.76e-04	4.32e-02	9.26e-01	2.91e-02	1.13e-03	2.12e-05	3.63e-07	0.00e+00	0.00e+00	2.75e-04	2.08e-08	2.32e-08
 4.24261e+20	3.26e-04	4.68e-02	9.26e-01	2.61e-02	1.04e-03	1.77e-05	3.03e-07	0.00e+00	0.00e+00	3.25e-04	2.47e-08	2.74e-08
 4.31164e+20	3.88e-04	5.10e-02	9.24e-01	2.34e-02	9.58e-04	1.48e-05	2.53e-07	0.00e+00	0.00e+00	3.88e-04	2.97e-08	3.26e-08
 4.37203e+20	4.55e-04	5.51e-02	9.22e-01	2.12e-02	8.96e-04	1.26e-05	2.17e-07	0.00e+00	0.00e+00	4.55e-04	3.51e-08	3.82e-08
 4.42673e+20	5.27e-04	5.93e-02	9.20e-01	1.94e-02	8.46e-04	1.09e-05	1.90e-07	0.00e+00	0.00e+00	5.27e-04	4.09e-08	4.42e-08
 4.48862e+20	6.28e-04	6.47e-02	9.17e-01	1.74e-02	7.94e-04	9.23e-06	1.63e-07	0.00e+00	0.00e+00	6.28e-04	4.92e-08	5.27e-08
 4.55487e+20	7.60e-04	7.12e-02	9.12e-01	1.55e-02	7.48e-04	7.75e-06	1.39e-07	0.00e+00	0.00e+00	7.60e-04	6.03e-08	6.36e-08
 4.61218e+20	9.01e-04	7.75e-02	9.07e-01	1.40e-02	7.11e-04	6.63e-06	0.00e+00	0.00e+00	0.00e+00	9.01e-04	7.23e-08	7.54e-08
 4.66341e+20	1.05e-03	8.39e-02	9.02e-01	1.27e-02	6.81e-04	5.78e-06	0.00e+00	0.00e+00	0.00e+00	1.05e-03	8.52e-08	8.79e-08
 4.72138e+20	1.27e-03	9.23e-02	8.94e-01	1.13e-02	6.48e-04	4.88e-06	0.00e+00	0.00e+00	0.00e+00	1.27e-03	1.04e-07	1.06e-07
 4.78362e+20	1.55e-03	1.02e-01	8.85e-01	1.00e-02	6.17e-04	4.09e-06	0.00e+00	0.00e+00	0.00e+00	1.55e-03	1.29e-07	1.29e-07
 4.83830e+20	1.87e-03	1.12e-01	8.76e-01	8.99e-03	5.90e-04	3.49e-06	0.00e+00	0.00e+00	0.00e+00	1.86e-03	1.57e-07	1.55e-07
 4.88773e+20	2.22e-03	1.23e-01	8.66e-01	8.09e-03	5.68e-04	3.01e-06	0.00e+00	0.00e+00	0.00e+00	2.22e-03	1.90e-07	1.85e-07
 4.94347e+20	2.73e-03	1.37e-01	8.53e-01	7.13e-03	5.43e-04	2.52e-06	0.00e+00	0.00e+00	0.00e+00	2.73e-03	2.36e-07	2.26e-07
 5.00220e+20	3.40e-03	1.54e-01	8.36e-01	6.22e-03	5.17e-04	2.09e-06	0.00e+00	0.00e+00	0.00e+00	3.40e-03	2.98e-07	2.82e-07
 5.05156e+20	4.13e-03	1.70e-01	8.20e-01	5.52e-03	4.95e-04	1.77e-06	0.00e+00	0.00e+00	0.00e+00	4.13e-03	3.66e-07	3.41e-07
 5.09451e+20	4.92e-03	1.86e-01	8.04e-01	4.93e-03	4.75e-04	1.52e-06	0.00e+00	0.00e+00	0.00e+00	4.92e-03	4.39e-07	4.05e-07
 5.14236e+20	6.02e-03	2.06e-01	7.83e-01	4.32e-03	4.52e-04	1.28e-06	0.00e+00	0.00e+00	0.00e+00	6.02e-03	5.42e-07	4.95e-07
 5.19351e+20	7.53e-03	2.31e-01	7.57e-01	3.72e-03	4.27e-04	1.05e-06	0.00e+00	0.00e+00	0.00e+00	7.52e-03	6.84e-07	6.17e-07
 5.23694e+20	9.16e-03	2.56e-01	7.32e-01	3.25e-03	4.04e-04	8.78e-07	0.00e+00	0.00e+00	0.00e+00	9.16e-03	8.37e-07	7.49e-07
 5.27408e+20	1.09e-02	2.79e-01	7.07e-01	2.87e-03	3.84e-04	7.48e-07	0.00e+00	0.00e+00	0.00e+00	1.09e-02	1.00e-06	8.89e-07
 5.31502e+20	1.33e-02	3.08e-01	6.75e-01	2.47e-03	3.59e-04	6.16e-07	0.00e+00	0.00e+00	0.00e+00	1.33e-02	1.23e-06	1.08e-06
 5.35893e+20	1.66e-02	3.43e-01	6.38e-01	2.08e-03	3.31e-04	4.94e-07	0.00e+00	0.00e+00	0.00e+00	1.66e-02	1.53e-06	1.34e-06
 5.39663e+20	2.01e-02	3.76e-01	6.02e-01	1.78e-03	3.06e-04	4.05e-07	0.00e+00	0.00e+00	0.00e+00	2.01e-02	1.86e-06	1.62e-06
 5.42964e+20	2.40e-02	4.07e-01	5.67e-01	1.53e-03	2.82e-04	3.33e-07	0.00e+00	0.00e+00	0.00e+00	2.40e-02	2.21e-06	1.93e-06
 5.46662e+20	2.95e-02	4.46e-01	5.23e-01	1.26e-03	2.53e-04	2.61e-07	0.00e+00	0.00e+00	0.00e+00	2.95e-02	2.72e-06	2.36e-06
 5.50575e+20	3.65e-02	4.89e-01	4.73e-01	1.02e-03	2.23e-04	1.99e-07	0.00e+00	0.00e+00	0.00e+00	3.65e-02	3.36e-06	2.91e-06
 5.53915e+20	4.42e-02	5.28e-01	4.27e-01	8.30e-04	1.96e-04	1.54e-07	0.00e+00	0.00e+00	0.00e+00	4.42e-02	4.05e-06	3.50e-06
 5.56621e+20	5.17e-02	5.59e-01	3.88e-01	6.94e-04	1.74e-04	1.22e-07	0.00e+00	0.00e+00	0.00e+00	5.17e-02	4.72e-06	4.06e-06
 5.58926e+20	5.92e-02	5.86e-01	3.54e-01	5.88e-04	1.55e-04	0.00e+00	0.00e+00	0.00e+00	0.00e+00	5.92e-02	5.38e-06	4.63e-06
 5.61494e+20	6.94e-02	6.16e-01	3.14e-01	4.79e-04	1.33e-04	0.00e+00	0.00e+00	0.00e+00	0.00e+00	6.94e-02	6.27e-06	5.38e-06
 5.64199e+20	8.16e-02	6.45e-01	2.73e-01	3.82e-04	1.12e-04	0.00e+00	0.00e+00	0.00e+00	0.00e+00	8.16e-02	7.31e-06	6.27e-06
 5.66467e+20	9.39e-02	6.67e-01	2.39e-01	3.11e-04	9.50e-05	0.00e+00	0.00e+00	0.00e+00	0.00e+00	9.38e-02	8.33e-06	7.14e-06
 5.68416e+20	1.06e-01	6.84e-01	2.10e-01	2.58e-04	8.12e-05	0.00e+00	0.00e+00	0.00e+00	0.00e+00	1.06e-01	9.32e-06	7.98e-06
 5.70560e+20	1.21e-01	6.99e-01	1.79e-01	2.07e-04	6.68e-05	0.00e+00	0.00e+00	0.00e+00	0.00e+00	1.21e-01	1.06e-05	9.03e-06
 5.72859e+20	1.39e-01	7.11e-01	1.49e-01	1.63e-04	5.35e-05	0.00e+00	0.00e+00	0.00e+00	0.00e+00	1.39e-01	1.20e-05	1.02e-05
 5.74862e+20	1.58e-01	7.17e-01	1.25e-01	1.30e-04	4.31e-05	0.00e+00	0.00e+00	0.00e+00	0.00e+00	1.58e-01	1.33e-05	1.14e-05
 5.76643e+20	1.76e-01	7.19e-01	1.05e-01	1.06e-04	3.49e-05	0.00e+00	0.00e+00	0.00e+00	0.00e+00	1.76e-01	1.47e-05	1.26e-05
 5.78632e+20	1.99e-01	7.16e-01	8.50e-02	8.33e-05	2.69e-05	0.00e+00	0.00e+00	0.00e+00	0.00e+00	1.99e-01	1.63e-05	1.39e-05
 5.80780e+20	2.26e-01	7.07e-01	6.65e-02	6.45e-05	2.00e-05	0.00e+00	0.00e+00	0.00e+00	0.00e+00	2.26e-01	1.81e-05	1.55e-05
 5.82703e+20	2.54e-01	6.94e-01	5.22e-02	5.09e-05	1.49e-05	0.00e+00	0.00e+00	0.00e+00	0.00e+00	2.54e-01	1.98e-05	1.69e-05
 5.84475e+20	2.82e-01	6.77e-01	4.09e-02	4.08e-05	1.11e-05	0.00e+00	0.00e+00	0.00e+00	0.00e+00	2.82e-01	2.15e-05	1.83e-05
 5.86206e+20	3.12e-01	6.56e-01	3.17e-02	3.30e-05	8.20e-06	0.00e+00	0.00e+00	0.00e+00	0.00e+00	3.12e-01	2.30e-05	1.97e-05
 5.87905e+20	3.44e-01	6.32e-01	2.44e-02	2.68e-05	5.98e-06	0.00e+00	0.00e+00	0.00e+00	0.00e+00	3.44e-01	2.45e-05	2.09e-05
 5.89541e+20	3.75e-01	6.06e-01	1.87e-02	2.21e-05	4.37e-06	0.00e+00	0.00e+00	0.00e+00	0.00e+00	3.75e-01	2.59e-05	2.20e-05
 5.91106e+20	4.07e-01	5.78e-01	1.42e-02	1.84e-05	3.17e-06	0.00e+00	0.00e+00	0.00e+00	0.00e+00	4.07e-01	2.71e-05	2.31e-05
 5.92606e+20	4.39e-01	5.50e-01	1.08e-02	1.55e-05	2.31e-06	0.00e+00	0.00e+00	0.00e+00	0.00e+00	4.39e-01	2.81e-05	2.39e-05
 5.93992e+20	4.70e-01	5.21e-01	8.32e-03	1.32e-05	1.70e-06	0.00e+00	0.00e+00	0.00e+00	0.00e+00	4.70e-01	2.88e-05	2.46e-05
 5.95267e+20	4.98e-01	4.95e-01	6.50e-03	1.15e-05	1.28e-06	0.00e+00	0.00e+00	0.00e+00	0.00e+00	4.98e-01	2.94e-05	2.50e-05
 5.96427e+20	5.24e-01	4.71e-01	5.15e-03	1.01e-05	9.78e-07	0.00e+00	0.00e+00	0.00e+00	0.00e+00	5.24e-01	2.98e-05	2.53e-05
 5.97488e+20	5.48e-01	4.48e-01	4.15e-03	9.03e-06	7.65e-07	0.00e+00	0.00e+00	0.00e+00	0.00e+00	5.47e-01	3.00e-05	2.55e-05
 5.98495e+20	5.70e-01	4.27e-01	3.37e-03	8.13e-06	6.05e-07	0.00e+00	0.00e+00	0.00e+00	0.00e+00	5.69e-01	3.01e-05	2.56e-05
 5.99450e+20	5.91e-01	4.07e-01	2.76e-03	7.35e-06	4.82e-07	0.00e+00	0.00e+00	0.00e+00	0.00e+00	5.91e-01	3.02e-05	2.56e-05
 6.00207e+20	6.06e-01	3.92e-01	2.37e-03	6.84e-06	4.07e-07	0.00e+00	0.00e+00	0.00e+00	0.00e+00	6.06e-01	3.01e-05	2.56e-05
 6.00736e+20	6.17e-01	3.81e-01	2.12e-03	6.49e-06	3.60e-07	0.00e+00	0.00e+00	0.00e+00	0.00e+00	6.17e-01	3.01e-05	2.55e-05
 6.01247e+20	6.27e-01	3.71e-01	1.90e-03	6.17e-06	3.19e-07	0.00e+00	0.00e+00	0.00e+00	0.00e+00	6.27e-01	3.00e-05	2.54e-05
 6.01826e+20	6.39e-01	3.59e-01	1.68e-03	5.82e-06	2.78e-07	0.00e+00	0.00e+00	0.00e+00	0.00e+00	6.39e-01	2.99e-05	2.53e-05
 6.02445e+20	6.51e-01	3.47e-01	1.48e-03	5.48e-06	2.41e-07	0.00e+00	0.00e+00	0.00e+00	0.00e+00	6.51e-01	2.97e-05	2.52e-05
 6.03063e+20	6.63e-01	3.35e-01	1.30e-03	5.17e-06	2.09e-07	0.00e+00	0.00e+00	0.00e+00	0.00e+00	6.63e-01	2.96e-05	2.50e-05
 6.03669e+20	6.74e-01	3.25e-01	1.15e-03	4.89e-06	1.83e-07	0.00e+00	0.00e+00	0.00e+00	0.00e+00	6.74e-01	2.94e-05	2.49e-05
 6.04281e+20	6.86e-01	3.13e-01	1.01e-03	4.62e-06	1.59e-07	0.00e+00	0.00e+00	0.00e+00	0.00e+00	6.86e-01	2.91e-05	2.47e-05
 6.04906e+20	6.96e-01	3.03e-01	8.91e-04	4.37e-06	1.39e-07	0.00e+00	0.00e+00	0.00e+00	0.00e+00	6.96e-01	2.89e-05	2.44e-05
 6.05539e+20	7.07e-01	2.92e-01	7.87e-04	4.14e-06	1.21e-07	0.00e+00	0.00e+00	0.00e+00	0.00e+00	7.07e-01	2.86e-05	2.42e-05
 6.06191e+20	7.17e-01	2.82e-01	6.95e-04	3.92e-06	0.00e+00	0.00e+00	0.00e+00	0.00e+00	0.00e+00	7.17e-01	2.83e-05	2.39e-05
 6.06865e+20	7.27e-01	2.72e-01	6.13e-04	3.71e-06	0.00e+00	0.00e+00	0.00e+00	0.00e+00	0.00e+00	7.27e-01	2.80e-05	2.36e-05
 6.07559e+20	7.37e-01	2.62e-01	5.41e-04	3.51e-06	0.00e+00	0.00e+00	0.00e+00	0.00e+00	0.00e+00	7.37e-01	2.76e-05	2.33e-05
 6.08263e+20	7.47e-01	2.53e-01	4.80e-04	3.33e-06	0.00e+00	0.00e+00	0.00e+00	0.00e+00	0.00e+00	7.46e-01	2.73e-05	2.30e-05
 6.08998e+20	7.56e-01	2.44e-01	4.26e-04	3.16e-06	0.00e+00	0.00e+00	0.00e+00	0.00e+00	0.00e+00	7.56e-01	2.70e-05	2.27e-05
 6.09772e+20	7.65e-01	2.35e-01	3.79e-04	3.00e-06	0.00e+00	0.00e+00	0.00e+00	0.00e+00	0.00e+00	7.64e-01	2.66e-05	2.24e-05
 6.10592e+20	7.73e-01	2.26e-01	3.38e-04	2.85e-06	0.00e+00	0.00e+00	0.00e+00	0.00e+00	0.00e+00	7.73e-01	2.63e-05	2.21e-05
 6.11464e+20	7.81e-01	2.18e-01	3.02e-04	2.71e-06	0.00e+00	0.00e+00	0.00e+00	0.00e+00	0.00e+00	7.81e-01	2.59e-05	2.18e-05
 6.12402e+20	7.89e-01	2.11e-01	2.71e-04	2.57e-06	0.00e+00	0.00e+00	0.00e+00	0.00e+00	0.00e+00	7.89e-01	2.55e-05	2.15e-05
 6.13425e+20	7.96e-01	2.03e-01	2.45e-04	2.46e-06	0.00e+00	0.00e+00	0.00e+00	0.00e+00	0.00e+00	7.96e-01	2.52e-05	2.12e-05
 6.14533e+20	8.03e-01	1.96e-01	2.23e-04	2.35e-06	0.00e+00	0.00e+00	0.00e+00	0.00e+00	0.00e+00	8.03e-01	2.49e-05	2.09e-05
 6.15752e+20	8.09e-01	1.91e-01	2.05e-04	2.25e-06	0.00e+00	0.00e+00	0.00e+00	0.00e+00	0.00e+00	8.09e-01	2.46e-05	2.06e-05
 6.17127e+20	8.15e-01	1.85e-01	1.89e-04	2.16e-06	0.00e+00	0.00e+00	0.00e+00	0.00e+00	0.00e+00	8.15e-01	2.43e-05	2.04e-05
 6.18596e+20	8.19e-01	1.81e-01	1.78e-04	2.10e-06	0.00e+00	0.00e+00	0.00e+00	0.00e+00	0.00e+00	8.19e-01	2.41e-05	2.02e-05
 6.20059e+20	8.23e-01	1.77e-01	1.70e-04	2.04e-06	0.00e+00	0.00e+00	0.00e+00	0.00e+00	0.00e+00	8.23e-01	2.39e-05	2.00e-05
 6.21496e+20	8.25e-01	1.75e-01	1.64e-04	2.01e-06	0.00e+00	0.00e+00	0.00e+00	0.00e+00	0.00e+00	8.25e-01	2.38e-05	1.99e-05
 6.22913e+20	8.27e-01	1.73e-01	1.59e-04	1.97e-06	0.00e+00	0.00e+00	0.00e+00	0.00e+00	0.00e+00	8.27e-01	2.37e-05	1.98e-05
 6.24315e+20	8.30e-01	1.70e-01	1.55e-04	1.94e-06	0.00e+00	0.00e+00	0.00e+00	0.00e+00	0.00e+00	8.30e-01	2.35e-05	1.97e-05
 6.25920e+20	8.30e-01	1.69e-01	1.53e-04	1.92e-06	0.00e+00	0.00e+00	0.00e+00	0.00e+00	0.00e+00	8.30e-01	2.35e-05	1.96e-05
 6.28006e+20	8.32e-01	1.68e-01	1.49e-04	1.90e-06	0.00e+00	0.00e+00	0.00e+00	0.00e+00	0.00e+00	8.32e-01	2.34e-05	1.95e-05
 6.30719e+20	8.34e-01	1.66e-01	1.46e-04	1.87e-06	0.00e+00	0.00e+00	0.00e+00	0.00e+00	0.00e+00	8.34e-01	2.33e-05	1.94e-05
 6.34245e+20	8.36e-01	1.64e-01	1.42e-04	1.84e-06	0.00e+00	0.00e+00	0.00e+00	0.00e+00	0.00e+00	8.36e-01	2.32e-05	1.93e-05
 6.38828e+20	8.38e-01	1.62e-01	1.39e-04	1.81e-06	0.00e+00	0.00e+00	0.00e+00	0.00e+00	0.00e+00	8.38e-01	2.31e-05	1.92e-05
 6.44787e+20	8.40e-01	1.60e-01	1.34e-04	1.76e-06	0.00e+00	0.00e+00	0.00e+00	0.00e+00	0.00e+00	8.40e-01	2.30e-05	1.91e-05
 6.52534e+20	8.44e-01	1.56e-01	1.29e-04	1.71e-06	0.00e+00	0.00e+00	0.00e+00	0.00e+00	0.00e+00	8.44e-01	2.28e-05	1.89e-05
 6.62604e+20	8.48e-01	1.52e-01	1.23e-04	1.65e-06	0.00e+00	0.00e+00	0.00e+00	0.00e+00	0.00e+00	8.48e-01	2.27e-05	1.87e-05
 6.75696e+20	8.53e-01	1.47e-01	1.15e-04	1.57e-06	0.00e+00	0.00e+00	0.00e+00	0.00e+00	0.00e+00	8.53e-01	2.24e-05	1.84e-05
 6.91850e+20	8.58e-01	1.42e-01	1.08e-04	1.48e-06	0.00e+00	0.00e+00	0.00e+00	0.00e+00	0.00e+00	8.58e-01	2.21e-05	1.81e-05
 7.09391e+20	8.64e-01	1.36e-01	1.01e-04	1.40e-06	0.00e+00	0.00e+00	0.00e+00	0.00e+00	0.00e+00	8.64e-01	2.19e-05	1.78e-05
 7.26801e+20	8.69e-01	1.31e-01	9.57e-05	1.33e-06	0.00e+00	0.00e+00	0.00e+00	0.00e+00	0.00e+00	8.69e-01	2.16e-05	1.74e-05
 7.44324e+20	8.73e-01	1.26e-01	9.08e-05	1.26e-06	0.00e+00	0.00e+00	0.00e+00	0.00e+00	0.00e+00	8.73e-01	2.14e-05	1.71e-05
 7.62365e+20	8.78e-01	1.22e-01	8.64e-05	1.19e-06	0.00e+00	0.00e+00	0.00e+00	0.00e+00	0.00e+00	8.78e-01	2.12e-05	1.69e-05
 7.81085e+20	8.83e-01	1.17e-01	8.24e-05	1.13e-06	0.00e+00	0.00e+00	0.00e+00	0.00e+00	0.00e+00	8.82e-01	2.09e-05	1.66e-05
 8.00392e+20	8.87e-01	1.13e-01	7.89e-05	1.07e-06	0.00e+00	0.00e+00	0.00e+00	0.00e+00	0.00e+00	8.87e-01	2.07e-05	1.63e-05
 8.20340e+20	8.91e-01	1.09e-01	7.57e-05	1.01e-06	0.00e+00	0.00e+00	0.00e+00	0.00e+00	0.00e+00	8.91e-01	2.05e-05	1.60e-05
 8.40977e+20	8.95e-01	1.05e-01	7.28e-05	9.56e-07	0.00e+00	0.00e+00	0.00e+00	0.00e+00	0.00e+00	8.95e-01	2.03e-05	1.57e-05
 8.62018e+20	8.99e-01	1.01e-01	7.02e-05	9.04e-07	0.00e+00	0.00e+00	0.00e+00	0.00e+00	0.00e+00	8.99e-01	2.00e-05	1.55e-05
 8.83565e+20	9.03e-01	9.70e-02	6.79e-05	8.56e-07	0.00e+00	0.00e+00	0.00e+00	0.00e+00	0.00e+00	9.03e-01	1.98e-05	1.52e-05
 9.05705e+20	9.07e-01	9.34e-02	6.58e-05	8.10e-07	0.00e+00	0.00e+00	0.00e+00	0.00e+00	0.00e+00	9.07e-01	1.96e-05	1.50e-05
 9.28418e+20	9.10e-01	8.99e-02	6.39e-05	7.66e-07	0.00e+00	0.00e+00	0.00e+00	0.00e+00	0.00e+00	9.10e-01	1.94e-05	1.47e-05
 9.51694e+20	9.13e-01	8.66e-02	6.22e-05	7.25e-07	0.00e+00	0.00e+00	0.00e+00	0.00e+00	0.00e+00	9.13e-01	1.92e-05	1.45e-05
 9.75384e+20	9.17e-01	8.32e-02	6.06e-05	6.86e-07	0.00e+00	0.00e+00	0.00e+00	0.00e+00	0.00e+00	9.17e-01	1.89e-05	1.42e-05
 9.99837e+20	9.20e-01	8.01e-02	5.92e-05	6.48e-07	0.00e+00	0.00e+00	0.00e+00	0.00e+00	0.00e+00	9.20e-01	1.87e-05	1.39e-05
 1.02517e+21	9.23e-01	7.70e-02	5.79e-05	6.12e-07	0.00e+00	0.00e+00	0.00e+00	0.00e+00	0.00e+00	9.23e-01	1.84e-05	1.36e-05
 1.05098e+21	9.26e-01	7.41e-02	5.67e-05	5.78e-07	0.00e+00	0.00e+00	0.00e+00	0.00e+00	0.00e+00	9.26e-01	1.82e-05	1.33e-05
 1.07725e+21	9.29e-01	7.13e-02	5.56e-05	5.47e-07	0.00e+00	0.00e+00	0.00e+00	0.00e+00	0.00e+00	9.29e-01	1.79e-05	1.30e-05
 1.10410e+21	9.31e-01	6.86e-02	5.45e-05	5.17e-07	0.00e+00	0.00e+00	0.00e+00	0.00e+00	0.00e+00	9.31e-01	1.77e-05	1.27e-05
 1.13137e+21	9.34e-01	6.60e-02	5.36e-05	4.89e-07	0.00e+00	0.00e+00	0.00e+00	0.00e+00	0.00e+00	9.34e-01	1.75e-05	1.25e-05
 1.15924e+21	9.36e-01	6.36e-02	5.27e-05	4.62e-07	0.00e+00	0.00e+00	0.00e+00	0.00e+00	0.00e+00	9.36e-01	1.72e-05	1.22e-05
 1.18815e+21	9.39e-01	6.12e-02	5.18e-05	4.36e-07	0.00e+00	0.00e+00	0.00e+00	0.00e+00	0.00e+00	9.39e-01	1.70e-05	1.20e-05
 1.21807e+21	9.41e-01	5.88e-02	5.10e-05	4.11e-07	0.00e+00	0.00e+00	0.00e+00	0.00e+00	0.00e+00	9.41e-01	1.67e-05	1.18e-05
 1.24872e+21	9.43e-01	5.66e-02	5.02e-05	3.88e-07	0.00e+00	0.00e+00	0.00e+00	0.00e+00	0.00e+00	9.43e-01	1.65e-05	1.15e-05
 1.27991e+21	9.46e-01	5.44e-02	4.94e-05	3.66e-07	0.00e+00	0.00e+00	0.00e+00	0.00e+00	0.00e+00	9.46e-01	1.62e-05	1.13e-05
 1.31185e+21	9.48e-01	5.23e-02	4.87e-05	3.45e-07	0.00e+00	0.00e+00	0.00e+00	0.00e+00	0.00e+00	9.48e-01	1.60e-05	1.11e-05
 1.34469e+21	9.50e-01	5.03e-02	4.80e-05	3.25e-07	0.00e+00	0.00e+00	0.00e+00	0.00e+00	0.00e+00	9.50e-01	1.57e-05	1.10e-05
 1.37839e+21	9.52e-01	4.84e-02	4.73e-05	3.06e-07	0.00e+00	0.00e+00	0.00e+00	0.00e+00	0.00e+00	9.52e-01	1.54e-05	1.08e-05
 1.41264e+21	9.53e-01	4.66e-02	4.66e-05	2.88e-07	0.00e+00	0.00e+00	0.00e+00	0.00e+00	0.00e+00	9.53e-01	1.52e-05	1.06e-05
 1.44681e+21	9.55e-01	4.48e-02	4.60e-05	2.72e-07	0.00e+00	0.00e+00	0.00e+00	0.00e+00	0.00e+00	9.55e-01	1.48e-05	1.04e-05
 1.48044e+21	9.57e-01	4.32e-02	4.54e-05	2.57e-07	0.00e+00	0.00e+00	0.00e+00	0.00e+00	0.00e+00	9.57e-01	1.45e-05	1.03e-05
 1.51347e+21	9.58e-01	4.17e-02	4.49e-05	2.43e-07	0.00e+00	0.00e+00	0.00e+00	0.00e+00	0.00e+00	9.58e-01	1.42e-05	1.01e-05
 1.54582e+21	9.60e-01	4.02e-02	4.44e-05	2.30e-07	0.00e+00	0.00e+00	0.00e+00	0.00e+00	0.00e+00	9.60e-01	1.39e-05	1.00e-05
 1.57732e+21	9.61e-01	3.88e-02	4.40e-05	2.18e-07	0.00e+00	0.00e+00	0.00e+00	0.00e+00	0.00e+00	9.61e-01	1.35e-05	9.87e-06
 1.60781e+21	9.62e-01	3.75e-02	4.36e-05	2.07e-07	0.00e+00	0.00e+00	0.00e+00	0.00e+00	0.00e+00	9.62e-01	1.32e-05	9.75e-06
 1.63724e+21	9.64e-01	3.62e-02	4.32e-05	1.97e-07	0.00e+00	0.00e+00	0.00e+00	0.00e+00	0.00e+00	9.64e-01	1.28e-05	9.63e-06
 1.66558e+21	9.65e-01	3.49e-02	4.28e-05	1.87e-07	0.00e+00	0.00e+00	0.00e+00	0.00e+00	0.00e+00	9.65e-01	1.25e-05	9.52e-06
