#depth	O	O+	O+2	O+3	O+4	O+5	O+6	O+7	O+8	O[1]	O[2]	O[3]
 1.20585e+15	1.11e-01	8.30e-01	5.95e-02	2.46e-04	2.50e-06	0.00e+00	0.00e+00	0.00e+00	0.00e+00	1.11e-01	7.57e-06	8.32e-06
 7.23509e+15	1.10e-01	8.30e-01	5.99e-02	2.49e-04	2.53e-06	0.00e+00	0.00e+00	0.00e+00	0.00e+00	1.10e-01	7.53e-06	8.28e-06
 3.13521e+16	1.10e-01	8.30e-01	6.03e-02	2.51e-04	2.55e-06	0.00e+00	0.00e+00	0.00e+00	0.00e+00	1.10e-01	7.50e-06	8.25e-06
 1.27820e+17	1.09e-01	8.30e-01	6.13e-02	2.54e-04	2.59e-06	0.00e+00	0.00e+00	0.00e+00	0.00e+00	1.09e-01	7.44e-06	8.19e-06
 3.05321e+17	1.03e-01	8.30e-01	6.69e-02	2.87e-04	2.90e-06	0.00e+00	0.00e+00	0.00e+00	0.00e+00	1.03e-01	7.04e-06	7.75e-06
 5.36072e+17	1.00e-01	8.30e-01	6.94e-02	2.99e-04	3.01e-06	0.00e+00	0.00e+00	0.00e+00	0.00e+00	1.00e-01	6.86e-06	7.56e-06
 8.36048e+17	1.00e-01	8.29e-01	7.01e-02	2.96e-04	2.99e-06	0.00e+00	0.00e+00	0.00e+00	0.00e+00	1.00e-01	6.82e-06	7.52e-06
 1.22602e+18	1.02e-01	8.29e-01	6.87e-02	2.77e-04	2.81e-06	0.00e+00	0.00e+00	0.00e+00	0.00e+00	1.02e-01	6.95e-06	7.67e-06
 1.70529e+18	1.07e-01	8.27e-01	6.52e-02	2.43e-04	2.52e-06	0.00e+00	0.00e+00	0.00e+00	0.00e+00	1.07e-01	7.26e-06	8.00e-06
 2.24907e+18	1.16e-01	8.24e-01	5.95e-02	2.00e-04	2.12e-06	0.00e+00	0.00e+00	0.00e+00	0.00e+00	1.16e-01	7.79e-06	8.59e-06
 2.88461e+18	1.30e-01	8.19e-01	5.13e-02	1.49e-04	1.65e-06	0.00e+00	0.00e+00	0.00e+00	0.00e+00	1.30e-01	8.66e-06	9.54e-06
 3.64474e+18	1.51e-01	8.07e-01	4.15e-02	9.88e-05	1.16e-06	0.00e+00	0.00e+00	0.00e+00	0.00e+00	1.51e-01	9.99e-06	1.10e-05
 4.43957e+18	1.81e-01	7.87e-01	3.21e-02	6.15e-05	7.79e-07	0.00e+00	0.00e+00	0.00e+00	0.00e+00	1.81e-01	1.17e-05	1.28e-05
 5.13243e+18	2.13e-01	7.62e-01	2.49e-02	3.92e-05	5.32e-07	0.00e+00	0.00e+00	0.00e+00	0.00e+00	2.13e-01	1.34e-05	1.47e-05
 5.70438e+18	2.43e-01	7.37e-01	1.99e-02	2.66e-05	3.82e-07	0.00e+00	0.00e+00	0.00e+00	0.00e+00	2.43e-01	1.50e-05	1.64e-05
 6.30828e+18	2.78e-01	7.06e-01	1.56e-02	1.76e-05	2.70e-07	0.00e+00	0.00e+00	0.00e+00	0.00e+00	2.78e-01	1.66e-05	1.82e-05
 6.98428e+18	3.20e-01	6.68e-01	1.18e-02	1.13e-05	1.84e-07	0.00e+00	0.00e+00	0.00e+00	0.00e+00	3.20e-01	1.84e-05	2.01e-05
 7.60822e+18	3.60e-01	6.31e-01	9.19e-03	7.61e-06	1.30e-07	0.00e+00	0.00e+00	0.00e+00	0.00e+00	3.60e-01	1.98e-05	2.16e-05
 8.13613e+18	3.94e-01	5.99e-01	7.44e-03	5.54e-06	0.00e+00	0.00e+00	0.00e+00	0.00e+00	0.00e+00	3.94e-01	2.08e-05	2.27e-05
 8.59849e+18	4.23e-01	5.71e-01	6.20e-03	4.23e-06	0.00e+00	0.00e+00	0.00e+00	0.00e+00	0.00e+00	4.23e-01	2.16e-05	2.36e-05
 9.04699e+18	4.51e-01	5.44e-01	5.20e-03	3.30e-06	0.00e+00	0.00e+00	0.00e+00	0.00e+00	0.00e+00	4.51e-01	2.22e-05	2.42e-05
 9.50179e+18	4.78e-01	5.17e-01	4.37e-03	2.59e-06	0.00e+00	0.00e+00	0.00e+00	0.00e+00	0.00e+00	4.78e-01	2.27e-05	2.47e-05
 9.95657e+18	5.04e-01	4.92e-01	3.68e-03	2.07e-06	0.00e+00	0.00e+00	0.00e+00	0.00e+00	0.00e+00	5.04e-01	2.30e-05	2.51e-05
 1.04032e+19	5.29e-01	4.68e-01	3.12e-03	1.67e-06	0.00e+00	0.00e+00	0.00e+00	0.00e+00	0.00e+00	5.29e-01	2.32e-05	2.54e-05
 1.08473e+19	5.52e-01	4.45e-01	2.66e-03	1.37e-06	0.00e+00	0.00e+00	0.00e+00	0.00e+00	0.00e+00	5.52e-01	2.34e-05	2.55e-05
 1.12914e+19	5.73e-01	4.24e-01	2.28e-03	1.14e-06	0.00e+00	0.00e+00	0.00e+00	0.00e+00	0.00e+00	5.73e-01	2.34e-05	2.55e-05
 1.17313e+19	5.93e-01	4.05e-01	1.96e-03	9.54e-07	0.00e+00	0.00e+00	0.00e+00	0.00e+00	0.00e+00	5.93e-01	2.34e-05	2.55e-05
 1.20914e+19	6.08e-01	3.91e-01	1.75e-03	8.40e-07	0.00e+00	0.00e+00	0.00e+00	0.00e+00	0.00e+00	6.08e-01	2.34e-05	2.55e-05
 1.23541e+19	6.18e-01	3.80e-01	1.60e-03	7.65e-07	0.00e+00	0.00e+00	0.00e+00	0.00e+00	0.00e+00	6.18e-01	2.33e-05	2.54e-05
 1.26146e+19	6.29e-01	3.69e-01	1.47e-03	6.96e-07	0.00e+00	0.00e+00	0.00e+00	0.00e+00	0.00e+00	6.29e-01	2.32e-05	2.53e-05
 1.29100e+19	6.40e-01	3.59e-01	1.33e-03	6.31e-07	0.00e+00	0.00e+00	0.00e+00	0.00e+00	0.00e+00	6.40e-01	2.31e-05	2.52e-05
 1.32396e+19	6.52e-01	3.47e-01	1.20e-03	5.66e-07	0.00e+00	0.00e+00	0.00e+00	0.00e+00	0.00e+00	6.52e-01	2.30e-05	2.50e-05
 1.35776e+19	6.63e-01	3.35e-01	1.08e-03	5.12e-07	0.00e+00	0.00e+00	0.00e+00	0.00e+00	0.00e+00	6.63e-01	2.28e-05	2.49e-05
 1.39147e+19	6.75e-01	3.24e-01	9.72e-04	4.63e-07	0.00e+00	0.00e+00	0.00e+00	0.00e+00	0.00e+00	6.75e-01	2.27e-05	2.47e-05
 1.42598e+19	6.85e-01	3.14e-01	8.77e-04	4.21e-07	0.00e+00	0.00e+00	0.00e+00	0.00e+00	0.00e+00	6.85e-01	2.25e-05	2.45e-05
 1.46187e+19	6.96e-01	3.03e-01	7.87e-04	3.82e-07	0.00e+00	0.00e+00	0.00e+00	0.00e+00	0.00e+00	6.96e-01	2.23e-05	2.42e-05
 1.49932e+19	7.06e-01	2.93e-01	7.06e-04	3.49e-07	0.00e+00	0.00e+00	0.00e+00	0.00e+00	0.00e+00	7.06e-01	2.21e-05	2.40e-05
 1.53827e+19	7.17e-01	2.83e-01	6.31e-04	3.17e-07	0.00e+00	0.00e+00	0.00e+00	0.00e+00	0.00e+00	7.17e-01	2.19e-05	2.37e-05
 1.57869e+19	7.27e-01	2.72e-01	5.63e-04	2.90e-07	0.00e+00	0.00e+00	0.00e+00	0.00e+00	0.00e+00	7.27e-01	2.16e-05	2.35e-05
 1.61969e+19	7.37e-01	2.63e-01	5.03e-04	2.66e-07	0.00e+00	0.00e+00	0.00e+00	0.00e+00	0.00e+00	7.37e-01	2.14e-05	2.32e-05
 1.66196e+19	7.46e-01	2.54e-01	4.49e-04	2.44e-07	0.00e+00	0.00e+00	0.00e+00	0.00e+00	0.00e+00	7.46e-01	2.11e-05	2.29e-05
 1.70632e+19	7.55e-01	2.44e-01	3.99e-04	2.24e-07	0.00e+00	0.00e+00	0.00e+00	0.00e+00	0.00e+00	7.55e-01	2.08e-05	2.26e-05
 1.75259e+19	7.64e-01	2.35e-01	3.55e-04	2.07e-07	0.00e+00	0.00e+00	0.00e+00	0.00e+00	0.00e+00	7.64e-01	2.05e-05	2.23e-05
 1.80074e+19	7.73e-01	2.26e-01	3.15e-04	1.91e-07	0.00e+00	0.00e+00	0.00e+00	0.00e+00	0.00e+00	7.73e-01	2.03e-05	2.20e-05
 1.85036e+19	7.82e-01	2.18e-01	2.80e-04	1.77e-07	0.00e+00	0.00e+00	0.00e+00	0.00e+00	0.00e+00	7.82e-01	2.00e-05	2.16e-05
 1.90219e+19	7.90e-01	2.10e-01	2.48e-04	1.64e-07	0.00e+00	0.00e+00	0.00e+00	0.00e+00	0.00e+00	7.90e-01	1.97e-05	2.13e-05
 1.95641e+19	7.98e-01	2.02e-01	2.20e-04	1.53e-07	0.00e+00	0.00e+00	0.00e+00	0.00e+00	0.00e+00	7.98e-01	1.94e-05	2.10e-05
 2.01327e+19	8.06e-01	1.94e-01	1.95e-04	1.42e-07	0.00e+00	0.00e+00	0.00e+00	0.00e+00	0.00e+00	8.06e-01	1.91e-05	2.06e-05
 2.07282e+19	8.13e-01	1.87e-01	1.73e-04	1.33e-07	0.00e+00	0.00e+00	0.00e+00	0.00e+00	0.00e+00	8.13e-01	1.88e-05	2.03e-05
 2.13565e+19	8.21e-01	1.79e-01	1.53e-04	1.24e-07	0.00e+00	0.00e+00	0.00e+00	0.00e+00	0.00e+00	8.21e-01	1.85e-05	2.00e-05
 2.20264e+19	8.28e-01	1.72e-01	1.35e-04	0.00e+00	0.00e+00	0.00e+00	0.00e+00	0.00e+00	0.00e+00	8.28e-01	1.82e-05	1.96e-05
 2.27291e+19	8.34e-01	1.66e-01	1.20e-04	0.00e+00	0.00e+00	0.00e+00	0.00e+00	0.00e+00	0.00e+00	8.34e-01	1.79e-05	1.93e-05
 2.34699e+19	8.41e-01	1.59e-01	1.06e-04	0.00e+00	0.00e+00	0.00e+00	0.00e+00	0.00e+00	0.00e+00	8.41e-01	1.76e-05	1.90e-05
 2.42528e+19	8.47e-01	1.53e-01	9.44e-05	0.00e+00	0.00e+00	0.00e+00	0.00e+00	0.00e+00	0.00e+00	8.47e-01	1.73e-05	1.87e-05
 2.50819e+19	8.53e-01	1.47e-01	8.42e-05	0.00e+00	0.00e+00	0.00e+00	0.00e+00	0.00e+00	0.00e+00	8.52e-01	1.70e-05	1.84e-05
 2.59623e+19	8.58e-01	1.42e-01	7.52e-05	0.00e+00	0.00e+00	0.00e+00	0.00e+00	0.00e+00	0.00e+00	8.58e-01	1.68e-05	1.81e-05
 2.69009e+19	8.63e-01	1.37e-01	6.73e-05	0.00e+00	0.00e+00	0.00e+00	0.00e+00	0.00e+00	0.00e+00	8.63e-01	1.65e-05	1.78e-05
 2.79139e+19	8.68e-01	1.32e-01	6.04e-05	0.00e+00	0.00e+00	0.00e+00	0.00e+00	0.00e+00	0.00e+00	8.68e-01	1.63e-05	1.75e-05
 2.90035e+19	8.73e-01	1.27e-01	5.43e-05	0.00e+00	0.00e+00	0.00e+00	0.00e+00	0.00e+00	0.00e+00	8.73e-01	1.60e-05	1.72e-05
 3.01748e+19	8.77e-01	1.23e-01	4.89e-05	0.00e+00	0.00e+00	0.00e+00	0.00e+00	0.00e+00	0.00e+00	8.77e-01	1.58e-05	1.70e-05
 3.14481e+19	8.81e-01	1.19e-01	4.42e-05	0.00e+00	0.00e+00	0.00e+00	0.00e+00	0.00e+00	0.00e+00	8.81e-01	1.55e-05	1.67e-05
 3.28305e+19	8.85e-01	1.15e-01	3.99e-05	0.00e+00	0.00e+00	0.00e+00	0.00e+00	0.00e+00	0.00e+00	8.85e-01	1.53e-05	1.64e-05
 3.43418e+19	8.89e-01	1.11e-01	3.61e-05	0.00e+00	0.00e+00	0.00e+00	0.00e+00	0.00e+00	0.00e+00	8.89e-01	1.51e-05	1.62e-05
 3.59879e+19	8.93e-01	1.07e-01	3.27e-05	0.00e+00	0.00e+00	0.00e+00	0.00e+00	0.00e+00	0.00e+00	8.93e-01	1.49e-05	1.59e-05
 3.77568e+19	8.97e-01	1.03e-01	2.97e-05	0.00e+00	0.00e+00	0.00e+00	0.00e+00	0.00e+00	0.00e+00	8.97e-01	1.46e-05	1.57e-05
 3.96599e+19	9.00e-01	9.96e-02	2.70e-05	0.00e+00	0.00e+00	0.00e+00	0.00e+00	0.00e+00	0.00e+00	9.00e-01	1.44e-05	1.55e-05
 4.17000e+19	9.04e-01	9.61e-02	2.46e-05	0.00e+00	0.00e+00	0.00e+00	0.00e+00	0.00e+00	0.00e+00	9.04e-01	1.42e-05	1.52e-05
 4.38783e+19	9.07e-01	9.28e-02	2.25e-05	0.00e+00	0.00e+00	0.00e+00	0.00e+00	0.00e+00	0.00e+00	9.07e-01	1.40e-05	1.50e-05
 4.62005e+19	9.10e-01	8.95e-02	2.06e-05	0.00e+00	0.00e+00	0.00e+00	0.00e+00	0.00e+00	0.00e+00	9.10e-01	1.38e-05	1.48e-05
 4.86592e+19	9.14e-01	8.64e-02	1.89e-05	0.00e+00	0.00e+00	0.00e+00	0.00e+00	0.00e+00	0.00e+00	9.14e-01	1.36e-05	1.45e-05
 5.12510e+19	9.17e-01	8.33e-02	1.74e-05	0.00e+00	0.00e+00	0.00e+00	0.00e+00	0.00e+00	0.00e+00	9.17e-01	1.34e-05	1.43e-05
 5.39770e+19	9.20e-01	8.04e-02	1.60e-05	0.00e+00	0.00e+00	0.00e+00	0.00e+00	0.00e+00	0.00e+00	9.20e-01	1.32e-05	1.41e-05
 5.68353e+19	9.22e-01	7.75e-02	1.48e-05	0.00e+00	0.00e+00	0.00e+00	0.00e+00	0.00e+00	0.00e+00	9.22e-01	1.30e-05	1.38e-05
 5.98262e+19	9.25e-01	7.48e-02	1.37e-05	0.00e+00	0.00e+00	0.00e+00	0.00e+00	0.00e+00	0.00e+00	9.25e-01	1.28e-05	1.35e-05
 6.29404e+19	9.28e-01	7.21e-02	1.28e-05	0.00e+00	0.00e+00	0.00e+00	0.00e+00	0.00e+00	0.00e+00	9.28e-01	1.25e-05	1.32e-05
 6.61873e+19	9.30e-01	6.95e-02	1.19e-05	0.00e+00	0.00e+00	0.00e+00	0.00e+00	0.00e+00	0.00e+00	9.30e-01	1.23e-05	1.29e-05
 6.95866e+19	9.33e-01	6.69e-02	1.12e-05	0.00e+00	0.00e+00	0.00e+00	0.00e+00	0.00e+00	0.00e+00	9.33e-01	1.22e-05	1.27e-05
 7.31594e+19	9.36e-01	6.45e-02	1.05e-05	0.00e+00	0.00e+00	0.00e+00	0.00e+00	0.00e+00	0.00e+00	9.35e-01	1.20e-05	1.24e-05
 7.68872e+19	9.38e-01	6.21e-02	9.88e-06	0.00e+00	0.00e+00	0.00e+00	0.00e+00	0.00e+00	0.00e+00	9.38e-01	1.18e-05	1.22e-05
 8.07374e+19	9.40e-01	5.98e-02	9.34e-06	0.00e+00	0.00e+00	0.00e+00	0.00e+00	0.00e+00	0.00e+00	9.40e-01	1.16e-05	1.20e-05
 8.47351e+19	9.42e-01	5.77e-02	8.86e-06	0.00e+00	0.00e+00	0.00e+00	0.00e+00	0.00e+00	0.00e+00	9.42e-01	1.14e-05	1.17e-05
 8.88880e+19	9.44e-01	5.56e-02	8.43e-06	0.00e+00	0.00e+00	0.00e+00	0.00e+00	0.00e+00	0.00e+00	9.44e-01	1.13e-05	1.15e-05
 9.32082e+19	9.46e-01	5.35e-02	8.04e-06	0.00e+00	0.00e+00	0.00e+00	0.00e+00	0.00e+00	0.00e+00	9.46e-01	1.11e-05	1.13e-05
 9.77017e+19	9.48e-01	5.15e-02	7.70e-06	0.00e+00	0.00e+00	0.00e+00	0.00e+00	0.00e+00	0.00e+00	9.48e-01	1.10e-05	1.11e-05
 1.02321e+20	9.50e-01	4.96e-02	7.39e-06	0.00e+00	0.00e+00	0.00e+00	0.00e+00	0.00e+00	0.00e+00	9.50e-01	1.08e-05	1.09e-05
 1.06969e+20	9.52e-01	4.79e-02	7.13e-06	0.00e+00	0.00e+00	0.00e+00	0.00e+00	0.00e+00	0.00e+00	9.52e-01	1.07e-05	1.08e-05
 1.11560e+20	9.54e-01	4.62e-02	6.91e-06	0.00e+00	0.00e+00	0.00e+00	0.00e+00	0.00e+00	0.00e+00	9.54e-01	1.05e-05	1.06e-05
 1.16080e+20	9.55e-01	4.47e-02	6.72e-06	0.00e+00	0.00e+00	0.00e+00	0.00e+00	0.00e+00	0.00e+00	9.55e-01	1.04e-05	1.04e-05
 1.20541e+20	9.57e-01	4.32e-02	6.56e-06	0.00e+00	0.00e+00	0.00e+00	0.00e+00	0.00e+00	0.00e+00	9.57e-01	1.03e-05	1.03e-05
 1.24934e+20	9.58e-01	4.19e-02	6.42e-06	0.00e+00	0.00e+00	0.00e+00	0.00e+00	0.00e+00	0.00e+00	9.58e-01	1.02e-05	1.01e-05
 1.29228e+20	9.59e-01	4.06e-02	6.30e-06	0.00e+00	0.00e+00	0.00e+00	0.00e+00	0.00e+00	0.00e+00	9.59e-01	1.01e-05	1.00e-05
 1.33392e+20	9.61e-01	3.95e-02	6.20e-06	0.00e+00	0.00e+00	0.00e+00	0.00e+00	0.00e+00	0.00e+00	9.61e-01	9.95e-06	9.90e-06
 1.37408e+20	9.62e-01	3.84e-02	6.12e-06	0.00e+00	0.00e+00	0.00e+00	0.00e+00	0.00e+00	0.00e+00	9.62e-01	9.85e-06	9.78e-06
 1.41268e+20	9.63e-01	3.73e-02	6.05e-06	0.00e+00	0.00e+00	0.00e+00	0.00e+00	0.00e+00	0.00e+00	9.63e-01	9.76e-06	9.67e-06
 1.44961e+20	9.64e-01	3.64e-02	5.99e-06	0.00e+00	0.00e+00	0.00e+00	0.00e+00	0.00e+00	0.00e+00	9.64e-01	9.66e-06	9.56e-06
