#depth	He	He+	He+2
 1.29227e+16	2.45e-03	3.58e-01	6.40e-01
 7.75359e+16	2.46e-03	3.58e-01	6.39e-01
 3.35989e+17	2.45e-03	3.59e-01	6.39e-01
 1.36980e+18	2.42e-03	3.62e-01	6.36e-01
 3.27202e+18	2.30e-03	3.59e-01	6.39e-01
 5.74489e+18	2.25e-03	3.63e-01	6.35e-01
 8.95964e+18	2.24e-03	3.73e-01	6.25e-01
 1.31388e+19	2.30e-03	3.94e-01	6.04e-01
 1.85717e+19	2.47e-03	4.29e-01	5.69e-01
 2.56345e+19	2.82e-03	4.84e-01	5.13e-01
 3.43297e+19	3.40e-03	5.62e-01	4.34e-01
 4.28988e+19	4.11e-03	6.44e-01	3.52e-01
 4.93307e+19	4.72e-03	7.02e-01	2.94e-01
 5.37331e+19	5.17e-03	7.37e-01	2.58e-01
 5.72851e+19	5.57e-03	7.62e-01	2.32e-01
 6.12303e+19	6.05e-03	7.88e-01	2.06e-01
 6.53875e+19	6.56e-03	8.11e-01	1.82e-01
 6.89009e+19	7.01e-03	8.28e-01	1.65e-01
 7.20076e+19	7.44e-03	8.41e-01	1.51e-01
 7.55052e+19	7.98e-03	8.55e-01	1.37e-01
 7.91802e+19	8.57e-03	8.67e-01	1.24e-01
 8.22379e+19	9.11e-03	8.76e-01	1.15e-01
 8.48793e+19	9.63e-03	8.83e-01	1.08e-01
 8.78276e+19	1.03e-02	8.90e-01	9.98e-02
 9.09737e+19	1.10e-02	8.96e-01	9.25e-02
 9.36480e+19	1.18e-02	9.01e-01	8.69e-02
 9.59589e+19	1.25e-02	9.05e-01	8.24e-02
 9.85266e+19	1.34e-02	9.09e-01	7.75e-02
 1.01277e+20	1.45e-02	9.13e-01	7.28e-02
 1.03640e+20	1.57e-02	9.15e-01	6.92e-02
 1.05699e+20	1.68e-02	9.17e-01	6.62e-02
 1.07986e+20	1.83e-02	9.19e-01	6.28e-02
 1.10435e+20	2.01e-02	9.20e-01	5.97e-02
 1.12570e+20	2.21e-02	9.21e-01	5.71e-02
 1.14340e+20	2.40e-02	9.21e-01	5.51e-02
 1.15867e+20	2.59e-02	9.21e-01	5.36e-02
 1.17558e+20	2.84e-02	9.20e-01	5.17e-02
 1.19289e+20	3.13e-02	9.19e-01	5.01e-02
 1.20665e+20	3.39e-02	9.17e-01	4.90e-02
 1.21827e+20	3.66e-02	9.15e-01	4.80e-02
 1.23119e+20	4.00e-02	9.13e-01	4.69e-02
 1.24483e+20	4.39e-02	9.10e-01	4.60e-02
 1.25638e+20	4.77e-02	9.07e-01	4.52e-02
 1.26642e+20	5.15e-02	9.04e-01	4.46e-02
 1.27758e+20	5.63e-02	9.00e-01	4.39e-02
 1.28957e+20	6.20e-02	8.95e-01	4.33e-02
 1.30008e+20	6.76e-02	8.89e-01	4.29e-02
 1.30962e+20	7.34e-02	8.84e-01	4.25e-02
 1.32046e+20	8.09e-02	8.77e-01	4.20e-02
 1.33232e+20	8.98e-02	8.68e-01	4.17e-02
 1.34314e+20	9.89e-02	8.60e-01	4.15e-02
 1.35380e+20	1.09e-01	8.50e-01	4.13e-02
 1.36516e+20	1.21e-01	8.38e-01	4.11e-02
 1.37616e+20	1.34e-01	8.25e-01	4.10e-02
 1.38603e+20	1.47e-01	8.12e-01	4.09e-02
 1.39506e+20	1.60e-01	7.99e-01	4.09e-02
 1.40373e+20	1.73e-01	7.86e-01	4.09e-02
 1.41225e+20	1.87e-01	7.72e-01	4.08e-02
 1.41895e+20	1.98e-01	7.61e-01	4.08e-02
 1.42349e+20	2.07e-01	7.53e-01	4.08e-02
 1.42788e+20	2.15e-01	7.44e-01	4.07e-02
 1.43288e+20	2.25e-01	7.34e-01	4.06e-02
 1.43823e+20	2.36e-01	7.23e-01	4.06e-02
 1.44363e+20	2.48e-01	7.12e-01	4.05e-02
 1.44893e+20	2.59e-01	7.01e-01	4.04e-02
 1.45422e+20	2.71e-01	6.88e-01	4.03e-02
 1.45965e+20	2.84e-01	6.76e-01	4.02e-02
 1.46522e+20	2.97e-01	6.63e-01	4.00e-02
 1.47091e+20	3.12e-01	6.48e-01	3.98e-02
 1.47661e+20	3.26e-01	6.34e-01	3.95e-02
 1.48244e+20	3.42e-01	6.19e-01	3.92e-02
 1.48845e+20	3.57e-01	6.04e-01	3.89e-02
 1.49464e+20	3.74e-01	5.87e-01	3.85e-02
 1.50101e+20	3.91e-01	5.71e-01	3.81e-02
 1.50759e+20	4.10e-01	5.53e-01	3.75e-02
 1.51448e+20	4.28e-01	5.35e-01	3.70e-02
 1.52174e+20	4.48e-01	5.16e-01	3.63e-02
 1.52936e+20	4.68e-01	4.97e-01	3.56e-02
 1.53743e+20	4.89e-01	4.77e-01	3.48e-02
 1.54616e+20	5.10e-01	4.56e-01	3.39e-02
 1.55549e+20	5.31e-01	4.36e-01	3.28e-02
 1.56549e+20	5.52e-01	4.16e-01	3.18e-02
 1.57645e+20	5.73e-01	3.97e-01	3.06e-02
 1.58861e+20	5.93e-01	3.78e-01	2.94e-02
 1.60244e+20	6.12e-01	3.60e-01	2.81e-02
 1.61712e+20	6.29e-01	3.44e-01	2.70e-02
 1.63154e+20	6.42e-01	3.32e-01	2.60e-02
 1.64575e+20	6.52e-01	3.23e-01	2.50e-02
 1.66198e+20	6.62e-01	3.13e-01	2.41e-02
 1.68309e+20	6.73e-01	3.04e-01	2.30e-02
 1.71052e+20	6.84e-01	2.95e-01	2.17e-02
 1.74618e+20	6.95e-01	2.85e-01	2.03e-02
 1.79254e+20	7.07e-01	2.74e-01	1.87e-02
 1.85142e+20	7.20e-01	2.63e-01	1.70e-02
 1.91882e+20	7.34e-01	2.51e-01	1.53e-02
 1.98834e+20	7.46e-01	2.40e-01	1.39e-02
 2.05916e+20	7.58e-01	2.29e-01	1.26e-02
 2.13327e+20	7.69e-01	2.19e-01	1.14e-02
 2.21190e+20	7.80e-01	2.09e-01	1.03e-02
 2.29469e+20	7.91e-01	2.00e-01	9.30e-03
 2.38126e+20	8.01e-01	1.91e-01	8.41e-03
 2.47179e+20	8.11e-01	1.82e-01	7.59e-03
 2.56685e+20	8.20e-01	1.73e-01	6.86e-03
 2.66668e+20	8.29e-01	1.65e-01	6.19e-03
 2.77162e+20	8.37e-01	1.57e-01	5.59e-03
 2.88185e+20	8.45e-01	1.50e-01	5.04e-03
 2.99733e+20	8.53e-01	1.42e-01	4.55e-03
 3.11839e+20	8.61e-01	1.35e-01	4.10e-03
 3.24579e+20	8.68e-01	1.29e-01	3.69e-03
 3.37974e+20	8.74e-01	1.22e-01	3.33e-03
 3.52074e+20	8.81e-01	1.16e-01	2.99e-03
 3.66895e+20	8.87e-01	1.10e-01	2.69e-03
 3.82420e+20	8.93e-01	1.05e-01	2.42e-03
 3.98713e+20	8.99e-01	9.92e-02	2.18e-03
 4.15889e+20	9.04e-01	9.41e-02	1.96e-03
 4.33970e+20	9.09e-01	8.91e-02	1.76e-03
 4.53035e+20	9.14e-01	8.45e-02	1.58e-03
 4.73106e+20	9.19e-01	8.00e-02	1.41e-03
 4.94150e+20	9.23e-01	7.57e-02	1.27e-03
 5.16277e+20	9.27e-01	7.17e-02	1.14e-03
 5.39655e+20	9.31e-01	6.78e-02	1.02e-03
 5.64426e+20	9.35e-01	6.41e-02	9.11e-04
 5.90514e+20	9.39e-01	6.05e-02	8.15e-04
 6.17897e+20	9.42e-01	5.72e-02	7.28e-04
 6.47021e+20	9.45e-01	5.40e-02	6.50e-04
 6.77956e+20	9.49e-01	5.09e-02	5.79e-04
 7.10500e+20	9.51e-01	4.80e-02	5.17e-04
 7.44894e+20	9.54e-01	4.53e-02	4.60e-04
 7.81691e+20	9.57e-01	4.26e-02	4.09e-04
 8.20979e+20	9.60e-01	4.01e-02	3.63e-04
 8.62581e+20	9.62e-01	3.78e-02	3.22e-04
 9.06859e+20	9.64e-01	3.55e-02	2.86e-04
 9.54437e+20	9.66e-01	3.34e-02	2.53e-04
 1.00559e+21	9.68e-01	3.13e-02	2.24e-04
 1.06080e+21	9.70e-01	2.94e-02	1.97e-04
 1.12039e+21	9.72e-01	2.75e-02	1.74e-04
 1.18460e+21	9.74e-01	2.58e-02	1.53e-04
 1.25434e+21	9.76e-01	2.41e-02	1.35e-04
 1.33083e+21	9.77e-01	2.26e-02	1.18e-04
 1.41496e+21	9.79e-01	2.11e-02	1.03e-04
 1.50834e+21	9.80e-01	1.97e-02	9.05e-05
 1.61225e+21	9.82e-01	1.84e-02	7.90e-05
 1.72799e+21	9.83e-01	1.71e-02	6.90e-05
 1.85884e+21	9.84e-01	1.60e-02	6.01e-05
 2.00919e+21	9.85e-01	1.49e-02	5.23e-05
 2.18343e+21	9.86e-01	1.39e-02	4.54e-05
 2.38902e+21	9.87e-01	1.29e-02	3.95e-05
 2.62617e+21	9.88e-01	1.21e-02	3.45e-05
 2.88879e+21	9.89e-01	1.13e-02	3.05e-05
 3.17767e+21	9.89e-01	1.07e-02	2.73e-05
 3.49543e+21	9.90e-01	1.02e-02	2.48e-05
 3.84498e+21	9.90e-01	9.76e-03	2.27e-05
 4.22947e+21	9.91e-01	9.39e-03	2.11e-05
 4.63121e+21	9.91e-01	9.10e-03	1.98e-05
 5.01608e+21	9.91e-01	8.88e-03	1.89e-05
 5.37528e+21	9.91e-01	8.72e-03	1.82e-05
 5.77705e+21	9.91e-01	8.56e-03	1.76e-05
 6.21059e+21	9.92e-01	8.43e-03	1.70e-05
 6.58520e+21	9.92e-01	8.33e-03	1.67e-05
 6.91242e+21	9.92e-01	8.27e-03	1.64e-05
 7.27829e+21	9.92e-01	8.20e-03	1.61e-05
 7.69120e+21	9.92e-01	8.13e-03	1.58e-05
 8.07368e+21	9.92e-01	8.05e-03	1.55e-05
 8.40963e+21	9.92e-01	8.03e-03	1.55e-05
 8.77669e+21	9.92e-01	7.98e-03	1.53e-05
 9.18764e+21	9.92e-01	7.94e-03	1.51e-05
 9.56739e+21	9.92e-01	7.91e-03	1.50e-05
 9.90987e+21	9.92e-01	7.89e-03	1.49e-05
 1.02921e+22	9.92e-01	7.86e-03	1.48e-05
 1.07141e+22	9.92e-01	7.83e-03	1.47e-05
 1.10955e+22	9.92e-01	7.81e-03	1.46e-05
 1.14386e+22	9.92e-01	7.79e-03	1.45e-05
 1.18239e+22	9.92e-01	7.78e-03	1.45e-05
 1.22540e+22	9.92e-01	7.76e-03	1.44e-05
 1.26485e+22	9.92e-01	7.74e-03	1.43e-05
 1.30032e+22	9.92e-01	7.73e-03	1.43e-05
 1.34002e+22	9.92e-01	7.72e-03	1.43e-05
 1.38445e+22	9.92e-01	7.70e-03	1.42e-05
 1.42548e+22	9.92e-01	7.69e-03	1.42e-05
 1.46278e+22	9.92e-01	7.68e-03	1.41e-05
 1.50477e+22	9.92e-01	7.67e-03	1.41e-05
 1.55185e+22	9.92e-01	7.66e-03	1.40e-05
 1.59567e+22	9.92e-01	7.65e-03	1.40e-05
 1.63607e+22	9.92e-01	7.65e-03	1.40e-05
 1.68191e+22	9.92e-01	7.63e-03	1.39e-05
 1.74150e+22	9.92e-01	7.63e-03	1.39e-05
 1.80230e+22	9.92e-01	7.61e-03	1.39e-05
 1.85182e+22	9.92e-01	7.61e-03	1.38e-05
 1.90339e+22	9.92e-01	7.60e-03	1.38e-05
 1.97042e+22	9.92e-01	7.59e-03	1.38e-05
 2.05756e+22	9.92e-01	7.58e-03	1.37e-05
 2.15337e+22	9.92e-01	7.57e-03	1.37e-05
 2.24421e+22	9.92e-01	7.56e-03	1.36e-05
 2.32836e+22	9.92e-01	7.55e-03	1.36e-05
 2.40409e+22	9.92e-01	7.54e-03	1.36e-05
 2.47225e+22	9.92e-01	7.54e-03	1.36e-05
 2.53359e+22	9.92e-01	7.53e-03	1.36e-05
 2.58880e+22	9.92e-01	7.53e-03	1.36e-05
 2.63849e+22	9.92e-01	7.53e-03	1.35e-05
 2.68321e+22	9.92e-01	7.53e-03	1.35e-05
 2.72346e+22	9.92e-01	7.52e-03	1.35e-05
 2.75968e+22	9.92e-01	7.52e-03	1.35e-05
 2.79228e+22	9.92e-01	7.52e-03	1.35e-05
 2.82315e+22	9.92e-01	7.52e-03	1.35e-05
 2.85400e+22	9.92e-01	7.53e-03	1.36e-05
 2.88486e+22	9.92e-01	7.53e-03	1.36e-05
 2.91572e+22	9.92e-01	7.53e-03	1.36e-05
 2.94658e+22	9.92e-01	7.54e-03	1.37e-05
 2.97743e+22	9.92e-01	7.55e-03	1.37e-05
 3.00728e+22	9.92e-01	7.57e-03	1.38e-05
 3.03358e+22	9.92e-01	7.59e-03	1.39e-05
 3.05477e+22	9.92e-01	7.62e-03	1.41e-05
 3.07487e+22	9.92e-01	7.67e-03	1.43e-05
