#depth	O	O+	O+2	O+3	O+4	O+5	O+6	O+7	O+8	O[1]	O[2]	O[3]
 2.00863e+16	3.70e-07	7.20e-04	1.08e-01	6.35e-01	2.33e-01	2.22e-02	9.32e-04	3.35e-07	0.00e+00	3.70e-07	8.88e-11	1.01e-10
 1.20518e+17	3.69e-07	7.19e-04	1.09e-01	6.35e-01	2.32e-01	2.22e-02	9.30e-04	3.34e-07	0.00e+00	3.69e-07	8.85e-11	1.00e-10
 5.22244e+17	3.67e-07	7.19e-04	1.10e-01	6.36e-01	2.31e-01	2.20e-02	9.22e-04	3.31e-07	0.00e+00	3.66e-07	8.79e-11	9.95e-11
 2.12915e+18	3.60e-07	7.19e-04	1.15e-01	6.36e-01	2.26e-01	2.13e-02	8.90e-04	3.19e-07	0.00e+00	3.59e-07	8.62e-11	9.76e-11
 5.08585e+18	3.35e-07	7.13e-04	1.22e-01	6.38e-01	2.18e-01	2.04e-02	8.45e-04	3.01e-07	0.00e+00	3.34e-07	8.00e-11	9.08e-11
 8.92956e+18	3.32e-07	7.38e-04	1.33e-01	6.39e-01	2.08e-01	1.91e-02	7.85e-04	2.78e-07	0.00e+00	3.31e-07	7.92e-11	8.99e-11
 1.39264e+19	3.47e-07	7.96e-04	1.49e-01	6.37e-01	1.95e-01	1.76e-02	7.09e-04	2.50e-07	0.00e+00	3.46e-07	8.27e-11	9.40e-11
 2.04223e+19	3.88e-07	9.10e-04	1.73e-01	6.32e-01	1.78e-01	1.55e-02	6.15e-04	2.15e-07	0.00e+00	3.88e-07	9.25e-11	1.05e-10
 2.76014e+19	4.47e-07	1.07e-03	2.05e-01	6.21e-01	1.59e-01	1.34e-02	5.22e-04	1.82e-07	0.00e+00	4.46e-07	1.06e-10	1.21e-10
 3.40041e+19	5.23e-07	1.26e-03	2.41e-01	6.04e-01	1.42e-01	1.15e-02	4.43e-04	1.54e-07	0.00e+00	5.22e-07	1.24e-10	1.42e-10
 3.91940e+19	6.11e-07	1.47e-03	2.77e-01	5.85e-01	1.26e-01	9.97e-03	3.80e-04	1.32e-07	0.00e+00	6.11e-07	1.45e-10	1.66e-10
 4.34291e+19	7.10e-07	1.70e-03	3.13e-01	5.63e-01	1.13e-01	8.68e-03	3.28e-04	0.00e+00	0.00e+00	7.10e-07	1.69e-10	1.92e-10
 4.71580e+19	8.24e-07	1.94e-03	3.49e-01	5.40e-01	1.01e-01	7.53e-03	2.83e-04	0.00e+00	0.00e+00	8.24e-07	1.96e-10	2.23e-10
 5.06504e+19	9.58e-07	2.22e-03	3.88e-01	5.14e-01	8.93e-02	6.47e-03	2.41e-04	0.00e+00	0.00e+00	9.58e-07	2.28e-10	2.59e-10
 5.39709e+19	1.11e-06	2.54e-03	4.29e-01	4.85e-01	7.80e-02	5.48e-03	2.03e-04	0.00e+00	0.00e+00	1.11e-06	2.65e-10	3.01e-10
 5.71150e+19	1.30e-06	2.90e-03	4.72e-01	4.53e-01	6.72e-02	4.58e-03	1.68e-04	0.00e+00	0.00e+00	1.29e-06	3.08e-10	3.50e-10
 6.00924e+19	1.50e-06	3.28e-03	5.16e-01	4.20e-01	5.72e-02	3.78e-03	1.38e-04	0.00e+00	0.00e+00	1.50e-06	3.56e-10	4.05e-10
 6.29473e+19	1.73e-06	3.70e-03	5.60e-01	3.85e-01	4.79e-02	3.07e-03	1.11e-04	0.00e+00	0.00e+00	1.73e-06	4.12e-10	4.69e-10
 6.57342e+19	2.01e-06	4.15e-03	6.03e-01	3.50e-01	3.96e-02	2.46e-03	8.73e-05	0.00e+00	0.00e+00	2.00e-06	4.76e-10	5.42e-10
 6.84967e+19	2.32e-06	4.65e-03	6.46e-01	3.15e-01	3.21e-02	1.92e-03	6.74e-05	0.00e+00	0.00e+00	2.32e-06	5.49e-10	6.26e-10
 7.16713e+19	2.75e-06	5.27e-03	6.94e-01	2.75e-01	2.45e-02	1.41e-03	4.84e-05	0.00e+00	0.00e+00	2.75e-06	6.51e-10	7.42e-10
 7.49114e+19	3.21e-06	5.90e-03	7.37e-01	2.37e-01	1.85e-02	1.02e-03	3.42e-05	0.00e+00	0.00e+00	3.21e-06	7.60e-10	8.67e-10
 7.75409e+19	3.64e-06	6.43e-03	7.69e-01	2.09e-01	1.45e-02	7.78e-04	2.54e-05	0.00e+00	0.00e+00	3.64e-06	8.60e-10	9.83e-10
 8.02634e+19	4.17e-06	7.02e-03	8.00e-01	1.82e-01	1.11e-02	5.78e-04	1.83e-05	0.00e+00	0.00e+00	4.17e-06	9.84e-10	1.13e-09
 8.32700e+19	4.77e-06	7.63e-03	8.27e-01	1.56e-01	8.39e-03	4.23e-04	1.30e-05	0.00e+00	0.00e+00	4.77e-06	1.12e-09	1.29e-09
 8.61196e+19	5.40e-06	8.21e-03	8.50e-01	1.35e-01	6.46e-03	3.17e-04	9.39e-06	0.00e+00	0.00e+00	5.39e-06	1.27e-09	1.46e-09
 8.92977e+19	6.20e-06	8.87e-03	8.71e-01	1.15e-01	4.83e-03	2.31e-04	6.55e-06	0.00e+00	0.00e+00	6.20e-06	1.46e-09	1.67e-09
 9.28698e+19	7.14e-06	9.57e-03	8.90e-01	9.69e-02	3.60e-03	1.67e-04	4.54e-06	0.00e+00	0.00e+00	7.14e-06	1.67e-09	1.93e-09
 9.67328e+19	8.30e-06	1.03e-02	9.06e-01	8.09e-02	2.67e-03	1.21e-04	3.12e-06	0.00e+00	0.00e+00	8.29e-06	1.94e-09	2.24e-09
 1.01225e+20	9.79e-06	1.12e-02	9.20e-01	6.63e-02	1.98e-03	8.67e-05	2.11e-06	0.00e+00	0.00e+00	9.78e-06	2.28e-09	2.64e-09
 1.06329e+20	1.17e-05	1.21e-02	9.33e-01	5.37e-02	1.48e-03	6.21e-05	1.43e-06	0.00e+00	0.00e+00	1.17e-05	2.73e-09	3.15e-09
 1.12222e+20	1.43e-05	1.32e-02	9.43e-01	4.28e-02	1.14e-03	4.43e-05	9.80e-07	0.00e+00	0.00e+00	1.43e-05	3.33e-09	3.85e-09
 1.19566e+20	1.83e-05	1.46e-02	9.51e-01	3.30e-02	8.89e-04	3.06e-05	6.62e-07	0.00e+00	0.00e+00	1.83e-05	4.26e-09	4.93e-09
 1.27327e+20	2.36e-05	1.61e-02	9.57e-01	2.58e-02	7.45e-04	2.20e-05	4.82e-07	0.00e+00	0.00e+00	2.36e-05	5.49e-09	6.35e-09
 1.34308e+20	3.01e-05	1.77e-02	9.61e-01	2.10e-02	6.66e-04	1.66e-05	3.80e-07	0.00e+00	0.00e+00	3.00e-05	6.98e-09	8.07e-09
 1.42061e+20	3.99e-05	1.98e-02	9.63e-01	1.67e-02	6.07e-04	1.23e-05	3.02e-07	0.00e+00	0.00e+00	3.99e-05	9.27e-09	1.07e-08
 1.48612e+20	5.10e-05	2.18e-02	9.63e-01	1.41e-02	5.77e-04	9.78e-06	2.57e-07	0.00e+00	0.00e+00	5.09e-05	1.18e-08	1.37e-08
 1.52074e+20	5.85e-05	2.30e-02	9.63e-01	1.29e-02	5.64e-04	8.64e-06	2.37e-07	0.00e+00	0.00e+00	5.84e-05	1.36e-08	1.57e-08
 1.55047e+20	6.64e-05	2.43e-02	9.63e-01	1.18e-02	5.53e-04	7.70e-06	2.20e-07	0.00e+00	0.00e+00	6.64e-05	1.54e-08	1.78e-08
 1.58912e+20	7.87e-05	2.60e-02	9.63e-01	1.06e-02	5.41e-04	6.62e-06	2.01e-07	0.00e+00	0.00e+00	7.87e-05	1.83e-08	2.11e-08
 1.63053e+20	9.49e-05	2.82e-02	9.62e-01	9.43e-03	5.31e-04	5.66e-06	1.83e-07	0.00e+00	0.00e+00	9.48e-05	2.21e-08	2.54e-08
 1.66586e+20	1.12e-04	3.02e-02	9.61e-01	8.54e-03	5.23e-04	4.94e-06	1.68e-07	0.00e+00	0.00e+00	1.12e-04	2.61e-08	3.00e-08
 1.69632e+20	1.30e-04	3.23e-02	9.59e-01	7.83e-03	5.17e-04	4.37e-06	1.57e-07	0.00e+00	0.00e+00	1.30e-04	3.04e-08	3.48e-08
 1.73007e+20	1.56e-04	3.49e-02	9.57e-01	7.06e-03	5.10e-04	3.79e-06	1.44e-07	0.00e+00	0.00e+00	1.56e-04	3.64e-08	4.17e-08
 1.76562e+20	1.88e-04	3.80e-02	9.55e-01	6.35e-03	5.03e-04	3.27e-06	1.32e-07	0.00e+00	0.00e+00	1.88e-04	4.41e-08	5.03e-08
 1.79550e+20	2.23e-04	4.11e-02	9.52e-01	5.80e-03	4.98e-04	2.87e-06	0.00e+00	0.00e+00	0.00e+00	2.23e-04	5.23e-08	5.95e-08
 1.82150e+20	2.60e-04	4.40e-02	9.50e-01	5.34e-03	4.93e-04	2.56e-06	0.00e+00	0.00e+00	0.00e+00	2.59e-04	6.10e-08	6.93e-08
 1.85049e+20	3.11e-04	4.80e-02	9.46e-01	4.84e-03	4.87e-04	2.23e-06	0.00e+00	0.00e+00	0.00e+00	3.11e-04	7.34e-08	8.30e-08
 1.88126e+20	3.79e-04	5.26e-02	9.42e-01	4.36e-03	4.82e-04	1.93e-06	0.00e+00	0.00e+00	0.00e+00	3.78e-04	8.97e-08	1.01e-07
 1.90736e+20	4.51e-04	5.72e-02	9.38e-01	3.98e-03	4.76e-04	1.69e-06	0.00e+00	0.00e+00	0.00e+00	4.51e-04	1.07e-07	1.20e-07
 1.93011e+20	5.29e-04	6.18e-02	9.34e-01	3.66e-03	4.71e-04	1.51e-06	0.00e+00	0.00e+00	0.00e+00	5.29e-04	1.26e-07	1.41e-07
 1.95551e+20	6.40e-04	6.79e-02	9.28e-01	3.31e-03	4.65e-04	1.31e-06	0.00e+00	0.00e+00	0.00e+00	6.40e-04	1.54e-07	1.70e-07
 1.98250e+20	7.85e-04	7.50e-02	9.21e-01	2.98e-03	4.58e-04	1.13e-06	0.00e+00	0.00e+00	0.00e+00	7.84e-04	1.90e-07	2.08e-07
 2.00566e+20	9.44e-04	8.22e-02	9.14e-01	2.71e-03	4.51e-04	9.86e-07	0.00e+00	0.00e+00	0.00e+00	9.43e-04	2.30e-07	2.50e-07
 2.02611e+20	1.12e-03	8.96e-02	9.06e-01	2.48e-03	4.44e-04	8.71e-07	0.00e+00	0.00e+00	0.00e+00	1.12e-03	2.75e-07	2.97e-07
 2.04895e+20	1.38e-03	9.94e-02	8.97e-01	2.22e-03	4.36e-04	7.49e-07	0.00e+00	0.00e+00	0.00e+00	1.38e-03	3.41e-07	3.64e-07
 2.07309e+20	1.71e-03	1.11e-01	8.85e-01	1.98e-03	4.27e-04	6.39e-07	0.00e+00	0.00e+00	0.00e+00	1.71e-03	4.28e-07	4.52e-07
 2.09358e+20	2.08e-03	1.23e-01	8.73e-01	1.79e-03	4.17e-04	5.53e-07	0.00e+00	0.00e+00	0.00e+00	2.08e-03	5.27e-07	5.50e-07
 2.11132e+20	2.49e-03	1.34e-01	8.61e-01	1.62e-03	4.08e-04	4.84e-07	0.00e+00	0.00e+00	0.00e+00	2.49e-03	6.37e-07	6.57e-07
 2.13085e+20	3.08e-03	1.50e-01	8.45e-01	1.45e-03	3.96e-04	4.14e-07	0.00e+00	0.00e+00	0.00e+00	3.08e-03	7.96e-07	8.09e-07
 2.15131e+20	3.85e-03	1.68e-01	8.27e-01	1.28e-03	3.83e-04	3.49e-07	0.00e+00	0.00e+00	0.00e+00	3.85e-03	1.01e-06	1.01e-06
 2.16825e+20	4.67e-03	1.85e-01	8.09e-01	1.15e-03	3.71e-04	3.01e-07	0.00e+00	0.00e+00	0.00e+00	4.67e-03	1.24e-06	1.22e-06
 2.18279e+20	5.57e-03	2.02e-01	7.91e-01	1.04e-03	3.59e-04	2.63e-07	0.00e+00	0.00e+00	0.00e+00	5.56e-03	1.49e-06	1.45e-06
 2.19892e+20	6.86e-03	2.25e-01	7.67e-01	9.17e-04	3.44e-04	2.22e-07	0.00e+00	0.00e+00	0.00e+00	6.86e-03	1.86e-06	1.79e-06
 2.21587e+20	8.54e-03	2.51e-01	7.40e-01	8.03e-04	3.27e-04	1.85e-07	0.00e+00	0.00e+00	0.00e+00	8.54e-03	2.33e-06	2.22e-06
 2.23010e+20	1.03e-02	2.75e-01	7.13e-01	7.12e-04	3.10e-04	1.57e-07	0.00e+00	0.00e+00	0.00e+00	1.03e-02	2.85e-06	2.68e-06
 2.24256e+20	1.23e-02	3.00e-01	6.87e-01	6.35e-04	2.95e-04	1.34e-07	0.00e+00	0.00e+00	0.00e+00	1.23e-02	3.41e-06	3.18e-06
 2.25651e+20	1.51e-02	3.31e-01	6.53e-01	5.53e-04	2.76e-04	1.12e-07	0.00e+00	0.00e+00	0.00e+00	1.51e-02	4.21e-06	3.89e-06
 2.27136e+20	1.89e-02	3.67e-01	6.13e-01	4.73e-04	2.54e-04	0.00e+00	0.00e+00	0.00e+00	0.00e+00	1.89e-02	5.27e-06	4.83e-06
 2.28397e+20	2.29e-02	4.01e-01	5.75e-01	4.09e-04	2.33e-04	0.00e+00	0.00e+00	0.00e+00	0.00e+00	2.29e-02	6.42e-06	5.84e-06
 2.29484e+20	2.73e-02	4.33e-01	5.39e-01	3.57e-04	2.14e-04	0.00e+00	0.00e+00	0.00e+00	0.00e+00	2.73e-02	7.64e-06	6.92e-06
 2.30684e+20	3.33e-02	4.71e-01	4.95e-01	3.03e-04	1.92e-04	0.00e+00	0.00e+00	0.00e+00	0.00e+00	3.33e-02	9.31e-06	8.40e-06
 2.31978e+20	4.13e-02	5.13e-01	4.45e-01	2.51e-04	1.68e-04	0.00e+00	0.00e+00	0.00e+00	0.00e+00	4.13e-02	1.15e-05	1.03e-05
 2.33002e+20	4.91e-02	5.47e-01	4.03e-01	2.14e-04	1.48e-04	0.00e+00	0.00e+00	0.00e+00	0.00e+00	4.90e-02	1.36e-05	1.22e-05
 2.33742e+20	5.56e-02	5.72e-01	3.72e-01	1.89e-04	1.34e-04	0.00e+00	0.00e+00	0.00e+00	0.00e+00	5.56e-02	1.54e-05	1.38e-05
 2.34502e+20	6.38e-02	5.98e-01	3.38e-01	1.64e-04	1.19e-04	0.00e+00	0.00e+00	0.00e+00	0.00e+00	6.37e-02	1.76e-05	1.57e-05
 2.35355e+20	7.43e-02	6.26e-01	3.00e-01	1.39e-04	1.02e-04	0.00e+00	0.00e+00	0.00e+00	0.00e+00	7.42e-02	2.03e-05	1.81e-05
 2.36130e+20	8.52e-02	6.49e-01	2.66e-01	1.19e-04	8.79e-05	0.00e+00	0.00e+00	0.00e+00	0.00e+00	8.52e-02	2.32e-05	2.06e-05
 2.36800e+20	9.57e-02	6.67e-01	2.37e-01	1.04e-04	7.65e-05	0.00e+00	0.00e+00	0.00e+00	0.00e+00	9.57e-02	2.59e-05	2.30e-05
 2.37530e+20	1.09e-01	6.85e-01	2.05e-01	8.84e-05	6.41e-05	0.00e+00	0.00e+00	0.00e+00	0.00e+00	1.09e-01	2.93e-05	2.60e-05
 2.38302e+20	1.26e-01	7.00e-01	1.74e-01	7.41e-05	5.23e-05	0.00e+00	0.00e+00	0.00e+00	0.00e+00	1.26e-01	3.32e-05	2.95e-05
 2.38951e+20	1.42e-01	7.09e-01	1.49e-01	6.33e-05	4.31e-05	0.00e+00	0.00e+00	0.00e+00	0.00e+00	1.42e-01	3.70e-05	3.28e-05
 2.39505e+20	1.56e-01	7.15e-01	1.29e-01	5.54e-05	3.63e-05	0.00e+00	0.00e+00	0.00e+00	0.00e+00	1.56e-01	4.04e-05	3.58e-05
 2.40116e+20	1.75e-01	7.17e-01	1.08e-01	4.73e-05	2.92e-05	0.00e+00	0.00e+00	0.00e+00	0.00e+00	1.75e-01	4.46e-05	3.95e-05
 2.40779e+20	1.97e-01	7.15e-01	8.81e-02	3.98e-05	2.28e-05	0.00e+00	0.00e+00	0.00e+00	0.00e+00	1.97e-01	4.93e-05	4.37e-05
 2.41370e+20	2.19e-01	7.09e-01	7.23e-02	3.41e-05	1.79e-05	0.00e+00	0.00e+00	0.00e+00	0.00e+00	2.19e-01	5.38e-05	4.76e-05
 2.41904e+20	2.41e-01	7.00e-01	5.96e-02	2.95e-05	1.42e-05	0.00e+00	0.00e+00	0.00e+00	0.00e+00	2.41e-01	5.79e-05	5.13e-05
 2.42507e+20	2.68e-01	6.85e-01	4.68e-02	2.50e-05	1.06e-05	0.00e+00	0.00e+00	0.00e+00	0.00e+00	2.68e-01	6.29e-05	5.57e-05
 2.43160e+20	3.00e-01	6.64e-01	3.56e-02	2.08e-05	7.64e-06	0.00e+00	0.00e+00	0.00e+00	0.00e+00	3.00e-01	6.83e-05	6.04e-05
 2.43744e+20	3.32e-01	6.41e-01	2.72e-02	1.76e-05	5.54e-06	0.00e+00	0.00e+00	0.00e+00	0.00e+00	3.32e-01	7.31e-05	6.46e-05
 2.44261e+20	3.62e-01	6.17e-01	2.11e-02	1.52e-05	4.09e-06	0.00e+00	0.00e+00	0.00e+00	0.00e+00	3.62e-01	7.71e-05	6.82e-05
 2.44751e+20	3.93e-01	5.91e-01	1.62e-02	1.31e-05	3.01e-06	0.00e+00	0.00e+00	0.00e+00	0.00e+00	3.93e-01	8.08e-05	7.14e-05
 2.45228e+20	4.23e-01	5.64e-01	1.25e-02	1.14e-05	2.21e-06	0.00e+00	0.00e+00	0.00e+00	0.00e+00	4.23e-01	8.40e-05	7.42e-05
 2.45676e+20	4.54e-01	5.36e-01	9.60e-03	9.93e-06	1.63e-06	0.00e+00	0.00e+00	0.00e+00	0.00e+00	4.54e-01	8.66e-05	7.65e-05
 2.46097e+20	4.83e-01	5.09e-01	7.43e-03	8.74e-06	1.21e-06	0.00e+00	0.00e+00	0.00e+00	0.00e+00	4.83e-01	8.86e-05	7.83e-05
 2.46480e+20	5.10e-01	4.84e-01	5.83e-03	7.77e-06	9.14e-07	0.00e+00	0.00e+00	0.00e+00	0.00e+00	5.10e-01	9.01e-05	7.95e-05
 2.46817e+20	5.35e-01	4.61e-01	4.66e-03	6.99e-06	7.08e-07	0.00e+00	0.00e+00	0.00e+00	0.00e+00	5.35e-01	9.10e-05	8.03e-05
 2.47133e+20	5.58e-01	4.38e-01	3.76e-03	6.33e-06	5.54e-07	0.00e+00	0.00e+00	0.00e+00	0.00e+00	5.58e-01	9.15e-05	8.07e-05
 2.47438e+20	5.81e-01	4.16e-01	3.03e-03	5.72e-06	4.34e-07	0.00e+00	0.00e+00	0.00e+00	0.00e+00	5.81e-01	9.18e-05	8.09e-05
 2.47671e+20	5.97e-01	4.01e-01	2.58e-03	5.33e-06	3.63e-07	0.00e+00	0.00e+00	0.00e+00	0.00e+00	5.97e-01	9.17e-05	8.09e-05
 2.47824e+20	6.08e-01	3.90e-01	2.32e-03	5.09e-06	3.22e-07	0.00e+00	0.00e+00	0.00e+00	0.00e+00	6.07e-01	9.16e-05	8.07e-05
 2.47969e+20	6.18e-01	3.79e-01	2.08e-03	4.84e-06	2.84e-07	0.00e+00	0.00e+00	0.00e+00	0.00e+00	6.18e-01	9.14e-05	8.06e-05
 2.48136e+20	6.31e-01	3.67e-01	1.83e-03	4.58e-06	2.47e-07	0.00e+00	0.00e+00	0.00e+00	0.00e+00	6.31e-01	9.11e-05	8.03e-05
 2.48312e+20	6.43e-01	3.55e-01	1.60e-03	4.32e-06	2.13e-07	0.00e+00	0.00e+00	0.00e+00	0.00e+00	6.43e-01	9.07e-05	7.99e-05
 2.48481e+20	6.55e-01	3.43e-01	1.41e-03	4.09e-06	1.84e-07	0.00e+00	0.00e+00	0.00e+00	0.00e+00	6.55e-01	9.02e-05	7.94e-05
 2.48646e+20	6.67e-01	3.32e-01	1.24e-03	3.87e-06	1.60e-07	0.00e+00	0.00e+00	0.00e+00	0.00e+00	6.67e-01	8.97e-05	7.89e-05
 2.48811e+20	6.79e-01	3.20e-01	1.09e-03	3.66e-06	1.39e-07	0.00e+00	0.00e+00	0.00e+00	0.00e+00	6.79e-01	8.90e-05	7.83e-05
 2.48975e+20	6.90e-01	3.09e-01	9.61e-04	3.47e-06	0.00e+00	0.00e+00	0.00e+00	0.00e+00	0.00e+00	6.89e-01	8.83e-05	7.77e-05
 2.49138e+20	7.01e-01	2.98e-01	8.45e-04	3.28e-06	0.00e+00	0.00e+00	0.00e+00	0.00e+00	0.00e+00	7.01e-01	8.75e-05	7.69e-05
 2.49300e+20	7.12e-01	2.88e-01	7.44e-04	3.11e-06	0.00e+00	0.00e+00	0.00e+00	0.00e+00	0.00e+00	7.11e-01	8.67e-05	7.62e-05
 2.49461e+20	7.22e-01	2.77e-01	6.54e-04	2.94e-06	0.00e+00	0.00e+00	0.00e+00	0.00e+00	0.00e+00	7.22e-01	8.57e-05	7.53e-05
 2.49623e+20	7.32e-01	2.67e-01	5.76e-04	2.79e-06	0.00e+00	0.00e+00	0.00e+00	0.00e+00	0.00e+00	7.32e-01	8.46e-05	7.43e-05
 2.49785e+20	7.43e-01	2.57e-01	5.07e-04	2.64e-06	0.00e+00	0.00e+00	0.00e+00	0.00e+00	0.00e+00	7.42e-01	8.35e-05	7.33e-05
 2.49945e+20	7.52e-01	2.47e-01	4.47e-04	2.50e-06	0.00e+00	0.00e+00	0.00e+00	0.00e+00	0.00e+00	7.52e-01	8.24e-05	7.23e-05
 2.50104e+20	7.62e-01	2.38e-01	3.95e-04	2.37e-06	0.00e+00	0.00e+00	0.00e+00	0.00e+00	0.00e+00	7.62e-01	8.12e-05	7.13e-05
 2.50264e+20	7.71e-01	2.29e-01	3.49e-04	2.25e-06	0.00e+00	0.00e+00	0.00e+00	0.00e+00	0.00e+00	7.71e-01	8.01e-05	7.02e-05
 2.50426e+20	7.80e-01	2.20e-01	3.09e-04	2.13e-06	0.00e+00	0.00e+00	0.00e+00	0.00e+00	0.00e+00	7.80e-01	7.88e-05	6.91e-05
 2.50587e+20	7.89e-01	2.11e-01	2.74e-04	2.02e-06	0.00e+00	0.00e+00	0.00e+00	0.00e+00	0.00e+00	7.88e-01	7.76e-05	6.80e-05
 2.50747e+20	7.97e-01	2.03e-01	2.44e-04	1.92e-06	0.00e+00	0.00e+00	0.00e+00	0.00e+00	0.00e+00	7.97e-01	7.64e-05	6.69e-05
 2.50910e+20	8.05e-01	1.95e-01	2.17e-04	1.82e-06	0.00e+00	0.00e+00	0.00e+00	0.00e+00	0.00e+00	8.05e-01	7.52e-05	6.58e-05
 2.51075e+20	8.13e-01	1.87e-01	1.94e-04	1.72e-06	0.00e+00	0.00e+00	0.00e+00	0.00e+00	0.00e+00	8.13e-01	7.39e-05	6.46e-05
 2.51240e+20	8.21e-01	1.79e-01	1.74e-04	1.64e-06	0.00e+00	0.00e+00	0.00e+00	0.00e+00	0.00e+00	8.20e-01	7.27e-05	6.36e-05
 2.51405e+20	8.28e-01	1.72e-01	1.57e-04	1.55e-06	0.00e+00	0.00e+00	0.00e+00	0.00e+00	0.00e+00	8.28e-01	7.14e-05	6.24e-05
 2.51571e+20	8.35e-01	1.65e-01	1.42e-04	1.47e-06	0.00e+00	0.00e+00	0.00e+00	0.00e+00	0.00e+00	8.35e-01	7.02e-05	6.14e-05
 2.51738e+20	8.41e-01	1.59e-01	1.29e-04	1.40e-06	0.00e+00	0.00e+00	0.00e+00	0.00e+00	0.00e+00	8.41e-01	6.91e-05	6.03e-05
 2.51906e+20	8.47e-01	1.52e-01	1.18e-04	1.34e-06	0.00e+00	0.00e+00	0.00e+00	0.00e+00	0.00e+00	8.47e-01	6.80e-05	5.93e-05
 2.52074e+20	8.53e-01	1.46e-01	1.09e-04	1.27e-06	0.00e+00	0.00e+00	0.00e+00	0.00e+00	0.00e+00	8.53e-01	6.68e-05	5.83e-05
 2.52246e+20	8.59e-01	1.41e-01	1.01e-04	1.22e-06	0.00e+00	0.00e+00	0.00e+00	0.00e+00	0.00e+00	8.59e-01	6.58e-05	5.73e-05
 2.52420e+20	8.64e-01	1.36e-01	9.40e-05	1.16e-06	0.00e+00	0.00e+00	0.00e+00	0.00e+00	0.00e+00	8.64e-01	6.48e-05	5.64e-05
 2.52596e+20	8.69e-01	1.31e-01	8.80e-05	1.11e-06	0.00e+00	0.00e+00	0.00e+00	0.00e+00	0.00e+00	8.69e-01	6.38e-05	5.56e-05
 2.52775e+20	8.74e-01	1.26e-01	8.30e-05	1.07e-06	0.00e+00	0.00e+00	0.00e+00	0.00e+00	0.00e+00	8.74e-01	6.29e-05	5.47e-05
 2.52962e+20	8.78e-01	1.22e-01	7.85e-05	1.03e-06	0.00e+00	0.00e+00	0.00e+00	0.00e+00	0.00e+00	8.78e-01	6.20e-05	5.39e-05
 2.53156e+20	8.82e-01	1.18e-01	7.47e-05	9.85e-07	0.00e+00	0.00e+00	0.00e+00	0.00e+00	0.00e+00	8.82e-01	6.12e-05	5.31e-05
 2.53360e+20	8.86e-01	1.14e-01	7.14e-05	9.49e-07	0.00e+00	0.00e+00	0.00e+00	0.00e+00	0.00e+00	8.86e-01	6.04e-05	5.24e-05
 2.53575e+20	8.89e-01	1.11e-01	6.86e-05	9.15e-07	0.00e+00	0.00e+00	0.00e+00	0.00e+00	0.00e+00	8.89e-01	5.96e-05	5.17e-05
 2.53805e+20	8.93e-01	1.07e-01	6.61e-05	8.84e-07	0.00e+00	0.00e+00	0.00e+00	0.00e+00	0.00e+00	8.92e-01	5.89e-05	5.11e-05
 2.54058e+20	8.96e-01	1.04e-01	6.40e-05	8.55e-07	0.00e+00	0.00e+00	0.00e+00	0.00e+00	0.00e+00	8.96e-01	5.82e-05	5.05e-05
 2.54341e+20	8.98e-01	1.01e-01	6.21e-05	8.29e-07	0.00e+00	0.00e+00	0.00e+00	0.00e+00	0.00e+00	8.98e-01	5.76e-05	4.99e-05
 2.54663e+20	9.01e-01	9.88e-02	6.05e-05	8.05e-07	0.00e+00	0.00e+00	0.00e+00	0.00e+00	0.00e+00	9.01e-01	5.70e-05	4.94e-05
 2.55026e+20	9.03e-01	9.67e-02	5.93e-05	7.84e-07	0.00e+00	0.00e+00	0.00e+00	0.00e+00	0.00e+00	9.03e-01	5.66e-05	4.89e-05
 2.55406e+20	9.05e-01	9.49e-02	5.83e-05	7.68e-07	0.00e+00	0.00e+00	0.00e+00	0.00e+00	0.00e+00	9.05e-01	5.62e-05	4.86e-05
 2.55782e+20	9.06e-01	9.36e-02	5.76e-05	7.56e-07	0.00e+00	0.00e+00	0.00e+00	0.00e+00	0.00e+00	9.06e-01	5.59e-05	4.83e-05
 2.56155e+20	9.07e-01	9.26e-02	5.71e-05	7.47e-07	0.00e+00	0.00e+00	0.00e+00	0.00e+00	0.00e+00	9.07e-01	5.56e-05	4.81e-05
 2.56525e+20	9.08e-01	9.19e-02	5.68e-05	7.40e-07	0.00e+00	0.00e+00	0.00e+00	0.00e+00	0.00e+00	9.08e-01	5.55e-05	4.79e-05
 2.56894e+20	9.09e-01	9.10e-02	5.64e-05	7.32e-07	0.00e+00	0.00e+00	0.00e+00	0.00e+00	0.00e+00	9.09e-01	5.53e-05	4.78e-05
 2.57262e+20	9.09e-01	9.08e-02	5.62e-05	7.30e-07	0.00e+00	0.00e+00	0.00e+00	0.00e+00	0.00e+00	9.09e-01	5.53e-05	4.77e-05
 2.57684e+20	9.10e-01	9.00e-02	5.60e-05	7.23e-07	0.00e+00	0.00e+00	0.00e+00	0.00e+00	0.00e+00	9.10e-01	5.51e-05	4.75e-05
 2.58233e+20	9.10e-01	8.99e-02	5.58e-05	7.21e-07	0.00e+00	0.00e+00	0.00e+00	0.00e+00	0.00e+00	9.10e-01	5.51e-05	4.75e-05
 2.58947e+20	9.11e-01	8.94e-02	5.56e-05	7.16e-07	0.00e+00	0.00e+00	0.00e+00	0.00e+00	0.00e+00	9.10e-01	5.49e-05	4.74e-05
 2.59874e+20	9.11e-01	8.88e-02	5.53e-05	7.10e-07	0.00e+00	0.00e+00	0.00e+00	0.00e+00	0.00e+00	9.11e-01	5.48e-05	4.73e-05
 2.61080e+20	9.12e-01	8.82e-02	5.50e-05	7.04e-07	0.00e+00	0.00e+00	0.00e+00	0.00e+00	0.00e+00	9.12e-01	5.47e-05	4.71e-05
 2.62648e+20	9.13e-01	8.74e-02	5.46e-05	6.95e-07	0.00e+00	0.00e+00	0.00e+00	0.00e+00	0.00e+00	9.12e-01	5.46e-05	4.70e-05
 2.64685e+20	9.13e-01	8.64e-02	5.42e-05	6.86e-07	0.00e+00	0.00e+00	0.00e+00	0.00e+00	0.00e+00	9.13e-01	5.44e-05	4.67e-05
 2.67335e+20	9.15e-01	8.52e-02	5.37e-05	6.73e-07	0.00e+00	0.00e+00	0.00e+00	0.00e+00	0.00e+00	9.15e-01	5.42e-05	4.65e-05
 2.70779e+20	9.16e-01	8.36e-02	5.30e-05	6.57e-07	0.00e+00	0.00e+00	0.00e+00	0.00e+00	0.00e+00	9.16e-01	5.39e-05	4.61e-05
 2.75256e+20	9.18e-01	8.17e-02	5.22e-05	6.37e-07	0.00e+00	0.00e+00	0.00e+00	0.00e+00	0.00e+00	9.18e-01	5.35e-05	4.57e-05
 2.81076e+20	9.21e-01	7.94e-02	5.13e-05	6.14e-07	0.00e+00	0.00e+00	0.00e+00	0.00e+00	0.00e+00	9.20e-01	5.31e-05	4.52e-05
 2.88642e+20	9.23e-01	7.66e-02	5.02e-05	5.85e-07	0.00e+00	0.00e+00	0.00e+00	0.00e+00	0.00e+00	9.23e-01	5.26e-05	4.46e-05
 2.97423e+20	9.26e-01	7.37e-02	4.92e-05	5.56e-07	0.00e+00	0.00e+00	0.00e+00	0.00e+00	0.00e+00	9.26e-01	5.21e-05	4.39e-05
 3.06354e+20	9.29e-01	7.10e-02	4.82e-05	5.30e-07	0.00e+00	0.00e+00	0.00e+00	0.00e+00	0.00e+00	9.29e-01	5.16e-05	4.33e-05
 3.15316e+20	9.31e-01	6.85e-02	4.74e-05	5.05e-07	0.00e+00	0.00e+00	0.00e+00	0.00e+00	0.00e+00	9.31e-01	5.12e-05	4.27e-05
 3.24657e+20	9.34e-01	6.61e-02	4.66e-05	4.81e-07	0.00e+00	0.00e+00	0.00e+00	0.00e+00	0.00e+00	9.34e-01	5.08e-05	4.21e-05
 3.34530e+20	9.36e-01	6.37e-02	4.59e-05	4.58e-07	0.00e+00	0.00e+00	0.00e+00	0.00e+00	0.00e+00	9.36e-01	5.04e-05	4.16e-05
 3.44857e+20	9.39e-01	6.14e-02	4.52e-05	4.36e-07	0.00e+00	0.00e+00	0.00e+00	0.00e+00	0.00e+00	9.38e-01	5.00e-05	4.10e-05
 3.55562e+20	9.41e-01	5.92e-02	4.46e-05	4.15e-07	0.00e+00	0.00e+00	0.00e+00	0.00e+00	0.00e+00	9.41e-01	4.96e-05	4.05e-05
 3.66668e+20	9.43e-01	5.70e-02	4.40e-05	3.94e-07	0.00e+00	0.00e+00	0.00e+00	0.00e+00	0.00e+00	9.43e-01	4.92e-05	4.00e-05
 3.78209e+20	9.45e-01	5.50e-02	4.34e-05	3.75e-07	0.00e+00	0.00e+00	0.00e+00	0.00e+00	0.00e+00	9.45e-01	4.88e-05	3.93e-05
 3.90202e+20	9.47e-01	5.30e-02	4.29e-05	3.56e-07	0.00e+00	0.00e+00	0.00e+00	0.00e+00	0.00e+00	9.47e-01	4.84e-05	3.87e-05
 4.02656e+20	9.49e-01	5.10e-02	4.24e-05	3.38e-07	0.00e+00	0.00e+00	0.00e+00	0.00e+00	0.00e+00	9.49e-01	4.80e-05	3.81e-05
 4.15583e+20	9.51e-01	4.91e-02	4.19e-05	3.21e-07	0.00e+00	0.00e+00	0.00e+00	0.00e+00	0.00e+00	9.51e-01	4.75e-05	3.74e-05
 4.29144e+20	9.53e-01	4.73e-02	4.15e-05	3.04e-07	0.00e+00	0.00e+00	0.00e+00	0.00e+00	0.00e+00	9.53e-01	4.71e-05	3.68e-05
 4.43271e+20	9.54e-01	4.55e-02	4.10e-05	2.88e-07	0.00e+00	0.00e+00	0.00e+00	0.00e+00	0.00e+00	9.54e-01	4.67e-05	3.62e-05
 4.57792e+20	9.56e-01	4.38e-02	4.06e-05	2.73e-07	0.00e+00	0.00e+00	0.00e+00	0.00e+00	0.00e+00	9.56e-01	4.63e-05	3.57e-05
 4.72729e+20	9.58e-01	4.22e-02	4.02e-05	2.59e-07	0.00e+00	0.00e+00	0.00e+00	0.00e+00	0.00e+00	9.58e-01	4.59e-05	3.51e-05
 4.88205e+20	9.59e-01	4.06e-02	3.98e-05	2.45e-07	0.00e+00	0.00e+00	0.00e+00	0.00e+00	0.00e+00	9.59e-01	4.55e-05	3.46e-05
 5.04366e+20	9.61e-01	3.91e-02	3.94e-05	2.32e-07	0.00e+00	0.00e+00	0.00e+00	0.00e+00	0.00e+00	9.61e-01	4.50e-05	3.41e-05
 5.21186e+20	9.62e-01	3.76e-02	3.90e-05	2.20e-07	0.00e+00	0.00e+00	0.00e+00	0.00e+00	0.00e+00	9.62e-01	4.46e-05	3.36e-05
 5.38614e+20	9.64e-01	3.62e-02	3.86e-05	2.08e-07	0.00e+00	0.00e+00	0.00e+00	0.00e+00	0.00e+00	9.64e-01	4.41e-05	3.32e-05
 5.56671e+20	9.65e-01	3.49e-02	3.82e-05	1.96e-07	0.00e+00	0.00e+00	0.00e+00	0.00e+00	0.00e+00	9.65e-01	4.36e-05	3.27e-05
 5.75413e+20	9.66e-01	3.35e-02	3.79e-05	1.85e-07	0.00e+00	0.00e+00	0.00e+00	0.00e+00	0.00e+00	9.66e-01	4.31e-05	3.23e-05
 5.94707e+20	9.68e-01	3.23e-02	3.75e-05	1.75e-07	0.00e+00	0.00e+00	0.00e+00	0.00e+00	0.00e+00	9.68e-01	4.26e-05	3.19e-05
 6.14016e+20	9.69e-01	3.11e-02	3.72e-05	1.65e-07	0.00e+00	0.00e+00	0.00e+00	0.00e+00	0.00e+00	9.69e-01	4.20e-05	3.15e-05
 6.32818e+20	9.70e-01	3.00e-02	3.68e-05	1.57e-07	0.00e+00	0.00e+00	0.00e+00	0.00e+00	0.00e+00	9.70e-01	4.14e-05	3.11e-05
 6.51036e+20	9.71e-01	2.90e-02	3.66e-05	1.49e-07	0.00e+00	0.00e+00	0.00e+00	0.00e+00	0.00e+00	9.71e-01	4.08e-05	3.07e-05
 6.68804e+20	9.72e-01	2.80e-02	3.63e-05	1.41e-07	0.00e+00	0.00e+00	0.00e+00	0.00e+00	0.00e+00	9.72e-01	4.01e-05	3.04e-05
 6.86123e+20	9.73e-01	2.71e-02	3.61e-05	1.35e-07	0.00e+00	0.00e+00	0.00e+00	0.00e+00	0.00e+00	9.73e-01	3.95e-05	3.01e-05
 7.02783e+20	9.74e-01	2.63e-02	3.59e-05	1.28e-07	0.00e+00	0.00e+00	0.00e+00	0.00e+00	0.00e+00	9.74e-01	3.88e-05	2.98e-05
 7.18622e+20	9.74e-01	2.55e-02	3.57e-05	1.23e-07	0.00e+00	0.00e+00	0.00e+00	0.00e+00	0.00e+00	9.74e-01	3.81e-05	2.95e-05
 7.33630e+20	9.75e-01	2.47e-02	3.56e-05	0.00e+00	0.00e+00	0.00e+00	0.00e+00	0.00e+00	0.00e+00	9.75e-01	3.74e-05	2.92e-05
 7.47873e+20	9.76e-01	2.39e-02	3.54e-05	0.00e+00	0.00e+00	0.00e+00	0.00e+00	0.00e+00	0.00e+00	9.76e-01	3.66e-05	2.90e-05
 7.61431e+20	9.77e-01	2.32e-02	3.53e-05	0.00e+00	0.00e+00	0.00e+00	0.00e+00	0.00e+00	0.00e+00	9.77e-01	3.59e-05	2.87e-05
