#depth	N	N+	N+2	N+3	N+4	N+5	N+6	N+7
 4.69332e+17	6.36e-07	2.19e-03	2.86e-01	5.71e-01	1.26e-01	1.56e-02	2.11e-05	0.00e+00
 2.81599e+18	6.34e-07	2.19e-03	2.85e-01	5.71e-01	1.26e-01	1.56e-02	2.10e-05	0.00e+00
 1.22026e+19	6.33e-07	2.18e-03	2.86e-01	5.71e-01	1.25e-01	1.54e-02	2.08e-05	0.00e+00
 4.97491e+19	6.31e-07	2.18e-03	2.91e-01	5.69e-01	1.22e-01	1.49e-02	2.00e-05	0.00e+00
 1.18835e+20	6.12e-07	2.14e-03	2.97e-01	5.69e-01	1.18e-01	1.41e-02	1.87e-05	0.00e+00
 2.08646e+20	6.17e-07	2.15e-03	3.06e-01	5.66e-01	1.12e-01	1.31e-02	1.71e-05	0.00e+00
 3.25401e+20	6.45e-07	2.23e-03	3.22e-01	5.60e-01	1.04e-01	1.18e-02	1.52e-05	0.00e+00
 4.77182e+20	7.05e-07	2.38e-03	3.46e-01	5.48e-01	9.38e-02	1.02e-02	1.30e-05	0.00e+00
 6.34871e+20	7.74e-07	2.56e-03	3.73e-01	5.32e-01	8.32e-02	8.79e-03	1.09e-05	0.00e+00
 7.62639e+20	8.45e-07	2.75e-03	3.98e-01	5.17e-01	7.46e-02	7.70e-03	9.50e-06	0.00e+00
 8.70480e+20	9.29e-07	2.96e-03	4.22e-01	5.01e-01	6.70e-02	6.77e-03	8.29e-06	0.00e+00
 9.72268e+20	1.03e-06	3.20e-03	4.46e-01	4.85e-01	5.99e-02	5.93e-03	7.20e-06	0.00e+00
 1.06770e+21	1.13e-06	3.44e-03	4.68e-01	4.69e-01	5.34e-02	5.21e-03	6.28e-06	0.00e+00
 1.15602e+21	1.24e-06	3.70e-03	4.90e-01	4.54e-01	4.75e-02	4.57e-03	5.48e-06	0.00e+00
 1.23880e+21	1.35e-06	3.96e-03	5.09e-01	4.40e-01	4.23e-02	4.03e-03	4.81e-06	0.00e+00
 1.31814e+21	1.47e-06	4.23e-03	5.28e-01	4.27e-01	3.75e-02	3.55e-03	4.20e-06	0.00e+00
 1.39602e+21	1.61e-06	4.51e-03	5.45e-01	4.14e-01	3.30e-02	3.11e-03	3.66e-06	0.00e+00
 1.47318e+21	1.76e-06	4.81e-03	5.61e-01	4.02e-01	2.89e-02	2.73e-03	3.17e-06	0.00e+00
 1.56180e+21	1.96e-06	5.20e-03	5.79e-01	3.89e-01	2.46e-02	2.33e-03	2.67e-06	0.00e+00
 1.65499e+21	2.18e-06	5.59e-03	5.95e-01	3.76e-01	2.08e-02	1.99e-03	2.24e-06	0.00e+00
 1.73434e+21	2.39e-06	5.95e-03	6.08e-01	3.66e-01	1.79e-02	1.75e-03	1.92e-06	0.00e+00
 1.81770e+21	2.65e-06	6.37e-03	6.21e-01	3.56e-01	1.53e-02	1.53e-03	1.64e-06	0.00e+00
 1.90951e+21	2.96e-06	6.82e-03	6.33e-01	3.46e-01	1.29e-02	1.34e-03	1.39e-06	0.00e+00
 1.99685e+21	3.29e-06	7.27e-03	6.44e-01	3.36e-01	1.11e-02	1.19e-03	1.20e-06	0.00e+00
 2.08972e+21	3.68e-06	7.77e-03	6.54e-01	3.27e-01	9.51e-03	1.06e-03	1.03e-06	0.00e+00
 2.19700e+21	4.18e-06	8.36e-03	6.65e-01	3.17e-01	8.06e-03	9.46e-04	8.84e-07	0.00e+00
 2.31559e+21	4.79e-06	9.01e-03	6.76e-01	3.08e-01	6.84e-03	8.44e-04	7.55e-07	0.00e+00
 2.44622e+21	5.53e-06	9.75e-03	6.86e-01	2.97e-01	5.82e-03	7.54e-04	6.43e-07	0.00e+00
 2.59800e+21	6.52e-06	1.07e-02	6.97e-01	2.86e-01	4.93e-03	6.68e-04	5.40e-07	0.00e+00
 2.78548e+21	7.95e-06	1.19e-02	7.10e-01	2.74e-01	4.14e-03	5.82e-04	4.41e-07	0.00e+00
 3.02652e+21	1.02e-05	1.36e-02	7.24e-01	2.59e-01	3.42e-03	4.92e-04	3.42e-07	0.00e+00
 3.27816e+21	1.33e-05	1.56e-02	7.38e-01	2.44e-01	2.91e-03	4.14e-04	2.64e-07	0.00e+00
 3.45148e+21	1.59e-05	1.72e-02	7.46e-01	2.34e-01	2.65e-03	3.68e-04	2.20e-07	0.00e+00
 3.55289e+21	1.78e-05	1.83e-02	7.51e-01	2.27e-01	2.51e-03	3.41e-04	1.96e-07	0.00e+00
 3.65291e+21	2.01e-05	1.95e-02	7.57e-01	2.21e-01	2.37e-03	3.15e-04	1.73e-07	0.00e+00
 3.78295e+21	2.36e-05	2.13e-02	7.64e-01	2.12e-01	2.21e-03	2.82e-04	1.47e-07	0.00e+00
 3.91834e+21	2.79e-05	2.34e-02	7.71e-01	2.04e-01	2.06e-03	2.51e-04	0.00e+00	0.00e+00
 4.02894e+21	3.23e-05	2.54e-02	7.76e-01	1.96e-01	1.95e-03	2.27e-04	0.00e+00	0.00e+00
 4.12289e+21	3.67e-05	2.74e-02	7.81e-01	1.89e-01	1.86e-03	2.06e-04	0.00e+00	0.00e+00
 4.22695e+21	4.28e-05	2.99e-02	7.87e-01	1.81e-01	1.76e-03	1.84e-04	0.00e+00	0.00e+00
 4.33724e+21	5.08e-05	3.30e-02	7.93e-01	1.72e-01	1.65e-03	1.62e-04	0.00e+00	0.00e+00
 4.42947e+21	5.88e-05	3.60e-02	7.97e-01	1.65e-01	1.57e-03	1.45e-04	0.00e+00	0.00e+00
 4.50824e+21	6.75e-05	3.90e-02	8.01e-01	1.58e-01	1.50e-03	1.31e-04	0.00e+00	0.00e+00
 4.59564e+21	7.93e-05	4.30e-02	8.05e-01	1.50e-01	1.42e-03	1.15e-04	0.00e+00	0.00e+00
 4.68849e+21	9.46e-05	4.77e-02	8.09e-01	1.41e-01	1.33e-03	9.99e-05	0.00e+00	0.00e+00
 4.76657e+21	1.11e-04	5.25e-02	8.12e-01	1.34e-01	1.26e-03	8.78e-05	0.00e+00	0.00e+00
 4.83365e+21	1.28e-04	5.72e-02	8.14e-01	1.27e-01	1.20e-03	7.80e-05	0.00e+00	0.00e+00
 4.90826e+21	1.51e-04	6.34e-02	8.16e-01	1.19e-01	1.12e-03	6.75e-05	0.00e+00	0.00e+00
 4.98760e+21	1.83e-04	7.10e-02	8.17e-01	1.11e-01	1.05e-03	5.75e-05	0.00e+00	0.00e+00
 5.05476e+21	2.16e-04	7.86e-02	8.17e-01	1.03e-01	9.85e-04	4.95e-05	0.00e+00	0.00e+00
 5.11296e+21	2.52e-04	8.63e-02	8.16e-01	9.66e-02	9.28e-04	4.32e-05	0.00e+00	0.00e+00
 5.17786e+21	3.04e-04	9.65e-02	8.13e-01	8.90e-02	8.63e-04	3.64e-05	0.00e+00	0.00e+00
 5.24717e+21	3.73e-04	1.09e-01	8.09e-01	8.09e-02	7.94e-04	3.01e-05	0.00e+00	0.00e+00
 5.30632e+21	4.49e-04	1.22e-01	8.03e-01	7.39e-02	7.34e-04	2.52e-05	0.00e+00	0.00e+00
 5.35718e+21	5.30e-04	1.35e-01	7.96e-01	6.79e-02	6.83e-04	2.14e-05	0.00e+00	0.00e+00
 5.41320e+21	6.47e-04	1.52e-01	7.86e-01	6.11e-02	6.24e-04	1.75e-05	0.00e+00	0.00e+00
 5.47198e+21	8.01e-04	1.72e-01	7.73e-01	5.42e-02	5.63e-04	1.41e-05	0.00e+00	0.00e+00
 5.52068e+21	9.65e-04	1.92e-01	7.58e-01	4.86e-02	5.13e-04	1.15e-05	0.00e+00	0.00e+00
 5.56229e+21	1.14e-03	2.11e-01	7.43e-01	4.37e-02	4.69e-04	9.54e-06	0.00e+00	0.00e+00
 5.60835e+21	1.40e-03	2.37e-01	7.23e-01	3.83e-02	4.20e-04	7.59e-06	0.00e+00	0.00e+00
 5.65685e+21	1.73e-03	2.67e-01	6.98e-01	3.30e-02	3.71e-04	5.89e-06	0.00e+00	0.00e+00
 5.69743e+21	2.09e-03	2.96e-01	6.73e-01	2.87e-02	3.30e-04	4.66e-06	0.00e+00	0.00e+00
 5.73241e+21	2.47e-03	3.25e-01	6.47e-01	2.51e-02	2.95e-04	3.75e-06	0.00e+00	0.00e+00
 5.77121e+21	3.01e-03	3.61e-01	6.15e-01	2.13e-02	2.56e-04	2.87e-06	0.00e+00	0.00e+00
 5.81249e+21	3.72e-03	4.03e-01	5.76e-01	1.75e-02	2.18e-04	2.11e-06	0.00e+00	0.00e+00
 5.84744e+21	4.49e-03	4.42e-01	5.39e-01	1.46e-02	1.86e-04	1.59e-06	0.00e+00	0.00e+00
 5.87762e+21	5.31e-03	4.79e-01	5.03e-01	1.22e-02	1.60e-04	1.21e-06	0.00e+00	0.00e+00
 5.91114e+21	6.45e-03	5.25e-01	4.59e-01	9.76e-03	1.32e-04	8.66e-07	0.00e+00	0.00e+00
 5.94692e+21	7.95e-03	5.74e-01	4.10e-01	7.53e-03	1.06e-04	5.90e-07	0.00e+00	0.00e+00
 5.97767e+21	9.57e-03	6.19e-01	3.65e-01	5.85e-03	8.51e-05	4.09e-07	0.00e+00	0.00e+00
 6.00465e+21	1.13e-02	6.60e-01	3.25e-01	4.57e-03	6.87e-05	2.88e-07	0.00e+00	0.00e+00
 6.02836e+21	1.31e-02	6.94e-01	2.89e-01	3.62e-03	5.60e-05	2.07e-07	0.00e+00	0.00e+00
 6.04855e+21	1.49e-02	7.23e-01	2.59e-01	2.93e-03	4.66e-05	1.54e-07	0.00e+00	0.00e+00
 6.07047e+21	1.72e-02	7.55e-01	2.26e-01	2.26e-03	3.70e-05	0.00e+00	0.00e+00	0.00e+00
 6.09318e+21	2.00e-02	7.84e-01	1.94e-01	1.71e-03	2.89e-05	0.00e+00	0.00e+00	0.00e+00
 6.11164e+21	2.27e-02	8.07e-01	1.69e-01	1.33e-03	2.32e-05	0.00e+00	0.00e+00	0.00e+00
 6.12728e+21	2.53e-02	8.25e-01	1.49e-01	1.07e-03	1.90e-05	0.00e+00	0.00e+00	0.00e+00
 6.14456e+21	2.86e-02	8.43e-01	1.28e-01	8.26e-04	1.50e-05	0.00e+00	0.00e+00	0.00e+00
 6.16306e+21	3.27e-02	8.59e-01	1.07e-01	6.21e-04	1.15e-05	0.00e+00	0.00e+00	0.00e+00
 6.17893e+21	3.69e-02	8.71e-01	9.13e-02	4.81e-04	9.04e-06	0.00e+00	0.00e+00	0.00e+00
 6.19266e+21	4.08e-02	8.80e-01	7.89e-02	3.85e-04	7.30e-06	0.00e+00	0.00e+00	0.00e+00
 6.20779e+21	4.60e-02	8.88e-01	6.61e-02	2.96e-04	5.64e-06	0.00e+00	0.00e+00	0.00e+00
 6.22417e+21	5.25e-02	8.93e-01	5.42e-02	2.24e-04	4.23e-06	0.00e+00	0.00e+00	0.00e+00
 6.23856e+21	5.93e-02	8.96e-01	4.49e-02	1.75e-04	3.24e-06	0.00e+00	0.00e+00	0.00e+00
 6.25129e+21	6.60e-02	8.96e-01	3.78e-02	1.41e-04	2.55e-06	0.00e+00	0.00e+00	0.00e+00
 6.26544e+21	7.50e-02	8.94e-01	3.07e-02	1.11e-04	1.91e-06	0.00e+00	0.00e+00	0.00e+00
 6.28087e+21	8.62e-02	8.89e-01	2.43e-02	8.64e-05	1.39e-06	0.00e+00	0.00e+00	0.00e+00
 6.29481e+21	9.83e-02	8.82e-01	1.95e-02	6.99e-05	1.03e-06	0.00e+00	0.00e+00	0.00e+00
 6.30766e+21	1.11e-01	8.73e-01	1.57e-02	5.82e-05	7.72e-07	0.00e+00	0.00e+00	0.00e+00
 6.32123e+21	1.27e-01	8.60e-01	1.24e-02	4.84e-05	5.64e-07	0.00e+00	0.00e+00	0.00e+00
 6.33584e+21	1.47e-01	8.43e-01	9.47e-03	4.05e-05	3.99e-07	0.00e+00	0.00e+00	0.00e+00
 6.34942e+21	1.69e-01	8.24e-01	7.32e-03	3.48e-05	2.88e-07	0.00e+00	0.00e+00	0.00e+00
 6.36080e+21	1.89e-01	8.05e-01	5.85e-03	3.09e-05	2.17e-07	0.00e+00	0.00e+00	0.00e+00
 6.37083e+21	2.10e-01	7.86e-01	4.76e-03	2.79e-05	1.69e-07	0.00e+00	0.00e+00	0.00e+00
 6.38021e+21	2.30e-01	7.66e-01	3.91e-03	2.55e-05	1.33e-07	0.00e+00	0.00e+00	0.00e+00
 6.38905e+21	2.52e-01	7.45e-01	3.23e-03	2.35e-05	0.00e+00	0.00e+00	0.00e+00	0.00e+00
 6.39758e+21	2.74e-01	7.23e-01	2.68e-03	2.17e-05	0.00e+00	0.00e+00	0.00e+00	0.00e+00
 6.40433e+21	2.92e-01	7.06e-01	2.32e-03	2.05e-05	0.00e+00	0.00e+00	0.00e+00	0.00e+00
 6.40882e+21	3.05e-01	6.93e-01	2.10e-03	1.97e-05	0.00e+00	0.00e+00	0.00e+00	0.00e+00
 6.41296e+21	3.17e-01	6.81e-01	1.90e-03	1.89e-05	0.00e+00	0.00e+00	0.00e+00	0.00e+00
 6.41768e+21	3.32e-01	6.67e-01	1.70e-03	1.81e-05	0.00e+00	0.00e+00	0.00e+00	0.00e+00
 6.42279e+21	3.48e-01	6.51e-01	1.51e-03	1.73e-05	0.00e+00	0.00e+00	0.00e+00	0.00e+00
 6.42781e+21	3.64e-01	6.34e-01	1.34e-03	1.65e-05	0.00e+00	0.00e+00	0.00e+00	0.00e+00
 6.43256e+21	3.80e-01	6.19e-01	1.20e-03	1.58e-05	0.00e+00	0.00e+00	0.00e+00	0.00e+00
 6.43730e+21	3.96e-01	6.03e-01	1.07e-03	1.51e-05	0.00e+00	0.00e+00	0.00e+00	0.00e+00
 6.44206e+21	4.12e-01	5.87e-01	9.51e-04	1.45e-05	0.00e+00	0.00e+00	0.00e+00	0.00e+00
 6.44685e+21	4.29e-01	5.70e-01	8.46e-04	1.38e-05	0.00e+00	0.00e+00	0.00e+00	0.00e+00
 6.45166e+21	4.46e-01	5.53e-01	7.53e-04	1.32e-05	0.00e+00	0.00e+00	0.00e+00	0.00e+00
 6.45640e+21	4.63e-01	5.36e-01	6.70e-04	1.26e-05	0.00e+00	0.00e+00	0.00e+00	0.00e+00
 6.46107e+21	4.80e-01	5.19e-01	5.99e-04	1.21e-05	0.00e+00	0.00e+00	0.00e+00	0.00e+00
 6.46575e+21	4.97e-01	5.02e-01	5.35e-04	1.15e-05	0.00e+00	0.00e+00	0.00e+00	0.00e+00
 6.47050e+21	5.14e-01	4.86e-01	4.78e-04	1.10e-05	0.00e+00	0.00e+00	0.00e+00	0.00e+00
 6.47528e+21	5.31e-01	4.68e-01	4.26e-04	1.05e-05	0.00e+00	0.00e+00	0.00e+00	0.00e+00
 6.48001e+21	5.48e-01	4.52e-01	3.82e-04	9.99e-06	0.00e+00	0.00e+00	0.00e+00	0.00e+00
 6.48471e+21	5.64e-01	4.35e-01	3.43e-04	9.53e-06	0.00e+00	0.00e+00	0.00e+00	0.00e+00
 6.48949e+21	5.80e-01	4.19e-01	3.09e-04	9.08e-06	0.00e+00	0.00e+00	0.00e+00	0.00e+00
 6.49434e+21	5.97e-01	4.03e-01	2.78e-04	8.64e-06	0.00e+00	0.00e+00	0.00e+00	0.00e+00
 6.49917e+21	6.13e-01	3.87e-01	2.51e-04	8.23e-06	0.00e+00	0.00e+00	0.00e+00	0.00e+00
 6.50400e+21	6.28e-01	3.72e-01	2.28e-04	7.84e-06	0.00e+00	0.00e+00	0.00e+00	0.00e+00
 6.50893e+21	6.43e-01	3.57e-01	2.08e-04	7.46e-06	0.00e+00	0.00e+00	0.00e+00	0.00e+00
 6.51391e+21	6.58e-01	3.42e-01	1.90e-04	7.10e-06	0.00e+00	0.00e+00	0.00e+00	0.00e+00
 6.51891e+21	6.71e-01	3.28e-01	1.74e-04	6.76e-06	0.00e+00	0.00e+00	0.00e+00	0.00e+00
 6.52390e+21	6.85e-01	3.15e-01	1.61e-04	6.44e-06	0.00e+00	0.00e+00	0.00e+00	0.00e+00
 6.52888e+21	6.97e-01	3.02e-01	1.49e-04	6.15e-06	0.00e+00	0.00e+00	0.00e+00	0.00e+00
 6.53392e+21	7.09e-01	2.90e-01	1.39e-04	5.87e-06	0.00e+00	0.00e+00	0.00e+00	0.00e+00
 6.53897e+21	7.20e-01	2.79e-01	1.31e-04	5.62e-06	0.00e+00	0.00e+00	0.00e+00	0.00e+00
 6.54406e+21	7.31e-01	2.69e-01	1.24e-04	5.38e-06	0.00e+00	0.00e+00	0.00e+00	0.00e+00
 6.54930e+21	7.41e-01	2.59e-01	1.17e-04	5.16e-06	0.00e+00	0.00e+00	0.00e+00	0.00e+00
 6.55469e+21	7.51e-01	2.49e-01	1.11e-04	4.95e-06	0.00e+00	0.00e+00	0.00e+00	0.00e+00
 6.56023e+21	7.59e-01	2.40e-01	1.07e-04	4.76e-06	0.00e+00	0.00e+00	0.00e+00	0.00e+00
 6.56594e+21	7.68e-01	2.32e-01	1.02e-04	4.58e-06	0.00e+00	0.00e+00	0.00e+00	0.00e+00
 6.57192e+21	7.75e-01	2.24e-01	9.85e-05	4.41e-06	0.00e+00	0.00e+00	0.00e+00	0.00e+00
 6.57829e+21	7.83e-01	2.17e-01	9.52e-05	4.26e-06	0.00e+00	0.00e+00	0.00e+00	0.00e+00
 6.58512e+21	7.90e-01	2.10e-01	9.23e-05	4.11e-06	0.00e+00	0.00e+00	0.00e+00	0.00e+00
 6.59253e+21	7.96e-01	2.04e-01	8.97e-05	3.98e-06	0.00e+00	0.00e+00	0.00e+00	0.00e+00
 6.60073e+21	8.02e-01	1.98e-01	8.75e-05	3.86e-06	0.00e+00	0.00e+00	0.00e+00	0.00e+00
 6.61000e+21	8.07e-01	1.93e-01	8.55e-05	3.75e-06	0.00e+00	0.00e+00	0.00e+00	0.00e+00
 6.62081e+21	8.12e-01	1.88e-01	8.38e-05	3.65e-06	0.00e+00	0.00e+00	0.00e+00	0.00e+00
 6.63257e+21	8.16e-01	1.84e-01	8.25e-05	3.57e-06	0.00e+00	0.00e+00	0.00e+00	0.00e+00
 6.64430e+21	8.18e-01	1.81e-01	8.15e-05	3.51e-06	0.00e+00	0.00e+00	0.00e+00	0.00e+00
 6.65592e+21	8.21e-01	1.79e-01	8.07e-05	3.46e-06	0.00e+00	0.00e+00	0.00e+00	0.00e+00
 6.66747e+21	8.22e-01	1.78e-01	8.02e-05	3.43e-06	0.00e+00	0.00e+00	0.00e+00	0.00e+00
 6.67895e+21	8.24e-01	1.76e-01	7.97e-05	3.39e-06	0.00e+00	0.00e+00	0.00e+00	0.00e+00
 6.69040e+21	8.24e-01	1.75e-01	7.94e-05	3.37e-06	0.00e+00	0.00e+00	0.00e+00	0.00e+00
 6.70181e+21	8.25e-01	1.75e-01	7.91e-05	3.36e-06	0.00e+00	0.00e+00	0.00e+00	0.00e+00
 6.71320e+21	8.26e-01	1.74e-01	7.88e-05	3.33e-06	0.00e+00	0.00e+00	0.00e+00	0.00e+00
 6.72629e+21	8.27e-01	1.73e-01	7.85e-05	3.32e-06	0.00e+00	0.00e+00	0.00e+00	0.00e+00
 6.74331e+21	8.28e-01	1.72e-01	7.82e-05	3.29e-06	0.00e+00	0.00e+00	0.00e+00	0.00e+00
 6.76543e+21	8.28e-01	1.72e-01	7.79e-05	3.28e-06	0.00e+00	0.00e+00	0.00e+00	0.00e+00
 6.79419e+21	8.30e-01	1.70e-01	7.74e-05	3.24e-06	0.00e+00	0.00e+00	0.00e+00	0.00e+00
 6.83157e+21	8.30e-01	1.70e-01	7.69e-05	3.22e-06	0.00e+00	0.00e+00	0.00e+00	0.00e+00
 6.88017e+21	8.32e-01	1.68e-01	7.62e-05	3.17e-06	0.00e+00	0.00e+00	0.00e+00	0.00e+00
 6.94335e+21	8.33e-01	1.66e-01	7.53e-05	3.12e-06	0.00e+00	0.00e+00	0.00e+00	0.00e+00
 7.02548e+21	8.36e-01	1.64e-01	7.43e-05	3.05e-06	0.00e+00	0.00e+00	0.00e+00	0.00e+00
 7.13226e+21	8.38e-01	1.61e-01	7.29e-05	2.97e-06	0.00e+00	0.00e+00	0.00e+00	0.00e+00
 7.27106e+21	8.42e-01	1.58e-01	7.12e-05	2.87e-06	0.00e+00	0.00e+00	0.00e+00	0.00e+00
 7.45151e+21	8.46e-01	1.54e-01	6.92e-05	2.75e-06	0.00e+00	0.00e+00	0.00e+00	0.00e+00
 7.68609e+21	8.50e-01	1.49e-01	6.68e-05	2.60e-06	0.00e+00	0.00e+00	0.00e+00	0.00e+00
 7.99105e+21	8.56e-01	1.44e-01	6.38e-05	2.43e-06	0.00e+00	0.00e+00	0.00e+00	0.00e+00
 8.36531e+21	8.62e-01	1.38e-01	6.06e-05	2.24e-06	0.00e+00	0.00e+00	0.00e+00	0.00e+00
 8.77854e+21	8.68e-01	1.32e-01	5.74e-05	2.06e-06	0.00e+00	0.00e+00	0.00e+00	0.00e+00
 9.22028e+21	8.73e-01	1.27e-01	5.42e-05	1.89e-06	0.00e+00	0.00e+00	0.00e+00	0.00e+00
 9.70908e+21	8.79e-01	1.21e-01	5.11e-05	1.73e-06	0.00e+00	0.00e+00	0.00e+00	0.00e+00
 1.02605e+22	8.84e-01	1.16e-01	4.78e-05	1.57e-06	0.00e+00	0.00e+00	0.00e+00	0.00e+00
 1.08821e+22	8.90e-01	1.10e-01	4.45e-05	1.41e-06	0.00e+00	0.00e+00	0.00e+00	0.00e+00
 1.15804e+22	8.95e-01	1.05e-01	4.11e-05	1.25e-06	0.00e+00	0.00e+00	0.00e+00	0.00e+00
 1.23729e+22	9.00e-01	9.99e-02	3.77e-05	1.11e-06	0.00e+00	0.00e+00	0.00e+00	0.00e+00
 1.32002e+22	9.05e-01	9.52e-02	3.45e-05	9.75e-07	0.00e+00	0.00e+00	0.00e+00	0.00e+00
 1.39632e+22	9.09e-01	9.14e-02	3.20e-05	8.74e-07	0.00e+00	0.00e+00	0.00e+00	0.00e+00
 1.46638e+22	9.12e-01	8.84e-02	2.98e-05	7.92e-07	0.00e+00	0.00e+00	0.00e+00	0.00e+00
 1.54505e+22	9.15e-01	8.52e-02	2.75e-05	7.10e-07	0.00e+00	0.00e+00	0.00e+00	0.00e+00
 1.63026e+22	9.18e-01	8.22e-02	2.53e-05	6.35e-07	0.00e+00	0.00e+00	0.00e+00	0.00e+00
 1.70450e+22	9.20e-01	7.99e-02	2.36e-05	5.78e-07	0.00e+00	0.00e+00	0.00e+00	0.00e+00
 1.76976e+22	9.22e-01	7.81e-02	2.22e-05	5.34e-07	0.00e+00	0.00e+00	0.00e+00	0.00e+00
 1.84279e+22	9.24e-01	7.62e-02	2.07e-05	4.88e-07	0.00e+00	0.00e+00	0.00e+00	0.00e+00
 1.92423e+22	9.26e-01	7.43e-02	1.92e-05	4.43e-07	0.00e+00	0.00e+00	0.00e+00	0.00e+00
 1.99843e+22	9.27e-01	7.27e-02	1.80e-05	4.08e-07	0.00e+00	0.00e+00	0.00e+00	0.00e+00
 2.06436e+22	9.29e-01	7.15e-02	1.69e-05	3.79e-07	0.00e+00	0.00e+00	0.00e+00	0.00e+00
 2.13772e+22	9.30e-01	7.02e-02	1.58e-05	3.49e-07	0.00e+00	0.00e+00	0.00e+00	0.00e+00
 2.21889e+22	9.31e-01	6.89e-02	1.47e-05	3.20e-07	0.00e+00	0.00e+00	0.00e+00	0.00e+00
 2.29238e+22	9.32e-01	6.78e-02	1.39e-05	2.97e-07	0.00e+00	0.00e+00	0.00e+00	0.00e+00
 2.35827e+22	9.33e-01	6.69e-02	1.31e-05	2.78e-07	0.00e+00	0.00e+00	0.00e+00	0.00e+00
 2.42512e+22	9.34e-01	6.60e-02	1.24e-05	2.60e-07	0.00e+00	0.00e+00	0.00e+00	0.00e+00
 2.49118e+22	9.35e-01	6.53e-02	1.17e-05	2.44e-07	0.00e+00	0.00e+00	0.00e+00	0.00e+00
 2.55063e+22	9.35e-01	6.46e-02	1.12e-05	2.30e-07	0.00e+00	0.00e+00	0.00e+00	0.00e+00
 2.60413e+22	9.36e-01	6.41e-02	1.07e-05	2.19e-07	0.00e+00	0.00e+00	0.00e+00	0.00e+00
 2.65229e+22	9.36e-01	6.36e-02	1.03e-05	2.09e-07	0.00e+00	0.00e+00	0.00e+00	0.00e+00
 2.69563e+22	9.37e-01	6.32e-02	9.92e-06	2.01e-07	0.00e+00	0.00e+00	0.00e+00	0.00e+00
 2.73463e+22	9.37e-01	6.28e-02	9.62e-06	1.93e-07	0.00e+00	0.00e+00	0.00e+00	0.00e+00
 2.76974e+22	9.38e-01	6.25e-02	9.36e-06	1.87e-07	0.00e+00	0.00e+00	0.00e+00	0.00e+00
 2.80179e+22	9.38e-01	6.21e-02	9.12e-06	1.82e-07	0.00e+00	0.00e+00	0.00e+00	0.00e+00
 2.83265e+22	9.38e-01	6.18e-02	8.90e-06	1.77e-07	0.00e+00	0.00e+00	0.00e+00	0.00e+00
 2.86351e+22	9.39e-01	6.14e-02	8.69e-06	1.71e-07	0.00e+00	0.00e+00	0.00e+00	0.00e+00
 2.89436e+22	9.39e-01	6.11e-02	8.48e-06	1.66e-07	0.00e+00	0.00e+00	0.00e+00	0.00e+00
 2.92522e+22	9.39e-01	6.07e-02	8.27e-06	1.61e-07	0.00e+00	0.00e+00	0.00e+00	0.00e+00
 2.95608e+22	9.40e-01	6.04e-02	8.08e-06	1.57e-07	0.00e+00	0.00e+00	0.00e+00	0.00e+00
 2.98693e+22	9.40e-01	5.99e-02	7.89e-06	1.52e-07	0.00e+00	0.00e+00	0.00e+00	0.00e+00
 3.01779e+22	9.40e-01	5.96e-02	7.70e-06	1.47e-07	0.00e+00	0.00e+00	0.00e+00	0.00e+00
 3.04865e+22	9.41e-01	5.91e-02	7.52e-06	1.43e-07	0.00e+00	0.00e+00	0.00e+00	0.00e+00
 3.07488e+22	9.41e-01	5.87e-02	7.37e-06	1.39e-07	0.00e+00	0.00e+00	0.00e+00	0.00e+00
