#depth	He	He+	He+2
 2.71028e+15	5.42e-03	5.25e-01	4.69e-01
 1.62617e+16	5.41e-03	5.25e-01	4.69e-01
 7.04673e+16	5.41e-03	5.26e-01	4.68e-01
 2.87290e+17	5.45e-03	5.32e-01	4.63e-01
 6.86243e+17	5.44e-03	5.37e-01	4.58e-01
 1.19851e+18	5.52e-03	5.48e-01	4.47e-01
 1.85808e+18	5.69e-03	5.67e-01	4.28e-01
 2.71552e+18	6.01e-03	5.96e-01	3.98e-01
 3.83019e+18	6.55e-03	6.37e-01	3.56e-01
 5.27926e+18	7.40e-03	6.93e-01	2.99e-01
 6.81520e+18	8.36e-03	7.49e-01	2.43e-01
 8.07464e+18	9.21e-03	7.90e-01	2.01e-01
 9.05554e+18	9.92e-03	8.17e-01	1.73e-01
 9.89568e+18	1.06e-02	8.38e-01	1.52e-01
 1.08198e+19	1.13e-02	8.57e-01	1.31e-01
 1.17753e+19	1.21e-02	8.74e-01	1.14e-01
 1.25608e+19	1.27e-02	8.85e-01	1.02e-01
 1.32519e+19	1.34e-02	8.94e-01	9.30e-02
 1.40310e+19	1.41e-02	9.02e-01	8.39e-02
 1.48645e+19	1.50e-02	9.09e-01	7.58e-02
 1.55747e+19	1.58e-02	9.14e-01	6.99e-02
 1.61868e+19	1.66e-02	9.18e-01	6.53e-02
 1.68653e+19	1.76e-02	9.22e-01	6.05e-02
 1.75948e+19	1.88e-02	9.25e-01	5.61e-02
 1.82285e+19	2.00e-02	9.27e-01	5.28e-02
 1.87859e+19	2.13e-02	9.29e-01	5.01e-02
 1.94065e+19	2.30e-02	9.30e-01	4.72e-02
 2.00722e+19	2.50e-02	9.30e-01	4.45e-02
 2.06404e+19	2.72e-02	9.30e-01	4.25e-02
 2.11118e+19	2.93e-02	9.30e-01	4.09e-02
 2.15416e+19	3.15e-02	9.29e-01	3.95e-02
 2.19591e+19	3.41e-02	9.28e-01	3.82e-02
 2.23566e+19	3.68e-02	9.26e-01	3.71e-02
 2.27244e+19	3.99e-02	9.24e-01	3.60e-02
 2.30640e+19	4.30e-02	9.22e-01	3.52e-02
 2.33830e+19	4.64e-02	9.19e-01	3.45e-02
 2.36897e+19	5.02e-02	9.16e-01	3.37e-02
 2.39854e+19	5.43e-02	9.13e-01	3.31e-02
 2.42657e+19	5.87e-02	9.09e-01	3.26e-02
 2.45339e+19	6.34e-02	9.05e-01	3.21e-02
 2.47985e+19	6.86e-02	9.00e-01	3.17e-02
 2.50608e+19	7.43e-02	8.94e-01	3.13e-02
 2.53186e+19	8.05e-02	8.89e-01	3.09e-02
 2.55726e+19	8.74e-02	8.82e-01	3.06e-02
 2.58632e+19	9.60e-02	8.74e-01	3.04e-02
 2.61715e+19	1.06e-01	8.64e-01	3.01e-02
 2.64365e+19	1.16e-01	8.54e-01	2.99e-02
 2.66822e+19	1.26e-01	8.44e-01	2.97e-02
 2.69382e+19	1.38e-01	8.32e-01	2.95e-02
 2.71912e+19	1.50e-01	8.20e-01	2.94e-02
 2.74224e+19	1.63e-01	8.08e-01	2.93e-02
 2.76335e+19	1.74e-01	7.96e-01	2.93e-02
 2.78325e+19	1.87e-01	7.84e-01	2.92e-02
 2.79912e+19	1.96e-01	7.75e-01	2.92e-02
 2.81055e+19	2.04e-01	7.67e-01	2.91e-02
 2.82183e+19	2.12e-01	7.59e-01	2.91e-02
 2.83468e+19	2.21e-01	7.50e-01	2.90e-02
 2.84824e+19	2.31e-01	7.40e-01	2.89e-02
 2.86136e+19	2.41e-01	7.30e-01	2.89e-02
 2.87431e+19	2.51e-01	7.20e-01	2.88e-02
 2.88745e+19	2.62e-01	7.10e-01	2.87e-02
 2.90081e+19	2.73e-01	6.98e-01	2.86e-02
 2.91425e+19	2.85e-01	6.87e-01	2.85e-02
 2.92787e+19	2.97e-01	6.75e-01	2.84e-02
 2.94177e+19	3.10e-01	6.62e-01	2.82e-02
 2.95552e+19	3.23e-01	6.49e-01	2.81e-02
 2.96937e+19	3.36e-01	6.36e-01	2.79e-02
 2.98368e+19	3.50e-01	6.22e-01	2.77e-02
 2.99818e+19	3.65e-01	6.08e-01	2.75e-02
 3.01286e+19	3.80e-01	5.93e-01	2.72e-02
 3.02779e+19	3.95e-01	5.78e-01	2.70e-02
 3.04309e+19	4.11e-01	5.62e-01	2.67e-02
 3.05885e+19	4.28e-01	5.46e-01	2.63e-02
 3.07479e+19	4.45e-01	5.29e-01	2.59e-02
 3.09115e+19	4.62e-01	5.13e-01	2.55e-02
 3.10819e+19	4.80e-01	4.95e-01	2.51e-02
 3.12594e+19	4.98e-01	4.77e-01	2.46e-02
 3.14422e+19	5.17e-01	4.59e-01	2.40e-02
 3.16296e+19	5.35e-01	4.41e-01	2.35e-02
 3.18222e+19	5.54e-01	4.23e-01	2.29e-02
 3.20219e+19	5.72e-01	4.06e-01	2.22e-02
 3.22316e+19	5.90e-01	3.88e-01	2.15e-02
 3.24537e+19	6.09e-01	3.71e-01	2.08e-02
 3.26894e+19	6.26e-01	3.54e-01	2.00e-02
 3.29421e+19	6.44e-01	3.37e-01	1.93e-02
 3.32180e+19	6.61e-01	3.21e-01	1.84e-02
 3.35233e+19	6.77e-01	3.05e-01	1.76e-02
 3.38658e+19	6.93e-01	2.90e-01	1.67e-02
 3.42524e+19	7.08e-01	2.76e-01	1.58e-02
 3.46598e+19	7.21e-01	2.64e-01	1.50e-02
 3.50622e+19	7.31e-01	2.55e-01	1.43e-02
 3.55224e+19	7.41e-01	2.46e-01	1.36e-02
 3.61207e+19	7.51e-01	2.36e-01	1.27e-02
 3.68985e+19	7.62e-01	2.26e-01	1.18e-02
 3.78613e+19	7.73e-01	2.16e-01	1.08e-02
 3.89569e+19	7.84e-01	2.07e-01	9.82e-03
 4.01379e+19	7.93e-01	1.98e-01	8.93e-03
 4.13865e+19	8.03e-01	1.89e-01	8.12e-03
 4.26890e+19	8.12e-01	1.81e-01	7.37e-03
 4.40393e+19	8.20e-01	1.73e-01	6.68e-03
 4.54498e+19	8.28e-01	1.65e-01	6.06e-03
 4.69054e+19	8.36e-01	1.58e-01	5.50e-03
 4.83984e+19	8.44e-01	1.51e-01	4.99e-03
 4.99423e+19	8.51e-01	1.45e-01	4.54e-03
 5.15239e+19	8.58e-01	1.38e-01	4.12e-03
 5.31648e+19	8.64e-01	1.32e-01	3.74e-03
 5.48585e+19	8.70e-01	1.26e-01	3.40e-03
 5.65868e+19	8.76e-01	1.21e-01	3.09e-03
 5.83729e+19	8.82e-01	1.16e-01	2.81e-03
 6.02160e+19	8.87e-01	1.10e-01	2.55e-03
 6.20908e+19	8.92e-01	1.06e-01	2.32e-03
 6.39494e+19	8.97e-01	1.01e-01	2.12e-03
 6.57620e+19	9.01e-01	9.71e-02	1.94e-03
 6.75309e+19	9.05e-01	9.34e-02	1.79e-03
 6.92607e+19	9.08e-01	8.99e-02	1.65e-03
 7.09424e+19	9.12e-01	8.67e-02	1.53e-03
 7.25636e+19	9.15e-01	8.38e-02	1.43e-03
 7.41186e+19	9.18e-01	8.12e-02	1.33e-03
 7.56061e+19	9.20e-01	7.87e-02	1.25e-03
 7.70238e+19	9.22e-01	7.64e-02	1.17e-03
