#depth	O	O+	O+2	O+3	O+4	O+5	O+6	O+7	O+8	O[1]	O[2]	O[3]
 1.47112e+16	5.56e-07	1.35e-03	1.58e-01	6.63e-01	1.65e-01	1.20e-02	5.15e-04	2.83e-07	0.00e+00	5.56e-07	1.34e-10	1.52e-10
 8.82670e+16	5.55e-07	1.34e-03	1.59e-01	6.63e-01	1.65e-01	1.20e-02	5.14e-04	2.82e-07	0.00e+00	5.55e-07	1.33e-10	1.52e-10
 3.82491e+17	5.52e-07	1.34e-03	1.60e-01	6.62e-01	1.64e-01	1.19e-02	5.09e-04	2.80e-07	0.00e+00	5.52e-07	1.33e-10	1.51e-10
 1.55938e+18	5.48e-07	1.34e-03	1.67e-01	6.60e-01	1.60e-01	1.15e-02	4.91e-04	2.69e-07	0.00e+00	5.47e-07	1.32e-10	1.50e-10
 3.72487e+18	5.24e-07	1.33e-03	1.77e-01	6.57e-01	1.53e-01	1.10e-02	4.64e-04	2.52e-07	0.00e+00	5.23e-07	1.26e-10	1.43e-10
 6.54000e+18	5.24e-07	1.36e-03	1.92e-01	6.52e-01	1.45e-01	1.03e-02	4.32e-04	2.33e-07	0.00e+00	5.23e-07	1.25e-10	1.43e-10
 1.01997e+19	5.45e-07	1.45e-03	2.12e-01	6.42e-01	1.34e-01	9.37e-03	3.92e-04	2.10e-07	0.00e+00	5.45e-07	1.30e-10	1.49e-10
 1.49572e+19	5.99e-07	1.61e-03	2.42e-01	6.26e-01	1.21e-01	8.26e-03	3.44e-04	1.84e-07	0.00e+00	5.99e-07	1.43e-10	1.64e-10
 2.03115e+19	6.81e-07	1.85e-03	2.82e-01	6.02e-01	1.06e-01	7.06e-03	2.92e-04	1.55e-07	0.00e+00	6.81e-07	1.63e-10	1.86e-10
 2.51321e+19	7.77e-07	2.12e-03	3.26e-01	5.73e-01	9.29e-02	6.04e-03	2.50e-04	1.33e-07	0.00e+00	7.76e-07	1.85e-10	2.12e-10
 2.91794e+19	8.99e-07	2.45e-03	3.70e-01	5.41e-01	8.09e-02	5.15e-03	2.13e-04	0.00e+00	0.00e+00	8.98e-07	2.14e-10	2.45e-10
 3.27754e+19	1.05e-06	2.82e-03	4.16e-01	5.07e-01	6.98e-02	4.35e-03	1.80e-04	0.00e+00	0.00e+00	1.05e-06	2.50e-10	2.86e-10
 3.60164e+19	1.21e-06	3.23e-03	4.62e-01	4.71e-01	5.98e-02	3.66e-03	1.51e-04	0.00e+00	0.00e+00	1.21e-06	2.89e-10	3.31e-10
 3.89798e+19	1.40e-06	3.68e-03	5.09e-01	4.33e-01	5.06e-02	3.04e-03	1.26e-04	0.00e+00	0.00e+00	1.40e-06	3.34e-10	3.82e-10
 4.17780e+19	1.62e-06	4.17e-03	5.56e-01	3.95e-01	4.22e-02	2.50e-03	1.03e-04	0.00e+00	0.00e+00	1.62e-06	3.85e-10	4.41e-10
 4.44941e+19	1.87e-06	4.72e-03	6.04e-01	3.55e-01	3.46e-02	2.02e-03	8.25e-05	0.00e+00	0.00e+00	1.87e-06	4.45e-10	5.09e-10
 4.71613e+19	2.16e-06	5.31e-03	6.50e-01	3.15e-01	2.77e-02	1.60e-03	6.46e-05	0.00e+00	0.00e+00	2.16e-06	5.13e-10	5.87e-10
 4.97890e+19	2.48e-06	5.95e-03	6.95e-01	2.76e-01	2.19e-02	1.25e-03	4.97e-05	0.00e+00	0.00e+00	2.48e-06	5.90e-10	6.76e-10
 5.27904e+19	2.93e-06	6.74e-03	7.42e-01	2.34e-01	1.62e-02	9.15e-04	3.56e-05	0.00e+00	0.00e+00	2.93e-06	6.96e-10	7.98e-10
 5.59253e+19	3.42e-06	7.54e-03	7.84e-01	1.96e-01	1.18e-02	6.63e-04	2.50e-05	0.00e+00	0.00e+00	3.42e-06	8.09e-10	9.29e-10
 5.85782e+19	3.87e-06	8.21e-03	8.14e-01	1.68e-01	9.00e-03	5.05e-04	1.84e-05	0.00e+00	0.00e+00	3.87e-06	9.16e-10	1.05e-09
 6.13712e+19	4.43e-06	8.96e-03	8.42e-01	1.42e-01	6.73e-03	3.79e-04	1.32e-05	0.00e+00	0.00e+00	4.43e-06	1.05e-09	1.20e-09
 6.44750e+19	5.06e-06	9.72e-03	8.66e-01	1.19e-01	5.00e-03	2.83e-04	9.44e-06	0.00e+00	0.00e+00	5.05e-06	1.19e-09	1.37e-09
 6.74817e+19	5.70e-06	1.04e-02	8.85e-01	1.01e-01	3.84e-03	2.18e-04	6.95e-06	0.00e+00	0.00e+00	5.70e-06	1.34e-09	1.55e-09
 7.06410e+19	6.45e-06	1.12e-02	9.01e-01	8.51e-02	2.98e-03	1.69e-04	5.15e-06	0.00e+00	0.00e+00	6.44e-06	1.51e-09	1.75e-09
 7.42081e+19	7.33e-06	1.19e-02	9.14e-01	7.13e-02	2.33e-03	1.31e-04	3.81e-06	0.00e+00	0.00e+00	7.33e-06	1.72e-09	1.99e-09
 7.81931e+19	8.38e-06	1.27e-02	9.26e-01	5.93e-02	1.85e-03	1.01e-04	2.85e-06	0.00e+00	0.00e+00	8.38e-06	1.96e-09	2.27e-09
 8.26692e+19	9.68e-06	1.36e-02	9.36e-01	4.90e-02	1.51e-03	7.89e-05	2.16e-06	0.00e+00	0.00e+00	9.67e-06	2.26e-09	2.62e-09
 8.79023e+19	1.14e-05	1.46e-02	9.44e-01	3.99e-02	1.26e-03	6.07e-05	1.65e-06	0.00e+00	0.00e+00	1.14e-05	2.65e-09	3.08e-09
 9.43848e+19	1.38e-05	1.58e-02	9.51e-01	3.17e-02	1.07e-03	4.57e-05	1.27e-06	0.00e+00	0.00e+00	1.38e-05	3.21e-09	3.73e-09
 1.02733e+20	1.76e-05	1.74e-02	9.57e-01	2.44e-02	9.40e-04	3.31e-05	9.82e-07	0.00e+00	0.00e+00	1.76e-05	4.10e-09	4.77e-09
 1.11703e+20	2.29e-05	1.91e-02	9.61e-01	1.91e-02	8.62e-04	2.46e-05	8.01e-07	0.00e+00	0.00e+00	2.28e-05	5.32e-09	6.18e-09
 1.20050e+20	2.95e-05	2.10e-02	9.63e-01	1.55e-02	8.19e-04	1.90e-05	6.85e-07	0.00e+00	0.00e+00	2.95e-05	6.86e-09	7.96e-09
 1.28172e+20	3.85e-05	2.31e-02	9.63e-01	1.28e-02	7.90e-04	1.49e-05	5.98e-07	0.00e+00	0.00e+00	3.85e-05	8.96e-09	1.04e-08
 1.34408e+20	4.76e-05	2.49e-02	9.63e-01	1.12e-02	7.76e-04	1.24e-05	5.44e-07	0.00e+00	0.00e+00	4.76e-05	1.11e-08	1.28e-08
 1.38187e+20	5.48e-05	2.63e-02	9.63e-01	1.03e-02	7.68e-04	1.11e-05	5.12e-07	0.00e+00	0.00e+00	5.48e-05	1.28e-08	1.48e-08
 1.41793e+20	6.32e-05	2.77e-02	9.62e-01	9.48e-03	7.60e-04	9.92e-06	4.82e-07	0.00e+00	0.00e+00	6.32e-05	1.47e-08	1.70e-08
 1.46481e+20	7.68e-05	2.99e-02	9.61e-01	8.48e-03	7.52e-04	8.53e-06	4.46e-07	0.00e+00	0.00e+00	7.68e-05	1.79e-08	2.07e-08
 1.51184e+20	9.38e-05	3.24e-02	9.59e-01	7.62e-03	7.45e-04	7.34e-06	4.11e-07	0.00e+00	0.00e+00	9.38e-05	2.19e-08	2.52e-08
 1.54785e+20	1.10e-04	3.46e-02	9.58e-01	7.02e-03	7.41e-04	6.53e-06	3.86e-07	0.00e+00	0.00e+00	1.10e-04	2.58e-08	2.97e-08
 1.57809e+20	1.28e-04	3.67e-02	9.56e-01	6.52e-03	7.36e-04	5.88e-06	3.64e-07	0.00e+00	0.00e+00	1.28e-04	2.99e-08	3.43e-08
 1.61204e+20	1.52e-04	3.95e-02	9.54e-01	5.97e-03	7.31e-04	5.19e-06	3.40e-07	0.00e+00	0.00e+00	1.52e-04	3.56e-08	4.08e-08
 1.64837e+20	1.84e-04	4.29e-02	9.51e-01	5.44e-03	7.26e-04	4.53e-06	3.15e-07	0.00e+00	0.00e+00	1.84e-04	4.33e-08	4.94e-08
 1.67931e+20	2.18e-04	4.62e-02	9.48e-01	5.01e-03	7.21e-04	4.02e-06	2.93e-07	0.00e+00	0.00e+00	2.18e-04	5.15e-08	5.86e-08
 1.70590e+20	2.55e-04	4.95e-02	9.45e-01	4.65e-03	7.17e-04	3.61e-06	2.75e-07	0.00e+00	0.00e+00	2.55e-04	6.03e-08	6.84e-08
 1.73531e+20	3.06e-04	5.37e-02	9.41e-01	4.26e-03	7.11e-04	3.18e-06	2.55e-07	0.00e+00	0.00e+00	3.06e-04	7.27e-08	8.21e-08
 1.76633e+20	3.74e-04	5.88e-02	9.36e-01	3.88e-03	7.05e-04	2.78e-06	2.35e-07	0.00e+00	0.00e+00	3.74e-04	8.92e-08	1.00e-07
 1.79226e+20	4.45e-04	6.38e-02	9.32e-01	3.58e-03	6.99e-04	2.46e-06	2.18e-07	0.00e+00	0.00e+00	4.45e-04	1.07e-07	1.19e-07
 1.81464e+20	5.23e-04	6.87e-02	9.27e-01	3.32e-03	6.94e-04	2.21e-06	2.03e-07	0.00e+00	0.00e+00	5.22e-04	1.26e-07	1.40e-07
 1.83957e+20	6.33e-04	7.52e-02	9.20e-01	3.03e-03	6.86e-04	1.94e-06	1.86e-07	0.00e+00	0.00e+00	6.32e-04	1.53e-07	1.69e-07
 1.86604e+20	7.76e-04	8.30e-02	9.13e-01	2.75e-03	6.77e-04	1.68e-06	1.70e-07	0.00e+00	0.00e+00	7.76e-04	1.90e-07	2.07e-07
 1.88867e+20	9.34e-04	9.07e-02	9.05e-01	2.52e-03	6.68e-04	1.48e-06	1.55e-07	0.00e+00	0.00e+00	9.34e-04	2.30e-07	2.49e-07
 1.90856e+20	1.11e-03	9.86e-02	8.97e-01	2.32e-03	6.59e-04	1.32e-06	1.43e-07	0.00e+00	0.00e+00	1.11e-03	2.76e-07	2.95e-07
 1.93071e+20	1.36e-03	1.09e-01	8.87e-01	2.10e-03	6.48e-04	1.14e-06	1.30e-07	0.00e+00	0.00e+00	1.36e-03	3.44e-07	3.63e-07
 1.95407e+20	1.70e-03	1.22e-01	8.74e-01	1.89e-03	6.34e-04	9.77e-07	0.00e+00	0.00e+00	0.00e+00	1.70e-03	4.34e-07	4.51e-07
 1.97372e+20	2.07e-03	1.34e-01	8.62e-01	1.71e-03	6.21e-04	8.50e-07	0.00e+00	0.00e+00	0.00e+00	2.07e-03	5.35e-07	5.49e-07
 1.99064e+20	2.48e-03	1.46e-01	8.49e-01	1.56e-03	6.08e-04	7.48e-07	0.00e+00	0.00e+00	0.00e+00	2.47e-03	6.48e-07	6.55e-07
 2.00925e+20	3.06e-03	1.63e-01	8.32e-01	1.41e-03	5.91e-04	6.42e-07	0.00e+00	0.00e+00	0.00e+00	3.06e-03	8.13e-07	8.07e-07
 2.02874e+20	3.83e-03	1.82e-01	8.13e-01	1.25e-03	5.71e-04	5.44e-07	0.00e+00	0.00e+00	0.00e+00	3.82e-03	1.03e-06	1.01e-06
 2.04483e+20	4.65e-03	2.00e-01	7.94e-01	1.13e-03	5.53e-04	4.70e-07	0.00e+00	0.00e+00	0.00e+00	4.65e-03	1.27e-06	1.22e-06
 2.05859e+20	5.54e-03	2.18e-01	7.75e-01	1.03e-03	5.35e-04	4.10e-07	0.00e+00	0.00e+00	0.00e+00	5.54e-03	1.54e-06	1.45e-06
 2.07383e+20	6.84e-03	2.42e-01	7.50e-01	9.11e-04	5.12e-04	3.47e-07	0.00e+00	0.00e+00	0.00e+00	6.84e-03	1.92e-06	1.79e-06
 2.08979e+20	8.52e-03	2.69e-01	7.22e-01	8.03e-04	4.86e-04	2.90e-07	0.00e+00	0.00e+00	0.00e+00	8.52e-03	2.43e-06	2.22e-06
 2.10311e+20	1.03e-02	2.94e-01	6.94e-01	7.16e-04	4.61e-04	2.46e-07	0.00e+00	0.00e+00	0.00e+00	1.03e-02	2.97e-06	2.68e-06
 2.11470e+20	1.23e-02	3.20e-01	6.67e-01	6.44e-04	4.38e-04	2.11e-07	0.00e+00	0.00e+00	0.00e+00	1.23e-02	3.56e-06	3.18e-06
 2.12761e+20	1.51e-02	3.51e-01	6.32e-01	5.65e-04	4.08e-04	1.75e-07	0.00e+00	0.00e+00	0.00e+00	1.51e-02	4.40e-06	3.90e-06
 2.14131e+20	1.88e-02	3.88e-01	5.93e-01	4.88e-04	3.76e-04	1.41e-07	0.00e+00	0.00e+00	0.00e+00	1.88e-02	5.52e-06	4.83e-06
 2.15294e+20	2.28e-02	4.22e-01	5.55e-01	4.27e-04	3.45e-04	1.16e-07	0.00e+00	0.00e+00	0.00e+00	2.28e-02	6.72e-06	5.83e-06
 2.16307e+20	2.72e-02	4.54e-01	5.18e-01	3.76e-04	3.16e-04	0.00e+00	0.00e+00	0.00e+00	0.00e+00	2.72e-02	8.01e-06	6.91e-06
 2.17431e+20	3.33e-02	4.92e-01	4.74e-01	3.22e-04	2.82e-04	0.00e+00	0.00e+00	0.00e+00	0.00e+00	3.33e-02	9.82e-06	8.42e-06
 2.18630e+20	4.13e-02	5.34e-01	4.24e-01	2.71e-04	2.46e-04	0.00e+00	0.00e+00	0.00e+00	0.00e+00	4.12e-02	1.22e-05	1.04e-05
 2.19666e+20	5.00e-02	5.71e-01	3.79e-01	2.30e-04	2.13e-04	0.00e+00	0.00e+00	0.00e+00	0.00e+00	5.00e-02	1.47e-05	1.25e-05
 2.20473e+20	5.80e-02	5.99e-01	3.43e-01	2.02e-04	1.88e-04	0.00e+00	0.00e+00	0.00e+00	0.00e+00	5.79e-02	1.69e-05	1.44e-05
 2.21118e+20	6.56e-02	6.21e-01	3.13e-01	1.80e-04	1.68e-04	0.00e+00	0.00e+00	0.00e+00	0.00e+00	6.56e-02	1.91e-05	1.62e-05
 2.21826e+20	7.55e-02	6.45e-01	2.79e-01	1.57e-04	1.46e-04	0.00e+00	0.00e+00	0.00e+00	0.00e+00	7.55e-02	2.19e-05	1.85e-05
 2.22583e+20	8.72e-02	6.68e-01	2.45e-01	1.36e-04	1.24e-04	0.00e+00	0.00e+00	0.00e+00	0.00e+00	8.71e-02	2.51e-05	2.11e-05
 2.23239e+20	9.92e-02	6.85e-01	2.15e-01	1.19e-04	1.06e-04	0.00e+00	0.00e+00	0.00e+00	0.00e+00	9.91e-02	2.83e-05	2.38e-05
 2.23805e+20	1.10e-01	6.98e-01	1.91e-01	1.06e-04	9.14e-05	0.00e+00	0.00e+00	0.00e+00	0.00e+00	1.10e-01	3.13e-05	2.63e-05
 2.24419e+20	1.25e-01	7.10e-01	1.65e-01	9.21e-05	7.61e-05	0.00e+00	0.00e+00	0.00e+00	0.00e+00	1.25e-01	3.50e-05	2.94e-05
 2.25069e+20	1.42e-01	7.18e-01	1.39e-01	7.96e-05	6.19e-05	0.00e+00	0.00e+00	0.00e+00	0.00e+00	1.42e-01	3.93e-05	3.30e-05
 2.25619e+20	1.58e-01	7.22e-01	1.19e-01	6.99e-05	5.11e-05	0.00e+00	0.00e+00	0.00e+00	0.00e+00	1.58e-01	4.33e-05	3.63e-05
 2.26097e+20	1.73e-01	7.23e-01	1.03e-01	6.25e-05	4.30e-05	0.00e+00	0.00e+00	0.00e+00	0.00e+00	1.73e-01	4.68e-05	3.92e-05
 2.26628e+20	1.93e-01	7.21e-01	8.64e-02	5.46e-05	3.46e-05	0.00e+00	0.00e+00	0.00e+00	0.00e+00	1.93e-01	5.13e-05	4.29e-05
 2.27203e+20	2.16e-01	7.14e-01	7.05e-02	4.72e-05	2.70e-05	0.00e+00	0.00e+00	0.00e+00	0.00e+00	2.16e-01	5.62e-05	4.70e-05
 2.27711e+20	2.38e-01	7.04e-01	5.80e-02	4.13e-05	2.13e-05	0.00e+00	0.00e+00	0.00e+00	0.00e+00	2.38e-01	6.08e-05	5.09e-05
 2.28165e+20	2.59e-01	6.93e-01	4.82e-02	3.67e-05	1.70e-05	0.00e+00	0.00e+00	0.00e+00	0.00e+00	2.59e-01	6.49e-05	5.43e-05
 2.28675e+20	2.86e-01	6.75e-01	3.83e-02	3.18e-05	1.29e-05	0.00e+00	0.00e+00	0.00e+00	0.00e+00	2.86e-01	6.99e-05	5.84e-05
 2.29230e+20	3.17e-01	6.53e-01	2.95e-02	2.73e-05	9.45e-06	0.00e+00	0.00e+00	0.00e+00	0.00e+00	3.17e-01	7.50e-05	6.27e-05
 2.29734e+20	3.47e-01	6.30e-01	2.29e-02	2.36e-05	6.97e-06	0.00e+00	0.00e+00	0.00e+00	0.00e+00	3.47e-01	7.97e-05	6.66e-05
 2.30205e+20	3.78e-01	6.04e-01	1.77e-02	2.05e-05	5.14e-06	0.00e+00	0.00e+00	0.00e+00	0.00e+00	3.78e-01	8.38e-05	7.00e-05
 2.30702e+20	4.12e-01	5.75e-01	1.33e-02	1.76e-05	3.68e-06	0.00e+00	0.00e+00	0.00e+00	0.00e+00	4.12e-01	8.77e-05	7.33e-05
 2.31188e+20	4.46e-01	5.44e-01	9.98e-03	1.52e-05	2.62e-06	0.00e+00	0.00e+00	0.00e+00	0.00e+00	4.46e-01	9.10e-05	7.60e-05
 2.31597e+20	4.76e-01	5.16e-01	7.71e-03	1.34e-05	1.94e-06	0.00e+00	0.00e+00	0.00e+00	0.00e+00	4.76e-01	9.34e-05	7.79e-05
 2.31952e+20	5.03e-01	4.91e-01	6.11e-03	1.20e-05	1.48e-06	0.00e+00	0.00e+00	0.00e+00	0.00e+00	5.03e-01	9.50e-05	7.92e-05
 2.32279e+20	5.28e-01	4.67e-01	4.88e-03	1.08e-05	1.14e-06	0.00e+00	0.00e+00	0.00e+00	0.00e+00	5.28e-01	9.61e-05	8.01e-05
 2.32592e+20	5.52e-01	4.44e-01	3.92e-03	9.72e-06	8.90e-07	0.00e+00	0.00e+00	0.00e+00	0.00e+00	5.52e-01	9.68e-05	8.07e-05
 2.32887e+20	5.75e-01	4.21e-01	3.17e-03	8.81e-06	6.99e-07	0.00e+00	0.00e+00	0.00e+00	0.00e+00	5.75e-01	9.71e-05	8.09e-05
 2.33162e+20	5.96e-01	4.01e-01	2.59e-03	8.05e-06	5.57e-07	0.00e+00	0.00e+00	0.00e+00	0.00e+00	5.96e-01	9.71e-05	8.09e-05
 2.33381e+20	6.12e-01	3.86e-01	2.22e-03	7.50e-06	4.67e-07	0.00e+00	0.00e+00	0.00e+00	0.00e+00	6.12e-01	9.69e-05	8.07e-05
 2.33530e+20	6.23e-01	3.75e-01	1.98e-03	7.14e-06	4.12e-07	0.00e+00	0.00e+00	0.00e+00	0.00e+00	6.23e-01	9.67e-05	8.05e-05
 2.33667e+20	6.34e-01	3.64e-01	1.78e-03	6.81e-06	3.66e-07	0.00e+00	0.00e+00	0.00e+00	0.00e+00	6.34e-01	9.64e-05	8.02e-05
 2.33822e+20	6.46e-01	3.53e-01	1.58e-03	6.45e-06	3.19e-07	0.00e+00	0.00e+00	0.00e+00	0.00e+00	6.46e-01	9.59e-05	7.98e-05
 2.33987e+20	6.58e-01	3.41e-01	1.39e-03	6.10e-06	2.77e-07	0.00e+00	0.00e+00	0.00e+00	0.00e+00	6.58e-01	9.54e-05	7.93e-05
 2.34150e+20	6.70e-01	3.29e-01	1.22e-03	5.77e-06	2.40e-07	0.00e+00	0.00e+00	0.00e+00	0.00e+00	6.70e-01	9.47e-05	7.88e-05
 2.34308e+20	6.81e-01	3.18e-01	1.08e-03	5.46e-06	2.10e-07	0.00e+00	0.00e+00	0.00e+00	0.00e+00	6.81e-01	9.41e-05	7.82e-05
 2.34463e+20	6.92e-01	3.07e-01	9.55e-04	5.18e-06	1.83e-07	0.00e+00	0.00e+00	0.00e+00	0.00e+00	6.92e-01	9.33e-05	7.75e-05
 2.34620e+20	7.04e-01	2.96e-01	8.42e-04	4.90e-06	1.60e-07	0.00e+00	0.00e+00	0.00e+00	0.00e+00	7.03e-01	9.24e-05	7.68e-05
 2.34776e+20	7.14e-01	2.85e-01	7.45e-04	4.65e-06	1.39e-07	0.00e+00	0.00e+00	0.00e+00	0.00e+00	7.14e-01	9.14e-05	7.59e-05
 2.34931e+20	7.25e-01	2.75e-01	6.59e-04	4.40e-06	0.00e+00	0.00e+00	0.00e+00	0.00e+00	0.00e+00	7.25e-01	9.03e-05	7.50e-05
 2.35085e+20	7.35e-01	2.65e-01	5.84e-04	4.17e-06	0.00e+00	0.00e+00	0.00e+00	0.00e+00	0.00e+00	7.34e-01	8.93e-05	7.41e-05
 2.35240e+20	7.45e-01	2.54e-01	5.17e-04	3.95e-06	0.00e+00	0.00e+00	0.00e+00	0.00e+00	0.00e+00	7.45e-01	8.80e-05	7.30e-05
 2.35394e+20	7.54e-01	2.45e-01	4.60e-04	3.74e-06	0.00e+00	0.00e+00	0.00e+00	0.00e+00	0.00e+00	7.54e-01	8.69e-05	7.20e-05
 2.35546e+20	7.64e-01	2.36e-01	4.09e-04	3.55e-06	0.00e+00	0.00e+00	0.00e+00	0.00e+00	0.00e+00	7.64e-01	8.56e-05	7.10e-05
 2.35700e+20	7.73e-01	2.27e-01	3.65e-04	3.37e-06	0.00e+00	0.00e+00	0.00e+00	0.00e+00	0.00e+00	7.73e-01	8.44e-05	6.99e-05
 2.35855e+20	7.82e-01	2.17e-01	3.26e-04	3.18e-06	0.00e+00	0.00e+00	0.00e+00	0.00e+00	0.00e+00	7.82e-01	8.30e-05	6.88e-05
 2.36009e+20	7.91e-01	2.09e-01	2.92e-04	3.02e-06	0.00e+00	0.00e+00	0.00e+00	0.00e+00	0.00e+00	7.91e-01	8.18e-05	6.77e-05
 2.36162e+20	7.99e-01	2.01e-01	2.63e-04	2.87e-06	0.00e+00	0.00e+00	0.00e+00	0.00e+00	0.00e+00	7.99e-01	8.05e-05	6.66e-05
 2.36318e+20	8.07e-01	1.93e-01	2.37e-04	2.72e-06	0.00e+00	0.00e+00	0.00e+00	0.00e+00	0.00e+00	8.07e-01	7.92e-05	6.55e-05
 2.36476e+20	8.15e-01	1.85e-01	2.14e-04	2.58e-06	0.00e+00	0.00e+00	0.00e+00	0.00e+00	0.00e+00	8.15e-01	7.78e-05	6.43e-05
 2.36633e+20	8.22e-01	1.77e-01	1.95e-04	2.45e-06	0.00e+00	0.00e+00	0.00e+00	0.00e+00	0.00e+00	8.22e-01	7.66e-05	6.32e-05
 2.36790e+20	8.30e-01	1.70e-01	1.78e-04	2.32e-06	0.00e+00	0.00e+00	0.00e+00	0.00e+00	0.00e+00	8.30e-01	7.53e-05	6.21e-05
 2.36948e+20	8.37e-01	1.63e-01	1.63e-04	2.21e-06	0.00e+00	0.00e+00	0.00e+00	0.00e+00	0.00e+00	8.36e-01	7.40e-05	6.10e-05
 2.37108e+20	8.43e-01	1.57e-01	1.51e-04	2.10e-06	0.00e+00	0.00e+00	0.00e+00	0.00e+00	0.00e+00	8.43e-01	7.27e-05	5.99e-05
 2.37269e+20	8.49e-01	1.50e-01	1.40e-04	2.00e-06	0.00e+00	0.00e+00	0.00e+00	0.00e+00	0.00e+00	8.49e-01	7.15e-05	5.89e-05
 2.37428e+20	8.55e-01	1.44e-01	1.31e-04	1.90e-06	0.00e+00	0.00e+00	0.00e+00	0.00e+00	0.00e+00	8.55e-01	7.03e-05	5.79e-05
 2.37587e+20	8.61e-01	1.39e-01	1.23e-04	1.82e-06	0.00e+00	0.00e+00	0.00e+00	0.00e+00	0.00e+00	8.61e-01	6.92e-05	5.70e-05
 2.37749e+20	8.66e-01	1.34e-01	1.16e-04	1.74e-06	0.00e+00	0.00e+00	0.00e+00	0.00e+00	0.00e+00	8.66e-01	6.82e-05	5.60e-05
 2.37912e+20	8.71e-01	1.29e-01	1.10e-04	1.66e-06	0.00e+00	0.00e+00	0.00e+00	0.00e+00	0.00e+00	8.71e-01	6.71e-05	5.52e-05
 2.38077e+20	8.76e-01	1.24e-01	1.05e-04	1.59e-06	0.00e+00	0.00e+00	0.00e+00	0.00e+00	0.00e+00	8.76e-01	6.61e-05	5.43e-05
 2.38247e+20	8.80e-01	1.20e-01	1.01e-04	1.53e-06	0.00e+00	0.00e+00	0.00e+00	0.00e+00	0.00e+00	8.80e-01	6.52e-05	5.35e-05
 2.38422e+20	8.84e-01	1.16e-01	9.70e-05	1.46e-06	0.00e+00	0.00e+00	0.00e+00	0.00e+00	0.00e+00	8.84e-01	6.43e-05	5.27e-05
 2.38604e+20	8.88e-01	1.12e-01	9.37e-05	1.41e-06	0.00e+00	0.00e+00	0.00e+00	0.00e+00	0.00e+00	8.88e-01	6.34e-05	5.20e-05
 2.38793e+20	8.92e-01	1.08e-01	9.09e-05	1.36e-06	0.00e+00	0.00e+00	0.00e+00	0.00e+00	0.00e+00	8.91e-01	6.26e-05	5.13e-05
 2.38991e+20	8.95e-01	1.05e-01	8.85e-05	1.31e-06	0.00e+00	0.00e+00	0.00e+00	0.00e+00	0.00e+00	8.95e-01	6.19e-05	5.07e-05
 2.39205e+20	8.98e-01	1.02e-01	8.63e-05	1.27e-06	0.00e+00	0.00e+00	0.00e+00	0.00e+00	0.00e+00	8.98e-01	6.11e-05	5.00e-05
 2.39436e+20	9.01e-01	9.90e-02	8.44e-05	1.22e-06	0.00e+00	0.00e+00	0.00e+00	0.00e+00	0.00e+00	9.01e-01	6.04e-05	4.94e-05
 2.39690e+20	9.04e-01	9.63e-02	8.28e-05	1.19e-06	0.00e+00	0.00e+00	0.00e+00	0.00e+00	0.00e+00	9.04e-01	5.98e-05	4.89e-05
 2.39976e+20	9.06e-01	9.38e-02	8.14e-05	1.15e-06	0.00e+00	0.00e+00	0.00e+00	0.00e+00	0.00e+00	9.06e-01	5.92e-05	4.84e-05
 2.40306e+20	9.08e-01	9.15e-02	8.03e-05	1.12e-06	0.00e+00	0.00e+00	0.00e+00	0.00e+00	0.00e+00	9.08e-01	5.86e-05	4.79e-05
 2.40670e+20	9.10e-01	8.97e-02	7.93e-05	1.10e-06	0.00e+00	0.00e+00	0.00e+00	0.00e+00	0.00e+00	9.10e-01	5.82e-05	4.75e-05
 2.41042e+20	9.12e-01	8.83e-02	7.87e-05	1.08e-06	0.00e+00	0.00e+00	0.00e+00	0.00e+00	0.00e+00	9.12e-01	5.79e-05	4.72e-05
 2.41410e+20	9.13e-01	8.72e-02	7.82e-05	1.06e-06	0.00e+00	0.00e+00	0.00e+00	0.00e+00	0.00e+00	9.13e-01	5.76e-05	4.69e-05
 2.41775e+20	9.13e-01	8.65e-02	7.78e-05	1.05e-06	0.00e+00	0.00e+00	0.00e+00	0.00e+00	0.00e+00	9.13e-01	5.74e-05	4.68e-05
 2.42139e+20	9.14e-01	8.58e-02	7.76e-05	1.04e-06	0.00e+00	0.00e+00	0.00e+00	0.00e+00	0.00e+00	9.14e-01	5.73e-05	4.67e-05
 2.42501e+20	9.15e-01	8.51e-02	7.73e-05	1.03e-06	0.00e+00	0.00e+00	0.00e+00	0.00e+00	0.00e+00	9.15e-01	5.71e-05	4.65e-05
 2.42863e+20	9.15e-01	8.48e-02	7.72e-05	1.03e-06	0.00e+00	0.00e+00	0.00e+00	0.00e+00	0.00e+00	9.15e-01	5.70e-05	4.64e-05
 2.43223e+20	9.15e-01	8.45e-02	7.70e-05	1.02e-06	0.00e+00	0.00e+00	0.00e+00	0.00e+00	0.00e+00	9.15e-01	5.70e-05	4.64e-05
 2.43637e+20	9.16e-01	8.42e-02	7.69e-05	1.02e-06	0.00e+00	0.00e+00	0.00e+00	0.00e+00	0.00e+00	9.16e-01	5.69e-05	4.63e-05
 2.44176e+20	9.16e-01	8.38e-02	7.67e-05	1.01e-06	0.00e+00	0.00e+00	0.00e+00	0.00e+00	0.00e+00	9.16e-01	5.68e-05	4.62e-05
 2.44876e+20	9.16e-01	8.37e-02	7.66e-05	1.01e-06	0.00e+00	0.00e+00	0.00e+00	0.00e+00	0.00e+00	9.16e-01	5.68e-05	4.62e-05
 2.45786e+20	9.17e-01	8.33e-02	7.64e-05	1.00e-06	0.00e+00	0.00e+00	0.00e+00	0.00e+00	0.00e+00	9.17e-01	5.68e-05	4.61e-05
 2.46969e+20	9.17e-01	8.28e-02	7.62e-05	9.96e-07	0.00e+00	0.00e+00	0.00e+00	0.00e+00	0.00e+00	9.17e-01	5.67e-05	4.60e-05
 2.48508e+20	9.18e-01	8.22e-02	7.59e-05	9.87e-07	0.00e+00	0.00e+00	0.00e+00	0.00e+00	0.00e+00	9.18e-01	5.66e-05	4.59e-05
 2.50507e+20	9.18e-01	8.15e-02	7.55e-05	9.75e-07	0.00e+00	0.00e+00	0.00e+00	0.00e+00	0.00e+00	9.18e-01	5.64e-05	4.57e-05
 2.53107e+20	9.19e-01	8.05e-02	7.51e-05	9.60e-07	0.00e+00	0.00e+00	0.00e+00	0.00e+00	0.00e+00	9.19e-01	5.63e-05	4.55e-05
 2.56486e+20	9.21e-01	7.93e-02	7.45e-05	9.41e-07	0.00e+00	0.00e+00	0.00e+00	0.00e+00	0.00e+00	9.21e-01	5.61e-05	4.52e-05
 2.60880e+20	9.22e-01	7.79e-02	7.38e-05	9.18e-07	0.00e+00	0.00e+00	0.00e+00	0.00e+00	0.00e+00	9.22e-01	5.59e-05	4.49e-05
 2.66591e+20	9.24e-01	7.61e-02	7.29e-05	8.90e-07	0.00e+00	0.00e+00	0.00e+00	0.00e+00	0.00e+00	9.24e-01	5.56e-05	4.45e-05
 2.74015e+20	9.26e-01	7.40e-02	7.19e-05	8.56e-07	0.00e+00	0.00e+00	0.00e+00	0.00e+00	0.00e+00	9.26e-01	5.52e-05	4.40e-05
 2.83667e+20	9.29e-01	7.14e-02	7.07e-05	8.15e-07	0.00e+00	0.00e+00	0.00e+00	0.00e+00	0.00e+00	9.28e-01	5.48e-05	4.34e-05
 2.94935e+20	9.31e-01	6.88e-02	6.95e-05	7.74e-07	0.00e+00	0.00e+00	0.00e+00	0.00e+00	0.00e+00	9.31e-01	5.45e-05	4.28e-05
 3.06567e+20	9.34e-01	6.63e-02	6.84e-05	7.35e-07	0.00e+00	0.00e+00	0.00e+00	0.00e+00	0.00e+00	9.34e-01	5.42e-05	4.22e-05
 3.18438e+20	9.36e-01	6.40e-02	6.73e-05	7.00e-07	0.00e+00	0.00e+00	0.00e+00	0.00e+00	0.00e+00	9.36e-01	5.39e-05	4.17e-05
 3.30978e+20	9.38e-01	6.18e-02	6.63e-05	6.65e-07	0.00e+00	0.00e+00	0.00e+00	0.00e+00	0.00e+00	9.38e-01	5.37e-05	4.11e-05
 3.44373e+20	9.40e-01	5.96e-02	6.52e-05	6.31e-07	0.00e+00	0.00e+00	0.00e+00	0.00e+00	0.00e+00	9.40e-01	5.34e-05	4.06e-05
 3.58523e+20	9.42e-01	5.74e-02	6.42e-05	5.98e-07	0.00e+00	0.00e+00	0.00e+00	0.00e+00	0.00e+00	9.42e-01	5.32e-05	4.01e-05
 3.73370e+20	9.45e-01	5.54e-02	6.33e-05	5.67e-07	0.00e+00	0.00e+00	0.00e+00	0.00e+00	0.00e+00	9.44e-01	5.30e-05	3.96e-05
 3.89008e+20	9.47e-01	5.34e-02	6.23e-05	5.37e-07	0.00e+00	0.00e+00	0.00e+00	0.00e+00	0.00e+00	9.46e-01	5.27e-05	3.90e-05
 4.05389e+20	9.48e-01	5.15e-02	6.14e-05	5.08e-07	0.00e+00	0.00e+00	0.00e+00	0.00e+00	0.00e+00	9.48e-01	5.25e-05	3.83e-05
 4.22552e+20	9.50e-01	4.96e-02	6.04e-05	4.81e-07	0.00e+00	0.00e+00	0.00e+00	0.00e+00	0.00e+00	9.50e-01	5.22e-05	3.77e-05
 4.40639e+20	9.52e-01	4.77e-02	5.95e-05	4.53e-07	0.00e+00	0.00e+00	0.00e+00	0.00e+00	0.00e+00	9.52e-01	5.19e-05	3.71e-05
 4.59770e+20	9.54e-01	4.60e-02	5.86e-05	4.28e-07	0.00e+00	0.00e+00	0.00e+00	0.00e+00	0.00e+00	9.54e-01	5.17e-05	3.65e-05
 4.79821e+20	9.56e-01	4.43e-02	5.77e-05	4.03e-07	0.00e+00	0.00e+00	0.00e+00	0.00e+00	0.00e+00	9.56e-01	5.14e-05	3.60e-05
 5.00592e+20	9.57e-01	4.26e-02	5.68e-05	3.80e-07	0.00e+00	0.00e+00	0.00e+00	0.00e+00	0.00e+00	9.57e-01	5.11e-05	3.54e-05
 5.22164e+20	9.59e-01	4.11e-02	5.59e-05	3.58e-07	0.00e+00	0.00e+00	0.00e+00	0.00e+00	0.00e+00	9.59e-01	5.08e-05	3.49e-05
 5.44701e+20	9.60e-01	3.95e-02	5.50e-05	3.36e-07	0.00e+00	0.00e+00	0.00e+00	0.00e+00	0.00e+00	9.60e-01	5.05e-05	3.44e-05
 5.68389e+20	9.62e-01	3.81e-02	5.40e-05	3.16e-07	0.00e+00	0.00e+00	0.00e+00	0.00e+00	0.00e+00	9.62e-01	5.01e-05	3.39e-05
 5.93192e+20	9.63e-01	3.66e-02	5.31e-05	2.96e-07	0.00e+00	0.00e+00	0.00e+00	0.00e+00	0.00e+00	9.63e-01	4.98e-05	3.34e-05
 6.19023e+20	9.65e-01	3.52e-02	5.22e-05	2.78e-07	0.00e+00	0.00e+00	0.00e+00	0.00e+00	0.00e+00	9.65e-01	4.93e-05	3.30e-05
 6.45890e+20	9.66e-01	3.39e-02	5.13e-05	2.60e-07	0.00e+00	0.00e+00	0.00e+00	0.00e+00	0.00e+00	9.66e-01	4.88e-05	3.25e-05
 6.73829e+20	9.67e-01	3.26e-02	5.03e-05	2.43e-07	0.00e+00	0.00e+00	0.00e+00	0.00e+00	0.00e+00	9.67e-01	4.83e-05	3.21e-05
 7.02310e+20	9.69e-01	3.14e-02	4.94e-05	2.28e-07	0.00e+00	0.00e+00	0.00e+00	0.00e+00	0.00e+00	9.68e-01	4.77e-05	3.17e-05
 7.30385e+20	9.70e-01	3.03e-02	4.86e-05	2.14e-07	0.00e+00	0.00e+00	0.00e+00	0.00e+00	0.00e+00	9.70e-01	4.70e-05	3.13e-05
 7.57671e+20	9.71e-01	2.92e-02	4.78e-05	2.01e-07	0.00e+00	0.00e+00	0.00e+00	0.00e+00	0.00e+00	9.71e-01	4.62e-05	3.09e-05
 7.84336e+20	9.72e-01	2.83e-02	4.70e-05	1.90e-07	0.00e+00	0.00e+00	0.00e+00	0.00e+00	0.00e+00	9.72e-01	4.54e-05	3.06e-05
 8.10499e+20	9.73e-01	2.74e-02	4.64e-05	1.79e-07	0.00e+00	0.00e+00	0.00e+00	0.00e+00	0.00e+00	9.73e-01	4.45e-05	3.03e-05
 8.35909e+20	9.73e-01	2.65e-02	4.57e-05	1.70e-07	0.00e+00	0.00e+00	0.00e+00	0.00e+00	0.00e+00	9.73e-01	4.35e-05	3.00e-05
 8.60232e+20	9.74e-01	2.57e-02	4.52e-05	1.61e-07	0.00e+00	0.00e+00	0.00e+00	0.00e+00	0.00e+00	9.74e-01	4.25e-05	2.97e-05
 8.83318e+20	9.75e-01	2.49e-02	4.47e-05	1.53e-07	0.00e+00	0.00e+00	0.00e+00	0.00e+00	0.00e+00	9.75e-01	4.15e-05	2.94e-05
 9.05098e+20	9.76e-01	2.42e-02	4.43e-05	1.46e-07	0.00e+00	0.00e+00	0.00e+00	0.00e+00	0.00e+00	9.76e-01	4.04e-05	2.91e-05
 9.25581e+20	9.77e-01	2.35e-02	4.39e-05	1.39e-07	0.00e+00	0.00e+00	0.00e+00	0.00e+00	0.00e+00	9.76e-01	3.93e-05	2.89e-05
 9.44933e+20	9.77e-01	2.27e-02	4.36e-05	1.32e-07	0.00e+00	0.00e+00	0.00e+00	0.00e+00	0.00e+00	9.77e-01	3.83e-05	2.86e-05
