#depth	He	He+	He+2
 8.60823e+16	5.35e-03	5.23e-01	4.72e-01
 5.16494e+17	5.34e-03	5.23e-01	4.72e-01
 2.23814e+18	5.33e-03	5.24e-01	4.71e-01
 9.12472e+18	5.38e-03	5.30e-01	4.65e-01
 2.17960e+19	5.37e-03	5.34e-01	4.60e-01
 3.82687e+19	5.45e-03	5.46e-01	4.49e-01
 5.96833e+19	5.63e-03	5.65e-01	4.29e-01
 8.75221e+19	5.95e-03	5.95e-01	3.99e-01
 1.23713e+20	6.53e-03	6.38e-01	3.55e-01
 1.70760e+20	7.44e-03	6.97e-01	2.96e-01
 2.19499e+20	8.43e-03	7.53e-01	2.39e-01
 2.58263e+20	9.28e-03	7.93e-01	1.98e-01
 2.88360e+20	1.00e-02	8.19e-01	1.71e-01
 3.14317e+20	1.06e-02	8.39e-01	1.50e-01
 3.43016e+20	1.14e-02	8.59e-01	1.30e-01
 3.72734e+20	1.22e-02	8.75e-01	1.13e-01
 3.97220e+20	1.29e-02	8.86e-01	1.01e-01
 4.18781e+20	1.35e-02	8.95e-01	9.20e-02
 4.43094e+20	1.43e-02	9.03e-01	8.28e-02
 4.68777e+20	1.52e-02	9.10e-01	7.49e-02
 4.90620e+20	1.61e-02	9.15e-01	6.90e-02
 5.09848e+20	1.69e-02	9.19e-01	6.43e-02
 5.31298e+20	1.80e-02	9.23e-01	5.94e-02
 5.54189e+20	1.92e-02	9.26e-01	5.51e-02
 5.73891e+20	2.05e-02	9.28e-01	5.19e-02
 5.91340e+20	2.18e-02	9.29e-01	4.90e-02
 6.10924e+20	2.35e-02	9.30e-01	4.62e-02
 6.32066e+20	2.57e-02	9.31e-01	4.34e-02
 6.50028e+20	2.80e-02	9.31e-01	4.13e-02
 6.64499e+20	3.01e-02	9.30e-01	3.98e-02
 6.79636e+20	3.28e-02	9.29e-01	3.81e-02
 6.95369e+20	3.60e-02	9.27e-01	3.67e-02
 7.07984e+20	3.91e-02	9.25e-01	3.56e-02
 7.18196e+20	4.20e-02	9.23e-01	3.47e-02
 7.29176e+20	4.56e-02	9.21e-01	3.38e-02
 7.40869e+20	5.00e-02	9.17e-01	3.29e-02
 7.50721e+20	5.43e-02	9.13e-01	3.23e-02
 7.58982e+20	5.83e-02	9.10e-01	3.18e-02
 7.67947e+20	6.34e-02	9.05e-01	3.12e-02
 7.77617e+20	6.94e-02	9.00e-01	3.07e-02
 7.86067e+20	7.53e-02	8.94e-01	3.03e-02
 7.93597e+20	8.11e-02	8.89e-01	3.00e-02
 8.02069e+20	8.87e-02	8.82e-01	2.97e-02
 8.11194e+20	9.73e-02	8.73e-01	2.94e-02
 8.19381e+20	1.06e-01	8.65e-01	2.92e-02
 8.26993e+20	1.15e-01	8.56e-01	2.90e-02
 8.35072e+20	1.26e-01	8.45e-01	2.88e-02
