#depth	O	O+	O+2	O+3	O+4	O+5	O+6	O+7	O+8	O[1]	O[2]	O[3]
 1.73990e+16	7.55e-02	8.58e-01	6.63e-02	1.98e-04	7.51e-07	0.00e+00	0.00e+00	0.00e+00	0.00e+00	7.55e-02	7.16e-07	5.96e-07
 1.04394e+17	7.59e-02	8.58e-01	6.60e-02	1.96e-04	7.40e-07	0.00e+00	0.00e+00	0.00e+00	0.00e+00	7.59e-02	7.19e-07	5.99e-07
 4.52375e+17	7.58e-02	8.58e-01	6.63e-02	1.96e-04	7.41e-07	0.00e+00	0.00e+00	0.00e+00	0.00e+00	7.58e-02	7.17e-07	5.98e-07
 1.84430e+18	7.53e-02	8.57e-01	6.73e-02	1.97e-04	7.46e-07	0.00e+00	0.00e+00	0.00e+00	0.00e+00	7.53e-02	7.13e-07	5.94e-07
 4.40544e+18	7.11e-02	8.56e-01	7.26e-02	2.19e-04	8.20e-07	0.00e+00	0.00e+00	0.00e+00	0.00e+00	7.11e-02	6.75e-07	5.63e-07
 7.73492e+18	6.95e-02	8.56e-01	7.48e-02	2.24e-04	8.36e-07	0.00e+00	0.00e+00	0.00e+00	0.00e+00	6.95e-02	6.60e-07	5.51e-07
 1.20632e+19	6.98e-02	8.55e-01	7.47e-02	2.15e-04	8.03e-07	0.00e+00	0.00e+00	0.00e+00	0.00e+00	6.98e-02	6.62e-07	5.53e-07
 1.76901e+19	7.22e-02	8.56e-01	7.19e-02	1.91e-04	7.24e-07	0.00e+00	0.00e+00	0.00e+00	0.00e+00	7.22e-02	6.84e-07	5.71e-07
 2.45420e+19	7.71e-02	8.56e-01	6.66e-02	1.58e-04	6.11e-07	0.00e+00	0.00e+00	0.00e+00	0.00e+00	7.71e-02	7.29e-07	6.08e-07
 3.18111e+19	8.44e-02	8.56e-01	5.97e-02	1.23e-04	4.94e-07	0.00e+00	0.00e+00	0.00e+00	0.00e+00	8.44e-02	7.94e-07	6.62e-07
 3.97013e+19	9.64e-02	8.53e-01	5.06e-02	8.69e-05	3.66e-07	0.00e+00	0.00e+00	0.00e+00	0.00e+00	9.64e-02	9.00e-07	7.49e-07
 4.86200e+19	1.15e-01	8.45e-01	4.03e-02	5.51e-05	2.50e-07	0.00e+00	0.00e+00	0.00e+00	0.00e+00	1.15e-01	1.06e-06	8.77e-07
 5.71074e+19	1.38e-01	8.31e-01	3.13e-02	3.37e-05	1.67e-07	0.00e+00	0.00e+00	0.00e+00	0.00e+00	1.38e-01	1.25e-06	1.04e-06
 6.47681e+19	1.66e-01	8.10e-01	2.39e-02	2.03e-05	0.00e+00	0.00e+00	0.00e+00	0.00e+00	0.00e+00	1.66e-01	1.47e-06	1.22e-06
 7.21919e+19	2.00e-01	7.82e-01	1.80e-02	1.21e-05	0.00e+00	0.00e+00	0.00e+00	0.00e+00	0.00e+00	2.00e-01	1.72e-06	1.42e-06
 7.92177e+19	2.39e-01	7.47e-01	1.34e-02	7.17e-06	0.00e+00	0.00e+00	0.00e+00	0.00e+00	0.00e+00	2.39e-01	1.99e-06	1.64e-06
 8.55710e+19	2.81e-01	7.09e-01	1.01e-02	4.42e-06	0.00e+00	0.00e+00	0.00e+00	0.00e+00	0.00e+00	2.81e-01	2.24e-06	1.84e-06
 9.11574e+19	3.21e-01	6.72e-01	7.81e-03	2.89e-06	0.00e+00	0.00e+00	0.00e+00	0.00e+00	0.00e+00	3.21e-01	2.45e-06	2.02e-06
 9.60926e+19	3.58e-01	6.36e-01	6.20e-03	1.99e-06	0.00e+00	0.00e+00	0.00e+00	0.00e+00	0.00e+00	3.58e-01	2.63e-06	2.16e-06
 1.00420e+20	3.92e-01	6.03e-01	5.05e-03	1.45e-06	0.00e+00	0.00e+00	0.00e+00	0.00e+00	0.00e+00	3.92e-01	2.77e-06	2.27e-06
 1.04357e+20	4.23e-01	5.73e-01	4.19e-03	1.09e-06	0.00e+00	0.00e+00	0.00e+00	0.00e+00	0.00e+00	4.23e-01	2.87e-06	2.36e-06
 1.08149e+20	4.52e-01	5.45e-01	3.51e-03	8.39e-07	0.00e+00	0.00e+00	0.00e+00	0.00e+00	0.00e+00	4.52e-01	2.96e-06	2.43e-06
 1.11724e+20	4.79e-01	5.18e-01	2.97e-03	6.59e-07	0.00e+00	0.00e+00	0.00e+00	0.00e+00	0.00e+00	4.79e-01	3.02e-06	2.48e-06
 1.15146e+20	5.04e-01	4.93e-01	2.53e-03	5.28e-07	0.00e+00	0.00e+00	0.00e+00	0.00e+00	0.00e+00	5.04e-01	3.07e-06	2.52e-06
 1.18510e+20	5.28e-01	4.69e-01	2.17e-03	4.28e-07	0.00e+00	0.00e+00	0.00e+00	0.00e+00	0.00e+00	5.28e-01	3.10e-06	2.55e-06
 1.21757e+20	5.51e-01	4.48e-01	1.87e-03	3.52e-07	0.00e+00	0.00e+00	0.00e+00	0.00e+00	0.00e+00	5.51e-01	3.12e-06	2.56e-06
 1.24985e+20	5.72e-01	4.26e-01	1.62e-03	2.92e-07	0.00e+00	0.00e+00	0.00e+00	0.00e+00	0.00e+00	5.72e-01	3.13e-06	2.57e-06
 1.28235e+20	5.92e-01	4.06e-01	1.40e-03	2.43e-07	0.00e+00	0.00e+00	0.00e+00	0.00e+00	0.00e+00	5.92e-01	3.13e-06	2.57e-06
 1.30902e+20	6.07e-01	3.92e-01	1.25e-03	2.13e-07	0.00e+00	0.00e+00	0.00e+00	0.00e+00	0.00e+00	6.07e-01	3.13e-06	2.56e-06
 1.32790e+20	6.18e-01	3.81e-01	1.16e-03	1.93e-07	0.00e+00	0.00e+00	0.00e+00	0.00e+00	0.00e+00	6.18e-01	3.12e-06	2.55e-06
 1.34640e+20	6.28e-01	3.71e-01	1.07e-03	1.75e-07	0.00e+00	0.00e+00	0.00e+00	0.00e+00	0.00e+00	6.28e-01	3.11e-06	2.55e-06
 1.36764e+20	6.40e-01	3.59e-01	9.73e-04	1.58e-07	0.00e+00	0.00e+00	0.00e+00	0.00e+00	0.00e+00	6.40e-01	3.10e-06	2.54e-06
 1.39087e+20	6.52e-01	3.47e-01	8.81e-04	1.41e-07	0.00e+00	0.00e+00	0.00e+00	0.00e+00	0.00e+00	6.52e-01	3.08e-06	2.52e-06
 1.41450e+20	6.63e-01	3.36e-01	7.98e-04	1.27e-07	0.00e+00	0.00e+00	0.00e+00	0.00e+00	0.00e+00	6.63e-01	3.06e-06	2.50e-06
 1.43805e+20	6.74e-01	3.25e-01	7.23e-04	0.00e+00	0.00e+00	0.00e+00	0.00e+00	0.00e+00	0.00e+00	6.74e-01	3.04e-06	2.49e-06
 1.46190e+20	6.85e-01	3.15e-01	6.56e-04	0.00e+00	0.00e+00	0.00e+00	0.00e+00	0.00e+00	0.00e+00	6.85e-01	3.02e-06	2.47e-06
 1.48688e+20	6.96e-01	3.04e-01	5.92e-04	0.00e+00	0.00e+00	0.00e+00	0.00e+00	0.00e+00	0.00e+00	6.96e-01	2.99e-06	2.44e-06
 1.51301e+20	7.06e-01	2.93e-01	5.33e-04	0.00e+00	0.00e+00	0.00e+00	0.00e+00	0.00e+00	0.00e+00	7.06e-01	2.96e-06	2.42e-06
 1.53933e+20	7.17e-01	2.83e-01	4.80e-04	0.00e+00	0.00e+00	0.00e+00	0.00e+00	0.00e+00	0.00e+00	7.17e-01	2.93e-06	2.39e-06
 1.56620e+20	7.26e-01	2.73e-01	4.32e-04	0.00e+00	0.00e+00	0.00e+00	0.00e+00	0.00e+00	0.00e+00	7.26e-01	2.90e-06	2.37e-06
 1.59436e+20	7.37e-01	2.63e-01	3.86e-04	0.00e+00	0.00e+00	0.00e+00	0.00e+00	0.00e+00	0.00e+00	7.37e-01	2.86e-06	2.34e-06
 1.62317e+20	7.46e-01	2.54e-01	3.46e-04	0.00e+00	0.00e+00	0.00e+00	0.00e+00	0.00e+00	0.00e+00	7.46e-01	2.83e-06	2.31e-06
 1.65273e+20	7.56e-01	2.44e-01	3.09e-04	0.00e+00	0.00e+00	0.00e+00	0.00e+00	0.00e+00	0.00e+00	7.56e-01	2.79e-06	2.27e-06
 1.68311e+20	7.65e-01	2.35e-01	2.76e-04	0.00e+00	0.00e+00	0.00e+00	0.00e+00	0.00e+00	0.00e+00	7.65e-01	2.76e-06	2.24e-06
 1.71423e+20	7.73e-01	2.26e-01	2.45e-04	0.00e+00	0.00e+00	0.00e+00	0.00e+00	0.00e+00	0.00e+00	7.73e-01	2.72e-06	2.21e-06
 1.74647e+20	7.82e-01	2.18e-01	2.18e-04	0.00e+00	0.00e+00	0.00e+00	0.00e+00	0.00e+00	0.00e+00	7.82e-01	2.68e-06	2.18e-06
 1.77985e+20	7.91e-01	2.09e-01	1.93e-04	0.00e+00	0.00e+00	0.00e+00	0.00e+00	0.00e+00	0.00e+00	7.91e-01	2.64e-06	2.15e-06
 1.81421e+20	7.99e-01	2.01e-01	1.71e-04	0.00e+00	0.00e+00	0.00e+00	0.00e+00	0.00e+00	0.00e+00	7.99e-01	2.60e-06	2.11e-06
 1.84904e+20	8.07e-01	1.93e-01	1.51e-04	0.00e+00	0.00e+00	0.00e+00	0.00e+00	0.00e+00	0.00e+00	8.07e-01	2.56e-06	2.08e-06
 1.88481e+20	8.14e-01	1.86e-01	1.34e-04	0.00e+00	0.00e+00	0.00e+00	0.00e+00	0.00e+00	0.00e+00	8.14e-01	2.52e-06	2.04e-06
 1.92211e+20	8.22e-01	1.78e-01	1.18e-04	0.00e+00	0.00e+00	0.00e+00	0.00e+00	0.00e+00	0.00e+00	8.22e-01	2.48e-06	2.01e-06
 1.96048e+20	8.29e-01	1.71e-01	1.04e-04	0.00e+00	0.00e+00	0.00e+00	0.00e+00	0.00e+00	0.00e+00	8.29e-01	2.44e-06	1.98e-06
 2.00007e+20	8.36e-01	1.64e-01	9.13e-05	0.00e+00	0.00e+00	0.00e+00	0.00e+00	0.00e+00	0.00e+00	8.36e-01	2.40e-06	1.94e-06
 2.04107e+20	8.42e-01	1.58e-01	8.03e-05	0.00e+00	0.00e+00	0.00e+00	0.00e+00	0.00e+00	0.00e+00	8.42e-01	2.36e-06	1.91e-06
 2.08299e+20	8.49e-01	1.51e-01	7.06e-05	0.00e+00	0.00e+00	0.00e+00	0.00e+00	0.00e+00	0.00e+00	8.49e-01	2.32e-06	1.88e-06
 2.12612e+20	8.55e-01	1.45e-01	6.22e-05	0.00e+00	0.00e+00	0.00e+00	0.00e+00	0.00e+00	0.00e+00	8.55e-01	2.28e-06	1.84e-06
 2.17054e+20	8.61e-01	1.39e-01	5.47e-05	0.00e+00	0.00e+00	0.00e+00	0.00e+00	0.00e+00	0.00e+00	8.61e-01	2.24e-06	1.81e-06
 2.21604e+20	8.66e-01	1.34e-01	4.83e-05	0.00e+00	0.00e+00	0.00e+00	0.00e+00	0.00e+00	0.00e+00	8.66e-01	2.21e-06	1.78e-06
 2.26275e+20	8.71e-01	1.29e-01	4.26e-05	0.00e+00	0.00e+00	0.00e+00	0.00e+00	0.00e+00	0.00e+00	8.71e-01	2.17e-06	1.75e-06
 2.31136e+20	8.76e-01	1.24e-01	3.77e-05	0.00e+00	0.00e+00	0.00e+00	0.00e+00	0.00e+00	0.00e+00	8.76e-01	2.14e-06	1.73e-06
 2.36209e+20	8.81e-01	1.19e-01	3.33e-05	0.00e+00	0.00e+00	0.00e+00	0.00e+00	0.00e+00	0.00e+00	8.81e-01	2.11e-06	1.70e-06
 2.41455e+20	8.85e-01	1.15e-01	2.96e-05	0.00e+00	0.00e+00	0.00e+00	0.00e+00	0.00e+00	0.00e+00	8.85e-01	2.08e-06	1.67e-06
 2.46917e+20	8.89e-01	1.11e-01	2.62e-05	0.00e+00	0.00e+00	0.00e+00	0.00e+00	0.00e+00	0.00e+00	8.89e-01	2.05e-06	1.65e-06
 2.52695e+20	8.93e-01	1.07e-01	2.33e-05	0.00e+00	0.00e+00	0.00e+00	0.00e+00	0.00e+00	0.00e+00	8.93e-01	2.02e-06	1.62e-06
 2.58814e+20	8.97e-01	1.03e-01	2.07e-05	0.00e+00	0.00e+00	0.00e+00	0.00e+00	0.00e+00	0.00e+00	8.97e-01	1.99e-06	1.60e-06
 2.65309e+20	9.01e-01	9.94e-02	1.85e-05	0.00e+00	0.00e+00	0.00e+00	0.00e+00	0.00e+00	0.00e+00	9.01e-01	1.96e-06	1.58e-06
 2.72208e+20	9.04e-01	9.60e-02	1.65e-05	0.00e+00	0.00e+00	0.00e+00	0.00e+00	0.00e+00	0.00e+00	9.04e-01	1.94e-06	1.56e-06
 2.79627e+20	9.07e-01	9.29e-02	1.47e-05	0.00e+00	0.00e+00	0.00e+00	0.00e+00	0.00e+00	0.00e+00	9.07e-01	1.91e-06	1.54e-06
 2.87724e+20	9.10e-01	8.99e-02	1.32e-05	0.00e+00	0.00e+00	0.00e+00	0.00e+00	0.00e+00	0.00e+00	9.10e-01	1.89e-06	1.52e-06
 2.96514e+20	9.13e-01	8.70e-02	1.18e-05	0.00e+00	0.00e+00	0.00e+00	0.00e+00	0.00e+00	0.00e+00	9.13e-01	1.87e-06	1.50e-06
 3.06150e+20	9.16e-01	8.43e-02	1.05e-05	0.00e+00	0.00e+00	0.00e+00	0.00e+00	0.00e+00	0.00e+00	9.16e-01	1.85e-06	1.48e-06
 3.16842e+20	9.18e-01	8.17e-02	9.43e-06	0.00e+00	0.00e+00	0.00e+00	0.00e+00	0.00e+00	0.00e+00	9.18e-01	1.83e-06	1.46e-06
 3.28715e+20	9.21e-01	7.93e-02	8.44e-06	0.00e+00	0.00e+00	0.00e+00	0.00e+00	0.00e+00	0.00e+00	9.21e-01	1.81e-06	1.44e-06
 3.41984e+20	9.23e-01	7.69e-02	7.56e-06	0.00e+00	0.00e+00	0.00e+00	0.00e+00	0.00e+00	0.00e+00	9.23e-01	1.79e-06	1.43e-06
 3.56875e+20	9.25e-01	7.46e-02	6.77e-06	0.00e+00	0.00e+00	0.00e+00	0.00e+00	0.00e+00	0.00e+00	9.25e-01	1.77e-06	1.41e-06
 3.73669e+20	9.27e-01	7.25e-02	6.05e-06	0.00e+00	0.00e+00	0.00e+00	0.00e+00	0.00e+00	0.00e+00	9.27e-01	1.75e-06	1.40e-06
 3.92573e+20	9.30e-01	7.03e-02	5.40e-06	0.00e+00	0.00e+00	0.00e+00	0.00e+00	0.00e+00	0.00e+00	9.30e-01	1.73e-06	1.38e-06
 4.13766e+20	9.32e-01	6.84e-02	4.82e-06	0.00e+00	0.00e+00	0.00e+00	0.00e+00	0.00e+00	0.00e+00	9.32e-01	1.72e-06	1.37e-06
 4.37456e+20	9.34e-01	6.63e-02	4.30e-06	0.00e+00	0.00e+00	0.00e+00	0.00e+00	0.00e+00	0.00e+00	9.34e-01	1.70e-06	1.35e-06
 4.64095e+20	9.36e-01	6.44e-02	3.82e-06	0.00e+00	0.00e+00	0.00e+00	0.00e+00	0.00e+00	0.00e+00	9.36e-01	1.68e-06	1.34e-06
 4.93845e+20	9.37e-01	6.25e-02	3.40e-06	0.00e+00	0.00e+00	0.00e+00	0.00e+00	0.00e+00	0.00e+00	9.37e-01	1.67e-06	1.33e-06
 5.26833e+20	9.39e-01	6.08e-02	3.02e-06	0.00e+00	0.00e+00	0.00e+00	0.00e+00	0.00e+00	0.00e+00	9.39e-01	1.66e-06	1.31e-06
 5.63542e+20	9.41e-01	5.90e-02	2.69e-06	0.00e+00	0.00e+00	0.00e+00	0.00e+00	0.00e+00	0.00e+00	9.41e-01	1.64e-06	1.30e-06
 6.04597e+20	9.43e-01	5.73e-02	2.39e-06	0.00e+00	0.00e+00	0.00e+00	0.00e+00	0.00e+00	0.00e+00	9.43e-01	1.63e-06	1.29e-06
 6.50824e+20	9.44e-01	5.57e-02	2.12e-06	0.00e+00	0.00e+00	0.00e+00	0.00e+00	0.00e+00	0.00e+00	9.44e-01	1.62e-06	1.28e-06
 7.02998e+20	9.46e-01	5.41e-02	1.89e-06	0.00e+00	0.00e+00	0.00e+00	0.00e+00	0.00e+00	0.00e+00	9.46e-01	1.60e-06	1.26e-06
 7.62311e+20	9.47e-01	5.26e-02	1.68e-06	0.00e+00	0.00e+00	0.00e+00	0.00e+00	0.00e+00	0.00e+00	9.47e-01	1.59e-06	1.25e-06
 8.30608e+20	9.49e-01	5.12e-02	1.50e-06	0.00e+00	0.00e+00	0.00e+00	0.00e+00	0.00e+00	0.00e+00	9.49e-01	1.58e-06	1.24e-06
 9.10395e+20	9.50e-01	4.98e-02	1.33e-06	0.00e+00	0.00e+00	0.00e+00	0.00e+00	0.00e+00	0.00e+00	9.50e-01	1.57e-06	1.23e-06
 1.00118e+21	9.51e-01	4.86e-02	1.20e-06	0.00e+00	0.00e+00	0.00e+00	0.00e+00	0.00e+00	0.00e+00	9.51e-01	1.57e-06	1.22e-06
 1.10130e+21	9.53e-01	4.75e-02	1.08e-06	0.00e+00	0.00e+00	0.00e+00	0.00e+00	0.00e+00	0.00e+00	9.53e-01	1.56e-06	1.22e-06
 1.21143e+21	9.53e-01	4.65e-02	9.85e-07	0.00e+00	0.00e+00	0.00e+00	0.00e+00	0.00e+00	0.00e+00	9.53e-01	1.56e-06	1.21e-06
 1.33257e+21	9.54e-01	4.57e-02	9.05e-07	0.00e+00	0.00e+00	0.00e+00	0.00e+00	0.00e+00	0.00e+00	9.54e-01	1.55e-06	1.20e-06
 1.46583e+21	9.55e-01	4.50e-02	8.38e-07	0.00e+00	0.00e+00	0.00e+00	0.00e+00	0.00e+00	0.00e+00	9.55e-01	1.55e-06	1.20e-06
 1.61241e+21	9.56e-01	4.44e-02	7.81e-07	0.00e+00	0.00e+00	0.00e+00	0.00e+00	0.00e+00	0.00e+00	9.56e-01	1.55e-06	1.19e-06
 1.77365e+21	9.56e-01	4.39e-02	7.32e-07	0.00e+00	0.00e+00	0.00e+00	0.00e+00	0.00e+00	0.00e+00	9.56e-01	1.55e-06	1.19e-06
 1.95102e+21	9.57e-01	4.35e-02	6.89e-07	0.00e+00	0.00e+00	0.00e+00	0.00e+00	0.00e+00	0.00e+00	9.57e-01	1.56e-06	1.19e-06
 2.14612e+21	9.57e-01	4.31e-02	6.51e-07	0.00e+00	0.00e+00	0.00e+00	0.00e+00	0.00e+00	0.00e+00	9.57e-01	1.56e-06	1.18e-06
 2.36073e+21	9.57e-01	4.28e-02	6.18e-07	0.00e+00	0.00e+00	0.00e+00	0.00e+00	0.00e+00	0.00e+00	9.57e-01	1.56e-06	1.18e-06
 2.59681e+21	9.57e-01	4.26e-02	5.88e-07	0.00e+00	0.00e+00	0.00e+00	0.00e+00	0.00e+00	0.00e+00	9.57e-01	1.57e-06	1.18e-06
 2.85649e+21	9.58e-01	4.24e-02	5.61e-07	0.00e+00	0.00e+00	0.00e+00	0.00e+00	0.00e+00	0.00e+00	9.58e-01	1.58e-06	1.18e-06
 3.14214e+21	9.58e-01	4.23e-02	5.36e-07	0.00e+00	0.00e+00	0.00e+00	0.00e+00	0.00e+00	0.00e+00	9.58e-01	1.58e-06	1.18e-06
 3.45635e+21	9.58e-01	4.21e-02	5.12e-07	0.00e+00	0.00e+00	0.00e+00	0.00e+00	0.00e+00	0.00e+00	9.58e-01	1.59e-06	1.18e-06
 3.80199e+21	9.58e-01	4.21e-02	4.89e-07	0.00e+00	0.00e+00	0.00e+00	0.00e+00	0.00e+00	0.00e+00	9.58e-01	1.60e-06	1.18e-06
 4.18219e+21	9.58e-01	4.20e-02	4.68e-07	0.00e+00	0.00e+00	0.00e+00	0.00e+00	0.00e+00	0.00e+00	9.58e-01	1.61e-06	1.18e-06
 4.60040e+21	9.58e-01	4.20e-02	4.47e-07	0.00e+00	0.00e+00	0.00e+00	0.00e+00	0.00e+00	0.00e+00	9.58e-01	1.63e-06	1.18e-06
 5.06044e+21	9.58e-01	4.19e-02	4.26e-07	0.00e+00	0.00e+00	0.00e+00	0.00e+00	0.00e+00	0.00e+00	9.58e-01	1.64e-06	1.18e-06
 5.56649e+21	9.58e-01	4.19e-02	4.06e-07	0.00e+00	0.00e+00	0.00e+00	0.00e+00	0.00e+00	0.00e+00	9.58e-01	1.65e-06	1.18e-06
 6.12314e+21	9.58e-01	4.19e-02	3.86e-07	0.00e+00	0.00e+00	0.00e+00	0.00e+00	0.00e+00	0.00e+00	9.58e-01	1.66e-06	1.18e-06
 6.73545e+21	9.58e-01	4.19e-02	3.66e-07	0.00e+00	0.00e+00	0.00e+00	0.00e+00	0.00e+00	0.00e+00	9.58e-01	1.68e-06	1.18e-06
 7.40900e+21	9.58e-01	4.19e-02	3.46e-07	0.00e+00	0.00e+00	0.00e+00	0.00e+00	0.00e+00	0.00e+00	9.58e-01	1.69e-06	1.18e-06
 8.09673e+21	9.58e-01	4.19e-02	3.28e-07	0.00e+00	0.00e+00	0.00e+00	0.00e+00	0.00e+00	0.00e+00	9.58e-01	1.71e-06	1.18e-06
 8.74421e+21	9.58e-01	4.20e-02	3.12e-07	0.00e+00	0.00e+00	0.00e+00	0.00e+00	0.00e+00	0.00e+00	9.58e-01	1.72e-06	1.18e-06
 9.46307e+21	9.58e-01	4.20e-02	2.96e-07	0.00e+00	0.00e+00	0.00e+00	0.00e+00	0.00e+00	0.00e+00	9.58e-01	1.73e-06	1.18e-06
 1.02420e+22	9.58e-01	4.20e-02	2.80e-07	0.00e+00	0.00e+00	0.00e+00	0.00e+00	0.00e+00	0.00e+00	9.58e-01	1.75e-06	1.18e-06
 1.09346e+22	9.58e-01	4.20e-02	2.67e-07	0.00e+00	0.00e+00	0.00e+00	0.00e+00	0.00e+00	0.00e+00	9.58e-01	1.76e-06	1.18e-06
 1.15702e+22	9.58e-01	4.21e-02	2.56e-07	0.00e+00	0.00e+00	0.00e+00	0.00e+00	0.00e+00	0.00e+00	9.58e-01	1.77e-06	1.18e-06
 1.22963e+22	9.58e-01	4.21e-02	2.44e-07	0.00e+00	0.00e+00	0.00e+00	0.00e+00	0.00e+00	0.00e+00	9.58e-01	1.77e-06	1.18e-06
 1.31079e+22	9.58e-01	4.21e-02	2.32e-07	0.00e+00	0.00e+00	0.00e+00	0.00e+00	0.00e+00	0.00e+00	9.58e-01	1.78e-06	1.18e-06
 1.38670e+22	9.58e-01	4.22e-02	2.21e-07	0.00e+00	0.00e+00	0.00e+00	0.00e+00	0.00e+00	0.00e+00	9.58e-01	1.79e-06	1.18e-06
 1.45774e+22	9.58e-01	4.22e-02	2.12e-07	0.00e+00	0.00e+00	0.00e+00	0.00e+00	0.00e+00	0.00e+00	9.58e-01	1.79e-06	1.18e-06
 1.53883e+22	9.58e-01	4.22e-02	2.03e-07	0.00e+00	0.00e+00	0.00e+00	0.00e+00	0.00e+00	0.00e+00	9.58e-01	1.79e-06	1.18e-06
 1.62972e+22	9.58e-01	4.23e-02	1.93e-07	0.00e+00	0.00e+00	0.00e+00	0.00e+00	0.00e+00	0.00e+00	9.58e-01	1.79e-06	1.18e-06
 1.71582e+22	9.58e-01	4.23e-02	1.84e-07	0.00e+00	0.00e+00	0.00e+00	0.00e+00	0.00e+00	0.00e+00	9.58e-01	1.79e-06	1.18e-06
 1.81023e+22	9.58e-01	4.23e-02	1.75e-07	0.00e+00	0.00e+00	0.00e+00	0.00e+00	0.00e+00	0.00e+00	9.58e-01	1.79e-06	1.18e-06
 1.91614e+22	9.58e-01	4.24e-02	1.66e-07	0.00e+00	0.00e+00	0.00e+00	0.00e+00	0.00e+00	0.00e+00	9.58e-01	1.78e-06	1.18e-06
 2.01862e+22	9.58e-01	4.24e-02	1.58e-07	0.00e+00	0.00e+00	0.00e+00	0.00e+00	0.00e+00	0.00e+00	9.58e-01	1.77e-06	1.18e-06
 2.11941e+22	9.58e-01	4.25e-02	1.51e-07	0.00e+00	0.00e+00	0.00e+00	0.00e+00	0.00e+00	0.00e+00	9.58e-01	1.76e-06	1.18e-06
 2.21604e+22	9.58e-01	4.25e-02	1.45e-07	0.00e+00	0.00e+00	0.00e+00	0.00e+00	0.00e+00	0.00e+00	9.58e-01	1.74e-06	1.18e-06
 2.30300e+22	9.57e-01	4.25e-02	1.40e-07	0.00e+00	0.00e+00	0.00e+00	0.00e+00	0.00e+00	0.00e+00	9.57e-01	1.73e-06	1.18e-06
 2.38127e+22	9.57e-01	4.25e-02	1.36e-07	0.00e+00	0.00e+00	0.00e+00	0.00e+00	0.00e+00	0.00e+00	9.57e-01	1.71e-06	1.18e-06
 2.45171e+22	9.57e-01	4.26e-02	1.32e-07	0.00e+00	0.00e+00	0.00e+00	0.00e+00	0.00e+00	0.00e+00	9.57e-01	1.69e-06	1.18e-06
 2.51511e+22	9.57e-01	4.26e-02	1.29e-07	0.00e+00	0.00e+00	0.00e+00	0.00e+00	0.00e+00	0.00e+00	9.57e-01	1.68e-06	1.18e-06
 2.57216e+22	9.57e-01	4.26e-02	1.26e-07	0.00e+00	0.00e+00	0.00e+00	0.00e+00	0.00e+00	0.00e+00	9.57e-01	1.66e-06	1.18e-06
 2.62352e+22	9.57e-01	4.26e-02	1.24e-07	0.00e+00	0.00e+00	0.00e+00	0.00e+00	0.00e+00	0.00e+00	9.57e-01	1.65e-06	1.18e-06
 2.66973e+22	9.57e-01	4.25e-02	1.22e-07	0.00e+00	0.00e+00	0.00e+00	0.00e+00	0.00e+00	0.00e+00	9.57e-01	1.63e-06	1.18e-06
 2.71133e+22	9.57e-01	4.25e-02	1.20e-07	0.00e+00	0.00e+00	0.00e+00	0.00e+00	0.00e+00	0.00e+00	9.57e-01	1.62e-06	1.18e-06
 2.74876e+22	9.58e-01	4.25e-02	1.18e-07	0.00e+00	0.00e+00	0.00e+00	0.00e+00	0.00e+00	0.00e+00	9.58e-01	1.61e-06	1.18e-06
 2.78245e+22	9.58e-01	4.24e-02	1.17e-07	0.00e+00	0.00e+00	0.00e+00	0.00e+00	0.00e+00	0.00e+00	9.58e-01	1.60e-06	1.18e-06
 2.81384e+22	9.58e-01	4.23e-02	1.16e-07	0.00e+00	0.00e+00	0.00e+00	0.00e+00	0.00e+00	0.00e+00	9.58e-01	1.59e-06	1.18e-06
 2.84470e+22	9.58e-01	4.22e-02	1.14e-07	0.00e+00	0.00e+00	0.00e+00	0.00e+00	0.00e+00	0.00e+00	9.58e-01	1.57e-06	1.18e-06
 2.87555e+22	9.58e-01	4.21e-02	1.13e-07	0.00e+00	0.00e+00	0.00e+00	0.00e+00	0.00e+00	0.00e+00	9.58e-01	1.56e-06	1.18e-06
 2.90641e+22	9.58e-01	4.20e-02	1.12e-07	0.00e+00	0.00e+00	0.00e+00	0.00e+00	0.00e+00	0.00e+00	9.58e-01	1.55e-06	1.18e-06
 2.93727e+22	9.58e-01	4.18e-02	1.11e-07	0.00e+00	0.00e+00	0.00e+00	0.00e+00	0.00e+00	0.00e+00	9.58e-01	1.54e-06	1.17e-06
 2.96812e+22	9.58e-01	4.17e-02	1.09e-07	0.00e+00	0.00e+00	0.00e+00	0.00e+00	0.00e+00	0.00e+00	9.58e-01	1.53e-06	1.17e-06
 2.99898e+22	9.59e-01	4.15e-02	1.08e-07	0.00e+00	0.00e+00	0.00e+00	0.00e+00	0.00e+00	0.00e+00	9.59e-01	1.51e-06	1.17e-06
 3.02984e+22	9.59e-01	4.12e-02	1.07e-07	0.00e+00	0.00e+00	0.00e+00	0.00e+00	0.00e+00	0.00e+00	9.59e-01	1.50e-06	1.17e-06
 3.06070e+22	9.59e-01	4.10e-02	1.05e-07	0.00e+00	0.00e+00	0.00e+00	0.00e+00	0.00e+00	0.00e+00	9.59e-01	1.49e-06	1.17e-06
 3.08090e+22	9.59e-01	4.07e-02	1.04e-07	0.00e+00	0.00e+00	0.00e+00	0.00e+00	0.00e+00	0.00e+00	9.59e-01	1.47e-06	1.17e-06
