#depth	N	N+	N+2	N+3	N+4	N+5	N+6	N+7
 3.43190e+16	4.58e-07	1.06e-03	1.30e-01	5.27e-01	2.48e-01	9.35e-02	1.47e-04	0.00e+00
 2.05914e+17	4.55e-07	1.06e-03	1.30e-01	5.27e-01	2.48e-01	9.35e-02	1.47e-04	0.00e+00
 8.92294e+17	4.48e-07	1.05e-03	1.30e-01	5.28e-01	2.47e-01	9.33e-02	1.46e-04	0.00e+00
 3.63781e+18	4.27e-07	1.02e-03	1.32e-01	5.30e-01	2.45e-01	9.20e-02	1.45e-04	0.00e+00
 8.68957e+18	3.71e-07	9.33e-04	1.32e-01	5.34e-01	2.41e-01	9.16e-02	1.47e-04	0.00e+00
 1.52569e+19	3.42e-07	8.91e-04	1.34e-01	5.39e-01	2.37e-01	8.98e-02	1.45e-04	0.00e+00
 2.37943e+19	3.30e-07	8.77e-04	1.39e-01	5.44e-01	2.29e-01	8.65e-02	1.41e-04	0.00e+00
 3.48930e+19	3.34e-07	8.98e-04	1.49e-01	5.50e-01	2.19e-01	8.14e-02	1.34e-04	0.00e+00
 4.93213e+19	3.64e-07	9.73e-04	1.65e-01	5.56e-01	2.04e-01	7.38e-02	1.23e-04	0.00e+00
 6.43736e+19	4.05e-07	1.07e-03	1.85e-01	5.61e-01	1.88e-01	6.60e-02	1.11e-04	0.00e+00
 7.65848e+19	4.63e-07	1.21e-03	2.05e-01	5.63e-01	1.72e-01	5.89e-02	1.01e-04	0.00e+00
 8.64640e+19	5.35e-07	1.36e-03	2.25e-01	5.63e-01	1.58e-01	5.26e-02	9.08e-05	0.00e+00
 9.53852e+19	6.25e-07	1.53e-03	2.45e-01	5.63e-01	1.44e-01	4.66e-02	8.10e-05	0.00e+00
 1.03940e+20	7.32e-07	1.73e-03	2.66e-01	5.61e-01	1.31e-01	4.08e-02	7.15e-05	0.00e+00
 1.11461e+20	8.40e-07	1.92e-03	2.85e-01	5.59e-01	1.18e-01	3.58e-02	6.33e-05	0.00e+00
 1.17660e+20	9.39e-07	2.10e-03	3.01e-01	5.57e-01	1.08e-01	3.17e-02	5.63e-05	0.00e+00
 1.23343e+20	1.05e-06	2.28e-03	3.16e-01	5.55e-01	9.84e-02	2.80e-02	5.01e-05	0.00e+00
 1.29795e+20	1.19e-06	2.51e-03	3.34e-01	5.52e-01	8.77e-02	2.39e-02	4.30e-05	0.00e+00
 1.36343e+20	1.32e-06	2.72e-03	3.50e-01	5.49e-01	7.77e-02	2.03e-02	3.66e-05	0.00e+00
 1.41622e+20	1.43e-06	2.89e-03	3.63e-01	5.47e-01	6.98e-02	1.76e-02	3.18e-05	0.00e+00
 1.47091e+20	1.55e-06	3.07e-03	3.75e-01	5.45e-01	6.21e-02	1.49e-02	2.70e-05	0.00e+00
 1.52970e+20	1.64e-06	3.23e-03	3.87e-01	5.42e-01	5.47e-02	1.26e-02	2.27e-05	0.00e+00
 1.58347e+20	1.72e-06	3.36e-03	3.98e-01	5.40e-01	4.85e-02	1.08e-02	1.93e-05	0.00e+00
 1.63019e+20	1.77e-06	3.46e-03	4.06e-01	5.37e-01	4.37e-02	9.41e-03	1.68e-05	0.00e+00
 1.67096e+20	1.81e-06	3.54e-03	4.13e-01	5.35e-01	3.99e-02	8.37e-03	1.48e-05	0.00e+00
 1.71682e+20	1.85e-06	3.63e-03	4.20e-01	5.33e-01	3.59e-02	7.35e-03	1.29e-05	0.00e+00
 1.76737e+20	1.87e-06	3.70e-03	4.27e-01	5.30e-01	3.22e-02	6.45e-03	1.11e-05	0.00e+00
 1.80871e+20	1.88e-06	3.74e-03	4.33e-01	5.28e-01	2.96e-02	5.86e-03	9.96e-06	0.00e+00
 1.84079e+20	1.89e-06	3.78e-03	4.37e-01	5.26e-01	2.77e-02	5.45e-03	9.17e-06	0.00e+00
 1.87615e+20	1.90e-06	3.83e-03	4.42e-01	5.24e-01	2.57e-02	5.03e-03	8.33e-06	0.00e+00
 1.92212e+20	1.92e-06	3.89e-03	4.48e-01	5.20e-01	2.34e-02	4.56e-03	7.41e-06	0.00e+00
 1.96957e+20	1.93e-06	3.94e-03	4.53e-01	5.17e-01	2.15e-02	4.19e-03	6.66e-06	0.00e+00
 2.01081e+20	1.95e-06	3.99e-03	4.58e-01	5.14e-01	1.99e-02	3.90e-03	6.10e-06	0.00e+00
 2.05627e+20	1.98e-06	4.05e-03	4.63e-01	5.11e-01	1.84e-02	3.62e-03	5.53e-06	0.00e+00
 2.11536e+20	2.02e-06	4.14e-03	4.70e-01	5.06e-01	1.66e-02	3.31e-03	4.91e-06	0.00e+00
 2.17798e+20	2.07e-06	4.24e-03	4.77e-01	5.01e-01	1.50e-02	3.05e-03	4.39e-06	0.00e+00
 2.23618e+20	2.14e-06	4.35e-03	4.83e-01	4.96e-01	1.38e-02	2.84e-03	3.97e-06	0.00e+00
 2.30286e+20	2.24e-06	4.50e-03	4.91e-01	4.90e-01	1.25e-02	2.63e-03	3.55e-06	0.00e+00
 2.38955e+20	2.40e-06	4.72e-03	5.00e-01	4.82e-01	1.11e-02	2.39e-03	3.09e-06	0.00e+00
 2.49995e+20	2.66e-06	5.04e-03	5.12e-01	4.71e-01	9.72e-03	2.14e-03	2.62e-06	0.00e+00
 2.62003e+20	3.03e-06	5.44e-03	5.24e-01	4.60e-01	8.52e-03	1.91e-03	2.21e-06	0.00e+00
 2.75501e+20	3.58e-06	6.02e-03	5.39e-01	4.46e-01	7.41e-03	1.67e-03	1.80e-06	0.00e+00
 2.92503e+20	4.57e-06	6.93e-03	5.58e-01	4.27e-01	6.32e-03	1.41e-03	1.38e-06	0.00e+00
 3.08988e+20	6.00e-06	8.11e-03	5.79e-01	4.07e-01	5.48e-03	1.18e-03	1.03e-06	0.00e+00
 3.21216e+20	7.59e-06	9.30e-03	5.96e-01	3.89e-01	4.94e-03	1.01e-03	8.10e-07	0.00e+00
 3.30889e+20	9.35e-06	1.05e-02	6.11e-01	3.73e-01	4.53e-03	8.79e-04	6.51e-07	0.00e+00
 3.41369e+20	1.20e-05	1.22e-02	6.29e-01	3.54e-01	4.10e-03	7.42e-04	4.99e-07	0.00e+00
 3.52640e+20	1.63e-05	1.47e-02	6.50e-01	3.31e-01	3.67e-03	6.06e-04	3.62e-07	0.00e+00
 3.62121e+20	2.18e-05	1.75e-02	6.69e-01	3.10e-01	3.31e-03	4.96e-04	2.64e-07	0.00e+00
 3.69714e+20	2.83e-05	2.06e-02	6.86e-01	2.90e-01	3.03e-03	4.13e-04	1.99e-07	0.00e+00
 3.76560e+20	3.67e-05	2.42e-02	7.02e-01	2.71e-01	2.77e-03	3.43e-04	1.49e-07	0.00e+00
 3.82205e+20	4.62e-05	2.79e-02	7.16e-01	2.54e-01	2.55e-03	2.91e-04	0.00e+00	0.00e+00
 3.86182e+20	5.51e-05	3.12e-02	7.25e-01	2.41e-01	2.40e-03	2.55e-04	0.00e+00	0.00e+00
 3.90137e+20	6.67e-05	3.51e-02	7.35e-01	2.27e-01	2.25e-03	2.21e-04	0.00e+00	0.00e+00
 3.94464e+20	8.30e-05	4.03e-02	7.46e-01	2.12e-01	2.08e-03	1.88e-04	0.00e+00	0.00e+00
 3.98241e+20	1.02e-04	4.58e-02	7.54e-01	1.98e-01	1.93e-03	1.60e-04	0.00e+00	0.00e+00
 4.01402e+20	1.22e-04	5.13e-02	7.61e-01	1.86e-01	1.80e-03	1.39e-04	0.00e+00	0.00e+00
 4.04344e+20	1.46e-04	5.75e-02	7.66e-01	1.74e-01	1.69e-03	1.21e-04	0.00e+00	0.00e+00
 4.07253e+20	1.76e-04	6.47e-02	7.71e-01	1.62e-01	1.57e-03	1.04e-04	0.00e+00	0.00e+00
 4.10062e+20	2.13e-04	7.30e-02	7.75e-01	1.51e-01	1.46e-03	8.84e-05	0.00e+00	0.00e+00
 4.12706e+20	2.57e-04	8.21e-02	7.77e-01	1.39e-01	1.35e-03	7.54e-05	0.00e+00	0.00e+00
 4.15194e+20	3.10e-04	9.24e-02	7.77e-01	1.29e-01	1.25e-03	6.41e-05	0.00e+00	0.00e+00
 4.17560e+20	3.74e-04	1.04e-01	7.76e-01	1.18e-01	1.16e-03	5.44e-05	0.00e+00	0.00e+00
 4.19823e+20	4.51e-04	1.17e-01	7.73e-01	1.08e-01	1.06e-03	4.59e-05	0.00e+00	0.00e+00
 4.21991e+20	5.44e-04	1.31e-01	7.68e-01	9.88e-02	9.79e-04	3.86e-05	0.00e+00	0.00e+00
 4.24066e+20	6.57e-04	1.47e-01	7.61e-01	8.96e-02	8.96e-04	3.22e-05	0.00e+00	0.00e+00
 4.26045e+20	7.93e-04	1.65e-01	7.52e-01	8.10e-02	8.18e-04	2.68e-05	0.00e+00	0.00e+00
 4.27933e+20	9.56e-04	1.85e-01	7.40e-01	7.28e-02	7.44e-04	2.21e-05	0.00e+00	0.00e+00
 4.29746e+20	1.15e-03	2.07e-01	7.26e-01	6.51e-02	6.75e-04	1.82e-05	0.00e+00	0.00e+00
 4.31494e+20	1.39e-03	2.32e-01	7.08e-01	5.77e-02	6.08e-04	1.48e-05	0.00e+00	0.00e+00
 4.33172e+20	1.68e-03	2.59e-01	6.88e-01	5.09e-02	5.45e-04	1.20e-05	0.00e+00	0.00e+00
 4.34779e+20	2.02e-03	2.88e-01	6.65e-01	4.45e-02	4.86e-04	9.65e-06	0.00e+00	0.00e+00
 4.36328e+20	2.42e-03	3.19e-01	6.39e-01	3.86e-02	4.31e-04	7.70e-06	0.00e+00	0.00e+00
 4.37832e+20	2.91e-03	3.53e-01	6.10e-01	3.32e-02	3.79e-04	6.06e-06	0.00e+00	0.00e+00
 4.39293e+20	3.50e-03	3.90e-01	5.78e-01	2.82e-02	3.30e-04	4.71e-06	0.00e+00	0.00e+00
 4.40702e+20	4.20e-03	4.29e-01	5.43e-01	2.37e-02	2.85e-04	3.61e-06	0.00e+00	0.00e+00
 4.42061e+20	5.04e-03	4.70e-01	5.05e-01	1.96e-02	2.44e-04	2.73e-06	0.00e+00	0.00e+00
 4.43383e+20	6.03e-03	5.12e-01	4.65e-01	1.61e-02	2.06e-04	2.03e-06	0.00e+00	0.00e+00
 4.44674e+20	7.21e-03	5.56e-01	4.24e-01	1.29e-02	1.71e-04	1.49e-06	0.00e+00	0.00e+00
 4.45828e+20	8.48e-03	5.96e-01	3.85e-01	1.04e-02	1.43e-04	1.10e-06	0.00e+00	0.00e+00
 4.46798e+20	9.72e-03	6.30e-01	3.51e-01	8.60e-03	1.22e-04	8.38e-07	0.00e+00	0.00e+00
 4.47841e+20	1.14e-02	6.68e-01	3.13e-01	6.79e-03	9.95e-05	6.03e-07	0.00e+00	0.00e+00
 4.48944e+20	1.34e-02	7.07e-01	2.74e-01	5.20e-03	7.93e-05	4.19e-07	0.00e+00	0.00e+00
 4.49868e+20	1.54e-02	7.38e-01	2.42e-01	4.10e-03	6.49e-05	3.04e-07	0.00e+00	0.00e+00
 4.50672e+20	1.74e-02	7.65e-01	2.14e-01	3.27e-03	5.34e-05	2.24e-07	0.00e+00	0.00e+00
 4.51579e+20	2.01e-02	7.94e-01	1.84e-01	2.47e-03	4.19e-05	1.53e-07	0.00e+00	0.00e+00
 4.52539e+20	2.35e-02	8.20e-01	1.54e-01	1.81e-03	3.20e-05	0.00e+00	0.00e+00	0.00e+00
 4.53352e+20	2.69e-02	8.41e-01	1.31e-01	1.36e-03	2.49e-05	0.00e+00	0.00e+00	0.00e+00
 4.54058e+20	3.03e-02	8.56e-01	1.12e-01	1.06e-03	1.99e-05	0.00e+00	0.00e+00	0.00e+00
 4.54844e+20	3.49e-02	8.72e-01	9.26e-02	7.79e-04	1.50e-05	0.00e+00	0.00e+00	0.00e+00
 4.55700e+20	4.08e-02	8.84e-01	7.43e-02	5.56e-04	1.09e-05	0.00e+00	0.00e+00	0.00e+00
 4.56470e+20	4.73e-02	8.92e-01	5.98e-02	4.07e-04	8.03e-06	0.00e+00	0.00e+00	0.00e+00
 4.57169e+20	5.45e-02	8.97e-01	4.83e-02	3.05e-04	5.94e-06	0.00e+00	0.00e+00	0.00e+00
 4.57957e+20	6.43e-02	8.98e-01	3.71e-02	2.21e-04	4.14e-06	0.00e+00	0.00e+00	0.00e+00
 4.58755e+20	7.64e-02	8.95e-01	2.81e-02	1.63e-04	2.84e-06	0.00e+00	0.00e+00	0.00e+00
 4.59372e+20	8.80e-02	8.90e-01	2.23e-02	1.31e-04	2.08e-06	0.00e+00	0.00e+00	0.00e+00
 4.59875e+20	9.91e-02	8.83e-01	1.82e-02	1.10e-04	1.59e-06	0.00e+00	0.00e+00	0.00e+00
 4.60426e+20	1.14e-01	8.72e-01	1.44e-02	9.17e-05	1.17e-06	0.00e+00	0.00e+00	0.00e+00
 4.61012e+20	1.32e-01	8.57e-01	1.11e-02	7.73e-05	8.38e-07	0.00e+00	0.00e+00	0.00e+00
 4.61514e+20	1.50e-01	8.41e-01	8.79e-03	6.74e-05	6.23e-07	0.00e+00	0.00e+00	0.00e+00
 4.61946e+20	1.68e-01	8.25e-01	7.13e-03	6.04e-05	4.80e-07	0.00e+00	0.00e+00	0.00e+00
 4.62344e+20	1.86e-01	8.08e-01	5.84e-03	5.48e-05	3.75e-07	0.00e+00	0.00e+00	0.00e+00
 4.62733e+20	2.07e-01	7.89e-01	4.76e-03	4.99e-05	2.92e-07	0.00e+00	0.00e+00	0.00e+00
 4.63111e+20	2.28e-01	7.68e-01	3.89e-03	4.58e-05	2.29e-07	0.00e+00	0.00e+00	0.00e+00
 4.63452e+20	2.50e-01	7.47e-01	3.23e-03	4.25e-05	1.83e-07	0.00e+00	0.00e+00	0.00e+00
 4.63709e+20	2.66e-01	7.31e-01	2.82e-03	4.02e-05	1.56e-07	0.00e+00	0.00e+00	0.00e+00
 4.63879e+20	2.77e-01	7.20e-01	2.57e-03	3.88e-05	1.40e-07	0.00e+00	0.00e+00	0.00e+00
 4.64040e+20	2.89e-01	7.08e-01	2.34e-03	3.73e-05	1.25e-07	0.00e+00	0.00e+00	0.00e+00
 4.64223e+20	3.03e-01	6.95e-01	2.10e-03	3.58e-05	0.00e+00	0.00e+00	0.00e+00	0.00e+00
 4.64416e+20	3.18e-01	6.80e-01	1.88e-03	3.43e-05	0.00e+00	0.00e+00	0.00e+00	0.00e+00
 4.64604e+20	3.33e-01	6.65e-01	1.68e-03	3.29e-05	0.00e+00	0.00e+00	0.00e+00	0.00e+00
 4.64787e+20	3.48e-01	6.50e-01	1.51e-03	3.15e-05	0.00e+00	0.00e+00	0.00e+00	0.00e+00
 4.64970e+20	3.64e-01	6.35e-01	1.36e-03	3.02e-05	0.00e+00	0.00e+00	0.00e+00	0.00e+00
 4.65151e+20	3.79e-01	6.20e-01	1.22e-03	2.90e-05	0.00e+00	0.00e+00	0.00e+00	0.00e+00
 4.65331e+20	3.95e-01	6.04e-01	1.10e-03	2.78e-05	0.00e+00	0.00e+00	0.00e+00	0.00e+00
 4.65512e+20	4.11e-01	5.88e-01	9.91e-04	2.66e-05	0.00e+00	0.00e+00	0.00e+00	0.00e+00
 4.65691e+20	4.27e-01	5.72e-01	8.93e-04	2.55e-05	0.00e+00	0.00e+00	0.00e+00	0.00e+00
 4.65868e+20	4.43e-01	5.57e-01	8.09e-04	2.45e-05	0.00e+00	0.00e+00	0.00e+00	0.00e+00
 4.66043e+20	4.59e-01	5.41e-01	7.33e-04	2.35e-05	0.00e+00	0.00e+00	0.00e+00	0.00e+00
 4.66222e+20	4.74e-01	5.25e-01	6.65e-04	2.25e-05	0.00e+00	0.00e+00	0.00e+00	0.00e+00
 4.66402e+20	4.91e-01	5.09e-01	6.04e-04	2.15e-05	0.00e+00	0.00e+00	0.00e+00	0.00e+00
 4.66581e+20	5.06e-01	4.93e-01	5.50e-04	2.06e-05	0.00e+00	0.00e+00	0.00e+00	0.00e+00
 4.66760e+20	5.22e-01	4.77e-01	5.03e-04	1.98e-05	0.00e+00	0.00e+00	0.00e+00	0.00e+00
 4.66937e+20	5.37e-01	4.63e-01	4.62e-04	1.89e-05	0.00e+00	0.00e+00	0.00e+00	0.00e+00
 4.67118e+20	5.52e-01	4.47e-01	4.25e-04	1.81e-05	0.00e+00	0.00e+00	0.00e+00	0.00e+00
 4.67301e+20	5.67e-01	4.33e-01	3.93e-04	1.74e-05	0.00e+00	0.00e+00	0.00e+00	0.00e+00
 4.67485e+20	5.81e-01	4.18e-01	3.64e-04	1.67e-05	0.00e+00	0.00e+00	0.00e+00	0.00e+00
 4.67673e+20	5.95e-01	4.04e-01	3.39e-04	1.60e-05	0.00e+00	0.00e+00	0.00e+00	0.00e+00
 4.67863e+20	6.09e-01	3.91e-01	3.16e-04	1.53e-05	0.00e+00	0.00e+00	0.00e+00	0.00e+00
 4.68055e+20	6.22e-01	3.78e-01	2.97e-04	1.47e-05	0.00e+00	0.00e+00	0.00e+00	0.00e+00
 4.68248e+20	6.34e-01	3.66e-01	2.80e-04	1.41e-05	0.00e+00	0.00e+00	0.00e+00	0.00e+00
 4.68441e+20	6.45e-01	3.54e-01	2.66e-04	1.36e-05	0.00e+00	0.00e+00	0.00e+00	0.00e+00
 4.68636e+20	6.56e-01	3.44e-01	2.53e-04	1.31e-05	0.00e+00	0.00e+00	0.00e+00	0.00e+00
 4.68837e+20	6.66e-01	3.34e-01	2.42e-04	1.27e-05	0.00e+00	0.00e+00	0.00e+00	0.00e+00
 4.69045e+20	6.76e-01	3.24e-01	2.32e-04	1.22e-05	0.00e+00	0.00e+00	0.00e+00	0.00e+00
 4.69260e+20	6.85e-01	3.15e-01	2.24e-04	1.18e-05	0.00e+00	0.00e+00	0.00e+00	0.00e+00
 4.69486e+20	6.93e-01	3.07e-01	2.17e-04	1.15e-05	0.00e+00	0.00e+00	0.00e+00	0.00e+00
 4.69725e+20	7.01e-01	2.99e-01	2.10e-04	1.12e-05	0.00e+00	0.00e+00	0.00e+00	0.00e+00
 4.69980e+20	7.08e-01	2.92e-01	2.04e-04	1.09e-05	0.00e+00	0.00e+00	0.00e+00	0.00e+00
 4.70261e+20	7.15e-01	2.85e-01	1.99e-04	1.06e-05	0.00e+00	0.00e+00	0.00e+00	0.00e+00
 4.70577e+20	7.21e-01	2.79e-01	1.95e-04	1.03e-05	0.00e+00	0.00e+00	0.00e+00	0.00e+00
 4.70940e+20	7.26e-01	2.74e-01	1.91e-04	1.01e-05	0.00e+00	0.00e+00	0.00e+00	0.00e+00
 4.71334e+20	7.31e-01	2.69e-01	1.88e-04	9.91e-06	0.00e+00	0.00e+00	0.00e+00	0.00e+00
 4.71725e+20	7.34e-01	2.66e-01	1.86e-04	9.77e-06	0.00e+00	0.00e+00	0.00e+00	0.00e+00
 4.72113e+20	7.36e-01	2.63e-01	1.84e-04	9.67e-06	0.00e+00	0.00e+00	0.00e+00	0.00e+00
 4.72497e+20	7.38e-01	2.62e-01	1.83e-04	9.59e-06	0.00e+00	0.00e+00	0.00e+00	0.00e+00
 4.72879e+20	7.40e-01	2.60e-01	1.82e-04	9.53e-06	0.00e+00	0.00e+00	0.00e+00	0.00e+00
 4.73259e+20	7.41e-01	2.59e-01	1.81e-04	9.49e-06	0.00e+00	0.00e+00	0.00e+00	0.00e+00
 4.73638e+20	7.42e-01	2.58e-01	1.80e-04	9.43e-06	0.00e+00	0.00e+00	0.00e+00	0.00e+00
 4.74073e+20	7.43e-01	2.57e-01	1.80e-04	9.40e-06	0.00e+00	0.00e+00	0.00e+00	0.00e+00
 4.74639e+20	7.44e-01	2.56e-01	1.79e-04	9.36e-06	0.00e+00	0.00e+00	0.00e+00	0.00e+00
 4.75375e+20	7.44e-01	2.56e-01	1.79e-04	9.33e-06	0.00e+00	0.00e+00	0.00e+00	0.00e+00
 4.76331e+20	7.45e-01	2.54e-01	1.78e-04	9.26e-06	0.00e+00	0.00e+00	0.00e+00	0.00e+00
 4.77574e+20	7.46e-01	2.54e-01	1.77e-04	9.23e-06	0.00e+00	0.00e+00	0.00e+00	0.00e+00
 4.79190e+20	7.47e-01	2.53e-01	1.76e-04	9.17e-06	0.00e+00	0.00e+00	0.00e+00	0.00e+00
 4.81290e+20	7.49e-01	2.51e-01	1.75e-04	9.08e-06	0.00e+00	0.00e+00	0.00e+00	0.00e+00
 4.84021e+20	7.51e-01	2.49e-01	1.73e-04	8.98e-06	0.00e+00	0.00e+00	0.00e+00	0.00e+00
 4.87571e+20	7.53e-01	2.46e-01	1.71e-04	8.84e-06	0.00e+00	0.00e+00	0.00e+00	0.00e+00
 4.92186e+20	7.57e-01	2.43e-01	1.69e-04	8.67e-06	0.00e+00	0.00e+00	0.00e+00	0.00e+00
 4.98186e+20	7.61e-01	2.39e-01	1.66e-04	8.46e-06	0.00e+00	0.00e+00	0.00e+00	0.00e+00
 5.05985e+20	7.66e-01	2.34e-01	1.62e-04	8.19e-06	0.00e+00	0.00e+00	0.00e+00	0.00e+00
 5.16124e+20	7.72e-01	2.28e-01	1.57e-04	7.87e-06	0.00e+00	0.00e+00	0.00e+00	0.00e+00
 5.29086e+20	7.79e-01	2.21e-01	1.52e-04	7.49e-06	0.00e+00	0.00e+00	0.00e+00	0.00e+00
 5.43728e+20	7.86e-01	2.13e-01	1.46e-04	7.10e-06	0.00e+00	0.00e+00	0.00e+00	0.00e+00
 5.58690e+20	7.93e-01	2.07e-01	1.41e-04	6.75e-06	0.00e+00	0.00e+00	0.00e+00	0.00e+00
 5.73859e+20	8.00e-01	2.00e-01	1.37e-04	6.42e-06	0.00e+00	0.00e+00	0.00e+00	0.00e+00
 5.89577e+20	8.06e-01	1.94e-01	1.32e-04	6.09e-06	0.00e+00	0.00e+00	0.00e+00	0.00e+00
 6.06283e+20	8.12e-01	1.88e-01	1.28e-04	5.77e-06	0.00e+00	0.00e+00	0.00e+00	0.00e+00
 6.23932e+20	8.19e-01	1.81e-01	1.23e-04	5.46e-06	0.00e+00	0.00e+00	0.00e+00	0.00e+00
 6.42408e+20	8.25e-01	1.75e-01	1.19e-04	5.16e-06	0.00e+00	0.00e+00	0.00e+00	0.00e+00
 6.61741e+20	8.31e-01	1.69e-01	1.14e-04	4.87e-06	0.00e+00	0.00e+00	0.00e+00	0.00e+00
 6.82013e+20	8.37e-01	1.63e-01	1.10e-04	4.59e-06	0.00e+00	0.00e+00	0.00e+00	0.00e+00
 7.03310e+20	8.42e-01	1.58e-01	1.06e-04	4.32e-06	0.00e+00	0.00e+00	0.00e+00	0.00e+00
 7.25683e+20	8.48e-01	1.52e-01	1.02e-04	4.05e-06	0.00e+00	0.00e+00	0.00e+00	0.00e+00
 7.49181e+20	8.54e-01	1.46e-01	9.80e-05	3.79e-06	0.00e+00	0.00e+00	0.00e+00	0.00e+00
 7.73846e+20	8.59e-01	1.41e-01	9.40e-05	3.55e-06	0.00e+00	0.00e+00	0.00e+00	0.00e+00
 7.99777e+20	8.64e-01	1.35e-01	9.01e-05	3.31e-06	0.00e+00	0.00e+00	0.00e+00	0.00e+00
 8.27022e+20	8.70e-01	1.30e-01	8.63e-05	3.08e-06	0.00e+00	0.00e+00	0.00e+00	0.00e+00
 8.55611e+20	8.75e-01	1.25e-01	8.25e-05	2.86e-06	0.00e+00	0.00e+00	0.00e+00	0.00e+00
 8.85839e+20	8.80e-01	1.20e-01	7.87e-05	2.65e-06	0.00e+00	0.00e+00	0.00e+00	0.00e+00
 9.17740e+20	8.85e-01	1.15e-01	7.50e-05	2.45e-06	0.00e+00	0.00e+00	0.00e+00	0.00e+00
 9.51140e+20	8.90e-01	1.10e-01	7.14e-05	2.25e-06	0.00e+00	0.00e+00	0.00e+00	0.00e+00
 9.86298e+20	8.95e-01	1.05e-01	6.78e-05	2.07e-06	0.00e+00	0.00e+00	0.00e+00	0.00e+00
 1.02339e+21	9.00e-01	1.00e-01	6.43e-05	1.90e-06	0.00e+00	0.00e+00	0.00e+00	0.00e+00
 1.06240e+21	9.04e-01	9.55e-02	6.09e-05	1.73e-06	0.00e+00	0.00e+00	0.00e+00	0.00e+00
 1.10376e+21	9.09e-01	9.09e-02	5.75e-05	1.58e-06	0.00e+00	0.00e+00	0.00e+00	0.00e+00
 1.14755e+21	9.13e-01	8.65e-02	5.42e-05	1.43e-06	0.00e+00	0.00e+00	0.00e+00	0.00e+00
 1.19349e+21	9.18e-01	8.21e-02	5.10e-05	1.29e-06	0.00e+00	0.00e+00	0.00e+00	0.00e+00
 1.24191e+21	9.22e-01	7.80e-02	4.79e-05	1.17e-06	0.00e+00	0.00e+00	0.00e+00	0.00e+00
 1.29310e+21	9.26e-01	7.39e-02	4.48e-05	1.05e-06	0.00e+00	0.00e+00	0.00e+00	0.00e+00
 1.34705e+21	9.30e-01	7.00e-02	4.19e-05	9.38e-07	0.00e+00	0.00e+00	0.00e+00	0.00e+00
 1.40444e+21	9.34e-01	6.61e-02	3.91e-05	8.36e-07	0.00e+00	0.00e+00	0.00e+00	0.00e+00
 1.46537e+21	9.38e-01	6.24e-02	3.63e-05	7.43e-07	0.00e+00	0.00e+00	0.00e+00	0.00e+00
 1.52935e+21	9.41e-01	5.89e-02	3.37e-05	6.58e-07	0.00e+00	0.00e+00	0.00e+00	0.00e+00
 1.59673e+21	9.44e-01	5.55e-02	3.12e-05	5.81e-07	0.00e+00	0.00e+00	0.00e+00	0.00e+00
 1.66861e+21	9.48e-01	5.22e-02	2.88e-05	5.11e-07	0.00e+00	0.00e+00	0.00e+00	0.00e+00
 1.74525e+21	9.51e-01	4.91e-02	2.65e-05	4.47e-07	0.00e+00	0.00e+00	0.00e+00	0.00e+00
 1.82610e+21	9.54e-01	4.61e-02	2.43e-05	3.91e-07	0.00e+00	0.00e+00	0.00e+00	0.00e+00
 1.91144e+21	9.57e-01	4.33e-02	2.23e-05	3.40e-07	0.00e+00	0.00e+00	0.00e+00	0.00e+00
 2.00201e+21	9.59e-01	4.07e-02	2.04e-05	2.95e-07	0.00e+00	0.00e+00	0.00e+00	0.00e+00
 2.09820e+21	9.62e-01	3.81e-02	1.86e-05	2.56e-07	0.00e+00	0.00e+00	0.00e+00	0.00e+00
 2.20119e+21	9.64e-01	3.57e-02	1.69e-05	2.20e-07	0.00e+00	0.00e+00	0.00e+00	0.00e+00
 2.31072e+21	9.67e-01	3.34e-02	1.53e-05	1.90e-07	0.00e+00	0.00e+00	0.00e+00	0.00e+00
 2.42468e+21	9.69e-01	3.12e-02	1.39e-05	1.63e-07	0.00e+00	0.00e+00	0.00e+00	0.00e+00
 2.54573e+21	9.71e-01	2.92e-02	1.25e-05	1.40e-07	0.00e+00	0.00e+00	0.00e+00	0.00e+00
 2.67621e+21	9.73e-01	2.72e-02	1.13e-05	0.00e+00	0.00e+00	0.00e+00	0.00e+00	0.00e+00
 2.81431e+21	9.75e-01	2.53e-02	1.02e-05	0.00e+00	0.00e+00	0.00e+00	0.00e+00	0.00e+00
 2.95987e+21	9.76e-01	2.35e-02	9.18e-06	0.00e+00	0.00e+00	0.00e+00	0.00e+00	0.00e+00
 3.11313e+21	9.78e-01	2.18e-02	8.26e-06	0.00e+00	0.00e+00	0.00e+00	0.00e+00	0.00e+00
 3.26766e+21	9.80e-01	2.02e-02	7.48e-06	0.00e+00	0.00e+00	0.00e+00	0.00e+00	0.00e+00
 3.41509e+21	9.81e-01	1.89e-02	6.84e-06	0.00e+00	0.00e+00	0.00e+00	0.00e+00	0.00e+00
 3.55613e+21	9.82e-01	1.76e-02	6.29e-06	0.00e+00	0.00e+00	0.00e+00	0.00e+00	0.00e+00
 3.71643e+21	9.84e-01	1.63e-02	5.73e-06	0.00e+00	0.00e+00	0.00e+00	0.00e+00	0.00e+00
 3.88935e+21	9.85e-01	1.51e-02	5.23e-06	0.00e+00	0.00e+00	0.00e+00	0.00e+00	0.00e+00
 4.03721e+21	9.86e-01	1.41e-02	4.85e-06	0.00e+00	0.00e+00	0.00e+00	0.00e+00	0.00e+00
 4.16332e+21	9.87e-01	1.33e-02	4.56e-06	0.00e+00	0.00e+00	0.00e+00	0.00e+00	0.00e+00
 4.30260e+21	9.88e-01	1.24e-02	4.26e-06	0.00e+00	0.00e+00	0.00e+00	0.00e+00	0.00e+00
 4.47892e+21	9.89e-01	1.14e-02	3.92e-06	0.00e+00	0.00e+00	0.00e+00	0.00e+00	0.00e+00
 4.67211e+21	9.90e-01	1.05e-02	3.60e-06	0.00e+00	0.00e+00	0.00e+00	0.00e+00	0.00e+00
 4.85203e+21	9.90e-01	9.64e-03	3.35e-06	0.00e+00	0.00e+00	0.00e+00	0.00e+00	0.00e+00
 5.01593e+21	9.91e-01	8.94e-03	3.13e-06	0.00e+00	0.00e+00	0.00e+00	0.00e+00	0.00e+00
 5.16045e+21	9.92e-01	8.36e-03	2.97e-06	0.00e+00	0.00e+00	0.00e+00	0.00e+00	0.00e+00
 5.28512e+21	9.92e-01	7.87e-03	2.83e-06	0.00e+00	0.00e+00	0.00e+00	0.00e+00	0.00e+00
 5.42251e+21	9.93e-01	7.34e-03	2.69e-06	0.00e+00	0.00e+00	0.00e+00	0.00e+00	0.00e+00
 5.58865e+21	9.93e-01	6.73e-03	2.53e-06	0.00e+00	0.00e+00	0.00e+00	0.00e+00	0.00e+00
 5.74912e+21	9.94e-01	6.16e-03	2.40e-06	0.00e+00	0.00e+00	0.00e+00	0.00e+00	0.00e+00
 5.88113e+21	9.94e-01	5.70e-03	2.30e-06	0.00e+00	0.00e+00	0.00e+00	0.00e+00	0.00e+00
 6.00009e+21	9.95e-01	5.29e-03	2.21e-06	0.00e+00	0.00e+00	0.00e+00	0.00e+00	0.00e+00
 6.12019e+21	9.95e-01	4.87e-03	2.13e-06	0.00e+00	0.00e+00	0.00e+00	0.00e+00	0.00e+00
