#depth	He	He+	He+2
 1.92867e+15	6.38e-02	8.36e-01	9.98e-02
 1.15720e+16	6.40e-02	8.37e-01	9.95e-02
 5.01454e+16	6.41e-02	8.37e-01	9.93e-02
 2.04439e+17	6.43e-02	8.37e-01	9.87e-02
 4.88339e+17	6.37e-02	8.37e-01	9.90e-02
 8.57409e+17	6.39e-02	8.38e-01	9.86e-02
 1.33720e+18	6.45e-02	8.38e-01	9.74e-02
 1.96093e+18	6.58e-02	8.39e-01	9.51e-02
 2.73093e+18	6.78e-02	8.40e-01	9.18e-02
 3.54254e+18	7.05e-02	8.41e-01	8.83e-02
 4.42320e+18	7.46e-02	8.42e-01	8.35e-02
 5.43266e+18	8.04e-02	8.42e-01	7.80e-02
 6.37336e+18	8.68e-02	8.40e-01	7.34e-02
 7.18025e+18	9.37e-02	8.37e-01	6.93e-02
 7.94225e+18	1.02e-01	8.33e-01	6.56e-02
 8.65510e+18	1.10e-01	8.28e-01	6.26e-02
 9.31559e+18	1.19e-01	8.21e-01	6.00e-02
 9.92435e+18	1.28e-01	8.14e-01	5.79e-02
 1.04741e+19	1.37e-01	8.07e-01	5.61e-02
 1.09663e+19	1.46e-01	7.99e-01	5.46e-02
 1.14037e+19	1.55e-01	7.92e-01	5.35e-02
 1.18039e+19	1.64e-01	7.84e-01	5.25e-02
 1.21835e+19	1.72e-01	7.76e-01	5.16e-02
 1.25494e+19	1.81e-01	7.68e-01	5.07e-02
 1.29093e+19	1.91e-01	7.60e-01	4.98e-02
 1.32643e+19	2.00e-01	7.51e-01	4.91e-02
 1.36025e+19	2.10e-01	7.42e-01	4.82e-02
 1.39379e+19	2.19e-01	7.33e-01	4.75e-02
 1.42789e+19	2.30e-01	7.24e-01	4.67e-02
 1.45550e+19	2.38e-01	7.16e-01	4.61e-02
 1.47533e+19	2.44e-01	7.10e-01	4.56e-02
 1.49517e+19	2.51e-01	7.04e-01	4.51e-02
 1.51830e+19	2.59e-01	6.97e-01	4.45e-02
 1.54331e+19	2.68e-01	6.89e-01	4.38e-02
 1.56818e+19	2.76e-01	6.81e-01	4.32e-02
 1.59333e+19	2.85e-01	6.72e-01	4.25e-02
 1.61919e+19	2.94e-01	6.64e-01	4.19e-02
 1.64601e+19	3.04e-01	6.54e-01	4.11e-02
 1.67392e+19	3.15e-01	6.45e-01	4.03e-02
 1.70226e+19	3.26e-01	6.35e-01	3.95e-02
 1.73099e+19	3.37e-01	6.25e-01	3.88e-02
 1.76067e+19	3.48e-01	6.14e-01	3.79e-02
 1.79149e+19	3.60e-01	6.03e-01	3.71e-02
 1.82324e+19	3.73e-01	5.91e-01	3.62e-02
 1.85563e+19	3.86e-01	5.79e-01	3.53e-02
 1.88876e+19	3.99e-01	5.67e-01	3.44e-02
 1.92294e+19	4.12e-01	5.54e-01	3.35e-02
 1.95820e+19	4.27e-01	5.41e-01	3.25e-02
 1.99421e+19	4.41e-01	5.28e-01	3.16e-02
 2.03101e+19	4.55e-01	5.14e-01	3.06e-02
 2.06909e+19	4.70e-01	5.01e-01	2.96e-02
 2.10851e+19	4.85e-01	4.86e-01	2.86e-02
 2.14883e+19	5.00e-01	4.72e-01	2.77e-02
 2.19000e+19	5.16e-01	4.58e-01	2.67e-02
 2.23283e+19	5.31e-01	4.43e-01	2.57e-02
 2.27671e+19	5.47e-01	4.29e-01	2.47e-02
 2.32148e+19	5.62e-01	4.14e-01	2.37e-02
 2.36732e+19	5.77e-01	4.00e-01	2.28e-02
 2.41414e+19	5.92e-01	3.86e-01	2.18e-02
 2.46222e+19	6.07e-01	3.72e-01	2.09e-02
 2.51212e+19	6.22e-01	3.58e-01	2.00e-02
 2.56392e+19	6.36e-01	3.45e-01	1.90e-02
 2.61775e+19	6.51e-01	3.31e-01	1.81e-02
 2.67407e+19	6.65e-01	3.18e-01	1.72e-02
 2.73277e+19	6.78e-01	3.05e-01	1.63e-02
 2.79433e+19	6.92e-01	2.93e-01	1.55e-02
 2.85993e+19	7.05e-01	2.80e-01	1.46e-02
 2.92979e+19	7.18e-01	2.68e-01	1.37e-02
 3.00436e+19	7.31e-01	2.56e-01	1.29e-02
 3.08409e+19	7.43e-01	2.45e-01	1.20e-02
 3.17026e+19	7.55e-01	2.34e-01	1.12e-02
 3.26420e+19	7.67e-01	2.23e-01	1.04e-02
 3.36678e+19	7.78e-01	2.12e-01	9.63e-03
 3.47922e+19	7.89e-01	2.02e-01	8.86e-03
 3.60244e+19	8.00e-01	1.92e-01	8.13e-03
 3.73741e+19	8.10e-01	1.83e-01	7.42e-03
 3.88557e+19	8.20e-01	1.74e-01	6.74e-03
 4.04824e+19	8.29e-01	1.65e-01	6.10e-03
 4.22566e+19	8.38e-01	1.56e-01	5.50e-03
 4.41812e+19	8.47e-01	1.48e-01	4.95e-03
 4.62571e+19	8.55e-01	1.40e-01	4.44e-03
 4.84867e+19	8.63e-01	1.33e-01	3.97e-03
 5.08696e+19	8.71e-01	1.25e-01	3.55e-03
 5.34063e+19	8.78e-01	1.19e-01	3.17e-03
 5.60990e+19	8.85e-01	1.12e-01	2.83e-03
 5.89542e+19	8.92e-01	1.06e-01	2.53e-03
 6.19725e+19	8.98e-01	9.99e-02	2.25e-03
 6.51589e+19	9.04e-01	9.43e-02	2.01e-03
 6.85301e+19	9.09e-01	8.90e-02	1.79e-03
 7.20892e+19	9.14e-01	8.39e-02	1.60e-03
 7.58415e+19	9.19e-01	7.92e-02	1.42e-03
 7.98065e+19	9.24e-01	7.46e-02	1.27e-03
 8.40001e+19	9.29e-01	7.04e-02	1.13e-03
 8.84349e+19	9.33e-01	6.63e-02	1.00e-03
 9.31258e+19	9.37e-01	6.25e-02	8.94e-04
 9.80936e+19	9.40e-01	5.88e-02	7.96e-04
 1.03364e+20	9.44e-01	5.54e-02	7.07e-04
 1.08967e+20	9.47e-01	5.21e-02	6.28e-04
 1.14932e+20	9.50e-01	4.90e-02	5.58e-04
 1.21293e+20	9.53e-01	4.60e-02	4.95e-04
 1.28093e+20	9.56e-01	4.32e-02	4.38e-04
 1.35383e+20	9.59e-01	4.06e-02	3.87e-04
 1.43221e+20	9.62e-01	3.81e-02	3.42e-04
 1.51672e+20	9.64e-01	3.57e-02	3.02e-04
 1.60818e+20	9.66e-01	3.34e-02	2.66e-04
 1.70758e+20	9.69e-01	3.12e-02	2.33e-04
 1.81604e+20	9.71e-01	2.92e-02	2.04e-04
 1.93486e+20	9.73e-01	2.72e-02	1.79e-04
 2.06583e+20	9.74e-01	2.54e-02	1.56e-04
 2.21121e+20	9.76e-01	2.36e-02	1.36e-04
 2.37364e+20	9.78e-01	2.19e-02	1.18e-04
 2.55605e+20	9.80e-01	2.04e-02	1.02e-04
 2.76310e+20	9.81e-01	1.89e-02	8.78e-05
 3.00135e+20	9.82e-01	1.75e-02	7.54e-05
 3.27981e+20	9.84e-01	1.62e-02	6.46e-05
 3.60200e+20	9.85e-01	1.49e-02	5.54e-05
 3.96220e+20	9.86e-01	1.39e-02	4.80e-05
 4.35842e+20	9.87e-01	1.30e-02	4.19e-05
 4.79426e+20	9.88e-01	1.22e-02	3.71e-05
 5.27369e+20	9.88e-01	1.15e-02	3.31e-05
 5.80106e+20	9.89e-01	1.09e-02	2.99e-05
 6.38116e+20	9.90e-01	1.05e-02	2.73e-05
 7.01928e+20	9.90e-01	1.00e-02	2.52e-05
 7.72121e+20	9.90e-01	9.69e-03	2.34e-05
 8.49333e+20	9.91e-01	9.39e-03	2.20e-05
 9.34266e+20	9.91e-01	9.14e-03	2.08e-05
 1.02769e+21	9.91e-01	8.92e-03	1.98e-05
 1.13046e+21	9.91e-01	8.74e-03	1.90e-05
 1.24351e+21	9.91e-01	8.58e-03	1.83e-05
 1.36786e+21	9.92e-01	8.45e-03	1.77e-05
 1.50465e+21	9.92e-01	8.33e-03	1.72e-05
 1.65511e+21	9.92e-01	8.24e-03	1.68e-05
 1.82062e+21	9.92e-01	8.15e-03	1.65e-05
 2.00268e+21	9.92e-01	8.08e-03	1.62e-05
 2.20295e+21	9.92e-01	8.02e-03	1.59e-05
 2.42325e+21	9.92e-01	7.97e-03	1.57e-05
 2.66557e+21	9.92e-01	7.92e-03	1.55e-05
 2.93213e+21	9.92e-01	7.88e-03	1.53e-05
 3.22534e+21	9.92e-01	7.85e-03	1.51e-05
 3.54787e+21	9.92e-01	7.82e-03	1.50e-05
 3.90266e+21	9.92e-01	7.79e-03	1.49e-05
 4.26952e+21	9.92e-01	7.76e-03	1.47e-05
 4.61979e+21	9.92e-01	7.75e-03	1.47e-05
 4.95731e+21	9.92e-01	7.73e-03	1.46e-05
 5.34430e+21	9.92e-01	7.71e-03	1.45e-05
 5.76052e+21	9.92e-01	7.70e-03	1.44e-05
 6.12386e+21	9.92e-01	7.68e-03	1.44e-05
 6.45121e+21	9.92e-01	7.68e-03	1.43e-05
 6.82263e+21	9.92e-01	7.67e-03	1.43e-05
 7.23680e+21	9.92e-01	7.66e-03	1.42e-05
 7.61944e+21	9.92e-01	7.65e-03	1.42e-05
 7.96865e+21	9.92e-01	7.64e-03	1.41e-05
 8.36152e+21	9.92e-01	7.63e-03	1.41e-05
 8.79691e+21	9.92e-01	7.63e-03	1.41e-05
 9.19647e+21	9.92e-01	7.62e-03	1.40e-05
 9.56365e+21	9.92e-01	7.61e-03	1.40e-05
 9.97983e+21	9.92e-01	7.61e-03	1.40e-05
 1.04448e+22	9.92e-01	7.60e-03	1.39e-05
 1.08785e+22	9.92e-01	7.60e-03	1.39e-05
 1.12842e+22	9.92e-01	7.59e-03	1.39e-05
 1.17480e+22	9.92e-01	7.59e-03	1.39e-05
 1.22722e+22	9.92e-01	7.58e-03	1.38e-05
 1.27774e+22	9.92e-01	7.57e-03	1.38e-05
 1.33369e+22	9.92e-01	7.57e-03	1.38e-05
 1.40642e+22	9.92e-01	7.56e-03	1.37e-05
 1.48352e+22	9.92e-01	7.55e-03	1.37e-05
 1.55483e+22	9.92e-01	7.55e-03	1.37e-05
 1.63609e+22	9.92e-01	7.54e-03	1.37e-05
 1.74173e+22	9.92e-01	7.53e-03	1.36e-05
 1.86565e+22	9.92e-01	7.52e-03	1.36e-05
 1.98765e+22	9.92e-01	7.52e-03	1.36e-05
 2.09745e+22	9.92e-01	7.51e-03	1.35e-05
 2.19628e+22	9.92e-01	7.50e-03	1.35e-05
 2.28522e+22	9.92e-01	7.50e-03	1.35e-05
 2.36526e+22	9.92e-01	7.50e-03	1.35e-05
 2.43730e+22	9.92e-01	7.49e-03	1.35e-05
 2.50214e+22	9.92e-01	7.49e-03	1.34e-05
 2.56050e+22	9.92e-01	7.49e-03	1.34e-05
 2.61301e+22	9.92e-01	7.49e-03	1.34e-05
 2.66028e+22	9.92e-01	7.49e-03	1.34e-05
 2.70282e+22	9.92e-01	7.49e-03	1.34e-05
 2.74111e+22	9.92e-01	7.49e-03	1.34e-05
 2.77556e+22	9.92e-01	7.49e-03	1.34e-05
 2.80731e+22	9.92e-01	7.49e-03	1.34e-05
 2.83817e+22	9.92e-01	7.49e-03	1.35e-05
 2.86903e+22	9.92e-01	7.50e-03	1.35e-05
 2.89988e+22	9.92e-01	7.50e-03	1.35e-05
 2.93074e+22	9.92e-01	7.51e-03	1.35e-05
 2.96160e+22	9.92e-01	7.52e-03	1.36e-05
 2.99245e+22	9.92e-01	7.53e-03	1.37e-05
 3.02121e+22	9.92e-01	7.55e-03	1.38e-05
 3.04476e+22	9.92e-01	7.57e-03	1.39e-05
 3.06396e+22	9.92e-01	7.62e-03	1.41e-05
 3.07931e+22	9.92e-01	7.68e-03	1.44e-05
