#depth	O	O+	O+2	O+3	O+4	O+5	O+6	O+7	O+8	O[1]	O[2]	O[3]
 7.44495e+16	1.70e-03	1.90e-01	7.13e-01	9.34e-02	1.82e-03	7.71e-06	0.00e+00	0.00e+00	0.00e+00	1.70e-03	1.44e-08	1.36e-08
 4.46697e+17	1.69e-03	1.90e-01	7.13e-01	9.34e-02	1.82e-03	7.72e-06	0.00e+00	0.00e+00	0.00e+00	1.69e-03	1.46e-08	1.35e-08
 1.93569e+18	1.67e-03	1.88e-01	7.16e-01	9.30e-02	1.80e-03	7.67e-06	0.00e+00	0.00e+00	0.00e+00	1.67e-03	1.44e-08	1.33e-08
 7.89165e+18	1.63e-03	1.84e-01	7.23e-01	9.01e-02	1.71e-03	7.36e-06	0.00e+00	0.00e+00	0.00e+00	1.63e-03	1.40e-08	1.30e-08
 1.88506e+19	1.47e-03	1.72e-01	7.37e-01	8.81e-02	1.62e-03	7.21e-06	0.00e+00	0.00e+00	0.00e+00	1.47e-03	1.24e-08	1.17e-08
 3.30973e+19	1.37e-03	1.64e-01	7.49e-01	8.36e-02	1.48e-03	6.77e-06	0.00e+00	0.00e+00	0.00e+00	1.37e-03	1.14e-08	1.08e-08
 5.16179e+19	1.32e-03	1.60e-01	7.61e-01	7.66e-02	1.29e-03	6.05e-06	0.00e+00	0.00e+00	0.00e+00	1.32e-03	1.09e-08	1.04e-08
 7.56948e+19	1.33e-03	1.61e-01	7.70e-01	6.68e-02	1.06e-03	5.07e-06	0.00e+00	0.00e+00	0.00e+00	1.33e-03	1.09e-08	1.04e-08
 1.06995e+20	1.43e-03	1.68e-01	7.76e-01	5.45e-02	8.08e-04	3.87e-06	0.00e+00	0.00e+00	0.00e+00	1.43e-03	1.18e-08	1.11e-08
 1.47685e+20	1.68e-03	1.85e-01	7.73e-01	4.04e-02	5.50e-04	2.60e-06	0.00e+00	0.00e+00	0.00e+00	1.68e-03	1.41e-08	1.30e-08
 2.00035e+20	2.18e-03	2.15e-01	7.56e-01	2.66e-02	3.33e-04	1.50e-06	0.00e+00	0.00e+00	0.00e+00	2.18e-03	1.88e-08	1.69e-08
 2.48430e+20	2.79e-03	2.46e-01	7.33e-01	1.81e-02	2.18e-04	9.08e-07	0.00e+00	0.00e+00	0.00e+00	2.79e-03	2.47e-08	2.16e-08
 2.81116e+20	3.39e-03	2.71e-01	7.12e-01	1.38e-02	1.65e-04	6.32e-07	0.00e+00	0.00e+00	0.00e+00	3.39e-03	3.07e-08	2.62e-08
 3.07354e+20	4.02e-03	2.94e-01	6.90e-01	1.10e-02	1.33e-04	4.67e-07	0.00e+00	0.00e+00	0.00e+00	4.02e-03	3.71e-08	3.11e-08
 3.36320e+20	4.94e-03	3.24e-01	6.63e-01	8.37e-03	1.05e-04	3.27e-07	0.00e+00	0.00e+00	0.00e+00	4.94e-03	4.64e-08	3.82e-08
 3.67129e+20	6.11e-03	3.56e-01	6.31e-01	6.33e-03	8.47e-05	2.27e-07	0.00e+00	0.00e+00	0.00e+00	6.11e-03	5.87e-08	4.74e-08
 3.93674e+20	7.43e-03	3.88e-01	6.00e-01	4.92e-03	7.10e-05	1.64e-07	0.00e+00	0.00e+00	0.00e+00	7.43e-03	7.25e-08	5.78e-08
 4.17009e+20	8.90e-03	4.18e-01	5.69e-01	3.91e-03	6.10e-05	1.21e-07	0.00e+00	0.00e+00	0.00e+00	8.90e-03	8.81e-08	6.94e-08
 4.42833e+20	1.10e-02	4.55e-01	5.31e-01	2.96e-03	5.16e-05	0.00e+00	0.00e+00	0.00e+00	0.00e+00	1.10e-02	1.11e-07	8.61e-08
 4.69793e+20	1.38e-02	4.95e-01	4.89e-01	2.21e-03	4.38e-05	0.00e+00	0.00e+00	0.00e+00	0.00e+00	1.38e-02	1.40e-07	1.08e-07
 4.92038e+20	1.67e-02	5.31e-01	4.51e-01	1.70e-03	3.81e-05	0.00e+00	0.00e+00	0.00e+00	0.00e+00	1.67e-02	1.72e-07	1.31e-07
 5.11162e+20	1.99e-02	5.63e-01	4.16e-01	1.34e-03	3.35e-05	0.00e+00	0.00e+00	0.00e+00	0.00e+00	1.99e-02	2.07e-07	1.57e-07
 5.32416e+20	2.43e-02	6.01e-01	3.74e-01	9.95e-04	2.87e-05	0.00e+00	0.00e+00	0.00e+00	0.00e+00	2.43e-02	2.56e-07	1.92e-07
 5.55125e+20	3.03e-02	6.41e-01	3.28e-01	7.15e-04	2.41e-05	0.00e+00	0.00e+00	0.00e+00	0.00e+00	3.03e-02	3.22e-07	2.40e-07
 5.74534e+20	3.69e-02	6.74e-01	2.88e-01	5.25e-04	2.04e-05	0.00e+00	0.00e+00	0.00e+00	0.00e+00	3.69e-02	3.93e-07	2.92e-07
 5.91265e+20	4.38e-02	7.02e-01	2.54e-01	3.95e-04	1.74e-05	0.00e+00	0.00e+00	0.00e+00	0.00e+00	4.38e-02	4.69e-07	3.47e-07
 6.09707e+20	5.37e-02	7.31e-01	2.15e-01	2.77e-04	1.42e-05	0.00e+00	0.00e+00	0.00e+00	0.00e+00	5.37e-02	5.75e-07	4.24e-07
 6.29242e+20	6.65e-02	7.56e-01	1.77e-01	1.88e-04	1.12e-05	0.00e+00	0.00e+00	0.00e+00	0.00e+00	6.65e-02	7.12e-07	5.22e-07
 6.45392e+20	8.01e-02	7.72e-01	1.47e-01	1.32e-04	8.91e-06	0.00e+00	0.00e+00	0.00e+00	0.00e+00	8.01e-02	8.54e-07	6.25e-07
 6.58259e+20	9.31e-02	7.82e-01	1.25e-01	9.78e-05	7.30e-06	0.00e+00	0.00e+00	0.00e+00	0.00e+00	9.31e-02	9.85e-07	7.19e-07
 6.69794e+20	1.07e-01	7.87e-01	1.06e-01	7.34e-05	5.98e-06	0.00e+00	0.00e+00	0.00e+00	0.00e+00	1.07e-01	1.12e-06	8.18e-07
 6.81181e+20	1.23e-01	7.88e-01	8.93e-02	5.46e-05	4.82e-06	0.00e+00	0.00e+00	0.00e+00	0.00e+00	1.23e-01	1.28e-06	9.29e-07
 6.92177e+20	1.41e-01	7.84e-01	7.44e-02	4.05e-05	3.85e-06	0.00e+00	0.00e+00	0.00e+00	0.00e+00	1.41e-01	1.44e-06	1.05e-06
 7.02284e+20	1.60e-01	7.78e-01	6.20e-02	3.06e-05	3.07e-06	0.00e+00	0.00e+00	0.00e+00	0.00e+00	1.60e-01	1.61e-06	1.17e-06
 7.11501e+20	1.80e-01	7.68e-01	5.20e-02	2.35e-05	2.47e-06	0.00e+00	0.00e+00	0.00e+00	0.00e+00	1.80e-01	1.78e-06	1.30e-06
 7.20158e+20	2.01e-01	7.55e-01	4.35e-02	1.82e-05	1.98e-06	0.00e+00	0.00e+00	0.00e+00	0.00e+00	2.01e-01	1.96e-06	1.42e-06
 7.28460e+20	2.24e-01	7.40e-01	3.63e-02	1.42e-05	1.58e-06	0.00e+00	0.00e+00	0.00e+00	0.00e+00	2.24e-01	2.13e-06	1.55e-06
 7.36422e+20	2.47e-01	7.23e-01	3.03e-02	1.12e-05	1.26e-06	0.00e+00	0.00e+00	0.00e+00	0.00e+00	2.47e-01	2.30e-06	1.67e-06
 7.44053e+20	2.71e-01	7.03e-01	2.52e-02	8.92e-06	1.00e-06	0.00e+00	0.00e+00	0.00e+00	0.00e+00	2.71e-01	2.47e-06	1.79e-06
 7.51386e+20	2.96e-01	6.83e-01	2.10e-02	7.19e-06	7.99e-07	0.00e+00	0.00e+00	0.00e+00	0.00e+00	2.96e-01	2.63e-06	1.91e-06
 7.58513e+20	3.22e-01	6.60e-01	1.75e-02	5.84e-06	6.34e-07	0.00e+00	0.00e+00	0.00e+00	0.00e+00	3.22e-01	2.79e-06	2.02e-06
 7.65468e+20	3.48e-01	6.37e-01	1.45e-02	4.79e-06	5.05e-07	0.00e+00	0.00e+00	0.00e+00	0.00e+00	3.48e-01	2.93e-06	2.12e-06
 7.72311e+20	3.75e-01	6.13e-01	1.20e-02	3.96e-06	4.01e-07	0.00e+00	0.00e+00	0.00e+00	0.00e+00	3.75e-01	3.06e-06	2.21e-06
 7.79897e+20	4.05e-01	5.85e-01	9.69e-03	3.23e-06	3.09e-07	0.00e+00	0.00e+00	0.00e+00	0.00e+00	4.05e-01	3.19e-06	2.31e-06
 7.87821e+20	4.37e-01	5.56e-01	7.72e-03	2.64e-06	2.35e-07	0.00e+00	0.00e+00	0.00e+00	0.00e+00	4.37e-01	3.31e-06	2.39e-06
 7.94845e+20	4.65e-01	5.29e-01	6.28e-03	2.22e-06	1.83e-07	0.00e+00	0.00e+00	0.00e+00	0.00e+00	4.65e-01	3.40e-06	2.45e-06
 8.01309e+20	4.91e-01	5.03e-01	5.16e-03	1.90e-06	1.45e-07	0.00e+00	0.00e+00	0.00e+00	0.00e+00	4.91e-01	3.46e-06	2.50e-06
 8.07766e+20	5.17e-01	4.79e-01	4.23e-03	1.64e-06	0.00e+00	0.00e+00	0.00e+00	0.00e+00	0.00e+00	5.17e-01	3.50e-06	2.53e-06
 8.14111e+20	5.42e-01	4.55e-01	3.48e-03	1.43e-06	0.00e+00	0.00e+00	0.00e+00	0.00e+00	0.00e+00	5.42e-01	3.53e-06	2.54e-06
 8.20056e+20	5.65e-01	4.33e-01	2.89e-03	1.26e-06	0.00e+00	0.00e+00	0.00e+00	0.00e+00	0.00e+00	5.65e-01	3.54e-06	2.55e-06
 8.25650e+20	5.85e-01	4.13e-01	2.42e-03	1.13e-06	0.00e+00	0.00e+00	0.00e+00	0.00e+00	0.00e+00	5.85e-01	3.54e-06	2.55e-06
 8.30102e+20	6.00e-01	3.97e-01	2.12e-03	1.04e-06	0.00e+00	0.00e+00	0.00e+00	0.00e+00	0.00e+00	6.00e-01	3.54e-06	2.54e-06
 8.33239e+20	6.12e-01	3.86e-01	1.92e-03	9.78e-07	0.00e+00	0.00e+00	0.00e+00	0.00e+00	0.00e+00	6.12e-01	3.53e-06	2.54e-06
 8.36207e+20	6.22e-01	3.76e-01	1.74e-03	9.25e-07	0.00e+00	0.00e+00	0.00e+00	0.00e+00	0.00e+00	6.22e-01	3.52e-06	2.53e-06
 8.39606e+20	6.34e-01	3.64e-01	1.55e-03	8.65e-07	0.00e+00	0.00e+00	0.00e+00	0.00e+00	0.00e+00	6.34e-01	3.50e-06	2.52e-06
 8.43258e+20	6.46e-01	3.52e-01	1.38e-03	8.11e-07	0.00e+00	0.00e+00	0.00e+00	0.00e+00	0.00e+00	6.46e-01	3.48e-06	2.50e-06
 8.46891e+20	6.58e-01	3.41e-01	1.23e-03	7.60e-07	0.00e+00	0.00e+00	0.00e+00	0.00e+00	0.00e+00	6.58e-01	3.46e-06	2.48e-06
 8.50505e+20	6.70e-01	3.29e-01	1.09e-03	7.14e-07	0.00e+00	0.00e+00	0.00e+00	0.00e+00	0.00e+00	6.70e-01	3.43e-06	2.47e-06
 8.54097e+20	6.81e-01	3.18e-01	9.70e-04	6.70e-07	0.00e+00	0.00e+00	0.00e+00	0.00e+00	0.00e+00	6.81e-01	3.41e-06	2.44e-06
 8.57687e+20	6.91e-01	3.08e-01	8.63e-04	6.32e-07	0.00e+00	0.00e+00	0.00e+00	0.00e+00	0.00e+00	6.91e-01	3.38e-06	2.42e-06
 8.61381e+20	7.03e-01	2.97e-01	7.64e-04	5.95e-07	0.00e+00	0.00e+00	0.00e+00	0.00e+00	0.00e+00	7.03e-01	3.34e-06	2.40e-06
 8.65172e+20	7.13e-01	2.86e-01	6.75e-04	5.59e-07	0.00e+00	0.00e+00	0.00e+00	0.00e+00	0.00e+00	7.13e-01	3.31e-06	2.37e-06
 8.68903e+20	7.23e-01	2.76e-01	5.98e-04	5.28e-07	0.00e+00	0.00e+00	0.00e+00	0.00e+00	0.00e+00	7.23e-01	3.27e-06	2.34e-06
 8.72674e+20	7.34e-01	2.66e-01	5.29e-04	4.97e-07	0.00e+00	0.00e+00	0.00e+00	0.00e+00	0.00e+00	7.34e-01	3.23e-06	2.32e-06
 8.76529e+20	7.43e-01	2.56e-01	4.67e-04	4.70e-07	0.00e+00	0.00e+00	0.00e+00	0.00e+00	0.00e+00	7.43e-01	3.19e-06	2.29e-06
 8.80448e+20	7.53e-01	2.46e-01	4.11e-04	4.42e-07	0.00e+00	0.00e+00	0.00e+00	0.00e+00	0.00e+00	7.53e-01	3.15e-06	2.25e-06
 8.84391e+20	7.62e-01	2.37e-01	3.63e-04	4.19e-07	0.00e+00	0.00e+00	0.00e+00	0.00e+00	0.00e+00	7.62e-01	3.11e-06	2.22e-06
 8.88408e+20	7.71e-01	2.28e-01	3.19e-04	3.95e-07	0.00e+00	0.00e+00	0.00e+00	0.00e+00	0.00e+00	7.71e-01	3.07e-06	2.19e-06
 8.92533e+20	7.80e-01	2.19e-01	2.81e-04	3.73e-07	0.00e+00	0.00e+00	0.00e+00	0.00e+00	0.00e+00	7.80e-01	3.02e-06	2.16e-06
 8.96659e+20	7.89e-01	2.11e-01	2.47e-04	3.53e-07	0.00e+00	0.00e+00	0.00e+00	0.00e+00	0.00e+00	7.89e-01	2.98e-06	2.12e-06
 9.00851e+20	7.97e-01	2.03e-01	2.17e-04	3.34e-07	0.00e+00	0.00e+00	0.00e+00	0.00e+00	0.00e+00	7.97e-01	2.93e-06	2.09e-06
 9.05186e+20	8.05e-01	1.95e-01	1.91e-04	3.16e-07	0.00e+00	0.00e+00	0.00e+00	0.00e+00	0.00e+00	8.05e-01	2.88e-06	2.06e-06
 9.09608e+20	8.13e-01	1.87e-01	1.68e-04	3.00e-07	0.00e+00	0.00e+00	0.00e+00	0.00e+00	0.00e+00	8.13e-01	2.84e-06	2.02e-06
 9.14136e+20	8.20e-01	1.79e-01	1.47e-04	2.83e-07	0.00e+00	0.00e+00	0.00e+00	0.00e+00	0.00e+00	8.20e-01	2.79e-06	1.99e-06
 9.18786e+20	8.28e-01	1.72e-01	1.29e-04	2.69e-07	0.00e+00	0.00e+00	0.00e+00	0.00e+00	0.00e+00	8.28e-01	2.75e-06	1.95e-06
 9.23541e+20	8.35e-01	1.65e-01	1.14e-04	2.55e-07	0.00e+00	0.00e+00	0.00e+00	0.00e+00	0.00e+00	8.35e-01	2.70e-06	1.92e-06
 9.28439e+20	8.41e-01	1.59e-01	1.00e-04	2.42e-07	0.00e+00	0.00e+00	0.00e+00	0.00e+00	0.00e+00	8.41e-01	2.66e-06	1.89e-06
 9.33438e+20	8.47e-01	1.53e-01	8.87e-05	2.30e-07	0.00e+00	0.00e+00	0.00e+00	0.00e+00	0.00e+00	8.47e-01	2.61e-06	1.86e-06
 9.38538e+20	8.53e-01	1.47e-01	7.86e-05	2.19e-07	0.00e+00	0.00e+00	0.00e+00	0.00e+00	0.00e+00	8.53e-01	2.57e-06	1.83e-06
 9.43815e+20	8.59e-01	1.41e-01	6.99e-05	2.09e-07	0.00e+00	0.00e+00	0.00e+00	0.00e+00	0.00e+00	8.59e-01	2.53e-06	1.79e-06
 9.49311e+20	8.64e-01	1.36e-01	6.23e-05	1.99e-07	0.00e+00	0.00e+00	0.00e+00	0.00e+00	0.00e+00	8.64e-01	2.50e-06	1.77e-06
 9.55000e+20	8.69e-01	1.31e-01	5.58e-05	1.90e-07	0.00e+00	0.00e+00	0.00e+00	0.00e+00	0.00e+00	8.69e-01	2.46e-06	1.74e-06
 9.60948e+20	8.74e-01	1.26e-01	5.02e-05	1.83e-07	0.00e+00	0.00e+00	0.00e+00	0.00e+00	0.00e+00	8.74e-01	2.42e-06	1.71e-06
 9.67222e+20	8.78e-01	1.22e-01	4.53e-05	1.75e-07	0.00e+00	0.00e+00	0.00e+00	0.00e+00	0.00e+00	8.78e-01	2.39e-06	1.69e-06
 9.73867e+20	8.82e-01	1.18e-01	4.11e-05	1.68e-07	0.00e+00	0.00e+00	0.00e+00	0.00e+00	0.00e+00	8.82e-01	2.36e-06	1.66e-06
 9.81053e+20	8.86e-01	1.14e-01	3.74e-05	1.61e-07	0.00e+00	0.00e+00	0.00e+00	0.00e+00	0.00e+00	8.86e-01	2.33e-06	1.64e-06
 9.88934e+20	8.89e-01	1.11e-01	3.42e-05	1.55e-07	0.00e+00	0.00e+00	0.00e+00	0.00e+00	0.00e+00	8.89e-01	2.30e-06	1.62e-06
 9.97613e+20	8.93e-01	1.07e-01	3.14e-05	1.50e-07	0.00e+00	0.00e+00	0.00e+00	0.00e+00	0.00e+00	8.93e-01	2.27e-06	1.60e-06
 1.00734e+21	8.96e-01	1.04e-01	2.90e-05	1.45e-07	0.00e+00	0.00e+00	0.00e+00	0.00e+00	0.00e+00	8.96e-01	2.24e-06	1.58e-06
 1.01848e+21	8.99e-01	1.01e-01	2.69e-05	1.40e-07	0.00e+00	0.00e+00	0.00e+00	0.00e+00	0.00e+00	8.99e-01	2.22e-06	1.56e-06
 1.03063e+21	9.02e-01	9.84e-02	2.51e-05	1.36e-07	0.00e+00	0.00e+00	0.00e+00	0.00e+00	0.00e+00	9.02e-01	2.20e-06	1.54e-06
 1.04294e+21	9.04e-01	9.63e-02	2.38e-05	1.32e-07	0.00e+00	0.00e+00	0.00e+00	0.00e+00	0.00e+00	9.04e-01	2.18e-06	1.53e-06
 1.05513e+21	9.05e-01	9.45e-02	2.27e-05	1.29e-07	0.00e+00	0.00e+00	0.00e+00	0.00e+00	0.00e+00	9.05e-01	2.16e-06	1.51e-06
 1.06909e+21	9.07e-01	9.27e-02	2.17e-05	1.26e-07	0.00e+00	0.00e+00	0.00e+00	0.00e+00	0.00e+00	9.07e-01	2.15e-06	1.50e-06
 1.08724e+21	9.09e-01	9.07e-02	2.07e-05	1.23e-07	0.00e+00	0.00e+00	0.00e+00	0.00e+00	0.00e+00	9.09e-01	2.13e-06	1.49e-06
 1.11082e+21	9.11e-01	8.86e-02	1.96e-05	0.00e+00	0.00e+00	0.00e+00	0.00e+00	0.00e+00	0.00e+00	9.11e-01	2.12e-06	1.47e-06
 1.14149e+21	9.14e-01	8.61e-02	1.85e-05	0.00e+00	0.00e+00	0.00e+00	0.00e+00	0.00e+00	0.00e+00	9.14e-01	2.10e-06	1.46e-06
 1.18130e+21	9.17e-01	8.34e-02	1.73e-05	0.00e+00	0.00e+00	0.00e+00	0.00e+00	0.00e+00	0.00e+00	9.17e-01	2.07e-06	1.44e-06
 1.22871e+21	9.19e-01	8.05e-02	1.61e-05	0.00e+00	0.00e+00	0.00e+00	0.00e+00	0.00e+00	0.00e+00	9.19e-01	2.05e-06	1.42e-06
 1.27967e+21	9.22e-01	7.77e-02	1.52e-05	0.00e+00	0.00e+00	0.00e+00	0.00e+00	0.00e+00	0.00e+00	9.22e-01	2.03e-06	1.40e-06
 1.33348e+21	9.25e-01	7.52e-02	1.43e-05	0.00e+00	0.00e+00	0.00e+00	0.00e+00	0.00e+00	0.00e+00	9.25e-01	2.01e-06	1.38e-06
 1.39100e+21	9.27e-01	7.27e-02	1.35e-05	0.00e+00	0.00e+00	0.00e+00	0.00e+00	0.00e+00	0.00e+00	9.27e-01	2.00e-06	1.36e-06
 1.45284e+21	9.30e-01	7.03e-02	1.28e-05	0.00e+00	0.00e+00	0.00e+00	0.00e+00	0.00e+00	0.00e+00	9.30e-01	1.98e-06	1.34e-06
 1.51959e+21	9.32e-01	6.80e-02	1.21e-05	0.00e+00	0.00e+00	0.00e+00	0.00e+00	0.00e+00	0.00e+00	9.32e-01	1.96e-06	1.32e-06
 1.59176e+21	9.34e-01	6.58e-02	1.15e-05	0.00e+00	0.00e+00	0.00e+00	0.00e+00	0.00e+00	0.00e+00	9.34e-01	1.95e-06	1.30e-06
 1.66978e+21	9.36e-01	6.37e-02	1.10e-05	0.00e+00	0.00e+00	0.00e+00	0.00e+00	0.00e+00	0.00e+00	9.36e-01	1.93e-06	1.29e-06
 1.75465e+21	9.38e-01	6.16e-02	1.05e-05	0.00e+00	0.00e+00	0.00e+00	0.00e+00	0.00e+00	0.00e+00	9.38e-01	1.92e-06	1.27e-06
 1.84783e+21	9.40e-01	5.96e-02	1.01e-05	0.00e+00	0.00e+00	0.00e+00	0.00e+00	0.00e+00	0.00e+00	9.40e-01	1.91e-06	1.25e-06
 1.95032e+21	9.42e-01	5.77e-02	9.69e-06	0.00e+00	0.00e+00	0.00e+00	0.00e+00	0.00e+00	0.00e+00	9.42e-01	1.90e-06	1.24e-06
 2.06367e+21	9.44e-01	5.59e-02	9.30e-06	0.00e+00	0.00e+00	0.00e+00	0.00e+00	0.00e+00	0.00e+00	9.44e-01	1.90e-06	1.22e-06
 2.18972e+21	9.46e-01	5.42e-02	8.94e-06	0.00e+00	0.00e+00	0.00e+00	0.00e+00	0.00e+00	0.00e+00	9.46e-01	1.89e-06	1.21e-06
 2.33068e+21	9.47e-01	5.25e-02	8.60e-06	0.00e+00	0.00e+00	0.00e+00	0.00e+00	0.00e+00	0.00e+00	9.47e-01	1.89e-06	1.19e-06
 2.49017e+21	9.49e-01	5.09e-02	8.27e-06	0.00e+00	0.00e+00	0.00e+00	0.00e+00	0.00e+00	0.00e+00	9.49e-01	1.89e-06	1.18e-06
 2.67176e+21	9.51e-01	4.94e-02	7.95e-06	0.00e+00	0.00e+00	0.00e+00	0.00e+00	0.00e+00	0.00e+00	9.51e-01	1.89e-06	1.17e-06
 2.88021e+21	9.52e-01	4.79e-02	7.63e-06	0.00e+00	0.00e+00	0.00e+00	0.00e+00	0.00e+00	0.00e+00	9.52e-01	1.90e-06	1.16e-06
 3.12282e+21	9.53e-01	4.65e-02	7.30e-06	0.00e+00	0.00e+00	0.00e+00	0.00e+00	0.00e+00	0.00e+00	9.53e-01	1.91e-06	1.15e-06
 3.40863e+21	9.55e-01	4.51e-02	6.96e-06	0.00e+00	0.00e+00	0.00e+00	0.00e+00	0.00e+00	0.00e+00	9.55e-01	1.93e-06	1.14e-06
 3.74178e+21	9.56e-01	4.39e-02	6.61e-06	0.00e+00	0.00e+00	0.00e+00	0.00e+00	0.00e+00	0.00e+00	9.56e-01	1.95e-06	1.13e-06
 4.11596e+21	9.57e-01	4.27e-02	6.26e-06	0.00e+00	0.00e+00	0.00e+00	0.00e+00	0.00e+00	0.00e+00	9.57e-01	1.97e-06	1.12e-06
 4.52755e+21	9.58e-01	4.17e-02	5.92e-06	0.00e+00	0.00e+00	0.00e+00	0.00e+00	0.00e+00	0.00e+00	9.58e-01	2.00e-06	1.11e-06
 4.95437e+21	9.59e-01	4.09e-02	5.60e-06	0.00e+00	0.00e+00	0.00e+00	0.00e+00	0.00e+00	0.00e+00	9.59e-01	2.03e-06	1.11e-06
 5.35742e+21	9.60e-01	4.02e-02	5.33e-06	0.00e+00	0.00e+00	0.00e+00	0.00e+00	0.00e+00	0.00e+00	9.60e-01	2.07e-06	1.11e-06
 5.73069e+21	9.60e-01	3.97e-02	5.09e-06	0.00e+00	0.00e+00	0.00e+00	0.00e+00	0.00e+00	0.00e+00	9.60e-01	2.10e-06	1.10e-06
 6.14802e+21	9.61e-01	3.92e-02	4.84e-06	0.00e+00	0.00e+00	0.00e+00	0.00e+00	0.00e+00	0.00e+00	9.61e-01	2.12e-06	1.10e-06
 6.59526e+21	9.61e-01	3.87e-02	4.59e-06	0.00e+00	0.00e+00	0.00e+00	0.00e+00	0.00e+00	0.00e+00	9.61e-01	2.16e-06	1.10e-06
 6.97967e+21	9.62e-01	3.84e-02	4.40e-06	0.00e+00	0.00e+00	0.00e+00	0.00e+00	0.00e+00	0.00e+00	9.62e-01	2.18e-06	1.09e-06
 7.31879e+21	9.62e-01	3.79e-02	4.23e-06	0.00e+00	0.00e+00	0.00e+00	0.00e+00	0.00e+00	0.00e+00	9.62e-01	2.21e-06	1.09e-06
 7.70077e+21	9.62e-01	3.78e-02	4.05e-06	0.00e+00	0.00e+00	0.00e+00	0.00e+00	0.00e+00	0.00e+00	9.62e-01	2.23e-06	1.09e-06
 8.19734e+21	9.63e-01	3.75e-02	3.83e-06	0.00e+00	0.00e+00	0.00e+00	0.00e+00	0.00e+00	0.00e+00	9.63e-01	2.25e-06	1.09e-06
 8.68162e+21	9.63e-01	3.72e-02	3.64e-06	0.00e+00	0.00e+00	0.00e+00	0.00e+00	0.00e+00	0.00e+00	9.63e-01	2.29e-06	1.09e-06
 9.03505e+21	9.63e-01	3.70e-02	3.50e-06	0.00e+00	0.00e+00	0.00e+00	0.00e+00	0.00e+00	0.00e+00	9.63e-01	2.31e-06	1.09e-06
 9.37966e+21	9.63e-01	3.68e-02	3.38e-06	0.00e+00	0.00e+00	0.00e+00	0.00e+00	0.00e+00	0.00e+00	9.63e-01	2.33e-06	1.09e-06
 9.82765e+21	9.63e-01	3.67e-02	3.22e-06	0.00e+00	0.00e+00	0.00e+00	0.00e+00	0.00e+00	0.00e+00	9.63e-01	2.35e-06	1.09e-06
 1.02897e+22	9.63e-01	3.66e-02	3.07e-06	0.00e+00	0.00e+00	0.00e+00	0.00e+00	0.00e+00	0.00e+00	9.63e-01	2.37e-06	1.09e-06
 1.06616e+22	9.64e-01	3.65e-02	2.96e-06	0.00e+00	0.00e+00	0.00e+00	0.00e+00	0.00e+00	0.00e+00	9.64e-01	2.39e-06	1.08e-06
 1.09862e+22	9.64e-01	3.64e-02	2.86e-06	0.00e+00	0.00e+00	0.00e+00	0.00e+00	0.00e+00	0.00e+00	9.64e-01	2.40e-06	1.08e-06
 1.13574e+22	9.64e-01	3.63e-02	2.75e-06	0.00e+00	0.00e+00	0.00e+00	0.00e+00	0.00e+00	0.00e+00	9.64e-01	2.42e-06	1.08e-06
 1.18399e+22	9.64e-01	3.61e-02	2.62e-06	0.00e+00	0.00e+00	0.00e+00	0.00e+00	0.00e+00	0.00e+00	9.64e-01	2.43e-06	1.08e-06
 1.23172e+22	9.64e-01	3.61e-02	2.50e-06	0.00e+00	0.00e+00	0.00e+00	0.00e+00	0.00e+00	0.00e+00	9.64e-01	2.45e-06	1.08e-06
 1.26814e+22	9.64e-01	3.60e-02	2.42e-06	0.00e+00	0.00e+00	0.00e+00	0.00e+00	0.00e+00	0.00e+00	9.64e-01	2.46e-06	1.08e-06
 1.30484e+22	9.64e-01	3.59e-02	2.33e-06	0.00e+00	0.00e+00	0.00e+00	0.00e+00	0.00e+00	0.00e+00	9.64e-01	2.47e-06	1.08e-06
 1.35254e+22	9.64e-01	3.58e-02	2.22e-06	0.00e+00	0.00e+00	0.00e+00	0.00e+00	0.00e+00	0.00e+00	9.64e-01	2.48e-06	1.08e-06
 1.40084e+22	9.64e-01	3.58e-02	2.13e-06	0.00e+00	0.00e+00	0.00e+00	0.00e+00	0.00e+00	0.00e+00	9.64e-01	2.49e-06	1.08e-06
 1.43909e+22	9.64e-01	3.58e-02	2.05e-06	0.00e+00	0.00e+00	0.00e+00	0.00e+00	0.00e+00	0.00e+00	9.64e-01	2.49e-06	1.08e-06
 1.47796e+22	9.64e-01	3.57e-02	1.98e-06	0.00e+00	0.00e+00	0.00e+00	0.00e+00	0.00e+00	0.00e+00	9.64e-01	2.50e-06	1.08e-06
 1.52851e+22	9.64e-01	3.57e-02	1.89e-06	0.00e+00	0.00e+00	0.00e+00	0.00e+00	0.00e+00	0.00e+00	9.64e-01	2.50e-06	1.08e-06
 1.57989e+22	9.64e-01	3.56e-02	1.80e-06	0.00e+00	0.00e+00	0.00e+00	0.00e+00	0.00e+00	0.00e+00	9.64e-01	2.50e-06	1.08e-06
 1.62099e+22	9.64e-01	3.56e-02	1.74e-06	0.00e+00	0.00e+00	0.00e+00	0.00e+00	0.00e+00	0.00e+00	9.64e-01	2.50e-06	1.08e-06
 1.66304e+22	9.64e-01	3.56e-02	1.67e-06	0.00e+00	0.00e+00	0.00e+00	0.00e+00	0.00e+00	0.00e+00	9.64e-01	2.50e-06	1.08e-06
 1.71770e+22	9.64e-01	3.55e-02	1.59e-06	0.00e+00	0.00e+00	0.00e+00	0.00e+00	0.00e+00	0.00e+00	9.64e-01	2.50e-06	1.08e-06
 1.77489e+22	9.65e-01	3.55e-02	1.52e-06	0.00e+00	0.00e+00	0.00e+00	0.00e+00	0.00e+00	0.00e+00	9.65e-01	2.49e-06	1.08e-06
 1.82410e+22	9.65e-01	3.55e-02	1.46e-06	0.00e+00	0.00e+00	0.00e+00	0.00e+00	0.00e+00	0.00e+00	9.65e-01	2.48e-06	1.08e-06
 1.87682e+22	9.65e-01	3.54e-02	1.39e-06	0.00e+00	0.00e+00	0.00e+00	0.00e+00	0.00e+00	0.00e+00	9.65e-01	2.47e-06	1.08e-06
 1.94536e+22	9.65e-01	3.54e-02	1.31e-06	0.00e+00	0.00e+00	0.00e+00	0.00e+00	0.00e+00	0.00e+00	9.65e-01	2.45e-06	1.08e-06
 2.03445e+22	9.65e-01	3.53e-02	1.22e-06	0.00e+00	0.00e+00	0.00e+00	0.00e+00	0.00e+00	0.00e+00	9.65e-01	2.43e-06	1.07e-06
 2.13486e+22	9.65e-01	3.53e-02	1.12e-06	0.00e+00	0.00e+00	0.00e+00	0.00e+00	0.00e+00	0.00e+00	9.65e-01	2.39e-06	1.07e-06
 2.22994e+22	9.65e-01	3.53e-02	1.04e-06	0.00e+00	0.00e+00	0.00e+00	0.00e+00	0.00e+00	0.00e+00	9.65e-01	2.35e-06	1.08e-06
 2.31551e+22	9.65e-01	3.53e-02	9.68e-07	0.00e+00	0.00e+00	0.00e+00	0.00e+00	0.00e+00	0.00e+00	9.65e-01	2.30e-06	1.08e-06
 2.39253e+22	9.65e-01	3.54e-02	9.12e-07	0.00e+00	0.00e+00	0.00e+00	0.00e+00	0.00e+00	0.00e+00	9.65e-01	2.25e-06	1.08e-06
 2.46184e+22	9.65e-01	3.53e-02	8.65e-07	0.00e+00	0.00e+00	0.00e+00	0.00e+00	0.00e+00	0.00e+00	9.65e-01	2.20e-06	1.08e-06
 2.52423e+22	9.65e-01	3.54e-02	8.25e-07	0.00e+00	0.00e+00	0.00e+00	0.00e+00	0.00e+00	0.00e+00	9.65e-01	2.16e-06	1.08e-06
 2.58037e+22	9.65e-01	3.54e-02	7.91e-07	0.00e+00	0.00e+00	0.00e+00	0.00e+00	0.00e+00	0.00e+00	9.65e-01	2.11e-06	1.08e-06
 2.63090e+22	9.65e-01	3.54e-02	7.62e-07	0.00e+00	0.00e+00	0.00e+00	0.00e+00	0.00e+00	0.00e+00	9.65e-01	2.07e-06	1.08e-06
 2.67638e+22	9.65e-01	3.54e-02	7.37e-07	0.00e+00	0.00e+00	0.00e+00	0.00e+00	0.00e+00	0.00e+00	9.65e-01	2.03e-06	1.08e-06
 2.71731e+22	9.65e-01	3.54e-02	7.16e-07	0.00e+00	0.00e+00	0.00e+00	0.00e+00	0.00e+00	0.00e+00	9.65e-01	1.99e-06	1.08e-06
 2.75415e+22	9.65e-01	3.54e-02	6.97e-07	0.00e+00	0.00e+00	0.00e+00	0.00e+00	0.00e+00	0.00e+00	9.65e-01	1.95e-06	1.08e-06
 2.78730e+22	9.65e-01	3.54e-02	6.81e-07	0.00e+00	0.00e+00	0.00e+00	0.00e+00	0.00e+00	0.00e+00	9.65e-01	1.92e-06	1.08e-06
 2.81843e+22	9.65e-01	3.54e-02	6.66e-07	0.00e+00	0.00e+00	0.00e+00	0.00e+00	0.00e+00	0.00e+00	9.65e-01	1.89e-06	1.08e-06
 2.84929e+22	9.65e-01	3.54e-02	6.51e-07	0.00e+00	0.00e+00	0.00e+00	0.00e+00	0.00e+00	0.00e+00	9.65e-01	1.85e-06	1.08e-06
 2.88015e+22	9.65e-01	3.54e-02	6.37e-07	0.00e+00	0.00e+00	0.00e+00	0.00e+00	0.00e+00	0.00e+00	9.65e-01	1.82e-06	1.08e-06
 2.91100e+22	9.65e-01	3.53e-02	6.24e-07	0.00e+00	0.00e+00	0.00e+00	0.00e+00	0.00e+00	0.00e+00	9.65e-01	1.79e-06	1.08e-06
 2.94186e+22	9.65e-01	3.52e-02	6.10e-07	0.00e+00	0.00e+00	0.00e+00	0.00e+00	0.00e+00	0.00e+00	9.65e-01	1.75e-06	1.08e-06
 2.97272e+22	9.65e-01	3.52e-02	5.97e-07	0.00e+00	0.00e+00	0.00e+00	0.00e+00	0.00e+00	0.00e+00	9.65e-01	1.72e-06	1.08e-06
 3.00357e+22	9.65e-01	3.50e-02	5.84e-07	0.00e+00	0.00e+00	0.00e+00	0.00e+00	0.00e+00	0.00e+00	9.65e-01	1.68e-06	1.08e-06
 3.03443e+22	9.65e-01	3.48e-02	5.71e-07	0.00e+00	0.00e+00	0.00e+00	0.00e+00	0.00e+00	0.00e+00	9.65e-01	1.64e-06	1.08e-06
 3.05987e+22	9.66e-01	3.45e-02	5.61e-07	0.00e+00	0.00e+00	0.00e+00	0.00e+00	0.00e+00	0.00e+00	9.66e-01	1.60e-06	1.07e-06
 3.07358e+22	9.66e-01	3.43e-02	5.56e-07	0.00e+00	0.00e+00	0.00e+00	0.00e+00	0.00e+00	0.00e+00	9.66e-01	1.58e-06	1.07e-06
 3.07876e+22	9.66e-01	3.41e-02	5.54e-07	0.00e+00	0.00e+00	0.00e+00	0.00e+00	0.00e+00	0.00e+00	9.66e-01	1.57e-06	1.07e-06
 3.08218e+22	9.66e-01	3.41e-02	5.52e-07	0.00e+00	0.00e+00	0.00e+00	0.00e+00	0.00e+00	0.00e+00	9.66e-01	1.56e-06	1.07e-06
 3.08490e+22	9.66e-01	3.40e-02	5.51e-07	0.00e+00	0.00e+00	0.00e+00	0.00e+00	0.00e+00	0.00e+00	9.66e-01	1.56e-06	1.07e-06
