#depth	N	N+	N+2	N+3	N+4	N+5	N+6	N+7
 1.60145e+16	7.18e-07	1.81e-03	2.41e-01	5.66e-01	1.70e-01	2.15e-02	1.59e-05	0.00e+00
 9.60868e+16	7.16e-07	1.81e-03	2.41e-01	5.66e-01	1.70e-01	2.14e-02	1.59e-05	0.00e+00
 4.16376e+17	7.16e-07	1.81e-03	2.42e-01	5.66e-01	1.69e-01	2.12e-02	1.57e-05	0.00e+00
 1.69753e+18	7.22e-07	1.83e-03	2.48e-01	5.66e-01	1.64e-01	2.02e-02	1.48e-05	0.00e+00
 4.05486e+18	7.22e-07	1.84e-03	2.55e-01	5.67e-01	1.57e-01	1.88e-02	1.35e-05	0.00e+00
 6.48759e+18	7.31e-07	1.87e-03	2.63e-01	5.67e-01	1.51e-01	1.75e-02	1.24e-05	0.00e+00
 8.58564e+18	7.55e-07	1.91e-03	2.70e-01	5.66e-01	1.45e-01	1.64e-02	1.15e-05	0.00e+00
 1.08804e+19	8.02e-07	1.99e-03	2.80e-01	5.64e-01	1.39e-01	1.52e-02	1.06e-05	0.00e+00
 1.38636e+19	8.73e-07	2.11e-03	2.95e-01	5.59e-01	1.30e-01	1.37e-02	9.43e-06	0.00e+00
 1.77418e+19	9.84e-07	2.29e-03	3.15e-01	5.52e-01	1.19e-01	1.20e-02	8.12e-06	0.00e+00
 2.20361e+19	1.11e-06	2.50e-03	3.38e-01	5.41e-01	1.08e-01	1.03e-02	6.91e-06	0.00e+00
 2.59095e+19	1.24e-06	2.71e-03	3.61e-01	5.30e-01	9.74e-02	8.92e-03	5.97e-06	0.00e+00
 2.92230e+19	1.38e-06	2.92e-03	3.82e-01	5.18e-01	8.86e-02	7.83e-03	5.23e-06	0.00e+00
 3.21818e+19	1.52e-06	3.13e-03	4.02e-01	5.07e-01	8.08e-02	6.91e-03	4.61e-06	0.00e+00
 3.49364e+19	1.67e-06	3.35e-03	4.22e-01	4.95e-01	7.35e-02	6.09e-03	4.06e-06	0.00e+00
 3.75528e+19	1.83e-06	3.58e-03	4.40e-01	4.84e-01	6.67e-02	5.37e-03	3.58e-06	0.00e+00
 4.00464e+19	2.00e-06	3.82e-03	4.59e-01	4.73e-01	6.04e-02	4.71e-03	3.14e-06	0.00e+00
 4.24282e+19	2.19e-06	4.07e-03	4.76e-01	4.61e-01	5.45e-02	4.13e-03	2.74e-06	0.00e+00
 4.47178e+19	2.39e-06	4.33e-03	4.93e-01	4.51e-01	4.90e-02	3.60e-03	2.39e-06	0.00e+00
 4.69362e+19	2.62e-06	4.61e-03	5.08e-01	4.40e-01	4.39e-02	3.13e-03	2.07e-06	0.00e+00
 4.91131e+19	2.87e-06	4.91e-03	5.23e-01	4.30e-01	3.91e-02	2.72e-03	1.78e-06	0.00e+00
 5.12734e+19	3.15e-06	5.23e-03	5.38e-01	4.20e-01	3.47e-02	2.34e-03	1.52e-06	0.00e+00
 5.37546e+19	3.54e-06	5.65e-03	5.54e-01	4.09e-01	2.99e-02	1.95e-03	1.25e-06	0.00e+00
 5.63680e+19	3.98e-06	6.10e-03	5.69e-01	3.98e-01	2.55e-02	1.63e-03	1.03e-06	0.00e+00
 5.86265e+19	4.41e-06	6.52e-03	5.81e-01	3.89e-01	2.22e-02	1.39e-03	8.58e-07	0.00e+00
 6.10357e+19	4.98e-06	7.03e-03	5.94e-01	3.79e-01	1.90e-02	1.17e-03	7.03e-07	0.00e+00
 6.36645e+19	5.64e-06	7.60e-03	6.07e-01	3.69e-01	1.61e-02	9.87e-04	5.74e-07	0.00e+00
 6.61200e+19	6.35e-06	8.16e-03	6.18e-01	3.59e-01	1.39e-02	8.51e-04	4.78e-07	0.00e+00
 6.88537e+19	7.27e-06	8.85e-03	6.29e-01	3.49e-01	1.17e-02	7.26e-04	3.92e-07	0.00e+00
 7.24074e+19	8.65e-06	9.80e-03	6.43e-01	3.37e-01	9.55e-03	6.04e-04	3.08e-07	0.00e+00
 7.61807e+19	1.03e-05	1.08e-02	6.56e-01	3.25e-01	7.87e-03	5.11e-04	2.46e-07	0.00e+00
 7.95618e+19	1.20e-05	1.19e-02	6.66e-01	3.15e-01	6.70e-03	4.46e-04	2.03e-07	0.00e+00
 8.32797e+19	1.44e-05	1.31e-02	6.78e-01	3.03e-01	5.65e-03	3.86e-04	1.65e-07	0.00e+00
 8.81130e+19	1.81e-05	1.50e-02	6.92e-01	2.88e-01	4.61e-03	3.23e-04	1.27e-07	0.00e+00
 9.21963e+19	2.18e-05	1.67e-02	7.02e-01	2.77e-01	4.00e-03	2.81e-04	0.00e+00	0.00e+00
 9.44138e+19	2.42e-05	1.77e-02	7.08e-01	2.70e-01	3.71e-03	2.61e-04	0.00e+00	0.00e+00
 9.64059e+19	2.69e-05	1.89e-02	7.14e-01	2.64e-01	3.45e-03	2.42e-04	0.00e+00	0.00e+00
 9.89956e+19	3.08e-05	2.05e-02	7.21e-01	2.55e-01	3.15e-03	2.19e-04	0.00e+00	0.00e+00
 1.01826e+20	3.56e-05	2.23e-02	7.28e-01	2.46e-01	2.87e-03	1.97e-04	0.00e+00	0.00e+00
 1.04351e+20	4.08e-05	2.43e-02	7.35e-01	2.38e-01	2.64e-03	1.79e-04	0.00e+00	0.00e+00
 1.06597e+20	4.63e-05	2.62e-02	7.41e-01	2.30e-01	2.45e-03	1.63e-04	0.00e+00	0.00e+00
 1.09100e+20	5.38e-05	2.87e-02	7.48e-01	2.21e-01	2.26e-03	1.46e-04	0.00e+00	0.00e+00
 1.11747e+20	6.29e-05	3.17e-02	7.55e-01	2.11e-01	2.07e-03	1.30e-04	0.00e+00	0.00e+00
 1.13990e+20	7.25e-05	3.46e-02	7.60e-01	2.03e-01	1.92e-03	1.17e-04	0.00e+00	0.00e+00
 1.15961e+20	8.24e-05	3.75e-02	7.65e-01	1.95e-01	1.80e-03	1.06e-04	0.00e+00	0.00e+00
 1.18168e+20	9.60e-05	4.13e-02	7.71e-01	1.86e-01	1.67e-03	9.41e-05	0.00e+00	0.00e+00
 1.20528e+20	1.13e-04	4.59e-02	7.77e-01	1.76e-01	1.54e-03	8.26e-05	0.00e+00	0.00e+00
 1.22570e+20	1.31e-04	5.04e-02	7.81e-01	1.67e-01	1.43e-03	7.35e-05	0.00e+00	0.00e+00
 1.24390e+20	1.52e-04	5.51e-02	7.84e-01	1.59e-01	1.34e-03	6.56e-05	0.00e+00	0.00e+00
 1.26433e+20	1.80e-04	6.13e-02	7.88e-01	1.49e-01	1.23e-03	5.71e-05	0.00e+00	0.00e+00
 1.28599e+20	2.15e-04	6.87e-02	7.91e-01	1.39e-01	1.13e-03	4.92e-05	0.00e+00	0.00e+00
 1.30459e+20	2.52e-04	7.60e-02	7.92e-01	1.30e-01	1.05e-03	4.30e-05	0.00e+00	0.00e+00
 1.32124e+20	2.94e-04	8.38e-02	7.93e-01	1.22e-01	9.73e-04	3.77e-05	0.00e+00	0.00e+00
 1.34000e+20	3.54e-04	9.41e-02	7.92e-01	1.13e-01	8.91e-04	3.20e-05	0.00e+00	0.00e+00
 1.35995e+20	4.31e-04	1.06e-01	7.89e-01	1.03e-01	8.09e-04	2.69e-05	0.00e+00	0.00e+00
 1.37721e+20	5.15e-04	1.19e-01	7.85e-01	9.45e-02	7.41e-04	2.28e-05	0.00e+00	0.00e+00
 1.39273e+20	6.10e-04	1.32e-01	7.80e-01	8.68e-02	6.80e-04	1.94e-05	0.00e+00	0.00e+00
 1.41024e+20	7.48e-04	1.50e-01	7.71e-01	7.78e-02	6.12e-04	1.60e-05	0.00e+00	0.00e+00
 1.42844e+20	9.28e-04	1.71e-01	7.59e-01	6.89e-02	5.46e-04	1.29e-05	0.00e+00	0.00e+00
 1.44332e+20	1.11e-03	1.91e-01	7.46e-01	6.18e-02	4.94e-04	1.07e-05	0.00e+00	0.00e+00
 1.45620e+20	1.32e-03	2.11e-01	7.32e-01	5.57e-02	4.49e-04	8.91e-06	0.00e+00	0.00e+00
 1.47069e+20	1.60e-03	2.37e-01	7.13e-01	4.88e-02	3.99e-04	7.15e-06	0.00e+00	0.00e+00
 1.48606e+20	1.97e-03	2.67e-01	6.88e-01	4.19e-02	3.50e-04	5.60e-06	0.00e+00	0.00e+00
 1.49909e+20	2.38e-03	2.97e-01	6.63e-01	3.64e-02	3.09e-04	4.46e-06	0.00e+00	0.00e+00
 1.51043e+20	2.82e-03	3.27e-01	6.38e-01	3.17e-02	2.75e-04	3.59e-06	0.00e+00	0.00e+00
 1.52304e+20	3.43e-03	3.64e-01	6.05e-01	2.67e-02	2.37e-04	2.75e-06	0.00e+00	0.00e+00
 1.53640e+20	4.24e-03	4.07e-01	5.66e-01	2.19e-02	2.01e-04	2.04e-06	0.00e+00	0.00e+00
 1.54772e+20	5.09e-03	4.47e-01	5.29e-01	1.81e-02	1.71e-04	1.54e-06	0.00e+00	0.00e+00
 1.55761e+20	6.01e-03	4.85e-01	4.93e-01	1.51e-02	1.47e-04	1.18e-06	0.00e+00	0.00e+00
 1.56871e+20	7.29e-03	5.32e-01	4.49e-01	1.20e-02	1.21e-04	8.45e-07	0.00e+00	0.00e+00
 1.58057e+20	8.93e-03	5.82e-01	4.00e-01	9.12e-03	9.62e-05	5.77e-07	0.00e+00	0.00e+00
 1.59084e+20	1.07e-02	6.28e-01	3.55e-01	7.01e-03	7.71e-05	4.00e-07	0.00e+00	0.00e+00
 1.59904e+20	1.24e-02	6.64e-01	3.18e-01	5.56e-03	6.33e-05	2.90e-07	0.00e+00	0.00e+00
 1.60574e+20	1.41e-02	6.94e-01	2.87e-01	4.52e-03	5.31e-05	2.19e-07	0.00e+00	0.00e+00
 1.61304e+20	1.63e-02	7.28e-01	2.53e-01	3.51e-03	4.28e-05	1.55e-07	0.00e+00	0.00e+00
 1.62080e+20	1.89e-02	7.60e-01	2.18e-01	2.65e-03	3.36e-05	0.00e+00	0.00e+00	0.00e+00
 1.62737e+20	2.15e-02	7.86e-01	1.90e-01	2.05e-03	2.70e-05	0.00e+00	0.00e+00	0.00e+00
 1.63304e+20	2.41e-02	8.07e-01	1.67e-01	1.62e-03	2.20e-05	0.00e+00	0.00e+00	0.00e+00
 1.63935e+20	2.75e-02	8.29e-01	1.42e-01	1.22e-03	1.72e-05	0.00e+00	0.00e+00	0.00e+00
 1.64608e+20	3.17e-02	8.49e-01	1.19e-01	8.87e-04	1.30e-05	0.00e+00	0.00e+00	0.00e+00
 1.65179e+20	3.59e-02	8.63e-01	1.00e-01	6.67e-04	1.00e-05	0.00e+00	0.00e+00	0.00e+00
 1.65666e+20	3.99e-02	8.74e-01	8.59e-02	5.22e-04	8.04e-06	0.00e+00	0.00e+00	0.00e+00
 1.66200e+20	4.53e-02	8.83e-01	7.13e-02	3.89e-04	6.12e-06	0.00e+00	0.00e+00	0.00e+00
 1.66782e+20	5.20e-02	8.90e-01	5.77e-02	2.84e-04	4.52e-06	0.00e+00	0.00e+00	0.00e+00
 1.67302e+20	5.92e-02	8.93e-01	4.72e-02	2.13e-04	3.39e-06	0.00e+00	0.00e+00	0.00e+00
 1.67772e+20	6.68e-02	8.94e-01	3.88e-02	1.64e-04	2.57e-06	0.00e+00	0.00e+00	0.00e+00
 1.68298e+20	7.71e-02	8.92e-01	3.06e-02	1.23e-04	1.86e-06	0.00e+00	0.00e+00	0.00e+00
 1.68869e+20	8.99e-02	8.86e-01	2.36e-02	9.16e-05	1.30e-06	0.00e+00	0.00e+00	0.00e+00
 1.69388e+20	1.04e-01	8.77e-01	1.82e-02	7.11e-05	9.22e-07	0.00e+00	0.00e+00	0.00e+00
 1.69860e+20	1.20e-01	8.66e-01	1.43e-02	5.74e-05	6.65e-07	0.00e+00	0.00e+00	0.00e+00
 1.70299e+20	1.37e-01	8.52e-01	1.12e-02	4.78e-05	4.89e-07	0.00e+00	0.00e+00	0.00e+00
 1.70711e+20	1.55e-01	8.36e-01	8.89e-03	4.08e-05	3.62e-07	0.00e+00	0.00e+00	0.00e+00
 1.71106e+20	1.75e-01	8.18e-01	7.04e-03	3.54e-05	2.70e-07	0.00e+00	0.00e+00	0.00e+00
 1.71472e+20	1.96e-01	7.98e-01	5.64e-03	3.14e-05	2.05e-07	0.00e+00	0.00e+00	0.00e+00
 1.71798e+20	2.17e-01	7.78e-01	4.60e-03	2.84e-05	1.60e-07	0.00e+00	0.00e+00	0.00e+00
 1.72097e+20	2.38e-01	7.58e-01	3.80e-03	2.60e-05	1.27e-07	0.00e+00	0.00e+00	0.00e+00
 1.72373e+20	2.59e-01	7.38e-01	3.16e-03	2.40e-05	0.00e+00	0.00e+00	0.00e+00	0.00e+00
 1.72590e+20	2.76e-01	7.22e-01	2.75e-03	2.26e-05	0.00e+00	0.00e+00	0.00e+00	0.00e+00
 1.72737e+20	2.88e-01	7.10e-01	2.49e-03	2.17e-05	0.00e+00	0.00e+00	0.00e+00	0.00e+00
 1.72874e+20	3.00e-01	6.98e-01	2.27e-03	2.09e-05	0.00e+00	0.00e+00	0.00e+00	0.00e+00
 1.73034e+20	3.15e-01	6.83e-01	2.02e-03	1.99e-05	0.00e+00	0.00e+00	0.00e+00	0.00e+00
 1.73204e+20	3.31e-01	6.68e-01	1.79e-03	1.90e-05	0.00e+00	0.00e+00	0.00e+00	0.00e+00
 1.73366e+20	3.46e-01	6.53e-01	1.60e-03	1.82e-05	0.00e+00	0.00e+00	0.00e+00	0.00e+00
 1.73523e+20	3.61e-01	6.37e-01	1.43e-03	1.74e-05	0.00e+00	0.00e+00	0.00e+00	0.00e+00
 1.73681e+20	3.77e-01	6.22e-01	1.28e-03	1.67e-05	0.00e+00	0.00e+00	0.00e+00	0.00e+00
 1.73840e+20	3.94e-01	6.05e-01	1.14e-03	1.59e-05	0.00e+00	0.00e+00	0.00e+00	0.00e+00
 1.73998e+20	4.10e-01	5.89e-01	1.01e-03	1.53e-05	0.00e+00	0.00e+00	0.00e+00	0.00e+00
 1.74155e+20	4.27e-01	5.72e-01	9.03e-04	1.46e-05	0.00e+00	0.00e+00	0.00e+00	0.00e+00
 1.74314e+20	4.43e-01	5.56e-01	8.06e-04	1.40e-05	0.00e+00	0.00e+00	0.00e+00	0.00e+00
 1.74473e+20	4.61e-01	5.39e-01	7.18e-04	1.33e-05	0.00e+00	0.00e+00	0.00e+00	0.00e+00
 1.74634e+20	4.78e-01	5.21e-01	6.39e-04	1.27e-05	0.00e+00	0.00e+00	0.00e+00	0.00e+00
 1.74792e+20	4.95e-01	5.04e-01	5.71e-04	1.22e-05	0.00e+00	0.00e+00	0.00e+00	0.00e+00
 1.74950e+20	5.12e-01	4.88e-01	5.11e-04	1.16e-05	0.00e+00	0.00e+00	0.00e+00	0.00e+00
 1.75112e+20	5.29e-01	4.70e-01	4.57e-04	1.11e-05	0.00e+00	0.00e+00	0.00e+00	0.00e+00
 1.75274e+20	5.46e-01	4.54e-01	4.10e-04	1.06e-05	0.00e+00	0.00e+00	0.00e+00	0.00e+00
 1.75438e+20	5.63e-01	4.37e-01	3.67e-04	1.01e-05	0.00e+00	0.00e+00	0.00e+00	0.00e+00
 1.75603e+20	5.79e-01	4.21e-01	3.31e-04	9.64e-06	0.00e+00	0.00e+00	0.00e+00	0.00e+00
 1.75771e+20	5.96e-01	4.04e-01	2.98e-04	9.19e-06	0.00e+00	0.00e+00	0.00e+00	0.00e+00
 1.75943e+20	6.12e-01	3.88e-01	2.69e-04	8.76e-06	0.00e+00	0.00e+00	0.00e+00	0.00e+00
 1.76117e+20	6.27e-01	3.72e-01	2.44e-04	8.35e-06	0.00e+00	0.00e+00	0.00e+00	0.00e+00
 1.76294e+20	6.42e-01	3.57e-01	2.22e-04	7.96e-06	0.00e+00	0.00e+00	0.00e+00	0.00e+00
 1.76476e+20	6.57e-01	3.43e-01	2.03e-04	7.59e-06	0.00e+00	0.00e+00	0.00e+00	0.00e+00
 1.76659e+20	6.71e-01	3.29e-01	1.87e-04	7.24e-06	0.00e+00	0.00e+00	0.00e+00	0.00e+00
 1.76845e+20	6.84e-01	3.15e-01	1.73e-04	6.92e-06	0.00e+00	0.00e+00	0.00e+00	0.00e+00
 1.77033e+20	6.97e-01	3.03e-01	1.61e-04	6.63e-06	0.00e+00	0.00e+00	0.00e+00	0.00e+00
 1.77227e+20	7.09e-01	2.91e-01	1.50e-04	6.35e-06	0.00e+00	0.00e+00	0.00e+00	0.00e+00
 1.77429e+20	7.20e-01	2.80e-01	1.41e-04	6.09e-06	0.00e+00	0.00e+00	0.00e+00	0.00e+00
 1.77639e+20	7.30e-01	2.70e-01	1.34e-04	5.86e-06	0.00e+00	0.00e+00	0.00e+00	0.00e+00
 1.77859e+20	7.40e-01	2.60e-01	1.27e-04	5.64e-06	0.00e+00	0.00e+00	0.00e+00	0.00e+00
 1.78095e+20	7.49e-01	2.51e-01	1.21e-04	5.43e-06	0.00e+00	0.00e+00	0.00e+00	0.00e+00
 1.78351e+20	7.58e-01	2.42e-01	1.16e-04	5.25e-06	0.00e+00	0.00e+00	0.00e+00	0.00e+00
 1.78633e+20	7.66e-01	2.34e-01	1.11e-04	5.08e-06	0.00e+00	0.00e+00	0.00e+00	0.00e+00
 1.78949e+20	7.73e-01	2.27e-01	1.08e-04	4.92e-06	0.00e+00	0.00e+00	0.00e+00	0.00e+00
 1.79317e+20	7.80e-01	2.20e-01	1.04e-04	4.78e-06	0.00e+00	0.00e+00	0.00e+00	0.00e+00
 1.79712e+20	7.85e-01	2.15e-01	1.02e-04	4.66e-06	0.00e+00	0.00e+00	0.00e+00	0.00e+00
 1.80101e+20	7.89e-01	2.10e-01	9.99e-05	4.58e-06	0.00e+00	0.00e+00	0.00e+00	0.00e+00
 1.80487e+20	7.92e-01	2.07e-01	9.86e-05	4.51e-06	0.00e+00	0.00e+00	0.00e+00	0.00e+00
 1.80869e+20	7.95e-01	2.05e-01	9.75e-05	4.46e-06	0.00e+00	0.00e+00	0.00e+00	0.00e+00
 1.81249e+20	7.97e-01	2.03e-01	9.67e-05	4.42e-06	0.00e+00	0.00e+00	0.00e+00	0.00e+00
 1.81628e+20	7.99e-01	2.01e-01	9.59e-05	4.38e-06	0.00e+00	0.00e+00	0.00e+00	0.00e+00
 1.82062e+20	8.00e-01	2.00e-01	9.53e-05	4.36e-06	0.00e+00	0.00e+00	0.00e+00	0.00e+00
 1.82627e+20	8.02e-01	1.98e-01	9.46e-05	4.32e-06	0.00e+00	0.00e+00	0.00e+00	0.00e+00
 1.83361e+20	8.04e-01	1.96e-01	9.38e-05	4.28e-06	0.00e+00	0.00e+00	0.00e+00	0.00e+00
 1.84315e+20	8.06e-01	1.94e-01	9.29e-05	4.23e-06	0.00e+00	0.00e+00	0.00e+00	0.00e+00
 1.85555e+20	8.08e-01	1.91e-01	9.18e-05	4.17e-06	0.00e+00	0.00e+00	0.00e+00	0.00e+00
 1.87168e+20	8.12e-01	1.88e-01	9.05e-05	4.10e-06	0.00e+00	0.00e+00	0.00e+00	0.00e+00
 1.89264e+20	8.16e-01	1.84e-01	8.90e-05	4.01e-06	0.00e+00	0.00e+00	0.00e+00	0.00e+00
 1.91990e+20	8.20e-01	1.80e-01	8.70e-05	3.91e-06	0.00e+00	0.00e+00	0.00e+00	0.00e+00
 1.95533e+20	8.26e-01	1.73e-01	8.47e-05	3.77e-06	0.00e+00	0.00e+00	0.00e+00	0.00e+00
 2.00139e+20	8.34e-01	1.66e-01	8.20e-05	3.62e-06	0.00e+00	0.00e+00	0.00e+00	0.00e+00
 2.05523e+20	8.42e-01	1.58e-01	7.93e-05	3.45e-06	0.00e+00	0.00e+00	0.00e+00	0.00e+00
 2.11062e+20	8.49e-01	1.51e-01	7.67e-05	3.29e-06	0.00e+00	0.00e+00	0.00e+00	0.00e+00
 2.16560e+20	8.56e-01	1.44e-01	7.45e-05	3.15e-06	0.00e+00	0.00e+00	0.00e+00	0.00e+00
 2.22131e+20	8.62e-01	1.37e-01	7.24e-05	3.02e-06	0.00e+00	0.00e+00	0.00e+00	0.00e+00
 2.27920e+20	8.69e-01	1.31e-01	7.04e-05	2.89e-06	0.00e+00	0.00e+00	0.00e+00	0.00e+00
 2.33910e+20	8.75e-01	1.25e-01	6.85e-05	2.76e-06	0.00e+00	0.00e+00	0.00e+00	0.00e+00
 2.40076e+20	8.81e-01	1.19e-01	6.67e-05	2.64e-06	0.00e+00	0.00e+00	0.00e+00	0.00e+00
 2.46457e+20	8.87e-01	1.13e-01	6.49e-05	2.52e-06	0.00e+00	0.00e+00	0.00e+00	0.00e+00
 2.53057e+20	8.92e-01	1.08e-01	6.32e-05	2.41e-06	0.00e+00	0.00e+00	0.00e+00	0.00e+00
 2.59869e+20	8.97e-01	1.03e-01	6.16e-05	2.30e-06	0.00e+00	0.00e+00	0.00e+00	0.00e+00
 2.66899e+20	9.02e-01	9.75e-02	6.01e-05	2.20e-06	0.00e+00	0.00e+00	0.00e+00	0.00e+00
 2.74150e+20	9.07e-01	9.25e-02	5.85e-05	2.09e-06	0.00e+00	0.00e+00	0.00e+00	0.00e+00
 2.81626e+20	9.12e-01	8.77e-02	5.71e-05	1.99e-06	0.00e+00	0.00e+00	0.00e+00	0.00e+00
 2.89329e+20	9.17e-01	8.31e-02	5.56e-05	1.90e-06	0.00e+00	0.00e+00	0.00e+00	0.00e+00
 2.97223e+20	9.21e-01	7.87e-02	5.43e-05	1.81e-06	0.00e+00	0.00e+00	0.00e+00	0.00e+00
 3.05166e+20	9.25e-01	7.46e-02	5.29e-05	1.72e-06	0.00e+00	0.00e+00	0.00e+00	0.00e+00
 3.13016e+20	9.29e-01	7.08e-02	5.17e-05	1.64e-06	0.00e+00	0.00e+00	0.00e+00	0.00e+00
 3.20748e+20	9.33e-01	6.72e-02	5.05e-05	1.57e-06	0.00e+00	0.00e+00	0.00e+00	0.00e+00
 3.28362e+20	9.36e-01	6.39e-02	4.94e-05	1.50e-06	0.00e+00	0.00e+00	0.00e+00	0.00e+00
 3.35820e+20	9.39e-01	6.08e-02	4.84e-05	1.44e-06	0.00e+00	0.00e+00	0.00e+00	0.00e+00
 3.43076e+20	9.42e-01	5.80e-02	4.74e-05	1.39e-06	0.00e+00	0.00e+00	0.00e+00	0.00e+00
 3.50097e+20	9.45e-01	5.54e-02	4.65e-05	1.33e-06	0.00e+00	0.00e+00	0.00e+00	0.00e+00
 3.56871e+20	9.47e-01	5.30e-02	4.57e-05	1.29e-06	0.00e+00	0.00e+00	0.00e+00	0.00e+00
 3.63396e+20	9.49e-01	5.08e-02	4.49e-05	1.25e-06	0.00e+00	0.00e+00	0.00e+00	0.00e+00
