#depth	O	O+	O+2	O+3	O+4	O+5	O+6	O+7	O+8	O[1]	O[2]	O[3]
 2.53693e+16	2.11e-07	5.30e-04	8.96e-02	6.25e-01	2.60e-01	2.35e-02	1.25e-03	5.47e-07	0.00e+00	2.11e-07	5.18e-11	5.71e-11
 1.52216e+17	2.10e-07	5.29e-04	8.99e-02	6.25e-01	2.60e-01	2.35e-02	1.24e-03	5.47e-07	0.00e+00	2.10e-07	5.16e-11	5.69e-11
 6.59602e+17	2.08e-07	5.27e-04	9.08e-02	6.25e-01	2.59e-01	2.34e-02	1.24e-03	5.44e-07	0.00e+00	2.08e-07	5.11e-11	5.64e-11
 2.68915e+18	2.00e-07	5.17e-04	9.44e-02	6.26e-01	2.55e-01	2.29e-02	1.21e-03	5.34e-07	0.00e+00	2.00e-07	4.91e-11	5.42e-11
 6.42351e+18	1.77e-07	4.90e-04	9.97e-02	6.28e-01	2.48e-01	2.23e-02	1.18e-03	5.24e-07	0.00e+00	1.77e-07	4.34e-11	4.79e-11
 1.12782e+19	1.66e-07	4.84e-04	1.07e-01	6.30e-01	2.40e-01	2.14e-02	1.14e-03	5.09e-07	0.00e+00	1.66e-07	4.06e-11	4.48e-11
 1.75892e+19	1.62e-07	4.96e-04	1.18e-01	6.31e-01	2.30e-01	2.02e-02	1.08e-03	4.85e-07	0.00e+00	1.61e-07	3.95e-11	4.37e-11
 2.57936e+19	1.66e-07	5.34e-04	1.34e-01	6.30e-01	2.16e-01	1.86e-02	9.99e-04	4.50e-07	0.00e+00	1.66e-07	4.07e-11	4.49e-11
 3.64594e+19	1.86e-07	6.19e-04	1.61e-01	6.24e-01	1.96e-01	1.64e-02	8.81e-04	4.00e-07	0.00e+00	1.86e-07	4.55e-11	5.03e-11
 4.75114e+19	2.11e-07	7.31e-04	1.97e-01	6.12e-01	1.75e-01	1.41e-02	7.62e-04	3.50e-07	0.00e+00	2.11e-07	5.16e-11	5.70e-11
 5.63321e+19	2.47e-07	8.74e-04	2.36e-01	5.95e-01	1.55e-01	1.21e-02	6.56e-04	3.06e-07	0.00e+00	2.46e-07	6.04e-11	6.67e-11
 6.32746e+19	2.92e-07	1.04e-03	2.76e-01	5.75e-01	1.37e-01	1.04e-02	5.65e-04	2.66e-07	0.00e+00	2.92e-07	7.16e-11	7.90e-11
 6.91916e+19	3.47e-07	1.23e-03	3.17e-01	5.51e-01	1.21e-01	8.82e-03	4.83e-04	2.30e-07	0.00e+00	3.46e-07	8.51e-11	9.38e-11
 7.45044e+19	4.10e-07	1.45e-03	3.61e-01	5.24e-01	1.06e-01	7.43e-03	4.07e-04	1.96e-07	0.00e+00	4.10e-07	1.01e-10	1.11e-10
 7.94737e+19	4.87e-07	1.70e-03	4.08e-01	4.94e-01	9.06e-02	6.14e-03	3.38e-04	1.64e-07	0.00e+00	4.87e-07	1.20e-10	1.32e-10
 8.42111e+19	5.75e-07	1.99e-03	4.57e-01	4.59e-01	7.62e-02	4.98e-03	2.73e-04	1.35e-07	0.00e+00	5.75e-07	1.41e-10	1.56e-10
 8.87581e+19	6.78e-07	2.32e-03	5.09e-01	4.22e-01	6.26e-02	3.94e-03	2.15e-04	0.00e+00	0.00e+00	6.78e-07	1.67e-10	1.84e-10
 9.30666e+19	7.85e-07	2.65e-03	5.60e-01	3.83e-01	5.06e-02	3.06e-03	1.67e-04	0.00e+00	0.00e+00	7.85e-07	1.93e-10	2.13e-10
 9.70783e+19	8.98e-07	2.99e-03	6.08e-01	3.46e-01	4.05e-02	2.36e-03	1.28e-04	0.00e+00	0.00e+00	8.98e-07	2.21e-10	2.43e-10
 1.00868e+20	1.01e-06	3.33e-03	6.52e-01	3.10e-01	3.21e-02	1.81e-03	9.67e-05	0.00e+00	0.00e+00	1.01e-06	2.49e-10	2.74e-10
 1.04448e+20	1.13e-06	3.65e-03	6.91e-01	2.78e-01	2.54e-02	1.39e-03	7.32e-05	0.00e+00	0.00e+00	1.13e-06	2.76e-10	3.05e-10
 1.07822e+20	1.24e-06	3.95e-03	7.26e-01	2.49e-01	2.02e-02	1.08e-03	5.56e-05	0.00e+00	0.00e+00	1.24e-06	3.03e-10	3.35e-10
 1.11082e+20	1.35e-06	4.24e-03	7.56e-01	2.23e-01	1.61e-02	8.37e-04	4.23e-05	0.00e+00	0.00e+00	1.35e-06	3.30e-10	3.65e-10
 1.14804e+20	1.49e-06	4.59e-03	7.88e-01	1.94e-01	1.23e-02	6.22e-04	3.06e-05	0.00e+00	0.00e+00	1.49e-06	3.64e-10	4.03e-10
 1.18696e+20	1.62e-06	4.90e-03	8.16e-01	1.70e-01	9.37e-03	4.66e-04	2.22e-05	0.00e+00	0.00e+00	1.62e-06	3.96e-10	4.39e-10
 1.22107e+20	1.74e-06	5.16e-03	8.37e-01	1.50e-01	7.43e-03	3.65e-04	1.69e-05	0.00e+00	0.00e+00	1.74e-06	4.24e-10	4.71e-10
 1.25836e+20	1.89e-06	5.47e-03	8.57e-01	1.31e-01	5.77e-03	2.80e-04	1.25e-05	0.00e+00	0.00e+00	1.89e-06	4.60e-10	5.12e-10
 1.30684e+20	2.09e-06	5.84e-03	8.79e-01	1.10e-01	4.25e-03	2.04e-04	8.62e-06	0.00e+00	0.00e+00	2.09e-06	5.08e-10	5.66e-10
 1.35789e+20	2.28e-06	6.17e-03	8.97e-01	9.33e-02	3.21e-03	1.53e-04	6.15e-06	0.00e+00	0.00e+00	2.28e-06	5.53e-10	6.17e-10
 1.41190e+20	2.52e-06	6.53e-03	9.13e-01	7.82e-02	2.45e-03	1.15e-04	4.40e-06	0.00e+00	0.00e+00	2.51e-06	6.08e-10	6.80e-10
 1.47989e+20	2.81e-06	6.95e-03	9.27e-01	6.37e-02	1.84e-03	8.49e-05	3.06e-06	0.00e+00	0.00e+00	2.81e-06	6.79e-10	7.61e-10
 1.55925e+20	3.17e-06	7.38e-03	9.40e-01	5.13e-02	1.43e-03	6.29e-05	2.17e-06	0.00e+00	0.00e+00	3.17e-06	7.63e-10	8.57e-10
 1.64810e+20	3.60e-06	7.84e-03	9.50e-01	4.11e-02	1.15e-03	4.74e-05	1.59e-06	0.00e+00	0.00e+00	3.59e-06	8.63e-10	9.72e-10
 1.75252e+20	4.15e-06	8.35e-03	9.58e-01	3.25e-02	9.65e-04	3.56e-05	1.20e-06	0.00e+00	0.00e+00	4.15e-06	9.95e-10	1.12e-09
 1.88392e+20	4.96e-06	8.98e-03	9.65e-01	2.51e-02	8.34e-04	2.62e-05	9.22e-07	0.00e+00	0.00e+00	4.95e-06	1.19e-09	1.34e-09
 2.05435e+20	6.24e-06	9.81e-03	9.71e-01	1.87e-02	7.45e-04	1.87e-05	7.26e-07	0.00e+00	0.00e+00	6.23e-06	1.49e-09	1.69e-09
 2.25822e+20	8.29e-06	1.09e-02	9.74e-01	1.39e-02	6.91e-04	1.33e-05	5.94e-07	0.00e+00	0.00e+00	8.29e-06	1.98e-09	2.24e-09
 2.45663e+20	1.12e-05	1.21e-02	9.76e-01	1.08e-02	6.61e-04	9.94e-06	5.08e-07	0.00e+00	0.00e+00	1.12e-05	2.68e-09	3.04e-09
 2.61900e+20	1.49e-05	1.34e-02	9.77e-01	8.95e-03	6.44e-04	7.89e-06	4.50e-07	0.00e+00	0.00e+00	1.48e-05	3.54e-09	4.01e-09
 2.75254e+20	1.93e-05	1.48e-02	9.77e-01	7.65e-03	6.32e-04	6.49e-06	4.05e-07	0.00e+00	0.00e+00	1.93e-05	4.60e-09	5.21e-09
 2.87311e+20	2.51e-05	1.63e-02	9.76e-01	6.63e-03	6.22e-04	5.40e-06	3.65e-07	0.00e+00	0.00e+00	2.51e-05	5.97e-09	6.77e-09
 2.98782e+20	3.30e-05	1.82e-02	9.75e-01	5.76e-03	6.13e-04	4.49e-06	3.27e-07	0.00e+00	0.00e+00	3.30e-05	7.86e-09	8.92e-09
 3.09601e+20	4.42e-05	2.04e-02	9.74e-01	5.01e-03	6.04e-04	3.72e-06	2.91e-07	0.00e+00	0.00e+00	4.41e-05	1.05e-08	1.19e-08
 3.19430e+20	5.91e-05	2.30e-02	9.72e-01	4.38e-03	5.95e-04	3.09e-06	2.59e-07	0.00e+00	0.00e+00	5.91e-05	1.41e-08	1.59e-08
 3.28240e+20	7.91e-05	2.60e-02	9.69e-01	3.85e-03	5.87e-04	2.58e-06	2.29e-07	0.00e+00	0.00e+00	7.91e-05	1.88e-08	2.13e-08
 3.36273e+20	1.06e-04	2.95e-02	9.66e-01	3.39e-03	5.78e-04	2.15e-06	2.03e-07	0.00e+00	0.00e+00	1.06e-04	2.52e-08	2.86e-08
 3.43718e+20	1.43e-04	3.37e-02	9.63e-01	2.97e-03	5.69e-04	1.78e-06	1.78e-07	0.00e+00	0.00e+00	1.43e-04	3.39e-08	3.85e-08
 3.49630e+20	1.84e-04	3.79e-02	9.59e-01	2.67e-03	5.61e-04	1.52e-06	1.59e-07	0.00e+00	0.00e+00	1.84e-04	4.38e-08	4.96e-08
 3.53712e+20	2.23e-04	4.13e-02	9.55e-01	2.46e-03	5.55e-04	1.35e-06	1.46e-07	0.00e+00	0.00e+00	2.23e-04	5.30e-08	6.01e-08
 3.57769e+20	2.75e-04	4.56e-02	9.51e-01	2.25e-03	5.48e-04	1.19e-06	1.33e-07	0.00e+00	0.00e+00	2.75e-04	6.53e-08	7.39e-08
 3.62174e+20	3.47e-04	5.09e-02	9.46e-01	2.03e-03	5.39e-04	1.02e-06	0.00e+00	0.00e+00	0.00e+00	3.47e-04	8.24e-08	9.33e-08
 3.65987e+20	4.30e-04	5.63e-02	9.41e-01	1.85e-03	5.31e-04	8.92e-07	0.00e+00	0.00e+00	0.00e+00	4.30e-04	1.02e-07	1.16e-07
 3.69174e+20	5.21e-04	6.18e-02	9.35e-01	1.70e-03	5.24e-04	7.90e-07	0.00e+00	0.00e+00	0.00e+00	5.21e-04	1.24e-07	1.40e-07
 3.72131e+20	6.30e-04	6.77e-02	9.30e-01	1.56e-03	5.16e-04	6.99e-07	0.00e+00	0.00e+00	0.00e+00	6.29e-04	1.50e-07	1.69e-07
 3.75006e+20	7.63e-04	7.44e-02	9.23e-01	1.44e-03	5.08e-04	6.18e-07	0.00e+00	0.00e+00	0.00e+00	7.63e-04	1.82e-07	2.04e-07
 3.77738e+20	9.26e-04	8.18e-02	9.15e-01	1.32e-03	4.99e-04	5.45e-07	0.00e+00	0.00e+00	0.00e+00	9.26e-04	2.21e-07	2.48e-07
 3.80304e+20	1.12e-03	8.99e-02	9.07e-01	1.21e-03	4.90e-04	4.81e-07	0.00e+00	0.00e+00	0.00e+00	1.12e-03	2.68e-07	3.00e-07
 3.82726e+20	1.36e-03	9.89e-02	8.98e-01	1.11e-03	4.80e-04	4.24e-07	0.00e+00	0.00e+00	0.00e+00	1.35e-03	3.25e-07	3.62e-07
 3.85037e+20	1.64e-03	1.09e-01	8.88e-01	1.02e-03	4.70e-04	3.74e-07	0.00e+00	0.00e+00	0.00e+00	1.64e-03	3.95e-07	4.37e-07
 3.87248e+20	1.98e-03	1.20e-01	8.77e-01	9.30e-04	4.59e-04	3.29e-07	0.00e+00	0.00e+00	0.00e+00	1.98e-03	4.80e-07	5.29e-07
 3.89357e+20	2.40e-03	1.32e-01	8.65e-01	8.51e-04	4.47e-04	2.89e-07	0.00e+00	0.00e+00	0.00e+00	2.40e-03	5.83e-07	6.38e-07
 3.91368e+20	2.90e-03	1.45e-01	8.51e-01	7.77e-04	4.35e-04	2.53e-07	0.00e+00	0.00e+00	0.00e+00	2.90e-03	7.10e-07	7.71e-07
 3.93288e+20	3.50e-03	1.59e-01	8.36e-01	7.09e-04	4.22e-04	2.22e-07	0.00e+00	0.00e+00	0.00e+00	3.50e-03	8.65e-07	9.30e-07
 3.95126e+20	4.24e-03	1.75e-01	8.20e-01	6.45e-04	4.09e-04	1.94e-07	0.00e+00	0.00e+00	0.00e+00	4.23e-03	1.05e-06	1.12e-06
 3.96888e+20	5.11e-03	1.92e-01	8.02e-01	5.87e-04	3.95e-04	1.69e-07	0.00e+00	0.00e+00	0.00e+00	5.11e-03	1.28e-06	1.35e-06
 3.98586e+20	6.19e-03	2.11e-01	7.81e-01	5.32e-04	3.79e-04	1.47e-07	0.00e+00	0.00e+00	0.00e+00	6.19e-03	1.57e-06	1.63e-06
 4.00215e+20	7.47e-03	2.32e-01	7.59e-01	4.82e-04	3.63e-04	1.27e-07	0.00e+00	0.00e+00	0.00e+00	7.47e-03	1.92e-06	1.97e-06
 4.01773e+20	9.02e-03	2.55e-01	7.36e-01	4.35e-04	3.46e-04	1.09e-07	0.00e+00	0.00e+00	0.00e+00	9.01e-03	2.35e-06	2.37e-06
 4.03278e+20	1.09e-02	2.79e-01	7.09e-01	3.92e-04	3.28e-04	0.00e+00	0.00e+00	0.00e+00	0.00e+00	1.09e-02	2.87e-06	2.84e-06
 4.04740e+20	1.31e-02	3.05e-01	6.81e-01	3.52e-04	3.10e-04	0.00e+00	0.00e+00	0.00e+00	0.00e+00	1.31e-02	3.53e-06	3.42e-06
 4.06160e+20	1.58e-02	3.34e-01	6.50e-01	3.15e-04	2.90e-04	0.00e+00	0.00e+00	0.00e+00	0.00e+00	1.58e-02	4.31e-06	4.12e-06
 4.07530e+20	1.91e-02	3.64e-01	6.16e-01	2.80e-04	2.70e-04	0.00e+00	0.00e+00	0.00e+00	0.00e+00	1.91e-02	5.30e-06	4.95e-06
 4.08853e+20	2.30e-02	3.96e-01	5.80e-01	2.49e-04	2.49e-04	0.00e+00	0.00e+00	0.00e+00	0.00e+00	2.30e-02	6.46e-06	5.93e-06
 4.10141e+20	2.77e-02	4.30e-01	5.42e-01	2.19e-04	2.27e-04	0.00e+00	0.00e+00	0.00e+00	0.00e+00	2.77e-02	7.91e-06	7.11e-06
 4.11398e+20	3.34e-02	4.65e-01	5.02e-01	1.92e-04	2.05e-04	0.00e+00	0.00e+00	0.00e+00	0.00e+00	3.34e-02	9.62e-06	8.51e-06
 4.12630e+20	4.02e-02	5.01e-01	4.59e-01	1.68e-04	1.82e-04	0.00e+00	0.00e+00	0.00e+00	0.00e+00	4.02e-02	1.18e-05	1.02e-05
 4.13713e+20	4.72e-02	5.32e-01	4.20e-01	1.48e-04	1.63e-04	0.00e+00	0.00e+00	0.00e+00	0.00e+00	4.72e-02	1.39e-05	1.19e-05
 4.14602e+20	5.42e-02	5.59e-01	3.86e-01	1.32e-04	1.46e-04	0.00e+00	0.00e+00	0.00e+00	0.00e+00	5.42e-02	1.60e-05	1.35e-05
 4.15560e+20	6.33e-02	5.89e-01	3.47e-01	1.16e-04	1.28e-04	0.00e+00	0.00e+00	0.00e+00	0.00e+00	6.33e-02	1.88e-05	1.57e-05
 4.16566e+20	7.41e-02	6.18e-01	3.08e-01	1.01e-04	1.09e-04	0.00e+00	0.00e+00	0.00e+00	0.00e+00	7.41e-02	2.20e-05	1.82e-05
 4.17405e+20	8.44e-02	6.41e-01	2.75e-01	8.93e-05	9.51e-05	0.00e+00	0.00e+00	0.00e+00	0.00e+00	8.43e-02	2.51e-05	2.05e-05
 4.18142e+20	9.50e-02	6.59e-01	2.45e-01	7.96e-05	8.26e-05	0.00e+00	0.00e+00	0.00e+00	0.00e+00	9.49e-02	2.82e-05	2.29e-05
 4.18974e+20	1.09e-01	6.78e-01	2.13e-01	6.95e-05	6.92e-05	0.00e+00	0.00e+00	0.00e+00	0.00e+00	1.09e-01	3.21e-05	2.60e-05
 4.19857e+20	1.25e-01	6.95e-01	1.80e-01	5.99e-05	5.65e-05	0.00e+00	0.00e+00	0.00e+00	0.00e+00	1.25e-01	3.67e-05	2.95e-05
 4.20603e+20	1.41e-01	7.05e-01	1.54e-01	5.24e-05	4.64e-05	0.00e+00	0.00e+00	0.00e+00	0.00e+00	1.41e-01	4.12e-05	3.28e-05
 4.21242e+20	1.56e-01	7.11e-01	1.33e-01	4.68e-05	3.89e-05	0.00e+00	0.00e+00	0.00e+00	0.00e+00	1.56e-01	4.51e-05	3.59e-05
 4.21943e+20	1.75e-01	7.14e-01	1.11e-01	4.07e-05	3.11e-05	0.00e+00	0.00e+00	0.00e+00	0.00e+00	1.75e-01	5.01e-05	3.97e-05
 4.22704e+20	1.98e-01	7.12e-01	9.01e-02	3.51e-05	2.41e-05	0.00e+00	0.00e+00	0.00e+00	0.00e+00	1.98e-01	5.57e-05	4.39e-05
 4.23379e+20	2.20e-01	7.06e-01	7.35e-02	3.06e-05	1.89e-05	0.00e+00	0.00e+00	0.00e+00	0.00e+00	2.20e-01	6.10e-05	4.79e-05
 4.23990e+20	2.42e-01	6.97e-01	6.02e-02	2.70e-05	1.48e-05	0.00e+00	0.00e+00	0.00e+00	0.00e+00	2.42e-01	6.59e-05	5.17e-05
 4.24681e+20	2.71e-01	6.82e-01	4.68e-02	2.31e-05	1.09e-05	0.00e+00	0.00e+00	0.00e+00	0.00e+00	2.71e-01	7.19e-05	5.62e-05
 4.25410e+20	3.03e-01	6.62e-01	3.53e-02	1.96e-05	7.81e-06	0.00e+00	0.00e+00	0.00e+00	0.00e+00	3.03e-01	7.81e-05	6.10e-05
 4.26018e+20	3.33e-01	6.40e-01	2.74e-02	1.70e-05	5.76e-06	0.00e+00	0.00e+00	0.00e+00	0.00e+00	3.33e-01	8.33e-05	6.49e-05
 4.26526e+20	3.59e-01	6.19e-01	2.18e-02	1.51e-05	4.39e-06	0.00e+00	0.00e+00	0.00e+00	0.00e+00	3.59e-01	8.76e-05	6.81e-05
 4.27066e+20	3.91e-01	5.93e-01	1.67e-02	1.31e-05	3.20e-06	0.00e+00	0.00e+00	0.00e+00	0.00e+00	3.90e-01	9.19e-05	7.14e-05
 4.27627e+20	4.23e-01	5.64e-01	1.25e-02	1.14e-05	2.29e-06	0.00e+00	0.00e+00	0.00e+00	0.00e+00	4.23e-01	9.59e-05	7.44e-05
 4.28106e+20	4.53e-01	5.37e-01	9.67e-03	1.00e-05	1.70e-06	0.00e+00	0.00e+00	0.00e+00	0.00e+00	4.53e-01	9.89e-05	7.66e-05
 4.28528e+20	4.80e-01	5.12e-01	7.59e-03	8.94e-06	1.28e-06	0.00e+00	0.00e+00	0.00e+00	0.00e+00	4.80e-01	1.01e-04	7.83e-05
 4.28931e+20	5.07e-01	4.87e-01	5.96e-03	7.98e-06	9.69e-07	0.00e+00	0.00e+00	0.00e+00	0.00e+00	5.07e-01	1.03e-04	7.95e-05
 4.29318e+20	5.34e-01	4.62e-01	4.68e-03	7.16e-06	7.35e-07	0.00e+00	0.00e+00	0.00e+00	0.00e+00	5.33e-01	1.04e-04	8.04e-05
 4.29673e+20	5.58e-01	4.38e-01	3.72e-03	6.45e-06	5.66e-07	0.00e+00	0.00e+00	0.00e+00	0.00e+00	5.58e-01	1.05e-04	8.09e-05
 4.29999e+20	5.80e-01	4.17e-01	2.99e-03	5.87e-06	4.43e-07	0.00e+00	0.00e+00	0.00e+00	0.00e+00	5.80e-01	1.05e-04	8.10e-05
 4.30250e+20	5.97e-01	4.00e-01	2.54e-03	5.46e-06	3.68e-07	0.00e+00	0.00e+00	0.00e+00	0.00e+00	5.97e-01	1.05e-04	8.10e-05
 4.30414e+20	6.08e-01	3.90e-01	2.27e-03	5.20e-06	3.25e-07	0.00e+00	0.00e+00	0.00e+00	0.00e+00	6.08e-01	1.05e-04	8.09e-05
 4.30566e+20	6.19e-01	3.79e-01	2.04e-03	4.96e-06	2.87e-07	0.00e+00	0.00e+00	0.00e+00	0.00e+00	6.19e-01	1.05e-04	8.07e-05
 4.30737e+20	6.31e-01	3.67e-01	1.80e-03	4.70e-06	2.50e-07	0.00e+00	0.00e+00	0.00e+00	0.00e+00	6.31e-01	1.04e-04	8.04e-05
 4.30921e+20	6.44e-01	3.55e-01	1.57e-03	4.44e-06	2.15e-07	0.00e+00	0.00e+00	0.00e+00	0.00e+00	6.44e-01	1.04e-04	8.00e-05
 4.31101e+20	6.56e-01	3.42e-01	1.38e-03	4.19e-06	1.85e-07	0.00e+00	0.00e+00	0.00e+00	0.00e+00	6.56e-01	1.03e-04	7.95e-05
 4.31271e+20	6.67e-01	3.31e-01	1.21e-03	3.98e-06	1.61e-07	0.00e+00	0.00e+00	0.00e+00	0.00e+00	6.67e-01	1.03e-04	7.90e-05
 4.31440e+20	6.79e-01	3.20e-01	1.06e-03	3.76e-06	1.40e-07	0.00e+00	0.00e+00	0.00e+00	0.00e+00	6.79e-01	1.02e-04	7.84e-05
 4.31608e+20	6.90e-01	3.09e-01	9.37e-04	3.57e-06	0.00e+00	0.00e+00	0.00e+00	0.00e+00	0.00e+00	6.90e-01	1.01e-04	7.78e-05
 4.31775e+20	7.01e-01	2.98e-01	8.23e-04	3.37e-06	0.00e+00	0.00e+00	0.00e+00	0.00e+00	0.00e+00	7.01e-01	1.00e-04	7.70e-05
 4.31941e+20	7.12e-01	2.87e-01	7.24e-04	3.20e-06	0.00e+00	0.00e+00	0.00e+00	0.00e+00	0.00e+00	7.12e-01	9.94e-05	7.63e-05
 4.32106e+20	7.23e-01	2.77e-01	6.36e-04	3.03e-06	0.00e+00	0.00e+00	0.00e+00	0.00e+00	0.00e+00	7.23e-01	9.83e-05	7.54e-05
 4.32271e+20	7.33e-01	2.66e-01	5.59e-04	2.87e-06	0.00e+00	0.00e+00	0.00e+00	0.00e+00	0.00e+00	7.33e-01	9.72e-05	7.45e-05
 4.32431e+20	7.43e-01	2.56e-01	4.93e-04	2.72e-06	0.00e+00	0.00e+00	0.00e+00	0.00e+00	0.00e+00	7.43e-01	9.61e-05	7.36e-05
 4.32591e+20	7.53e-01	2.46e-01	4.34e-04	2.57e-06	0.00e+00	0.00e+00	0.00e+00	0.00e+00	0.00e+00	7.53e-01	9.49e-05	7.27e-05
 4.32750e+20	7.62e-01	2.37e-01	3.83e-04	2.44e-06	0.00e+00	0.00e+00	0.00e+00	0.00e+00	0.00e+00	7.62e-01	9.37e-05	7.17e-05
 4.32908e+20	7.72e-01	2.28e-01	3.39e-04	2.31e-06	0.00e+00	0.00e+00	0.00e+00	0.00e+00	0.00e+00	7.72e-01	9.24e-05	7.07e-05
 4.33067e+20	7.81e-01	2.19e-01	3.00e-04	2.19e-06	0.00e+00	0.00e+00	0.00e+00	0.00e+00	0.00e+00	7.81e-01	9.11e-05	6.97e-05
 4.33223e+20	7.90e-01	2.10e-01	2.66e-04	2.07e-06	0.00e+00	0.00e+00	0.00e+00	0.00e+00	0.00e+00	7.90e-01	8.97e-05	6.86e-05
 4.33377e+20	7.98e-01	2.02e-01	2.37e-04	1.97e-06	0.00e+00	0.00e+00	0.00e+00	0.00e+00	0.00e+00	7.98e-01	8.84e-05	6.75e-05
 4.33530e+20	8.06e-01	1.94e-01	2.11e-04	1.87e-06	0.00e+00	0.00e+00	0.00e+00	0.00e+00	0.00e+00	8.06e-01	8.69e-05	6.63e-05
 4.33685e+20	8.14e-01	1.86e-01	1.89e-04	1.77e-06	0.00e+00	0.00e+00	0.00e+00	0.00e+00	0.00e+00	8.14e-01	8.55e-05	6.52e-05
 4.33840e+20	8.22e-01	1.78e-01	1.70e-04	1.68e-06	0.00e+00	0.00e+00	0.00e+00	0.00e+00	0.00e+00	8.22e-01	8.40e-05	6.40e-05
 4.33995e+20	8.29e-01	1.70e-01	1.53e-04	1.59e-06	0.00e+00	0.00e+00	0.00e+00	0.00e+00	0.00e+00	8.29e-01	8.25e-05	6.29e-05
 4.34148e+20	8.36e-01	1.63e-01	1.38e-04	1.51e-06	0.00e+00	0.00e+00	0.00e+00	0.00e+00	0.00e+00	8.36e-01	8.11e-05	6.18e-05
 4.34299e+20	8.43e-01	1.57e-01	1.26e-04	1.43e-06	0.00e+00	0.00e+00	0.00e+00	0.00e+00	0.00e+00	8.43e-01	7.97e-05	6.07e-05
 4.34449e+20	8.50e-01	1.50e-01	1.15e-04	1.36e-06	0.00e+00	0.00e+00	0.00e+00	0.00e+00	0.00e+00	8.50e-01	7.83e-05	5.96e-05
 4.34599e+20	8.56e-01	1.44e-01	1.06e-04	1.29e-06	0.00e+00	0.00e+00	0.00e+00	0.00e+00	0.00e+00	8.56e-01	7.69e-05	5.85e-05
 4.34746e+20	8.62e-01	1.38e-01	9.83e-05	1.23e-06	0.00e+00	0.00e+00	0.00e+00	0.00e+00	0.00e+00	8.62e-01	7.57e-05	5.75e-05
 4.34892e+20	8.67e-01	1.33e-01	9.16e-05	1.17e-06	0.00e+00	0.00e+00	0.00e+00	0.00e+00	0.00e+00	8.67e-01	7.44e-05	5.65e-05
 4.35037e+20	8.72e-01	1.28e-01	8.58e-05	1.12e-06	0.00e+00	0.00e+00	0.00e+00	0.00e+00	0.00e+00	8.72e-01	7.32e-05	5.56e-05
 4.35180e+20	8.77e-01	1.23e-01	8.08e-05	1.07e-06	0.00e+00	0.00e+00	0.00e+00	0.00e+00	0.00e+00	8.77e-01	7.20e-05	5.47e-05
 4.35325e+20	8.82e-01	1.18e-01	7.65e-05	1.02e-06	0.00e+00	0.00e+00	0.00e+00	0.00e+00	0.00e+00	8.82e-01	7.10e-05	5.38e-05
 4.35470e+20	8.87e-01	1.13e-01	7.27e-05	9.77e-07	0.00e+00	0.00e+00	0.00e+00	0.00e+00	0.00e+00	8.86e-01	6.98e-05	5.29e-05
 4.35615e+20	8.91e-01	1.09e-01	6.95e-05	9.36e-07	0.00e+00	0.00e+00	0.00e+00	0.00e+00	0.00e+00	8.91e-01	6.88e-05	5.21e-05
 4.35762e+20	8.95e-01	1.05e-01	6.67e-05	8.97e-07	0.00e+00	0.00e+00	0.00e+00	0.00e+00	0.00e+00	8.95e-01	6.78e-05	5.13e-05
 4.35909e+20	8.98e-01	1.02e-01	6.42e-05	8.61e-07	0.00e+00	0.00e+00	0.00e+00	0.00e+00	0.00e+00	8.98e-01	6.69e-05	5.06e-05
 4.36060e+20	9.02e-01	9.79e-02	6.21e-05	8.26e-07	0.00e+00	0.00e+00	0.00e+00	0.00e+00	0.00e+00	9.02e-01	6.60e-05	4.99e-05
 4.36215e+20	9.05e-01	9.46e-02	6.02e-05	7.95e-07	0.00e+00	0.00e+00	0.00e+00	0.00e+00	0.00e+00	9.05e-01	6.51e-05	4.92e-05
 4.36373e+20	9.09e-01	9.14e-02	5.85e-05	7.65e-07	0.00e+00	0.00e+00	0.00e+00	0.00e+00	0.00e+00	9.08e-01	6.43e-05	4.85e-05
 4.36536e+20	9.11e-01	8.85e-02	5.71e-05	7.37e-07	0.00e+00	0.00e+00	0.00e+00	0.00e+00	0.00e+00	9.11e-01	6.35e-05	4.79e-05
 4.36707e+20	9.14e-01	8.56e-02	5.58e-05	7.11e-07	0.00e+00	0.00e+00	0.00e+00	0.00e+00	0.00e+00	9.14e-01	6.27e-05	4.73e-05
 4.36886e+20	9.17e-01	8.30e-02	5.47e-05	6.87e-07	0.00e+00	0.00e+00	0.00e+00	0.00e+00	0.00e+00	9.17e-01	6.20e-05	4.68e-05
 4.37074e+20	9.19e-01	8.05e-02	5.38e-05	6.64e-07	0.00e+00	0.00e+00	0.00e+00	0.00e+00	0.00e+00	9.19e-01	6.13e-05	4.62e-05
 4.37277e+20	9.22e-01	7.82e-02	5.29e-05	6.43e-07	0.00e+00	0.00e+00	0.00e+00	0.00e+00	0.00e+00	9.22e-01	6.07e-05	4.57e-05
 4.37497e+20	9.24e-01	7.60e-02	5.22e-05	6.23e-07	0.00e+00	0.00e+00	0.00e+00	0.00e+00	0.00e+00	9.24e-01	6.01e-05	4.52e-05
 4.37741e+20	9.26e-01	7.40e-02	5.15e-05	6.06e-07	0.00e+00	0.00e+00	0.00e+00	0.00e+00	0.00e+00	9.26e-01	5.95e-05	4.48e-05
 4.38016e+20	9.28e-01	7.22e-02	5.10e-05	5.89e-07	0.00e+00	0.00e+00	0.00e+00	0.00e+00	0.00e+00	9.28e-01	5.90e-05	4.44e-05
 4.38336e+20	9.29e-01	7.05e-02	5.05e-05	5.74e-07	0.00e+00	0.00e+00	0.00e+00	0.00e+00	0.00e+00	9.29e-01	5.85e-05	4.40e-05
 4.38689e+20	9.31e-01	6.91e-02	5.01e-05	5.62e-07	0.00e+00	0.00e+00	0.00e+00	0.00e+00	0.00e+00	9.31e-01	5.81e-05	4.37e-05
 4.39047e+20	9.32e-01	6.81e-02	4.99e-05	5.53e-07	0.00e+00	0.00e+00	0.00e+00	0.00e+00	0.00e+00	9.32e-01	5.79e-05	4.35e-05
 4.39402e+20	9.33e-01	6.73e-02	4.97e-05	5.46e-07	0.00e+00	0.00e+00	0.00e+00	0.00e+00	0.00e+00	9.33e-01	5.76e-05	4.33e-05
 4.39756e+20	9.33e-01	6.67e-02	4.95e-05	5.40e-07	0.00e+00	0.00e+00	0.00e+00	0.00e+00	0.00e+00	9.33e-01	5.75e-05	4.31e-05
 4.40108e+20	9.34e-01	6.64e-02	4.94e-05	5.37e-07	0.00e+00	0.00e+00	0.00e+00	0.00e+00	0.00e+00	9.33e-01	5.74e-05	4.31e-05
 4.40460e+20	9.34e-01	6.58e-02	4.93e-05	5.32e-07	0.00e+00	0.00e+00	0.00e+00	0.00e+00	0.00e+00	9.34e-01	5.72e-05	4.29e-05
 4.40810e+20	9.34e-01	6.56e-02	4.92e-05	5.30e-07	0.00e+00	0.00e+00	0.00e+00	0.00e+00	0.00e+00	9.34e-01	5.71e-05	4.29e-05
 4.41160e+20	9.34e-01	6.55e-02	4.92e-05	5.29e-07	0.00e+00	0.00e+00	0.00e+00	0.00e+00	0.00e+00	9.34e-01	5.71e-05	4.29e-05
 4.41563e+20	9.35e-01	6.53e-02	4.91e-05	5.27e-07	0.00e+00	0.00e+00	0.00e+00	0.00e+00	0.00e+00	9.35e-01	5.71e-05	4.28e-05
 4.42086e+20	9.35e-01	6.50e-02	4.91e-05	5.25e-07	0.00e+00	0.00e+00	0.00e+00	0.00e+00	0.00e+00	9.35e-01	5.70e-05	4.28e-05
 4.42766e+20	9.35e-01	6.49e-02	4.90e-05	5.24e-07	0.00e+00	0.00e+00	0.00e+00	0.00e+00	0.00e+00	9.35e-01	5.69e-05	4.27e-05
 4.43650e+20	9.35e-01	6.45e-02	4.89e-05	5.20e-07	0.00e+00	0.00e+00	0.00e+00	0.00e+00	0.00e+00	9.35e-01	5.68e-05	4.26e-05
 4.44800e+20	9.35e-01	6.45e-02	4.89e-05	5.19e-07	0.00e+00	0.00e+00	0.00e+00	0.00e+00	0.00e+00	9.35e-01	5.68e-05	4.26e-05
 4.46294e+20	9.36e-01	6.42e-02	4.88e-05	5.16e-07	0.00e+00	0.00e+00	0.00e+00	0.00e+00	0.00e+00	9.36e-01	5.67e-05	4.25e-05
 4.48237e+20	9.36e-01	6.38e-02	4.87e-05	5.12e-07	0.00e+00	0.00e+00	0.00e+00	0.00e+00	0.00e+00	9.36e-01	5.66e-05	4.25e-05
 4.50762e+20	9.37e-01	6.33e-02	4.85e-05	5.07e-07	0.00e+00	0.00e+00	0.00e+00	0.00e+00	0.00e+00	9.37e-01	5.65e-05	4.23e-05
 4.54045e+20	9.37e-01	6.27e-02	4.83e-05	5.01e-07	0.00e+00	0.00e+00	0.00e+00	0.00e+00	0.00e+00	9.37e-01	5.64e-05	4.22e-05
 4.58313e+20	9.38e-01	6.20e-02	4.81e-05	4.94e-07	0.00e+00	0.00e+00	0.00e+00	0.00e+00	0.00e+00	9.38e-01	5.62e-05	4.20e-05
 4.63861e+20	9.39e-01	6.11e-02	4.77e-05	4.84e-07	0.00e+00	0.00e+00	0.00e+00	0.00e+00	0.00e+00	9.39e-01	5.60e-05	4.18e-05
 4.71074e+20	9.40e-01	5.99e-02	4.73e-05	4.72e-07	0.00e+00	0.00e+00	0.00e+00	0.00e+00	0.00e+00	9.40e-01	5.57e-05	4.15e-05
 4.80451e+20	9.41e-01	5.85e-02	4.68e-05	4.57e-07	0.00e+00	0.00e+00	0.00e+00	0.00e+00	0.00e+00	9.41e-01	5.53e-05	4.12e-05
 4.92640e+20	9.43e-01	5.67e-02	4.62e-05	4.39e-07	0.00e+00	0.00e+00	0.00e+00	0.00e+00	0.00e+00	9.43e-01	5.49e-05	4.08e-05
 5.08422e+20	9.45e-01	5.46e-02	4.55e-05	4.18e-07	0.00e+00	0.00e+00	0.00e+00	0.00e+00	0.00e+00	9.45e-01	5.44e-05	4.03e-05
 5.26426e+20	9.47e-01	5.25e-02	4.48e-05	3.97e-07	0.00e+00	0.00e+00	0.00e+00	0.00e+00	0.00e+00	9.47e-01	5.40e-05	3.98e-05
 5.44583e+20	9.49e-01	5.07e-02	4.41e-05	3.79e-07	0.00e+00	0.00e+00	0.00e+00	0.00e+00	0.00e+00	9.49e-01	5.36e-05	3.94e-05
 5.62941e+20	9.51e-01	4.90e-02	4.34e-05	3.61e-07	0.00e+00	0.00e+00	0.00e+00	0.00e+00	0.00e+00	9.51e-01	5.33e-05	3.90e-05
 5.82469e+20	9.53e-01	4.73e-02	4.28e-05	3.44e-07	0.00e+00	0.00e+00	0.00e+00	0.00e+00	0.00e+00	9.53e-01	5.29e-05	3.86e-05
 6.03752e+20	9.54e-01	4.57e-02	4.21e-05	3.27e-07	0.00e+00	0.00e+00	0.00e+00	0.00e+00	0.00e+00	9.54e-01	5.26e-05	3.82e-05
 6.26561e+20	9.56e-01	4.41e-02	4.14e-05	3.11e-07	0.00e+00	0.00e+00	0.00e+00	0.00e+00	0.00e+00	9.56e-01	5.23e-05	3.78e-05
 6.50721e+20	9.57e-01	4.25e-02	4.07e-05	2.96e-07	0.00e+00	0.00e+00	0.00e+00	0.00e+00	0.00e+00	9.57e-01	5.21e-05	3.75e-05
 6.76410e+20	9.59e-01	4.11e-02	4.00e-05	2.81e-07	0.00e+00	0.00e+00	0.00e+00	0.00e+00	0.00e+00	9.59e-01	5.18e-05	3.71e-05
 7.03870e+20	9.60e-01	3.96e-02	3.92e-05	2.66e-07	0.00e+00	0.00e+00	0.00e+00	0.00e+00	0.00e+00	9.60e-01	5.16e-05	3.68e-05
 7.33265e+20	9.62e-01	3.83e-02	3.85e-05	2.53e-07	0.00e+00	0.00e+00	0.00e+00	0.00e+00	0.00e+00	9.62e-01	5.14e-05	3.64e-05
 7.64698e+20	9.63e-01	3.69e-02	3.77e-05	2.39e-07	0.00e+00	0.00e+00	0.00e+00	0.00e+00	0.00e+00	9.63e-01	5.13e-05	3.61e-05
 7.98368e+20	9.64e-01	3.57e-02	3.69e-05	2.26e-07	0.00e+00	0.00e+00	0.00e+00	0.00e+00	0.00e+00	9.64e-01	5.12e-05	3.58e-05
 8.34437e+20	9.66e-01	3.45e-02	3.61e-05	2.14e-07	0.00e+00	0.00e+00	0.00e+00	0.00e+00	0.00e+00	9.65e-01	5.11e-05	3.55e-05
 8.73067e+20	9.67e-01	3.33e-02	3.52e-05	2.01e-07	0.00e+00	0.00e+00	0.00e+00	0.00e+00	0.00e+00	9.67e-01	5.10e-05	3.52e-05
 9.14829e+20	9.68e-01	3.21e-02	3.43e-05	1.89e-07	0.00e+00	0.00e+00	0.00e+00	0.00e+00	0.00e+00	9.68e-01	5.09e-05	3.49e-05
 9.59925e+20	9.69e-01	3.10e-02	3.34e-05	1.78e-07	0.00e+00	0.00e+00	0.00e+00	0.00e+00	0.00e+00	9.69e-01	5.09e-05	3.47e-05
 1.00822e+21	9.70e-01	2.99e-02	3.24e-05	1.67e-07	0.00e+00	0.00e+00	0.00e+00	0.00e+00	0.00e+00	9.70e-01	5.09e-05	3.44e-05
 1.06021e+21	9.71e-01	2.89e-02	3.14e-05	1.57e-07	0.00e+00	0.00e+00	0.00e+00	0.00e+00	0.00e+00	9.71e-01	5.09e-05	3.41e-05
 1.11638e+21	9.72e-01	2.79e-02	3.04e-05	1.46e-07	0.00e+00	0.00e+00	0.00e+00	0.00e+00	0.00e+00	9.72e-01	5.10e-05	3.39e-05
 1.17753e+21	9.73e-01	2.69e-02	2.94e-05	1.36e-07	0.00e+00	0.00e+00	0.00e+00	0.00e+00	0.00e+00	9.73e-01	5.11e-05	3.36e-05
 1.24362e+21	9.74e-01	2.60e-02	2.83e-05	1.27e-07	0.00e+00	0.00e+00	0.00e+00	0.00e+00	0.00e+00	9.74e-01	5.12e-05	3.34e-05
 1.31463e+21	9.75e-01	2.51e-02	2.72e-05	0.00e+00	0.00e+00	0.00e+00	0.00e+00	0.00e+00	0.00e+00	9.75e-01	5.14e-05	3.32e-05
 1.39169e+21	9.76e-01	2.42e-02	2.60e-05	0.00e+00	0.00e+00	0.00e+00	0.00e+00	0.00e+00	0.00e+00	9.76e-01	5.16e-05	3.30e-05
 1.47540e+21	9.77e-01	2.34e-02	2.49e-05	0.00e+00	0.00e+00	0.00e+00	0.00e+00	0.00e+00	0.00e+00	9.77e-01	5.18e-05	3.27e-05
 1.56663e+21	9.77e-01	2.25e-02	2.37e-05	0.00e+00	0.00e+00	0.00e+00	0.00e+00	0.00e+00	0.00e+00	9.77e-01	5.21e-05	3.25e-05
 1.66551e+21	9.78e-01	2.17e-02	2.25e-05	0.00e+00	0.00e+00	0.00e+00	0.00e+00	0.00e+00	0.00e+00	9.78e-01	5.23e-05	3.23e-05
 1.77229e+21	9.79e-01	2.10e-02	2.13e-05	0.00e+00	0.00e+00	0.00e+00	0.00e+00	0.00e+00	0.00e+00	9.79e-01	5.26e-05	3.21e-05
 1.88792e+21	9.80e-01	2.02e-02	2.01e-05	0.00e+00	0.00e+00	0.00e+00	0.00e+00	0.00e+00	0.00e+00	9.80e-01	5.29e-05	3.18e-05
 2.01339e+21	9.80e-01	1.96e-02	1.89e-05	0.00e+00	0.00e+00	0.00e+00	0.00e+00	0.00e+00	0.00e+00	9.80e-01	5.33e-05	3.16e-05
 2.14774e+21	9.81e-01	1.89e-02	1.77e-05	0.00e+00	0.00e+00	0.00e+00	0.00e+00	0.00e+00	0.00e+00	9.81e-01	5.36e-05	3.14e-05
 2.29299e+21	9.82e-01	1.82e-02	1.66e-05	0.00e+00	0.00e+00	0.00e+00	0.00e+00	0.00e+00	0.00e+00	9.82e-01	5.39e-05	3.12e-05
 2.45105e+21	9.82e-01	1.75e-02	1.55e-05	0.00e+00	0.00e+00	0.00e+00	0.00e+00	0.00e+00	0.00e+00	9.82e-01	5.42e-05	3.09e-05
 2.60869e+21	9.83e-01	1.69e-02	1.45e-05	0.00e+00	0.00e+00	0.00e+00	0.00e+00	0.00e+00	0.00e+00	9.83e-01	5.45e-05	3.07e-05
 2.75340e+21	9.84e-01	1.64e-02	1.37e-05	0.00e+00	0.00e+00	0.00e+00	0.00e+00	0.00e+00	0.00e+00	9.83e-01	5.47e-05	3.05e-05
 2.88973e+21	9.84e-01	1.60e-02	1.29e-05	0.00e+00	0.00e+00	0.00e+00	0.00e+00	0.00e+00	0.00e+00	9.84e-01	5.49e-05	3.04e-05
 3.04487e+21	9.84e-01	1.55e-02	1.22e-05	0.00e+00	0.00e+00	0.00e+00	0.00e+00	0.00e+00	0.00e+00	9.84e-01	5.49e-05	3.02e-05
 3.21308e+21	9.85e-01	1.50e-02	1.15e-05	0.00e+00	0.00e+00	0.00e+00	0.00e+00	0.00e+00	0.00e+00	9.85e-01	5.49e-05	3.00e-05
 3.35915e+21	9.85e-01	1.47e-02	1.09e-05	0.00e+00	0.00e+00	0.00e+00	0.00e+00	0.00e+00	0.00e+00	9.85e-01	5.49e-05	2.98e-05
 3.48627e+21	9.86e-01	1.43e-02	1.05e-05	0.00e+00	0.00e+00	0.00e+00	0.00e+00	0.00e+00	0.00e+00	9.86e-01	5.49e-05	2.97e-05
 3.62786e+21	9.86e-01	1.40e-02	9.98e-06	0.00e+00	0.00e+00	0.00e+00	0.00e+00	0.00e+00	0.00e+00	9.86e-01	5.47e-05	2.95e-05
 3.78696e+21	9.86e-01	1.36e-02	9.50e-06	0.00e+00	0.00e+00	0.00e+00	0.00e+00	0.00e+00	0.00e+00	9.86e-01	5.45e-05	2.93e-05
 3.93338e+21	9.87e-01	1.33e-02	9.09e-06	0.00e+00	0.00e+00	0.00e+00	0.00e+00	0.00e+00	0.00e+00	9.87e-01	5.42e-05	2.92e-05
 4.06276e+21	9.87e-01	1.30e-02	8.76e-06	0.00e+00	0.00e+00	0.00e+00	0.00e+00	0.00e+00	0.00e+00	9.87e-01	5.39e-05	2.91e-05
 4.20545e+21	9.87e-01	1.27e-02	8.39e-06	0.00e+00	0.00e+00	0.00e+00	0.00e+00	0.00e+00	0.00e+00	9.87e-01	5.35e-05	2.89e-05
 4.36361e+21	9.88e-01	1.25e-02	8.03e-06	0.00e+00	0.00e+00	0.00e+00	0.00e+00	0.00e+00	0.00e+00	9.87e-01	5.30e-05	2.88e-05
 4.50654e+21	9.88e-01	1.22e-02	7.73e-06	0.00e+00	0.00e+00	0.00e+00	0.00e+00	0.00e+00	0.00e+00	9.88e-01	5.24e-05	2.87e-05
 4.63296e+21	9.88e-01	1.20e-02	7.48e-06	0.00e+00	0.00e+00	0.00e+00	0.00e+00	0.00e+00	0.00e+00	9.88e-01	5.18e-05	2.86e-05
 4.77327e+21	9.88e-01	1.18e-02	7.20e-06	0.00e+00	0.00e+00	0.00e+00	0.00e+00	0.00e+00	0.00e+00	9.88e-01	5.12e-05	2.84e-05
 4.92920e+21	9.88e-01	1.15e-02	6.93e-06	0.00e+00	0.00e+00	0.00e+00	0.00e+00	0.00e+00	0.00e+00	9.88e-01	5.04e-05	2.83e-05
 5.07087e+21	9.89e-01	1.13e-02	6.70e-06	0.00e+00	0.00e+00	0.00e+00	0.00e+00	0.00e+00	0.00e+00	9.89e-01	4.95e-05	2.82e-05
 5.19671e+21	9.89e-01	1.11e-02	6.50e-06	0.00e+00	0.00e+00	0.00e+00	0.00e+00	0.00e+00	0.00e+00	9.89e-01	4.86e-05	2.81e-05
 5.33654e+21	9.89e-01	1.09e-02	6.29e-06	0.00e+00	0.00e+00	0.00e+00	0.00e+00	0.00e+00	0.00e+00	9.89e-01	4.77e-05	2.80e-05
 5.49121e+21	9.89e-01	1.07e-02	6.08e-06	0.00e+00	0.00e+00	0.00e+00	0.00e+00	0.00e+00	0.00e+00	9.89e-01	4.65e-05	2.79e-05
 5.63150e+21	9.89e-01	1.05e-02	5.90e-06	0.00e+00	0.00e+00	0.00e+00	0.00e+00	0.00e+00	0.00e+00	9.89e-01	4.52e-05	2.77e-05
 5.75781e+21	9.90e-01	1.03e-02	5.76e-06	0.00e+00	0.00e+00	0.00e+00	0.00e+00	0.00e+00	0.00e+00	9.90e-01	4.40e-05	2.76e-05
 5.89496e+21	9.90e-01	1.01e-02	5.60e-06	0.00e+00	0.00e+00	0.00e+00	0.00e+00	0.00e+00	0.00e+00	9.90e-01	4.28e-05	2.75e-05
 6.04533e+21	9.90e-01	9.87e-03	5.45e-06	0.00e+00	0.00e+00	0.00e+00	0.00e+00	0.00e+00	0.00e+00	9.90e-01	4.12e-05	2.74e-05
