#depth	He	He+	He+2
 7.44495e+16	6.83e-03	6.09e-01	3.85e-01
 4.46697e+17	6.82e-03	6.09e-01	3.85e-01
 1.93569e+18	6.81e-03	6.09e-01	3.84e-01
 7.89165e+18	6.87e-03	6.15e-01	3.78e-01
 1.88506e+19	6.87e-03	6.19e-01	3.74e-01
 3.30973e+19	6.96e-03	6.30e-01	3.63e-01
 5.16179e+19	7.17e-03	6.48e-01	3.45e-01
 7.56948e+19	7.52e-03	6.75e-01	3.17e-01
 1.06995e+20	8.11e-03	7.14e-01	2.78e-01
 1.47685e+20	9.05e-03	7.63e-01	2.28e-01
 2.00035e+20	1.03e-02	8.18e-01	1.72e-01
 2.48430e+20	1.15e-02	8.58e-01	1.31e-01
 2.81116e+20	1.23e-02	8.79e-01	1.09e-01
 3.07354e+20	1.30e-02	8.93e-01	9.43e-02
 3.36320e+20	1.38e-02	9.06e-01	8.05e-02
 3.67129e+20	1.47e-02	9.16e-01	6.92e-02
 3.93674e+20	1.55e-02	9.23e-01	6.12e-02
 4.17009e+20	1.63e-02	9.29e-01	5.52e-02
 4.42833e+20	1.73e-02	9.33e-01	4.94e-02
 4.69793e+20	1.83e-02	9.37e-01	4.45e-02
 4.92038e+20	1.94e-02	9.40e-01	4.11e-02
 5.11162e+20	2.04e-02	9.41e-01	3.85e-02
 5.32416e+20	2.17e-02	9.43e-01	3.57e-02
 5.55125e+20	2.33e-02	9.43e-01	3.33e-02
 5.74534e+20	2.50e-02	9.44e-01	3.14e-02
 5.91265e+20	2.66e-02	9.43e-01	3.00e-02
 6.09707e+20	2.88e-02	9.43e-01	2.83e-02
 6.29242e+20	3.16e-02	9.41e-01	2.69e-02
 6.45392e+20	3.44e-02	9.40e-01	2.58e-02
 6.58259e+20	3.70e-02	9.38e-01	2.50e-02
 6.69794e+20	3.98e-02	9.36e-01	2.43e-02
 6.81181e+20	4.30e-02	9.33e-01	2.37e-02
 6.92177e+20	4.66e-02	9.30e-01	2.31e-02
 7.02284e+20	5.04e-02	9.27e-01	2.26e-02
 7.11501e+20	5.43e-02	9.23e-01	2.22e-02
 7.20158e+20	5.86e-02	9.19e-01	2.19e-02
 7.28460e+20	6.33e-02	9.15e-01	2.16e-02
 7.36422e+20	6.84e-02	9.10e-01	2.13e-02
 7.44053e+20	7.38e-02	9.05e-01	2.11e-02
 7.51386e+20	7.97e-02	8.99e-01	2.09e-02
 7.58513e+20	8.62e-02	8.93e-01	2.07e-02
 7.65468e+20	9.31e-02	8.86e-01	2.06e-02
 7.72311e+20	1.01e-01	8.79e-01	2.05e-02
 7.79897e+20	1.10e-01	8.70e-01	2.04e-02
 7.87821e+20	1.20e-01	8.59e-01	2.04e-02
 7.94845e+20	1.31e-01	8.49e-01	2.04e-02
 8.01309e+20	1.42e-01	8.38e-01	2.03e-02
 8.07766e+20	1.53e-01	8.27e-01	2.03e-02
 8.14111e+20	1.65e-01	8.15e-01	2.04e-02
 8.20056e+20	1.77e-01	8.03e-01	2.04e-02
 8.25650e+20	1.89e-01	7.91e-01	2.04e-02
 8.30102e+20	1.99e-01	7.81e-01	2.05e-02
 8.33239e+20	2.06e-01	7.74e-01	2.04e-02
 8.36207e+20	2.13e-01	7.66e-01	2.05e-02
 8.39606e+20	2.22e-01	7.57e-01	2.04e-02
 8.43258e+20	2.31e-01	7.48e-01	2.05e-02
 8.46891e+20	2.41e-01	7.38e-01	2.04e-02
 8.50505e+20	2.51e-01	7.29e-01	2.04e-02
 8.54097e+20	2.61e-01	7.18e-01	2.04e-02
 8.57687e+20	2.72e-01	7.08e-01	2.04e-02
 8.61381e+20	2.83e-01	6.97e-01	2.04e-02
 8.65172e+20	2.95e-01	6.85e-01	2.03e-02
 8.68903e+20	3.06e-01	6.73e-01	2.03e-02
 8.72674e+20	3.19e-01	6.61e-01	2.02e-02
 8.76529e+20	3.31e-01	6.48e-01	2.02e-02
 8.80448e+20	3.45e-01	6.35e-01	2.01e-02
 8.84391e+20	3.58e-01	6.22e-01	2.00e-02
 8.88408e+20	3.73e-01	6.07e-01	1.99e-02
 8.92533e+20	3.88e-01	5.93e-01	1.98e-02
 8.96659e+20	4.03e-01	5.78e-01	1.96e-02
 9.00851e+20	4.18e-01	5.63e-01	1.95e-02
 9.05186e+20	4.34e-01	5.47e-01	1.93e-02
 9.09608e+20	4.50e-01	5.30e-01	1.91e-02
 9.14136e+20	4.68e-01	5.14e-01	1.88e-02
 9.18786e+20	4.85e-01	4.97e-01	1.86e-02
 9.23541e+20	5.03e-01	4.79e-01	1.83e-02
 9.28439e+20	5.20e-01	4.62e-01	1.80e-02
 9.33438e+20	5.38e-01	4.44e-01	1.76e-02
 9.38538e+20	5.56e-01	4.26e-01	1.73e-02
 9.43815e+20	5.75e-01	4.08e-01	1.68e-02
 9.49311e+20	5.93e-01	3.91e-01	1.64e-02
 9.55000e+20	6.11e-01	3.73e-01	1.59e-02
 9.60948e+20	6.29e-01	3.56e-01	1.55e-02
 9.67222e+20	6.47e-01	3.39e-01	1.49e-02
 9.73867e+20	6.64e-01	3.22e-01	1.44e-02
 9.81053e+20	6.81e-01	3.05e-01	1.38e-02
 9.88934e+20	6.98e-01	2.89e-01	1.32e-02
 9.97613e+20	7.15e-01	2.73e-01	1.25e-02
 1.00734e+21	7.30e-01	2.58e-01	1.19e-02
 1.01848e+21	7.46e-01	2.43e-01	1.12e-02
 1.03063e+21	7.59e-01	2.31e-01	1.06e-02
 1.04294e+21	7.69e-01	2.21e-01	1.00e-02
 1.05513e+21	7.78e-01	2.12e-01	9.57e-03
 1.06909e+21	7.87e-01	2.04e-01	9.06e-03
 1.08724e+21	7.95e-01	1.96e-01	8.50e-03
 1.11082e+21	8.04e-01	1.88e-01	7.88e-03
 1.14149e+21	8.13e-01	1.79e-01	7.20e-03
 1.18130e+21	8.23e-01	1.70e-01	6.46e-03
 1.22871e+21	8.34e-01	1.61e-01	5.74e-03
 1.27967e+21	8.43e-01	1.52e-01	5.10e-03
 1.33348e+21	8.52e-01	1.44e-01	4.53e-03
 1.39100e+21	8.60e-01	1.36e-01	4.02e-03
 1.45284e+21	8.68e-01	1.28e-01	3.56e-03
 1.51959e+21	8.76e-01	1.21e-01	3.15e-03
 1.59176e+21	8.83e-01	1.14e-01	2.78e-03
 1.66978e+21	8.90e-01	1.07e-01	2.45e-03
 1.75465e+21	8.97e-01	1.01e-01	2.15e-03
 1.84783e+21	9.04e-01	9.46e-02	1.89e-03
 1.95032e+21	9.10e-01	8.87e-02	1.65e-03
 2.06367e+21	9.15e-01	8.31e-02	1.45e-03
 2.18972e+21	9.21e-01	7.77e-02	1.26e-03
 2.33068e+21	9.26e-01	7.26e-02	1.10e-03
 2.49017e+21	9.31e-01	6.78e-02	9.53e-04
 2.67176e+21	9.36e-01	6.32e-02	8.26e-04
 2.88021e+21	9.40e-01	5.89e-02	7.16e-04
 3.12282e+21	9.44e-01	5.49e-02	6.21e-04
 3.40863e+21	9.48e-01	5.12e-02	5.37e-04
 3.74178e+21	9.52e-01	4.78e-02	4.69e-04
 4.11596e+21	9.55e-01	4.49e-02	4.13e-04
 4.52755e+21	9.57e-01	4.26e-02	3.71e-04
 4.95437e+21	9.59e-01	4.07e-02	3.40e-04
 5.35742e+21	9.60e-01	3.93e-02	3.17e-04
 5.73069e+21	9.61e-01	3.83e-02	3.01e-04
 6.14802e+21	9.62e-01	3.73e-02	2.86e-04
 6.59526e+21	9.63e-01	3.65e-02	2.74e-04
 6.97967e+21	9.64e-01	3.59e-02	2.66e-04
 7.31879e+21	9.64e-01	3.52e-02	2.57e-04
 7.70077e+21	9.65e-01	3.50e-02	2.53e-04
 8.19734e+21	9.65e-01	3.45e-02	2.47e-04
 8.68162e+21	9.66e-01	3.41e-02	2.41e-04
 9.03505e+21	9.66e-01	3.38e-02	2.37e-04
 9.37966e+21	9.66e-01	3.35e-02	2.34e-04
 9.82765e+21	9.66e-01	3.34e-02	2.32e-04
 1.02897e+22	9.67e-01	3.32e-02	2.29e-04
 1.06616e+22	9.67e-01	3.30e-02	2.27e-04
 1.09862e+22	9.67e-01	3.28e-02	2.25e-04
 1.13574e+22	9.67e-01	3.27e-02	2.24e-04
 1.18399e+22	9.67e-01	3.25e-02	2.21e-04
 1.23172e+22	9.67e-01	3.25e-02	2.21e-04
 1.26814e+22	9.67e-01	3.23e-02	2.19e-04
 1.30484e+22	9.68e-01	3.22e-02	2.18e-04
 1.35254e+22	9.68e-01	3.21e-02	2.16e-04
 1.40084e+22	9.68e-01	3.20e-02	2.15e-04
 1.43909e+22	9.68e-01	3.20e-02	2.15e-04
 1.47796e+22	9.68e-01	3.19e-02	2.14e-04
 1.52851e+22	9.68e-01	3.19e-02	2.13e-04
 1.57989e+22	9.68e-01	3.18e-02	2.12e-04
 1.62099e+22	9.68e-01	3.17e-02	2.11e-04
 1.66304e+22	9.68e-01	3.17e-02	2.11e-04
 1.71770e+22	9.68e-01	3.16e-02	2.10e-04
 1.77489e+22	9.68e-01	3.15e-02	2.09e-04
 1.82410e+22	9.68e-01	3.15e-02	2.08e-04
 1.87682e+22	9.68e-01	3.15e-02	2.07e-04
 1.94536e+22	9.68e-01	3.14e-02	2.07e-04
 2.03445e+22	9.68e-01	3.13e-02	2.06e-04
 2.13486e+22	9.69e-01	3.13e-02	2.05e-04
 2.22994e+22	9.69e-01	3.13e-02	2.05e-04
 2.31551e+22	9.69e-01	3.12e-02	2.05e-04
 2.39253e+22	9.69e-01	3.12e-02	2.04e-04
 2.46184e+22	9.69e-01	3.12e-02	2.04e-04
 2.52423e+22	9.69e-01	3.12e-02	2.04e-04
 2.58037e+22	9.69e-01	3.11e-02	2.04e-04
 2.63090e+22	9.69e-01	3.11e-02	2.03e-04
 2.67638e+22	9.69e-01	3.11e-02	2.03e-04
 2.71731e+22	9.69e-01	3.11e-02	2.03e-04
 2.75415e+22	9.69e-01	3.11e-02	2.03e-04
 2.78730e+22	9.69e-01	3.11e-02	2.03e-04
 2.81843e+22	9.69e-01	3.11e-02	2.03e-04
 2.84929e+22	9.69e-01	3.11e-02	2.03e-04
 2.88015e+22	9.69e-01	3.11e-02	2.03e-04
 2.91100e+22	9.69e-01	3.11e-02	2.03e-04
 2.94186e+22	9.69e-01	3.11e-02	2.03e-04
 2.97272e+22	9.69e-01	3.11e-02	2.04e-04
 3.00357e+22	9.69e-01	3.11e-02	2.05e-04
 3.03443e+22	9.69e-01	3.12e-02	2.07e-04
 3.05987e+22	9.68e-01	3.13e-02	2.09e-04
 3.07358e+22	9.68e-01	3.14e-02	2.11e-04
 3.07876e+22	9.68e-01	3.15e-02	2.12e-04
 3.08218e+22	9.68e-01	3.15e-02	2.12e-04
 3.08490e+22	9.68e-01	3.15e-02	2.13e-04
