#depth	O	O+	O+2	O+3	O+4	O+5	O+6	O+7	O+8	O[1]	O[2]	O[3]
 9.35236e+17	4.80e-07	2.08e-04	3.68e-02	4.02e-01	4.03e-01	1.37e-01	2.13e-02	2.10e-05	0.00e+00	4.80e-07	3.64e-12	4.10e-12
 5.61142e+18	4.77e-07	2.08e-04	3.70e-02	4.03e-01	4.02e-01	1.36e-01	2.11e-02	2.08e-05	0.00e+00	4.77e-07	3.62e-12	4.07e-12
 2.43161e+19	4.70e-07	2.10e-04	3.77e-02	4.05e-01	4.01e-01	1.35e-01	2.07e-02	2.03e-05	0.00e+00	4.70e-07	3.56e-12	4.01e-12
 9.91350e+19	4.55e-07	2.16e-04	4.01e-02	4.13e-01	3.96e-01	1.31e-01	1.94e-02	1.88e-05	0.00e+00	4.55e-07	3.44e-12	3.88e-12
 2.36802e+20	4.19e-07	2.22e-04	4.38e-02	4.25e-01	3.88e-01	1.25e-01	1.80e-02	1.72e-05	0.00e+00	4.19e-07	3.16e-12	3.57e-12
 4.10805e+20	4.35e-07	2.47e-04	4.92e-02	4.40e-01	3.77e-01	1.18e-01	1.62e-02	1.51e-05	0.00e+00	4.35e-07	3.27e-12	3.71e-12
 6.24550e+20	4.85e-07	2.91e-04	5.72e-02	4.58e-01	3.63e-01	1.08e-01	1.40e-02	1.26e-05	0.00e+00	4.85e-07	3.64e-12	4.13e-12
 8.52056e+20	5.52e-07	3.49e-04	6.68e-02	4.76e-01	3.47e-01	9.78e-02	1.20e-02	1.04e-05	0.00e+00	5.52e-07	4.13e-12	4.70e-12
 1.05903e+21	6.36e-07	4.18e-04	7.74e-02	4.91e-01	3.32e-01	8.87e-02	1.04e-02	8.64e-06	0.00e+00	6.36e-07	4.75e-12	5.41e-12
 1.24710e+21	7.41e-07	5.01e-04	8.92e-02	5.03e-01	3.18e-01	8.05e-02	8.92e-03	7.18e-06	0.00e+00	7.41e-07	5.53e-12	6.30e-12
 1.42262e+21	8.67e-07	6.00e-04	1.02e-01	5.14e-01	3.03e-01	7.29e-02	7.69e-03	5.98e-06	0.00e+00	8.67e-07	6.46e-12	7.37e-12
 1.58464e+21	1.02e-06	7.15e-04	1.17e-01	5.22e-01	2.88e-01	6.60e-02	6.65e-03	5.01e-06	0.00e+00	1.02e-06	7.59e-12	8.66e-12
 1.73486e+21	1.20e-06	8.49e-04	1.32e-01	5.28e-01	2.74e-01	5.97e-02	5.75e-03	4.21e-06	0.00e+00	1.20e-06	8.91e-12	1.02e-11
 1.87707e+21	1.41e-06	1.01e-03	1.49e-01	5.32e-01	2.59e-01	5.39e-02	4.97e-03	3.53e-06	0.00e+00	1.41e-06	1.05e-11	1.20e-11
 2.00548e+21	1.65e-06	1.18e-03	1.67e-01	5.33e-01	2.45e-01	4.88e-02	4.33e-03	3.00e-06	0.00e+00	1.65e-06	1.23e-11	1.40e-11
 2.11880e+21	1.92e-06	1.36e-03	1.86e-01	5.33e-01	2.32e-01	4.43e-02	3.79e-03	2.57e-06	0.00e+00	1.92e-06	1.42e-11	1.63e-11
 2.24405e+21	2.30e-06	1.62e-03	2.09e-01	5.30e-01	2.16e-01	3.93e-02	3.23e-03	2.12e-06	0.00e+00	2.30e-06	1.71e-11	1.95e-11
 2.36602e+21	2.74e-06	1.90e-03	2.34e-01	5.25e-01	2.01e-01	3.48e-02	2.75e-03	1.77e-06	0.00e+00	2.74e-06	2.03e-11	2.32e-11
 2.45642e+21	3.15e-06	2.16e-03	2.56e-01	5.19e-01	1.89e-01	3.16e-02	2.42e-03	1.53e-06	0.00e+00	3.14e-06	2.33e-11	2.67e-11
 2.54662e+21	3.63e-06	2.45e-03	2.80e-01	5.11e-01	1.76e-01	2.83e-02	2.10e-03	1.30e-06	0.00e+00	3.63e-06	2.69e-11	3.08e-11
 2.64664e+21	4.39e-06	2.88e-03	3.09e-01	4.99e-01	1.62e-01	2.48e-02	1.78e-03	1.07e-06	0.00e+00	4.39e-06	3.26e-11	3.72e-11
 2.73287e+21	5.04e-06	3.24e-03	3.36e-01	4.87e-01	1.50e-01	2.21e-02	1.53e-03	9.03e-07	0.00e+00	5.04e-06	3.74e-11	4.27e-11
 2.81843e+21	6.09e-06	3.77e-03	3.66e-01	4.72e-01	1.37e-01	1.92e-02	1.29e-03	7.41e-07	0.00e+00	6.09e-06	4.52e-11	5.16e-11
 2.90521e+21	7.20e-06	4.31e-03	3.98e-01	4.56e-01	1.24e-01	1.67e-02	1.08e-03	6.08e-07	0.00e+00	7.20e-06	5.34e-11	6.10e-11
 2.97736e+21	8.23e-06	4.79e-03	4.26e-01	4.40e-01	1.14e-01	1.47e-02	9.24e-04	5.11e-07	0.00e+00	8.23e-06	6.11e-11	6.97e-11
 3.05495e+21	9.76e-06	5.45e-03	4.58e-01	4.21e-01	1.02e-01	1.26e-02	7.65e-04	4.13e-07	0.00e+00	9.76e-06	7.24e-11	8.26e-11
 3.13734e+21	1.17e-05	6.23e-03	4.93e-01	3.99e-01	9.07e-02	1.06e-02	6.20e-04	3.26e-07	0.00e+00	1.17e-05	8.68e-11	9.90e-11
 3.20790e+21	1.38e-05	7.00e-03	5.24e-01	3.78e-01	8.11e-02	9.09e-03	5.12e-04	2.63e-07	0.00e+00	1.38e-05	1.02e-10	1.17e-10
 3.27034e+21	1.60e-05	7.78e-03	5.52e-01	3.59e-01	7.30e-02	7.83e-03	4.27e-04	2.15e-07	0.00e+00	1.60e-05	1.19e-10	1.35e-10
 3.34030e+21	1.95e-05	8.88e-03	5.84e-01	3.36e-01	6.39e-02	6.50e-03	3.39e-04	1.65e-07	0.00e+00	1.95e-05	1.44e-10	1.65e-10
 3.41245e+21	2.32e-05	9.98e-03	6.16e-01	3.13e-01	5.58e-02	5.37e-03	2.70e-04	1.27e-07	0.00e+00	2.32e-05	1.72e-10	1.96e-10
 3.47446e+21	2.71e-05	1.10e-02	6.42e-01	2.93e-01	4.92e-02	4.52e-03	2.19e-04	0.00e+00	0.00e+00	2.71e-05	2.01e-10	2.29e-10
 3.54210e+21	3.25e-05	1.24e-02	6.71e-01	2.70e-01	4.25e-02	3.68e-03	1.70e-04	0.00e+00	0.00e+00	3.25e-05	2.41e-10	2.75e-10
 3.61460e+21	3.92e-05	1.39e-02	6.99e-01	2.47e-01	3.63e-02	2.95e-03	1.31e-04	0.00e+00	0.00e+00	3.92e-05	2.91e-10	3.31e-10
 3.67916e+21	4.64e-05	1.54e-02	7.23e-01	2.27e-01	3.13e-02	2.41e-03	1.02e-04	0.00e+00	0.00e+00	4.64e-05	3.45e-10	3.91e-10
 3.74879e+21	5.64e-05	1.73e-02	7.48e-01	2.06e-01	2.65e-02	1.90e-03	7.71e-05	0.00e+00	0.00e+00	5.64e-05	4.20e-10	4.76e-10
 3.82321e+21	6.90e-05	1.95e-02	7.71e-01	1.85e-01	2.22e-02	1.48e-03	5.73e-05	0.00e+00	0.00e+00	6.90e-05	5.14e-10	5.81e-10
 3.87799e+21	7.93e-05	2.11e-02	7.86e-01	1.72e-01	1.96e-02	1.25e-03	4.65e-05	0.00e+00	0.00e+00	7.93e-05	5.91e-10	6.68e-10
 3.91458e+21	8.78e-05	2.24e-02	7.96e-01	1.62e-01	1.80e-02	1.10e-03	4.00e-05	0.00e+00	0.00e+00	8.78e-05	6.56e-10	7.40e-10
 3.95336e+21	9.72e-05	2.37e-02	8.06e-01	1.53e-01	1.63e-02	9.60e-04	3.41e-05	0.00e+00	0.00e+00	9.72e-05	7.27e-10	8.19e-10
 4.00378e+21	1.14e-04	2.59e-02	8.18e-01	1.40e-01	1.44e-02	7.97e-04	2.73e-05	0.00e+00	0.00e+00	1.14e-04	8.53e-10	9.57e-10
 4.05467e+21	1.31e-04	2.80e-02	8.29e-01	1.30e-01	1.28e-02	6.69e-04	2.22e-05	0.00e+00	0.00e+00	1.31e-04	9.83e-10	1.10e-09
 4.09707e+21	1.47e-04	2.99e-02	8.37e-01	1.21e-01	1.15e-02	5.78e-04	1.87e-05	0.00e+00	0.00e+00	1.47e-04	1.11e-09	1.24e-09
 4.14309e+21	1.69e-04	3.22e-02	8.45e-01	1.12e-01	1.03e-02	4.88e-04	1.53e-05	0.00e+00	0.00e+00	1.69e-04	1.28e-09	1.42e-09
 4.19352e+21	1.94e-04	3.47e-02	8.53e-01	1.03e-01	9.18e-03	4.11e-04	1.25e-05	0.00e+00	0.00e+00	1.94e-04	1.47e-09	1.63e-09
 4.24105e+21	2.25e-04	3.76e-02	8.59e-01	9.44e-02	8.22e-03	3.46e-04	1.02e-05	0.00e+00	0.00e+00	2.25e-04	1.72e-09	1.89e-09
 4.28451e+21	2.53e-04	4.01e-02	8.64e-01	8.78e-02	7.47e-03	2.99e-04	8.62e-06	0.00e+00	0.00e+00	2.53e-04	1.94e-09	2.13e-09
 4.33130e+21	2.92e-04	4.33e-02	8.69e-01	8.06e-02	6.72e-03	2.52e-04	7.10e-06	0.00e+00	0.00e+00	2.92e-04	2.25e-09	2.45e-09
 4.38291e+21	3.41e-04	4.70e-02	8.73e-01	7.34e-02	6.01e-03	2.11e-04	5.78e-06	0.00e+00	0.00e+00	3.41e-04	2.64e-09	2.86e-09
 4.43025e+21	3.98e-04	5.10e-02	8.76e-01	6.72e-02	5.44e-03	1.78e-04	4.77e-06	0.00e+00	0.00e+00	3.98e-04	3.11e-09	3.34e-09
 4.47247e+21	4.50e-04	5.44e-02	8.78e-01	6.23e-02	5.00e-03	1.54e-04	4.06e-06	0.00e+00	0.00e+00	4.50e-04	3.54e-09	3.77e-09
 4.51855e+21	5.25e-04	5.91e-02	8.79e-01	5.68e-02	4.54e-03	1.30e-04	3.37e-06	0.00e+00	0.00e+00	5.25e-04	4.19e-09	4.40e-09
 4.56865e+21	6.16e-04	6.43e-02	8.79e-01	5.16e-02	4.12e-03	1.10e-04	2.78e-06	0.00e+00	0.00e+00	6.16e-04	4.96e-09	5.16e-09
 4.61490e+21	7.16e-04	6.96e-02	8.79e-01	4.71e-02	3.78e-03	9.34e-05	2.34e-06	0.00e+00	0.00e+00	7.16e-04	5.84e-09	5.99e-09
 4.65924e+21	8.29e-04	7.53e-02	8.77e-01	4.31e-02	3.48e-03	7.99e-05	1.98e-06	0.00e+00	0.00e+00	8.29e-04	6.84e-09	6.93e-09
 4.71014e+21	9.79e-04	8.22e-02	8.75e-01	3.88e-02	3.18e-03	6.69e-05	1.64e-06	0.00e+00	0.00e+00	9.79e-04	8.17e-09	8.18e-09
 4.76563e+21	1.18e-03	9.08e-02	8.70e-01	3.46e-02	2.90e-03	5.51e-05	1.34e-06	0.00e+00	0.00e+00	1.18e-03	1.00e-08	9.87e-09
 4.81458e+21	1.42e-03	9.99e-02	8.65e-01	3.11e-02	2.67e-03	4.63e-05	1.13e-06	0.00e+00	0.00e+00	1.42e-03	1.23e-08	1.18e-08
 4.85690e+21	1.65e-03	1.08e-01	8.59e-01	2.83e-02	2.50e-03	3.97e-05	9.66e-07	0.00e+00	0.00e+00	1.65e-03	1.45e-08	1.37e-08
 4.90317e+21	1.95e-03	1.18e-01	8.52e-01	2.55e-02	2.32e-03	3.36e-05	8.20e-07	0.00e+00	0.00e+00	1.95e-03	1.74e-08	1.62e-08
 4.96331e+21	2.44e-03	1.33e-01	8.40e-01	2.21e-02	2.11e-03	2.69e-05	6.62e-07	0.00e+00	0.00e+00	2.44e-03	2.23e-08	2.03e-08
 5.02277e+21	3.11e-03	1.51e-01	8.25e-01	1.90e-02	1.93e-03	2.15e-05	5.36e-07	0.00e+00	0.00e+00	3.11e-03	2.92e-08	2.57e-08
 5.06684e+21	3.71e-03	1.66e-01	8.12e-01	1.70e-02	1.81e-03	1.81e-05	4.57e-07	0.00e+00	0.00e+00	3.71e-03	3.54e-08	3.07e-08
 5.10963e+21	4.45e-03	1.82e-01	7.96e-01	1.51e-02	1.69e-03	1.52e-05	3.90e-07	0.00e+00	0.00e+00	4.45e-03	4.31e-08	3.68e-08
 5.16526e+21	5.67e-03	2.07e-01	7.73e-01	1.28e-02	1.55e-03	1.20e-05	3.15e-07	0.00e+00	0.00e+00	5.67e-03	5.59e-08	4.67e-08
 5.21970e+21	7.20e-03	2.34e-01	7.47e-01	1.09e-02	1.42e-03	9.53e-06	2.56e-07	0.00e+00	0.00e+00	7.20e-03	7.21e-08	5.92e-08
 5.25970e+21	8.65e-03	2.57e-01	7.24e-01	9.54e-03	1.32e-03	7.97e-06	2.18e-07	0.00e+00	0.00e+00	8.65e-03	8.75e-08	7.09e-08
 5.29366e+21	1.01e-02	2.78e-01	7.02e-01	8.51e-03	1.24e-03	6.81e-06	1.90e-07	0.00e+00	0.00e+00	1.01e-02	1.03e-07	8.26e-08
 5.33262e+21	1.23e-02	3.06e-01	6.73e-01	7.33e-03	1.15e-03	5.57e-06	1.59e-07	0.00e+00	0.00e+00	1.23e-02	1.26e-07	1.00e-07
 5.37496e+21	1.52e-02	3.39e-01	6.38e-01	6.20e-03	1.05e-03	4.44e-06	1.30e-07	0.00e+00	0.00e+00	1.52e-02	1.57e-07	1.23e-07
 5.41255e+21	1.84e-02	3.71e-01	6.04e-01	5.29e-03	9.54e-04	3.59e-06	0.00e+00	0.00e+00	0.00e+00	1.84e-02	1.91e-07	1.49e-07
 5.44614e+21	2.18e-02	4.02e-01	5.71e-01	4.55e-03	8.73e-04	2.94e-06	0.00e+00	0.00e+00	0.00e+00	2.18e-02	2.27e-07	1.76e-07
 5.48362e+21	2.68e-02	4.40e-01	5.28e-01	3.77e-03	7.79e-04	2.29e-06	0.00e+00	0.00e+00	0.00e+00	2.68e-02	2.78e-07	2.15e-07
 5.52358e+21	3.34e-02	4.84e-01	4.79e-01	3.02e-03	6.79e-04	1.72e-06	0.00e+00	0.00e+00	0.00e+00	3.34e-02	3.48e-07	2.67e-07
 5.55739e+21	4.05e-02	5.22e-01	4.34e-01	2.46e-03	5.93e-04	1.32e-06	0.00e+00	0.00e+00	0.00e+00	4.05e-02	4.20e-07	3.22e-07
 5.58672e+21	4.79e-02	5.57e-01	3.93e-01	2.03e-03	5.19e-04	1.03e-06	0.00e+00	0.00e+00	0.00e+00	4.79e-02	4.96e-07	3.79e-07
 5.61471e+21	5.64e-02	5.89e-01	3.53e-01	1.67e-03	4.50e-04	7.92e-07	0.00e+00	0.00e+00	0.00e+00	5.64e-02	5.81e-07	4.43e-07
 5.64170e+21	6.64e-02	6.19e-01	3.13e-01	1.35e-03	3.84e-04	5.99e-07	0.00e+00	0.00e+00	0.00e+00	6.64e-02	6.80e-07	5.17e-07
 5.66754e+21	7.76e-02	6.47e-01	2.74e-01	1.09e-03	3.25e-04	4.50e-07	0.00e+00	0.00e+00	0.00e+00	7.76e-02	7.89e-07	5.99e-07
 5.69223e+21	9.00e-02	6.71e-01	2.38e-01	8.76e-04	2.71e-04	3.35e-07	0.00e+00	0.00e+00	0.00e+00	9.00e-02	9.08e-07	6.89e-07
 5.71636e+21	1.04e-01	6.91e-01	2.04e-01	6.98e-04	2.24e-04	2.45e-07	0.00e+00	0.00e+00	0.00e+00	1.04e-01	1.04e-06	7.88e-07
 5.74023e+21	1.20e-01	7.07e-01	1.73e-01	5.54e-04	1.82e-04	1.78e-07	0.00e+00	0.00e+00	0.00e+00	1.20e-01	1.18e-06	8.96e-07
 5.76755e+21	1.41e-01	7.19e-01	1.39e-01	4.17e-04	1.39e-04	1.18e-07	0.00e+00	0.00e+00	0.00e+00	1.41e-01	1.37e-06	1.04e-06
 5.79617e+21	1.67e-01	7.24e-01	1.08e-01	3.06e-04	1.01e-04	0.00e+00	0.00e+00	0.00e+00	0.00e+00	1.67e-01	1.60e-06	1.20e-06
 5.82023e+21	1.93e-01	7.22e-01	8.49e-02	2.33e-04	7.54e-05	0.00e+00	0.00e+00	0.00e+00	0.00e+00	1.93e-01	1.80e-06	1.36e-06
 5.84116e+21	2.18e-01	7.14e-01	6.76e-02	1.84e-04	5.71e-05	0.00e+00	0.00e+00	0.00e+00	0.00e+00	2.18e-01	1.99e-06	1.50e-06
 5.86431e+21	2.49e-01	6.99e-01	5.13e-02	1.41e-04	4.07e-05	0.00e+00	0.00e+00	0.00e+00	0.00e+00	2.49e-01	2.22e-06	1.67e-06
 5.88843e+21	2.84e-01	6.78e-01	3.78e-02	1.07e-04	2.82e-05	0.00e+00	0.00e+00	0.00e+00	0.00e+00	2.84e-01	2.45e-06	1.84e-06
 5.90833e+21	3.17e-01	6.54e-01	2.88e-02	8.57e-05	2.02e-05	0.00e+00	0.00e+00	0.00e+00	0.00e+00	3.17e-01	2.64e-06	1.99e-06
 5.92522e+21	3.45e-01	6.32e-01	2.26e-02	7.15e-05	1.52e-05	0.00e+00	0.00e+00	0.00e+00	0.00e+00	3.45e-01	2.79e-06	2.10e-06
 5.94234e+21	3.76e-01	6.06e-01	1.74e-02	5.94e-05	1.11e-05	0.00e+00	0.00e+00	0.00e+00	0.00e+00	3.76e-01	2.94e-06	2.21e-06
 5.96175e+21	4.12e-01	5.75e-01	1.29e-02	4.87e-05	7.82e-06	0.00e+00	0.00e+00	0.00e+00	0.00e+00	4.12e-01	3.09e-06	2.32e-06
 5.98054e+21	4.47e-01	5.44e-01	9.59e-03	4.05e-05	5.53e-06	0.00e+00	0.00e+00	0.00e+00	0.00e+00	4.47e-01	3.21e-06	2.41e-06
 5.99600e+21	4.75e-01	5.17e-01	7.48e-03	3.50e-05	4.15e-06	0.00e+00	0.00e+00	0.00e+00	0.00e+00	4.75e-01	3.29e-06	2.47e-06
 6.00953e+21	5.01e-01	4.93e-01	6.00e-03	3.09e-05	3.22e-06	0.00e+00	0.00e+00	0.00e+00	0.00e+00	5.01e-01	3.34e-06	2.51e-06
 6.02277e+21	5.25e-01	4.70e-01	4.84e-03	2.75e-05	2.52e-06	0.00e+00	0.00e+00	0.00e+00	0.00e+00	5.25e-01	3.38e-06	2.53e-06
 6.03618e+21	5.49e-01	4.47e-01	3.91e-03	2.46e-05	1.98e-06	0.00e+00	0.00e+00	0.00e+00	0.00e+00	5.49e-01	3.41e-06	2.55e-06
 6.04934e+21	5.70e-01	4.27e-01	3.19e-03	2.22e-05	1.58e-06	0.00e+00	0.00e+00	0.00e+00	0.00e+00	5.70e-01	3.42e-06	2.56e-06
 6.06183e+21	5.90e-01	4.07e-01	2.65e-03	2.02e-05	1.28e-06	0.00e+00	0.00e+00	0.00e+00	0.00e+00	5.90e-01	3.43e-06	2.56e-06
 6.07169e+21	6.04e-01	3.94e-01	2.31e-03	1.89e-05	1.10e-06	0.00e+00	0.00e+00	0.00e+00	0.00e+00	6.04e-01	3.42e-06	2.56e-06
 6.07901e+21	6.14e-01	3.84e-01	2.09e-03	1.80e-05	9.82e-07	0.00e+00	0.00e+00	0.00e+00	0.00e+00	6.14e-01	3.42e-06	2.55e-06
 6.08667e+21	6.25e-01	3.73e-01	1.89e-03	1.71e-05	8.76e-07	0.00e+00	0.00e+00	0.00e+00	0.00e+00	6.25e-01	3.41e-06	2.55e-06
 6.09576e+21	6.36e-01	3.62e-01	1.68e-03	1.61e-05	7.70e-07	0.00e+00	0.00e+00	0.00e+00	0.00e+00	6.36e-01	3.40e-06	2.54e-06
 6.10569e+21	6.48e-01	3.50e-01	1.49e-03	1.52e-05	6.74e-07	0.00e+00	0.00e+00	0.00e+00	0.00e+00	6.48e-01	3.38e-06	2.52e-06
 6.11573e+21	6.59e-01	3.40e-01	1.33e-03	1.44e-05	5.97e-07	0.00e+00	0.00e+00	0.00e+00	0.00e+00	6.59e-01	3.37e-06	2.51e-06
 6.12627e+21	6.70e-01	3.29e-01	1.20e-03	1.37e-05	5.30e-07	0.00e+00	0.00e+00	0.00e+00	0.00e+00	6.70e-01	3.35e-06	2.49e-06
 6.13776e+21	6.80e-01	3.19e-01	1.08e-03	1.30e-05	4.71e-07	0.00e+00	0.00e+00	0.00e+00	0.00e+00	6.80e-01	3.33e-06	2.48e-06
 6.15046e+21	6.90e-01	3.09e-01	9.70e-04	1.23e-05	4.20e-07	0.00e+00	0.00e+00	0.00e+00	0.00e+00	6.90e-01	3.30e-06	2.46e-06
 6.16463e+21	6.99e-01	3.00e-01	8.79e-04	1.17e-05	3.76e-07	0.00e+00	0.00e+00	0.00e+00	0.00e+00	6.99e-01	3.28e-06	2.44e-06
 6.18096e+21	7.08e-01	2.91e-01	7.98e-04	1.11e-05	3.37e-07	0.00e+00	0.00e+00	0.00e+00	0.00e+00	7.08e-01	3.26e-06	2.42e-06
 6.19943e+21	7.16e-01	2.83e-01	7.33e-04	1.07e-05	3.07e-07	0.00e+00	0.00e+00	0.00e+00	0.00e+00	7.16e-01	3.23e-06	2.40e-06
 6.21825e+21	7.22e-01	2.77e-01	6.85e-04	1.03e-05	2.84e-07	0.00e+00	0.00e+00	0.00e+00	0.00e+00	7.22e-01	3.22e-06	2.38e-06
 6.23655e+21	7.27e-01	2.72e-01	6.51e-04	1.00e-05	2.68e-07	0.00e+00	0.00e+00	0.00e+00	0.00e+00	7.27e-01	3.20e-06	2.37e-06
 6.25443e+21	7.31e-01	2.68e-01	6.25e-04	9.78e-06	2.55e-07	0.00e+00	0.00e+00	0.00e+00	0.00e+00	7.31e-01	3.19e-06	2.36e-06
 6.27201e+21	7.34e-01	2.66e-01	6.06e-04	9.61e-06	2.46e-07	0.00e+00	0.00e+00	0.00e+00	0.00e+00	7.34e-01	3.18e-06	2.35e-06
 6.29206e+21	7.37e-01	2.63e-01	5.88e-04	9.44e-06	2.37e-07	0.00e+00	0.00e+00	0.00e+00	0.00e+00	7.37e-01	3.17e-06	2.34e-06
 6.31814e+21	7.40e-01	2.59e-01	5.68e-04	9.24e-06	2.27e-07	0.00e+00	0.00e+00	0.00e+00	0.00e+00	7.40e-01	3.17e-06	2.33e-06
 6.35203e+21	7.43e-01	2.56e-01	5.49e-04	9.04e-06	2.18e-07	0.00e+00	0.00e+00	0.00e+00	0.00e+00	7.43e-01	3.16e-06	2.32e-06
 6.39609e+21	7.47e-01	2.53e-01	5.28e-04	8.81e-06	2.07e-07	0.00e+00	0.00e+00	0.00e+00	0.00e+00	7.47e-01	3.15e-06	2.31e-06
 6.45338e+21	7.51e-01	2.48e-01	5.04e-04	8.53e-06	1.95e-07	0.00e+00	0.00e+00	0.00e+00	0.00e+00	7.51e-01	3.13e-06	2.30e-06
 6.52784e+21	7.56e-01	2.43e-01	4.78e-04	8.22e-06	1.82e-07	0.00e+00	0.00e+00	0.00e+00	0.00e+00	7.56e-01	3.12e-06	2.28e-06
 6.62465e+21	7.62e-01	2.37e-01	4.47e-04	7.85e-06	1.67e-07	0.00e+00	0.00e+00	0.00e+00	0.00e+00	7.62e-01	3.11e-06	2.26e-06
 6.75050e+21	7.70e-01	2.30e-01	4.12e-04	7.39e-06	1.49e-07	0.00e+00	0.00e+00	0.00e+00	0.00e+00	7.70e-01	3.08e-06	2.24e-06
 6.90634e+21	7.79e-01	2.21e-01	3.76e-04	6.89e-06	1.32e-07	0.00e+00	0.00e+00	0.00e+00	0.00e+00	7.79e-01	3.06e-06	2.21e-06
 7.07848e+21	7.87e-01	2.12e-01	3.44e-04	6.41e-06	0.00e+00	0.00e+00	0.00e+00	0.00e+00	0.00e+00	7.87e-01	3.04e-06	2.17e-06
 7.25263e+21	7.95e-01	2.04e-01	3.16e-04	5.97e-06	0.00e+00	0.00e+00	0.00e+00	0.00e+00	0.00e+00	7.95e-01	3.02e-06	2.14e-06
 7.42817e+21	8.03e-01	1.97e-01	2.92e-04	5.58e-06	0.00e+00	0.00e+00	0.00e+00	0.00e+00	0.00e+00	8.03e-01	3.00e-06	2.11e-06
 7.60926e+21	8.10e-01	1.90e-01	2.71e-04	5.21e-06	0.00e+00	0.00e+00	0.00e+00	0.00e+00	0.00e+00	8.10e-01	2.97e-06	2.07e-06
 7.79817e+21	8.17e-01	1.83e-01	2.52e-04	4.86e-06	0.00e+00	0.00e+00	0.00e+00	0.00e+00	0.00e+00	8.17e-01	2.94e-06	2.04e-06
 7.99516e+21	8.24e-01	1.76e-01	2.35e-04	4.54e-06	0.00e+00	0.00e+00	0.00e+00	0.00e+00	0.00e+00	8.24e-01	2.92e-06	2.00e-06
 8.19875e+21	8.30e-01	1.70e-01	2.20e-04	4.23e-06	0.00e+00	0.00e+00	0.00e+00	0.00e+00	0.00e+00	8.30e-01	2.89e-06	1.97e-06
 8.40825e+21	8.37e-01	1.63e-01	2.06e-04	3.95e-06	0.00e+00	0.00e+00	0.00e+00	0.00e+00	0.00e+00	8.37e-01	2.87e-06	1.94e-06
 8.62486e+21	8.43e-01	1.57e-01	1.94e-04	3.68e-06	0.00e+00	0.00e+00	0.00e+00	0.00e+00	0.00e+00	8.43e-01	2.84e-06	1.90e-06
 8.84906e+21	8.48e-01	1.51e-01	1.83e-04	3.43e-06	0.00e+00	0.00e+00	0.00e+00	0.00e+00	0.00e+00	8.48e-01	2.82e-06	1.87e-06
 9.08078e+21	8.54e-01	1.46e-01	1.72e-04	3.19e-06	0.00e+00	0.00e+00	0.00e+00	0.00e+00	0.00e+00	8.54e-01	2.80e-06	1.84e-06
 9.32001e+21	8.59e-01	1.40e-01	1.63e-04	2.97e-06	0.00e+00	0.00e+00	0.00e+00	0.00e+00	0.00e+00	8.59e-01	2.78e-06	1.81e-06
 9.56708e+21	8.64e-01	1.35e-01	1.54e-04	2.77e-06	0.00e+00	0.00e+00	0.00e+00	0.00e+00	0.00e+00	8.64e-01	2.76e-06	1.78e-06
 9.82221e+21	8.70e-01	1.30e-01	1.47e-04	2.58e-06	0.00e+00	0.00e+00	0.00e+00	0.00e+00	0.00e+00	8.70e-01	2.74e-06	1.75e-06
 1.00866e+22	8.74e-01	1.26e-01	1.39e-04	2.40e-06	0.00e+00	0.00e+00	0.00e+00	0.00e+00	0.00e+00	8.74e-01	2.72e-06	1.72e-06
 1.03596e+22	8.79e-01	1.21e-01	1.32e-04	2.23e-06	0.00e+00	0.00e+00	0.00e+00	0.00e+00	0.00e+00	8.79e-01	2.70e-06	1.69e-06
 1.06404e+22	8.83e-01	1.16e-01	1.26e-04	2.07e-06	0.00e+00	0.00e+00	0.00e+00	0.00e+00	0.00e+00	8.83e-01	2.68e-06	1.66e-06
 1.09304e+22	8.88e-01	1.12e-01	1.20e-04	1.92e-06	0.00e+00	0.00e+00	0.00e+00	0.00e+00	0.00e+00	8.88e-01	2.66e-06	1.64e-06
 1.12304e+22	8.92e-01	1.08e-01	1.14e-04	1.78e-06	0.00e+00	0.00e+00	0.00e+00	0.00e+00	0.00e+00	8.92e-01	2.65e-06	1.61e-06
 1.15411e+22	8.96e-01	1.04e-01	1.09e-04	1.65e-06	0.00e+00	0.00e+00	0.00e+00	0.00e+00	0.00e+00	8.96e-01	2.63e-06	1.58e-06
 1.18625e+22	9.00e-01	1.00e-01	1.04e-04	1.53e-06	0.00e+00	0.00e+00	0.00e+00	0.00e+00	0.00e+00	9.00e-01	2.62e-06	1.56e-06
 1.21937e+22	9.03e-01	9.66e-02	9.93e-05	1.42e-06	0.00e+00	0.00e+00	0.00e+00	0.00e+00	0.00e+00	9.03e-01	2.60e-06	1.53e-06
 1.25363e+22	9.07e-01	9.30e-02	9.48e-05	1.31e-06	0.00e+00	0.00e+00	0.00e+00	0.00e+00	0.00e+00	9.07e-01	2.59e-06	1.51e-06
 1.28923e+22	9.10e-01	8.96e-02	9.05e-05	1.21e-06	0.00e+00	0.00e+00	0.00e+00	0.00e+00	0.00e+00	9.10e-01	2.57e-06	1.49e-06
 1.32626e+22	9.14e-01	8.63e-02	8.63e-05	1.12e-06	0.00e+00	0.00e+00	0.00e+00	0.00e+00	0.00e+00	9.14e-01	2.56e-06	1.46e-06
 1.36471e+22	9.17e-01	8.32e-02	8.23e-05	1.03e-06	0.00e+00	0.00e+00	0.00e+00	0.00e+00	0.00e+00	9.17e-01	2.54e-06	1.44e-06
 1.40432e+22	9.20e-01	8.02e-02	7.85e-05	9.50e-07	0.00e+00	0.00e+00	0.00e+00	0.00e+00	0.00e+00	9.20e-01	2.53e-06	1.42e-06
 1.44550e+22	9.23e-01	7.73e-02	7.48e-05	8.74e-07	0.00e+00	0.00e+00	0.00e+00	0.00e+00	0.00e+00	9.23e-01	2.52e-06	1.40e-06
 1.48883e+22	9.25e-01	7.44e-02	7.11e-05	8.03e-07	0.00e+00	0.00e+00	0.00e+00	0.00e+00	0.00e+00	9.25e-01	2.50e-06	1.38e-06
 1.53411e+22	9.28e-01	7.17e-02	6.76e-05	7.36e-07	0.00e+00	0.00e+00	0.00e+00	0.00e+00	0.00e+00	9.28e-01	2.49e-06	1.36e-06
 1.58139e+22	9.31e-01	6.91e-02	6.41e-05	6.74e-07	0.00e+00	0.00e+00	0.00e+00	0.00e+00	0.00e+00	9.31e-01	2.47e-06	1.34e-06
 1.63095e+22	9.33e-01	6.67e-02	6.08e-05	6.16e-07	0.00e+00	0.00e+00	0.00e+00	0.00e+00	0.00e+00	9.33e-01	2.46e-06	1.32e-06
 1.68098e+22	9.36e-01	6.44e-02	5.76e-05	5.65e-07	0.00e+00	0.00e+00	0.00e+00	0.00e+00	0.00e+00	9.36e-01	2.44e-06	1.30e-06
 1.72902e+22	9.38e-01	6.24e-02	5.48e-05	5.20e-07	0.00e+00	0.00e+00	0.00e+00	0.00e+00	0.00e+00	9.38e-01	2.43e-06	1.29e-06
 1.77579e+22	9.39e-01	6.06e-02	5.21e-05	4.81e-07	0.00e+00	0.00e+00	0.00e+00	0.00e+00	0.00e+00	9.39e-01	2.42e-06	1.27e-06
 1.82950e+22	9.41e-01	5.86e-02	4.93e-05	4.40e-07	0.00e+00	0.00e+00	0.00e+00	0.00e+00	0.00e+00	9.41e-01	2.40e-06	1.25e-06
 1.88920e+22	9.43e-01	5.67e-02	4.63e-05	4.01e-07	0.00e+00	0.00e+00	0.00e+00	0.00e+00	0.00e+00	9.43e-01	2.38e-06	1.24e-06
 1.94293e+22	9.45e-01	5.53e-02	4.39e-05	3.70e-07	0.00e+00	0.00e+00	0.00e+00	0.00e+00	0.00e+00	9.45e-01	2.36e-06	1.22e-06
 1.99010e+22	9.46e-01	5.40e-02	4.19e-05	3.45e-07	0.00e+00	0.00e+00	0.00e+00	0.00e+00	0.00e+00	9.46e-01	2.34e-06	1.21e-06
 2.04249e+22	9.47e-01	5.27e-02	3.97e-05	3.19e-07	0.00e+00	0.00e+00	0.00e+00	0.00e+00	0.00e+00	9.47e-01	2.32e-06	1.20e-06
 2.11059e+22	9.49e-01	5.11e-02	3.70e-05	2.88e-07	0.00e+00	0.00e+00	0.00e+00	0.00e+00	0.00e+00	9.49e-01	2.29e-06	1.19e-06
 2.18246e+22	9.50e-01	4.96e-02	3.45e-05	2.61e-07	0.00e+00	0.00e+00	0.00e+00	0.00e+00	0.00e+00	9.50e-01	2.26e-06	1.17e-06
 2.24294e+22	9.51e-01	4.85e-02	3.25e-05	2.41e-07	0.00e+00	0.00e+00	0.00e+00	0.00e+00	0.00e+00	9.51e-01	2.23e-06	1.17e-06
 2.30529e+22	9.52e-01	4.75e-02	3.06e-05	2.22e-07	0.00e+00	0.00e+00	0.00e+00	0.00e+00	0.00e+00	9.52e-01	2.20e-06	1.16e-06
 2.37779e+22	9.53e-01	4.65e-02	2.84e-05	2.03e-07	0.00e+00	0.00e+00	0.00e+00	0.00e+00	0.00e+00	9.53e-01	2.17e-06	1.15e-06
 2.44858e+22	9.54e-01	4.55e-02	2.66e-05	1.86e-07	0.00e+00	0.00e+00	0.00e+00	0.00e+00	0.00e+00	9.54e-01	2.12e-06	1.14e-06
 2.51229e+22	9.55e-01	4.48e-02	2.50e-05	1.72e-07	0.00e+00	0.00e+00	0.00e+00	0.00e+00	0.00e+00	9.55e-01	2.08e-06	1.14e-06
 2.56963e+22	9.56e-01	4.41e-02	2.37e-05	1.61e-07	0.00e+00	0.00e+00	0.00e+00	0.00e+00	0.00e+00	9.56e-01	2.04e-06	1.13e-06
 2.62123e+22	9.56e-01	4.36e-02	2.26e-05	1.52e-07	0.00e+00	0.00e+00	0.00e+00	0.00e+00	0.00e+00	9.56e-01	2.00e-06	1.13e-06
 2.66768e+22	9.57e-01	4.32e-02	2.16e-05	1.44e-07	0.00e+00	0.00e+00	0.00e+00	0.00e+00	0.00e+00	9.57e-01	1.96e-06	1.12e-06
 2.70948e+22	9.57e-01	4.28e-02	2.08e-05	1.37e-07	0.00e+00	0.00e+00	0.00e+00	0.00e+00	0.00e+00	9.57e-01	1.93e-06	1.12e-06
 2.74710e+22	9.57e-01	4.25e-02	2.01e-05	1.32e-07	0.00e+00	0.00e+00	0.00e+00	0.00e+00	0.00e+00	9.57e-01	1.89e-06	1.12e-06
 2.78096e+22	9.58e-01	4.23e-02	1.94e-05	1.27e-07	0.00e+00	0.00e+00	0.00e+00	0.00e+00	0.00e+00	9.58e-01	1.86e-06	1.12e-06
 2.81242e+22	9.58e-01	4.20e-02	1.89e-05	0.00e+00	0.00e+00	0.00e+00	0.00e+00	0.00e+00	0.00e+00	9.58e-01	1.83e-06	1.12e-06
 2.84328e+22	9.58e-01	4.17e-02	1.83e-05	0.00e+00	0.00e+00	0.00e+00	0.00e+00	0.00e+00	0.00e+00	9.58e-01	1.80e-06	1.11e-06
 2.87414e+22	9.58e-01	4.15e-02	1.78e-05	0.00e+00	0.00e+00	0.00e+00	0.00e+00	0.00e+00	0.00e+00	9.58e-01	1.77e-06	1.11e-06
 2.90499e+22	9.59e-01	4.12e-02	1.73e-05	0.00e+00	0.00e+00	0.00e+00	0.00e+00	0.00e+00	0.00e+00	9.59e-01	1.74e-06	1.11e-06
 2.93585e+22	9.59e-01	4.10e-02	1.68e-05	0.00e+00	0.00e+00	0.00e+00	0.00e+00	0.00e+00	0.00e+00	9.59e-01	1.71e-06	1.11e-06
 2.96671e+22	9.59e-01	4.07e-02	1.63e-05	0.00e+00	0.00e+00	0.00e+00	0.00e+00	0.00e+00	0.00e+00	9.59e-01	1.68e-06	1.11e-06
 2.99756e+22	9.60e-01	4.04e-02	1.59e-05	0.00e+00	0.00e+00	0.00e+00	0.00e+00	0.00e+00	0.00e+00	9.60e-01	1.65e-06	1.11e-06
 3.02842e+22	9.60e-01	4.00e-02	1.54e-05	0.00e+00	0.00e+00	0.00e+00	0.00e+00	0.00e+00	0.00e+00	9.60e-01	1.61e-06	1.10e-06
 3.05536e+22	9.60e-01	3.95e-02	1.50e-05	0.00e+00	0.00e+00	0.00e+00	0.00e+00	0.00e+00	0.00e+00	9.60e-01	1.57e-06	1.10e-06
 3.07215e+22	9.61e-01	3.92e-02	1.48e-05	0.00e+00	0.00e+00	0.00e+00	0.00e+00	0.00e+00	0.00e+00	9.61e-01	1.55e-06	1.10e-06
 3.07972e+22	9.61e-01	3.90e-02	1.47e-05	0.00e+00	0.00e+00	0.00e+00	0.00e+00	0.00e+00	0.00e+00	9.61e-01	1.53e-06	1.10e-06
 3.08384e+22	9.61e-01	3.89e-02	1.46e-05	0.00e+00	0.00e+00	0.00e+00	0.00e+00	0.00e+00	0.00e+00	9.61e-01	1.53e-06	1.10e-06
