#depth	He	He+	He+2
 3.35169e+15	3.42e-03	3.53e-01	6.43e-01
 2.01101e+16	3.42e-03	3.53e-01	6.43e-01
 8.71439e+16	3.40e-03	3.53e-01	6.43e-01
 3.55279e+17	3.40e-03	3.57e-01	6.39e-01
 8.48648e+17	3.33e-03	3.60e-01	6.37e-01
 1.48145e+18	3.33e-03	3.66e-01	6.30e-01
 2.29551e+18	3.39e-03	3.78e-01	6.18e-01
 3.35379e+18	3.53e-03	3.98e-01	5.98e-01
 4.72955e+18	3.82e-03	4.28e-01	5.68e-01
 6.34261e+18	4.25e-03	4.68e-01	5.28e-01
 7.95686e+18	4.81e-03	5.13e-01	4.82e-01
 9.26211e+18	5.35e-03	5.51e-01	4.43e-01
 1.01850e+19	5.78e-03	5.79e-01	4.15e-01
 1.09669e+19	6.22e-03	6.03e-01	3.91e-01
 1.18534e+19	6.80e-03	6.30e-01	3.63e-01
 1.27652e+19	7.37e-03	6.55e-01	3.38e-01
 1.35143e+19	7.91e-03	6.75e-01	3.17e-01
 1.41756e+19	8.42e-03	6.92e-01	3.00e-01
 1.49188e+19	9.06e-03	7.10e-01	2.81e-01
 1.57088e+19	9.78e-03	7.28e-01	2.62e-01
 1.63851e+19	1.04e-02	7.42e-01	2.48e-01
 1.69960e+19	1.11e-02	7.54e-01	2.35e-01
 1.76961e+19	1.19e-02	7.67e-01	2.21e-01
 1.84422e+19	1.29e-02	7.79e-01	2.08e-01
 1.90929e+19	1.38e-02	7.89e-01	1.97e-01
 1.96827e+19	1.48e-02	7.97e-01	1.88e-01
 2.03484e+19	1.61e-02	8.06e-01	1.78e-01
 2.10700e+19	1.77e-02	8.14e-01	1.68e-01
 2.17081e+19	1.93e-02	8.20e-01	1.61e-01
 2.22765e+19	2.10e-02	8.25e-01	1.54e-01
 2.29105e+19	2.32e-02	8.30e-01	1.47e-01
 2.35583e+19	2.59e-02	8.34e-01	1.41e-01
 2.40636e+19	2.84e-02	8.36e-01	1.36e-01
 2.44727e+19	3.07e-02	8.37e-01	1.32e-01
 2.49173e+19	3.37e-02	8.38e-01	1.28e-01
 2.53987e+19	3.73e-02	8.38e-01	1.24e-01
 2.58163e+19	4.10e-02	8.38e-01	1.21e-01
 2.61730e+19	4.45e-02	8.37e-01	1.19e-01
 2.65626e+19	4.90e-02	8.35e-01	1.16e-01
 2.69891e+19	5.46e-02	8.32e-01	1.13e-01
 2.73682e+19	6.02e-02	8.28e-01	1.11e-01
 2.77098e+19	6.57e-02	8.24e-01	1.10e-01
 2.80977e+19	7.31e-02	8.19e-01	1.08e-01
 2.85329e+19	8.23e-02	8.12e-01	1.06e-01
 2.89505e+19	9.24e-02	8.03e-01	1.05e-01
 2.93509e+19	1.04e-01	7.93e-01	1.03e-01
 2.97485e+19	1.16e-01	7.82e-01	1.02e-01
 3.01173e+19	1.28e-01	7.71e-01	1.01e-01
 3.04515e+19	1.40e-01	7.60e-01	1.00e-01
 3.07716e+19	1.53e-01	7.48e-01	9.90e-02
 3.10874e+19	1.67e-01	7.35e-01	9.82e-02
 3.14012e+19	1.81e-01	7.22e-01	9.70e-02
 3.17126e+19	1.96e-01	7.08e-01	9.62e-02
 3.19732e+19	2.09e-01	6.96e-01	9.52e-02
 3.21571e+19	2.18e-01	6.87e-01	9.45e-02
 3.23335e+19	2.28e-01	6.78e-01	9.38e-02
 3.25434e+19	2.40e-01	6.68e-01	9.28e-02
 3.27744e+19	2.53e-01	6.56e-01	9.18e-02
 3.30062e+19	2.66e-01	6.44e-01	9.06e-02
 3.32423e+19	2.79e-01	6.31e-01	8.95e-02
 3.34932e+19	2.94e-01	6.18e-01	8.80e-02
 3.37584e+19	3.09e-01	6.04e-01	8.66e-02
 3.40397e+19	3.26e-01	5.89e-01	8.48e-02
 3.43396e+19	3.43e-01	5.74e-01	8.31e-02
 3.46657e+19	3.61e-01	5.58e-01	8.10e-02
 3.50240e+19	3.80e-01	5.41e-01	7.87e-02
 3.54121e+19	3.99e-01	5.25e-01	7.62e-02
 3.58471e+19	4.19e-01	5.08e-01	7.35e-02
 3.63493e+19	4.39e-01	4.90e-01	7.05e-02
 3.68996e+19	4.58e-01	4.74e-01	6.74e-02
 3.74536e+19	4.74e-01	4.61e-01	6.47e-02
 3.80825e+19	4.91e-01	4.48e-01	6.16e-02
 3.89002e+19	5.08e-01	4.34e-01	5.82e-02
 3.99631e+19	5.26e-01	4.20e-01	5.41e-02
 4.13048e+19	5.44e-01	4.06e-01	4.99e-02
 4.28612e+19	5.63e-01	3.92e-01	4.56e-02
 4.45684e+19	5.80e-01	3.78e-01	4.16e-02
 4.64305e+19	5.98e-01	3.65e-01	3.78e-02
 4.84154e+19	6.14e-01	3.51e-01	3.43e-02
 5.04930e+19	6.31e-01	3.38e-01	3.11e-02
 5.26752e+19	6.47e-01	3.25e-01	2.82e-02
 5.49785e+19	6.62e-01	3.12e-01	2.56e-02
 5.74032e+19	6.77e-01	3.00e-01	2.32e-02
 5.99384e+19	6.91e-01	2.88e-01	2.10e-02
 6.25925e+19	7.05e-01	2.76e-01	1.90e-02
 6.53785e+19	7.18e-01	2.65e-01	1.72e-02
 6.83011e+19	7.31e-01	2.53e-01	1.56e-02
 7.13602e+19	7.43e-01	2.43e-01	1.41e-02
 7.45577e+19	7.55e-01	2.32e-01	1.28e-02
 7.79026e+19	7.66e-01	2.22e-01	1.16e-02
 8.13750e+19	7.77e-01	2.13e-01	1.05e-02
 8.49934e+19	7.87e-01	2.03e-01	9.49e-03
 8.87872e+19	7.97e-01	1.94e-01	8.59e-03
 9.27306e+19	8.07e-01	1.86e-01	7.77e-03
 9.68150e+19	8.16e-01	1.77e-01	7.04e-03
 1.01053e+20	8.24e-01	1.69e-01	6.37e-03
 1.05461e+20	8.32e-01	1.62e-01	5.77e-03
 1.09997e+20	8.40e-01	1.55e-01	5.22e-03
 1.14717e+20	8.48e-01	1.48e-01	4.72e-03
 1.19638e+20	8.55e-01	1.41e-01	4.27e-03
 1.24661e+20	8.62e-01	1.35e-01	3.87e-03
 1.29802e+20	8.68e-01	1.29e-01	3.51e-03
 1.35115e+20	8.74e-01	1.23e-01	3.18e-03
 1.40557e+20	8.80e-01	1.17e-01	2.89e-03
 1.46153e+20	8.85e-01	1.12e-01	2.62e-03
 1.51956e+20	8.90e-01	1.07e-01	2.38e-03
 1.57916e+20	8.95e-01	1.02e-01	2.16e-03
 1.64016e+20	9.00e-01	9.78e-02	1.96e-03
 1.70245e+20	9.05e-01	9.35e-02	1.78e-03
 1.76506e+20	9.09e-01	8.94e-02	1.62e-03
 1.82687e+20	9.13e-01	8.57e-02	1.49e-03
 1.88766e+20	9.16e-01	8.22e-02	1.36e-03
 1.94754e+20	9.20e-01	7.91e-02	1.26e-03
 2.00642e+20	9.23e-01	7.61e-02	1.16e-03
 2.06408e+20	9.26e-01	7.34e-02	1.07e-03
 2.12024e+20	9.28e-01	7.09e-02	1.00e-03
 2.17466e+20	9.30e-01	6.86e-02	9.33e-04
 2.22716e+20	9.33e-01	6.65e-02	8.75e-04
 2.27766e+20	9.35e-01	6.45e-02	8.22e-04
 2.32608e+20	9.36e-01	6.28e-02	7.76e-04
 2.37228e+20	9.38e-01	6.11e-02	7.34e-04
