#depth	O	O+	O+2	O+3	O+4	O+5	O+6	O+7	O+8	O[1]	O[2]	O[3]
 1.56738e+16	8.42e-02	8.51e-01	6.44e-02	2.42e-04	1.34e-06	0.00e+00	0.00e+00	0.00e+00	0.00e+00	8.42e-02	7.95e-07	6.60e-07
 9.40426e+16	8.44e-02	8.51e-01	6.44e-02	2.41e-04	1.34e-06	0.00e+00	0.00e+00	0.00e+00	0.00e+00	8.44e-02	7.95e-07	6.61e-07
 4.07518e+17	8.41e-02	8.51e-01	6.48e-02	2.43e-04	1.34e-06	0.00e+00	0.00e+00	0.00e+00	0.00e+00	8.41e-02	7.92e-07	6.59e-07
 1.66142e+18	8.34e-02	8.50e-01	6.60e-02	2.46e-04	1.36e-06	0.00e+00	0.00e+00	0.00e+00	0.00e+00	8.34e-02	7.86e-07	6.54e-07
 3.96860e+18	7.85e-02	8.49e-01	7.20e-02	2.78e-04	1.53e-06	0.00e+00	0.00e+00	0.00e+00	0.00e+00	7.84e-02	7.41e-07	6.18e-07
 6.96793e+18	7.62e-02	8.49e-01	7.50e-02	2.90e-04	1.59e-06	0.00e+00	0.00e+00	0.00e+00	0.00e+00	7.62e-02	7.21e-07	6.01e-07
 1.08671e+19	7.59e-02	8.48e-01	7.57e-02	2.85e-04	1.56e-06	0.00e+00	0.00e+00	0.00e+00	0.00e+00	7.59e-02	7.19e-07	5.99e-07
 1.59359e+19	7.79e-02	8.48e-01	7.39e-02	2.62e-04	1.43e-06	0.00e+00	0.00e+00	0.00e+00	0.00e+00	7.79e-02	7.36e-07	6.13e-07
 2.21903e+19	8.23e-02	8.48e-01	6.95e-02	2.24e-04	1.22e-06	0.00e+00	0.00e+00	0.00e+00	0.00e+00	8.23e-02	7.76e-07	6.46e-07
 2.92808e+19	9.00e-02	8.47e-01	6.27e-02	1.77e-04	9.73e-07	0.00e+00	0.00e+00	0.00e+00	0.00e+00	9.00e-02	8.44e-07	7.02e-07
 3.74867e+19	1.03e-01	8.44e-01	5.30e-02	1.25e-04	7.01e-07	0.00e+00	0.00e+00	0.00e+00	0.00e+00	1.03e-01	9.56e-07	7.94e-07
 4.66311e+19	1.23e-01	8.35e-01	4.23e-02	7.94e-05	4.59e-07	0.00e+00	0.00e+00	0.00e+00	0.00e+00	1.23e-01	1.12e-06	9.31e-07
 5.51105e+19	1.47e-01	8.20e-01	3.28e-02	4.89e-05	2.95e-07	0.00e+00	0.00e+00	0.00e+00	0.00e+00	1.47e-01	1.33e-06	1.10e-06
 6.27259e+19	1.77e-01	7.98e-01	2.52e-02	3.00e-05	1.90e-07	0.00e+00	0.00e+00	0.00e+00	0.00e+00	1.77e-01	1.55e-06	1.28e-06
 7.02315e+19	2.12e-01	7.69e-01	1.90e-02	1.80e-05	1.21e-07	0.00e+00	0.00e+00	0.00e+00	0.00e+00	2.12e-01	1.80e-06	1.49e-06
 7.73908e+19	2.51e-01	7.34e-01	1.42e-02	1.09e-05	0.00e+00	0.00e+00	0.00e+00	0.00e+00	0.00e+00	2.51e-01	2.06e-06	1.70e-06
 8.38210e+19	2.92e-01	6.98e-01	1.08e-02	6.86e-06	0.00e+00	0.00e+00	0.00e+00	0.00e+00	0.00e+00	2.92e-01	2.30e-06	1.89e-06
 8.95592e+19	3.30e-01	6.61e-01	8.47e-03	4.57e-06	0.00e+00	0.00e+00	0.00e+00	0.00e+00	0.00e+00	3.30e-01	2.50e-06	2.06e-06
 9.47555e+19	3.66e-01	6.27e-01	6.77e-03	3.19e-06	0.00e+00	0.00e+00	0.00e+00	0.00e+00	0.00e+00	3.66e-01	2.67e-06	2.19e-06
 9.94351e+19	4.00e-01	5.94e-01	5.52e-03	2.32e-06	0.00e+00	0.00e+00	0.00e+00	0.00e+00	0.00e+00	4.00e-01	2.80e-06	2.30e-06
 1.03841e+20	4.30e-01	5.65e-01	4.58e-03	1.75e-06	0.00e+00	0.00e+00	0.00e+00	0.00e+00	0.00e+00	4.30e-01	2.90e-06	2.38e-06
 1.07981e+20	4.59e-01	5.37e-01	3.84e-03	1.35e-06	0.00e+00	0.00e+00	0.00e+00	0.00e+00	0.00e+00	4.59e-01	2.98e-06	2.44e-06
 1.11856e+20	4.85e-01	5.12e-01	3.27e-03	1.07e-06	0.00e+00	0.00e+00	0.00e+00	0.00e+00	0.00e+00	4.84e-01	3.03e-06	2.49e-06
 1.15694e+20	5.09e-01	4.88e-01	2.78e-03	8.52e-07	0.00e+00	0.00e+00	0.00e+00	0.00e+00	0.00e+00	5.09e-01	3.08e-06	2.52e-06
 1.19540e+20	5.33e-01	4.65e-01	2.38e-03	6.87e-07	0.00e+00	0.00e+00	0.00e+00	0.00e+00	0.00e+00	5.33e-01	3.11e-06	2.55e-06
 1.23360e+20	5.56e-01	4.42e-01	2.04e-03	5.59e-07	0.00e+00	0.00e+00	0.00e+00	0.00e+00	0.00e+00	5.56e-01	3.13e-06	2.56e-06
 1.27138e+20	5.77e-01	4.22e-01	1.76e-03	4.60e-07	0.00e+00	0.00e+00	0.00e+00	0.00e+00	0.00e+00	5.77e-01	3.13e-06	2.57e-06
 1.30905e+20	5.97e-01	4.02e-01	1.52e-03	3.81e-07	0.00e+00	0.00e+00	0.00e+00	0.00e+00	0.00e+00	5.97e-01	3.13e-06	2.56e-06
 1.33970e+20	6.11e-01	3.88e-01	1.36e-03	3.33e-07	0.00e+00	0.00e+00	0.00e+00	0.00e+00	0.00e+00	6.11e-01	3.13e-06	2.56e-06
 1.36187e+20	6.21e-01	3.77e-01	1.25e-03	3.01e-07	0.00e+00	0.00e+00	0.00e+00	0.00e+00	0.00e+00	6.21e-01	3.12e-06	2.55e-06
 1.38425e+20	6.32e-01	3.67e-01	1.15e-03	2.72e-07	0.00e+00	0.00e+00	0.00e+00	0.00e+00	0.00e+00	6.32e-01	3.11e-06	2.54e-06
 1.41019e+20	6.44e-01	3.55e-01	1.04e-03	2.43e-07	0.00e+00	0.00e+00	0.00e+00	0.00e+00	0.00e+00	6.44e-01	3.10e-06	2.53e-06
 1.43835e+20	6.56e-01	3.43e-01	9.39e-04	2.15e-07	0.00e+00	0.00e+00	0.00e+00	0.00e+00	0.00e+00	6.56e-01	3.08e-06	2.52e-06
 1.46645e+20	6.67e-01	3.33e-01	8.50e-04	1.93e-07	0.00e+00	0.00e+00	0.00e+00	0.00e+00	0.00e+00	6.67e-01	3.06e-06	2.50e-06
 1.49490e+20	6.78e-01	3.21e-01	7.67e-04	1.72e-07	0.00e+00	0.00e+00	0.00e+00	0.00e+00	0.00e+00	6.78e-01	3.04e-06	2.48e-06
 1.52430e+20	6.88e-01	3.11e-01	6.93e-04	1.54e-07	0.00e+00	0.00e+00	0.00e+00	0.00e+00	0.00e+00	6.88e-01	3.02e-06	2.46e-06
 1.55486e+20	6.99e-01	3.00e-01	6.22e-04	1.38e-07	0.00e+00	0.00e+00	0.00e+00	0.00e+00	0.00e+00	6.99e-01	2.99e-06	2.44e-06
 1.58642e+20	7.09e-01	2.90e-01	5.60e-04	1.24e-07	0.00e+00	0.00e+00	0.00e+00	0.00e+00	0.00e+00	7.09e-01	2.96e-06	2.42e-06
 1.61894e+20	7.20e-01	2.80e-01	5.01e-04	0.00e+00	0.00e+00	0.00e+00	0.00e+00	0.00e+00	0.00e+00	7.20e-01	2.93e-06	2.39e-06
 1.65263e+20	7.29e-01	2.70e-01	4.49e-04	0.00e+00	0.00e+00	0.00e+00	0.00e+00	0.00e+00	0.00e+00	7.29e-01	2.90e-06	2.37e-06
 1.68761e+20	7.39e-01	2.60e-01	4.00e-04	0.00e+00	0.00e+00	0.00e+00	0.00e+00	0.00e+00	0.00e+00	7.39e-01	2.87e-06	2.34e-06
 1.72395e+20	7.49e-01	2.51e-01	3.56e-04	0.00e+00	0.00e+00	0.00e+00	0.00e+00	0.00e+00	0.00e+00	7.49e-01	2.83e-06	2.31e-06
 1.76097e+20	7.58e-01	2.42e-01	3.18e-04	0.00e+00	0.00e+00	0.00e+00	0.00e+00	0.00e+00	0.00e+00	7.58e-01	2.79e-06	2.28e-06
 1.79913e+20	7.67e-01	2.33e-01	2.83e-04	0.00e+00	0.00e+00	0.00e+00	0.00e+00	0.00e+00	0.00e+00	7.67e-01	2.76e-06	2.24e-06
 1.83923e+20	7.76e-01	2.24e-01	2.50e-04	0.00e+00	0.00e+00	0.00e+00	0.00e+00	0.00e+00	0.00e+00	7.76e-01	2.72e-06	2.21e-06
 1.88069e+20	7.84e-01	2.16e-01	2.22e-04	0.00e+00	0.00e+00	0.00e+00	0.00e+00	0.00e+00	0.00e+00	7.84e-01	2.68e-06	2.18e-06
 1.92359e+20	7.93e-01	2.07e-01	1.96e-04	0.00e+00	0.00e+00	0.00e+00	0.00e+00	0.00e+00	0.00e+00	7.93e-01	2.64e-06	2.14e-06
 1.96823e+20	8.00e-01	1.99e-01	1.73e-04	0.00e+00	0.00e+00	0.00e+00	0.00e+00	0.00e+00	0.00e+00	8.00e-01	2.60e-06	2.11e-06
 2.01492e+20	8.08e-01	1.91e-01	1.53e-04	0.00e+00	0.00e+00	0.00e+00	0.00e+00	0.00e+00	0.00e+00	8.08e-01	2.56e-06	2.08e-06
 2.06348e+20	8.16e-01	1.84e-01	1.35e-04	0.00e+00	0.00e+00	0.00e+00	0.00e+00	0.00e+00	0.00e+00	8.16e-01	2.52e-06	2.04e-06
 2.11404e+20	8.23e-01	1.77e-01	1.19e-04	0.00e+00	0.00e+00	0.00e+00	0.00e+00	0.00e+00	0.00e+00	8.23e-01	2.48e-06	2.01e-06
 2.16760e+20	8.30e-01	1.70e-01	1.05e-04	0.00e+00	0.00e+00	0.00e+00	0.00e+00	0.00e+00	0.00e+00	8.30e-01	2.44e-06	1.98e-06
 2.22367e+20	8.37e-01	1.63e-01	9.19e-05	0.00e+00	0.00e+00	0.00e+00	0.00e+00	0.00e+00	0.00e+00	8.37e-01	2.40e-06	1.94e-06
 2.28220e+20	8.43e-01	1.57e-01	8.10e-05	0.00e+00	0.00e+00	0.00e+00	0.00e+00	0.00e+00	0.00e+00	8.43e-01	2.36e-06	1.91e-06
 2.34329e+20	8.49e-01	1.51e-01	7.14e-05	0.00e+00	0.00e+00	0.00e+00	0.00e+00	0.00e+00	0.00e+00	8.49e-01	2.32e-06	1.88e-06
 2.40713e+20	8.55e-01	1.45e-01	6.31e-05	0.00e+00	0.00e+00	0.00e+00	0.00e+00	0.00e+00	0.00e+00	8.55e-01	2.29e-06	1.85e-06
 2.47419e+20	8.60e-01	1.40e-01	5.59e-05	0.00e+00	0.00e+00	0.00e+00	0.00e+00	0.00e+00	0.00e+00	8.60e-01	2.25e-06	1.82e-06
 2.54563e+20	8.65e-01	1.35e-01	4.95e-05	0.00e+00	0.00e+00	0.00e+00	0.00e+00	0.00e+00	0.00e+00	8.65e-01	2.22e-06	1.79e-06
 2.62173e+20	8.70e-01	1.30e-01	4.39e-05	0.00e+00	0.00e+00	0.00e+00	0.00e+00	0.00e+00	0.00e+00	8.70e-01	2.19e-06	1.76e-06
 2.70313e+20	8.74e-01	1.25e-01	3.90e-05	0.00e+00	0.00e+00	0.00e+00	0.00e+00	0.00e+00	0.00e+00	8.74e-01	2.16e-06	1.74e-06
 2.79107e+20	8.79e-01	1.21e-01	3.47e-05	0.00e+00	0.00e+00	0.00e+00	0.00e+00	0.00e+00	0.00e+00	8.79e-01	2.13e-06	1.71e-06
 2.88571e+20	8.83e-01	1.17e-01	3.10e-05	0.00e+00	0.00e+00	0.00e+00	0.00e+00	0.00e+00	0.00e+00	8.83e-01	2.10e-06	1.69e-06
 2.98840e+20	8.87e-01	1.13e-01	2.77e-05	0.00e+00	0.00e+00	0.00e+00	0.00e+00	0.00e+00	0.00e+00	8.87e-01	2.07e-06	1.66e-06
 3.10191e+20	8.90e-01	1.10e-01	2.47e-05	0.00e+00	0.00e+00	0.00e+00	0.00e+00	0.00e+00	0.00e+00	8.90e-01	2.04e-06	1.64e-06
 3.22716e+20	8.94e-01	1.06e-01	2.21e-05	0.00e+00	0.00e+00	0.00e+00	0.00e+00	0.00e+00	0.00e+00	8.94e-01	2.02e-06	1.62e-06
 3.36541e+20	8.97e-01	1.03e-01	1.97e-05	0.00e+00	0.00e+00	0.00e+00	0.00e+00	0.00e+00	0.00e+00	8.97e-01	1.99e-06	1.60e-06
 3.51868e+20	9.01e-01	9.94e-02	1.76e-05	0.00e+00	0.00e+00	0.00e+00	0.00e+00	0.00e+00	0.00e+00	9.01e-01	1.97e-06	1.58e-06
 3.68907e+20	9.04e-01	9.63e-02	1.58e-05	0.00e+00	0.00e+00	0.00e+00	0.00e+00	0.00e+00	0.00e+00	9.04e-01	1.94e-06	1.56e-06
 3.87800e+20	9.07e-01	9.32e-02	1.41e-05	0.00e+00	0.00e+00	0.00e+00	0.00e+00	0.00e+00	0.00e+00	9.07e-01	1.92e-06	1.54e-06
 4.08662e+20	9.10e-01	9.03e-02	1.26e-05	0.00e+00	0.00e+00	0.00e+00	0.00e+00	0.00e+00	0.00e+00	9.10e-01	1.90e-06	1.52e-06
 4.31627e+20	9.13e-01	8.75e-02	1.12e-05	0.00e+00	0.00e+00	0.00e+00	0.00e+00	0.00e+00	0.00e+00	9.13e-01	1.87e-06	1.50e-06
 4.56784e+20	9.15e-01	8.47e-02	9.98e-06	0.00e+00	0.00e+00	0.00e+00	0.00e+00	0.00e+00	0.00e+00	9.15e-01	1.85e-06	1.48e-06
 4.84241e+20	9.18e-01	8.20e-02	8.89e-06	0.00e+00	0.00e+00	0.00e+00	0.00e+00	0.00e+00	0.00e+00	9.18e-01	1.83e-06	1.46e-06
 5.14053e+20	9.21e-01	7.95e-02	7.92e-06	0.00e+00	0.00e+00	0.00e+00	0.00e+00	0.00e+00	0.00e+00	9.21e-01	1.81e-06	1.44e-06
 5.46394e+20	9.23e-01	7.69e-02	7.06e-06	0.00e+00	0.00e+00	0.00e+00	0.00e+00	0.00e+00	0.00e+00	9.23e-01	1.79e-06	1.43e-06
 5.81391e+20	9.25e-01	7.45e-02	6.29e-06	0.00e+00	0.00e+00	0.00e+00	0.00e+00	0.00e+00	0.00e+00	9.25e-01	1.77e-06	1.41e-06
 6.19264e+20	9.28e-01	7.22e-02	5.61e-06	0.00e+00	0.00e+00	0.00e+00	0.00e+00	0.00e+00	0.00e+00	9.28e-01	1.75e-06	1.39e-06
 6.60334e+20	9.30e-01	6.99e-02	5.01e-06	0.00e+00	0.00e+00	0.00e+00	0.00e+00	0.00e+00	0.00e+00	9.30e-01	1.74e-06	1.38e-06
 7.04935e+20	9.32e-01	6.77e-02	4.47e-06	0.00e+00	0.00e+00	0.00e+00	0.00e+00	0.00e+00	0.00e+00	9.32e-01	1.72e-06	1.36e-06
 7.53520e+20	9.34e-01	6.56e-02	4.00e-06	0.00e+00	0.00e+00	0.00e+00	0.00e+00	0.00e+00	0.00e+00	9.34e-01	1.70e-06	1.35e-06
 8.06634e+20	9.36e-01	6.36e-02	3.57e-06	0.00e+00	0.00e+00	0.00e+00	0.00e+00	0.00e+00	0.00e+00	9.36e-01	1.69e-06	1.33e-06
 8.64899e+20	9.38e-01	6.16e-02	3.20e-06	0.00e+00	0.00e+00	0.00e+00	0.00e+00	0.00e+00	0.00e+00	9.38e-01	1.67e-06	1.32e-06
 9.29137e+20	9.40e-01	5.98e-02	2.87e-06	0.00e+00	0.00e+00	0.00e+00	0.00e+00	0.00e+00	0.00e+00	9.40e-01	1.66e-06	1.30e-06
 1.00037e+21	9.42e-01	5.80e-02	2.57e-06	0.00e+00	0.00e+00	0.00e+00	0.00e+00	0.00e+00	0.00e+00	9.42e-01	1.65e-06	1.29e-06
 1.07996e+21	9.44e-01	5.63e-02	2.31e-06	0.00e+00	0.00e+00	0.00e+00	0.00e+00	0.00e+00	0.00e+00	9.44e-01	1.63e-06	1.28e-06
 1.16966e+21	9.45e-01	5.46e-02	2.07e-06	0.00e+00	0.00e+00	0.00e+00	0.00e+00	0.00e+00	0.00e+00	9.45e-01	1.62e-06	1.27e-06
 1.27170e+21	9.47e-01	5.30e-02	1.86e-06	0.00e+00	0.00e+00	0.00e+00	0.00e+00	0.00e+00	0.00e+00	9.47e-01	1.61e-06	1.26e-06
 1.38939e+21	9.48e-01	5.15e-02	1.68e-06	0.00e+00	0.00e+00	0.00e+00	0.00e+00	0.00e+00	0.00e+00	9.48e-01	1.60e-06	1.24e-06
 1.52528e+21	9.50e-01	5.01e-02	1.51e-06	0.00e+00	0.00e+00	0.00e+00	0.00e+00	0.00e+00	0.00e+00	9.50e-01	1.60e-06	1.23e-06
 1.67781e+21	9.51e-01	4.89e-02	1.37e-06	0.00e+00	0.00e+00	0.00e+00	0.00e+00	0.00e+00	0.00e+00	9.51e-01	1.59e-06	1.23e-06
 1.84559e+21	9.52e-01	4.78e-02	1.25e-06	0.00e+00	0.00e+00	0.00e+00	0.00e+00	0.00e+00	0.00e+00	9.52e-01	1.59e-06	1.22e-06
 2.03015e+21	9.53e-01	4.68e-02	1.15e-06	0.00e+00	0.00e+00	0.00e+00	0.00e+00	0.00e+00	0.00e+00	9.53e-01	1.59e-06	1.21e-06
 2.23316e+21	9.54e-01	4.60e-02	1.07e-06	0.00e+00	0.00e+00	0.00e+00	0.00e+00	0.00e+00	0.00e+00	9.54e-01	1.59e-06	1.21e-06
 2.45648e+21	9.55e-01	4.53e-02	9.90e-07	0.00e+00	0.00e+00	0.00e+00	0.00e+00	0.00e+00	0.00e+00	9.55e-01	1.59e-06	1.20e-06
 2.70212e+21	9.55e-01	4.47e-02	9.24e-07	0.00e+00	0.00e+00	0.00e+00	0.00e+00	0.00e+00	0.00e+00	9.55e-01	1.59e-06	1.20e-06
 2.97234e+21	9.56e-01	4.42e-02	8.66e-07	0.00e+00	0.00e+00	0.00e+00	0.00e+00	0.00e+00	0.00e+00	9.56e-01	1.59e-06	1.19e-06
 3.26957e+21	9.56e-01	4.38e-02	8.13e-07	0.00e+00	0.00e+00	0.00e+00	0.00e+00	0.00e+00	0.00e+00	9.56e-01	1.60e-06	1.19e-06
 3.59653e+21	9.57e-01	4.35e-02	7.65e-07	0.00e+00	0.00e+00	0.00e+00	0.00e+00	0.00e+00	0.00e+00	9.57e-01	1.61e-06	1.19e-06
 3.95618e+21	9.57e-01	4.32e-02	7.21e-07	0.00e+00	0.00e+00	0.00e+00	0.00e+00	0.00e+00	0.00e+00	9.57e-01	1.62e-06	1.18e-06
 4.35180e+21	9.57e-01	4.29e-02	6.80e-07	0.00e+00	0.00e+00	0.00e+00	0.00e+00	0.00e+00	0.00e+00	9.57e-01	1.63e-06	1.18e-06
 4.78698e+21	9.57e-01	4.27e-02	6.41e-07	0.00e+00	0.00e+00	0.00e+00	0.00e+00	0.00e+00	0.00e+00	9.57e-01	1.64e-06	1.18e-06
 5.26568e+21	9.57e-01	4.26e-02	6.04e-07	0.00e+00	0.00e+00	0.00e+00	0.00e+00	0.00e+00	0.00e+00	9.57e-01	1.65e-06	1.18e-06
 5.79224e+21	9.58e-01	4.25e-02	5.69e-07	0.00e+00	0.00e+00	0.00e+00	0.00e+00	0.00e+00	0.00e+00	9.58e-01	1.66e-06	1.18e-06
 6.37147e+21	9.58e-01	4.23e-02	5.35e-07	0.00e+00	0.00e+00	0.00e+00	0.00e+00	0.00e+00	0.00e+00	9.58e-01	1.67e-06	1.18e-06
 7.00861e+21	9.58e-01	4.23e-02	5.01e-07	0.00e+00	0.00e+00	0.00e+00	0.00e+00	0.00e+00	0.00e+00	9.58e-01	1.69e-06	1.18e-06
 7.70948e+21	9.58e-01	4.22e-02	4.69e-07	0.00e+00	0.00e+00	0.00e+00	0.00e+00	0.00e+00	0.00e+00	9.58e-01	1.70e-06	1.18e-06
 8.42003e+21	9.58e-01	4.22e-02	4.40e-07	0.00e+00	0.00e+00	0.00e+00	0.00e+00	0.00e+00	0.00e+00	9.58e-01	1.72e-06	1.18e-06
 9.08274e+21	9.58e-01	4.21e-02	4.15e-07	0.00e+00	0.00e+00	0.00e+00	0.00e+00	0.00e+00	0.00e+00	9.58e-01	1.73e-06	1.18e-06
 9.81706e+21	9.58e-01	4.22e-02	3.91e-07	0.00e+00	0.00e+00	0.00e+00	0.00e+00	0.00e+00	0.00e+00	9.58e-01	1.74e-06	1.18e-06
 1.06222e+22	9.58e-01	4.22e-02	3.66e-07	0.00e+00	0.00e+00	0.00e+00	0.00e+00	0.00e+00	0.00e+00	9.58e-01	1.75e-06	1.18e-06
 1.13444e+22	9.58e-01	4.22e-02	3.47e-07	0.00e+00	0.00e+00	0.00e+00	0.00e+00	0.00e+00	0.00e+00	9.58e-01	1.76e-06	1.18e-06
 1.19995e+22	9.58e-01	4.22e-02	3.30e-07	0.00e+00	0.00e+00	0.00e+00	0.00e+00	0.00e+00	0.00e+00	9.58e-01	1.77e-06	1.18e-06
 1.27425e+22	9.58e-01	4.22e-02	3.12e-07	0.00e+00	0.00e+00	0.00e+00	0.00e+00	0.00e+00	0.00e+00	9.58e-01	1.78e-06	1.18e-06
 1.35821e+22	9.58e-01	4.22e-02	2.94e-07	0.00e+00	0.00e+00	0.00e+00	0.00e+00	0.00e+00	0.00e+00	9.58e-01	1.78e-06	1.18e-06
 1.43819e+22	9.58e-01	4.22e-02	2.79e-07	0.00e+00	0.00e+00	0.00e+00	0.00e+00	0.00e+00	0.00e+00	9.58e-01	1.79e-06	1.18e-06
 1.51367e+22	9.58e-01	4.23e-02	2.65e-07	0.00e+00	0.00e+00	0.00e+00	0.00e+00	0.00e+00	0.00e+00	9.58e-01	1.79e-06	1.18e-06
 1.59980e+22	9.58e-01	4.23e-02	2.50e-07	0.00e+00	0.00e+00	0.00e+00	0.00e+00	0.00e+00	0.00e+00	9.58e-01	1.79e-06	1.18e-06
 1.71179e+22	9.58e-01	4.23e-02	2.33e-07	0.00e+00	0.00e+00	0.00e+00	0.00e+00	0.00e+00	0.00e+00	9.58e-01	1.79e-06	1.18e-06
 1.82647e+22	9.58e-01	4.24e-02	2.18e-07	0.00e+00	0.00e+00	0.00e+00	0.00e+00	0.00e+00	0.00e+00	9.58e-01	1.79e-06	1.18e-06
 1.92215e+22	9.58e-01	4.24e-02	2.07e-07	0.00e+00	0.00e+00	0.00e+00	0.00e+00	0.00e+00	0.00e+00	9.58e-01	1.78e-06	1.18e-06
 2.02241e+22	9.58e-01	4.24e-02	1.95e-07	0.00e+00	0.00e+00	0.00e+00	0.00e+00	0.00e+00	0.00e+00	9.58e-01	1.77e-06	1.18e-06
 2.12873e+22	9.58e-01	4.25e-02	1.85e-07	0.00e+00	0.00e+00	0.00e+00	0.00e+00	0.00e+00	0.00e+00	9.58e-01	1.76e-06	1.18e-06
 2.22443e+22	9.57e-01	4.25e-02	1.76e-07	0.00e+00	0.00e+00	0.00e+00	0.00e+00	0.00e+00	0.00e+00	9.57e-01	1.74e-06	1.18e-06
 2.31055e+22	9.57e-01	4.25e-02	1.68e-07	0.00e+00	0.00e+00	0.00e+00	0.00e+00	0.00e+00	0.00e+00	9.57e-01	1.72e-06	1.18e-06
 2.38806e+22	9.57e-01	4.26e-02	1.62e-07	0.00e+00	0.00e+00	0.00e+00	0.00e+00	0.00e+00	0.00e+00	9.57e-01	1.71e-06	1.18e-06
 2.45783e+22	9.57e-01	4.26e-02	1.57e-07	0.00e+00	0.00e+00	0.00e+00	0.00e+00	0.00e+00	0.00e+00	9.57e-01	1.69e-06	1.18e-06
 2.52061e+22	9.57e-01	4.26e-02	1.53e-07	0.00e+00	0.00e+00	0.00e+00	0.00e+00	0.00e+00	0.00e+00	9.57e-01	1.68e-06	1.18e-06
 2.57712e+22	9.57e-01	4.26e-02	1.49e-07	0.00e+00	0.00e+00	0.00e+00	0.00e+00	0.00e+00	0.00e+00	9.57e-01	1.66e-06	1.18e-06
 2.62797e+22	9.57e-01	4.26e-02	1.46e-07	0.00e+00	0.00e+00	0.00e+00	0.00e+00	0.00e+00	0.00e+00	9.57e-01	1.65e-06	1.18e-06
 2.67374e+22	9.57e-01	4.26e-02	1.43e-07	0.00e+00	0.00e+00	0.00e+00	0.00e+00	0.00e+00	0.00e+00	9.57e-01	1.63e-06	1.18e-06
 2.71494e+22	9.57e-01	4.25e-02	1.40e-07	0.00e+00	0.00e+00	0.00e+00	0.00e+00	0.00e+00	0.00e+00	9.57e-01	1.62e-06	1.18e-06
 2.75201e+22	9.58e-01	4.25e-02	1.38e-07	0.00e+00	0.00e+00	0.00e+00	0.00e+00	0.00e+00	0.00e+00	9.58e-01	1.61e-06	1.18e-06
 2.78538e+22	9.58e-01	4.24e-02	1.36e-07	0.00e+00	0.00e+00	0.00e+00	0.00e+00	0.00e+00	0.00e+00	9.58e-01	1.60e-06	1.18e-06
 2.81661e+22	9.58e-01	4.23e-02	1.35e-07	0.00e+00	0.00e+00	0.00e+00	0.00e+00	0.00e+00	0.00e+00	9.58e-01	1.58e-06	1.18e-06
 2.84747e+22	9.58e-01	4.22e-02	1.33e-07	0.00e+00	0.00e+00	0.00e+00	0.00e+00	0.00e+00	0.00e+00	9.58e-01	1.57e-06	1.18e-06
 2.87833e+22	9.58e-01	4.21e-02	1.31e-07	0.00e+00	0.00e+00	0.00e+00	0.00e+00	0.00e+00	0.00e+00	9.58e-01	1.56e-06	1.18e-06
 2.90918e+22	9.58e-01	4.20e-02	1.29e-07	0.00e+00	0.00e+00	0.00e+00	0.00e+00	0.00e+00	0.00e+00	9.58e-01	1.55e-06	1.18e-06
 2.94004e+22	9.58e-01	4.18e-02	1.28e-07	0.00e+00	0.00e+00	0.00e+00	0.00e+00	0.00e+00	0.00e+00	9.58e-01	1.54e-06	1.17e-06
 2.97090e+22	9.58e-01	4.17e-02	1.26e-07	0.00e+00	0.00e+00	0.00e+00	0.00e+00	0.00e+00	0.00e+00	9.58e-01	1.52e-06	1.17e-06
 3.00175e+22	9.59e-01	4.14e-02	1.24e-07	0.00e+00	0.00e+00	0.00e+00	0.00e+00	0.00e+00	0.00e+00	9.59e-01	1.51e-06	1.17e-06
 3.03261e+22	9.59e-01	4.12e-02	1.22e-07	0.00e+00	0.00e+00	0.00e+00	0.00e+00	0.00e+00	0.00e+00	9.59e-01	1.50e-06	1.17e-06
 3.06347e+22	9.59e-01	4.10e-02	1.21e-07	0.00e+00	0.00e+00	0.00e+00	0.00e+00	0.00e+00	0.00e+00	9.59e-01	1.48e-06	1.17e-06
 3.08229e+22	9.59e-01	4.08e-02	1.20e-07	0.00e+00	0.00e+00	0.00e+00	0.00e+00	0.00e+00	0.00e+00	9.59e-01	1.47e-06	1.17e-06
