#depth	N	N+	N+2	N+3	N+4	N+5	N+6	N+7
 1.44761e+17	3.90e-07	6.65e-04	8.11e-02	4.23e-01	3.03e-01	1.91e-01	1.12e-03	9.36e-07
 8.68566e+17	3.87e-07	6.62e-04	8.10e-02	4.23e-01	3.03e-01	1.91e-01	1.12e-03	9.37e-07
 3.76379e+18	3.78e-07	6.54e-04	8.11e-02	4.24e-01	3.02e-01	1.91e-01	1.12e-03	9.40e-07
 1.53447e+19	3.51e-07	6.33e-04	8.23e-02	4.27e-01	2.99e-01	1.90e-01	1.13e-03	9.49e-07
 3.66535e+19	2.83e-07	5.67e-04	8.14e-02	4.30e-01	2.95e-01	1.92e-01	1.17e-03	1.01e-06
 6.43549e+19	2.55e-07	5.39e-04	8.27e-02	4.35e-01	2.90e-01	1.91e-01	1.19e-03	1.03e-06
 1.00367e+20	2.45e-07	5.34e-04	8.63e-02	4.42e-01	2.84e-01	1.87e-01	1.18e-03	1.04e-06
 1.47182e+20	2.51e-07	5.54e-04	9.31e-02	4.52e-01	2.75e-01	1.79e-01	1.14e-03	1.02e-06
 2.08042e+20	2.79e-07	6.13e-04	1.05e-01	4.65e-01	2.62e-01	1.67e-01	1.07e-03	9.56e-07
 2.71319e+20	3.18e-07	6.94e-04	1.20e-01	4.78e-01	2.46e-01	1.54e-01	1.00e-03	9.05e-07
 3.22940e+20	3.71e-07	7.96e-04	1.36e-01	4.89e-01	2.32e-01	1.41e-01	9.26e-04	8.44e-07
 3.65166e+20	4.39e-07	9.16e-04	1.52e-01	4.98e-01	2.18e-01	1.30e-01	8.55e-04	7.83e-07
 4.03068e+20	5.23e-07	1.06e-03	1.69e-01	5.06e-01	2.05e-01	1.19e-01	7.84e-04	7.21e-07
 4.39177e+20	6.27e-07	1.22e-03	1.87e-01	5.13e-01	1.90e-01	1.08e-01	7.13e-04	6.60e-07
 4.73432e+20	7.51e-07	1.40e-03	2.06e-01	5.19e-01	1.76e-01	9.67e-02	6.43e-04	5.98e-07
 5.05119e+20	8.90e-07	1.60e-03	2.25e-01	5.24e-01	1.62e-01	8.65e-02	5.77e-04	5.39e-07
 5.34193e+20	1.04e-06	1.80e-03	2.44e-01	5.28e-01	1.48e-01	7.72e-02	5.15e-04	4.84e-07
 5.61237e+20	1.21e-06	2.02e-03	2.61e-01	5.32e-01	1.36e-01	6.88e-02	4.60e-04	4.35e-07
 5.87051e+20	1.38e-06	2.23e-03	2.78e-01	5.34e-01	1.24e-01	6.10e-02	4.07e-04	3.86e-07
 6.09687e+20	1.48e-06	2.37e-03	2.93e-01	5.36e-01	1.14e-01	5.50e-02	3.68e-04	3.51e-07
 6.32492e+20	1.73e-06	2.65e-03	3.08e-01	5.37e-01	1.04e-01	4.85e-02	3.22e-04	3.07e-07
 6.54343e+20	1.87e-06	2.82e-03	3.21e-01	5.38e-01	9.48e-02	4.34e-02	2.87e-04	2.73e-07
 6.71649e+20	2.01e-06	2.98e-03	3.31e-01	5.38e-01	8.79e-02	3.96e-02	2.61e-04	2.49e-07
 6.90838e+20	2.16e-06	3.15e-03	3.43e-01	5.38e-01	8.09e-02	3.54e-02	2.31e-04	2.19e-07
 7.11733e+20	2.32e-06	3.33e-03	3.54e-01	5.37e-01	7.38e-02	3.17e-02	2.04e-04	1.93e-07
 7.30842e+20	2.44e-06	3.47e-03	3.64e-01	5.36e-01	6.80e-02	2.86e-02	1.82e-04	1.71e-07
 7.48220e+20	2.55e-06	3.59e-03	3.72e-01	5.35e-01	6.32e-02	2.61e-02	1.64e-04	1.53e-07
 7.64817e+20	2.63e-06	3.70e-03	3.79e-01	5.34e-01	5.88e-02	2.41e-02	1.49e-04	1.38e-07
 7.83859e+20	2.76e-06	3.85e-03	3.89e-01	5.31e-01	5.44e-02	2.17e-02	1.31e-04	0.00e+00
 8.03025e+20	2.86e-06	3.97e-03	3.97e-01	5.29e-01	5.05e-02	1.98e-02	1.17e-04	0.00e+00
 8.18939e+20	2.93e-06	4.07e-03	4.03e-01	5.27e-01	4.76e-02	1.84e-02	1.07e-04	0.00e+00
 8.36214e+20	3.03e-06	4.19e-03	4.11e-01	5.23e-01	4.46e-02	1.69e-02	9.58e-05	0.00e+00
 8.52590e+20	3.09e-06	4.28e-03	4.17e-01	5.20e-01	4.22e-02	1.58e-02	8.73e-05	0.00e+00
 8.64627e+20	3.16e-06	4.36e-03	4.22e-01	5.18e-01	4.05e-02	1.50e-02	8.16e-05	0.00e+00
 8.77109e+20	3.24e-06	4.45e-03	4.27e-01	5.15e-01	3.87e-02	1.42e-02	7.56e-05	0.00e+00
 8.93334e+20	3.34e-06	4.58e-03	4.34e-01	5.11e-01	3.67e-02	1.32e-02	6.83e-05	0.00e+00
 9.10073e+20	3.45e-06	4.71e-03	4.41e-01	5.07e-01	3.48e-02	1.24e-02	6.20e-05	0.00e+00
 9.24672e+20	3.57e-06	4.84e-03	4.47e-01	5.03e-01	3.33e-02	1.16e-02	5.70e-05	0.00e+00
 9.40847e+20	3.71e-06	5.00e-03	4.54e-01	4.98e-01	3.17e-02	1.09e-02	5.15e-05	0.00e+00
 9.61873e+20	3.94e-06	5.23e-03	4.64e-01	4.91e-01	2.98e-02	9.98e-03	4.54e-05	0.00e+00
 9.83722e+20	4.19e-06	5.48e-03	4.73e-01	4.84e-01	2.80e-02	9.14e-03	3.97e-05	0.00e+00
 1.00273e+21	4.47e-06	5.74e-03	4.82e-01	4.77e-01	2.66e-02	8.48e-03	3.54e-05	0.00e+00
 1.02353e+21	4.83e-06	6.07e-03	4.92e-01	4.69e-01	2.51e-02	7.75e-03	3.08e-05	0.00e+00
 1.05056e+21	5.43e-06	6.58e-03	5.06e-01	4.58e-01	2.33e-02	6.90e-03	2.58e-05	0.00e+00
 1.08022e+21	6.26e-06	7.25e-03	5.21e-01	4.44e-01	2.16e-02	6.06e-03	2.10e-05	0.00e+00
 1.10888e+21	7.32e-06	8.04e-03	5.37e-01	4.30e-01	2.00e-02	5.30e-03	1.70e-05	0.00e+00
 1.14170e+21	9.00e-06	9.21e-03	5.56e-01	4.12e-01	1.82e-02	4.50e-03	1.31e-05	0.00e+00
 1.17837e+21	1.17e-05	1.09e-02	5.79e-01	3.90e-01	1.64e-02	3.69e-03	9.58e-06	0.00e+00
 1.21279e+21	1.55e-05	1.31e-02	6.03e-01	3.66e-01	1.48e-02	2.99e-03	6.87e-06	0.00e+00
 1.24455e+21	2.08e-05	1.59e-02	6.27e-01	3.42e-01	1.33e-02	2.40e-03	4.85e-06	0.00e+00
 1.27448e+21	2.87e-05	1.95e-02	6.51e-01	3.16e-01	1.19e-02	1.90e-03	3.36e-06	0.00e+00
 1.30157e+21	3.98e-05	2.41e-02	6.74e-01	2.89e-01	1.06e-02	1.49e-03	2.30e-06	0.00e+00
 1.32006e+21	5.10e-05	2.83e-02	6.91e-01	2.70e-01	9.74e-03	1.24e-03	1.73e-06	0.00e+00
 1.32981e+21	5.86e-05	3.10e-02	6.99e-01	2.59e-01	9.28e-03	1.12e-03	1.47e-06	0.00e+00
 1.33870e+21	6.72e-05	3.39e-02	7.07e-01	2.49e-01	8.85e-03	1.01e-03	1.25e-06	0.00e+00
 1.35025e+21	8.08e-05	3.81e-02	7.18e-01	2.35e-01	8.28e-03	8.78e-04	1.01e-06	0.00e+00
 1.36284e+21	9.96e-05	4.37e-02	7.28e-01	2.20e-01	7.68e-03	7.47e-04	7.87e-07	0.00e+00
 1.37380e+21	1.21e-04	4.96e-02	7.37e-01	2.06e-01	7.14e-03	6.41e-04	6.23e-07	0.00e+00
 1.38302e+21	1.44e-04	5.54e-02	7.44e-01	1.93e-01	6.70e-03	5.59e-04	5.06e-07	0.00e+00
 1.39295e+21	1.76e-04	6.30e-02	7.50e-01	1.80e-01	6.20e-03	4.76e-04	3.96e-07	0.00e+00
 1.40342e+21	2.19e-04	7.25e-02	7.56e-01	1.65e-01	5.69e-03	3.97e-04	3.02e-07	0.00e+00
 1.41207e+21	2.65e-04	8.19e-02	7.59e-01	1.53e-01	5.28e-03	3.39e-04	2.38e-07	0.00e+00
 1.41939e+21	3.14e-04	9.13e-02	7.61e-01	1.43e-01	4.92e-03	2.93e-04	1.92e-07	0.00e+00
 1.42749e+21	3.84e-04	1.04e-01	7.61e-01	1.30e-01	4.52e-03	2.46e-04	1.48e-07	0.00e+00
 1.43610e+21	4.78e-04	1.19e-01	7.58e-01	1.18e-01	4.11e-03	2.02e-04	0.00e+00	0.00e+00
 1.44332e+21	5.79e-04	1.35e-01	7.54e-01	1.07e-01	3.77e-03	1.69e-04	0.00e+00	0.00e+00
 1.44950e+21	6.89e-04	1.50e-01	7.47e-01	9.83e-02	3.47e-03	1.44e-04	0.00e+00	0.00e+00
 1.45637e+21	8.45e-04	1.70e-01	7.38e-01	8.81e-02	3.14e-03	1.18e-04	0.00e+00	0.00e+00
 1.46363e+21	1.05e-03	1.95e-01	7.24e-01	7.77e-02	2.80e-03	9.41e-05	0.00e+00	0.00e+00
 1.46971e+21	1.28e-03	2.19e-01	7.08e-01	6.91e-02	2.53e-03	7.69e-05	0.00e+00	0.00e+00
 1.47492e+21	1.52e-03	2.42e-01	6.92e-01	6.19e-02	2.29e-03	6.38e-05	0.00e+00	0.00e+00
 1.48069e+21	1.85e-03	2.72e-01	6.70e-01	5.40e-02	2.04e-03	5.08e-05	0.00e+00	0.00e+00
 1.48685e+21	2.30e-03	3.09e-01	6.41e-01	4.61e-02	1.77e-03	3.93e-05	0.00e+00	0.00e+00
 1.49208e+21	2.78e-03	3.43e-01	6.13e-01	3.96e-02	1.55e-03	3.09e-05	0.00e+00	0.00e+00
 1.49659e+21	3.30e-03	3.77e-01	5.84e-01	3.43e-02	1.37e-03	2.47e-05	0.00e+00	0.00e+00
 1.50157e+21	4.01e-03	4.18e-01	5.48e-01	2.87e-02	1.18e-03	1.88e-05	0.00e+00	0.00e+00
 1.50691e+21	4.95e-03	4.65e-01	5.05e-01	2.33e-02	9.82e-04	1.37e-05	0.00e+00	0.00e+00
 1.51149e+21	5.96e-03	5.09e-01	4.65e-01	1.91e-02	8.24e-04	1.02e-05	0.00e+00	0.00e+00
 1.51549e+21	7.05e-03	5.50e-01	4.26e-01	1.57e-02	6.95e-04	7.70e-06	0.00e+00	0.00e+00
 1.51927e+21	8.27e-03	5.90e-01	3.88e-01	1.29e-02	5.83e-04	5.78e-06	0.00e+00	0.00e+00
 1.52290e+21	9.68e-03	6.29e-01	3.50e-01	1.04e-02	4.83e-04	4.29e-06	0.00e+00	0.00e+00
 1.52646e+21	1.13e-02	6.67e-01	3.13e-01	8.39e-03	3.98e-04	3.16e-06	0.00e+00	0.00e+00
 1.53052e+21	1.35e-02	7.11e-01	2.69e-01	6.35e-03	3.08e-04	2.14e-06	0.00e+00	0.00e+00
 1.53469e+21	1.63e-02	7.52e-01	2.26e-01	4.70e-03	2.32e-04	1.41e-06	0.00e+00	0.00e+00
 1.53804e+21	1.91e-02	7.84e-01	1.93e-01	3.60e-03	1.80e-04	9.72e-07	0.00e+00	0.00e+00
 1.54088e+21	2.19e-02	8.09e-01	1.66e-01	2.85e-03	1.43e-04	7.03e-07	0.00e+00	0.00e+00
 1.54406e+21	2.56e-02	8.35e-01	1.37e-01	2.16e-03	1.07e-04	4.77e-07	0.00e+00	0.00e+00
 1.54819e+21	3.16e-02	8.62e-01	1.05e-01	1.49e-03	7.15e-05	2.84e-07	0.00e+00	0.00e+00
 1.55232e+21	3.93e-02	8.82e-01	7.73e-02	1.04e-03	4.60e-05	1.69e-07	0.00e+00	0.00e+00
 1.55553e+21	4.72e-02	8.93e-01	5.92e-02	7.87e-04	3.15e-05	0.00e+00	0.00e+00	0.00e+00
 1.55832e+21	5.57e-02	8.98e-01	4.59e-02	6.24e-04	2.21e-05	0.00e+00	0.00e+00	0.00e+00
 1.56147e+21	6.79e-02	8.98e-01	3.36e-02	4.87e-04	1.43e-05	0.00e+00	0.00e+00	0.00e+00
 1.56435e+21	8.16e-02	8.93e-01	2.49e-02	3.98e-04	9.58e-06	0.00e+00	0.00e+00	0.00e+00
 1.56619e+21	9.24e-02	8.87e-01	2.03e-02	3.52e-04	7.29e-06	0.00e+00	0.00e+00	0.00e+00
 1.56789e+21	1.04e-01	8.79e-01	1.66e-02	3.14e-04	5.58e-06	0.00e+00	0.00e+00	0.00e+00
 1.57001e+21	1.21e-01	8.66e-01	1.28e-02	2.76e-04	3.99e-06	0.00e+00	0.00e+00	0.00e+00
 1.57208e+21	1.40e-01	8.50e-01	9.93e-03	2.45e-04	2.88e-06	0.00e+00	0.00e+00	0.00e+00
 1.57370e+21	1.57e-01	8.34e-01	8.10e-03	2.23e-04	2.23e-06	0.00e+00	0.00e+00	0.00e+00
 1.57507e+21	1.73e-01	8.20e-01	6.79e-03	2.07e-04	1.79e-06	0.00e+00	0.00e+00	0.00e+00
 1.57637e+21	1.90e-01	8.04e-01	5.74e-03	1.93e-04	1.45e-06	0.00e+00	0.00e+00	0.00e+00
 1.57766e+21	2.08e-01	7.87e-01	4.87e-03	1.80e-04	1.19e-06	0.00e+00	0.00e+00	0.00e+00
 1.57889e+21	2.26e-01	7.70e-01	4.17e-03	1.69e-04	9.85e-07	0.00e+00	0.00e+00	0.00e+00
 1.57983e+21	2.39e-01	7.57e-01	3.73e-03	1.61e-04	8.62e-07	0.00e+00	0.00e+00	0.00e+00
 1.58044e+21	2.48e-01	7.48e-01	3.46e-03	1.56e-04	7.89e-07	0.00e+00	0.00e+00	0.00e+00
 1.58103e+21	2.58e-01	7.39e-01	3.22e-03	1.51e-04	7.23e-07	0.00e+00	0.00e+00	0.00e+00
 1.58170e+21	2.69e-01	7.28e-01	2.97e-03	1.46e-04	6.57e-07	0.00e+00	0.00e+00	0.00e+00
 1.58242e+21	2.81e-01	7.16e-01	2.73e-03	1.41e-04	5.94e-07	0.00e+00	0.00e+00	0.00e+00
 1.58314e+21	2.93e-01	7.05e-01	2.52e-03	1.36e-04	5.41e-07	0.00e+00	0.00e+00	0.00e+00
 1.58384e+21	3.04e-01	6.94e-01	2.34e-03	1.31e-04	4.95e-07	0.00e+00	0.00e+00	0.00e+00
 1.58455e+21	3.16e-01	6.82e-01	2.17e-03	1.27e-04	4.52e-07	0.00e+00	0.00e+00	0.00e+00
 1.58528e+21	3.27e-01	6.71e-01	2.02e-03	1.23e-04	4.16e-07	0.00e+00	0.00e+00	0.00e+00
 1.58601e+21	3.39e-01	6.59e-01	1.88e-03	1.18e-04	3.83e-07	0.00e+00	0.00e+00	0.00e+00
 1.58675e+21	3.51e-01	6.47e-01	1.76e-03	1.15e-04	3.54e-07	0.00e+00	0.00e+00	0.00e+00
 1.58751e+21	3.62e-01	6.36e-01	1.65e-03	1.11e-04	3.28e-07	0.00e+00	0.00e+00	0.00e+00
 1.58829e+21	3.74e-01	6.25e-01	1.55e-03	1.07e-04	3.05e-07	0.00e+00	0.00e+00	0.00e+00
 1.58911e+21	3.85e-01	6.13e-01	1.46e-03	1.04e-04	2.84e-07	0.00e+00	0.00e+00	0.00e+00
 1.58995e+21	3.96e-01	6.02e-01	1.38e-03	1.01e-04	2.65e-07	0.00e+00	0.00e+00	0.00e+00
 1.59082e+21	4.07e-01	5.91e-01	1.31e-03	9.78e-05	2.49e-07	0.00e+00	0.00e+00	0.00e+00
 1.59176e+21	4.18e-01	5.81e-01	1.25e-03	9.50e-05	2.34e-07	0.00e+00	0.00e+00	0.00e+00
 1.59277e+21	4.28e-01	5.71e-01	1.19e-03	9.22e-05	2.21e-07	0.00e+00	0.00e+00	0.00e+00
 1.59386e+21	4.38e-01	5.61e-01	1.14e-03	8.97e-05	2.09e-07	0.00e+00	0.00e+00	0.00e+00
 1.59503e+21	4.47e-01	5.52e-01	1.09e-03	8.74e-05	1.99e-07	0.00e+00	0.00e+00	0.00e+00
 1.59630e+21	4.55e-01	5.44e-01	1.06e-03	8.53e-05	1.91e-07	0.00e+00	0.00e+00	0.00e+00
 1.59775e+21	4.63e-01	5.36e-01	1.02e-03	8.35e-05	1.83e-07	0.00e+00	0.00e+00	0.00e+00
 1.59930e+21	4.69e-01	5.30e-01	9.98e-04	8.20e-05	1.77e-07	0.00e+00	0.00e+00	0.00e+00
 1.60081e+21	4.73e-01	5.26e-01	9.79e-04	8.09e-05	1.73e-07	0.00e+00	0.00e+00	0.00e+00
 1.60230e+21	4.77e-01	5.22e-01	9.66e-04	8.01e-05	1.70e-07	0.00e+00	0.00e+00	0.00e+00
 1.60376e+21	4.79e-01	5.20e-01	9.57e-04	7.95e-05	1.68e-07	0.00e+00	0.00e+00	0.00e+00
 1.60521e+21	4.81e-01	5.18e-01	9.49e-04	7.90e-05	1.66e-07	0.00e+00	0.00e+00	0.00e+00
 1.60664e+21	4.83e-01	5.16e-01	9.42e-04	7.84e-05	1.64e-07	0.00e+00	0.00e+00	0.00e+00
 1.60806e+21	4.84e-01	5.15e-01	9.39e-04	7.83e-05	1.63e-07	0.00e+00	0.00e+00	0.00e+00
 1.60969e+21	4.85e-01	5.14e-01	9.33e-04	7.79e-05	1.62e-07	0.00e+00	0.00e+00	0.00e+00
 1.61181e+21	4.86e-01	5.13e-01	9.30e-04	7.77e-05	1.61e-07	0.00e+00	0.00e+00	0.00e+00
 1.61456e+21	4.88e-01	5.11e-01	9.24e-04	7.72e-05	1.60e-07	0.00e+00	0.00e+00	0.00e+00
 1.61815e+21	4.89e-01	5.10e-01	9.19e-04	7.70e-05	1.59e-07	0.00e+00	0.00e+00	0.00e+00
 1.62280e+21	4.90e-01	5.09e-01	9.13e-04	7.65e-05	1.57e-07	0.00e+00	0.00e+00	0.00e+00
 1.62885e+21	4.92e-01	5.07e-01	9.05e-04	7.60e-05	1.55e-07	0.00e+00	0.00e+00	0.00e+00
 1.63672e+21	4.94e-01	5.05e-01	8.95e-04	7.52e-05	1.53e-07	0.00e+00	0.00e+00	0.00e+00
 1.64695e+21	4.98e-01	5.01e-01	8.83e-04	7.43e-05	1.49e-07	0.00e+00	0.00e+00	0.00e+00
 1.66025e+21	5.02e-01	4.98e-01	8.68e-04	7.32e-05	1.46e-07	0.00e+00	0.00e+00	0.00e+00
 1.67753e+21	5.07e-01	4.93e-01	8.49e-04	7.17e-05	1.41e-07	0.00e+00	0.00e+00	0.00e+00
 1.70001e+21	5.13e-01	4.86e-01	8.26e-04	6.99e-05	1.35e-07	0.00e+00	0.00e+00	0.00e+00
 1.72922e+21	5.21e-01	4.78e-01	7.98e-04	6.77e-05	1.28e-07	0.00e+00	0.00e+00	0.00e+00
 1.76720e+21	5.31e-01	4.69e-01	7.64e-04	6.49e-05	0.00e+00	0.00e+00	0.00e+00	0.00e+00
 1.81390e+21	5.42e-01	4.58e-01	7.28e-04	6.18e-05	0.00e+00	0.00e+00	0.00e+00	0.00e+00
 1.86411e+21	5.53e-01	4.46e-01	6.93e-04	5.88e-05	0.00e+00	0.00e+00	0.00e+00	0.00e+00
 1.91520e+21	5.64e-01	4.36e-01	6.62e-04	5.60e-05	0.00e+00	0.00e+00	0.00e+00	0.00e+00
 1.96802e+21	5.74e-01	4.25e-01	6.33e-04	5.32e-05	0.00e+00	0.00e+00	0.00e+00	0.00e+00
 2.02326e+21	5.85e-01	4.15e-01	6.04e-04	5.05e-05	0.00e+00	0.00e+00	0.00e+00	0.00e+00
 2.08187e+21	5.95e-01	4.04e-01	5.76e-04	4.78e-05	0.00e+00	0.00e+00	0.00e+00	0.00e+00
 2.14364e+21	6.06e-01	3.93e-01	5.49e-04	4.52e-05	0.00e+00	0.00e+00	0.00e+00	0.00e+00
 2.20840e+21	6.17e-01	3.83e-01	5.23e-04	4.27e-05	0.00e+00	0.00e+00	0.00e+00	0.00e+00
 2.27571e+21	6.28e-01	3.72e-01	4.98e-04	4.02e-05	0.00e+00	0.00e+00	0.00e+00	0.00e+00
 2.34632e+21	6.38e-01	3.61e-01	4.74e-04	3.78e-05	0.00e+00	0.00e+00	0.00e+00	0.00e+00
 2.42052e+21	6.49e-01	3.50e-01	4.50e-04	3.54e-05	0.00e+00	0.00e+00	0.00e+00	0.00e+00
 2.49803e+21	6.60e-01	3.39e-01	4.28e-04	3.31e-05	0.00e+00	0.00e+00	0.00e+00	0.00e+00
 2.57949e+21	6.71e-01	3.28e-01	4.05e-04	3.09e-05	0.00e+00	0.00e+00	0.00e+00	0.00e+00
 2.66498e+21	6.82e-01	3.17e-01	3.84e-04	2.88e-05	0.00e+00	0.00e+00	0.00e+00	0.00e+00
 2.75395e+21	6.93e-01	3.06e-01	3.64e-04	2.67e-05	0.00e+00	0.00e+00	0.00e+00	0.00e+00
 2.84694e+21	7.04e-01	2.95e-01	3.44e-04	2.47e-05	0.00e+00	0.00e+00	0.00e+00	0.00e+00
 2.94431e+21	7.15e-01	2.84e-01	3.24e-04	2.28e-05	0.00e+00	0.00e+00	0.00e+00	0.00e+00
 3.04614e+21	7.26e-01	2.74e-01	3.06e-04	2.10e-05	0.00e+00	0.00e+00	0.00e+00	0.00e+00
 3.15240e+21	7.37e-01	2.63e-01	2.88e-04	1.93e-05	0.00e+00	0.00e+00	0.00e+00	0.00e+00
 3.26315e+21	7.48e-01	2.52e-01	2.71e-04	1.76e-05	0.00e+00	0.00e+00	0.00e+00	0.00e+00
 3.37949e+21	7.59e-01	2.41e-01	2.54e-04	1.61e-05	0.00e+00	0.00e+00	0.00e+00	0.00e+00
 3.50136e+21	7.69e-01	2.30e-01	2.38e-04	1.46e-05	0.00e+00	0.00e+00	0.00e+00	0.00e+00
 3.62785e+21	7.80e-01	2.20e-01	2.23e-04	1.32e-05	0.00e+00	0.00e+00	0.00e+00	0.00e+00
 3.75974e+21	7.90e-01	2.10e-01	2.08e-04	1.20e-05	0.00e+00	0.00e+00	0.00e+00	0.00e+00
 3.89763e+21	8.00e-01	2.00e-01	1.94e-04	1.08e-05	0.00e+00	0.00e+00	0.00e+00	0.00e+00
 4.04129e+21	8.10e-01	1.90e-01	1.81e-04	9.65e-06	0.00e+00	0.00e+00	0.00e+00	0.00e+00
 4.19168e+21	8.20e-01	1.80e-01	1.68e-04	8.62e-06	0.00e+00	0.00e+00	0.00e+00	0.00e+00
 4.34893e+21	8.29e-01	1.71e-01	1.56e-04	7.68e-06	0.00e+00	0.00e+00	0.00e+00	0.00e+00
 4.51219e+21	8.38e-01	1.62e-01	1.45e-04	6.82e-06	0.00e+00	0.00e+00	0.00e+00	0.00e+00
 4.68232e+21	8.47e-01	1.53e-01	1.34e-04	6.03e-06	0.00e+00	0.00e+00	0.00e+00	0.00e+00
 4.86001e+21	8.56e-01	1.44e-01	1.23e-04	5.32e-06	0.00e+00	0.00e+00	0.00e+00	0.00e+00
 5.04548e+21	8.64e-01	1.36e-01	1.14e-04	4.68e-06	0.00e+00	0.00e+00	0.00e+00	0.00e+00
 5.23869e+21	8.72e-01	1.28e-01	1.05e-04	4.09e-06	0.00e+00	0.00e+00	0.00e+00	0.00e+00
 5.43981e+21	8.80e-01	1.20e-01	9.61e-05	3.57e-06	0.00e+00	0.00e+00	0.00e+00	0.00e+00
 5.65096e+21	8.87e-01	1.13e-01	8.80e-05	3.11e-06	0.00e+00	0.00e+00	0.00e+00	0.00e+00
 5.87219e+21	8.94e-01	1.06e-01	8.04e-05	2.70e-06	0.00e+00	0.00e+00	0.00e+00	0.00e+00
 6.10188e+21	9.00e-01	9.95e-02	7.34e-05	2.33e-06	0.00e+00	0.00e+00	0.00e+00	0.00e+00
 6.34179e+21	9.07e-01	9.34e-02	6.68e-05	2.01e-06	0.00e+00	0.00e+00	0.00e+00	0.00e+00
 6.59334e+21	9.12e-01	8.75e-02	6.07e-05	1.73e-06	0.00e+00	0.00e+00	0.00e+00	0.00e+00
 6.85642e+21	9.18e-01	8.20e-02	5.51e-05	1.48e-06	0.00e+00	0.00e+00	0.00e+00	0.00e+00
 7.13379e+21	9.23e-01	7.67e-02	4.98e-05	1.26e-06	0.00e+00	0.00e+00	0.00e+00	0.00e+00
 7.42625e+21	9.28e-01	7.18e-02	4.49e-05	1.08e-06	0.00e+00	0.00e+00	0.00e+00	0.00e+00
 7.73234e+21	9.33e-01	6.71e-02	4.04e-05	9.13e-07	0.00e+00	0.00e+00	0.00e+00	0.00e+00
 8.05476e+21	9.37e-01	6.29e-02	3.62e-05	7.73e-07	0.00e+00	0.00e+00	0.00e+00	0.00e+00
 8.39621e+21	9.41e-01	5.87e-02	3.24e-05	6.51e-07	0.00e+00	0.00e+00	0.00e+00	0.00e+00
 8.75906e+21	9.45e-01	5.50e-02	2.88e-05	5.47e-07	0.00e+00	0.00e+00	0.00e+00	0.00e+00
 9.14459e+21	9.49e-01	5.14e-02	2.56e-05	4.57e-07	0.00e+00	0.00e+00	0.00e+00	0.00e+00
 9.55893e+21	9.52e-01	4.80e-02	2.26e-05	3.80e-07	0.00e+00	0.00e+00	0.00e+00	0.00e+00
 1.00043e+22	9.55e-01	4.49e-02	1.98e-05	3.14e-07	0.00e+00	0.00e+00	0.00e+00	0.00e+00
 1.04612e+22	9.58e-01	4.21e-02	1.75e-05	2.61e-07	0.00e+00	0.00e+00	0.00e+00	0.00e+00
 1.09041e+22	9.60e-01	3.98e-02	1.55e-05	2.21e-07	0.00e+00	0.00e+00	0.00e+00	0.00e+00
 1.13231e+22	9.62e-01	3.78e-02	1.39e-05	1.89e-07	0.00e+00	0.00e+00	0.00e+00	0.00e+00
 1.17305e+22	9.64e-01	3.62e-02	1.25e-05	1.64e-07	0.00e+00	0.00e+00	0.00e+00	0.00e+00
 1.21987e+22	9.66e-01	3.43e-02	1.11e-05	1.39e-07	0.00e+00	0.00e+00	0.00e+00	0.00e+00
 1.27065e+22	9.67e-01	3.27e-02	9.88e-06	0.00e+00	0.00e+00	0.00e+00	0.00e+00	0.00e+00
 1.31402e+22	9.68e-01	3.15e-02	8.97e-06	0.00e+00	0.00e+00	0.00e+00	0.00e+00	0.00e+00
 1.35019e+22	9.69e-01	3.06e-02	8.27e-06	0.00e+00	0.00e+00	0.00e+00	0.00e+00	0.00e+00
 1.38957e+22	9.70e-01	2.97e-02	7.56e-06	0.00e+00	0.00e+00	0.00e+00	0.00e+00	0.00e+00
 1.44077e+22	9.71e-01	2.85e-02	6.76e-06	0.00e+00	0.00e+00	0.00e+00	0.00e+00	0.00e+00
 1.49300e+22	9.72e-01	2.76e-02	6.08e-06	0.00e+00	0.00e+00	0.00e+00	0.00e+00	0.00e+00
 1.53319e+22	9.73e-01	2.70e-02	5.62e-06	0.00e+00	0.00e+00	0.00e+00	0.00e+00	0.00e+00
 1.56608e+22	9.74e-01	2.65e-02	5.27e-06	0.00e+00	0.00e+00	0.00e+00	0.00e+00	0.00e+00
 1.60284e+22	9.74e-01	2.60e-02	4.90e-06	0.00e+00	0.00e+00	0.00e+00	0.00e+00	0.00e+00
 1.65063e+22	9.75e-01	2.53e-02	4.46e-06	0.00e+00	0.00e+00	0.00e+00	0.00e+00	0.00e+00
 1.70098e+22	9.75e-01	2.47e-02	4.07e-06	0.00e+00	0.00e+00	0.00e+00	0.00e+00	0.00e+00
 1.74214e+22	9.76e-01	2.43e-02	3.79e-06	0.00e+00	0.00e+00	0.00e+00	0.00e+00	0.00e+00
 1.77666e+22	9.76e-01	2.40e-02	3.56e-06	0.00e+00	0.00e+00	0.00e+00	0.00e+00	0.00e+00
 1.81508e+22	9.76e-01	2.36e-02	3.33e-06	0.00e+00	0.00e+00	0.00e+00	0.00e+00	0.00e+00
 1.86504e+22	9.77e-01	2.32e-02	3.05e-06	0.00e+00	0.00e+00	0.00e+00	0.00e+00	0.00e+00
 1.91703e+22	9.77e-01	2.28e-02	2.80e-06	0.00e+00	0.00e+00	0.00e+00	0.00e+00	0.00e+00
 1.95884e+22	9.77e-01	2.26e-02	2.62e-06	0.00e+00	0.00e+00	0.00e+00	0.00e+00	0.00e+00
 1.99430e+22	9.78e-01	2.24e-02	2.48e-06	0.00e+00	0.00e+00	0.00e+00	0.00e+00	0.00e+00
 2.03434e+22	9.78e-01	2.21e-02	2.32e-06	0.00e+00	0.00e+00	0.00e+00	0.00e+00	0.00e+00
 2.08638e+22	9.78e-01	2.18e-02	2.14e-06	0.00e+00	0.00e+00	0.00e+00	0.00e+00	0.00e+00
 2.14140e+22	9.78e-01	2.16e-02	1.97e-06	0.00e+00	0.00e+00	0.00e+00	0.00e+00	0.00e+00
 2.18726e+22	9.79e-01	2.14e-02	1.85e-06	0.00e+00	0.00e+00	0.00e+00	0.00e+00	0.00e+00
 2.22750e+22	9.79e-01	2.12e-02	1.74e-06	0.00e+00	0.00e+00	0.00e+00	0.00e+00	0.00e+00
 2.27346e+22	9.79e-01	2.09e-02	1.63e-06	0.00e+00	0.00e+00	0.00e+00	0.00e+00	0.00e+00
 2.33321e+22	9.79e-01	2.07e-02	1.50e-06	0.00e+00	0.00e+00	0.00e+00	0.00e+00	0.00e+00
 2.39753e+22	9.79e-01	2.06e-02	1.37e-06	0.00e+00	0.00e+00	0.00e+00	0.00e+00	0.00e+00
 2.45517e+22	9.80e-01	2.05e-02	1.27e-06	0.00e+00	0.00e+00	0.00e+00	0.00e+00	0.00e+00
 2.51242e+22	9.80e-01	2.03e-02	1.18e-06	0.00e+00	0.00e+00	0.00e+00	0.00e+00	0.00e+00
 2.56974e+22	9.80e-01	2.01e-02	1.10e-06	0.00e+00	0.00e+00	0.00e+00	0.00e+00	0.00e+00
 2.62134e+22	9.80e-01	2.01e-02	1.03e-06	0.00e+00	0.00e+00	0.00e+00	0.00e+00	0.00e+00
 2.66777e+22	9.80e-01	2.01e-02	9.73e-07	0.00e+00	0.00e+00	0.00e+00	0.00e+00	0.00e+00
 2.70956e+22	9.80e-01	2.00e-02	9.26e-07	0.00e+00	0.00e+00	0.00e+00	0.00e+00	0.00e+00
 2.74717e+22	9.80e-01	1.99e-02	8.86e-07	0.00e+00	0.00e+00	0.00e+00	0.00e+00	0.00e+00
 2.78102e+22	9.80e-01	1.98e-02	8.52e-07	0.00e+00	0.00e+00	0.00e+00	0.00e+00	0.00e+00
 2.81249e+22	9.80e-01	1.98e-02	8.21e-07	0.00e+00	0.00e+00	0.00e+00	0.00e+00	0.00e+00
 2.84334e+22	9.80e-01	1.97e-02	7.92e-07	0.00e+00	0.00e+00	0.00e+00	0.00e+00	0.00e+00
 2.87420e+22	9.80e-01	1.96e-02	7.65e-07	0.00e+00	0.00e+00	0.00e+00	0.00e+00	0.00e+00
 2.90506e+22	9.80e-01	1.96e-02	7.38e-07	0.00e+00	0.00e+00	0.00e+00	0.00e+00	0.00e+00
 2.93591e+22	9.81e-01	1.95e-02	7.13e-07	0.00e+00	0.00e+00	0.00e+00	0.00e+00	0.00e+00
 2.96677e+22	9.81e-01	1.94e-02	6.89e-07	0.00e+00	0.00e+00	0.00e+00	0.00e+00	0.00e+00
 2.99763e+22	9.81e-01	1.93e-02	6.66e-07	0.00e+00	0.00e+00	0.00e+00	0.00e+00	0.00e+00
 3.02682e+22	9.81e-01	1.91e-02	6.45e-07	0.00e+00	0.00e+00	0.00e+00	0.00e+00	0.00e+00
 3.05154e+22	9.81e-01	1.90e-02	6.28e-07	0.00e+00	0.00e+00	0.00e+00	0.00e+00	0.00e+00
 3.07308e+22	9.81e-01	1.87e-02	6.14e-07	0.00e+00	0.00e+00	0.00e+00	0.00e+00	0.00e+00
 3.08467e+22	9.82e-01	1.84e-02	6.07e-07	0.00e+00	0.00e+00	0.00e+00	0.00e+00	0.00e+00
