#depth	O	O+	O+2	O+3	O+4	O+5	O+6	O+7	O+8	O[1]	O[2]	O[3]
 3.99586e+15	1.33e-03	1.29e-01	6.46e-01	2.05e-01	1.80e-02	2.15e-04	1.94e-06	0.00e+00	0.00e+00	1.33e-03	3.23e-07	3.52e-07
 2.39752e+16	1.32e-03	1.28e-01	6.47e-01	2.06e-01	1.80e-02	2.16e-04	1.95e-06	0.00e+00	0.00e+00	1.32e-03	3.22e-07	3.48e-07
 1.03892e+17	1.28e-03	1.25e-01	6.49e-01	2.06e-01	1.80e-02	2.17e-04	1.96e-06	0.00e+00	0.00e+00	1.28e-03	3.13e-07	3.38e-07
 4.23562e+17	1.19e-03	1.18e-01	6.58e-01	2.05e-01	1.76e-02	2.15e-04	1.96e-06	0.00e+00	0.00e+00	1.19e-03	2.89e-07	3.13e-07
 1.01175e+18	9.46e-04	1.03e-01	6.68e-01	2.10e-01	1.77e-02	2.28e-04	2.14e-06	0.00e+00	0.00e+00	9.45e-04	2.28e-07	2.50e-07
 1.77640e+18	8.05e-04	9.26e-02	6.79e-01	2.10e-01	1.71e-02	2.29e-04	2.19e-06	0.00e+00	0.00e+00	8.05e-04	1.93e-07	2.13e-07
 2.77044e+18	7.16e-04	8.60e-02	6.94e-01	2.03e-01	1.60e-02	2.18e-04	2.12e-06	0.00e+00	0.00e+00	7.16e-04	1.71e-07	1.89e-07
 4.06270e+18	6.88e-04	8.43e-02	7.12e-01	1.89e-01	1.42e-02	1.94e-04	1.90e-06	0.00e+00	0.00e+00	6.88e-04	1.64e-07	1.82e-07
 5.74263e+18	7.13e-04	8.66e-02	7.34e-01	1.67e-01	1.18e-02	1.58e-04	1.55e-06	0.00e+00	0.00e+00	7.13e-04	1.70e-07	1.89e-07
 7.74193e+18	8.05e-04	9.38e-02	7.56e-01	1.40e-01	9.14e-03	1.17e-04	1.14e-06	0.00e+00	0.00e+00	8.04e-04	1.93e-07	2.13e-07
 1.00929e+19	1.06e-03	1.12e-01	7.74e-01	1.07e-01	6.34e-03	7.42e-05	7.03e-07	0.00e+00	0.00e+00	1.06e-03	2.57e-07	2.80e-07
 1.20506e+19	1.34e-03	1.29e-01	7.82e-01	8.38e-02	4.63e-03	5.00e-05	4.64e-07	0.00e+00	0.00e+00	1.34e-03	3.27e-07	3.53e-07
 1.31434e+19	1.60e-03	1.43e-01	7.80e-01	7.13e-02	3.77e-03	3.82e-05	3.48e-07	0.00e+00	0.00e+00	1.60e-03	3.95e-07	4.22e-07
 1.39987e+19	1.89e-03	1.57e-01	7.76e-01	6.19e-02	3.17e-03	3.02e-05	2.71e-07	0.00e+00	0.00e+00	1.89e-03	4.70e-07	4.98e-07
 1.49623e+19	2.32e-03	1.76e-01	7.67e-01	5.20e-02	2.56e-03	2.26e-05	1.99e-07	0.00e+00	0.00e+00	2.32e-03	5.82e-07	6.10e-07
 1.59875e+19	2.87e-03	1.98e-01	7.54e-01	4.31e-02	2.04e-03	1.66e-05	1.43e-07	0.00e+00	0.00e+00	2.87e-03	7.29e-07	7.55e-07
 1.68703e+19	3.42e-03	2.17e-01	7.41e-01	3.67e-02	1.68e-03	1.27e-05	0.00e+00	0.00e+00	0.00e+00	3.42e-03	8.73e-07	8.97e-07
 1.77952e+19	4.31e-03	2.45e-01	7.19e-01	2.99e-02	1.33e-03	9.10e-06	0.00e+00	0.00e+00	0.00e+00	4.31e-03	1.12e-06	1.13e-06
 1.87166e+19	5.32e-03	2.73e-01	6.96e-01	2.46e-02	1.07e-03	6.66e-06	0.00e+00	0.00e+00	0.00e+00	5.32e-03	1.40e-06	1.39e-06
 1.94558e+19	6.28e-03	2.96e-01	6.76e-01	2.10e-02	9.01e-04	5.16e-06	0.00e+00	0.00e+00	0.00e+00	6.27e-03	1.66e-06	1.64e-06
 2.02389e+19	7.75e-03	3.27e-01	6.47e-01	1.72e-02	7.28e-04	3.76e-06	0.00e+00	0.00e+00	0.00e+00	7.75e-03	2.07e-06	2.02e-06
 2.10582e+19	9.48e-03	3.59e-01	6.17e-01	1.40e-02	5.92e-04	2.75e-06	0.00e+00	0.00e+00	0.00e+00	9.47e-03	2.54e-06	2.47e-06
 2.17736e+19	1.14e-02	3.89e-01	5.88e-01	1.16e-02	4.90e-04	2.06e-06	0.00e+00	0.00e+00	0.00e+00	1.14e-02	3.08e-06	2.96e-06
 2.24484e+19	1.35e-02	4.19e-01	5.58e-01	9.59e-03	4.10e-04	1.55e-06	0.00e+00	0.00e+00	0.00e+00	1.35e-02	3.67e-06	3.51e-06
 2.32213e+19	1.67e-02	4.56e-01	5.19e-01	7.58e-03	3.29e-04	1.10e-06	0.00e+00	0.00e+00	0.00e+00	1.67e-02	4.56e-06	4.31e-06
 2.40350e+19	2.06e-02	4.95e-01	4.78e-01	5.90e-03	2.63e-04	7.70e-07	0.00e+00	0.00e+00	0.00e+00	2.06e-02	5.65e-06	5.31e-06
 2.47315e+19	2.49e-02	5.30e-01	4.40e-01	4.68e-03	2.16e-04	5.56e-07	0.00e+00	0.00e+00	0.00e+00	2.48e-02	6.82e-06	6.37e-06
 2.53619e+19	2.95e-02	5.62e-01	4.05e-01	3.74e-03	1.79e-04	4.08e-07	0.00e+00	0.00e+00	0.00e+00	2.95e-02	8.09e-06	7.53e-06
 2.60771e+19	3.60e-02	5.98e-01	3.63e-01	2.85e-03	1.43e-04	2.81e-07	0.00e+00	0.00e+00	0.00e+00	3.60e-02	9.85e-06	9.14e-06
 2.68493e+19	4.45e-02	6.35e-01	3.18e-01	2.09e-03	1.11e-04	1.86e-07	0.00e+00	0.00e+00	0.00e+00	4.45e-02	1.21e-05	1.12e-05
 2.75281e+19	5.37e-02	6.66e-01	2.79e-01	1.56e-03	8.86e-05	1.27e-07	0.00e+00	0.00e+00	0.00e+00	5.37e-02	1.46e-05	1.35e-05
 2.81189e+19	6.31e-02	6.90e-01	2.45e-01	1.19e-03	7.22e-05	0.00e+00	0.00e+00	0.00e+00	0.00e+00	6.31e-02	1.70e-05	1.57e-05
 2.87629e+19	7.58e-02	7.14e-01	2.09e-01	8.66e-04	5.63e-05	0.00e+00	0.00e+00	0.00e+00	0.00e+00	7.58e-02	2.03e-05	1.86e-05
 2.94205e+19	9.09e-02	7.33e-01	1.76e-01	6.18e-04	4.33e-05	0.00e+00	0.00e+00	0.00e+00	0.00e+00	9.09e-02	2.41e-05	2.21e-05
 2.99342e+19	1.05e-01	7.44e-01	1.50e-01	4.65e-04	3.46e-05	0.00e+00	0.00e+00	0.00e+00	0.00e+00	1.05e-01	2.76e-05	2.53e-05
 3.03504e+19	1.18e-01	7.50e-01	1.32e-01	3.68e-04	2.87e-05	0.00e+00	0.00e+00	0.00e+00	0.00e+00	1.18e-01	3.06e-05	2.81e-05
 3.08014e+19	1.34e-01	7.53e-01	1.12e-01	2.79e-04	2.29e-05	0.00e+00	0.00e+00	0.00e+00	0.00e+00	1.34e-01	3.45e-05	3.16e-05
 3.12881e+19	1.53e-01	7.53e-01	9.41e-02	2.09e-04	1.81e-05	0.00e+00	0.00e+00	0.00e+00	0.00e+00	1.53e-01	3.86e-05	3.53e-05
 3.17230e+19	1.72e-01	7.49e-01	7.91e-02	1.58e-04	1.43e-05	0.00e+00	0.00e+00	0.00e+00	0.00e+00	1.72e-01	4.28e-05	3.92e-05
 3.21095e+19	1.91e-01	7.42e-01	6.73e-02	1.23e-04	1.16e-05	0.00e+00	0.00e+00	0.00e+00	0.00e+00	1.91e-01	4.67e-05	4.27e-05
 3.25312e+19	2.13e-01	7.31e-01	5.57e-02	9.34e-05	9.05e-06	0.00e+00	0.00e+00	0.00e+00	0.00e+00	2.13e-01	5.11e-05	4.67e-05
 3.29865e+19	2.39e-01	7.16e-01	4.50e-02	6.91e-05	6.87e-06	0.00e+00	0.00e+00	0.00e+00	0.00e+00	2.39e-01	5.61e-05	5.12e-05
 3.33829e+19	2.63e-01	7.00e-01	3.72e-02	5.35e-05	5.39e-06	0.00e+00	0.00e+00	0.00e+00	0.00e+00	2.63e-01	6.03e-05	5.50e-05
 3.37958e+19	2.90e-01	6.80e-01	3.00e-02	4.06e-05	4.11e-06	0.00e+00	0.00e+00	0.00e+00	0.00e+00	2.90e-01	6.48e-05	5.91e-05
 3.42502e+19	3.22e-01	6.55e-01	2.35e-02	3.02e-05	3.03e-06	0.00e+00	0.00e+00	0.00e+00	0.00e+00	3.21e-01	6.95e-05	6.35e-05
 3.46669e+19	3.50e-01	6.31e-01	1.87e-02	2.34e-05	2.29e-06	0.00e+00	0.00e+00	0.00e+00	0.00e+00	3.50e-01	7.34e-05	6.70e-05
 3.50719e+19	3.81e-01	6.05e-01	1.48e-02	1.82e-05	1.72e-06	0.00e+00	0.00e+00	0.00e+00	0.00e+00	3.80e-01	7.71e-05	7.04e-05
 3.55113e+19	4.13e-01	5.75e-01	1.14e-02	1.41e-05	1.26e-06	0.00e+00	0.00e+00	0.00e+00	0.00e+00	4.13e-01	8.05e-05	7.34e-05
 3.59513e+19	4.46e-01	5.45e-01	8.76e-03	1.10e-05	9.21e-07	0.00e+00	0.00e+00	0.00e+00	0.00e+00	4.46e-01	8.34e-05	7.61e-05
 3.63449e+19	4.76e-01	5.18e-01	6.89e-03	8.99e-06	6.95e-07	0.00e+00	0.00e+00	0.00e+00	0.00e+00	4.75e-01	8.55e-05	7.79e-05
 3.66983e+19	5.02e-01	4.93e-01	5.54e-03	7.55e-06	5.39e-07	0.00e+00	0.00e+00	0.00e+00	0.00e+00	5.01e-01	8.69e-05	7.92e-05
 3.70377e+19	5.26e-01	4.70e-01	4.49e-03	6.45e-06	4.23e-07	0.00e+00	0.00e+00	0.00e+00	0.00e+00	5.26e-01	8.79e-05	8.01e-05
 3.73714e+19	5.49e-01	4.47e-01	3.65e-03	5.57e-06	3.35e-07	0.00e+00	0.00e+00	0.00e+00	0.00e+00	5.49e-01	8.86e-05	8.07e-05
 3.76994e+19	5.71e-01	4.26e-01	2.99e-03	4.88e-06	2.67e-07	0.00e+00	0.00e+00	0.00e+00	0.00e+00	5.71e-01	8.89e-05	8.09e-05
 3.80200e+19	5.91e-01	4.07e-01	2.47e-03	4.32e-06	2.15e-07	0.00e+00	0.00e+00	0.00e+00	0.00e+00	5.91e-01	8.89e-05	8.09e-05
 3.82764e+19	6.06e-01	3.92e-01	2.14e-03	3.95e-06	1.83e-07	0.00e+00	0.00e+00	0.00e+00	0.00e+00	6.06e-01	8.88e-05	8.08e-05
 3.84599e+19	6.16e-01	3.82e-01	1.92e-03	3.72e-06	1.63e-07	0.00e+00	0.00e+00	0.00e+00	0.00e+00	6.16e-01	8.86e-05	8.06e-05
 3.86417e+19	6.27e-01	3.72e-01	1.73e-03	3.50e-06	1.45e-07	0.00e+00	0.00e+00	0.00e+00	0.00e+00	6.27e-01	8.84e-05	8.04e-05
 3.88556e+19	6.39e-01	3.60e-01	1.53e-03	3.26e-06	1.27e-07	0.00e+00	0.00e+00	0.00e+00	0.00e+00	6.38e-01	8.80e-05	8.01e-05
 3.90892e+19	6.51e-01	3.48e-01	1.35e-03	3.04e-06	0.00e+00	0.00e+00	0.00e+00	0.00e+00	0.00e+00	6.51e-01	8.76e-05	7.96e-05
 3.93214e+19	6.62e-01	3.37e-01	1.19e-03	2.85e-06	0.00e+00	0.00e+00	0.00e+00	0.00e+00	0.00e+00	6.62e-01	8.71e-05	7.92e-05
 3.95586e+19	6.73e-01	3.26e-01	1.06e-03	2.67e-06	0.00e+00	0.00e+00	0.00e+00	0.00e+00	0.00e+00	6.73e-01	8.66e-05	7.86e-05
 3.98073e+19	6.83e-01	3.16e-01	9.37e-04	2.52e-06	0.00e+00	0.00e+00	0.00e+00	0.00e+00	0.00e+00	6.83e-01	8.60e-05	7.81e-05
 4.00700e+19	6.94e-01	3.05e-01	8.28e-04	2.36e-06	0.00e+00	0.00e+00	0.00e+00	0.00e+00	0.00e+00	6.94e-01	8.53e-05	7.74e-05
 4.03472e+19	7.04e-01	2.95e-01	7.34e-04	2.23e-06	0.00e+00	0.00e+00	0.00e+00	0.00e+00	0.00e+00	7.04e-01	8.46e-05	7.67e-05
 4.06414e+19	7.14e-01	2.85e-01	6.50e-04	2.10e-06	0.00e+00	0.00e+00	0.00e+00	0.00e+00	0.00e+00	7.14e-01	8.38e-05	7.60e-05
 4.09582e+19	7.23e-01	2.76e-01	5.77e-04	1.98e-06	0.00e+00	0.00e+00	0.00e+00	0.00e+00	0.00e+00	7.23e-01	8.30e-05	7.53e-05
 4.13040e+19	7.33e-01	2.67e-01	5.12e-04	1.87e-06	0.00e+00	0.00e+00	0.00e+00	0.00e+00	0.00e+00	7.33e-01	8.21e-05	7.44e-05
 4.16810e+19	7.42e-01	2.58e-01	4.56e-04	1.78e-06	0.00e+00	0.00e+00	0.00e+00	0.00e+00	0.00e+00	7.41e-01	8.13e-05	7.37e-05
 4.20997e+19	7.50e-01	2.49e-01	4.07e-04	1.68e-06	0.00e+00	0.00e+00	0.00e+00	0.00e+00	0.00e+00	7.50e-01	8.04e-05	7.28e-05
 4.25789e+19	7.58e-01	2.41e-01	3.64e-04	1.60e-06	0.00e+00	0.00e+00	0.00e+00	0.00e+00	0.00e+00	7.58e-01	7.96e-05	7.20e-05
 4.31179e+19	7.66e-01	2.34e-01	3.27e-04	1.52e-06	0.00e+00	0.00e+00	0.00e+00	0.00e+00	0.00e+00	7.66e-01	7.87e-05	7.12e-05
 4.36777e+19	7.72e-01	2.28e-01	3.00e-04	1.46e-06	0.00e+00	0.00e+00	0.00e+00	0.00e+00	0.00e+00	7.72e-01	7.80e-05	7.05e-05
 4.42238e+19	7.77e-01	2.23e-01	2.78e-04	1.41e-06	0.00e+00	0.00e+00	0.00e+00	0.00e+00	0.00e+00	7.77e-01	7.74e-05	6.99e-05
 4.48450e+19	7.82e-01	2.18e-01	2.59e-04	1.37e-06	0.00e+00	0.00e+00	0.00e+00	0.00e+00	0.00e+00	7.82e-01	7.68e-05	6.94e-05
 4.56525e+19	7.88e-01	2.12e-01	2.39e-04	1.32e-06	0.00e+00	0.00e+00	0.00e+00	0.00e+00	0.00e+00	7.88e-01	7.61e-05	6.87e-05
 4.67023e+19	7.93e-01	2.06e-01	2.19e-04	1.26e-06	0.00e+00	0.00e+00	0.00e+00	0.00e+00	0.00e+00	7.93e-01	7.53e-05	6.80e-05
 4.80670e+19	8.00e-01	2.00e-01	1.99e-04	1.21e-06	0.00e+00	0.00e+00	0.00e+00	0.00e+00	0.00e+00	8.00e-01	7.45e-05	6.71e-05
 4.98017e+19	8.07e-01	1.93e-01	1.79e-04	1.15e-06	0.00e+00	0.00e+00	0.00e+00	0.00e+00	0.00e+00	8.07e-01	7.35e-05	6.62e-05
 5.18198e+19	8.14e-01	1.86e-01	1.61e-04	1.09e-06	0.00e+00	0.00e+00	0.00e+00	0.00e+00	0.00e+00	8.14e-01	7.25e-05	6.52e-05
 5.39715e+19	8.21e-01	1.79e-01	1.45e-04	1.03e-06	0.00e+00	0.00e+00	0.00e+00	0.00e+00	0.00e+00	8.21e-01	7.14e-05	6.42e-05
 5.62163e+19	8.27e-01	1.73e-01	1.31e-04	9.83e-07	0.00e+00	0.00e+00	0.00e+00	0.00e+00	0.00e+00	8.27e-01	7.04e-05	6.31e-05
 5.85894e+19	8.33e-01	1.67e-01	1.19e-04	9.36e-07	0.00e+00	0.00e+00	0.00e+00	0.00e+00	0.00e+00	8.33e-01	6.93e-05	6.21e-05
 6.11163e+19	8.39e-01	1.61e-01	1.09e-04	8.90e-07	0.00e+00	0.00e+00	0.00e+00	0.00e+00	0.00e+00	8.39e-01	6.83e-05	6.11e-05
 6.37869e+19	8.45e-01	1.55e-01	9.92e-05	8.48e-07	0.00e+00	0.00e+00	0.00e+00	0.00e+00	0.00e+00	8.45e-01	6.73e-05	6.01e-05
 6.65968e+19	8.51e-01	1.49e-01	9.10e-05	8.08e-07	0.00e+00	0.00e+00	0.00e+00	0.00e+00	0.00e+00	8.50e-01	6.63e-05	5.92e-05
 6.95582e+19	8.56e-01	1.44e-01	8.38e-05	7.70e-07	0.00e+00	0.00e+00	0.00e+00	0.00e+00	0.00e+00	8.56e-01	6.54e-05	5.82e-05
 7.26862e+19	8.61e-01	1.39e-01	7.74e-05	7.34e-07	0.00e+00	0.00e+00	0.00e+00	0.00e+00	0.00e+00	8.61e-01	6.44e-05	5.73e-05
 7.59888e+19	8.66e-01	1.34e-01	7.17e-05	7.00e-07	0.00e+00	0.00e+00	0.00e+00	0.00e+00	0.00e+00	8.66e-01	6.35e-05	5.64e-05
 7.94711e+19	8.71e-01	1.29e-01	6.68e-05	6.67e-07	0.00e+00	0.00e+00	0.00e+00	0.00e+00	0.00e+00	8.71e-01	6.26e-05	5.55e-05
 8.31415e+19	8.75e-01	1.25e-01	6.23e-05	6.37e-07	0.00e+00	0.00e+00	0.00e+00	0.00e+00	0.00e+00	8.75e-01	6.18e-05	5.46e-05
 8.70102e+19	8.80e-01	1.20e-01	5.84e-05	6.07e-07	0.00e+00	0.00e+00	0.00e+00	0.00e+00	0.00e+00	8.80e-01	6.09e-05	5.37e-05
 9.10875e+19	8.84e-01	1.16e-01	5.50e-05	5.79e-07	0.00e+00	0.00e+00	0.00e+00	0.00e+00	0.00e+00	8.84e-01	6.01e-05	5.29e-05
 9.53817e+19	8.88e-01	1.12e-01	5.19e-05	5.53e-07	0.00e+00	0.00e+00	0.00e+00	0.00e+00	0.00e+00	8.88e-01	5.93e-05	5.21e-05
 9.99012e+19	8.92e-01	1.08e-01	4.91e-05	5.27e-07	0.00e+00	0.00e+00	0.00e+00	0.00e+00	0.00e+00	8.92e-01	5.85e-05	5.13e-05
 1.04655e+20	8.96e-01	1.04e-01	4.66e-05	5.03e-07	0.00e+00	0.00e+00	0.00e+00	0.00e+00	0.00e+00	8.96e-01	5.78e-05	5.05e-05
 1.09651e+20	9.00e-01	1.00e-01	4.44e-05	4.80e-07	0.00e+00	0.00e+00	0.00e+00	0.00e+00	0.00e+00	9.00e-01	5.70e-05	4.97e-05
 1.14899e+20	9.03e-01	9.66e-02	4.25e-05	4.58e-07	0.00e+00	0.00e+00	0.00e+00	0.00e+00	0.00e+00	9.03e-01	5.63e-05	4.90e-05
 1.20394e+20	9.07e-01	9.33e-02	4.07e-05	4.37e-07	0.00e+00	0.00e+00	0.00e+00	0.00e+00	0.00e+00	9.07e-01	5.56e-05	4.83e-05
 1.26158e+20	9.10e-01	8.99e-02	3.91e-05	4.16e-07	0.00e+00	0.00e+00	0.00e+00	0.00e+00	0.00e+00	9.10e-01	5.49e-05	4.75e-05
 1.32187e+20	9.13e-01	8.67e-02	3.77e-05	3.97e-07	0.00e+00	0.00e+00	0.00e+00	0.00e+00	0.00e+00	9.13e-01	5.43e-05	4.68e-05
 1.38496e+20	9.16e-01	8.36e-02	3.64e-05	3.78e-07	0.00e+00	0.00e+00	0.00e+00	0.00e+00	0.00e+00	9.16e-01	5.37e-05	4.62e-05
 1.45119e+20	9.19e-01	8.06e-02	3.52e-05	3.60e-07	0.00e+00	0.00e+00	0.00e+00	0.00e+00	0.00e+00	9.19e-01	5.30e-05	4.55e-05
 1.52023e+20	9.22e-01	7.77e-02	3.42e-05	3.43e-07	0.00e+00	0.00e+00	0.00e+00	0.00e+00	0.00e+00	9.22e-01	5.24e-05	4.49e-05
 1.59223e+20	9.25e-01	7.48e-02	3.32e-05	3.27e-07	0.00e+00	0.00e+00	0.00e+00	0.00e+00	0.00e+00	9.25e-01	5.18e-05	4.42e-05
 1.66761e+20	9.28e-01	7.21e-02	3.23e-05	3.11e-07	0.00e+00	0.00e+00	0.00e+00	0.00e+00	0.00e+00	9.28e-01	5.12e-05	4.36e-05
 1.74576e+20	9.30e-01	6.95e-02	3.15e-05	2.96e-07	0.00e+00	0.00e+00	0.00e+00	0.00e+00	0.00e+00	9.30e-01	5.07e-05	4.30e-05
 1.82662e+20	9.33e-01	6.71e-02	3.08e-05	2.82e-07	0.00e+00	0.00e+00	0.00e+00	0.00e+00	0.00e+00	9.33e-01	5.02e-05	4.24e-05
 1.91012e+20	9.35e-01	6.46e-02	3.01e-05	2.68e-07	0.00e+00	0.00e+00	0.00e+00	0.00e+00	0.00e+00	9.35e-01	4.96e-05	4.18e-05
 1.99744e+20	9.38e-01	6.22e-02	2.95e-05	2.55e-07	0.00e+00	0.00e+00	0.00e+00	0.00e+00	0.00e+00	9.38e-01	4.91e-05	4.13e-05
 2.08899e+20	9.40e-01	5.99e-02	2.89e-05	2.42e-07	0.00e+00	0.00e+00	0.00e+00	0.00e+00	0.00e+00	9.40e-01	4.85e-05	4.07e-05
 2.18286e+20	9.42e-01	5.77e-02	2.84e-05	2.30e-07	0.00e+00	0.00e+00	0.00e+00	0.00e+00	0.00e+00	9.42e-01	4.80e-05	4.02e-05
 2.27882e+20	9.44e-01	5.56e-02	2.79e-05	2.19e-07	0.00e+00	0.00e+00	0.00e+00	0.00e+00	0.00e+00	9.44e-01	4.75e-05	3.97e-05
 2.37812e+20	9.46e-01	5.35e-02	2.75e-05	2.08e-07	0.00e+00	0.00e+00	0.00e+00	0.00e+00	0.00e+00	9.46e-01	4.70e-05	3.90e-05
 2.48087e+20	9.48e-01	5.15e-02	2.70e-05	1.97e-07	0.00e+00	0.00e+00	0.00e+00	0.00e+00	0.00e+00	9.48e-01	4.64e-05	3.83e-05
 2.58628e+20	9.50e-01	4.96e-02	2.67e-05	1.87e-07	0.00e+00	0.00e+00	0.00e+00	0.00e+00	0.00e+00	9.50e-01	4.58e-05	3.77e-05
 2.69452e+20	9.52e-01	4.77e-02	2.64e-05	1.77e-07	0.00e+00	0.00e+00	0.00e+00	0.00e+00	0.00e+00	9.52e-01	4.53e-05	3.71e-05
 2.80663e+20	9.54e-01	4.59e-02	2.60e-05	1.68e-07	0.00e+00	0.00e+00	0.00e+00	0.00e+00	0.00e+00	9.54e-01	4.47e-05	3.64e-05
 2.92216e+20	9.56e-01	4.41e-02	2.57e-05	1.59e-07	0.00e+00	0.00e+00	0.00e+00	0.00e+00	0.00e+00	9.56e-01	4.42e-05	3.58e-05
 3.03919e+20	9.58e-01	4.25e-02	2.55e-05	1.51e-07	0.00e+00	0.00e+00	0.00e+00	0.00e+00	0.00e+00	9.57e-01	4.36e-05	3.53e-05
 3.15845e+20	9.59e-01	4.09e-02	2.52e-05	1.43e-07	0.00e+00	0.00e+00	0.00e+00	0.00e+00	0.00e+00	9.59e-01	4.31e-05	3.47e-05
 3.28131e+20	9.61e-01	3.93e-02	2.50e-05	1.36e-07	0.00e+00	0.00e+00	0.00e+00	0.00e+00	0.00e+00	9.61e-01	4.25e-05	3.42e-05
 3.40767e+20	9.62e-01	3.78e-02	2.48e-05	1.28e-07	0.00e+00	0.00e+00	0.00e+00	0.00e+00	0.00e+00	9.62e-01	4.20e-05	3.37e-05
 3.53691e+20	9.64e-01	3.64e-02	2.46e-05	1.21e-07	0.00e+00	0.00e+00	0.00e+00	0.00e+00	0.00e+00	9.64e-01	4.14e-05	3.32e-05
 3.66852e+20	9.65e-01	3.50e-02	2.44e-05	0.00e+00	0.00e+00	0.00e+00	0.00e+00	0.00e+00	0.00e+00	9.65e-01	4.08e-05	3.27e-05
 3.80000e+20	9.66e-01	3.36e-02	2.42e-05	0.00e+00	0.00e+00	0.00e+00	0.00e+00	0.00e+00	0.00e+00	9.66e-01	4.03e-05	3.22e-05
 3.92818e+20	9.68e-01	3.24e-02	2.41e-05	0.00e+00	0.00e+00	0.00e+00	0.00e+00	0.00e+00	0.00e+00	9.67e-01	3.97e-05	3.18e-05
 4.05247e+20	9.69e-01	3.13e-02	2.39e-05	0.00e+00	0.00e+00	0.00e+00	0.00e+00	0.00e+00	0.00e+00	9.69e-01	3.92e-05	3.14e-05
 4.17343e+20	9.70e-01	3.02e-02	2.38e-05	0.00e+00	0.00e+00	0.00e+00	0.00e+00	0.00e+00	0.00e+00	9.70e-01	3.86e-05	3.11e-05
 4.29094e+20	9.71e-01	2.92e-02	2.37e-05	0.00e+00	0.00e+00	0.00e+00	0.00e+00	0.00e+00	0.00e+00	9.71e-01	3.81e-05	3.07e-05
 4.40447e+20	9.72e-01	2.82e-02	2.36e-05	0.00e+00	0.00e+00	0.00e+00	0.00e+00	0.00e+00	0.00e+00	9.72e-01	3.75e-05	3.04e-05
 4.51344e+20	9.73e-01	2.73e-02	2.35e-05	0.00e+00	0.00e+00	0.00e+00	0.00e+00	0.00e+00	0.00e+00	9.73e-01	3.69e-05	3.01e-05
 4.61738e+20	9.74e-01	2.65e-02	2.35e-05	0.00e+00	0.00e+00	0.00e+00	0.00e+00	0.00e+00	0.00e+00	9.73e-01	3.64e-05	2.98e-05
 4.71623e+20	9.74e-01	2.56e-02	2.35e-05	0.00e+00	0.00e+00	0.00e+00	0.00e+00	0.00e+00	0.00e+00	9.74e-01	3.58e-05	2.95e-05
 4.81013e+20	9.75e-01	2.49e-02	2.34e-05	0.00e+00	0.00e+00	0.00e+00	0.00e+00	0.00e+00	0.00e+00	9.75e-01	3.53e-05	2.92e-05
 4.89908e+20	9.76e-01	2.41e-02	2.34e-05	0.00e+00	0.00e+00	0.00e+00	0.00e+00	0.00e+00	0.00e+00	9.76e-01	3.48e-05	2.90e-05
 4.98291e+20	9.77e-01	2.34e-02	2.34e-05	0.00e+00	0.00e+00	0.00e+00	0.00e+00	0.00e+00	0.00e+00	9.77e-01	3.43e-05	2.87e-05
