#depth	O	O+	O+2	O+3	O+4	O+5	O+6	O+7	O+8	O[1]	O[2]	O[3]
 9.11480e+15	8.99e-04	1.55e-01	7.14e-01	1.27e-01	3.22e-03	1.63e-05	0.00e+00	0.00e+00	0.00e+00	8.98e-04	6.78e-08	7.54e-08
 5.46888e+16	8.97e-04	1.55e-01	7.14e-01	1.26e-01	3.20e-03	1.63e-05	0.00e+00	0.00e+00	0.00e+00	8.97e-04	6.74e-08	7.53e-08
 2.36985e+17	8.85e-04	1.53e-01	7.17e-01	1.26e-01	3.17e-03	1.62e-05	0.00e+00	0.00e+00	0.00e+00	8.84e-04	6.64e-08	7.43e-08
 9.66169e+17	8.43e-04	1.47e-01	7.25e-01	1.23e-01	3.06e-03	1.57e-05	0.00e+00	0.00e+00	0.00e+00	8.42e-04	6.32e-08	7.07e-08
 2.30787e+18	7.28e-04	1.34e-01	7.40e-01	1.22e-01	2.97e-03	1.58e-05	0.00e+00	0.00e+00	0.00e+00	7.27e-04	5.45e-08	6.11e-08
 4.05207e+18	6.48e-04	1.24e-01	7.54e-01	1.18e-01	2.79e-03	1.53e-05	0.00e+00	0.00e+00	0.00e+00	6.48e-04	4.85e-08	5.45e-08
 6.31955e+18	5.90e-04	1.17e-01	7.69e-01	1.11e-01	2.52e-03	1.43e-05	0.00e+00	0.00e+00	0.00e+00	5.90e-04	4.40e-08	4.95e-08
 9.26726e+18	5.52e-04	1.13e-01	7.84e-01	1.01e-01	2.17e-03	1.26e-05	0.00e+00	0.00e+00	0.00e+00	5.52e-04	4.12e-08	4.64e-08
 1.30993e+19	5.42e-04	1.12e-01	7.99e-01	8.62e-02	1.74e-03	1.04e-05	0.00e+00	0.00e+00	0.00e+00	5.42e-04	4.04e-08	4.55e-08
 1.80809e+19	5.68e-04	1.18e-01	8.12e-01	6.85e-02	1.27e-03	7.83e-06	0.00e+00	0.00e+00	0.00e+00	5.68e-04	4.23e-08	4.77e-08
 2.45570e+19	6.54e-04	1.31e-01	8.19e-01	4.89e-02	8.16e-04	5.10e-06	0.00e+00	0.00e+00	0.00e+00	6.54e-04	4.88e-08	5.49e-08
 3.18433e+19	7.93e-04	1.50e-01	8.16e-01	3.27e-02	4.93e-04	3.08e-06	0.00e+00	0.00e+00	0.00e+00	7.93e-04	5.93e-08	6.66e-08
 3.88680e+19	9.92e-04	1.72e-01	8.04e-01	2.21e-02	3.11e-04	1.88e-06	0.00e+00	0.00e+00	0.00e+00	9.91e-04	7.43e-08	8.31e-08
 4.49871e+19	1.21e-03	1.93e-01	7.89e-01	1.59e-02	2.20e-04	1.25e-06	0.00e+00	0.00e+00	0.00e+00	1.21e-03	9.12e-08	1.02e-07
 5.01319e+19	1.46e-03	2.13e-01	7.73e-01	1.21e-02	1.70e-04	8.89e-07	0.00e+00	0.00e+00	0.00e+00	1.46e-03	1.10e-07	1.22e-07
 5.49499e+19	1.75e-03	2.34e-01	7.55e-01	9.43e-03	1.37e-04	6.49e-07	0.00e+00	0.00e+00	0.00e+00	1.75e-03	1.33e-07	1.47e-07
 5.97261e+19	2.12e-03	2.56e-01	7.35e-01	7.37e-03	1.14e-04	4.76e-07	0.00e+00	0.00e+00	0.00e+00	2.12e-03	1.62e-07	1.78e-07
 6.43730e+19	2.58e-03	2.79e-01	7.12e-01	5.80e-03	9.80e-05	3.52e-07	0.00e+00	0.00e+00	0.00e+00	2.58e-03	1.98e-07	2.16e-07
 6.87349e+19	3.14e-03	3.04e-01	6.88e-01	4.62e-03	8.60e-05	2.64e-07	0.00e+00	0.00e+00	0.00e+00	3.13e-03	2.43e-07	2.62e-07
 7.27851e+19	3.80e-03	3.30e-01	6.63e-01	3.71e-03	7.67e-05	2.00e-07	0.00e+00	0.00e+00	0.00e+00	3.80e-03	2.98e-07	3.17e-07
 7.65728e+19	4.61e-03	3.57e-01	6.36e-01	3.00e-03	6.92e-05	1.52e-07	0.00e+00	0.00e+00	0.00e+00	4.61e-03	3.66e-07	3.84e-07
 8.01374e+19	5.59e-03	3.85e-01	6.07e-01	2.42e-03	6.28e-05	0.00e+00	0.00e+00	0.00e+00	0.00e+00	5.59e-03	4.50e-07	4.65e-07
 8.34910e+19	6.79e-03	4.15e-01	5.76e-01	1.96e-03	5.71e-05	0.00e+00	0.00e+00	0.00e+00	0.00e+00	6.79e-03	5.54e-07	5.64e-07
 8.66346e+19	8.22e-03	4.45e-01	5.45e-01	1.58e-03	5.21e-05	0.00e+00	0.00e+00	0.00e+00	0.00e+00	8.22e-03	6.83e-07	6.82e-07
 8.95936e+19	9.97e-03	4.77e-01	5.12e-01	1.27e-03	4.73e-05	0.00e+00	0.00e+00	0.00e+00	0.00e+00	9.97e-03	8.43e-07	8.26e-07
 9.23847e+19	1.21e-02	5.10e-01	4.77e-01	1.02e-03	4.28e-05	0.00e+00	0.00e+00	0.00e+00	0.00e+00	1.21e-02	1.04e-06	9.98e-07
 9.50196e+19	1.46e-02	5.42e-01	4.42e-01	8.14e-04	3.85e-05	0.00e+00	0.00e+00	0.00e+00	0.00e+00	1.46e-02	1.29e-06	1.21e-06
 9.75196e+19	1.77e-02	5.75e-01	4.07e-01	6.46e-04	3.45e-05	0.00e+00	0.00e+00	0.00e+00	0.00e+00	1.76e-02	1.58e-06	1.45e-06
 9.99083e+19	2.14e-02	6.07e-01	3.71e-01	5.08e-04	3.05e-05	0.00e+00	0.00e+00	0.00e+00	0.00e+00	2.14e-02	1.95e-06	1.75e-06
 1.02194e+20	2.59e-02	6.39e-01	3.34e-01	3.95e-04	2.68e-05	0.00e+00	0.00e+00	0.00e+00	0.00e+00	2.59e-02	2.41e-06	2.11e-06
 1.04368e+20	3.13e-02	6.70e-01	2.99e-01	3.04e-04	2.32e-05	0.00e+00	0.00e+00	0.00e+00	0.00e+00	3.13e-02	2.97e-06	2.55e-06
 1.06433e+20	3.78e-02	6.98e-01	2.64e-01	2.32e-04	1.99e-05	0.00e+00	0.00e+00	0.00e+00	0.00e+00	3.78e-02	3.64e-06	3.06e-06
 1.08409e+20	4.57e-02	7.24e-01	2.30e-01	1.75e-04	1.68e-05	0.00e+00	0.00e+00	0.00e+00	0.00e+00	4.56e-02	4.46e-06	3.67e-06
 1.10313e+20	5.52e-02	7.46e-01	1.98e-01	1.30e-04	1.39e-05	0.00e+00	0.00e+00	0.00e+00	0.00e+00	5.52e-02	5.45e-06	4.41e-06
 1.12074e+20	6.62e-02	7.64e-01	1.69e-01	9.69e-05	1.14e-05	0.00e+00	0.00e+00	0.00e+00	0.00e+00	6.62e-02	6.59e-06	5.24e-06
 1.13631e+20	7.79e-02	7.77e-01	1.45e-01	7.36e-05	9.41e-06	0.00e+00	0.00e+00	0.00e+00	0.00e+00	7.79e-02	7.78e-06	6.10e-06
 1.15042e+20	9.10e-02	7.85e-01	1.24e-01	5.62e-05	7.71e-06	0.00e+00	0.00e+00	0.00e+00	0.00e+00	9.10e-02	9.09e-06	7.06e-06
 1.16351e+20	1.05e-01	7.89e-01	1.06e-01	4.35e-05	6.35e-06	0.00e+00	0.00e+00	0.00e+00	0.00e+00	1.05e-01	1.05e-05	8.04e-06
 1.17582e+20	1.21e-01	7.89e-01	8.99e-02	3.35e-05	5.13e-06	0.00e+00	0.00e+00	0.00e+00	0.00e+00	1.21e-01	1.20e-05	9.16e-06
 1.18726e+20	1.37e-01	7.86e-01	7.65e-02	2.64e-05	4.19e-06	0.00e+00	0.00e+00	0.00e+00	0.00e+00	1.37e-01	1.35e-05	1.03e-05
 1.19786e+20	1.56e-01	7.79e-01	6.47e-02	2.08e-05	3.38e-06	0.00e+00	0.00e+00	0.00e+00	0.00e+00	1.56e-01	1.52e-05	1.14e-05
 1.20781e+20	1.74e-01	7.71e-01	5.50e-02	1.67e-05	2.76e-06	0.00e+00	0.00e+00	0.00e+00	0.00e+00	1.74e-01	1.68e-05	1.26e-05
 1.21728e+20	1.94e-01	7.59e-01	4.65e-02	1.34e-05	2.23e-06	0.00e+00	0.00e+00	0.00e+00	0.00e+00	1.94e-01	1.85e-05	1.38e-05
 1.22646e+20	2.15e-01	7.45e-01	3.93e-02	1.09e-05	1.81e-06	0.00e+00	0.00e+00	0.00e+00	0.00e+00	2.15e-01	2.02e-05	1.50e-05
 1.23525e+20	2.38e-01	7.29e-01	3.30e-02	8.91e-06	1.45e-06	0.00e+00	0.00e+00	0.00e+00	0.00e+00	2.38e-01	2.19e-05	1.62e-05
 1.24365e+20	2.60e-01	7.12e-01	2.79e-02	7.39e-06	1.17e-06	0.00e+00	0.00e+00	0.00e+00	0.00e+00	2.60e-01	2.35e-05	1.74e-05
 1.25175e+20	2.83e-01	6.93e-01	2.35e-02	6.17e-06	9.47e-07	0.00e+00	0.00e+00	0.00e+00	0.00e+00	2.83e-01	2.51e-05	1.85e-05
 1.25982e+20	3.08e-01	6.72e-01	1.97e-02	5.17e-06	7.58e-07	0.00e+00	0.00e+00	0.00e+00	0.00e+00	3.08e-01	2.66e-05	1.96e-05
 1.26773e+20	3.33e-01	6.50e-01	1.64e-02	4.36e-06	6.05e-07	0.00e+00	0.00e+00	0.00e+00	0.00e+00	3.33e-01	2.81e-05	2.06e-05
 1.27542e+20	3.58e-01	6.29e-01	1.37e-02	3.72e-06	4.86e-07	0.00e+00	0.00e+00	0.00e+00	0.00e+00	3.58e-01	2.94e-05	2.15e-05
 1.28391e+20	3.87e-01	6.02e-01	1.11e-02	3.12e-06	3.76e-07	0.00e+00	0.00e+00	0.00e+00	0.00e+00	3.87e-01	3.08e-05	2.25e-05
 1.29279e+20	4.16e-01	5.75e-01	8.92e-03	2.63e-06	2.89e-07	0.00e+00	0.00e+00	0.00e+00	0.00e+00	4.16e-01	3.20e-05	2.34e-05
 1.30070e+20	4.43e-01	5.49e-01	7.29e-03	2.26e-06	2.27e-07	0.00e+00	0.00e+00	0.00e+00	0.00e+00	4.43e-01	3.30e-05	2.40e-05
 1.30838e+20	4.70e-01	5.24e-01	5.95e-03	1.96e-06	1.78e-07	0.00e+00	0.00e+00	0.00e+00	0.00e+00	4.70e-01	3.37e-05	2.46e-05
 1.31637e+20	4.97e-01	4.98e-01	4.79e-03	1.70e-06	1.38e-07	0.00e+00	0.00e+00	0.00e+00	0.00e+00	4.97e-01	3.44e-05	2.50e-05
 1.32415e+20	5.23e-01	4.73e-01	3.87e-03	1.49e-06	0.00e+00	0.00e+00	0.00e+00	0.00e+00	0.00e+00	5.23e-01	3.49e-05	2.54e-05
 1.33127e+20	5.47e-01	4.50e-01	3.18e-03	1.33e-06	0.00e+00	0.00e+00	0.00e+00	0.00e+00	0.00e+00	5.47e-01	3.52e-05	2.55e-05
 1.33790e+20	5.69e-01	4.29e-01	2.63e-03	1.19e-06	0.00e+00	0.00e+00	0.00e+00	0.00e+00	0.00e+00	5.69e-01	3.53e-05	2.56e-05
 1.34434e+20	5.90e-01	4.08e-01	2.18e-03	1.08e-06	0.00e+00	0.00e+00	0.00e+00	0.00e+00	0.00e+00	5.89e-01	3.53e-05	2.56e-05
 1.34950e+20	6.05e-01	3.93e-01	1.89e-03	9.96e-07	0.00e+00	0.00e+00	0.00e+00	0.00e+00	0.00e+00	6.05e-01	3.53e-05	2.56e-05
 1.35308e+20	6.16e-01	3.82e-01	1.70e-03	9.44e-07	0.00e+00	0.00e+00	0.00e+00	0.00e+00	0.00e+00	6.16e-01	3.52e-05	2.55e-05
 1.35648e+20	6.27e-01	3.72e-01	1.53e-03	8.95e-07	0.00e+00	0.00e+00	0.00e+00	0.00e+00	0.00e+00	6.27e-01	3.51e-05	2.55e-05
 1.36033e+20	6.39e-01	3.60e-01	1.36e-03	8.44e-07	0.00e+00	0.00e+00	0.00e+00	0.00e+00	0.00e+00	6.38e-01	3.50e-05	2.53e-05
 1.36447e+20	6.51e-01	3.48e-01	1.20e-03	7.93e-07	0.00e+00	0.00e+00	0.00e+00	0.00e+00	0.00e+00	6.51e-01	3.48e-05	2.52e-05
 1.36859e+20	6.63e-01	3.36e-01	1.06e-03	7.47e-07	0.00e+00	0.00e+00	0.00e+00	0.00e+00	0.00e+00	6.63e-01	3.46e-05	2.51e-05
 1.37262e+20	6.74e-01	3.25e-01	9.39e-04	7.06e-07	0.00e+00	0.00e+00	0.00e+00	0.00e+00	0.00e+00	6.74e-01	3.44e-05	2.49e-05
 1.37666e+20	6.85e-01	3.14e-01	8.28e-04	6.65e-07	0.00e+00	0.00e+00	0.00e+00	0.00e+00	0.00e+00	6.85e-01	3.42e-05	2.47e-05
 1.38072e+20	6.96e-01	3.03e-01	7.31e-04	6.29e-07	0.00e+00	0.00e+00	0.00e+00	0.00e+00	0.00e+00	6.96e-01	3.39e-05	2.45e-05
 1.38481e+20	7.07e-01	2.92e-01	6.43e-04	5.93e-07	0.00e+00	0.00e+00	0.00e+00	0.00e+00	0.00e+00	7.07e-01	3.36e-05	2.42e-05
 1.38891e+20	7.17e-01	2.82e-01	5.66e-04	5.61e-07	0.00e+00	0.00e+00	0.00e+00	0.00e+00	0.00e+00	7.17e-01	3.32e-05	2.40e-05
 1.39302e+20	7.28e-01	2.72e-01	4.97e-04	5.30e-07	0.00e+00	0.00e+00	0.00e+00	0.00e+00	0.00e+00	7.28e-01	3.29e-05	2.37e-05
 1.39717e+20	7.38e-01	2.62e-01	4.37e-04	5.01e-07	0.00e+00	0.00e+00	0.00e+00	0.00e+00	0.00e+00	7.38e-01	3.25e-05	2.34e-05
 1.40136e+20	7.48e-01	2.52e-01	3.83e-04	4.74e-07	0.00e+00	0.00e+00	0.00e+00	0.00e+00	0.00e+00	7.48e-01	3.21e-05	2.31e-05
 1.40560e+20	7.57e-01	2.42e-01	3.35e-04	4.48e-07	0.00e+00	0.00e+00	0.00e+00	0.00e+00	0.00e+00	7.57e-01	3.17e-05	2.28e-05
 1.40980e+20	7.66e-01	2.33e-01	2.94e-04	4.24e-07	0.00e+00	0.00e+00	0.00e+00	0.00e+00	0.00e+00	7.66e-01	3.13e-05	2.25e-05
 1.41405e+20	7.76e-01	2.24e-01	2.58e-04	4.02e-07	0.00e+00	0.00e+00	0.00e+00	0.00e+00	0.00e+00	7.75e-01	3.09e-05	2.22e-05
 1.41834e+20	7.84e-01	2.16e-01	2.26e-04	3.81e-07	0.00e+00	0.00e+00	0.00e+00	0.00e+00	0.00e+00	7.84e-01	3.04e-05	2.19e-05
 1.42269e+20	7.93e-01	2.07e-01	1.97e-04	3.60e-07	0.00e+00	0.00e+00	0.00e+00	0.00e+00	0.00e+00	7.93e-01	3.00e-05	2.15e-05
 1.42707e+20	8.01e-01	1.99e-01	1.73e-04	3.41e-07	0.00e+00	0.00e+00	0.00e+00	0.00e+00	0.00e+00	8.01e-01	2.95e-05	2.12e-05
 1.43148e+20	8.09e-01	1.91e-01	1.51e-04	3.23e-07	0.00e+00	0.00e+00	0.00e+00	0.00e+00	0.00e+00	8.09e-01	2.90e-05	2.08e-05
 1.43598e+20	8.17e-01	1.83e-01	1.33e-04	3.07e-07	0.00e+00	0.00e+00	0.00e+00	0.00e+00	0.00e+00	8.16e-01	2.86e-05	2.05e-05
 1.44057e+20	8.24e-01	1.76e-01	1.16e-04	2.91e-07	0.00e+00	0.00e+00	0.00e+00	0.00e+00	0.00e+00	8.24e-01	2.81e-05	2.01e-05
 1.44522e+20	8.31e-01	1.69e-01	1.02e-04	2.76e-07	0.00e+00	0.00e+00	0.00e+00	0.00e+00	0.00e+00	8.31e-01	2.76e-05	1.98e-05
 1.44987e+20	8.38e-01	1.62e-01	8.94e-05	2.62e-07	0.00e+00	0.00e+00	0.00e+00	0.00e+00	0.00e+00	8.38e-01	2.71e-05	1.94e-05
 1.45458e+20	8.45e-01	1.55e-01	7.89e-05	2.49e-07	0.00e+00	0.00e+00	0.00e+00	0.00e+00	0.00e+00	8.44e-01	2.67e-05	1.91e-05
 1.45935e+20	8.51e-01	1.49e-01	6.97e-05	2.37e-07	0.00e+00	0.00e+00	0.00e+00	0.00e+00	0.00e+00	8.51e-01	2.62e-05	1.88e-05
 1.46418e+20	8.56e-01	1.43e-01	6.19e-05	2.26e-07	0.00e+00	0.00e+00	0.00e+00	0.00e+00	0.00e+00	8.56e-01	2.58e-05	1.85e-05
 1.46906e+20	8.62e-01	1.38e-01	5.52e-05	2.15e-07	0.00e+00	0.00e+00	0.00e+00	0.00e+00	0.00e+00	8.62e-01	2.54e-05	1.81e-05
 1.47404e+20	8.67e-01	1.33e-01	4.93e-05	2.05e-07	0.00e+00	0.00e+00	0.00e+00	0.00e+00	0.00e+00	8.67e-01	2.50e-05	1.79e-05
 1.47915e+20	8.72e-01	1.28e-01	4.43e-05	1.96e-07	0.00e+00	0.00e+00	0.00e+00	0.00e+00	0.00e+00	8.72e-01	2.46e-05	1.76e-05
 1.48437e+20	8.77e-01	1.23e-01	4.00e-05	1.88e-07	0.00e+00	0.00e+00	0.00e+00	0.00e+00	0.00e+00	8.77e-01	2.43e-05	1.73e-05
 1.48974e+20	8.81e-01	1.19e-01	3.63e-05	1.80e-07	0.00e+00	0.00e+00	0.00e+00	0.00e+00	0.00e+00	8.81e-01	2.39e-05	1.70e-05
 1.49538e+20	8.85e-01	1.15e-01	3.30e-05	1.73e-07	0.00e+00	0.00e+00	0.00e+00	0.00e+00	0.00e+00	8.85e-01	2.36e-05	1.68e-05
 1.50128e+20	8.89e-01	1.11e-01	3.02e-05	1.66e-07	0.00e+00	0.00e+00	0.00e+00	0.00e+00	0.00e+00	8.89e-01	2.32e-05	1.65e-05
 1.50750e+20	8.93e-01	1.07e-01	2.77e-05	1.60e-07	0.00e+00	0.00e+00	0.00e+00	0.00e+00	0.00e+00	8.93e-01	2.29e-05	1.63e-05
 1.51418e+20	8.96e-01	1.04e-01	2.56e-05	1.54e-07	0.00e+00	0.00e+00	0.00e+00	0.00e+00	0.00e+00	8.96e-01	2.26e-05	1.61e-05
 1.52141e+20	9.00e-01	1.00e-01	2.37e-05	1.48e-07	0.00e+00	0.00e+00	0.00e+00	0.00e+00	0.00e+00	9.00e-01	2.24e-05	1.59e-05
 1.52930e+20	9.03e-01	9.73e-02	2.21e-05	1.43e-07	0.00e+00	0.00e+00	0.00e+00	0.00e+00	0.00e+00	9.03e-01	2.21e-05	1.57e-05
 1.53809e+20	9.05e-01	9.45e-02	2.07e-05	1.39e-07	0.00e+00	0.00e+00	0.00e+00	0.00e+00	0.00e+00	9.05e-01	2.19e-05	1.55e-05
 1.54812e+20	9.08e-01	9.18e-02	1.95e-05	1.34e-07	0.00e+00	0.00e+00	0.00e+00	0.00e+00	0.00e+00	9.08e-01	2.16e-05	1.53e-05
 1.55957e+20	9.11e-01	8.94e-02	1.84e-05	1.30e-07	0.00e+00	0.00e+00	0.00e+00	0.00e+00	0.00e+00	9.11e-01	2.14e-05	1.52e-05
 1.57169e+20	9.13e-01	8.74e-02	1.76e-05	1.27e-07	0.00e+00	0.00e+00	0.00e+00	0.00e+00	0.00e+00	9.13e-01	2.12e-05	1.50e-05
 1.58370e+20	9.14e-01	8.58e-02	1.70e-05	1.24e-07	0.00e+00	0.00e+00	0.00e+00	0.00e+00	0.00e+00	9.14e-01	2.11e-05	1.49e-05
 1.59562e+20	9.15e-01	8.45e-02	1.65e-05	0.00e+00	0.00e+00	0.00e+00	0.00e+00	0.00e+00	0.00e+00	9.15e-01	2.10e-05	1.48e-05
 1.60746e+20	9.17e-01	8.34e-02	1.61e-05	0.00e+00	0.00e+00	0.00e+00	0.00e+00	0.00e+00	0.00e+00	9.17e-01	2.09e-05	1.48e-05
 1.62106e+20	9.18e-01	8.22e-02	1.57e-05	0.00e+00	0.00e+00	0.00e+00	0.00e+00	0.00e+00	0.00e+00	9.18e-01	2.07e-05	1.47e-05
 1.63872e+20	9.19e-01	8.10e-02	1.53e-05	0.00e+00	0.00e+00	0.00e+00	0.00e+00	0.00e+00	0.00e+00	9.19e-01	2.06e-05	1.46e-05
 1.66169e+20	9.20e-01	7.95e-02	1.49e-05	0.00e+00	0.00e+00	0.00e+00	0.00e+00	0.00e+00	0.00e+00	9.20e-01	2.05e-05	1.45e-05
 1.69156e+20	9.22e-01	7.79e-02	1.44e-05	0.00e+00	0.00e+00	0.00e+00	0.00e+00	0.00e+00	0.00e+00	9.22e-01	2.04e-05	1.44e-05
 1.73037e+20	9.24e-01	7.59e-02	1.39e-05	0.00e+00	0.00e+00	0.00e+00	0.00e+00	0.00e+00	0.00e+00	9.24e-01	2.02e-05	1.43e-05
 1.78084e+20	9.26e-01	7.37e-02	1.33e-05	0.00e+00	0.00e+00	0.00e+00	0.00e+00	0.00e+00	0.00e+00	9.26e-01	2.00e-05	1.41e-05
 1.84418e+20	9.29e-01	7.11e-02	1.27e-05	0.00e+00	0.00e+00	0.00e+00	0.00e+00	0.00e+00	0.00e+00	9.29e-01	1.97e-05	1.39e-05
 1.91532e+20	9.31e-01	6.85e-02	1.21e-05	0.00e+00	0.00e+00	0.00e+00	0.00e+00	0.00e+00	0.00e+00	9.31e-01	1.95e-05	1.37e-05
 1.98799e+20	9.34e-01	6.62e-02	1.16e-05	0.00e+00	0.00e+00	0.00e+00	0.00e+00	0.00e+00	0.00e+00	9.34e-01	1.93e-05	1.36e-05
 2.06240e+20	9.36e-01	6.39e-02	1.12e-05	0.00e+00	0.00e+00	0.00e+00	0.00e+00	0.00e+00	0.00e+00	9.36e-01	1.91e-05	1.34e-05
 2.14148e+20	9.38e-01	6.18e-02	1.08e-05	0.00e+00	0.00e+00	0.00e+00	0.00e+00	0.00e+00	0.00e+00	9.38e-01	1.89e-05	1.33e-05
 2.22623e+20	9.40e-01	5.96e-02	1.05e-05	0.00e+00	0.00e+00	0.00e+00	0.00e+00	0.00e+00	0.00e+00	9.40e-01	1.87e-05	1.31e-05
 2.31622e+20	9.42e-01	5.76e-02	1.02e-05	0.00e+00	0.00e+00	0.00e+00	0.00e+00	0.00e+00	0.00e+00	9.42e-01	1.85e-05	1.30e-05
 2.41125e+20	9.44e-01	5.56e-02	9.89e-06	0.00e+00	0.00e+00	0.00e+00	0.00e+00	0.00e+00	0.00e+00	9.44e-01	1.83e-05	1.28e-05
 2.51205e+20	9.46e-01	5.37e-02	9.64e-06	0.00e+00	0.00e+00	0.00e+00	0.00e+00	0.00e+00	0.00e+00	9.46e-01	1.81e-05	1.27e-05
 2.61932e+20	9.48e-01	5.19e-02	9.41e-06	0.00e+00	0.00e+00	0.00e+00	0.00e+00	0.00e+00	0.00e+00	9.48e-01	1.80e-05	1.25e-05
 2.73357e+20	9.50e-01	5.01e-02	9.21e-06	0.00e+00	0.00e+00	0.00e+00	0.00e+00	0.00e+00	0.00e+00	9.50e-01	1.78e-05	1.24e-05
 2.85527e+20	9.52e-01	4.84e-02	9.02e-06	0.00e+00	0.00e+00	0.00e+00	0.00e+00	0.00e+00	0.00e+00	9.52e-01	1.76e-05	1.23e-05
 2.98508e+20	9.53e-01	4.68e-02	8.86e-06	0.00e+00	0.00e+00	0.00e+00	0.00e+00	0.00e+00	0.00e+00	9.53e-01	1.75e-05	1.22e-05
 3.12380e+20	9.55e-01	4.52e-02	8.70e-06	0.00e+00	0.00e+00	0.00e+00	0.00e+00	0.00e+00	0.00e+00	9.55e-01	1.73e-05	1.21e-05
 3.27230e+20	9.56e-01	4.37e-02	8.56e-06	0.00e+00	0.00e+00	0.00e+00	0.00e+00	0.00e+00	0.00e+00	9.56e-01	1.72e-05	1.19e-05
 3.43145e+20	9.58e-01	4.22e-02	8.43e-06	0.00e+00	0.00e+00	0.00e+00	0.00e+00	0.00e+00	0.00e+00	9.58e-01	1.71e-05	1.18e-05
 3.60239e+20	9.59e-01	4.08e-02	8.31e-06	0.00e+00	0.00e+00	0.00e+00	0.00e+00	0.00e+00	0.00e+00	9.59e-01	1.69e-05	1.17e-05
 3.78629e+20	9.61e-01	3.94e-02	8.20e-06	0.00e+00	0.00e+00	0.00e+00	0.00e+00	0.00e+00	0.00e+00	9.61e-01	1.68e-05	1.16e-05
 3.98458e+20	9.62e-01	3.81e-02	8.09e-06	0.00e+00	0.00e+00	0.00e+00	0.00e+00	0.00e+00	0.00e+00	9.62e-01	1.67e-05	1.15e-05
 4.19870e+20	9.63e-01	3.68e-02	7.99e-06	0.00e+00	0.00e+00	0.00e+00	0.00e+00	0.00e+00	0.00e+00	9.63e-01	1.66e-05	1.14e-05
 4.43074e+20	9.64e-01	3.56e-02	7.90e-06	0.00e+00	0.00e+00	0.00e+00	0.00e+00	0.00e+00	0.00e+00	9.64e-01	1.65e-05	1.13e-05
 4.68342e+20	9.66e-01	3.44e-02	7.80e-06	0.00e+00	0.00e+00	0.00e+00	0.00e+00	0.00e+00	0.00e+00	9.66e-01	1.64e-05	1.12e-05
 4.95811e+20	9.67e-01	3.33e-02	7.71e-06	0.00e+00	0.00e+00	0.00e+00	0.00e+00	0.00e+00	0.00e+00	9.67e-01	1.63e-05	1.12e-05
 5.25641e+20	9.68e-01	3.21e-02	7.62e-06	0.00e+00	0.00e+00	0.00e+00	0.00e+00	0.00e+00	0.00e+00	9.68e-01	1.62e-05	1.11e-05
 5.58547e+20	9.69e-01	3.11e-02	7.53e-06	0.00e+00	0.00e+00	0.00e+00	0.00e+00	0.00e+00	0.00e+00	9.69e-01	1.62e-05	1.10e-05
 5.94855e+20	9.70e-01	3.01e-02	7.44e-06	0.00e+00	0.00e+00	0.00e+00	0.00e+00	0.00e+00	0.00e+00	9.70e-01	1.61e-05	1.09e-05
 6.34681e+20	9.71e-01	2.91e-02	7.35e-06	0.00e+00	0.00e+00	0.00e+00	0.00e+00	0.00e+00	0.00e+00	9.71e-01	1.60e-05	1.08e-05
 6.78735e+20	9.72e-01	2.81e-02	7.25e-06	0.00e+00	0.00e+00	0.00e+00	0.00e+00	0.00e+00	0.00e+00	9.72e-01	1.60e-05	1.08e-05
 7.28055e+20	9.73e-01	2.73e-02	7.14e-06	0.00e+00	0.00e+00	0.00e+00	0.00e+00	0.00e+00	0.00e+00	9.73e-01	1.59e-05	1.07e-05
 7.83423e+20	9.74e-01	2.64e-02	7.04e-06	0.00e+00	0.00e+00	0.00e+00	0.00e+00	0.00e+00	0.00e+00	9.74e-01	1.59e-05	1.06e-05
 8.46217e+20	9.74e-01	2.55e-02	6.92e-06	0.00e+00	0.00e+00	0.00e+00	0.00e+00	0.00e+00	0.00e+00	9.74e-01	1.58e-05	1.06e-05
 9.17527e+20	9.75e-01	2.47e-02	6.79e-06	0.00e+00	0.00e+00	0.00e+00	0.00e+00	0.00e+00	0.00e+00	9.75e-01	1.58e-05	1.05e-05
 9.98543e+20	9.76e-01	2.40e-02	6.65e-06	0.00e+00	0.00e+00	0.00e+00	0.00e+00	0.00e+00	0.00e+00	9.76e-01	1.58e-05	1.04e-05
 1.09203e+21	9.77e-01	2.32e-02	6.49e-06	0.00e+00	0.00e+00	0.00e+00	0.00e+00	0.00e+00	0.00e+00	9.77e-01	1.58e-05	1.04e-05
 1.19934e+21	9.77e-01	2.25e-02	6.32e-06	0.00e+00	0.00e+00	0.00e+00	0.00e+00	0.00e+00	0.00e+00	9.77e-01	1.59e-05	1.03e-05
 1.31928e+21	9.78e-01	2.19e-02	6.14e-06	0.00e+00	0.00e+00	0.00e+00	0.00e+00	0.00e+00	0.00e+00	9.78e-01	1.59e-05	1.03e-05
 1.45120e+21	9.79e-01	2.13e-02	5.94e-06	0.00e+00	0.00e+00	0.00e+00	0.00e+00	0.00e+00	0.00e+00	9.79e-01	1.60e-05	1.02e-05
 1.59632e+21	9.79e-01	2.08e-02	5.74e-06	0.00e+00	0.00e+00	0.00e+00	0.00e+00	0.00e+00	0.00e+00	9.79e-01	1.60e-05	1.02e-05
 1.75596e+21	9.80e-01	2.04e-02	5.52e-06	0.00e+00	0.00e+00	0.00e+00	0.00e+00	0.00e+00	0.00e+00	9.80e-01	1.61e-05	1.01e-05
 1.93155e+21	9.80e-01	1.99e-02	5.30e-06	0.00e+00	0.00e+00	0.00e+00	0.00e+00	0.00e+00	0.00e+00	9.80e-01	1.63e-05	1.01e-05
 2.12471e+21	9.80e-01	1.96e-02	5.06e-06	0.00e+00	0.00e+00	0.00e+00	0.00e+00	0.00e+00	0.00e+00	9.80e-01	1.64e-05	1.01e-05
 2.33718e+21	9.81e-01	1.92e-02	4.81e-06	0.00e+00	0.00e+00	0.00e+00	0.00e+00	0.00e+00	0.00e+00	9.81e-01	1.65e-05	1.01e-05
 2.57090e+21	9.81e-01	1.90e-02	4.56e-06	0.00e+00	0.00e+00	0.00e+00	0.00e+00	0.00e+00	0.00e+00	9.81e-01	1.67e-05	1.00e-05
 2.82799e+21	9.81e-01	1.87e-02	4.30e-06	0.00e+00	0.00e+00	0.00e+00	0.00e+00	0.00e+00	0.00e+00	9.81e-01	1.69e-05	1.00e-05
 3.11079e+21	9.82e-01	1.84e-02	4.03e-06	0.00e+00	0.00e+00	0.00e+00	0.00e+00	0.00e+00	0.00e+00	9.82e-01	1.71e-05	9.99e-06
 3.42186e+21	9.82e-01	1.82e-02	3.76e-06	0.00e+00	0.00e+00	0.00e+00	0.00e+00	0.00e+00	0.00e+00	9.82e-01	1.73e-05	9.97e-06
 3.76405e+21	9.82e-01	1.80e-02	3.49e-06	0.00e+00	0.00e+00	0.00e+00	0.00e+00	0.00e+00	0.00e+00	9.82e-01	1.76e-05	9.95e-06
 4.14045e+21	9.82e-01	1.78e-02	3.22e-06	0.00e+00	0.00e+00	0.00e+00	0.00e+00	0.00e+00	0.00e+00	9.82e-01	1.79e-05	9.93e-06
 4.52952e+21	9.82e-01	1.77e-02	2.96e-06	0.00e+00	0.00e+00	0.00e+00	0.00e+00	0.00e+00	0.00e+00	9.82e-01	1.82e-05	9.92e-06
 4.89974e+21	9.82e-01	1.75e-02	2.75e-06	0.00e+00	0.00e+00	0.00e+00	0.00e+00	0.00e+00	0.00e+00	9.82e-01	1.84e-05	9.90e-06
 5.25116e+21	9.83e-01	1.74e-02	2.56e-06	0.00e+00	0.00e+00	0.00e+00	0.00e+00	0.00e+00	0.00e+00	9.83e-01	1.87e-05	9.89e-06
 5.64930e+21	9.83e-01	1.74e-02	2.36e-06	0.00e+00	0.00e+00	0.00e+00	0.00e+00	0.00e+00	0.00e+00	9.83e-01	1.89e-05	9.88e-06
 6.07862e+21	9.83e-01	1.73e-02	2.17e-06	0.00e+00	0.00e+00	0.00e+00	0.00e+00	0.00e+00	0.00e+00	9.83e-01	1.92e-05	9.88e-06
 6.45001e+21	9.83e-01	1.72e-02	2.03e-06	0.00e+00	0.00e+00	0.00e+00	0.00e+00	0.00e+00	0.00e+00	9.83e-01	1.95e-05	9.87e-06
 6.77716e+21	9.83e-01	1.71e-02	1.91e-06	0.00e+00	0.00e+00	0.00e+00	0.00e+00	0.00e+00	0.00e+00	9.83e-01	1.97e-05	9.86e-06
 7.14524e+21	9.83e-01	1.70e-02	1.78e-06	0.00e+00	0.00e+00	0.00e+00	0.00e+00	0.00e+00	0.00e+00	9.83e-01	1.99e-05	9.85e-06
 7.55519e+21	9.83e-01	1.70e-02	1.65e-06	0.00e+00	0.00e+00	0.00e+00	0.00e+00	0.00e+00	0.00e+00	9.83e-01	2.01e-05	9.85e-06
 7.93179e+21	9.83e-01	1.69e-02	1.55e-06	0.00e+00	0.00e+00	0.00e+00	0.00e+00	0.00e+00	0.00e+00	9.83e-01	2.04e-05	9.84e-06
 8.27189e+21	9.83e-01	1.70e-02	1.46e-06	0.00e+00	0.00e+00	0.00e+00	0.00e+00	0.00e+00	0.00e+00	9.83e-01	2.06e-05	9.85e-06
 8.65233e+21	9.83e-01	1.69e-02	1.36e-06	0.00e+00	0.00e+00	0.00e+00	0.00e+00	0.00e+00	0.00e+00	9.83e-01	2.07e-05	9.84e-06
 9.06583e+21	9.83e-01	1.68e-02	1.27e-06	0.00e+00	0.00e+00	0.00e+00	0.00e+00	0.00e+00	0.00e+00	9.83e-01	2.09e-05	9.83e-06
 9.43550e+21	9.83e-01	1.68e-02	1.20e-06	0.00e+00	0.00e+00	0.00e+00	0.00e+00	0.00e+00	0.00e+00	9.83e-01	2.11e-05	9.83e-06
 9.77330e+21	9.83e-01	1.68e-02	1.14e-06	0.00e+00	0.00e+00	0.00e+00	0.00e+00	0.00e+00	0.00e+00	9.83e-01	2.12e-05	9.83e-06
 1.01565e+22	9.83e-01	1.68e-02	1.07e-06	0.00e+00	0.00e+00	0.00e+00	0.00e+00	0.00e+00	0.00e+00	9.83e-01	2.14e-05	9.83e-06
 1.05764e+22	9.83e-01	1.68e-02	1.00e-06	0.00e+00	0.00e+00	0.00e+00	0.00e+00	0.00e+00	0.00e+00	9.83e-01	2.15e-05	9.83e-06
 1.09558e+22	9.83e-01	1.68e-02	9.44e-07	0.00e+00	0.00e+00	0.00e+00	0.00e+00	0.00e+00	0.00e+00	9.83e-01	2.17e-05	9.83e-06
 1.13002e+22	9.83e-01	1.68e-02	8.97e-07	0.00e+00	0.00e+00	0.00e+00	0.00e+00	0.00e+00	0.00e+00	9.83e-01	2.18e-05	9.83e-06
 1.16875e+22	9.83e-01	1.67e-02	8.46e-07	0.00e+00	0.00e+00	0.00e+00	0.00e+00	0.00e+00	0.00e+00	9.83e-01	2.19e-05	9.82e-06
 1.21120e+22	9.83e-01	1.67e-02	7.96e-07	0.00e+00	0.00e+00	0.00e+00	0.00e+00	0.00e+00	0.00e+00	9.83e-01	2.20e-05	9.82e-06
 1.24951e+22	9.83e-01	1.67e-02	7.54e-07	0.00e+00	0.00e+00	0.00e+00	0.00e+00	0.00e+00	0.00e+00	9.83e-01	2.21e-05	9.82e-06
 1.28439e+22	9.83e-01	1.67e-02	7.18e-07	0.00e+00	0.00e+00	0.00e+00	0.00e+00	0.00e+00	0.00e+00	9.83e-01	2.22e-05	9.82e-06
 1.32383e+22	9.83e-01	1.67e-02	6.80e-07	0.00e+00	0.00e+00	0.00e+00	0.00e+00	0.00e+00	0.00e+00	9.83e-01	2.23e-05	9.82e-06
 1.36742e+22	9.83e-01	1.67e-02	6.41e-07	0.00e+00	0.00e+00	0.00e+00	0.00e+00	0.00e+00	0.00e+00	9.83e-01	2.23e-05	9.82e-06
 1.40702e+22	9.83e-01	1.67e-02	6.09e-07	0.00e+00	0.00e+00	0.00e+00	0.00e+00	0.00e+00	0.00e+00	9.83e-01	2.24e-05	9.82e-06
 1.44312e+22	9.83e-01	1.67e-02	5.81e-07	0.00e+00	0.00e+00	0.00e+00	0.00e+00	0.00e+00	0.00e+00	9.83e-01	2.24e-05	9.82e-06
 1.48406e+22	9.83e-01	1.67e-02	5.51e-07	0.00e+00	0.00e+00	0.00e+00	0.00e+00	0.00e+00	0.00e+00	9.83e-01	2.24e-05	9.82e-06
 1.52943e+22	9.83e-01	1.67e-02	5.20e-07	0.00e+00	0.00e+00	0.00e+00	0.00e+00	0.00e+00	0.00e+00	9.83e-01	2.25e-05	9.82e-06
 1.57105e+22	9.83e-01	1.67e-02	4.95e-07	0.00e+00	0.00e+00	0.00e+00	0.00e+00	0.00e+00	0.00e+00	9.83e-01	2.25e-05	9.82e-06
 1.60937e+22	9.83e-01	1.67e-02	4.72e-07	0.00e+00	0.00e+00	0.00e+00	0.00e+00	0.00e+00	0.00e+00	9.83e-01	2.25e-05	9.82e-06
 1.65290e+22	9.83e-01	1.67e-02	4.48e-07	0.00e+00	0.00e+00	0.00e+00	0.00e+00	0.00e+00	0.00e+00	9.83e-01	2.25e-05	9.82e-06
 1.70148e+22	9.83e-01	1.67e-02	4.23e-07	0.00e+00	0.00e+00	0.00e+00	0.00e+00	0.00e+00	0.00e+00	9.83e-01	2.24e-05	9.82e-06
 1.74681e+22	9.83e-01	1.67e-02	4.02e-07	0.00e+00	0.00e+00	0.00e+00	0.00e+00	0.00e+00	0.00e+00	9.83e-01	2.24e-05	9.82e-06
 1.78947e+22	9.83e-01	1.67e-02	3.83e-07	0.00e+00	0.00e+00	0.00e+00	0.00e+00	0.00e+00	0.00e+00	9.83e-01	2.23e-05	9.82e-06
 1.83847e+22	9.83e-01	1.67e-02	3.63e-07	0.00e+00	0.00e+00	0.00e+00	0.00e+00	0.00e+00	0.00e+00	9.83e-01	2.23e-05	9.82e-06
 1.90217e+22	9.83e-01	1.67e-02	3.38e-07	0.00e+00	0.00e+00	0.00e+00	0.00e+00	0.00e+00	0.00e+00	9.83e-01	2.21e-05	9.82e-06
 1.96750e+22	9.83e-01	1.67e-02	3.16e-07	0.00e+00	0.00e+00	0.00e+00	0.00e+00	0.00e+00	0.00e+00	9.83e-01	2.20e-05	9.82e-06
 2.02242e+22	9.83e-01	1.67e-02	2.99e-07	0.00e+00	0.00e+00	0.00e+00	0.00e+00	0.00e+00	0.00e+00	9.83e-01	2.18e-05	9.82e-06
 2.08129e+22	9.83e-01	1.67e-02	2.81e-07	0.00e+00	0.00e+00	0.00e+00	0.00e+00	0.00e+00	0.00e+00	9.83e-01	2.16e-05	9.82e-06
 2.15782e+22	9.83e-01	1.67e-02	2.60e-07	0.00e+00	0.00e+00	0.00e+00	0.00e+00	0.00e+00	0.00e+00	9.83e-01	2.14e-05	9.82e-06
 2.24531e+22	9.83e-01	1.67e-02	2.39e-07	0.00e+00	0.00e+00	0.00e+00	0.00e+00	0.00e+00	0.00e+00	9.83e-01	2.10e-05	9.82e-06
 2.32935e+22	9.83e-01	1.67e-02	2.21e-07	0.00e+00	0.00e+00	0.00e+00	0.00e+00	0.00e+00	0.00e+00	9.83e-01	2.06e-05	9.82e-06
 2.40498e+22	9.83e-01	1.67e-02	2.07e-07	0.00e+00	0.00e+00	0.00e+00	0.00e+00	0.00e+00	0.00e+00	9.83e-01	2.01e-05	9.82e-06
 2.47305e+22	9.83e-01	1.67e-02	1.95e-07	0.00e+00	0.00e+00	0.00e+00	0.00e+00	0.00e+00	0.00e+00	9.83e-01	1.97e-05	9.82e-06
 2.53431e+22	9.83e-01	1.67e-02	1.85e-07	0.00e+00	0.00e+00	0.00e+00	0.00e+00	0.00e+00	0.00e+00	9.83e-01	1.93e-05	9.82e-06
 2.58945e+22	9.83e-01	1.67e-02	1.76e-07	0.00e+00	0.00e+00	0.00e+00	0.00e+00	0.00e+00	0.00e+00	9.83e-01	1.89e-05	9.82e-06
 2.63907e+22	9.83e-01	1.67e-02	1.69e-07	0.00e+00	0.00e+00	0.00e+00	0.00e+00	0.00e+00	0.00e+00	9.83e-01	1.85e-05	9.82e-06
 2.68373e+22	9.83e-01	1.67e-02	1.63e-07	0.00e+00	0.00e+00	0.00e+00	0.00e+00	0.00e+00	0.00e+00	9.83e-01	1.81e-05	9.82e-06
 2.72393e+22	9.83e-01	1.67e-02	1.58e-07	0.00e+00	0.00e+00	0.00e+00	0.00e+00	0.00e+00	0.00e+00	9.83e-01	1.78e-05	9.82e-06
 2.76010e+22	9.83e-01	1.67e-02	1.53e-07	0.00e+00	0.00e+00	0.00e+00	0.00e+00	0.00e+00	0.00e+00	9.83e-01	1.75e-05	9.82e-06
 2.79267e+22	9.83e-01	1.67e-02	1.49e-07	0.00e+00	0.00e+00	0.00e+00	0.00e+00	0.00e+00	0.00e+00	9.83e-01	1.72e-05	9.82e-06
 2.82352e+22	9.83e-01	1.67e-02	1.46e-07	0.00e+00	0.00e+00	0.00e+00	0.00e+00	0.00e+00	0.00e+00	9.83e-01	1.69e-05	9.82e-06
 2.85438e+22	9.83e-01	1.67e-02	1.42e-07	0.00e+00	0.00e+00	0.00e+00	0.00e+00	0.00e+00	0.00e+00	9.83e-01	1.66e-05	9.82e-06
 2.88524e+22	9.83e-01	1.66e-02	1.39e-07	0.00e+00	0.00e+00	0.00e+00	0.00e+00	0.00e+00	0.00e+00	9.83e-01	1.64e-05	9.82e-06
 2.91609e+22	9.83e-01	1.66e-02	1.36e-07	0.00e+00	0.00e+00	0.00e+00	0.00e+00	0.00e+00	0.00e+00	9.83e-01	1.61e-05	9.81e-06
 2.94695e+22	9.83e-01	1.66e-02	1.33e-07	0.00e+00	0.00e+00	0.00e+00	0.00e+00	0.00e+00	0.00e+00	9.83e-01	1.58e-05	9.81e-06
 2.97781e+22	9.84e-01	1.65e-02	1.29e-07	0.00e+00	0.00e+00	0.00e+00	0.00e+00	0.00e+00	0.00e+00	9.83e-01	1.54e-05	9.81e-06
 3.00763e+22	9.84e-01	1.64e-02	1.27e-07	0.00e+00	0.00e+00	0.00e+00	0.00e+00	0.00e+00	0.00e+00	9.84e-01	1.51e-05	9.80e-06
 3.03390e+22	9.84e-01	1.63e-02	1.24e-07	0.00e+00	0.00e+00	0.00e+00	0.00e+00	0.00e+00	0.00e+00	9.84e-01	1.48e-05	9.79e-06
 3.05507e+22	9.84e-01	1.62e-02	1.22e-07	0.00e+00	0.00e+00	0.00e+00	0.00e+00	0.00e+00	0.00e+00	9.84e-01	1.46e-05	9.79e-06
 3.07503e+22	9.84e-01	1.60e-02	1.20e-07	0.00e+00	0.00e+00	0.00e+00	0.00e+00	0.00e+00	0.00e+00	9.84e-01	1.43e-05	9.77e-06
