#depth	O	O+	O+2	O+3	O+4	O+5	O+6	O+7	O+8	O[1]	O[2]	O[3]
 1.32737e+15	1.00e-01	8.38e-01	6.11e-02	2.71e-04	2.81e-06	0.00e+00	0.00e+00	0.00e+00	0.00e+00	1.00e-01	7.26e-06	7.76e-06
 7.96424e+15	9.99e-02	8.38e-01	6.15e-02	2.74e-04	2.84e-06	0.00e+00	0.00e+00	0.00e+00	0.00e+00	9.99e-02	7.23e-06	7.72e-06
 3.45117e+16	9.94e-02	8.38e-01	6.20e-02	2.76e-04	2.87e-06	0.00e+00	0.00e+00	0.00e+00	0.00e+00	9.94e-02	7.20e-06	7.69e-06
 1.40702e+17	9.85e-02	8.38e-01	6.32e-02	2.81e-04	2.92e-06	0.00e+00	0.00e+00	0.00e+00	0.00e+00	9.85e-02	7.14e-06	7.63e-06
 3.36091e+17	9.25e-02	8.38e-01	6.96e-02	3.22e-04	3.32e-06	0.00e+00	0.00e+00	0.00e+00	0.00e+00	9.24e-02	6.73e-06	7.19e-06
 5.90097e+17	8.94e-02	8.37e-01	7.29e-02	3.41e-04	3.51e-06	0.00e+00	0.00e+00	0.00e+00	0.00e+00	8.94e-02	6.52e-06	6.97e-06
 9.20306e+17	8.86e-02	8.37e-01	7.42e-02	3.42e-04	3.52e-06	0.00e+00	0.00e+00	0.00e+00	0.00e+00	8.86e-02	6.47e-06	6.91e-06
 1.34958e+18	9.01e-02	8.36e-01	7.33e-02	3.23e-04	3.35e-06	0.00e+00	0.00e+00	0.00e+00	0.00e+00	9.00e-02	6.56e-06	7.02e-06
 1.88472e+18	9.41e-02	8.36e-01	7.01e-02	2.87e-04	3.01e-06	0.00e+00	0.00e+00	0.00e+00	0.00e+00	9.41e-02	6.84e-06	7.31e-06
 2.49710e+18	1.01e-01	8.34e-01	6.44e-02	2.37e-04	2.55e-06	0.00e+00	0.00e+00	0.00e+00	0.00e+00	1.01e-01	7.32e-06	7.83e-06
 3.21166e+18	1.14e-01	8.30e-01	5.59e-02	1.77e-04	1.97e-06	0.00e+00	0.00e+00	0.00e+00	0.00e+00	1.14e-01	8.14e-06	8.70e-06
 4.07127e+18	1.34e-01	8.20e-01	4.52e-02	1.16e-04	1.37e-06	0.00e+00	0.00e+00	0.00e+00	0.00e+00	1.34e-01	9.45e-06	1.01e-05
 4.94760e+18	1.62e-01	8.03e-01	3.49e-02	7.15e-05	9.03e-07	0.00e+00	0.00e+00	0.00e+00	0.00e+00	1.62e-01	1.12e-05	1.19e-05
 5.75357e+18	1.94e-01	7.79e-01	2.66e-02	4.39e-05	5.97e-07	0.00e+00	0.00e+00	0.00e+00	0.00e+00	1.94e-01	1.30e-05	1.39e-05
 6.45249e+18	2.28e-01	7.51e-01	2.06e-02	2.81e-05	4.08e-07	0.00e+00	0.00e+00	0.00e+00	0.00e+00	2.28e-01	1.48e-05	1.58e-05
 7.01870e+18	2.59e-01	7.24e-01	1.66e-02	1.95e-05	2.98e-07	0.00e+00	0.00e+00	0.00e+00	0.00e+00	2.59e-01	1.63e-05	1.74e-05
 7.60903e+18	2.93e-01	6.94e-01	1.32e-02	1.33e-05	2.15e-07	0.00e+00	0.00e+00	0.00e+00	0.00e+00	2.93e-01	1.78e-05	1.90e-05
 8.28019e+18	3.34e-01	6.56e-01	1.02e-02	8.81e-06	1.50e-07	0.00e+00	0.00e+00	0.00e+00	0.00e+00	3.34e-01	1.94e-05	2.07e-05
 8.91604e+18	3.73e-01	6.19e-01	7.99e-03	6.07e-06	0.00e+00	0.00e+00	0.00e+00	0.00e+00	0.00e+00	3.73e-01	2.08e-05	2.21e-05
 9.45381e+18	4.05e-01	5.88e-01	6.52e-03	4.49e-06	0.00e+00	0.00e+00	0.00e+00	0.00e+00	0.00e+00	4.05e-01	2.17e-05	2.31e-05
 9.93131e+18	4.34e-01	5.61e-01	5.45e-03	3.48e-06	0.00e+00	0.00e+00	0.00e+00	0.00e+00	0.00e+00	4.34e-01	2.24e-05	2.39e-05
 1.04003e+19	4.62e-01	5.34e-01	4.58e-03	2.73e-06	0.00e+00	0.00e+00	0.00e+00	0.00e+00	0.00e+00	4.61e-01	2.30e-05	2.45e-05
 1.08836e+19	4.88e-01	5.08e-01	3.85e-03	2.17e-06	0.00e+00	0.00e+00	0.00e+00	0.00e+00	0.00e+00	4.88e-01	2.35e-05	2.49e-05
 1.13623e+19	5.13e-01	4.84e-01	3.25e-03	1.74e-06	0.00e+00	0.00e+00	0.00e+00	0.00e+00	0.00e+00	5.13e-01	2.38e-05	2.53e-05
 1.18204e+19	5.36e-01	4.61e-01	2.78e-03	1.43e-06	0.00e+00	0.00e+00	0.00e+00	0.00e+00	0.00e+00	5.36e-01	2.40e-05	2.55e-05
 1.22775e+19	5.58e-01	4.40e-01	2.38e-03	1.19e-06	0.00e+00	0.00e+00	0.00e+00	0.00e+00	0.00e+00	5.58e-01	2.41e-05	2.56e-05
 1.27452e+19	5.79e-01	4.19e-01	2.03e-03	9.92e-07	0.00e+00	0.00e+00	0.00e+00	0.00e+00	0.00e+00	5.79e-01	2.42e-05	2.57e-05
 1.31278e+19	5.94e-01	4.05e-01	1.81e-03	8.72e-07	0.00e+00	0.00e+00	0.00e+00	0.00e+00	0.00e+00	5.94e-01	2.41e-05	2.56e-05
 1.33970e+19	6.04e-01	3.94e-01	1.66e-03	7.95e-07	0.00e+00	0.00e+00	0.00e+00	0.00e+00	0.00e+00	6.04e-01	2.41e-05	2.56e-05
 1.36643e+19	6.15e-01	3.83e-01	1.52e-03	7.24e-07	0.00e+00	0.00e+00	0.00e+00	0.00e+00	0.00e+00	6.15e-01	2.41e-05	2.56e-05
 1.39690e+19	6.26e-01	3.72e-01	1.39e-03	6.57e-07	0.00e+00	0.00e+00	0.00e+00	0.00e+00	0.00e+00	6.26e-01	2.40e-05	2.55e-05
 1.43097e+19	6.39e-01	3.60e-01	1.25e-03	5.90e-07	0.00e+00	0.00e+00	0.00e+00	0.00e+00	0.00e+00	6.39e-01	2.39e-05	2.54e-05
 1.46606e+19	6.50e-01	3.49e-01	1.12e-03	5.34e-07	0.00e+00	0.00e+00	0.00e+00	0.00e+00	0.00e+00	6.50e-01	2.38e-05	2.52e-05
 1.50114e+19	6.61e-01	3.38e-01	1.01e-03	4.83e-07	0.00e+00	0.00e+00	0.00e+00	0.00e+00	0.00e+00	6.61e-01	2.37e-05	2.51e-05
 1.53740e+19	6.73e-01	3.26e-01	9.07e-04	4.38e-07	0.00e+00	0.00e+00	0.00e+00	0.00e+00	0.00e+00	6.73e-01	2.35e-05	2.49e-05
 1.57449e+19	6.83e-01	3.16e-01	8.15e-04	3.99e-07	0.00e+00	0.00e+00	0.00e+00	0.00e+00	0.00e+00	6.83e-01	2.33e-05	2.47e-05
 1.61289e+19	6.94e-01	3.05e-01	7.31e-04	3.64e-07	0.00e+00	0.00e+00	0.00e+00	0.00e+00	0.00e+00	6.94e-01	2.31e-05	2.45e-05
 1.65299e+19	7.05e-01	2.95e-01	6.53e-04	3.32e-07	0.00e+00	0.00e+00	0.00e+00	0.00e+00	0.00e+00	7.04e-01	2.29e-05	2.43e-05
 1.69460e+19	7.15e-01	2.85e-01	5.83e-04	3.03e-07	0.00e+00	0.00e+00	0.00e+00	0.00e+00	0.00e+00	7.15e-01	2.27e-05	2.40e-05
 1.73766e+19	7.25e-01	2.75e-01	5.20e-04	2.78e-07	0.00e+00	0.00e+00	0.00e+00	0.00e+00	0.00e+00	7.25e-01	2.25e-05	2.38e-05
 1.78245e+19	7.35e-01	2.65e-01	4.62e-04	2.55e-07	0.00e+00	0.00e+00	0.00e+00	0.00e+00	0.00e+00	7.35e-01	2.22e-05	2.35e-05
 1.82857e+19	7.44e-01	2.56e-01	4.11e-04	2.35e-07	0.00e+00	0.00e+00	0.00e+00	0.00e+00	0.00e+00	7.44e-01	2.20e-05	2.32e-05
 1.87649e+19	7.54e-01	2.46e-01	3.65e-04	2.17e-07	0.00e+00	0.00e+00	0.00e+00	0.00e+00	0.00e+00	7.54e-01	2.17e-05	2.29e-05
 1.92629e+19	7.62e-01	2.37e-01	3.24e-04	2.00e-07	0.00e+00	0.00e+00	0.00e+00	0.00e+00	0.00e+00	7.62e-01	2.14e-05	2.26e-05
 1.97828e+19	7.72e-01	2.28e-01	2.87e-04	1.85e-07	0.00e+00	0.00e+00	0.00e+00	0.00e+00	0.00e+00	7.72e-01	2.11e-05	2.23e-05
 2.03239e+19	7.80e-01	2.20e-01	2.54e-04	1.72e-07	0.00e+00	0.00e+00	0.00e+00	0.00e+00	0.00e+00	7.80e-01	2.08e-05	2.20e-05
 2.08873e+19	7.88e-01	2.12e-01	2.25e-04	1.60e-07	0.00e+00	0.00e+00	0.00e+00	0.00e+00	0.00e+00	7.88e-01	2.05e-05	2.16e-05
 2.14826e+19	7.96e-01	2.04e-01	1.99e-04	1.50e-07	0.00e+00	0.00e+00	0.00e+00	0.00e+00	0.00e+00	7.96e-01	2.02e-05	2.13e-05
 2.21133e+19	8.04e-01	1.96e-01	1.75e-04	1.39e-07	0.00e+00	0.00e+00	0.00e+00	0.00e+00	0.00e+00	8.04e-01	1.99e-05	2.10e-05
 2.27736e+19	8.12e-01	1.88e-01	1.55e-04	1.31e-07	0.00e+00	0.00e+00	0.00e+00	0.00e+00	0.00e+00	8.12e-01	1.96e-05	2.06e-05
 2.34693e+19	8.19e-01	1.81e-01	1.37e-04	1.22e-07	0.00e+00	0.00e+00	0.00e+00	0.00e+00	0.00e+00	8.19e-01	1.93e-05	2.03e-05
 2.42184e+19	8.26e-01	1.74e-01	1.21e-04	0.00e+00	0.00e+00	0.00e+00	0.00e+00	0.00e+00	0.00e+00	8.26e-01	1.90e-05	2.00e-05
 2.50096e+19	8.32e-01	1.67e-01	1.07e-04	0.00e+00	0.00e+00	0.00e+00	0.00e+00	0.00e+00	0.00e+00	8.32e-01	1.87e-05	1.96e-05
 2.58475e+19	8.39e-01	1.61e-01	9.49e-05	0.00e+00	0.00e+00	0.00e+00	0.00e+00	0.00e+00	0.00e+00	8.39e-01	1.84e-05	1.93e-05
 2.67366e+19	8.45e-01	1.55e-01	8.43e-05	0.00e+00	0.00e+00	0.00e+00	0.00e+00	0.00e+00	0.00e+00	8.45e-01	1.81e-05	1.90e-05
 2.76871e+19	8.50e-01	1.50e-01	7.51e-05	0.00e+00	0.00e+00	0.00e+00	0.00e+00	0.00e+00	0.00e+00	8.50e-01	1.78e-05	1.87e-05
 2.87081e+19	8.56e-01	1.44e-01	6.71e-05	0.00e+00	0.00e+00	0.00e+00	0.00e+00	0.00e+00	0.00e+00	8.55e-01	1.75e-05	1.84e-05
 2.98026e+19	8.61e-01	1.39e-01	6.00e-05	0.00e+00	0.00e+00	0.00e+00	0.00e+00	0.00e+00	0.00e+00	8.61e-01	1.73e-05	1.81e-05
 3.09982e+19	8.65e-01	1.34e-01	5.38e-05	0.00e+00	0.00e+00	0.00e+00	0.00e+00	0.00e+00	0.00e+00	8.65e-01	1.70e-05	1.79e-05
 3.23104e+19	8.70e-01	1.30e-01	4.83e-05	0.00e+00	0.00e+00	0.00e+00	0.00e+00	0.00e+00	0.00e+00	8.70e-01	1.68e-05	1.76e-05
 3.37369e+19	8.75e-01	1.25e-01	4.34e-05	0.00e+00	0.00e+00	0.00e+00	0.00e+00	0.00e+00	0.00e+00	8.74e-01	1.65e-05	1.73e-05
 3.53023e+19	8.79e-01	1.21e-01	3.91e-05	0.00e+00	0.00e+00	0.00e+00	0.00e+00	0.00e+00	0.00e+00	8.79e-01	1.63e-05	1.71e-05
 3.70221e+19	8.83e-01	1.17e-01	3.52e-05	0.00e+00	0.00e+00	0.00e+00	0.00e+00	0.00e+00	0.00e+00	8.83e-01	1.61e-05	1.68e-05
 3.88989e+19	8.87e-01	1.13e-01	3.18e-05	0.00e+00	0.00e+00	0.00e+00	0.00e+00	0.00e+00	0.00e+00	8.87e-01	1.58e-05	1.66e-05
 4.09417e+19	8.91e-01	1.09e-01	2.87e-05	0.00e+00	0.00e+00	0.00e+00	0.00e+00	0.00e+00	0.00e+00	8.91e-01	1.56e-05	1.63e-05
 4.31712e+19	8.94e-01	1.06e-01	2.59e-05	0.00e+00	0.00e+00	0.00e+00	0.00e+00	0.00e+00	0.00e+00	8.94e-01	1.54e-05	1.61e-05
 4.55830e+19	8.98e-01	1.02e-01	2.34e-05	0.00e+00	0.00e+00	0.00e+00	0.00e+00	0.00e+00	0.00e+00	8.98e-01	1.52e-05	1.59e-05
 4.81636e+19	9.01e-01	9.87e-02	2.13e-05	0.00e+00	0.00e+00	0.00e+00	0.00e+00	0.00e+00	0.00e+00	9.01e-01	1.50e-05	1.56e-05
 5.09172e+19	9.05e-01	9.53e-02	1.93e-05	0.00e+00	0.00e+00	0.00e+00	0.00e+00	0.00e+00	0.00e+00	9.05e-01	1.48e-05	1.54e-05
 5.38693e+19	9.08e-01	9.20e-02	1.76e-05	0.00e+00	0.00e+00	0.00e+00	0.00e+00	0.00e+00	0.00e+00	9.08e-01	1.46e-05	1.52e-05
 5.70140e+19	9.11e-01	8.88e-02	1.60e-05	0.00e+00	0.00e+00	0.00e+00	0.00e+00	0.00e+00	0.00e+00	9.11e-01	1.44e-05	1.50e-05
 6.03318e+19	9.14e-01	8.58e-02	1.46e-05	0.00e+00	0.00e+00	0.00e+00	0.00e+00	0.00e+00	0.00e+00	9.14e-01	1.42e-05	1.48e-05
 6.38358e+19	9.17e-01	8.28e-02	1.34e-05	0.00e+00	0.00e+00	0.00e+00	0.00e+00	0.00e+00	0.00e+00	9.17e-01	1.40e-05	1.46e-05
 6.75323e+19	9.20e-01	7.99e-02	1.23e-05	0.00e+00	0.00e+00	0.00e+00	0.00e+00	0.00e+00	0.00e+00	9.20e-01	1.38e-05	1.44e-05
 7.14351e+19	9.23e-01	7.71e-02	1.14e-05	0.00e+00	0.00e+00	0.00e+00	0.00e+00	0.00e+00	0.00e+00	9.23e-01	1.36e-05	1.42e-05
 7.55473e+19	9.26e-01	7.44e-02	1.05e-05	0.00e+00	0.00e+00	0.00e+00	0.00e+00	0.00e+00	0.00e+00	9.26e-01	1.34e-05	1.40e-05
 7.98748e+19	9.28e-01	7.18e-02	9.75e-06	0.00e+00	0.00e+00	0.00e+00	0.00e+00	0.00e+00	0.00e+00	9.28e-01	1.33e-05	1.38e-05
 8.44247e+19	9.31e-01	6.93e-02	9.07e-06	0.00e+00	0.00e+00	0.00e+00	0.00e+00	0.00e+00	0.00e+00	9.31e-01	1.31e-05	1.36e-05
 8.92071e+19	9.33e-01	6.68e-02	8.47e-06	0.00e+00	0.00e+00	0.00e+00	0.00e+00	0.00e+00	0.00e+00	9.33e-01	1.29e-05	1.34e-05
 9.42353e+19	9.36e-01	6.45e-02	7.93e-06	0.00e+00	0.00e+00	0.00e+00	0.00e+00	0.00e+00	0.00e+00	9.36e-01	1.28e-05	1.32e-05
 9.95234e+19	9.38e-01	6.22e-02	7.46e-06	0.00e+00	0.00e+00	0.00e+00	0.00e+00	0.00e+00	0.00e+00	9.38e-01	1.26e-05	1.31e-05
 1.05037e+20	9.40e-01	6.00e-02	7.04e-06	0.00e+00	0.00e+00	0.00e+00	0.00e+00	0.00e+00	0.00e+00	9.40e-01	1.25e-05	1.29e-05
 1.10814e+20	9.42e-01	5.79e-02	6.66e-06	0.00e+00	0.00e+00	0.00e+00	0.00e+00	0.00e+00	0.00e+00	9.42e-01	1.23e-05	1.27e-05
 1.16915e+20	9.44e-01	5.58e-02	6.33e-06	0.00e+00	0.00e+00	0.00e+00	0.00e+00	0.00e+00	0.00e+00	9.44e-01	1.22e-05	1.26e-05
 1.23308e+20	9.46e-01	5.38e-02	6.03e-06	0.00e+00	0.00e+00	0.00e+00	0.00e+00	0.00e+00	0.00e+00	9.46e-01	1.20e-05	1.24e-05
 1.29988e+20	9.48e-01	5.19e-02	5.76e-06	0.00e+00	0.00e+00	0.00e+00	0.00e+00	0.00e+00	0.00e+00	9.48e-01	1.19e-05	1.22e-05
 1.36971e+20	9.50e-01	5.00e-02	5.53e-06	0.00e+00	0.00e+00	0.00e+00	0.00e+00	0.00e+00	0.00e+00	9.50e-01	1.17e-05	1.20e-05
 1.44281e+20	9.52e-01	4.82e-02	5.32e-06	0.00e+00	0.00e+00	0.00e+00	0.00e+00	0.00e+00	0.00e+00	9.52e-01	1.16e-05	1.19e-05
 1.51936e+20	9.54e-01	4.65e-02	5.14e-06	0.00e+00	0.00e+00	0.00e+00	0.00e+00	0.00e+00	0.00e+00	9.54e-01	1.15e-05	1.17e-05
 1.59991e+20	9.55e-01	4.48e-02	4.98e-06	0.00e+00	0.00e+00	0.00e+00	0.00e+00	0.00e+00	0.00e+00	9.55e-01	1.13e-05	1.15e-05
 1.68429e+20	9.57e-01	4.31e-02	4.83e-06	0.00e+00	0.00e+00	0.00e+00	0.00e+00	0.00e+00	0.00e+00	9.57e-01	1.12e-05	1.13e-05
 1.77200e+20	9.58e-01	4.16e-02	4.71e-06	0.00e+00	0.00e+00	0.00e+00	0.00e+00	0.00e+00	0.00e+00	9.58e-01	1.11e-05	1.12e-05
 1.86257e+20	9.60e-01	4.01e-02	4.60e-06	0.00e+00	0.00e+00	0.00e+00	0.00e+00	0.00e+00	0.00e+00	9.60e-01	1.09e-05	1.10e-05
 1.95778e+20	9.61e-01	3.86e-02	4.51e-06	0.00e+00	0.00e+00	0.00e+00	0.00e+00	0.00e+00	0.00e+00	9.61e-01	1.08e-05	1.08e-05
 2.05870e+20	9.63e-01	3.72e-02	4.42e-06	0.00e+00	0.00e+00	0.00e+00	0.00e+00	0.00e+00	0.00e+00	9.63e-01	1.07e-05	1.07e-05
 2.16363e+20	9.64e-01	3.58e-02	4.35e-06	0.00e+00	0.00e+00	0.00e+00	0.00e+00	0.00e+00	0.00e+00	9.64e-01	1.06e-05	1.06e-05
 2.27223e+20	9.65e-01	3.45e-02	4.29e-06	0.00e+00	0.00e+00	0.00e+00	0.00e+00	0.00e+00	0.00e+00	9.65e-01	1.05e-05	1.04e-05
 2.38547e+20	9.67e-01	3.33e-02	4.23e-06	0.00e+00	0.00e+00	0.00e+00	0.00e+00	0.00e+00	0.00e+00	9.67e-01	1.04e-05	1.03e-05
 2.50442e+20	9.68e-01	3.20e-02	4.19e-06	0.00e+00	0.00e+00	0.00e+00	0.00e+00	0.00e+00	0.00e+00	9.68e-01	1.03e-05	1.02e-05
 2.62872e+20	9.69e-01	3.08e-02	4.15e-06	0.00e+00	0.00e+00	0.00e+00	0.00e+00	0.00e+00	0.00e+00	9.69e-01	1.02e-05	1.00e-05
 2.75592e+20	9.70e-01	2.97e-02	4.12e-06	0.00e+00	0.00e+00	0.00e+00	0.00e+00	0.00e+00	0.00e+00	9.70e-01	1.01e-05	9.90e-06
 2.88266e+20	9.71e-01	2.87e-02	4.09e-06	0.00e+00	0.00e+00	0.00e+00	0.00e+00	0.00e+00	0.00e+00	9.71e-01	9.97e-06	9.79e-06
 3.00775e+20	9.72e-01	2.77e-02	4.08e-06	0.00e+00	0.00e+00	0.00e+00	0.00e+00	0.00e+00	0.00e+00	9.72e-01	9.87e-06	9.69e-06
 3.13193e+20	9.73e-01	2.68e-02	4.06e-06	0.00e+00	0.00e+00	0.00e+00	0.00e+00	0.00e+00	0.00e+00	9.73e-01	9.78e-06	9.59e-06
 3.25538e+20	9.74e-01	2.59e-02	4.06e-06	0.00e+00	0.00e+00	0.00e+00	0.00e+00	0.00e+00	0.00e+00	9.74e-01	9.69e-06	9.49e-06
 3.37702e+20	9.75e-01	2.51e-02	4.05e-06	0.00e+00	0.00e+00	0.00e+00	0.00e+00	0.00e+00	0.00e+00	9.75e-01	9.61e-06	9.40e-06
 3.49571e+20	9.76e-01	2.44e-02	4.05e-06	0.00e+00	0.00e+00	0.00e+00	0.00e+00	0.00e+00	0.00e+00	9.76e-01	9.53e-06	9.32e-06
 3.61088e+20	9.76e-01	2.37e-02	4.06e-06	0.00e+00	0.00e+00	0.00e+00	0.00e+00	0.00e+00	0.00e+00	9.76e-01	9.45e-06	9.23e-06
 3.72222e+20	9.77e-01	2.30e-02	4.06e-06	0.00e+00	0.00e+00	0.00e+00	0.00e+00	0.00e+00	0.00e+00	9.77e-01	9.38e-06	9.16e-06
 3.82937e+20	9.78e-01	2.24e-02	4.07e-06	0.00e+00	0.00e+00	0.00e+00	0.00e+00	0.00e+00	0.00e+00	9.78e-01	9.30e-06	9.08e-06
