#depth	He	He+	He+2
 1.09269e+18	2.35e-05	4.23e-02	9.58e-01
 6.55616e+18	2.35e-05	4.23e-02	9.58e-01
 2.84100e+19	2.34e-05	4.24e-02	9.58e-01
 1.15826e+20	2.34e-05	4.31e-02	9.57e-01
 2.76670e+20	2.25e-05	4.29e-02	9.57e-01
 4.85768e+20	2.26e-05	4.40e-02	9.56e-01
 7.57595e+20	2.36e-05	4.66e-02	9.53e-01
 1.11097e+21	2.62e-05	5.19e-02	9.48e-01
 1.47754e+21	2.94e-05	5.90e-02	9.41e-01
 1.77948e+21	3.36e-05	6.75e-02	9.32e-01
 2.03835e+21	3.88e-05	7.73e-02	9.23e-01
 2.28489e+21	4.53e-05	8.93e-02	9.11e-01
 2.52749e+21	5.39e-05	1.05e-01	8.95e-01
 2.74002e+21	6.33e-05	1.22e-01	8.78e-01
 2.91280e+21	7.32e-05	1.39e-01	8.61e-01
 3.07068e+21	8.46e-05	1.58e-01	8.42e-01
 3.24965e+21	1.01e-04	1.84e-01	8.16e-01
 3.43090e+21	1.20e-04	2.15e-01	7.84e-01
 3.57605e+21	1.37e-04	2.45e-01	7.54e-01
 3.72569e+21	1.62e-04	2.81e-01	7.19e-01
 3.87404e+21	1.88e-04	3.20e-01	6.80e-01
 4.00013e+21	2.14e-04	3.57e-01	6.43e-01
 4.12098e+21	2.41e-04	3.95e-01	6.05e-01
 4.23567e+21	2.70e-04	4.32e-01	5.68e-01
 4.36485e+21	3.06e-04	4.76e-01	5.24e-01
 4.49096e+21	3.40e-04	5.18e-01	4.82e-01
 4.58512e+21	3.67e-04	5.49e-01	4.51e-01
 4.67956e+21	3.98e-04	5.81e-01	4.18e-01
 4.78322e+21	4.29e-04	6.14e-01	3.85e-01
 4.89885e+21	4.70e-04	6.51e-01	3.49e-01
 5.01561e+21	5.07e-04	6.83e-01	3.16e-01
 5.11399e+21	5.39e-04	7.10e-01	2.90e-01
 5.22204e+21	5.77e-04	7.37e-01	2.62e-01
 5.36252e+21	6.25e-04	7.70e-01	2.30e-01
 5.50757e+21	6.72e-04	7.98e-01	2.02e-01
 5.63503e+21	7.13e-04	8.19e-01	1.80e-01
 5.77718e+21	7.61e-04	8.42e-01	1.58e-01
 5.96196e+21	8.23e-04	8.66e-01	1.33e-01
 6.16606e+21	8.88e-04	8.87e-01	1.12e-01
 6.39527e+21	9.66e-04	9.06e-01	9.28e-02
 6.68809e+21	1.07e-03	9.25e-01	7.38e-02
 7.00565e+21	1.18e-03	9.40e-01	5.89e-02
 7.30034e+21	1.30e-03	9.50e-01	4.85e-02
 7.56912e+21	1.42e-03	9.58e-01	4.10e-02
 7.81702e+21	1.54e-03	9.63e-01	3.55e-02
 8.04958e+21	1.68e-03	9.67e-01	3.11e-02
 8.26729e+21	1.83e-03	9.71e-01	2.76e-02
 8.46697e+21	2.00e-03	9.73e-01	2.49e-02
 8.62324e+21	2.14e-03	9.75e-01	2.31e-02
 8.73183e+21	2.26e-03	9.76e-01	2.19e-02
 8.84066e+21	2.40e-03	9.77e-01	2.07e-02
 8.96157e+21	2.57e-03	9.78e-01	1.95e-02
 9.06923e+21	2.74e-03	9.79e-01	1.85e-02
 9.15899e+21	2.90e-03	9.79e-01	1.77e-02
 9.24094e+21	3.07e-03	9.80e-01	1.70e-02
 9.32007e+21	3.25e-03	9.80e-01	1.64e-02
 9.39530e+21	3.44e-03	9.81e-01	1.58e-02
 9.46630e+21	3.64e-03	9.81e-01	1.53e-02
 9.53366e+21	3.86e-03	9.81e-01	1.48e-02
 9.59820e+21	4.10e-03	9.82e-01	1.43e-02
 9.65995e+21	4.35e-03	9.82e-01	1.39e-02
 9.71884e+21	4.63e-03	9.82e-01	1.35e-02
 9.77501e+21	4.92e-03	9.82e-01	1.32e-02
 9.82863e+21	5.24e-03	9.82e-01	1.28e-02
 9.88006e+21	5.59e-03	9.82e-01	1.25e-02
 9.92953e+21	5.97e-03	9.82e-01	1.22e-02
 9.97698e+21	6.38e-03	9.82e-01	1.20e-02
 1.00224e+22	6.82e-03	9.81e-01	1.17e-02
 1.00662e+22	7.31e-03	9.81e-01	1.15e-02
 1.01086e+22	7.86e-03	9.81e-01	1.12e-02
 1.01496e+22	8.45e-03	9.81e-01	1.10e-02
 1.01891e+22	9.12e-03	9.80e-01	1.08e-02
 1.02276e+22	9.86e-03	9.80e-01	1.06e-02
 1.02652e+22	1.07e-02	9.79e-01	1.04e-02
 1.03016e+22	1.16e-02	9.78e-01	1.02e-02
 1.03371e+22	1.27e-02	9.77e-01	1.00e-02
 1.03719e+22	1.39e-02	9.76e-01	9.87e-03
 1.04060e+22	1.53e-02	9.75e-01	9.72e-03
 1.04358e+22	1.67e-02	9.74e-01	9.59e-03
 1.04599e+22	1.80e-02	9.73e-01	9.49e-03
 1.04854e+22	1.96e-02	9.71e-01	9.38e-03
 1.05126e+22	2.16e-02	9.69e-01	9.28e-03
 1.05360e+22	2.36e-02	9.67e-01	9.18e-03
 1.05561e+22	2.54e-02	9.65e-01	9.13e-03
 1.05780e+22	2.79e-02	9.63e-01	9.05e-03
 1.06016e+22	3.09e-02	9.60e-01	8.98e-03
 1.06222e+22	3.39e-02	9.57e-01	8.92e-03
 1.06402e+22	3.68e-02	9.54e-01	8.90e-03
 1.06601e+22	4.07e-02	9.50e-01	8.87e-03
 1.06818e+22	4.56e-02	9.46e-01	8.85e-03
 1.07013e+22	5.08e-02	9.40e-01	8.84e-03
 1.07190e+22	5.62e-02	9.35e-01	8.87e-03
 1.07388e+22	6.35e-02	9.28e-01	8.90e-03
 1.07600e+22	7.24e-02	9.19e-01	8.97e-03
 1.07781e+22	8.17e-02	9.09e-01	9.06e-03
 1.07936e+22	9.08e-02	9.00e-01	9.16e-03
 1.08088e+22	1.01e-01	8.89e-01	9.28e-03
 1.08245e+22	1.13e-01	8.77e-01	9.43e-03
 1.08388e+22	1.27e-01	8.64e-01	9.56e-03
 1.08516e+22	1.39e-01	8.51e-01	9.75e-03
 1.08630e+22	1.52e-01	8.38e-01	9.90e-03
 1.08733e+22	1.65e-01	8.25e-01	1.01e-02
 1.08832e+22	1.79e-01	8.11e-01	1.02e-02
 1.08910e+22	1.90e-01	7.99e-01	1.03e-02
 1.08962e+22	1.98e-01	7.91e-01	1.04e-02
 1.09010e+22	2.06e-01	7.83e-01	1.05e-02
 1.09065e+22	2.16e-01	7.73e-01	1.06e-02
 1.09124e+22	2.27e-01	7.62e-01	1.07e-02
 1.09182e+22	2.38e-01	7.51e-01	1.08e-02
 1.09236e+22	2.49e-01	7.40e-01	1.09e-02
 1.09291e+22	2.61e-01	7.28e-01	1.10e-02
 1.09346e+22	2.73e-01	7.16e-01	1.11e-02
 1.09401e+22	2.86e-01	7.03e-01	1.12e-02
 1.09457e+22	2.99e-01	6.90e-01	1.13e-02
 1.09512e+22	3.13e-01	6.76e-01	1.14e-02
 1.09566e+22	3.27e-01	6.61e-01	1.15e-02
 1.09621e+22	3.42e-01	6.46e-01	1.16e-02
 1.09676e+22	3.57e-01	6.31e-01	1.16e-02
 1.09731e+22	3.74e-01	6.15e-01	1.17e-02
 1.09786e+22	3.90e-01	5.98e-01	1.17e-02
 1.09843e+22	4.08e-01	5.80e-01	1.18e-02
 1.09899e+22	4.25e-01	5.63e-01	1.18e-02
 1.09956e+22	4.44e-01	5.44e-01	1.18e-02
 1.10015e+22	4.63e-01	5.25e-01	1.17e-02
 1.10073e+22	4.83e-01	5.05e-01	1.17e-02
 1.10134e+22	5.04e-01	4.85e-01	1.16e-02
 1.10196e+22	5.25e-01	4.64e-01	1.15e-02
 1.10257e+22	5.46e-01	4.43e-01	1.14e-02
 1.10320e+22	5.67e-01	4.22e-01	1.13e-02
 1.10384e+22	5.88e-01	4.01e-01	1.11e-02
 1.10449e+22	6.09e-01	3.80e-01	1.09e-02
 1.10517e+22	6.30e-01	3.59e-01	1.06e-02
 1.10588e+22	6.51e-01	3.38e-01	1.04e-02
 1.10663e+22	6.72e-01	3.18e-01	1.00e-02
 1.10744e+22	6.93e-01	2.97e-01	9.69e-03
 1.10832e+22	7.14e-01	2.77e-01	9.32e-03
 1.10930e+22	7.34e-01	2.57e-01	8.91e-03
 1.11042e+22	7.53e-01	2.38e-01	8.48e-03
 1.11166e+22	7.70e-01	2.22e-01	8.08e-03
 1.11292e+22	7.83e-01	2.09e-01	7.74e-03
 1.11416e+22	7.93e-01	1.99e-01	7.46e-03
 1.11539e+22	8.01e-01	1.92e-01	7.25e-03
 1.11661e+22	8.06e-01	1.87e-01	7.07e-03
 1.11783e+22	8.10e-01	1.83e-01	6.94e-03
 1.11904e+22	8.14e-01	1.80e-01	6.83e-03
 1.12043e+22	8.17e-01	1.76e-01	6.69e-03
 1.12224e+22	8.19e-01	1.74e-01	6.62e-03
 1.12459e+22	8.22e-01	1.72e-01	6.46e-03
 1.12765e+22	8.24e-01	1.70e-01	6.39e-03
 1.13162e+22	8.26e-01	1.68e-01	6.26e-03
 1.13679e+22	8.28e-01	1.66e-01	6.09e-03
 1.14350e+22	8.31e-01	1.64e-01	5.90e-03
 1.15223e+22	8.34e-01	1.60e-01	5.66e-03
 1.16358e+22	8.38e-01	1.56e-01	5.37e-03
 1.17834e+22	8.43e-01	1.52e-01	5.03e-03
 1.19752e+22	8.50e-01	1.46e-01	4.62e-03
 1.22245e+22	8.57e-01	1.38e-01	4.16e-03
 1.25378e+22	8.66e-01	1.30e-01	3.66e-03
 1.28929e+22	8.75e-01	1.22e-01	3.20e-03
 1.32571e+22	8.82e-01	1.15e-01	2.82e-03
 1.36303e+22	8.90e-01	1.08e-01	2.48e-03
 1.40332e+22	8.96e-01	1.01e-01	2.18e-03
 1.44750e+22	9.03e-01	9.49e-02	1.90e-03
 1.49548e+22	9.10e-01	8.88e-02	1.66e-03
 1.54735e+22	9.16e-01	8.29e-02	1.44e-03
 1.60385e+22	9.21e-01	7.73e-02	1.25e-03
 1.66610e+22	9.27e-01	7.20e-02	1.08e-03
 1.73529e+22	9.32e-01	6.70e-02	9.35e-04
 1.81278e+22	9.37e-01	6.22e-02	8.04e-04
 1.90029e+22	9.42e-01	5.76e-02	6.89e-04
 2.00036e+22	9.46e-01	5.34e-02	5.90e-04
 2.10549e+22	9.50e-01	4.98e-02	5.13e-04
 2.20351e+22	9.52e-01	4.70e-02	4.58e-04
 2.29173e+22	9.55e-01	4.49e-02	4.17e-04
 2.37112e+22	9.56e-01	4.33e-02	3.87e-04
 2.44258e+22	9.58e-01	4.21e-02	3.65e-04
 2.50689e+22	9.59e-01	4.10e-02	3.48e-04
 2.56477e+22	9.59e-01	4.02e-02	3.33e-04
 2.61686e+22	9.60e-01	3.95e-02	3.22e-04
 2.66374e+22	9.61e-01	3.90e-02	3.13e-04
 2.70593e+22	9.61e-01	3.85e-02	3.06e-04
 2.74391e+22	9.62e-01	3.81e-02	2.99e-04
 2.77808e+22	9.62e-01	3.78e-02	2.94e-04
 2.80970e+22	9.62e-01	3.75e-02	2.90e-04
 2.84056e+22	9.63e-01	3.72e-02	2.86e-04
 2.87142e+22	9.63e-01	3.69e-02	2.81e-04
 2.90227e+22	9.63e-01	3.67e-02	2.78e-04
 2.93313e+22	9.63e-01	3.65e-02	2.74e-04
 2.96399e+22	9.63e-01	3.63e-02	2.71e-04
 2.99484e+22	9.64e-01	3.61e-02	2.68e-04
 3.02570e+22	9.64e-01	3.59e-02	2.65e-04
 3.05656e+22	9.64e-01	3.57e-02	2.63e-04
 3.07883e+22	9.64e-01	3.55e-02	2.60e-04
