#depth	O	O+	O+2	O+3	O+4	O+5	O+6	O+7	O+8	O[1]	O[2]	O[3]
 5.41538e+14	7.70e-02	8.56e-01	6.62e-02	2.65e-04	1.51e-06	0.00e+00	0.00e+00	0.00e+00	0.00e+00	7.70e-02	1.75e-05	1.92e-05
 3.24923e+15	7.71e-02	8.56e-01	6.62e-02	2.64e-04	1.51e-06	0.00e+00	0.00e+00	0.00e+00	0.00e+00	7.71e-02	1.75e-05	1.92e-05
 1.40800e+16	7.68e-02	8.56e-01	6.66e-02	2.66e-04	1.51e-06	0.00e+00	0.00e+00	0.00e+00	0.00e+00	7.68e-02	1.74e-05	1.91e-05
 5.74031e+16	7.62e-02	8.56e-01	6.80e-02	2.70e-04	1.54e-06	0.00e+00	0.00e+00	0.00e+00	0.00e+00	7.61e-02	1.73e-05	1.90e-05
 1.37118e+17	7.13e-02	8.54e-01	7.47e-02	3.08e-04	1.75e-06	0.00e+00	0.00e+00	0.00e+00	0.00e+00	7.13e-02	1.62e-05	1.78e-05
 2.40746e+17	6.90e-02	8.53e-01	7.80e-02	3.23e-04	1.83e-06	0.00e+00	0.00e+00	0.00e+00	0.00e+00	6.90e-02	1.57e-05	1.73e-05
 3.75464e+17	6.84e-02	8.52e-01	7.93e-02	3.20e-04	1.81e-06	0.00e+00	0.00e+00	0.00e+00	0.00e+00	6.84e-02	1.56e-05	1.71e-05
 5.50596e+17	6.99e-02	8.52e-01	7.80e-02	2.97e-04	1.67e-06	0.00e+00	0.00e+00	0.00e+00	0.00e+00	6.98e-02	1.59e-05	1.75e-05
 7.68356e+17	7.36e-02	8.52e-01	7.39e-02	2.56e-04	1.44e-06	0.00e+00	0.00e+00	0.00e+00	0.00e+00	7.36e-02	1.67e-05	1.84e-05
 1.01606e+18	8.04e-02	8.52e-01	6.72e-02	2.04e-04	1.15e-06	0.00e+00	0.00e+00	0.00e+00	0.00e+00	8.03e-02	1.82e-05	1.99e-05
 1.30224e+18	9.24e-02	8.50e-01	5.71e-02	1.44e-04	8.23e-07	0.00e+00	0.00e+00	0.00e+00	0.00e+00	9.23e-02	2.07e-05	2.27e-05
 1.62068e+18	1.11e-01	8.44e-01	4.55e-02	9.10e-05	5.34e-07	0.00e+00	0.00e+00	0.00e+00	0.00e+00	1.11e-01	2.45e-05	2.68e-05
 1.91025e+18	1.34e-01	8.30e-01	3.55e-02	5.61e-05	3.42e-07	0.00e+00	0.00e+00	0.00e+00	0.00e+00	1.34e-01	2.91e-05	3.19e-05
 2.16090e+18	1.61e-01	8.11e-01	2.75e-02	3.47e-05	2.21e-07	0.00e+00	0.00e+00	0.00e+00	0.00e+00	1.61e-01	3.42e-05	3.74e-05
 2.40396e+18	1.93e-01	7.86e-01	2.10e-02	2.12e-05	1.42e-07	0.00e+00	0.00e+00	0.00e+00	0.00e+00	1.93e-01	3.98e-05	4.36e-05
 2.63933e+18	2.31e-01	7.53e-01	1.58e-02	1.28e-05	0.00e+00	0.00e+00	0.00e+00	0.00e+00	0.00e+00	2.31e-01	4.60e-05	5.03e-05
 2.85470e+18	2.70e-01	7.18e-01	1.21e-02	8.02e-06	0.00e+00	0.00e+00	0.00e+00	0.00e+00	0.00e+00	2.70e-01	5.18e-05	5.66e-05
 3.04633e+18	3.09e-01	6.82e-01	9.41e-03	5.30e-06	0.00e+00	0.00e+00	0.00e+00	0.00e+00	0.00e+00	3.09e-01	5.69e-05	6.22e-05
 3.22164e+18	3.46e-01	6.47e-01	7.47e-03	3.64e-06	0.00e+00	0.00e+00	0.00e+00	0.00e+00	0.00e+00	3.46e-01	6.12e-05	6.69e-05
 3.38543e+18	3.81e-01	6.13e-01	6.01e-03	2.58e-06	0.00e+00	0.00e+00	0.00e+00	0.00e+00	0.00e+00	3.81e-01	6.48e-05	7.08e-05
 3.53881e+18	4.14e-01	5.81e-01	4.93e-03	1.90e-06	0.00e+00	0.00e+00	0.00e+00	0.00e+00	0.00e+00	4.14e-01	6.76e-05	7.38e-05
 3.67796e+18	4.43e-01	5.53e-01	4.12e-03	1.46e-06	0.00e+00	0.00e+00	0.00e+00	0.00e+00	0.00e+00	4.43e-01	6.97e-05	7.61e-05
 3.80593e+18	4.70e-01	5.27e-01	3.49e-03	1.15e-06	0.00e+00	0.00e+00	0.00e+00	0.00e+00	0.00e+00	4.69e-01	7.13e-05	7.78e-05
 3.93261e+18	4.95e-01	5.02e-01	2.97e-03	9.13e-07	0.00e+00	0.00e+00	0.00e+00	0.00e+00	0.00e+00	4.95e-01	7.25e-05	7.91e-05
 4.06209e+18	5.20e-01	4.78e-01	2.53e-03	7.30e-07	0.00e+00	0.00e+00	0.00e+00	0.00e+00	0.00e+00	5.20e-01	7.34e-05	8.01e-05
 4.19020e+18	5.43e-01	4.55e-01	2.16e-03	5.91e-07	0.00e+00	0.00e+00	0.00e+00	0.00e+00	0.00e+00	5.43e-01	7.40e-05	8.07e-05
 4.31405e+18	5.64e-01	4.34e-01	1.86e-03	4.86e-07	0.00e+00	0.00e+00	0.00e+00	0.00e+00	0.00e+00	5.64e-01	7.43e-05	8.10e-05
 4.43755e+18	5.85e-01	4.14e-01	1.60e-03	4.02e-07	0.00e+00	0.00e+00	0.00e+00	0.00e+00	0.00e+00	5.85e-01	7.44e-05	8.11e-05
 4.53831e+18	5.99e-01	3.99e-01	1.44e-03	3.51e-07	0.00e+00	0.00e+00	0.00e+00	0.00e+00	0.00e+00	5.99e-01	7.43e-05	8.10e-05
 4.61036e+18	6.10e-01	3.89e-01	1.32e-03	3.17e-07	0.00e+00	0.00e+00	0.00e+00	0.00e+00	0.00e+00	6.10e-01	7.42e-05	8.08e-05
 4.68279e+18	6.20e-01	3.78e-01	1.22e-03	2.87e-07	0.00e+00	0.00e+00	0.00e+00	0.00e+00	0.00e+00	6.20e-01	7.40e-05	8.06e-05
 4.76732e+18	6.32e-01	3.67e-01	1.10e-03	2.56e-07	0.00e+00	0.00e+00	0.00e+00	0.00e+00	0.00e+00	6.32e-01	7.38e-05	8.03e-05
 4.85894e+18	6.45e-01	3.54e-01	9.94e-04	2.27e-07	0.00e+00	0.00e+00	0.00e+00	0.00e+00	0.00e+00	6.44e-01	7.34e-05	7.99e-05
 4.94991e+18	6.56e-01	3.43e-01	9.00e-04	2.03e-07	0.00e+00	0.00e+00	0.00e+00	0.00e+00	0.00e+00	6.55e-01	7.30e-05	7.95e-05
 5.04231e+18	6.67e-01	3.32e-01	8.13e-04	1.82e-07	0.00e+00	0.00e+00	0.00e+00	0.00e+00	0.00e+00	6.67e-01	7.26e-05	7.90e-05
 5.13808e+18	6.78e-01	3.22e-01	7.34e-04	1.63e-07	0.00e+00	0.00e+00	0.00e+00	0.00e+00	0.00e+00	6.78e-01	7.21e-05	7.84e-05
 5.23750e+18	6.89e-01	3.11e-01	6.60e-04	1.46e-07	0.00e+00	0.00e+00	0.00e+00	0.00e+00	0.00e+00	6.88e-01	7.15e-05	7.78e-05
 5.34114e+18	6.99e-01	3.00e-01	5.91e-04	1.31e-07	0.00e+00	0.00e+00	0.00e+00	0.00e+00	0.00e+00	6.99e-01	7.09e-05	7.71e-05
 5.44653e+18	7.10e-01	2.90e-01	5.30e-04	0.00e+00	0.00e+00	0.00e+00	0.00e+00	0.00e+00	0.00e+00	7.10e-01	7.02e-05	7.64e-05
 5.55466e+18	7.20e-01	2.80e-01	4.75e-04	0.00e+00	0.00e+00	0.00e+00	0.00e+00	0.00e+00	0.00e+00	7.20e-01	6.96e-05	7.56e-05
 5.66820e+18	7.30e-01	2.70e-01	4.23e-04	0.00e+00	0.00e+00	0.00e+00	0.00e+00	0.00e+00	0.00e+00	7.30e-01	6.88e-05	7.47e-05
 5.78507e+18	7.39e-01	2.60e-01	3.78e-04	0.00e+00	0.00e+00	0.00e+00	0.00e+00	0.00e+00	0.00e+00	7.39e-01	6.81e-05	7.39e-05
 5.90551e+18	7.49e-01	2.51e-01	3.35e-04	0.00e+00	0.00e+00	0.00e+00	0.00e+00	0.00e+00	0.00e+00	7.49e-01	6.72e-05	7.30e-05
 6.02987e+18	7.58e-01	2.42e-01	2.98e-04	0.00e+00	0.00e+00	0.00e+00	0.00e+00	0.00e+00	0.00e+00	7.58e-01	6.64e-05	7.21e-05
 6.15821e+18	7.67e-01	2.32e-01	2.64e-04	0.00e+00	0.00e+00	0.00e+00	0.00e+00	0.00e+00	0.00e+00	7.67e-01	6.55e-05	7.11e-05
 6.29169e+18	7.76e-01	2.24e-01	2.34e-04	0.00e+00	0.00e+00	0.00e+00	0.00e+00	0.00e+00	0.00e+00	7.76e-01	6.47e-05	7.01e-05
 6.43084e+18	7.84e-01	2.15e-01	2.07e-04	0.00e+00	0.00e+00	0.00e+00	0.00e+00	0.00e+00	0.00e+00	7.84e-01	6.38e-05	6.91e-05
 6.57567e+18	7.93e-01	2.07e-01	1.83e-04	0.00e+00	0.00e+00	0.00e+00	0.00e+00	0.00e+00	0.00e+00	7.93e-01	6.29e-05	6.81e-05
 6.72372e+18	8.01e-01	1.99e-01	1.61e-04	0.00e+00	0.00e+00	0.00e+00	0.00e+00	0.00e+00	0.00e+00	8.01e-01	6.19e-05	6.71e-05
 6.87740e+18	8.08e-01	1.91e-01	1.42e-04	0.00e+00	0.00e+00	0.00e+00	0.00e+00	0.00e+00	0.00e+00	8.08e-01	6.10e-05	6.60e-05
 7.04003e+18	8.16e-01	1.84e-01	1.25e-04	0.00e+00	0.00e+00	0.00e+00	0.00e+00	0.00e+00	0.00e+00	8.16e-01	6.01e-05	6.50e-05
 7.20998e+18	8.23e-01	1.77e-01	1.10e-04	0.00e+00	0.00e+00	0.00e+00	0.00e+00	0.00e+00	0.00e+00	8.23e-01	5.91e-05	6.39e-05
 7.38684e+18	8.30e-01	1.70e-01	9.69e-05	0.00e+00	0.00e+00	0.00e+00	0.00e+00	0.00e+00	0.00e+00	8.30e-01	5.81e-05	6.28e-05
 7.57215e+18	8.37e-01	1.63e-01	8.54e-05	0.00e+00	0.00e+00	0.00e+00	0.00e+00	0.00e+00	0.00e+00	8.37e-01	5.72e-05	6.18e-05
 7.76472e+18	8.43e-01	1.57e-01	7.52e-05	0.00e+00	0.00e+00	0.00e+00	0.00e+00	0.00e+00	0.00e+00	8.43e-01	5.63e-05	6.07e-05
 7.96676e+18	8.49e-01	1.51e-01	6.64e-05	0.00e+00	0.00e+00	0.00e+00	0.00e+00	0.00e+00	0.00e+00	8.49e-01	5.54e-05	5.98e-05
 8.17985e+18	8.55e-01	1.45e-01	5.87e-05	0.00e+00	0.00e+00	0.00e+00	0.00e+00	0.00e+00	0.00e+00	8.55e-01	5.45e-05	5.88e-05
 8.40248e+18	8.60e-01	1.40e-01	5.21e-05	0.00e+00	0.00e+00	0.00e+00	0.00e+00	0.00e+00	0.00e+00	8.60e-01	5.37e-05	5.79e-05
 8.63662e+18	8.65e-01	1.35e-01	4.63e-05	0.00e+00	0.00e+00	0.00e+00	0.00e+00	0.00e+00	0.00e+00	8.65e-01	5.28e-05	5.69e-05
 8.88792e+18	8.70e-01	1.30e-01	4.11e-05	0.00e+00	0.00e+00	0.00e+00	0.00e+00	0.00e+00	0.00e+00	8.70e-01	5.21e-05	5.61e-05
 9.15848e+18	8.75e-01	1.25e-01	3.66e-05	0.00e+00	0.00e+00	0.00e+00	0.00e+00	0.00e+00	0.00e+00	8.74e-01	5.13e-05	5.52e-05
 9.44739e+18	8.79e-01	1.21e-01	3.27e-05	0.00e+00	0.00e+00	0.00e+00	0.00e+00	0.00e+00	0.00e+00	8.79e-01	5.06e-05	5.44e-05
 9.75853e+18	8.83e-01	1.17e-01	2.92e-05	0.00e+00	0.00e+00	0.00e+00	0.00e+00	0.00e+00	0.00e+00	8.83e-01	4.98e-05	5.36e-05
 1.00994e+19	8.87e-01	1.13e-01	2.62e-05	0.00e+00	0.00e+00	0.00e+00	0.00e+00	0.00e+00	0.00e+00	8.87e-01	4.92e-05	5.29e-05
 1.04725e+19	8.91e-01	1.09e-01	2.34e-05	0.00e+00	0.00e+00	0.00e+00	0.00e+00	0.00e+00	0.00e+00	8.91e-01	4.85e-05	5.21e-05
 1.08810e+19	8.94e-01	1.06e-01	2.10e-05	0.00e+00	0.00e+00	0.00e+00	0.00e+00	0.00e+00	0.00e+00	8.94e-01	4.78e-05	5.14e-05
 1.13298e+19	8.98e-01	1.02e-01	1.88e-05	0.00e+00	0.00e+00	0.00e+00	0.00e+00	0.00e+00	0.00e+00	8.98e-01	4.72e-05	5.07e-05
 1.18239e+19	9.01e-01	9.89e-02	1.69e-05	0.00e+00	0.00e+00	0.00e+00	0.00e+00	0.00e+00	0.00e+00	9.01e-01	4.66e-05	5.00e-05
 1.23668e+19	9.04e-01	9.56e-02	1.51e-05	0.00e+00	0.00e+00	0.00e+00	0.00e+00	0.00e+00	0.00e+00	9.04e-01	4.60e-05	4.93e-05
 1.29604e+19	9.08e-01	9.25e-02	1.36e-05	0.00e+00	0.00e+00	0.00e+00	0.00e+00	0.00e+00	0.00e+00	9.07e-01	4.54e-05	4.87e-05
 1.36070e+19	9.11e-01	8.94e-02	1.22e-05	0.00e+00	0.00e+00	0.00e+00	0.00e+00	0.00e+00	0.00e+00	9.11e-01	4.48e-05	4.80e-05
 1.43070e+19	9.14e-01	8.64e-02	1.09e-05	0.00e+00	0.00e+00	0.00e+00	0.00e+00	0.00e+00	0.00e+00	9.13e-01	4.42e-05	4.74e-05
 1.50607e+19	9.16e-01	8.35e-02	9.81e-06	0.00e+00	0.00e+00	0.00e+00	0.00e+00	0.00e+00	0.00e+00	9.16e-01	4.37e-05	4.68e-05
 1.58663e+19	9.19e-01	8.07e-02	8.81e-06	0.00e+00	0.00e+00	0.00e+00	0.00e+00	0.00e+00	0.00e+00	9.19e-01	4.31e-05	4.61e-05
 1.67236e+19	9.22e-01	7.80e-02	7.92e-06	0.00e+00	0.00e+00	0.00e+00	0.00e+00	0.00e+00	0.00e+00	9.22e-01	4.26e-05	4.55e-05
 1.76323e+19	9.25e-01	7.54e-02	7.13e-06	0.00e+00	0.00e+00	0.00e+00	0.00e+00	0.00e+00	0.00e+00	9.25e-01	4.20e-05	4.50e-05
 1.85928e+19	9.27e-01	7.28e-02	6.43e-06	0.00e+00	0.00e+00	0.00e+00	0.00e+00	0.00e+00	0.00e+00	9.27e-01	4.15e-05	4.44e-05
 1.96066e+19	9.30e-01	7.03e-02	5.80e-06	0.00e+00	0.00e+00	0.00e+00	0.00e+00	0.00e+00	0.00e+00	9.30e-01	4.10e-05	4.38e-05
 2.06727e+19	9.32e-01	6.79e-02	5.25e-06	0.00e+00	0.00e+00	0.00e+00	0.00e+00	0.00e+00	0.00e+00	9.32e-01	4.05e-05	4.33e-05
 2.17915e+19	9.34e-01	6.56e-02	4.76e-06	0.00e+00	0.00e+00	0.00e+00	0.00e+00	0.00e+00	0.00e+00	9.34e-01	4.01e-05	4.28e-05
 2.29671e+19	9.37e-01	6.33e-02	4.32e-06	0.00e+00	0.00e+00	0.00e+00	0.00e+00	0.00e+00	0.00e+00	9.37e-01	3.96e-05	4.23e-05
 2.42010e+19	9.39e-01	6.11e-02	3.93e-06	0.00e+00	0.00e+00	0.00e+00	0.00e+00	0.00e+00	0.00e+00	9.39e-01	3.92e-05	4.18e-05
 2.54945e+19	9.41e-01	5.90e-02	3.59e-06	0.00e+00	0.00e+00	0.00e+00	0.00e+00	0.00e+00	0.00e+00	9.41e-01	3.87e-05	4.13e-05
 2.68495e+19	9.43e-01	5.70e-02	3.28e-06	0.00e+00	0.00e+00	0.00e+00	0.00e+00	0.00e+00	0.00e+00	9.43e-01	3.83e-05	4.08e-05
 2.82687e+19	9.45e-01	5.50e-02	3.01e-06	0.00e+00	0.00e+00	0.00e+00	0.00e+00	0.00e+00	0.00e+00	9.45e-01	3.79e-05	4.03e-05
 2.97546e+19	9.47e-01	5.31e-02	2.77e-06	0.00e+00	0.00e+00	0.00e+00	0.00e+00	0.00e+00	0.00e+00	9.47e-01	3.75e-05	3.99e-05
 3.13104e+19	9.49e-01	5.12e-02	2.55e-06	0.00e+00	0.00e+00	0.00e+00	0.00e+00	0.00e+00	0.00e+00	9.49e-01	3.71e-05	3.95e-05
 3.29391e+19	9.51e-01	4.94e-02	2.36e-06	0.00e+00	0.00e+00	0.00e+00	0.00e+00	0.00e+00	0.00e+00	9.50e-01	3.68e-05	3.91e-05
 3.46443e+19	9.52e-01	4.77e-02	2.19e-06	0.00e+00	0.00e+00	0.00e+00	0.00e+00	0.00e+00	0.00e+00	9.52e-01	3.64e-05	3.87e-05
 3.64296e+19	9.54e-01	4.60e-02	2.04e-06	0.00e+00	0.00e+00	0.00e+00	0.00e+00	0.00e+00	0.00e+00	9.54e-01	3.61e-05	3.83e-05
 3.82994e+19	9.56e-01	4.44e-02	1.91e-06	0.00e+00	0.00e+00	0.00e+00	0.00e+00	0.00e+00	0.00e+00	9.55e-01	3.57e-05	3.79e-05
 4.02583e+19	9.57e-01	4.29e-02	1.79e-06	0.00e+00	0.00e+00	0.00e+00	0.00e+00	0.00e+00	0.00e+00	9.57e-01	3.54e-05	3.75e-05
 4.23113e+19	9.59e-01	4.14e-02	1.68e-06	0.00e+00	0.00e+00	0.00e+00	0.00e+00	0.00e+00	0.00e+00	9.59e-01	3.51e-05	3.72e-05
 4.44652e+19	9.60e-01	3.99e-02	1.58e-06	0.00e+00	0.00e+00	0.00e+00	0.00e+00	0.00e+00	0.00e+00	9.60e-01	3.48e-05	3.68e-05
 4.67226e+19	9.61e-01	3.85e-02	1.50e-06	0.00e+00	0.00e+00	0.00e+00	0.00e+00	0.00e+00	0.00e+00	9.61e-01	3.45e-05	3.65e-05
 4.90893e+19	9.63e-01	3.72e-02	1.42e-06	0.00e+00	0.00e+00	0.00e+00	0.00e+00	0.00e+00	0.00e+00	9.63e-01	3.42e-05	3.62e-05
 5.15722e+19	9.64e-01	3.59e-02	1.35e-06	0.00e+00	0.00e+00	0.00e+00	0.00e+00	0.00e+00	0.00e+00	9.64e-01	3.39e-05	3.58e-05
 5.41799e+19	9.65e-01	3.46e-02	1.29e-06	0.00e+00	0.00e+00	0.00e+00	0.00e+00	0.00e+00	0.00e+00	9.65e-01	3.36e-05	3.55e-05
 5.69183e+19	9.67e-01	3.34e-02	1.24e-06	0.00e+00	0.00e+00	0.00e+00	0.00e+00	0.00e+00	0.00e+00	9.67e-01	3.34e-05	3.52e-05
 5.97951e+19	9.68e-01	3.23e-02	1.19e-06	0.00e+00	0.00e+00	0.00e+00	0.00e+00	0.00e+00	0.00e+00	9.68e-01	3.31e-05	3.50e-05
 6.28168e+19	9.69e-01	3.11e-02	1.14e-06	0.00e+00	0.00e+00	0.00e+00	0.00e+00	0.00e+00	0.00e+00	9.69e-01	3.29e-05	3.47e-05
 6.60038e+19	9.70e-01	3.00e-02	1.11e-06	0.00e+00	0.00e+00	0.00e+00	0.00e+00	0.00e+00	0.00e+00	9.70e-01	3.27e-05	3.44e-05
 6.93613e+19	9.71e-01	2.90e-02	1.07e-06	0.00e+00	0.00e+00	0.00e+00	0.00e+00	0.00e+00	0.00e+00	9.71e-01	3.24e-05	3.42e-05
 7.28857e+19	9.72e-01	2.80e-02	1.04e-06	0.00e+00	0.00e+00	0.00e+00	0.00e+00	0.00e+00	0.00e+00	9.72e-01	3.22e-05	3.39e-05
 7.65896e+19	9.73e-01	2.70e-02	1.01e-06	0.00e+00	0.00e+00	0.00e+00	0.00e+00	0.00e+00	0.00e+00	9.73e-01	3.20e-05	3.37e-05
 8.04893e+19	9.74e-01	2.61e-02	9.86e-07	0.00e+00	0.00e+00	0.00e+00	0.00e+00	0.00e+00	0.00e+00	9.74e-01	3.18e-05	3.34e-05
 8.46013e+19	9.75e-01	2.51e-02	9.64e-07	0.00e+00	0.00e+00	0.00e+00	0.00e+00	0.00e+00	0.00e+00	9.75e-01	3.16e-05	3.32e-05
 8.89598e+19	9.76e-01	2.43e-02	9.44e-07	0.00e+00	0.00e+00	0.00e+00	0.00e+00	0.00e+00	0.00e+00	9.76e-01	3.14e-05	3.30e-05
 9.35636e+19	9.77e-01	2.34e-02	9.26e-07	0.00e+00	0.00e+00	0.00e+00	0.00e+00	0.00e+00	0.00e+00	9.77e-01	3.12e-05	3.28e-05
 9.84002e+19	9.77e-01	2.26e-02	9.10e-07	0.00e+00	0.00e+00	0.00e+00	0.00e+00	0.00e+00	0.00e+00	9.77e-01	3.10e-05	3.25e-05
 1.03496e+20	9.78e-01	2.18e-02	8.96e-07	0.00e+00	0.00e+00	0.00e+00	0.00e+00	0.00e+00	0.00e+00	9.78e-01	3.08e-05	3.23e-05
 1.08882e+20	9.79e-01	2.10e-02	8.83e-07	0.00e+00	0.00e+00	0.00e+00	0.00e+00	0.00e+00	0.00e+00	9.79e-01	3.07e-05	3.21e-05
 1.14584e+20	9.80e-01	2.03e-02	8.71e-07	0.00e+00	0.00e+00	0.00e+00	0.00e+00	0.00e+00	0.00e+00	9.80e-01	3.05e-05	3.19e-05
 1.20624e+20	9.80e-01	1.96e-02	8.61e-07	0.00e+00	0.00e+00	0.00e+00	0.00e+00	0.00e+00	0.00e+00	9.80e-01	3.03e-05	3.17e-05
 1.27017e+20	9.81e-01	1.89e-02	8.53e-07	0.00e+00	0.00e+00	0.00e+00	0.00e+00	0.00e+00	0.00e+00	9.81e-01	3.02e-05	3.14e-05
 1.33731e+20	9.82e-01	1.82e-02	8.45e-07	0.00e+00	0.00e+00	0.00e+00	0.00e+00	0.00e+00	0.00e+00	9.82e-01	3.00e-05	3.12e-05
 1.40844e+20	9.82e-01	1.76e-02	8.38e-07	0.00e+00	0.00e+00	0.00e+00	0.00e+00	0.00e+00	0.00e+00	9.82e-01	2.98e-05	3.10e-05
 1.48458e+20	9.83e-01	1.70e-02	8.33e-07	0.00e+00	0.00e+00	0.00e+00	0.00e+00	0.00e+00	0.00e+00	9.83e-01	2.97e-05	3.08e-05
 1.56536e+20	9.84e-01	1.64e-02	8.28e-07	0.00e+00	0.00e+00	0.00e+00	0.00e+00	0.00e+00	0.00e+00	9.84e-01	2.95e-05	3.06e-05
 1.65054e+20	9.84e-01	1.58e-02	8.24e-07	0.00e+00	0.00e+00	0.00e+00	0.00e+00	0.00e+00	0.00e+00	9.84e-01	2.93e-05	3.04e-05
 1.74057e+20	9.85e-01	1.52e-02	8.22e-07	0.00e+00	0.00e+00	0.00e+00	0.00e+00	0.00e+00	0.00e+00	9.85e-01	2.92e-05	3.02e-05
 1.83554e+20	9.85e-01	1.47e-02	8.20e-07	0.00e+00	0.00e+00	0.00e+00	0.00e+00	0.00e+00	0.00e+00	9.85e-01	2.90e-05	3.00e-05
 1.93628e+20	9.86e-01	1.41e-02	8.19e-07	0.00e+00	0.00e+00	0.00e+00	0.00e+00	0.00e+00	0.00e+00	9.86e-01	2.89e-05	2.98e-05
 2.04376e+20	9.86e-01	1.36e-02	8.19e-07	0.00e+00	0.00e+00	0.00e+00	0.00e+00	0.00e+00	0.00e+00	9.86e-01	2.87e-05	2.96e-05
 2.15828e+20	9.87e-01	1.31e-02	8.20e-07	0.00e+00	0.00e+00	0.00e+00	0.00e+00	0.00e+00	0.00e+00	9.87e-01	2.86e-05	2.94e-05
 2.27996e+20	9.87e-01	1.26e-02	8.21e-07	0.00e+00	0.00e+00	0.00e+00	0.00e+00	0.00e+00	0.00e+00	9.87e-01	2.84e-05	2.92e-05
 2.40638e+20	9.88e-01	1.22e-02	8.24e-07	0.00e+00	0.00e+00	0.00e+00	0.00e+00	0.00e+00	0.00e+00	9.88e-01	2.83e-05	2.90e-05
 2.53292e+20	9.88e-01	1.18e-02	8.26e-07	0.00e+00	0.00e+00	0.00e+00	0.00e+00	0.00e+00	0.00e+00	9.88e-01	2.81e-05	2.88e-05
 2.65721e+20	9.89e-01	1.14e-02	8.28e-07	0.00e+00	0.00e+00	0.00e+00	0.00e+00	0.00e+00	0.00e+00	9.89e-01	2.80e-05	2.86e-05
 2.78040e+20	9.89e-01	1.11e-02	8.31e-07	0.00e+00	0.00e+00	0.00e+00	0.00e+00	0.00e+00	0.00e+00	9.89e-01	2.79e-05	2.85e-05
 2.90368e+20	9.89e-01	1.08e-02	8.34e-07	0.00e+00	0.00e+00	0.00e+00	0.00e+00	0.00e+00	0.00e+00	9.89e-01	2.77e-05	2.83e-05
 3.02694e+20	9.90e-01	1.05e-02	8.37e-07	0.00e+00	0.00e+00	0.00e+00	0.00e+00	0.00e+00	0.00e+00	9.89e-01	2.76e-05	2.81e-05
 3.14983e+20	9.90e-01	1.02e-02	8.40e-07	0.00e+00	0.00e+00	0.00e+00	0.00e+00	0.00e+00	0.00e+00	9.90e-01	2.75e-05	2.80e-05
 3.27186e+20	9.90e-01	9.96e-03	8.43e-07	0.00e+00	0.00e+00	0.00e+00	0.00e+00	0.00e+00	0.00e+00	9.90e-01	2.74e-05	2.79e-05
 3.39221e+20	9.90e-01	9.70e-03	8.46e-07	0.00e+00	0.00e+00	0.00e+00	0.00e+00	0.00e+00	0.00e+00	9.90e-01	2.72e-05	2.77e-05
 3.50988e+20	9.91e-01	9.48e-03	8.50e-07	0.00e+00	0.00e+00	0.00e+00	0.00e+00	0.00e+00	0.00e+00	9.90e-01	2.71e-05	2.76e-05
 3.62248e+20	9.91e-01	9.27e-03	8.54e-07	0.00e+00	0.00e+00	0.00e+00	0.00e+00	0.00e+00	0.00e+00	9.91e-01	2.70e-05	2.75e-05
 3.72969e+20	9.91e-01	9.07e-03	8.58e-07	0.00e+00	0.00e+00	0.00e+00	0.00e+00	0.00e+00	0.00e+00	9.91e-01	2.69e-05	2.73e-05
 3.83289e+20	9.91e-01	8.88e-03	8.63e-07	0.00e+00	0.00e+00	0.00e+00	0.00e+00	0.00e+00	0.00e+00	9.91e-01	2.68e-05	2.72e-05
