#depth	He	He+	He+2
 1.72019e+16	6.05e-02	8.08e-01	1.32e-01
 1.03211e+17	6.07e-02	8.08e-01	1.31e-01
 4.47250e+17	6.08e-02	8.08e-01	1.31e-01
 1.82340e+18	6.09e-02	8.09e-01	1.31e-01
 4.35552e+18	6.01e-02	8.09e-01	1.31e-01
 7.64728e+18	6.01e-02	8.09e-01	1.31e-01
 1.19266e+19	6.05e-02	8.09e-01	1.30e-01
 1.74896e+19	6.14e-02	8.10e-01	1.28e-01
 2.44761e+19	6.30e-02	8.12e-01	1.25e-01
 3.24549e+19	6.54e-02	8.14e-01	1.21e-01
 4.16400e+19	6.93e-02	8.15e-01	1.15e-01
 5.19090e+19	7.47e-02	8.16e-01	1.09e-01
 6.22726e+19	8.16e-02	8.16e-01	1.03e-01
 7.16702e+19	8.92e-02	8.14e-01	9.72e-02
 7.94476e+19	9.67e-02	8.10e-01	9.31e-02
 8.61296e+19	1.04e-01	8.06e-01	8.96e-02
 9.23208e+19	1.12e-01	8.01e-01	8.67e-02
 9.83252e+19	1.21e-01	7.95e-01	8.40e-02
 1.04076e+20	1.30e-01	7.88e-01	8.17e-02
 1.09286e+20	1.39e-01	7.81e-01	7.97e-02
 1.13922e+20	1.48e-01	7.74e-01	7.81e-02
 1.18230e+20	1.57e-01	7.67e-01	7.67e-02
 1.22395e+20	1.66e-01	7.59e-01	7.53e-02
 1.26486e+20	1.75e-01	7.51e-01	7.40e-02
 1.30567e+20	1.85e-01	7.43e-01	7.27e-02
 1.34552e+20	1.95e-01	7.34e-01	7.13e-02
 1.38488e+20	2.05e-01	7.25e-01	7.01e-02
 1.42443e+20	2.16e-01	7.15e-01	6.88e-02
 1.45637e+20	2.24e-01	7.08e-01	6.78e-02
 1.47928e+20	2.31e-01	7.02e-01	6.70e-02
 1.50211e+20	2.38e-01	6.96e-01	6.62e-02
 1.52872e+20	2.46e-01	6.89e-01	6.52e-02
 1.55748e+20	2.55e-01	6.81e-01	6.42e-02
 1.58684e+20	2.64e-01	6.73e-01	6.31e-02
 1.61649e+20	2.73e-01	6.65e-01	6.21e-02
 1.64708e+20	2.83e-01	6.56e-01	6.09e-02
 1.67909e+20	2.94e-01	6.46e-01	5.97e-02
 1.71170e+20	3.05e-01	6.37e-01	5.85e-02
 1.74521e+20	3.16e-01	6.27e-01	5.73e-02
 1.78045e+20	3.28e-01	6.16e-01	5.59e-02
 1.81675e+20	3.40e-01	6.05e-01	5.46e-02
 1.85419e+20	3.53e-01	5.94e-01	5.32e-02
 1.89288e+20	3.66e-01	5.82e-01	5.18e-02
 1.93285e+20	3.80e-01	5.70e-01	5.03e-02
 1.97452e+20	3.94e-01	5.57e-01	4.89e-02
 2.01807e+20	4.09e-01	5.44e-01	4.74e-02
 2.06343e+20	4.24e-01	5.30e-01	4.58e-02
 2.10986e+20	4.39e-01	5.16e-01	4.42e-02
 2.15837e+20	4.55e-01	5.02e-01	4.26e-02
 2.20939e+20	4.71e-01	4.88e-01	4.10e-02
 2.26313e+20	4.89e-01	4.72e-01	3.93e-02
 2.31944e+20	5.05e-01	4.57e-01	3.76e-02
 2.37793e+20	5.23e-01	4.42e-01	3.59e-02
 2.43949e+20	5.40e-01	4.26e-01	3.42e-02
 2.50441e+20	5.57e-01	4.10e-01	3.25e-02
 2.57238e+20	5.74e-01	3.95e-01	3.09e-02
 2.64384e+20	5.91e-01	3.80e-01	2.91e-02
 2.72042e+20	6.08e-01	3.65e-01	2.75e-02
 2.80294e+20	6.25e-01	3.49e-01	2.58e-02
 2.89110e+20	6.41e-01	3.35e-01	2.42e-02
 2.98621e+20	6.57e-01	3.20e-01	2.25e-02
 3.09101e+20	6.73e-01	3.06e-01	2.09e-02
 3.20619e+20	6.89e-01	2.92e-01	1.93e-02
 3.33341e+20	7.04e-01	2.78e-01	1.77e-02
 3.47528e+20	7.19e-01	2.65e-01	1.62e-02
 3.63421e+20	7.34e-01	2.52e-01	1.47e-02
 3.81212e+20	7.48e-01	2.39e-01	1.33e-02
 4.01095e+20	7.61e-01	2.27e-01	1.20e-02
 4.23258e+20	7.75e-01	2.15e-01	1.07e-02
 4.47873e+20	7.88e-01	2.03e-01	9.51e-03
 4.75055e+20	8.00e-01	1.91e-01	8.43e-03
 5.04870e+20	8.12e-01	1.80e-01	7.44e-03
 5.37460e+20	8.24e-01	1.70e-01	6.55e-03
 5.72986e+20	8.35e-01	1.60e-01	5.75e-03
 6.11722e+20	8.45e-01	1.50e-01	5.04e-03
 6.53879e+20	8.55e-01	1.40e-01	4.41e-03
 6.99827e+20	8.65e-01	1.31e-01	3.85e-03
 7.50100e+20	8.74e-01	1.23e-01	3.35e-03
 8.05260e+20	8.83e-01	1.15e-01	2.90e-03
 8.65996e+20	8.91e-01	1.07e-01	2.51e-03
 9.33194e+20	8.99e-01	9.92e-02	2.17e-03
 1.00799e+21	9.06e-01	9.21e-02	1.86e-03
 1.09185e+21	9.13e-01	8.53e-02	1.60e-03
 1.18669e+21	9.20e-01	7.89e-02	1.36e-03
 1.29507e+21	9.26e-01	7.28e-02	1.16e-03
 1.42048e+21	9.32e-01	6.70e-02	9.79e-04
 1.56233e+21	9.37e-01	6.17e-02	8.30e-04
 1.71856e+21	9.42e-01	5.70e-02	7.08e-04
 1.89042e+21	9.46e-01	5.30e-02	6.10e-04
 2.07946e+21	9.50e-01	4.94e-02	5.30e-04
 2.28741e+21	9.53e-01	4.63e-02	4.65e-04
 2.51615e+21	9.56e-01	4.36e-02	4.12e-04
 2.76776e+21	9.58e-01	4.13e-02	3.69e-04
 3.04454e+21	9.60e-01	3.94e-02	3.34e-04
 3.34899e+21	9.62e-01	3.77e-02	3.05e-04
 3.68389e+21	9.63e-01	3.63e-02	2.82e-04
 4.05228e+21	9.65e-01	3.50e-02	2.63e-04
 4.45751e+21	9.66e-01	3.40e-02	2.47e-04
 4.90326e+21	9.67e-01	3.31e-02	2.34e-04
 5.39359e+21	9.67e-01	3.24e-02	2.23e-04
 5.93295e+21	9.68e-01	3.18e-02	2.15e-04
 6.52624e+21	9.69e-01	3.13e-02	2.07e-04
 7.17887e+21	9.69e-01	3.08e-02	2.01e-04
 7.89675e+21	9.69e-01	3.05e-02	1.96e-04
 8.68643e+21	9.70e-01	3.01e-02	1.92e-04
 9.55507e+21	9.70e-01	2.99e-02	1.89e-04
 1.05106e+22	9.70e-01	2.97e-02	1.86e-04
 1.15616e+22	9.70e-01	2.95e-02	1.83e-04
 1.27178e+22	9.70e-01	2.94e-02	1.81e-04
 1.39896e+22	9.71e-01	2.92e-02	1.79e-04
 1.53885e+22	9.71e-01	2.91e-02	1.78e-04
 1.68581e+22	9.71e-01	2.90e-02	1.76e-04
 1.82580e+22	9.71e-01	2.90e-02	1.75e-04
 1.95178e+22	9.71e-01	2.89e-02	1.75e-04
 2.06517e+22	9.71e-01	2.89e-02	1.74e-04
 2.16722e+22	9.71e-01	2.89e-02	1.74e-04
 2.25907e+22	9.71e-01	2.89e-02	1.74e-04
 2.34173e+22	9.71e-01	2.89e-02	1.74e-04
 2.41613e+22	9.71e-01	2.89e-02	1.74e-04
 2.48308e+22	9.71e-01	2.89e-02	1.74e-04
 2.54334e+22	9.71e-01	2.89e-02	1.74e-04
 2.59757e+22	9.71e-01	2.89e-02	1.74e-04
 2.64638e+22	9.71e-01	2.89e-02	1.74e-04
 2.69031e+22	9.71e-01	2.89e-02	1.75e-04
 2.72985e+22	9.71e-01	2.89e-02	1.75e-04
 2.76543e+22	9.71e-01	2.90e-02	1.75e-04
 2.79772e+22	9.71e-01	2.90e-02	1.75e-04
 2.82857e+22	9.71e-01	2.90e-02	1.75e-04
 2.85943e+22	9.71e-01	2.90e-02	1.76e-04
 2.89029e+22	9.71e-01	2.90e-02	1.76e-04
 2.92114e+22	9.71e-01	2.90e-02	1.76e-04
 2.95200e+22	9.71e-01	2.91e-02	1.77e-04
 2.98286e+22	9.71e-01	2.91e-02	1.77e-04
 3.01371e+22	9.71e-01	2.91e-02	1.77e-04
 3.04457e+22	9.71e-01	2.92e-02	1.78e-04
 3.07284e+22	9.71e-01	2.92e-02	1.78e-04
