#depth	He	He+	He+2
 1.16411e+17	3.17e-03	3.93e-01	6.04e-01
 6.98466e+17	3.16e-03	3.92e-01	6.04e-01
 3.02669e+18	3.15e-03	3.93e-01	6.04e-01
 1.23396e+19	3.14e-03	3.97e-01	6.00e-01
 2.94753e+19	3.07e-03	3.98e-01	5.99e-01
 5.17517e+19	3.06e-03	4.06e-01	5.91e-01
 8.07110e+19	3.12e-03	4.21e-01	5.76e-01
 1.18358e+20	3.29e-03	4.47e-01	5.49e-01
 1.67299e+20	3.63e-03	4.88e-01	5.08e-01
 2.30923e+20	4.23e-03	5.50e-01	4.46e-01
 2.96355e+20	4.96e-03	6.18e-01	3.77e-01
 3.46596e+20	5.61e-03	6.69e-01	3.25e-01
 3.83201e+20	6.15e-03	7.05e-01	2.89e-01
 4.13778e+20	6.65e-03	7.32e-01	2.61e-01
 4.47687e+20	7.24e-03	7.61e-01	2.32e-01
 4.83457e+20	7.89e-03	7.86e-01	2.06e-01
 5.12420e+20	8.42e-03	8.04e-01	1.87e-01
 5.36604e+20	8.89e-03	8.18e-01	1.73e-01
 5.63807e+20	9.51e-03	8.33e-01	1.58e-01
 5.92728e+20	1.02e-02	8.46e-01	1.44e-01
 6.17825e+20	1.08e-02	8.55e-01	1.34e-01
 6.40625e+20	1.14e-02	8.64e-01	1.25e-01
 6.66497e+20	1.22e-02	8.72e-01	1.16e-01
 6.93845e+20	1.31e-02	8.80e-01	1.07e-01
 7.16769e+20	1.40e-02	8.85e-01	1.01e-01
 7.36724e+20	1.49e-02	8.90e-01	9.56e-02
 7.59156e+20	1.60e-02	8.94e-01	8.98e-02
 7.83290e+20	1.74e-02	8.98e-01	8.45e-02
 8.04294e+20	1.88e-02	9.01e-01	8.02e-02
 8.22876e+20	2.03e-02	9.03e-01	7.66e-02
 8.43649e+20	2.22e-02	9.05e-01	7.28e-02
 8.65280e+20	2.46e-02	9.06e-01	6.92e-02
 8.82581e+20	2.69e-02	9.07e-01	6.66e-02
 8.96326e+20	2.90e-02	9.06e-01	6.45e-02
 9.10894e+20	3.17e-02	9.06e-01	6.23e-02
 9.26232e+20	3.48e-02	9.05e-01	6.04e-02
 9.39028e+20	3.79e-02	9.03e-01	5.89e-02
 9.49876e+20	4.09e-02	9.01e-01	5.77e-02
 9.61736e+20	4.47e-02	8.99e-01	5.64e-02
 9.74252e+20	4.93e-02	8.96e-01	5.51e-02
 9.84689e+20	5.35e-02	8.92e-01	5.42e-02
 9.93803e+20	5.78e-02	8.89e-01	5.34e-02
 1.00414e+21	6.32e-02	8.84e-01	5.26e-02
 1.01528e+21	6.97e-02	8.78e-01	5.18e-02
 1.02507e+21	7.63e-02	8.72e-01	5.12e-02
 1.03386e+21	8.26e-02	8.67e-01	5.08e-02
 1.04377e+21	9.09e-02	8.59e-01	5.03e-02
 1.05475e+21	1.01e-01	8.49e-01	4.99e-02
 1.06508e+21	1.12e-01	8.39e-01	4.95e-02
 1.07500e+21	1.23e-01	8.28e-01	4.92e-02
 1.08467e+21	1.35e-01	8.16e-01	4.89e-02
 1.09382e+21	1.47e-01	8.04e-01	4.88e-02
 1.10244e+21	1.60e-01	7.91e-01	4.85e-02
 1.11074e+21	1.74e-01	7.78e-01	4.85e-02
 1.11870e+21	1.87e-01	7.64e-01	4.82e-02
 1.12482e+21	1.98e-01	7.54e-01	4.81e-02
 1.12904e+21	2.06e-01	7.46e-01	4.81e-02
 1.13328e+21	2.14e-01	7.38e-01	4.80e-02
 1.13818e+21	2.24e-01	7.28e-01	4.78e-02
 1.14336e+21	2.35e-01	7.17e-01	4.77e-02
 1.14850e+21	2.46e-01	7.06e-01	4.74e-02
 1.15359e+21	2.57e-01	6.95e-01	4.73e-02
 1.15874e+21	2.70e-01	6.83e-01	4.70e-02
 1.16404e+21	2.82e-01	6.71e-01	4.68e-02
 1.16949e+21	2.96e-01	6.58e-01	4.65e-02
 1.17502e+21	3.09e-01	6.45e-01	4.62e-02
 1.18064e+21	3.24e-01	6.31e-01	4.58e-02
 1.18646e+21	3.39e-01	6.16e-01	4.54e-02
 1.19249e+21	3.55e-01	6.00e-01	4.48e-02
 1.19869e+21	3.71e-01	5.85e-01	4.43e-02
 1.20507e+21	3.88e-01	5.68e-01	4.37e-02
 1.21180e+21	4.06e-01	5.51e-01	4.30e-02
 1.21890e+21	4.25e-01	5.32e-01	4.21e-02
 1.22634e+21	4.45e-01	5.14e-01	4.13e-02
 1.23421e+21	4.65e-01	4.95e-01	4.03e-02
 1.24274e+21	4.85e-01	4.75e-01	3.92e-02
 1.25198e+21	5.07e-01	4.55e-01	3.80e-02
 1.26201e+21	5.28e-01	4.35e-01	3.67e-02
 1.27292e+21	5.49e-01	4.16e-01	3.53e-02
 1.28499e+21	5.69e-01	3.97e-01	3.39e-02
 1.29860e+21	5.89e-01	3.78e-01	3.23e-02
 1.31318e+21	6.07e-01	3.62e-01	3.08e-02
 1.32782e+21	6.21e-01	3.49e-01	2.95e-02
 1.34222e+21	6.33e-01	3.39e-01	2.83e-02
 1.35866e+21	6.44e-01	3.29e-01	2.71e-02
 1.38003e+21	6.56e-01	3.18e-01	2.56e-02
 1.40782e+21	6.69e-01	3.07e-01	2.40e-02
 1.44394e+21	6.82e-01	2.95e-01	2.22e-02
 1.49037e+21	6.97e-01	2.83e-01	2.02e-02
 1.54506e+21	7.12e-01	2.70e-01	1.82e-02
 1.60308e+21	7.25e-01	2.58e-01	1.64e-02
 1.66290e+21	7.38e-01	2.47e-01	1.48e-02
 1.72577e+21	7.51e-01	2.36e-01	1.33e-02
 1.79261e+21	7.63e-01	2.25e-01	1.20e-02
 1.86327e+21	7.75e-01	2.14e-01	1.07e-02
 1.93763e+21	7.87e-01	2.04e-01	9.64e-03
 2.01595e+21	7.98e-01	1.94e-01	8.64e-03
 2.09876e+21	8.08e-01	1.84e-01	7.73e-03
 2.18656e+21	8.19e-01	1.75e-01	6.91e-03
 2.27964e+21	8.28e-01	1.66e-01	6.17e-03
 2.37837e+21	8.38e-01	1.57e-01	5.50e-03
 2.48339e+21	8.47e-01	1.48e-01	4.90e-03
 2.59546e+21	8.55e-01	1.40e-01	4.35e-03
 2.71516e+21	8.64e-01	1.32e-01	3.86e-03
 2.84312e+21	8.72e-01	1.25e-01	3.42e-03
 2.98049e+21	8.79e-01	1.18e-01	3.02e-03
 3.12830e+21	8.87e-01	1.11e-01	2.66e-03
 3.28802e+21	8.94e-01	1.04e-01	2.34e-03
 3.46112e+21	9.00e-01	9.77e-02	2.06e-03
 3.64945e+21	9.07e-01	9.15e-02	1.80e-03
 3.85519e+21	9.13e-01	8.57e-02	1.57e-03
 4.08128e+21	9.19e-01	8.01e-02	1.37e-03
 4.33125e+21	9.24e-01	7.47e-02	1.19e-03
 4.60964e+21	9.29e-01	6.96e-02	1.03e-03
 4.92197e+21	9.34e-01	6.47e-02	8.88e-04
 5.27483e+21	9.39e-01	6.02e-02	7.65e-04
 5.67914e+21	9.43e-01	5.58e-02	6.58e-04
 6.14884e+21	9.48e-01	5.18e-02	5.65e-04
 6.70287e+21	9.52e-01	4.80e-02	4.84e-04
 7.35403e+21	9.55e-01	4.46e-02	4.17e-04
 8.08943e+21	9.58e-01	4.17e-02	3.64e-04
 8.85716e+21	9.60e-01	3.94e-02	3.25e-04
 9.58852e+21	9.62e-01	3.78e-02	2.98e-04
 1.02634e+22	9.63e-01	3.66e-02	2.79e-04
 1.10132e+22	9.64e-01	3.55e-02	2.63e-04
 1.18236e+22	9.65e-01	3.46e-02	2.49e-04
 1.25244e+22	9.66e-01	3.39e-02	2.40e-04
 1.31353e+22	9.66e-01	3.35e-02	2.34e-04
 1.38176e+22	9.67e-01	3.30e-02	2.27e-04
 1.45887e+22	9.67e-01	3.25e-02	2.19e-04
 1.52968e+22	9.68e-01	3.23e-02	2.17e-04
 1.59336e+22	9.68e-01	3.20e-02	2.14e-04
 1.66560e+22	9.68e-01	3.18e-02	2.10e-04
 1.74540e+22	9.68e-01	3.15e-02	2.06e-04
 1.81693e+22	9.68e-01	3.14e-02	2.05e-04
 1.88131e+22	9.69e-01	3.12e-02	2.02e-04
 1.95449e+22	9.69e-01	3.11e-02	2.01e-04
 2.03667e+22	9.69e-01	3.09e-02	1.99e-04
 2.11236e+22	9.69e-01	3.08e-02	1.97e-04
 2.18047e+22	9.69e-01	3.07e-02	1.96e-04
 2.25695e+22	9.69e-01	3.06e-02	1.95e-04
 2.33945e+22	9.69e-01	3.06e-02	1.95e-04
 2.41407e+22	9.69e-01	3.05e-02	1.93e-04
 2.48123e+22	9.69e-01	3.05e-02	1.93e-04
 2.54168e+22	9.69e-01	3.04e-02	1.92e-04
 2.59608e+22	9.69e-01	3.04e-02	1.92e-04
 2.64504e+22	9.69e-01	3.04e-02	1.92e-04
 2.68910e+22	9.69e-01	3.03e-02	1.92e-04
 2.72876e+22	9.69e-01	3.03e-02	1.92e-04
 2.76445e+22	9.69e-01	3.03e-02	1.92e-04
 2.79679e+22	9.69e-01	3.03e-02	1.92e-04
 2.82764e+22	9.69e-01	3.04e-02	1.92e-04
 2.85850e+22	9.69e-01	3.04e-02	1.93e-04
 2.88936e+22	9.69e-01	3.04e-02	1.93e-04
 2.92021e+22	9.69e-01	3.05e-02	1.94e-04
 2.95107e+22	9.69e-01	3.05e-02	1.95e-04
 2.98193e+22	9.69e-01	3.06e-02	1.97e-04
 3.01278e+22	9.69e-01	3.06e-02	1.98e-04
 3.04364e+22	9.69e-01	3.08e-02	2.00e-04
 3.07237e+22	9.69e-01	3.08e-02	2.01e-04
