#depth	He	He+	He+2
 9.62115e+15	4.04e-03	4.78e-01	5.18e-01
 5.77269e+16	4.04e-03	4.77e-01	5.19e-01
 2.50150e+17	4.03e-03	4.78e-01	5.18e-01
 1.01984e+18	4.04e-03	4.83e-01	5.13e-01
 2.43608e+18	3.98e-03	4.85e-01	5.11e-01
 4.27718e+18	4.00e-03	4.95e-01	5.01e-01
 6.67061e+18	4.10e-03	5.12e-01	4.84e-01
 9.78208e+18	4.32e-03	5.41e-01	4.55e-01
 1.38270e+19	4.70e-03	5.84e-01	4.11e-01
 1.90854e+19	5.36e-03	6.46e-01	3.49e-01
 2.56843e+19	6.34e-03	7.22e-01	2.71e-01
 3.16692e+19	7.25e-03	7.84e-01	2.09e-01
 3.57299e+19	7.90e-03	8.18e-01	1.74e-01
 3.89642e+19	8.44e-03	8.41e-01	1.50e-01
 4.24869e+19	9.07e-03	8.63e-01	1.28e-01
 4.62044e+19	9.71e-03	8.81e-01	1.09e-01
 4.93592e+19	1.03e-02	8.93e-01	9.64e-02
 5.21398e+19	1.08e-02	9.03e-01	8.65e-02
 5.52500e+19	1.15e-02	9.12e-01	7.68e-02
 5.85186e+19	1.22e-02	9.19e-01	6.86e-02
 6.12389e+19	1.29e-02	9.24e-01	6.28e-02
 6.35777e+19	1.35e-02	9.28e-01	5.83e-02
 6.61749e+19	1.43e-02	9.32e-01	5.36e-02
 6.89338e+19	1.53e-02	9.35e-01	4.95e-02
 7.12841e+19	1.62e-02	9.37e-01	4.64e-02
 7.33262e+19	1.72e-02	9.39e-01	4.39e-02
 7.55866e+19	1.85e-02	9.40e-01	4.11e-02
 7.80026e+19	2.00e-02	9.41e-01	3.86e-02
 8.00679e+19	2.16e-02	9.42e-01	3.67e-02
 8.18710e+19	2.33e-02	9.42e-01	3.51e-02
 8.36212e+19	2.52e-02	9.41e-01	3.36e-02
 8.53182e+19	2.73e-02	9.41e-01	3.22e-02
 8.68722e+19	2.96e-02	9.39e-01	3.10e-02
 8.82670e+19	3.20e-02	9.38e-01	3.01e-02
 8.95486e+19	3.46e-02	9.36e-01	2.92e-02
 9.07507e+19	3.74e-02	9.34e-01	2.84e-02
 9.18807e+19	4.03e-02	9.32e-01	2.78e-02
 9.29709e+19	4.35e-02	9.29e-01	2.72e-02
 9.40332e+19	4.72e-02	9.26e-01	2.66e-02
 9.50285e+19	5.10e-02	9.23e-01	2.61e-02
 9.59650e+19	5.51e-02	9.19e-01	2.57e-02
 9.68775e+19	5.96e-02	9.15e-01	2.54e-02
 9.77782e+19	6.44e-02	9.11e-01	2.50e-02
 9.86686e+19	6.99e-02	9.05e-01	2.47e-02
 9.95378e+19	7.58e-02	9.00e-01	2.44e-02
 1.00386e+20	8.22e-02	8.94e-01	2.42e-02
 1.01356e+20	9.03e-02	8.86e-01	2.40e-02
 1.02386e+20	9.99e-02	8.76e-01	2.38e-02
 1.03274e+20	1.09e-01	8.67e-01	2.37e-02
 1.04117e+20	1.19e-01	8.57e-01	2.36e-02
 1.05042e+20	1.31e-01	8.46e-01	2.35e-02
 1.05950e+20	1.44e-01	8.33e-01	2.34e-02
 1.06742e+20	1.56e-01	8.21e-01	2.34e-02
 1.07472e+20	1.68e-01	8.09e-01	2.34e-02
 1.08185e+20	1.81e-01	7.96e-01	2.33e-02
 1.08749e+20	1.91e-01	7.86e-01	2.33e-02
 1.09130e+20	1.98e-01	7.78e-01	2.33e-02
 1.09494e+20	2.06e-01	7.71e-01	2.33e-02
 1.09908e+20	2.15e-01	7.62e-01	2.33e-02
 1.10350e+20	2.25e-01	7.52e-01	2.33e-02
 1.10794e+20	2.35e-01	7.42e-01	2.32e-02
 1.11226e+20	2.45e-01	7.32e-01	2.32e-02
 1.11657e+20	2.56e-01	7.21e-01	2.32e-02
 1.12097e+20	2.67e-01	7.10e-01	2.31e-02
 1.12533e+20	2.79e-01	6.98e-01	2.31e-02
 1.12970e+20	2.90e-01	6.87e-01	2.31e-02
 1.13417e+20	3.03e-01	6.74e-01	2.30e-02
 1.13867e+20	3.16e-01	6.61e-01	2.29e-02
 1.14318e+20	3.30e-01	6.48e-01	2.28e-02
 1.14774e+20	3.43e-01	6.34e-01	2.28e-02
 1.15238e+20	3.58e-01	6.20e-01	2.26e-02
 1.15711e+20	3.73e-01	6.05e-01	2.25e-02
 1.16182e+20	3.88e-01	5.90e-01	2.23e-02
 1.16658e+20	4.04e-01	5.74e-01	2.22e-02
 1.17149e+20	4.20e-01	5.58e-01	2.19e-02
 1.17650e+20	4.37e-01	5.41e-01	2.17e-02
 1.18161e+20	4.54e-01	5.24e-01	2.15e-02
 1.18684e+20	4.72e-01	5.07e-01	2.12e-02
 1.19218e+20	4.90e-01	4.89e-01	2.09e-02
 1.19773e+20	5.08e-01	4.71e-01	2.05e-02
 1.20346e+20	5.27e-01	4.53e-01	2.01e-02
 1.20932e+20	5.46e-01	4.34e-01	1.97e-02
 1.21528e+20	5.64e-01	4.16e-01	1.93e-02
 1.22144e+20	5.83e-01	3.98e-01	1.88e-02
 1.22788e+20	6.01e-01	3.80e-01	1.83e-02
 1.23465e+20	6.19e-01	3.63e-01	1.77e-02
 1.24183e+20	6.37e-01	3.45e-01	1.71e-02
 1.24952e+20	6.55e-01	3.28e-01	1.65e-02
 1.25785e+20	6.72e-01	3.12e-01	1.59e-02
 1.26703e+20	6.89e-01	2.96e-01	1.52e-02
 1.27731e+20	7.05e-01	2.80e-01	1.45e-02
 1.28904e+20	7.20e-01	2.66e-01	1.38e-02
 1.30174e+20	7.34e-01	2.53e-01	1.31e-02
 1.31447e+20	7.44e-01	2.43e-01	1.26e-02
 1.32707e+20	7.53e-01	2.35e-01	1.20e-02
 1.34150e+20	7.61e-01	2.27e-01	1.15e-02
 1.36025e+20	7.70e-01	2.19e-01	1.09e-02
 1.38462e+20	7.79e-01	2.11e-01	1.02e-02
 1.41631e+20	7.88e-01	2.02e-01	9.44e-03
 1.45729e+20	7.98e-01	1.93e-01	8.61e-03
 1.50552e+20	8.08e-01	1.84e-01	7.78e-03
 1.55655e+20	8.17e-01	1.76e-01	7.03e-03
 1.60945e+20	8.26e-01	1.68e-01	6.36e-03
 1.66442e+20	8.34e-01	1.60e-01	5.76e-03
 1.72171e+20	8.42e-01	1.53e-01	5.21e-03
 1.78196e+20	8.50e-01	1.45e-01	4.71e-03
 1.84500e+20	8.57e-01	1.39e-01	4.25e-03
 1.91069e+20	8.64e-01	1.32e-01	3.84e-03
 1.97908e+20	8.71e-01	1.26e-01	3.47e-03
 2.05049e+20	8.77e-01	1.20e-01	3.14e-03
 2.12439e+20	8.83e-01	1.14e-01	2.84e-03
 2.20131e+20	8.89e-01	1.09e-01	2.57e-03
 2.28223e+20	8.94e-01	1.03e-01	2.32e-03
 2.36650e+20	8.99e-01	9.84e-02	2.09e-03
 2.45397e+20	9.04e-01	9.37e-02	1.89e-03
 2.54498e+20	9.09e-01	8.92e-02	1.71e-03
 2.63986e+20	9.14e-01	8.48e-02	1.54e-03
 2.73931e+20	9.18e-01	8.06e-02	1.39e-03
 2.84304e+20	9.22e-01	7.67e-02	1.25e-03
 2.95028e+20	9.26e-01	7.30e-02	1.13e-03
 3.06138e+20	9.30e-01	6.95e-02	1.02e-03
 3.17726e+20	9.33e-01	6.61e-02	9.17e-04
 3.29860e+20	9.36e-01	6.29e-02	8.27e-04
 3.42531e+20	9.39e-01	5.98e-02	7.46e-04
 3.55713e+20	9.42e-01	5.69e-02	6.73e-04
 3.69461e+20	9.45e-01	5.41e-02	6.06e-04
 3.83864e+20	9.48e-01	5.14e-02	5.46e-04
 3.98922e+20	9.51e-01	4.89e-02	4.92e-04
 4.14642e+20	9.53e-01	4.65e-02	4.43e-04
 4.31050e+20	9.55e-01	4.42e-02	3.99e-04
 4.48171e+20	9.58e-01	4.20e-02	3.60e-04
 4.66022e+20	9.60e-01	4.00e-02	3.24e-04
 4.84342e+20	9.62e-01	3.81e-02	2.93e-04
 5.02698e+20	9.63e-01	3.63e-02	2.66e-04
 5.20884e+20	9.65e-01	3.47e-02	2.43e-04
 5.38861e+20	9.66e-01	3.33e-02	2.22e-04
 5.56584e+20	9.68e-01	3.20e-02	2.05e-04
 5.73941e+20	9.69e-01	3.09e-02	1.89e-04
 5.90815e+20	9.70e-01	2.98e-02	1.76e-04
 6.07111e+20	9.71e-01	2.88e-02	1.64e-04
