#depth	N	N+	N+2	N+3	N+4	N+5	N+6	N+7
 7.32420e+17	6.40e-07	1.01e-03	1.51e-01	5.05e-01	2.69e-01	7.30e-02	8.47e-05	0.00e+00
 4.39452e+18	6.37e-07	1.01e-03	1.52e-01	5.05e-01	2.69e-01	7.28e-02	8.45e-05	0.00e+00
 1.90429e+19	6.33e-07	1.02e-03	1.53e-01	5.07e-01	2.68e-01	7.20e-02	8.32e-05	0.00e+00
 7.76365e+19	6.31e-07	1.04e-03	1.58e-01	5.10e-01	2.62e-01	6.85e-02	7.82e-05	0.00e+00
 1.85449e+20	6.11e-07	1.05e-03	1.65e-01	5.16e-01	2.54e-01	6.39e-02	7.16e-05	0.00e+00
 3.02375e+20	6.22e-07	1.09e-03	1.73e-01	5.22e-01	2.45e-01	5.90e-02	6.47e-05	0.00e+00
 4.13129e+20	6.60e-07	1.15e-03	1.82e-01	5.26e-01	2.36e-01	5.43e-02	5.82e-05	0.00e+00
 5.39091e+20	7.38e-07	1.26e-03	1.95e-01	5.31e-01	2.24e-01	4.87e-02	5.08e-05	0.00e+00
 7.02842e+20	8.68e-07	1.43e-03	2.14e-01	5.34e-01	2.08e-01	4.20e-02	4.22e-05	0.00e+00
 8.85171e+20	1.03e-06	1.64e-03	2.38e-01	5.35e-01	1.91e-01	3.55e-02	3.44e-05	0.00e+00
 1.04001e+21	1.19e-06	1.85e-03	2.59e-01	5.33e-01	1.76e-01	3.06e-02	2.89e-05	0.00e+00
 1.16046e+21	1.35e-06	2.04e-03	2.78e-01	5.29e-01	1.64e-01	2.70e-02	2.50e-05	0.00e+00
 1.26593e+21	1.52e-06	2.24e-03	2.96e-01	5.25e-01	1.53e-01	2.40e-02	2.18e-05	0.00e+00
 1.36444e+21	1.70e-06	2.45e-03	3.15e-01	5.19e-01	1.42e-01	2.14e-02	1.91e-05	0.00e+00
 1.46004e+21	1.90e-06	2.67e-03	3.34e-01	5.13e-01	1.32e-01	1.90e-02	1.66e-05	0.00e+00
 1.55225e+21	2.13e-06	2.91e-03	3.53e-01	5.05e-01	1.22e-01	1.68e-02	1.45e-05	0.00e+00
 1.64006e+21	2.37e-06	3.17e-03	3.72e-01	4.97e-01	1.13e-01	1.48e-02	1.26e-05	0.00e+00
 1.72367e+21	2.59e-06	3.41e-03	3.91e-01	4.89e-01	1.04e-01	1.31e-02	1.10e-05	0.00e+00
 1.81761e+21	2.99e-06	3.79e-03	4.13e-01	4.78e-01	9.43e-02	1.12e-02	9.22e-06	0.00e+00
 1.90971e+21	3.30e-06	4.11e-03	4.35e-01	4.66e-01	8.52e-02	9.62e-03	7.80e-06	0.00e+00
 1.98321e+21	3.70e-06	4.47e-03	4.53e-01	4.57e-01	7.80e-02	8.41e-03	6.73e-06	0.00e+00
 2.04923e+21	4.05e-06	4.79e-03	4.69e-01	4.48e-01	7.17e-02	7.42e-03	5.85e-06	0.00e+00
 2.12169e+21	4.51e-06	5.19e-03	4.87e-01	4.37e-01	6.48e-02	6.37e-03	4.94e-06	0.00e+00
 2.19966e+21	5.03e-06	5.65e-03	5.06e-01	4.25e-01	5.79e-02	5.41e-03	4.10e-06	0.00e+00
 2.26862e+21	5.57e-06	6.09e-03	5.22e-01	4.15e-01	5.22e-02	4.65e-03	3.46e-06	0.00e+00
 2.33150e+21	6.12e-06	6.53e-03	5.37e-01	4.06e-01	4.73e-02	4.02e-03	2.94e-06	0.00e+00
 2.40262e+21	6.87e-06	7.11e-03	5.53e-01	3.94e-01	4.19e-02	3.37e-03	2.40e-06	0.00e+00
 2.47848e+21	7.73e-06	7.75e-03	5.70e-01	3.83e-01	3.69e-02	2.81e-03	1.94e-06	0.00e+00
 2.54522e+21	8.60e-06	8.37e-03	5.84e-01	3.72e-01	3.28e-02	2.38e-03	1.60e-06	0.00e+00
 2.61673e+21	9.73e-06	9.15e-03	5.99e-01	3.61e-01	2.88e-02	1.98e-03	1.28e-06	0.00e+00
 2.69333e+21	1.11e-05	1.00e-02	6.14e-01	3.49e-01	2.50e-02	1.64e-03	1.02e-06	0.00e+00
 2.76179e+21	1.25e-05	1.09e-02	6.27e-01	3.38e-01	2.21e-02	1.38e-03	8.27e-07	0.00e+00
 2.83599e+21	1.43e-05	1.20e-02	6.41e-01	3.26e-01	1.92e-02	1.15e-03	6.53e-07	0.00e+00
 2.91839e+21	1.66e-05	1.33e-02	6.55e-01	3.14e-01	1.65e-02	9.42e-04	5.08e-07	0.00e+00
 2.99728e+21	1.93e-05	1.47e-02	6.68e-01	3.02e-01	1.43e-02	7.85e-04	4.00e-07	0.00e+00
 3.08567e+21	2.30e-05	1.65e-02	6.83e-01	2.88e-01	1.21e-02	6.40e-04	3.04e-07	0.00e+00
 3.16329e+21	2.65e-05	1.81e-02	6.94e-01	2.77e-01	1.06e-02	5.46e-04	2.44e-07	0.00e+00
 3.21072e+21	2.91e-05	1.93e-02	7.00e-01	2.70e-01	9.81e-03	4.94e-04	2.13e-07	0.00e+00
 3.25620e+21	3.20e-05	2.05e-02	7.07e-01	2.63e-01	9.04e-03	4.47e-04	1.85e-07	0.00e+00
 3.31533e+21	3.63e-05	2.22e-02	7.15e-01	2.54e-01	8.14e-03	3.93e-04	1.54e-07	0.00e+00
 3.37927e+21	4.15e-05	2.43e-02	7.24e-01	2.44e-01	7.31e-03	3.45e-04	1.28e-07	0.00e+00
 3.43548e+21	4.68e-05	2.62e-02	7.31e-01	2.36e-01	6.65e-03	3.07e-04	0.00e+00	0.00e+00
 3.49454e+21	5.36e-05	2.86e-02	7.39e-01	2.26e-01	6.00e-03	2.70e-04	0.00e+00	0.00e+00
 3.55737e+21	6.16e-05	3.14e-02	7.46e-01	2.17e-01	5.41e-03	2.37e-04	0.00e+00	0.00e+00
 3.61275e+21	7.01e-05	3.41e-02	7.53e-01	2.08e-01	4.93e-03	2.11e-04	0.00e+00	0.00e+00
 3.66378e+21	7.92e-05	3.69e-02	7.58e-01	2.00e-01	4.53e-03	1.89e-04	0.00e+00	0.00e+00
 3.72148e+21	9.15e-05	4.04e-02	7.64e-01	1.91e-01	4.09e-03	1.66e-04	0.00e+00	0.00e+00
 3.78387e+21	1.07e-04	4.47e-02	7.71e-01	1.81e-01	3.68e-03	1.44e-04	0.00e+00	0.00e+00
 3.83841e+21	1.23e-04	4.89e-02	7.75e-01	1.72e-01	3.36e-03	1.27e-04	0.00e+00	0.00e+00
 3.88731e+21	1.41e-04	5.33e-02	7.79e-01	1.64e-01	3.08e-03	1.13e-04	0.00e+00	0.00e+00
 3.94283e+21	1.65e-04	5.89e-02	7.83e-01	1.55e-01	2.78e-03	9.83e-05	0.00e+00	0.00e+00
 4.00219e+21	1.95e-04	6.56e-02	7.87e-01	1.45e-01	2.50e-03	8.44e-05	0.00e+00	0.00e+00
 4.05407e+21	2.27e-04	7.22e-02	7.89e-01	1.36e-01	2.28e-03	7.37e-05	0.00e+00	0.00e+00
 4.10159e+21	2.63e-04	7.93e-02	7.90e-01	1.28e-01	2.08e-03	6.44e-05	0.00e+00	0.00e+00
 4.15594e+21	3.13e-04	8.85e-02	7.90e-01	1.19e-01	1.86e-03	5.48e-05	0.00e+00	0.00e+00
 4.21408e+21	3.80e-04	9.99e-02	7.89e-01	1.09e-01	1.66e-03	4.58e-05	0.00e+00	0.00e+00
 4.26438e+21	4.50e-04	1.11e-01	7.86e-01	1.01e-01	1.49e-03	3.90e-05	0.00e+00	0.00e+00
 4.30962e+21	5.28e-04	1.23e-01	7.82e-01	9.29e-02	1.35e-03	3.34e-05	0.00e+00	0.00e+00
 4.36108e+21	6.40e-04	1.38e-01	7.76e-01	8.41e-02	1.20e-03	2.76e-05	0.00e+00	0.00e+00
 4.41585e+21	7.89e-04	1.57e-01	7.66e-01	7.51e-02	1.05e-03	2.24e-05	0.00e+00	0.00e+00
 4.46256e+21	9.49e-04	1.76e-01	7.55e-01	6.75e-02	9.35e-04	1.84e-05	0.00e+00	0.00e+00
 4.50338e+21	1.12e-03	1.95e-01	7.42e-01	6.10e-02	8.38e-04	1.54e-05	0.00e+00	0.00e+00
 4.54889e+21	1.37e-03	2.19e-01	7.25e-01	5.37e-02	7.33e-04	1.23e-05	0.00e+00	0.00e+00
 4.59697e+21	1.69e-03	2.48e-01	7.03e-01	4.66e-02	6.34e-04	9.69e-06	0.00e+00	0.00e+00
 4.63770e+21	2.04e-03	2.76e-01	6.81e-01	4.07e-02	5.55e-04	7.75e-06	0.00e+00	0.00e+00
 4.67323e+21	2.42e-03	3.04e-01	6.58e-01	3.57e-02	4.89e-04	6.27e-06	0.00e+00	0.00e+00
 4.71269e+21	2.95e-03	3.39e-01	6.28e-01	3.04e-02	4.20e-04	4.84e-06	0.00e+00	0.00e+00
 4.75469e+21	3.63e-03	3.79e-01	5.92e-01	2.52e-02	3.53e-04	3.63e-06	0.00e+00	0.00e+00
 4.79070e+21	4.37e-03	4.18e-01	5.56e-01	2.11e-02	3.00e-04	2.76e-06	0.00e+00	0.00e+00
 4.82222e+21	5.17e-03	4.55e-01	5.22e-01	1.77e-02	2.56e-04	2.13e-06	0.00e+00	0.00e+00
 4.85720e+21	6.28e-03	5.00e-01	4.79e-01	1.43e-02	2.11e-04	1.54e-06	0.00e+00	0.00e+00
 4.89458e+21	7.75e-03	5.50e-01	4.31e-01	1.11e-02	1.68e-04	1.07e-06	0.00e+00	0.00e+00
 4.92658e+21	9.29e-03	5.95e-01	3.87e-01	8.67e-03	1.35e-04	7.53e-07	0.00e+00	0.00e+00
 4.95470e+21	1.10e-02	6.36e-01	3.46e-01	6.82e-03	1.09e-04	5.37e-07	0.00e+00	0.00e+00
 4.98022e+21	1.27e-02	6.73e-01	3.09e-01	5.40e-03	8.89e-05	3.89e-07	0.00e+00	0.00e+00
 5.00291e+21	1.46e-02	7.05e-01	2.76e-01	4.30e-03	7.27e-05	2.84e-07	0.00e+00	0.00e+00
 5.02455e+21	1.66e-02	7.36e-01	2.44e-01	3.40e-03	5.90e-05	2.06e-07	0.00e+00	0.00e+00
 5.04583e+21	1.90e-02	7.64e-01	2.14e-01	2.66e-03	4.73e-05	1.47e-07	0.00e+00	0.00e+00
 5.06645e+21	2.17e-02	7.90e-01	1.86e-01	2.06e-03	3.76e-05	0.00e+00	0.00e+00	0.00e+00
 5.08606e+21	2.47e-02	8.13e-01	1.60e-01	1.58e-03	2.97e-05	0.00e+00	0.00e+00	0.00e+00
 5.10472e+21	2.80e-02	8.33e-01	1.37e-01	1.21e-03	2.32e-05	0.00e+00	0.00e+00	0.00e+00
 5.12245e+21	3.15e-02	8.50e-01	1.18e-01	9.41e-04	1.83e-05	0.00e+00	0.00e+00	0.00e+00
 5.14226e+21	3.63e-02	8.66e-01	9.71e-02	6.90e-04	1.37e-05	0.00e+00	0.00e+00	0.00e+00
 5.16294e+21	4.21e-02	8.79e-01	7.85e-02	4.99e-04	9.94e-06	0.00e+00	0.00e+00	0.00e+00
 5.18010e+21	4.79e-02	8.87e-01	6.48e-02	3.78e-04	7.49e-06	0.00e+00	0.00e+00	0.00e+00
 5.19524e+21	5.37e-02	8.92e-01	5.41e-02	2.96e-04	5.78e-06	0.00e+00	0.00e+00	0.00e+00
 5.21238e+21	6.17e-02	8.95e-01	4.35e-02	2.24e-04	4.23e-06	0.00e+00	0.00e+00	0.00e+00
 5.23151e+21	7.21e-02	8.94e-01	3.37e-02	1.66e-04	2.96e-06	0.00e+00	0.00e+00	0.00e+00
 5.24943e+21	8.39e-02	8.90e-01	2.61e-02	1.27e-04	2.08e-06	0.00e+00	0.00e+00	0.00e+00
 5.26574e+21	9.70e-02	8.82e-01	2.04e-02	1.01e-04	1.49e-06	0.00e+00	0.00e+00	0.00e+00
 5.28105e+21	1.11e-01	8.73e-01	1.61e-02	8.27e-05	1.08e-06	0.00e+00	0.00e+00	0.00e+00
 5.29604e+21	1.27e-01	8.60e-01	1.26e-02	6.91e-05	7.81e-07	0.00e+00	0.00e+00	0.00e+00
 5.31091e+21	1.46e-01	8.44e-01	9.77e-03	5.87e-05	5.64e-07	0.00e+00	0.00e+00	0.00e+00
 5.32471e+21	1.66e-01	8.26e-01	7.66e-03	5.10e-05	4.14e-07	0.00e+00	0.00e+00	0.00e+00
 5.33720e+21	1.87e-01	8.07e-01	6.13e-03	4.54e-05	3.13e-07	0.00e+00	0.00e+00	0.00e+00
 5.34838e+21	2.07e-01	7.88e-01	5.00e-03	4.11e-05	2.43e-07	0.00e+00	0.00e+00	0.00e+00
 5.35843e+21	2.26e-01	7.69e-01	4.14e-03	3.77e-05	1.94e-07	0.00e+00	0.00e+00	0.00e+00
 5.36816e+21	2.47e-01	7.49e-01	3.44e-03	3.47e-05	1.55e-07	0.00e+00	0.00e+00	0.00e+00
 5.37783e+21	2.69e-01	7.28e-01	2.86e-03	3.21e-05	1.25e-07	0.00e+00	0.00e+00	0.00e+00
 5.38562e+21	2.87e-01	7.11e-01	2.48e-03	3.03e-05	0.00e+00	0.00e+00	0.00e+00	0.00e+00
 5.39078e+21	2.99e-01	6.99e-01	2.25e-03	2.91e-05	0.00e+00	0.00e+00	0.00e+00	0.00e+00
 5.39555e+21	3.11e-01	6.87e-01	2.05e-03	2.81e-05	0.00e+00	0.00e+00	0.00e+00	0.00e+00
 5.40105e+21	3.25e-01	6.73e-01	1.85e-03	2.69e-05	0.00e+00	0.00e+00	0.00e+00	0.00e+00
 5.40707e+21	3.41e-01	6.58e-01	1.65e-03	2.57e-05	0.00e+00	0.00e+00	0.00e+00	0.00e+00
 5.41305e+21	3.56e-01	6.42e-01	1.47e-03	2.46e-05	0.00e+00	0.00e+00	0.00e+00	0.00e+00
 5.41887e+21	3.72e-01	6.27e-01	1.32e-03	2.35e-05	0.00e+00	0.00e+00	0.00e+00	0.00e+00
 5.42476e+21	3.87e-01	6.11e-01	1.18e-03	2.25e-05	0.00e+00	0.00e+00	0.00e+00	0.00e+00
 5.43076e+21	4.03e-01	5.96e-01	1.06e-03	2.15e-05	0.00e+00	0.00e+00	0.00e+00	0.00e+00
 5.43688e+21	4.19e-01	5.80e-01	9.53e-04	2.06e-05	0.00e+00	0.00e+00	0.00e+00	0.00e+00
 5.44311e+21	4.35e-01	5.64e-01	8.57e-04	1.97e-05	0.00e+00	0.00e+00	0.00e+00	0.00e+00
 5.44949e+21	4.52e-01	5.47e-01	7.69e-04	1.88e-05	0.00e+00	0.00e+00	0.00e+00	0.00e+00
 5.45602e+21	4.68e-01	5.31e-01	6.93e-04	1.80e-05	0.00e+00	0.00e+00	0.00e+00	0.00e+00
 5.46270e+21	4.85e-01	5.15e-01	6.25e-04	1.72e-05	0.00e+00	0.00e+00	0.00e+00	0.00e+00
 5.46969e+21	5.01e-01	4.99e-01	5.64e-04	1.65e-05	0.00e+00	0.00e+00	0.00e+00	0.00e+00
 5.47704e+21	5.17e-01	4.82e-01	5.10e-04	1.57e-05	0.00e+00	0.00e+00	0.00e+00	0.00e+00
 5.48468e+21	5.33e-01	4.67e-01	4.63e-04	1.50e-05	0.00e+00	0.00e+00	0.00e+00	0.00e+00
 5.49268e+21	5.48e-01	4.51e-01	4.21e-04	1.44e-05	0.00e+00	0.00e+00	0.00e+00	0.00e+00
 5.50136e+21	5.63e-01	4.36e-01	3.85e-04	1.37e-05	0.00e+00	0.00e+00	0.00e+00	0.00e+00
 5.51072e+21	5.78e-01	4.21e-01	3.52e-04	1.31e-05	0.00e+00	0.00e+00	0.00e+00	0.00e+00
 5.52081e+21	5.92e-01	4.07e-01	3.25e-04	1.26e-05	0.00e+00	0.00e+00	0.00e+00	0.00e+00
 5.53175e+21	6.05e-01	3.94e-01	3.02e-04	1.21e-05	0.00e+00	0.00e+00	0.00e+00	0.00e+00
 5.54375e+21	6.17e-01	3.83e-01	2.82e-04	1.16e-05	0.00e+00	0.00e+00	0.00e+00	0.00e+00
 5.55743e+21	6.28e-01	3.72e-01	2.65e-04	1.12e-05	0.00e+00	0.00e+00	0.00e+00	0.00e+00
 5.57209e+21	6.37e-01	3.63e-01	2.52e-04	1.09e-05	0.00e+00	0.00e+00	0.00e+00	0.00e+00
 5.58652e+21	6.44e-01	3.56e-01	2.43e-04	1.06e-05	0.00e+00	0.00e+00	0.00e+00	0.00e+00
 5.60070e+21	6.49e-01	3.51e-01	2.36e-04	1.04e-05	0.00e+00	0.00e+00	0.00e+00	0.00e+00
 5.61470e+21	6.53e-01	3.47e-01	2.31e-04	1.02e-05	0.00e+00	0.00e+00	0.00e+00	0.00e+00
 5.62856e+21	6.57e-01	3.43e-01	2.27e-04	1.01e-05	0.00e+00	0.00e+00	0.00e+00	0.00e+00
 5.64443e+21	6.60e-01	3.40e-01	2.23e-04	9.99e-06	0.00e+00	0.00e+00	0.00e+00	0.00e+00
 5.66505e+21	6.63e-01	3.36e-01	2.18e-04	9.85e-06	0.00e+00	0.00e+00	0.00e+00	0.00e+00
 5.69187e+21	6.67e-01	3.33e-01	2.14e-04	9.70e-06	0.00e+00	0.00e+00	0.00e+00	0.00e+00
 5.72673e+21	6.72e-01	3.28e-01	2.09e-04	9.52e-06	0.00e+00	0.00e+00	0.00e+00	0.00e+00
 5.77205e+21	6.77e-01	3.23e-01	2.03e-04	9.31e-06	0.00e+00	0.00e+00	0.00e+00	0.00e+00
 5.83096e+21	6.83e-01	3.17e-01	1.96e-04	9.06e-06	0.00e+00	0.00e+00	0.00e+00	0.00e+00
 5.90755e+21	6.90e-01	3.10e-01	1.88e-04	8.75e-06	0.00e+00	0.00e+00	0.00e+00	0.00e+00
 6.00711e+21	6.99e-01	3.01e-01	1.79e-04	8.37e-06	0.00e+00	0.00e+00	0.00e+00	0.00e+00
 6.13654e+21	7.10e-01	2.89e-01	1.68e-04	7.92e-06	0.00e+00	0.00e+00	0.00e+00	0.00e+00
 6.28724e+21	7.22e-01	2.78e-01	1.58e-04	7.46e-06	0.00e+00	0.00e+00	0.00e+00	0.00e+00
 6.44036e+21	7.33e-01	2.67e-01	1.48e-04	7.03e-06	0.00e+00	0.00e+00	0.00e+00	0.00e+00
 6.59264e+21	7.43e-01	2.57e-01	1.40e-04	6.64e-06	0.00e+00	0.00e+00	0.00e+00	0.00e+00
 6.74885e+21	7.53e-01	2.47e-01	1.33e-04	6.27e-06	0.00e+00	0.00e+00	0.00e+00	0.00e+00
 6.91207e+21	7.62e-01	2.38e-01	1.26e-04	5.91e-06	0.00e+00	0.00e+00	0.00e+00	0.00e+00
 7.08327e+21	7.72e-01	2.28e-01	1.19e-04	5.57e-06	0.00e+00	0.00e+00	0.00e+00	0.00e+00
 7.26107e+21	7.81e-01	2.19e-01	1.13e-04	5.24e-06	0.00e+00	0.00e+00	0.00e+00	0.00e+00
 7.44476e+21	7.90e-01	2.10e-01	1.07e-04	4.93e-06	0.00e+00	0.00e+00	0.00e+00	0.00e+00
 7.63464e+21	7.98e-01	2.02e-01	1.02e-04	4.64e-06	0.00e+00	0.00e+00	0.00e+00	0.00e+00
 7.83149e+21	8.07e-01	1.93e-01	9.74e-05	4.36e-06	0.00e+00	0.00e+00	0.00e+00	0.00e+00
 8.03639e+21	8.15e-01	1.85e-01	9.28e-05	4.09e-06	0.00e+00	0.00e+00	0.00e+00	0.00e+00
 8.24979e+21	8.23e-01	1.77e-01	8.84e-05	3.83e-06	0.00e+00	0.00e+00	0.00e+00	0.00e+00
 8.47179e+21	8.30e-01	1.70e-01	8.43e-05	3.59e-06	0.00e+00	0.00e+00	0.00e+00	0.00e+00
 8.70109e+21	8.37e-01	1.63e-01	8.04e-05	3.36e-06	0.00e+00	0.00e+00	0.00e+00	0.00e+00
 8.94032e+21	8.45e-01	1.55e-01	7.67e-05	3.13e-06	0.00e+00	0.00e+00	0.00e+00	0.00e+00
 9.19233e+21	8.52e-01	1.48e-01	7.31e-05	2.91e-06	0.00e+00	0.00e+00	0.00e+00	0.00e+00
 9.45574e+21	8.59e-01	1.41e-01	6.96e-05	2.70e-06	0.00e+00	0.00e+00	0.00e+00	0.00e+00
 9.73189e+21	8.65e-01	1.35e-01	6.62e-05	2.51e-06	0.00e+00	0.00e+00	0.00e+00	0.00e+00
 1.00212e+22	8.72e-01	1.28e-01	6.30e-05	2.32e-06	0.00e+00	0.00e+00	0.00e+00	0.00e+00
 1.03249e+22	8.78e-01	1.22e-01	5.99e-05	2.14e-06	0.00e+00	0.00e+00	0.00e+00	0.00e+00
 1.06465e+22	8.84e-01	1.16e-01	5.68e-05	1.97e-06	0.00e+00	0.00e+00	0.00e+00	0.00e+00
 1.09879e+22	8.90e-01	1.10e-01	5.38e-05	1.80e-06	0.00e+00	0.00e+00	0.00e+00	0.00e+00
 1.13507e+22	8.95e-01	1.04e-01	5.09e-05	1.65e-06	0.00e+00	0.00e+00	0.00e+00	0.00e+00
 1.17377e+22	9.01e-01	9.90e-02	4.80e-05	1.50e-06	0.00e+00	0.00e+00	0.00e+00	0.00e+00
 1.21522e+22	9.06e-01	9.37e-02	4.51e-05	1.36e-06	0.00e+00	0.00e+00	0.00e+00	0.00e+00
 1.25990e+22	9.11e-01	8.87e-02	4.23e-05	1.22e-06	0.00e+00	0.00e+00	0.00e+00	0.00e+00
 1.30618e+22	9.16e-01	8.42e-02	3.96e-05	1.10e-06	0.00e+00	0.00e+00	0.00e+00	0.00e+00
 1.35064e+22	9.20e-01	8.02e-02	3.73e-05	9.99e-07	0.00e+00	0.00e+00	0.00e+00	0.00e+00
 1.39247e+22	9.23e-01	7.69e-02	3.52e-05	9.14e-07	0.00e+00	0.00e+00	0.00e+00	0.00e+00
 1.43939e+22	9.27e-01	7.34e-02	3.30e-05	8.27e-07	0.00e+00	0.00e+00	0.00e+00	0.00e+00
 1.49021e+22	9.30e-01	7.02e-02	3.09e-05	7.46e-07	0.00e+00	0.00e+00	0.00e+00	0.00e+00
 1.53416e+22	9.32e-01	6.76e-02	2.92e-05	6.84e-07	0.00e+00	0.00e+00	0.00e+00	0.00e+00
 1.57198e+22	9.34e-01	6.57e-02	2.78e-05	6.36e-07	0.00e+00	0.00e+00	0.00e+00	0.00e+00
 1.61380e+22	9.37e-01	6.35e-02	2.63e-05	5.86e-07	0.00e+00	0.00e+00	0.00e+00	0.00e+00
 1.66816e+22	9.39e-01	6.09e-02	2.45e-05	5.28e-07	0.00e+00	0.00e+00	0.00e+00	0.00e+00
 1.72255e+22	9.41e-01	5.88e-02	2.29e-05	4.79e-07	0.00e+00	0.00e+00	0.00e+00	0.00e+00
 1.76346e+22	9.43e-01	5.73e-02	2.18e-05	4.47e-07	0.00e+00	0.00e+00	0.00e+00	0.00e+00
 1.79788e+22	9.44e-01	5.62e-02	2.09e-05	4.21e-07	0.00e+00	0.00e+00	0.00e+00	0.00e+00
 1.83736e+22	9.45e-01	5.48e-02	1.99e-05	3.93e-07	0.00e+00	0.00e+00	0.00e+00	0.00e+00
 1.88869e+22	9.47e-01	5.32e-02	1.86e-05	3.60e-07	0.00e+00	0.00e+00	0.00e+00	0.00e+00
 1.94201e+22	9.48e-01	5.19e-02	1.75e-05	3.30e-07	0.00e+00	0.00e+00	0.00e+00	0.00e+00
 1.98537e+22	9.49e-01	5.08e-02	1.66e-05	3.08e-07	0.00e+00	0.00e+00	0.00e+00	0.00e+00
 2.02328e+22	9.50e-01	4.99e-02	1.59e-05	2.91e-07	0.00e+00	0.00e+00	0.00e+00	0.00e+00
 2.06666e+22	9.51e-01	4.89e-02	1.51e-05	2.71e-07	0.00e+00	0.00e+00	0.00e+00	0.00e+00
 2.12306e+22	9.52e-01	4.77e-02	1.41e-05	2.48e-07	0.00e+00	0.00e+00	0.00e+00	0.00e+00
 2.18164e+22	9.53e-01	4.66e-02	1.32e-05	2.28e-07	0.00e+00	0.00e+00	0.00e+00	0.00e+00
 2.22998e+22	9.54e-01	4.57e-02	1.25e-05	2.12e-07	0.00e+00	0.00e+00	0.00e+00	0.00e+00
 2.27977e+22	9.55e-01	4.50e-02	1.18e-05	1.98e-07	0.00e+00	0.00e+00	0.00e+00	0.00e+00
 2.34449e+22	9.56e-01	4.39e-02	1.09e-05	1.80e-07	0.00e+00	0.00e+00	0.00e+00	0.00e+00
 2.41483e+22	9.57e-01	4.30e-02	1.01e-05	1.63e-07	0.00e+00	0.00e+00	0.00e+00	0.00e+00
 2.48005e+22	9.58e-01	4.22e-02	9.38e-06	1.50e-07	0.00e+00	0.00e+00	0.00e+00	0.00e+00
 2.54023e+22	9.59e-01	4.14e-02	8.78e-06	1.38e-07	0.00e+00	0.00e+00	0.00e+00	0.00e+00
 2.59478e+22	9.59e-01	4.10e-02	8.28e-06	1.29e-07	0.00e+00	0.00e+00	0.00e+00	0.00e+00
 2.64387e+22	9.59e-01	4.06e-02	7.85e-06	0.00e+00	0.00e+00	0.00e+00	0.00e+00	0.00e+00
 2.68805e+22	9.60e-01	4.03e-02	7.49e-06	0.00e+00	0.00e+00	0.00e+00	0.00e+00	0.00e+00
 2.72781e+22	9.60e-01	3.99e-02	7.18e-06	0.00e+00	0.00e+00	0.00e+00	0.00e+00	0.00e+00
 2.76360e+22	9.60e-01	3.98e-02	6.91e-06	0.00e+00	0.00e+00	0.00e+00	0.00e+00	0.00e+00
 2.79598e+22	9.60e-01	3.96e-02	6.68e-06	0.00e+00	0.00e+00	0.00e+00	0.00e+00	0.00e+00
 2.82683e+22	9.61e-01	3.93e-02	6.47e-06	0.00e+00	0.00e+00	0.00e+00	0.00e+00	0.00e+00
 2.85769e+22	9.61e-01	3.92e-02	6.26e-06	0.00e+00	0.00e+00	0.00e+00	0.00e+00	0.00e+00
 2.88855e+22	9.61e-01	3.90e-02	6.06e-06	0.00e+00	0.00e+00	0.00e+00	0.00e+00	0.00e+00
 2.91940e+22	9.61e-01	3.88e-02	5.86e-06	0.00e+00	0.00e+00	0.00e+00	0.00e+00	0.00e+00
 2.95026e+22	9.61e-01	3.86e-02	5.68e-06	0.00e+00	0.00e+00	0.00e+00	0.00e+00	0.00e+00
 2.98112e+22	9.62e-01	3.84e-02	5.50e-06	0.00e+00	0.00e+00	0.00e+00	0.00e+00	0.00e+00
 3.01197e+22	9.62e-01	3.81e-02	5.32e-06	0.00e+00	0.00e+00	0.00e+00	0.00e+00	0.00e+00
 3.04224e+22	9.62e-01	3.79e-02	5.16e-06	0.00e+00	0.00e+00	0.00e+00	0.00e+00	0.00e+00
 3.06569e+22	9.62e-01	3.75e-02	5.04e-06	0.00e+00	0.00e+00	0.00e+00	0.00e+00	0.00e+00
 3.07738e+22	9.63e-01	3.73e-02	4.99e-06	0.00e+00	0.00e+00	0.00e+00	0.00e+00	0.00e+00
 3.08193e+22	9.63e-01	3.72e-02	4.96e-06	0.00e+00	0.00e+00	0.00e+00	0.00e+00	0.00e+00
 3.08454e+22	9.63e-01	3.73e-02	4.95e-06	0.00e+00	0.00e+00	0.00e+00	0.00e+00	0.00e+00
