#depth	O	O+	O+2	O+3	O+4	O+5	O+6	O+7	O+8	O[1]	O[2]	O[3]
 1.66783e+16	8.08e-02	8.64e-01	5.51e-02	1.16e-04	5.02e-07	0.00e+00	0.00e+00	0.00e+00	0.00e+00	8.08e-02	8.16e-07	6.02e-07
 1.00070e+17	8.05e-02	8.64e-01	5.54e-02	1.17e-04	5.07e-07	0.00e+00	0.00e+00	0.00e+00	0.00e+00	8.05e-02	8.12e-07	5.99e-07
 4.33636e+17	8.01e-02	8.64e-01	5.58e-02	1.18e-04	5.10e-07	0.00e+00	0.00e+00	0.00e+00	0.00e+00	8.01e-02	8.09e-07	5.96e-07
 1.76790e+18	7.97e-02	8.64e-01	5.64e-02	1.18e-04	5.13e-07	0.00e+00	0.00e+00	0.00e+00	0.00e+00	7.97e-02	8.04e-07	5.93e-07
 4.22295e+18	7.62e-02	8.64e-01	5.99e-02	1.28e-04	5.47e-07	0.00e+00	0.00e+00	0.00e+00	0.00e+00	7.62e-02	7.68e-07	5.67e-07
 7.41451e+18	7.54e-02	8.64e-01	6.07e-02	1.27e-04	5.48e-07	0.00e+00	0.00e+00	0.00e+00	0.00e+00	7.54e-02	7.57e-07	5.59e-07
 1.15635e+19	7.67e-02	8.64e-01	5.96e-02	1.18e-04	5.22e-07	0.00e+00	0.00e+00	0.00e+00	0.00e+00	7.67e-02	7.68e-07	5.67e-07
 1.69573e+19	8.05e-02	8.63e-01	5.61e-02	1.02e-04	4.70e-07	0.00e+00	0.00e+00	0.00e+00	0.00e+00	8.05e-02	8.02e-07	5.93e-07
 2.33696e+19	8.69e-02	8.62e-01	5.09e-02	8.15e-05	4.03e-07	0.00e+00	0.00e+00	0.00e+00	0.00e+00	8.69e-02	8.63e-07	6.37e-07
 2.98630e+19	9.60e-02	8.59e-01	4.48e-02	6.21e-05	3.33e-07	0.00e+00	0.00e+00	0.00e+00	0.00e+00	9.60e-02	9.50e-07	7.00e-07
 3.66059e+19	1.09e-01	8.53e-01	3.77e-02	4.39e-05	2.62e-07	0.00e+00	0.00e+00	0.00e+00	0.00e+00	1.09e-01	1.07e-06	7.90e-07
 4.43381e+19	1.29e-01	8.41e-01	2.98e-02	2.79e-05	1.90e-07	0.00e+00	0.00e+00	0.00e+00	0.00e+00	1.29e-01	1.26e-06	9.23e-07
 5.19731e+19	1.55e-01	8.22e-01	2.28e-02	1.70e-05	1.33e-07	0.00e+00	0.00e+00	0.00e+00	0.00e+00	1.55e-01	1.49e-06	1.09e-06
 5.89875e+19	1.86e-01	7.97e-01	1.71e-02	1.01e-05	0.00e+00	0.00e+00	0.00e+00	0.00e+00	0.00e+00	1.86e-01	1.76e-06	1.28e-06
 6.58396e+19	2.25e-01	7.63e-01	1.25e-02	5.94e-06	0.00e+00	0.00e+00	0.00e+00	0.00e+00	0.00e+00	2.25e-01	2.06e-06	1.50e-06
 7.21583e+19	2.68e-01	7.23e-01	9.19e-03	3.54e-06	0.00e+00	0.00e+00	0.00e+00	0.00e+00	0.00e+00	2.68e-01	2.37e-06	1.73e-06
 7.77102e+19	3.12e-01	6.81e-01	6.88e-03	2.24e-06	0.00e+00	0.00e+00	0.00e+00	0.00e+00	0.00e+00	3.12e-01	2.65e-06	1.93e-06
 8.23815e+19	3.52e-01	6.43e-01	5.34e-03	1.52e-06	0.00e+00	0.00e+00	0.00e+00	0.00e+00	0.00e+00	3.52e-01	2.88e-06	2.09e-06
 8.61949e+19	3.87e-01	6.09e-01	4.33e-03	1.12e-06	0.00e+00	0.00e+00	0.00e+00	0.00e+00	0.00e+00	3.87e-01	3.04e-06	2.20e-06
 8.94827e+19	4.17e-01	5.79e-01	3.61e-03	8.66e-07	0.00e+00	0.00e+00	0.00e+00	0.00e+00	0.00e+00	4.17e-01	3.16e-06	2.29e-06
 9.25534e+19	4.46e-01	5.51e-01	3.04e-03	6.84e-07	0.00e+00	0.00e+00	0.00e+00	0.00e+00	0.00e+00	4.46e-01	3.26e-06	2.36e-06
 9.55383e+19	4.74e-01	5.24e-01	2.57e-03	5.49e-07	0.00e+00	0.00e+00	0.00e+00	0.00e+00	0.00e+00	4.74e-01	3.34e-06	2.42e-06
 9.84155e+19	5.00e-01	4.97e-01	2.19e-03	4.47e-07	0.00e+00	0.00e+00	0.00e+00	0.00e+00	0.00e+00	5.00e-01	3.40e-06	2.46e-06
 1.01159e+20	5.25e-01	4.73e-01	1.88e-03	3.71e-07	0.00e+00	0.00e+00	0.00e+00	0.00e+00	0.00e+00	5.25e-01	3.44e-06	2.48e-06
 1.03804e+20	5.49e-01	4.50e-01	1.63e-03	3.11e-07	0.00e+00	0.00e+00	0.00e+00	0.00e+00	0.00e+00	5.49e-01	3.46e-06	2.50e-06
 1.06426e+20	5.71e-01	4.28e-01	1.41e-03	2.63e-07	0.00e+00	0.00e+00	0.00e+00	0.00e+00	0.00e+00	5.71e-01	3.48e-06	2.51e-06
 1.09014e+20	5.92e-01	4.07e-01	1.23e-03	2.25e-07	0.00e+00	0.00e+00	0.00e+00	0.00e+00	0.00e+00	5.92e-01	3.48e-06	2.51e-06
 1.11064e+20	6.06e-01	3.93e-01	1.11e-03	2.02e-07	0.00e+00	0.00e+00	0.00e+00	0.00e+00	0.00e+00	6.06e-01	3.47e-06	2.50e-06
 1.12501e+20	6.17e-01	3.82e-01	1.03e-03	1.86e-07	0.00e+00	0.00e+00	0.00e+00	0.00e+00	0.00e+00	6.17e-01	3.47e-06	2.50e-06
 1.13904e+20	6.28e-01	3.71e-01	9.51e-04	1.72e-07	0.00e+00	0.00e+00	0.00e+00	0.00e+00	0.00e+00	6.28e-01	3.45e-06	2.49e-06
 1.15495e+20	6.39e-01	3.60e-01	8.75e-04	1.58e-07	0.00e+00	0.00e+00	0.00e+00	0.00e+00	0.00e+00	6.39e-01	3.44e-06	2.48e-06
 1.17259e+20	6.51e-01	3.48e-01	7.97e-04	1.44e-07	0.00e+00	0.00e+00	0.00e+00	0.00e+00	0.00e+00	6.51e-01	3.42e-06	2.46e-06
 1.19042e+20	6.62e-01	3.37e-01	7.29e-04	1.32e-07	0.00e+00	0.00e+00	0.00e+00	0.00e+00	0.00e+00	6.62e-01	3.40e-06	2.45e-06
 1.20803e+20	6.74e-01	3.26e-01	6.67e-04	1.21e-07	0.00e+00	0.00e+00	0.00e+00	0.00e+00	0.00e+00	6.74e-01	3.38e-06	2.43e-06
 1.22613e+20	6.85e-01	3.15e-01	6.08e-04	0.00e+00	0.00e+00	0.00e+00	0.00e+00	0.00e+00	0.00e+00	6.85e-01	3.35e-06	2.41e-06
 1.24458e+20	6.95e-01	3.04e-01	5.55e-04	0.00e+00	0.00e+00	0.00e+00	0.00e+00	0.00e+00	0.00e+00	6.95e-01	3.33e-06	2.39e-06
 1.26350e+20	7.06e-01	2.94e-01	5.06e-04	0.00e+00	0.00e+00	0.00e+00	0.00e+00	0.00e+00	0.00e+00	7.06e-01	3.30e-06	2.37e-06
 1.28307e+20	7.16e-01	2.84e-01	4.60e-04	0.00e+00	0.00e+00	0.00e+00	0.00e+00	0.00e+00	0.00e+00	7.16e-01	3.26e-06	2.34e-06
 1.30323e+20	7.26e-01	2.74e-01	4.18e-04	0.00e+00	0.00e+00	0.00e+00	0.00e+00	0.00e+00	0.00e+00	7.26e-01	3.23e-06	2.32e-06
 1.32399e+20	7.36e-01	2.64e-01	3.78e-04	0.00e+00	0.00e+00	0.00e+00	0.00e+00	0.00e+00	0.00e+00	7.36e-01	3.19e-06	2.29e-06
 1.34525e+20	7.46e-01	2.54e-01	3.43e-04	0.00e+00	0.00e+00	0.00e+00	0.00e+00	0.00e+00	0.00e+00	7.46e-01	3.16e-06	2.26e-06
 1.36707e+20	7.55e-01	2.45e-01	3.10e-04	0.00e+00	0.00e+00	0.00e+00	0.00e+00	0.00e+00	0.00e+00	7.55e-01	3.12e-06	2.23e-06
 1.38963e+20	7.64e-01	2.36e-01	2.80e-04	0.00e+00	0.00e+00	0.00e+00	0.00e+00	0.00e+00	0.00e+00	7.64e-01	3.08e-06	2.20e-06
 1.41293e+20	7.73e-01	2.27e-01	2.52e-04	0.00e+00	0.00e+00	0.00e+00	0.00e+00	0.00e+00	0.00e+00	7.73e-01	3.04e-06	2.17e-06
 1.43691e+20	7.82e-01	2.18e-01	2.26e-04	0.00e+00	0.00e+00	0.00e+00	0.00e+00	0.00e+00	0.00e+00	7.82e-01	2.99e-06	2.14e-06
 1.46151e+20	7.90e-01	2.10e-01	2.03e-04	0.00e+00	0.00e+00	0.00e+00	0.00e+00	0.00e+00	0.00e+00	7.90e-01	2.95e-06	2.11e-06
 1.48684e+20	7.98e-01	2.02e-01	1.82e-04	0.00e+00	0.00e+00	0.00e+00	0.00e+00	0.00e+00	0.00e+00	7.98e-01	2.91e-06	2.08e-06
 1.51306e+20	8.06e-01	1.94e-01	1.63e-04	0.00e+00	0.00e+00	0.00e+00	0.00e+00	0.00e+00	0.00e+00	8.06e-01	2.86e-06	2.04e-06
 1.54012e+20	8.14e-01	1.86e-01	1.46e-04	0.00e+00	0.00e+00	0.00e+00	0.00e+00	0.00e+00	0.00e+00	8.14e-01	2.82e-06	2.01e-06
 1.56799e+20	8.21e-01	1.79e-01	1.30e-04	0.00e+00	0.00e+00	0.00e+00	0.00e+00	0.00e+00	0.00e+00	8.21e-01	2.77e-06	1.98e-06
 1.59670e+20	8.28e-01	1.71e-01	1.16e-04	0.00e+00	0.00e+00	0.00e+00	0.00e+00	0.00e+00	0.00e+00	8.28e-01	2.73e-06	1.94e-06
 1.62620e+20	8.35e-01	1.65e-01	1.03e-04	0.00e+00	0.00e+00	0.00e+00	0.00e+00	0.00e+00	0.00e+00	8.35e-01	2.69e-06	1.91e-06
 1.65680e+20	8.42e-01	1.58e-01	9.15e-05	0.00e+00	0.00e+00	0.00e+00	0.00e+00	0.00e+00	0.00e+00	8.42e-01	2.64e-06	1.88e-06
 1.68835e+20	8.49e-01	1.51e-01	8.12e-05	0.00e+00	0.00e+00	0.00e+00	0.00e+00	0.00e+00	0.00e+00	8.49e-01	2.60e-06	1.85e-06
 1.72072e+20	8.55e-01	1.45e-01	7.20e-05	0.00e+00	0.00e+00	0.00e+00	0.00e+00	0.00e+00	0.00e+00	8.55e-01	2.55e-06	1.81e-06
 1.75416e+20	8.61e-01	1.39e-01	6.38e-05	0.00e+00	0.00e+00	0.00e+00	0.00e+00	0.00e+00	0.00e+00	8.61e-01	2.51e-06	1.78e-06
 1.78842e+20	8.66e-01	1.34e-01	5.66e-05	0.00e+00	0.00e+00	0.00e+00	0.00e+00	0.00e+00	0.00e+00	8.66e-01	2.47e-06	1.75e-06
 1.82346e+20	8.72e-01	1.28e-01	5.02e-05	0.00e+00	0.00e+00	0.00e+00	0.00e+00	0.00e+00	0.00e+00	8.72e-01	2.43e-06	1.72e-06
 1.85961e+20	8.77e-01	1.23e-01	4.45e-05	0.00e+00	0.00e+00	0.00e+00	0.00e+00	0.00e+00	0.00e+00	8.77e-01	2.39e-06	1.69e-06
 1.89684e+20	8.82e-01	1.18e-01	3.95e-05	0.00e+00	0.00e+00	0.00e+00	0.00e+00	0.00e+00	0.00e+00	8.82e-01	2.36e-06	1.66e-06
 1.93494e+20	8.87e-01	1.13e-01	3.51e-05	0.00e+00	0.00e+00	0.00e+00	0.00e+00	0.00e+00	0.00e+00	8.87e-01	2.32e-06	1.64e-06
 1.97410e+20	8.91e-01	1.09e-01	3.13e-05	0.00e+00	0.00e+00	0.00e+00	0.00e+00	0.00e+00	0.00e+00	8.91e-01	2.28e-06	1.61e-06
 2.01466e+20	8.95e-01	1.05e-01	2.79e-05	0.00e+00	0.00e+00	0.00e+00	0.00e+00	0.00e+00	0.00e+00	8.95e-01	2.25e-06	1.59e-06
 2.05677e+20	8.99e-01	1.01e-01	2.48e-05	0.00e+00	0.00e+00	0.00e+00	0.00e+00	0.00e+00	0.00e+00	8.99e-01	2.22e-06	1.56e-06
 2.10057e+20	9.03e-01	9.71e-02	2.22e-05	0.00e+00	0.00e+00	0.00e+00	0.00e+00	0.00e+00	0.00e+00	9.03e-01	2.19e-06	1.54e-06
 2.14612e+20	9.07e-01	9.35e-02	1.98e-05	0.00e+00	0.00e+00	0.00e+00	0.00e+00	0.00e+00	0.00e+00	9.07e-01	2.16e-06	1.52e-06
 2.19382e+20	9.10e-01	9.01e-02	1.77e-05	0.00e+00	0.00e+00	0.00e+00	0.00e+00	0.00e+00	0.00e+00	9.10e-01	2.13e-06	1.50e-06
 2.24399e+20	9.13e-01	8.69e-02	1.59e-05	0.00e+00	0.00e+00	0.00e+00	0.00e+00	0.00e+00	0.00e+00	9.13e-01	2.10e-06	1.47e-06
 2.29699e+20	9.16e-01	8.39e-02	1.43e-05	0.00e+00	0.00e+00	0.00e+00	0.00e+00	0.00e+00	0.00e+00	9.16e-01	2.08e-06	1.46e-06
 2.35319e+20	9.19e-01	8.10e-02	1.28e-05	0.00e+00	0.00e+00	0.00e+00	0.00e+00	0.00e+00	0.00e+00	9.19e-01	2.05e-06	1.44e-06
 2.41285e+20	9.22e-01	7.83e-02	1.15e-05	0.00e+00	0.00e+00	0.00e+00	0.00e+00	0.00e+00	0.00e+00	9.22e-01	2.03e-06	1.42e-06
 2.47706e+20	9.24e-01	7.57e-02	1.04e-05	0.00e+00	0.00e+00	0.00e+00	0.00e+00	0.00e+00	0.00e+00	9.24e-01	2.00e-06	1.40e-06
 2.54666e+20	9.27e-01	7.33e-02	9.38e-06	0.00e+00	0.00e+00	0.00e+00	0.00e+00	0.00e+00	0.00e+00	9.27e-01	1.98e-06	1.38e-06
 2.62206e+20	9.29e-01	7.10e-02	8.48e-06	0.00e+00	0.00e+00	0.00e+00	0.00e+00	0.00e+00	0.00e+00	9.29e-01	1.96e-06	1.37e-06
 2.70436e+20	9.31e-01	6.88e-02	7.67e-06	0.00e+00	0.00e+00	0.00e+00	0.00e+00	0.00e+00	0.00e+00	9.31e-01	1.94e-06	1.35e-06
 2.79502e+20	9.33e-01	6.67e-02	6.95e-06	0.00e+00	0.00e+00	0.00e+00	0.00e+00	0.00e+00	0.00e+00	9.33e-01	1.92e-06	1.34e-06
 2.89549e+20	9.35e-01	6.47e-02	6.30e-06	0.00e+00	0.00e+00	0.00e+00	0.00e+00	0.00e+00	0.00e+00	9.35e-01	1.90e-06	1.32e-06
 3.00747e+20	9.37e-01	6.28e-02	5.72e-06	0.00e+00	0.00e+00	0.00e+00	0.00e+00	0.00e+00	0.00e+00	9.37e-01	1.88e-06	1.31e-06
 3.13307e+20	9.39e-01	6.10e-02	5.20e-06	0.00e+00	0.00e+00	0.00e+00	0.00e+00	0.00e+00	0.00e+00	9.39e-01	1.87e-06	1.29e-06
 3.27445e+20	9.41e-01	5.92e-02	4.72e-06	0.00e+00	0.00e+00	0.00e+00	0.00e+00	0.00e+00	0.00e+00	9.41e-01	1.85e-06	1.28e-06
 3.43385e+20	9.42e-01	5.75e-02	4.30e-06	0.00e+00	0.00e+00	0.00e+00	0.00e+00	0.00e+00	0.00e+00	9.42e-01	1.83e-06	1.27e-06
 3.61388e+20	9.44e-01	5.59e-02	3.91e-06	0.00e+00	0.00e+00	0.00e+00	0.00e+00	0.00e+00	0.00e+00	9.44e-01	1.82e-06	1.25e-06
 3.81784e+20	9.46e-01	5.43e-02	3.55e-06	0.00e+00	0.00e+00	0.00e+00	0.00e+00	0.00e+00	0.00e+00	9.46e-01	1.80e-06	1.24e-06
 4.04796e+20	9.47e-01	5.28e-02	3.23e-06	0.00e+00	0.00e+00	0.00e+00	0.00e+00	0.00e+00	0.00e+00	9.47e-01	1.79e-06	1.22e-06
 4.30722e+20	9.49e-01	5.13e-02	2.94e-06	0.00e+00	0.00e+00	0.00e+00	0.00e+00	0.00e+00	0.00e+00	9.49e-01	1.77e-06	1.21e-06
 4.60052e+20	9.50e-01	4.99e-02	2.68e-06	0.00e+00	0.00e+00	0.00e+00	0.00e+00	0.00e+00	0.00e+00	9.50e-01	1.76e-06	1.19e-06
 4.93236e+20	9.52e-01	4.85e-02	2.45e-06	0.00e+00	0.00e+00	0.00e+00	0.00e+00	0.00e+00	0.00e+00	9.52e-01	1.75e-06	1.18e-06
 5.30827e+20	9.53e-01	4.71e-02	2.23e-06	0.00e+00	0.00e+00	0.00e+00	0.00e+00	0.00e+00	0.00e+00	9.53e-01	1.74e-06	1.17e-06
 5.73634e+20	9.54e-01	4.58e-02	2.04e-06	0.00e+00	0.00e+00	0.00e+00	0.00e+00	0.00e+00	0.00e+00	9.54e-01	1.73e-06	1.16e-06
 6.22918e+20	9.55e-01	4.46e-02	1.87e-06	0.00e+00	0.00e+00	0.00e+00	0.00e+00	0.00e+00	0.00e+00	9.55e-01	1.72e-06	1.14e-06
 6.79841e+20	9.57e-01	4.34e-02	1.71e-06	0.00e+00	0.00e+00	0.00e+00	0.00e+00	0.00e+00	0.00e+00	9.57e-01	1.71e-06	1.13e-06
 7.45821e+20	9.58e-01	4.23e-02	1.58e-06	0.00e+00	0.00e+00	0.00e+00	0.00e+00	0.00e+00	0.00e+00	9.58e-01	1.71e-06	1.12e-06
 8.20403e+20	9.59e-01	4.13e-02	1.46e-06	0.00e+00	0.00e+00	0.00e+00	0.00e+00	0.00e+00	0.00e+00	9.59e-01	1.70e-06	1.12e-06
 9.02443e+20	9.60e-01	4.04e-02	1.36e-06	0.00e+00	0.00e+00	0.00e+00	0.00e+00	0.00e+00	0.00e+00	9.60e-01	1.71e-06	1.11e-06
 9.92688e+20	9.60e-01	3.96e-02	1.27e-06	0.00e+00	0.00e+00	0.00e+00	0.00e+00	0.00e+00	0.00e+00	9.60e-01	1.71e-06	1.10e-06
 1.09196e+21	9.61e-01	3.89e-02	1.20e-06	0.00e+00	0.00e+00	0.00e+00	0.00e+00	0.00e+00	0.00e+00	9.61e-01	1.71e-06	1.10e-06
 1.20115e+21	9.62e-01	3.84e-02	1.14e-06	0.00e+00	0.00e+00	0.00e+00	0.00e+00	0.00e+00	0.00e+00	9.62e-01	1.72e-06	1.10e-06
 1.32127e+21	9.62e-01	3.79e-02	1.08e-06	0.00e+00	0.00e+00	0.00e+00	0.00e+00	0.00e+00	0.00e+00	9.62e-01	1.73e-06	1.09e-06
 1.45339e+21	9.63e-01	3.74e-02	1.03e-06	0.00e+00	0.00e+00	0.00e+00	0.00e+00	0.00e+00	0.00e+00	9.63e-01	1.74e-06	1.09e-06
 1.59873e+21	9.63e-01	3.70e-02	9.85e-07	0.00e+00	0.00e+00	0.00e+00	0.00e+00	0.00e+00	0.00e+00	9.63e-01	1.75e-06	1.09e-06
 1.75861e+21	9.63e-01	3.67e-02	9.44e-07	0.00e+00	0.00e+00	0.00e+00	0.00e+00	0.00e+00	0.00e+00	9.63e-01	1.77e-06	1.09e-06
 1.93447e+21	9.64e-01	3.64e-02	9.07e-07	0.00e+00	0.00e+00	0.00e+00	0.00e+00	0.00e+00	0.00e+00	9.64e-01	1.78e-06	1.08e-06
 2.12791e+21	9.64e-01	3.62e-02	8.71e-07	0.00e+00	0.00e+00	0.00e+00	0.00e+00	0.00e+00	0.00e+00	9.64e-01	1.80e-06	1.08e-06
 2.34071e+21	9.64e-01	3.60e-02	8.38e-07	0.00e+00	0.00e+00	0.00e+00	0.00e+00	0.00e+00	0.00e+00	9.64e-01	1.82e-06	1.08e-06
 2.57478e+21	9.64e-01	3.58e-02	8.05e-07	0.00e+00	0.00e+00	0.00e+00	0.00e+00	0.00e+00	0.00e+00	9.64e-01	1.85e-06	1.08e-06
 2.83225e+21	9.64e-01	3.57e-02	7.74e-07	0.00e+00	0.00e+00	0.00e+00	0.00e+00	0.00e+00	0.00e+00	9.64e-01	1.87e-06	1.08e-06
 3.11548e+21	9.64e-01	3.55e-02	7.43e-07	0.00e+00	0.00e+00	0.00e+00	0.00e+00	0.00e+00	0.00e+00	9.64e-01	1.90e-06	1.08e-06
 3.42703e+21	9.65e-01	3.54e-02	7.12e-07	0.00e+00	0.00e+00	0.00e+00	0.00e+00	0.00e+00	0.00e+00	9.65e-01	1.93e-06	1.08e-06
 3.76973e+21	9.65e-01	3.53e-02	6.81e-07	0.00e+00	0.00e+00	0.00e+00	0.00e+00	0.00e+00	0.00e+00	9.65e-01	1.96e-06	1.08e-06
 4.14670e+21	9.65e-01	3.51e-02	6.50e-07	0.00e+00	0.00e+00	0.00e+00	0.00e+00	0.00e+00	0.00e+00	9.65e-01	1.99e-06	1.08e-06
 4.52635e+21	9.65e-01	3.51e-02	6.22e-07	0.00e+00	0.00e+00	0.00e+00	0.00e+00	0.00e+00	0.00e+00	9.65e-01	2.03e-06	1.08e-06
 4.87898e+21	9.65e-01	3.51e-02	5.98e-07	0.00e+00	0.00e+00	0.00e+00	0.00e+00	0.00e+00	0.00e+00	9.65e-01	2.06e-06	1.08e-06
 5.27103e+21	9.65e-01	3.50e-02	5.72e-07	0.00e+00	0.00e+00	0.00e+00	0.00e+00	0.00e+00	0.00e+00	9.65e-01	2.09e-06	1.08e-06
 5.69293e+21	9.65e-01	3.50e-02	5.46e-07	0.00e+00	0.00e+00	0.00e+00	0.00e+00	0.00e+00	0.00e+00	9.65e-01	2.13e-06	1.08e-06
 6.06309e+21	9.65e-01	3.50e-02	5.26e-07	0.00e+00	0.00e+00	0.00e+00	0.00e+00	0.00e+00	0.00e+00	9.65e-01	2.16e-06	1.08e-06
 6.39826e+21	9.65e-01	3.50e-02	5.08e-07	0.00e+00	0.00e+00	0.00e+00	0.00e+00	0.00e+00	0.00e+00	9.65e-01	2.18e-06	1.08e-06
 6.77846e+21	9.65e-01	3.49e-02	4.88e-07	0.00e+00	0.00e+00	0.00e+00	0.00e+00	0.00e+00	0.00e+00	9.65e-01	2.21e-06	1.08e-06
 7.19808e+21	9.65e-01	3.49e-02	4.68e-07	0.00e+00	0.00e+00	0.00e+00	0.00e+00	0.00e+00	0.00e+00	9.65e-01	2.24e-06	1.08e-06
 7.58158e+21	9.65e-01	3.49e-02	4.51e-07	0.00e+00	0.00e+00	0.00e+00	0.00e+00	0.00e+00	0.00e+00	9.65e-01	2.27e-06	1.08e-06
 7.93296e+21	9.65e-01	3.49e-02	4.36e-07	0.00e+00	0.00e+00	0.00e+00	0.00e+00	0.00e+00	0.00e+00	9.65e-01	2.29e-06	1.08e-06
 8.32997e+21	9.65e-01	3.49e-02	4.20e-07	0.00e+00	0.00e+00	0.00e+00	0.00e+00	0.00e+00	0.00e+00	9.65e-01	2.31e-06	1.08e-06
 8.76868e+21	9.65e-01	3.49e-02	4.03e-07	0.00e+00	0.00e+00	0.00e+00	0.00e+00	0.00e+00	0.00e+00	9.65e-01	2.34e-06	1.08e-06
 9.17068e+21	9.65e-01	3.49e-02	3.89e-07	0.00e+00	0.00e+00	0.00e+00	0.00e+00	0.00e+00	0.00e+00	9.65e-01	2.36e-06	1.08e-06
 9.54272e+21	9.65e-01	3.49e-02	3.76e-07	0.00e+00	0.00e+00	0.00e+00	0.00e+00	0.00e+00	0.00e+00	9.65e-01	2.38e-06	1.08e-06
 9.96671e+21	9.65e-01	3.49e-02	3.62e-07	0.00e+00	0.00e+00	0.00e+00	0.00e+00	0.00e+00	0.00e+00	9.65e-01	2.40e-06	1.08e-06
 1.04393e+22	9.65e-01	3.49e-02	3.47e-07	0.00e+00	0.00e+00	0.00e+00	0.00e+00	0.00e+00	0.00e+00	9.65e-01	2.42e-06	1.08e-06
 1.08821e+22	9.65e-01	3.49e-02	3.34e-07	0.00e+00	0.00e+00	0.00e+00	0.00e+00	0.00e+00	0.00e+00	9.65e-01	2.44e-06	1.08e-06
 1.13648e+22	9.65e-01	3.49e-02	3.21e-07	0.00e+00	0.00e+00	0.00e+00	0.00e+00	0.00e+00	0.00e+00	9.65e-01	2.45e-06	1.08e-06
 1.19034e+22	9.65e-01	3.49e-02	3.07e-07	0.00e+00	0.00e+00	0.00e+00	0.00e+00	0.00e+00	0.00e+00	9.65e-01	2.47e-06	1.08e-06
 1.24176e+22	9.65e-01	3.49e-02	2.95e-07	0.00e+00	0.00e+00	0.00e+00	0.00e+00	0.00e+00	0.00e+00	9.65e-01	2.48e-06	1.07e-06
 1.29889e+22	9.65e-01	3.49e-02	2.81e-07	0.00e+00	0.00e+00	0.00e+00	0.00e+00	0.00e+00	0.00e+00	9.65e-01	2.50e-06	1.07e-06
 1.37316e+22	9.65e-01	3.49e-02	2.65e-07	0.00e+00	0.00e+00	0.00e+00	0.00e+00	0.00e+00	0.00e+00	9.65e-01	2.51e-06	1.07e-06
 1.46970e+22	9.65e-01	3.49e-02	2.46e-07	0.00e+00	0.00e+00	0.00e+00	0.00e+00	0.00e+00	0.00e+00	9.65e-01	2.52e-06	1.07e-06
 1.59094e+22	9.65e-01	3.49e-02	2.25e-07	0.00e+00	0.00e+00	0.00e+00	0.00e+00	0.00e+00	0.00e+00	9.65e-01	2.53e-06	1.07e-06
 1.71697e+22	9.65e-01	3.50e-02	2.06e-07	0.00e+00	0.00e+00	0.00e+00	0.00e+00	0.00e+00	0.00e+00	9.65e-01	2.53e-06	1.08e-06
 1.83168e+22	9.65e-01	3.50e-02	1.91e-07	0.00e+00	0.00e+00	0.00e+00	0.00e+00	0.00e+00	0.00e+00	9.65e-01	2.51e-06	1.08e-06
 1.94696e+22	9.65e-01	3.50e-02	1.78e-07	0.00e+00	0.00e+00	0.00e+00	0.00e+00	0.00e+00	0.00e+00	9.65e-01	2.49e-06	1.08e-06
 2.06083e+22	9.65e-01	3.51e-02	1.66e-07	0.00e+00	0.00e+00	0.00e+00	0.00e+00	0.00e+00	0.00e+00	9.65e-01	2.45e-06	1.08e-06
 2.16331e+22	9.65e-01	3.51e-02	1.57e-07	0.00e+00	0.00e+00	0.00e+00	0.00e+00	0.00e+00	0.00e+00	9.65e-01	2.40e-06	1.08e-06
 2.25555e+22	9.65e-01	3.51e-02	1.49e-07	0.00e+00	0.00e+00	0.00e+00	0.00e+00	0.00e+00	0.00e+00	9.65e-01	2.36e-06	1.08e-06
 2.33856e+22	9.65e-01	3.51e-02	1.43e-07	0.00e+00	0.00e+00	0.00e+00	0.00e+00	0.00e+00	0.00e+00	9.65e-01	2.31e-06	1.08e-06
 2.41327e+22	9.65e-01	3.51e-02	1.38e-07	0.00e+00	0.00e+00	0.00e+00	0.00e+00	0.00e+00	0.00e+00	9.65e-01	2.26e-06	1.08e-06
 2.48051e+22	9.65e-01	3.51e-02	1.33e-07	0.00e+00	0.00e+00	0.00e+00	0.00e+00	0.00e+00	0.00e+00	9.65e-01	2.21e-06	1.08e-06
 2.54103e+22	9.65e-01	3.52e-02	1.30e-07	0.00e+00	0.00e+00	0.00e+00	0.00e+00	0.00e+00	0.00e+00	9.65e-01	2.16e-06	1.08e-06
 2.59550e+22	9.65e-01	3.52e-02	1.27e-07	0.00e+00	0.00e+00	0.00e+00	0.00e+00	0.00e+00	0.00e+00	9.65e-01	2.11e-06	1.08e-06
 2.64451e+22	9.65e-01	3.52e-02	1.24e-07	0.00e+00	0.00e+00	0.00e+00	0.00e+00	0.00e+00	0.00e+00	9.65e-01	2.07e-06	1.08e-06
 2.68863e+22	9.65e-01	3.52e-02	1.22e-07	0.00e+00	0.00e+00	0.00e+00	0.00e+00	0.00e+00	0.00e+00	9.65e-01	2.03e-06	1.08e-06
 2.72833e+22	9.65e-01	3.52e-02	1.20e-07	0.00e+00	0.00e+00	0.00e+00	0.00e+00	0.00e+00	0.00e+00	9.65e-01	1.99e-06	1.08e-06
 2.76407e+22	9.65e-01	3.52e-02	1.18e-07	0.00e+00	0.00e+00	0.00e+00	0.00e+00	0.00e+00	0.00e+00	9.65e-01	1.95e-06	1.08e-06
 2.79642e+22	9.65e-01	3.52e-02	1.16e-07	0.00e+00	0.00e+00	0.00e+00	0.00e+00	0.00e+00	0.00e+00	9.65e-01	1.92e-06	1.08e-06
 2.82728e+22	9.65e-01	3.52e-02	1.15e-07	0.00e+00	0.00e+00	0.00e+00	0.00e+00	0.00e+00	0.00e+00	9.65e-01	1.89e-06	1.08e-06
 2.85814e+22	9.65e-01	3.52e-02	1.13e-07	0.00e+00	0.00e+00	0.00e+00	0.00e+00	0.00e+00	0.00e+00	9.65e-01	1.85e-06	1.08e-06
 2.88899e+22	9.65e-01	3.52e-02	1.12e-07	0.00e+00	0.00e+00	0.00e+00	0.00e+00	0.00e+00	0.00e+00	9.65e-01	1.82e-06	1.08e-06
 2.91985e+22	9.65e-01	3.51e-02	1.11e-07	0.00e+00	0.00e+00	0.00e+00	0.00e+00	0.00e+00	0.00e+00	9.65e-01	1.79e-06	1.08e-06
 2.95071e+22	9.65e-01	3.51e-02	1.09e-07	0.00e+00	0.00e+00	0.00e+00	0.00e+00	0.00e+00	0.00e+00	9.65e-01	1.75e-06	1.08e-06
 2.98157e+22	9.65e-01	3.49e-02	1.08e-07	0.00e+00	0.00e+00	0.00e+00	0.00e+00	0.00e+00	0.00e+00	9.65e-01	1.71e-06	1.08e-06
 3.01242e+22	9.65e-01	3.48e-02	1.06e-07	0.00e+00	0.00e+00	0.00e+00	0.00e+00	0.00e+00	0.00e+00	9.65e-01	1.68e-06	1.08e-06
 3.04250e+22	9.65e-01	3.45e-02	1.05e-07	0.00e+00	0.00e+00	0.00e+00	0.00e+00	0.00e+00	0.00e+00	9.65e-01	1.64e-06	1.07e-06
 3.06524e+22	9.66e-01	3.42e-02	1.03e-07	0.00e+00	0.00e+00	0.00e+00	0.00e+00	0.00e+00	0.00e+00	9.66e-01	1.60e-06	1.07e-06
 3.07606e+22	9.66e-01	3.40e-02	1.03e-07	0.00e+00	0.00e+00	0.00e+00	0.00e+00	0.00e+00	0.00e+00	9.66e-01	1.58e-06	1.07e-06
 3.08009e+22	9.66e-01	3.40e-02	1.02e-07	0.00e+00	0.00e+00	0.00e+00	0.00e+00	0.00e+00	0.00e+00	9.66e-01	1.57e-06	1.07e-06
 3.08306e+22	9.66e-01	3.39e-02	1.02e-07	0.00e+00	0.00e+00	0.00e+00	0.00e+00	0.00e+00	0.00e+00	9.66e-01	1.57e-06	1.07e-06
 3.08521e+22	9.66e-01	3.39e-02	1.02e-07	0.00e+00	0.00e+00	0.00e+00	0.00e+00	0.00e+00	0.00e+00	9.66e-01	1.56e-06	1.07e-06
