#depth	He	He+	He+2
 1.40406e+16	7.52e-02	8.16e-01	1.09e-01
 8.42439e+16	7.48e-02	8.16e-01	1.09e-01
 3.65057e+17	7.48e-02	8.16e-01	1.09e-01
 1.48831e+18	7.51e-02	8.16e-01	1.09e-01
 3.55509e+18	7.53e-02	8.16e-01	1.08e-01
 6.24191e+18	7.60e-02	8.17e-01	1.07e-01
 9.73477e+18	7.71e-02	8.17e-01	1.06e-01
 1.42755e+19	7.86e-02	8.17e-01	1.04e-01
 1.98014e+19	8.05e-02	8.17e-01	1.02e-01
 2.60123e+19	8.32e-02	8.17e-01	1.00e-01
 3.32475e+19	8.69e-02	8.16e-01	9.73e-02
 4.13396e+19	9.17e-02	8.14e-01	9.44e-02
 4.89978e+19	9.70e-02	8.11e-01	9.20e-02
 5.54064e+19	1.02e-01	8.08e-01	9.01e-02
 6.08110e+19	1.08e-01	8.04e-01	8.86e-02
 6.66671e+19	1.14e-01	7.99e-01	8.66e-02
 7.31286e+19	1.23e-01	7.93e-01	8.47e-02
 7.90157e+19	1.31e-01	7.86e-01	8.31e-02
 8.40231e+19	1.39e-01	7.79e-01	8.19e-02
 8.82857e+19	1.47e-01	7.72e-01	8.08e-02
 9.22219e+19	1.55e-01	7.65e-01	7.98e-02
 9.60982e+19	1.63e-01	7.58e-01	7.87e-02
 9.99207e+19	1.72e-01	7.51e-01	7.76e-02
 1.03737e+20	1.81e-01	7.43e-01	7.65e-02
 1.07478e+20	1.90e-01	7.34e-01	7.55e-02
 1.11031e+20	2.00e-01	7.26e-01	7.44e-02
 1.14510e+20	2.09e-01	7.18e-01	7.34e-02
 1.17367e+20	2.16e-01	7.11e-01	7.26e-02
 1.19425e+20	2.23e-01	7.06e-01	7.19e-02
 1.21427e+20	2.29e-01	7.00e-01	7.11e-02
 1.23703e+20	2.35e-01	6.94e-01	7.04e-02
 1.26255e+20	2.44e-01	6.87e-01	6.93e-02
 1.28856e+20	2.51e-01	6.80e-01	6.85e-02
 1.31436e+20	2.60e-01	6.73e-01	6.75e-02
 1.34102e+20	2.69e-01	6.65e-01	6.65e-02
 1.36834e+20	2.78e-01	6.57e-01	6.54e-02
 1.39651e+20	2.87e-01	6.48e-01	6.43e-02
 1.42576e+20	2.97e-01	6.40e-01	6.31e-02
 1.45602e+20	3.08e-01	6.31e-01	6.20e-02
 1.48730e+20	3.19e-01	6.21e-01	6.06e-02
 1.51946e+20	3.30e-01	6.11e-01	5.93e-02
 1.55257e+20	3.41e-01	6.01e-01	5.80e-02
 1.58692e+20	3.54e-01	5.90e-01	5.66e-02
 1.62252e+20	3.66e-01	5.79e-01	5.52e-02
 1.65939e+20	3.79e-01	5.67e-01	5.37e-02
 1.69731e+20	3.92e-01	5.55e-01	5.22e-02
 1.73667e+20	4.06e-01	5.43e-01	5.06e-02
 1.77749e+20	4.20e-01	5.31e-01	4.91e-02
 1.81991e+20	4.35e-01	5.17e-01	4.74e-02
 1.86395e+20	4.50e-01	5.04e-01	4.58e-02
 1.91012e+20	4.65e-01	4.91e-01	4.41e-02
 1.95871e+20	4.81e-01	4.77e-01	4.24e-02
 2.00882e+20	4.97e-01	4.63e-01	4.07e-02
 2.06121e+20	5.13e-01	4.48e-01	3.90e-02
 2.11625e+20	5.29e-01	4.34e-01	3.72e-02
 2.17360e+20	5.45e-01	4.19e-01	3.55e-02
 2.23326e+20	5.61e-01	4.05e-01	3.37e-02
 2.29580e+20	5.77e-01	3.91e-01	3.20e-02
 2.36167e+20	5.93e-01	3.77e-01	3.03e-02
 2.43132e+20	6.09e-01	3.63e-01	2.86e-02
 2.50548e+20	6.24e-01	3.49e-01	2.69e-02
 2.58479e+20	6.40e-01	3.35e-01	2.53e-02
 2.66995e+20	6.55e-01	3.21e-01	2.36e-02
 2.76189e+20	6.70e-01	3.08e-01	2.20e-02
 2.86182e+20	6.85e-01	2.95e-01	2.04e-02
 2.97078e+20	6.99e-01	2.82e-01	1.89e-02
 3.08979e+20	7.13e-01	2.70e-01	1.74e-02
 3.22030e+20	7.26e-01	2.58e-01	1.59e-02
 3.36392e+20	7.40e-01	2.46e-01	1.45e-02
 3.52191e+20	7.53e-01	2.34e-01	1.32e-02
 3.69514e+20	7.65e-01	2.23e-01	1.19e-02
 3.88450e+20	7.77e-01	2.12e-01	1.07e-02
 4.09094e+20	7.89e-01	2.02e-01	9.63e-03
 4.31519e+20	8.00e-01	1.91e-01	8.62e-03
 4.55798e+20	8.11e-01	1.81e-01	7.70e-03
 4.82029e+20	8.21e-01	1.72e-01	6.87e-03
 5.10100e+20	8.31e-01	1.63e-01	6.12e-03
 5.40272e+20	8.41e-01	1.54e-01	5.44e-03
 5.72939e+20	8.50e-01	1.45e-01	4.82e-03
 6.08091e+20	8.58e-01	1.37e-01	4.27e-03
 6.45896e+20	8.67e-01	1.29e-01	3.78e-03
 6.86681e+20	8.75e-01	1.22e-01	3.34e-03
 7.30847e+20	8.82e-01	1.15e-01	2.94e-03
 7.78856e+20	8.89e-01	1.08e-01	2.59e-03
 8.31106e+20	8.96e-01	1.01e-01	2.28e-03
 8.88557e+20	9.03e-01	9.51e-02	2.00e-03
 9.51996e+20	9.09e-01	8.91e-02	1.75e-03
 1.02219e+21	9.15e-01	8.34e-02	1.52e-03
 1.10045e+21	9.21e-01	7.79e-02	1.33e-03
 1.18855e+21	9.26e-01	7.27e-02	1.15e-03
 1.28913e+21	9.31e-01	6.77e-02	9.96e-04
 1.40514e+21	9.36e-01	6.29e-02	8.59e-04
 1.54055e+21	9.41e-01	5.84e-02	7.37e-04
 1.69441e+21	9.45e-01	5.43e-02	6.37e-04
 1.86385e+21	9.49e-01	5.08e-02	5.55e-04
 2.05024e+21	9.52e-01	4.77e-02	4.89e-04
 2.25526e+21	9.55e-01	4.50e-02	4.35e-04
 2.48079e+21	9.57e-01	4.27e-02	3.91e-04
 2.72887e+21	9.59e-01	4.08e-02	3.56e-04
 3.00175e+21	9.61e-01	3.91e-02	3.28e-04
 3.30193e+21	9.62e-01	3.77e-02	3.04e-04
 3.63212e+21	9.63e-01	3.65e-02	2.85e-04
 3.99533e+21	9.64e-01	3.55e-02	2.70e-04
 4.39487e+21	9.65e-01	3.47e-02	2.57e-04
 4.79703e+21	9.66e-01	3.41e-02	2.47e-04
 5.16471e+21	9.66e-01	3.36e-02	2.41e-04
 5.51375e+21	9.67e-01	3.33e-02	2.36e-04
 5.91450e+21	9.67e-01	3.29e-02	2.31e-04
 6.34993e+21	9.67e-01	3.26e-02	2.27e-04
 6.73492e+21	9.67e-01	3.24e-02	2.24e-04
 7.08159e+21	9.68e-01	3.23e-02	2.21e-04
 7.47395e+21	9.68e-01	3.21e-02	2.19e-04
 7.91313e+21	9.68e-01	3.20e-02	2.17e-04
 8.32173e+21	9.68e-01	3.18e-02	2.15e-04
 8.69796e+21	9.68e-01	3.18e-02	2.14e-04
 9.12352e+21	9.68e-01	3.17e-02	2.13e-04
 9.60053e+21	9.68e-01	3.16e-02	2.11e-04
 1.00497e+22	9.68e-01	3.15e-02	2.10e-04
 1.05390e+22	9.68e-01	3.14e-02	2.09e-04
 1.10875e+22	9.68e-01	3.14e-02	2.08e-04
 1.16151e+22	9.68e-01	3.13e-02	2.08e-04
 1.22033e+22	9.69e-01	3.13e-02	2.07e-04
 1.29679e+22	9.69e-01	3.12e-02	2.06e-04
 1.39618e+22	9.69e-01	3.12e-02	2.05e-04
 1.51711e+22	9.69e-01	3.11e-02	2.04e-04
 1.64029e+22	9.69e-01	3.11e-02	2.04e-04
 1.75353e+22	9.69e-01	3.10e-02	2.04e-04
 1.87222e+22	9.69e-01	3.10e-02	2.03e-04
 1.99357e+22	9.69e-01	3.10e-02	2.03e-04
 2.10278e+22	9.69e-01	3.10e-02	2.02e-04
 2.20107e+22	9.69e-01	3.10e-02	2.02e-04
 2.28953e+22	9.69e-01	3.10e-02	2.02e-04
 2.36914e+22	9.69e-01	3.09e-02	2.02e-04
 2.44080e+22	9.69e-01	3.09e-02	2.02e-04
 2.50529e+22	9.69e-01	3.09e-02	2.02e-04
 2.56332e+22	9.69e-01	3.09e-02	2.01e-04
 2.61556e+22	9.69e-01	3.09e-02	2.01e-04
 2.66257e+22	9.69e-01	3.09e-02	2.01e-04
 2.70488e+22	9.69e-01	3.09e-02	2.01e-04
 2.74296e+22	9.69e-01	3.09e-02	2.01e-04
 2.77723e+22	9.69e-01	3.09e-02	2.01e-04
 2.80890e+22	9.69e-01	3.09e-02	2.01e-04
 2.83975e+22	9.69e-01	3.09e-02	2.01e-04
 2.87061e+22	9.69e-01	3.09e-02	2.01e-04
 2.90147e+22	9.69e-01	3.09e-02	2.01e-04
 2.93232e+22	9.69e-01	3.09e-02	2.01e-04
 2.96318e+22	9.69e-01	3.09e-02	2.02e-04
 2.99404e+22	9.69e-01	3.09e-02	2.03e-04
 3.02489e+22	9.69e-01	3.10e-02	2.04e-04
 3.05208e+22	9.69e-01	3.11e-02	2.07e-04
 3.06906e+22	9.69e-01	3.12e-02	2.08e-04
 3.07624e+22	9.69e-01	3.13e-02	2.10e-04
 3.07966e+22	9.68e-01	3.13e-02	2.10e-04
 3.08302e+22	9.68e-01	3.13e-02	2.11e-04
 3.08530e+22	9.68e-01	3.13e-02	2.11e-04
