#depth	O	O+	O+2	O+3	O+4	O+5	O+6	O+7	O+8	O[1]	O[2]	O[3]
 2.34491e+15	1.73e-03	1.91e-01	7.12e-01	9.27e-02	1.79e-03	7.55e-06	0.00e+00	0.00e+00	0.00e+00	1.73e-03	3.81e-07	4.34e-07
 1.40694e+16	1.72e-03	1.91e-01	7.13e-01	9.27e-02	1.79e-03	7.56e-06	0.00e+00	0.00e+00	0.00e+00	1.72e-03	3.80e-07	4.32e-07
 6.09675e+16	1.69e-03	1.89e-01	7.16e-01	9.23e-02	1.77e-03	7.52e-06	0.00e+00	0.00e+00	0.00e+00	1.69e-03	3.75e-07	4.25e-07
 2.48560e+17	1.65e-03	1.85e-01	7.22e-01	8.95e-02	1.69e-03	7.22e-06	0.00e+00	0.00e+00	0.00e+00	1.65e-03	3.65e-07	4.15e-07
 5.93730e+17	1.50e-03	1.73e-01	7.36e-01	8.74e-02	1.60e-03	7.06e-06	0.00e+00	0.00e+00	0.00e+00	1.50e-03	3.28e-07	3.74e-07
 1.04245e+18	1.41e-03	1.66e-01	7.49e-01	8.29e-02	1.46e-03	6.62e-06	0.00e+00	0.00e+00	0.00e+00	1.40e-03	3.05e-07	3.48e-07
 1.62579e+18	1.36e-03	1.62e-01	7.60e-01	7.58e-02	1.27e-03	5.91e-06	0.00e+00	0.00e+00	0.00e+00	1.36e-03	2.93e-07	3.35e-07
 2.38413e+18	1.37e-03	1.62e-01	7.69e-01	6.61e-02	1.05e-03	4.95e-06	0.00e+00	0.00e+00	0.00e+00	1.37e-03	2.94e-07	3.37e-07
 3.36997e+18	1.47e-03	1.69e-01	7.74e-01	5.40e-02	7.99e-04	3.80e-06	0.00e+00	0.00e+00	0.00e+00	1.47e-03	3.15e-07	3.60e-07
 4.65156e+18	1.73e-03	1.86e-01	7.71e-01	4.01e-02	5.46e-04	2.56e-06	0.00e+00	0.00e+00	0.00e+00	1.73e-03	3.70e-07	4.22e-07
 6.28370e+18	2.24e-03	2.15e-01	7.55e-01	2.66e-02	3.35e-04	1.49e-06	0.00e+00	0.00e+00	0.00e+00	2.24e-03	4.78e-07	5.43e-07
 7.78936e+18	2.84e-03	2.45e-01	7.34e-01	1.83e-02	2.22e-04	9.20e-07	0.00e+00	0.00e+00	0.00e+00	2.84e-03	6.08e-07	6.88e-07
 8.83114e+18	3.45e-03	2.70e-01	7.12e-01	1.39e-02	1.68e-04	6.41e-07	0.00e+00	0.00e+00	0.00e+00	3.45e-03	7.42e-07	8.37e-07
 9.68616e+18	4.11e-03	2.94e-01	6.91e-01	1.10e-02	1.35e-04	4.72e-07	0.00e+00	0.00e+00	0.00e+00	4.10e-03	8.85e-07	9.96e-07
 1.06318e+19	5.06e-03	3.23e-01	6.63e-01	8.38e-03	1.07e-04	3.28e-07	0.00e+00	0.00e+00	0.00e+00	5.06e-03	1.10e-06	1.23e-06
 1.16272e+19	6.29e-03	3.56e-01	6.31e-01	6.31e-03	8.57e-05	2.27e-07	0.00e+00	0.00e+00	0.00e+00	6.28e-03	1.37e-06	1.53e-06
 1.24676e+19	7.63e-03	3.86e-01	6.01e-01	4.93e-03	7.21e-05	1.65e-07	0.00e+00	0.00e+00	0.00e+00	7.62e-03	1.67e-06	1.86e-06
 1.32033e+19	9.12e-03	4.16e-01	5.71e-01	3.92e-03	6.23e-05	1.23e-07	0.00e+00	0.00e+00	0.00e+00	9.11e-03	2.01e-06	2.23e-06
 1.40226e+19	1.13e-02	4.52e-01	5.33e-01	2.98e-03	5.29e-05	0.00e+00	0.00e+00	0.00e+00	0.00e+00	1.13e-02	2.49e-06	2.77e-06
 1.48793e+19	1.41e-02	4.92e-01	4.91e-01	2.22e-03	4.50e-05	0.00e+00	0.00e+00	0.00e+00	0.00e+00	1.41e-02	3.14e-06	3.47e-06
 1.55878e+19	1.71e-02	5.28e-01	4.53e-01	1.72e-03	3.92e-05	0.00e+00	0.00e+00	0.00e+00	0.00e+00	1.71e-02	3.83e-06	4.23e-06
 1.61969e+19	2.03e-02	5.60e-01	4.18e-01	1.35e-03	3.46e-05	0.00e+00	0.00e+00	0.00e+00	0.00e+00	2.03e-02	4.58e-06	5.05e-06
 1.68733e+19	2.49e-02	5.98e-01	3.76e-01	1.01e-03	2.97e-05	0.00e+00	0.00e+00	0.00e+00	0.00e+00	2.49e-02	5.63e-06	6.19e-06
 1.75957e+19	3.10e-02	6.37e-01	3.31e-01	7.25e-04	2.50e-05	0.00e+00	0.00e+00	0.00e+00	0.00e+00	3.10e-02	7.04e-06	7.73e-06
 1.82128e+19	3.77e-02	6.71e-01	2.91e-01	5.34e-04	2.12e-05	0.00e+00	0.00e+00	0.00e+00	0.00e+00	3.77e-02	8.57e-06	9.39e-06
 1.87476e+19	4.49e-02	6.99e-01	2.56e-01	4.01e-04	1.81e-05	0.00e+00	0.00e+00	0.00e+00	0.00e+00	4.49e-02	1.02e-05	1.12e-05
 1.93406e+19	5.50e-02	7.27e-01	2.17e-01	2.82e-04	1.48e-05	0.00e+00	0.00e+00	0.00e+00	0.00e+00	5.50e-02	1.25e-05	1.37e-05
 1.99683e+19	6.83e-02	7.53e-01	1.79e-01	1.90e-04	1.16e-05	0.00e+00	0.00e+00	0.00e+00	0.00e+00	6.83e-02	1.55e-05	1.69e-05
 2.04815e+19	8.24e-02	7.69e-01	1.48e-01	1.33e-04	9.24e-06	0.00e+00	0.00e+00	0.00e+00	0.00e+00	8.23e-02	1.85e-05	2.02e-05
 2.08809e+19	9.52e-02	7.78e-01	1.27e-01	1.00e-04	7.65e-06	0.00e+00	0.00e+00	0.00e+00	0.00e+00	9.51e-02	2.13e-05	2.32e-05
 2.12921e+19	1.11e-01	7.83e-01	1.05e-01	7.23e-05	6.10e-06	0.00e+00	0.00e+00	0.00e+00	0.00e+00	1.11e-01	2.46e-05	2.68e-05
 2.17238e+19	1.31e-01	7.83e-01	8.55e-02	5.10e-05	4.72e-06	0.00e+00	0.00e+00	0.00e+00	0.00e+00	1.31e-01	2.85e-05	3.10e-05
 2.20760e+19	1.50e-01	7.79e-01	7.09e-02	3.79e-05	3.75e-06	0.00e+00	0.00e+00	0.00e+00	0.00e+00	1.50e-01	3.22e-05	3.50e-05
 2.23633e+19	1.68e-01	7.71e-01	6.02e-02	2.94e-05	3.06e-06	0.00e+00	0.00e+00	0.00e+00	0.00e+00	1.68e-01	3.55e-05	3.86e-05
 2.26722e+19	1.91e-01	7.60e-01	4.96e-02	2.21e-05	2.41e-06	0.00e+00	0.00e+00	0.00e+00	0.00e+00	1.90e-01	3.94e-05	4.28e-05
 2.29981e+19	2.16e-01	7.44e-01	4.02e-02	1.65e-05	1.85e-06	0.00e+00	0.00e+00	0.00e+00	0.00e+00	2.16e-01	4.37e-05	4.75e-05
 2.32698e+19	2.40e-01	7.27e-01	3.33e-02	1.28e-05	1.47e-06	0.00e+00	0.00e+00	0.00e+00	0.00e+00	2.40e-01	4.75e-05	5.16e-05
 2.35003e+19	2.63e-01	7.09e-01	2.81e-02	1.03e-05	1.19e-06	0.00e+00	0.00e+00	0.00e+00	0.00e+00	2.63e-01	5.08e-05	5.52e-05
 2.37535e+19	2.89e-01	6.88e-01	2.31e-02	8.15e-06	9.30e-07	0.00e+00	0.00e+00	0.00e+00	0.00e+00	2.89e-01	5.45e-05	5.92e-05
 2.40235e+19	3.19e-01	6.62e-01	1.87e-02	6.39e-06	7.15e-07	0.00e+00	0.00e+00	0.00e+00	0.00e+00	3.19e-01	5.83e-05	6.33e-05
 2.42559e+19	3.45e-01	6.39e-01	1.55e-02	5.22e-06	5.67e-07	0.00e+00	0.00e+00	0.00e+00	0.00e+00	3.45e-01	6.13e-05	6.66e-05
 2.44639e+19	3.70e-01	6.17e-01	1.30e-02	4.36e-06	4.57e-07	0.00e+00	0.00e+00	0.00e+00	0.00e+00	3.70e-01	6.39e-05	6.94e-05
 2.46992e+19	4.00e-01	5.90e-01	1.05e-02	3.56e-06	3.54e-07	0.00e+00	0.00e+00	0.00e+00	0.00e+00	3.99e-01	6.67e-05	7.23e-05
 2.49527e+19	4.30e-01	5.61e-01	8.42e-03	2.92e-06	2.71e-07	0.00e+00	0.00e+00	0.00e+00	0.00e+00	4.30e-01	6.91e-05	7.50e-05
 2.51798e+19	4.59e-01	5.35e-01	6.84e-03	2.45e-06	2.12e-07	0.00e+00	0.00e+00	0.00e+00	0.00e+00	4.58e-01	7.10e-05	7.70e-05
 2.53915e+19	4.85e-01	5.09e-01	5.61e-03	2.09e-06	1.67e-07	0.00e+00	0.00e+00	0.00e+00	0.00e+00	4.85e-01	7.24e-05	7.85e-05
 2.56045e+19	5.12e-01	4.84e-01	4.58e-03	1.79e-06	1.32e-07	0.00e+00	0.00e+00	0.00e+00	0.00e+00	5.12e-01	7.33e-05	7.95e-05
 2.58127e+19	5.37e-01	4.59e-01	3.75e-03	1.55e-06	0.00e+00	0.00e+00	0.00e+00	0.00e+00	0.00e+00	5.37e-01	7.40e-05	8.01e-05
 2.60058e+19	5.60e-01	4.37e-01	3.11e-03	1.37e-06	0.00e+00	0.00e+00	0.00e+00	0.00e+00	0.00e+00	5.60e-01	7.42e-05	8.04e-05
 2.61868e+19	5.81e-01	4.17e-01	2.61e-03	1.22e-06	0.00e+00	0.00e+00	0.00e+00	0.00e+00	0.00e+00	5.81e-01	7.43e-05	8.04e-05
 2.63304e+19	5.97e-01	4.01e-01	2.27e-03	1.12e-06	0.00e+00	0.00e+00	0.00e+00	0.00e+00	0.00e+00	5.96e-01	7.41e-05	8.03e-05
 2.64302e+19	6.07e-01	3.91e-01	2.06e-03	1.06e-06	0.00e+00	0.00e+00	0.00e+00	0.00e+00	0.00e+00	6.07e-01	7.40e-05	8.01e-05
 2.65251e+19	6.18e-01	3.80e-01	1.87e-03	9.99e-07	0.00e+00	0.00e+00	0.00e+00	0.00e+00	0.00e+00	6.18e-01	7.38e-05	7.99e-05
 2.66347e+19	6.30e-01	3.68e-01	1.67e-03	9.35e-07	0.00e+00	0.00e+00	0.00e+00	0.00e+00	0.00e+00	6.30e-01	7.34e-05	7.95e-05
 2.67516e+19	6.42e-01	3.56e-01	1.49e-03	8.76e-07	0.00e+00	0.00e+00	0.00e+00	0.00e+00	0.00e+00	6.42e-01	7.30e-05	7.91e-05
 2.68675e+19	6.54e-01	3.44e-01	1.32e-03	8.21e-07	0.00e+00	0.00e+00	0.00e+00	0.00e+00	0.00e+00	6.54e-01	7.26e-05	7.85e-05
 2.69829e+19	6.66e-01	3.33e-01	1.18e-03	7.70e-07	0.00e+00	0.00e+00	0.00e+00	0.00e+00	0.00e+00	6.66e-01	7.20e-05	7.79e-05
 2.70969e+19	6.77e-01	3.22e-01	1.05e-03	7.24e-07	0.00e+00	0.00e+00	0.00e+00	0.00e+00	0.00e+00	6.77e-01	7.15e-05	7.73e-05
 2.72119e+19	6.88e-01	3.11e-01	9.31e-04	6.82e-07	0.00e+00	0.00e+00	0.00e+00	0.00e+00	0.00e+00	6.88e-01	7.08e-05	7.66e-05
 2.73291e+19	6.99e-01	3.00e-01	8.26e-04	6.42e-07	0.00e+00	0.00e+00	0.00e+00	0.00e+00	0.00e+00	6.99e-01	7.01e-05	7.59e-05
 2.74482e+19	7.10e-01	2.89e-01	7.31e-04	6.04e-07	0.00e+00	0.00e+00	0.00e+00	0.00e+00	0.00e+00	7.10e-01	6.94e-05	7.50e-05
 2.75681e+19	7.20e-01	2.79e-01	6.47e-04	5.69e-07	0.00e+00	0.00e+00	0.00e+00	0.00e+00	0.00e+00	7.20e-01	6.86e-05	7.42e-05
 2.76889e+19	7.31e-01	2.69e-01	5.72e-04	5.36e-07	0.00e+00	0.00e+00	0.00e+00	0.00e+00	0.00e+00	7.30e-01	6.78e-05	7.33e-05
 2.78101e+19	7.40e-01	2.59e-01	5.06e-04	5.06e-07	0.00e+00	0.00e+00	0.00e+00	0.00e+00	0.00e+00	7.40e-01	6.70e-05	7.24e-05
 2.79330e+19	7.50e-01	2.49e-01	4.47e-04	4.77e-07	0.00e+00	0.00e+00	0.00e+00	0.00e+00	0.00e+00	7.50e-01	6.61e-05	7.13e-05
 2.80576e+19	7.59e-01	2.40e-01	3.94e-04	4.51e-07	0.00e+00	0.00e+00	0.00e+00	0.00e+00	0.00e+00	7.59e-01	6.52e-05	7.04e-05
 2.81845e+19	7.69e-01	2.31e-01	3.47e-04	4.26e-07	0.00e+00	0.00e+00	0.00e+00	0.00e+00	0.00e+00	7.69e-01	6.43e-05	6.93e-05
 2.83143e+19	7.78e-01	2.22e-01	3.06e-04	4.02e-07	0.00e+00	0.00e+00	0.00e+00	0.00e+00	0.00e+00	7.78e-01	6.33e-05	6.83e-05
 2.84433e+19	7.86e-01	2.13e-01	2.70e-04	3.81e-07	0.00e+00	0.00e+00	0.00e+00	0.00e+00	0.00e+00	7.86e-01	6.23e-05	6.72e-05
 2.85739e+19	7.95e-01	2.05e-01	2.38e-04	3.61e-07	0.00e+00	0.00e+00	0.00e+00	0.00e+00	0.00e+00	7.94e-01	6.14e-05	6.62e-05
 2.87089e+19	8.03e-01	1.97e-01	2.09e-04	3.41e-07	0.00e+00	0.00e+00	0.00e+00	0.00e+00	0.00e+00	8.03e-01	6.04e-05	6.50e-05
 2.88460e+19	8.11e-01	1.89e-01	1.84e-04	3.23e-07	0.00e+00	0.00e+00	0.00e+00	0.00e+00	0.00e+00	8.10e-01	5.94e-05	6.40e-05
 2.89857e+19	8.18e-01	1.81e-01	1.62e-04	3.06e-07	0.00e+00	0.00e+00	0.00e+00	0.00e+00	0.00e+00	8.18e-01	5.84e-05	6.29e-05
 2.91287e+19	8.26e-01	1.74e-01	1.43e-04	2.90e-07	0.00e+00	0.00e+00	0.00e+00	0.00e+00	0.00e+00	8.25e-01	5.74e-05	6.18e-05
 2.92749e+19	8.33e-01	1.67e-01	1.26e-04	2.75e-07	0.00e+00	0.00e+00	0.00e+00	0.00e+00	0.00e+00	8.33e-01	5.65e-05	6.07e-05
 2.94262e+19	8.40e-01	1.60e-01	1.11e-04	2.61e-07	0.00e+00	0.00e+00	0.00e+00	0.00e+00	0.00e+00	8.39e-01	5.55e-05	5.96e-05
 2.95817e+19	8.46e-01	1.54e-01	9.81e-05	2.47e-07	0.00e+00	0.00e+00	0.00e+00	0.00e+00	0.00e+00	8.46e-01	5.45e-05	5.86e-05
 2.97396e+19	8.52e-01	1.48e-01	8.71e-05	2.35e-07	0.00e+00	0.00e+00	0.00e+00	0.00e+00	0.00e+00	8.52e-01	5.36e-05	5.76e-05
 2.98992e+19	8.58e-01	1.42e-01	7.76e-05	2.24e-07	0.00e+00	0.00e+00	0.00e+00	0.00e+00	0.00e+00	8.58e-01	5.27e-05	5.66e-05
 3.00623e+19	8.63e-01	1.37e-01	6.94e-05	2.14e-07	0.00e+00	0.00e+00	0.00e+00	0.00e+00	0.00e+00	8.63e-01	5.19e-05	5.56e-05
 3.02313e+19	8.69e-01	1.31e-01	6.23e-05	2.04e-07	0.00e+00	0.00e+00	0.00e+00	0.00e+00	0.00e+00	8.68e-01	5.10e-05	5.47e-05
 3.04070e+19	8.73e-01	1.27e-01	5.61e-05	1.95e-07	0.00e+00	0.00e+00	0.00e+00	0.00e+00	0.00e+00	8.73e-01	5.02e-05	5.38e-05
 3.05899e+19	8.78e-01	1.22e-01	5.08e-05	1.87e-07	0.00e+00	0.00e+00	0.00e+00	0.00e+00	0.00e+00	8.78e-01	4.95e-05	5.30e-05
 3.07814e+19	8.82e-01	1.18e-01	4.61e-05	1.79e-07	0.00e+00	0.00e+00	0.00e+00	0.00e+00	0.00e+00	8.82e-01	4.87e-05	5.21e-05
 3.09843e+19	8.86e-01	1.14e-01	4.21e-05	1.72e-07	0.00e+00	0.00e+00	0.00e+00	0.00e+00	0.00e+00	8.86e-01	4.80e-05	5.14e-05
 3.12005e+19	8.90e-01	1.10e-01	3.86e-05	1.65e-07	0.00e+00	0.00e+00	0.00e+00	0.00e+00	0.00e+00	8.90e-01	4.73e-05	5.06e-05
 3.14339e+19	8.94e-01	1.06e-01	3.55e-05	1.59e-07	0.00e+00	0.00e+00	0.00e+00	0.00e+00	0.00e+00	8.94e-01	4.67e-05	4.99e-05
 3.16894e+19	8.97e-01	1.03e-01	3.29e-05	1.53e-07	0.00e+00	0.00e+00	0.00e+00	0.00e+00	0.00e+00	8.97e-01	4.60e-05	4.92e-05
 3.19717e+19	9.00e-01	9.95e-02	3.05e-05	1.48e-07	0.00e+00	0.00e+00	0.00e+00	0.00e+00	0.00e+00	9.00e-01	4.54e-05	4.85e-05
 3.22881e+19	9.04e-01	9.65e-02	2.85e-05	1.43e-07	0.00e+00	0.00e+00	0.00e+00	0.00e+00	0.00e+00	9.03e-01	4.48e-05	4.79e-05
 3.26495e+19	9.06e-01	9.36e-02	2.67e-05	1.38e-07	0.00e+00	0.00e+00	0.00e+00	0.00e+00	0.00e+00	9.06e-01	4.43e-05	4.73e-05
 3.30370e+19	9.09e-01	9.11e-02	2.53e-05	1.34e-07	0.00e+00	0.00e+00	0.00e+00	0.00e+00	0.00e+00	9.09e-01	4.38e-05	4.67e-05
 3.34235e+19	9.11e-01	8.90e-02	2.41e-05	1.30e-07	0.00e+00	0.00e+00	0.00e+00	0.00e+00	0.00e+00	9.11e-01	4.34e-05	4.62e-05
 3.38657e+19	9.13e-01	8.69e-02	2.31e-05	1.27e-07	0.00e+00	0.00e+00	0.00e+00	0.00e+00	0.00e+00	9.13e-01	4.29e-05	4.57e-05
 3.44405e+19	9.15e-01	8.46e-02	2.20e-05	1.23e-07	0.00e+00	0.00e+00	0.00e+00	0.00e+00	0.00e+00	9.15e-01	4.24e-05	4.50e-05
 3.51879e+19	9.18e-01	8.20e-02	2.09e-05	0.00e+00	0.00e+00	0.00e+00	0.00e+00	0.00e+00	0.00e+00	9.18e-01	4.18e-05	4.42e-05
 3.61153e+19	9.21e-01	7.93e-02	1.98e-05	0.00e+00	0.00e+00	0.00e+00	0.00e+00	0.00e+00	0.00e+00	9.21e-01	4.12e-05	4.33e-05
 3.71789e+19	9.23e-01	7.65e-02	1.88e-05	0.00e+00	0.00e+00	0.00e+00	0.00e+00	0.00e+00	0.00e+00	9.23e-01	4.05e-05	4.25e-05
 3.83322e+19	9.26e-01	7.37e-02	1.80e-05	0.00e+00	0.00e+00	0.00e+00	0.00e+00	0.00e+00	0.00e+00	9.26e-01	3.99e-05	4.16e-05
 3.95673e+19	9.29e-01	7.11e-02	1.71e-05	0.00e+00	0.00e+00	0.00e+00	0.00e+00	0.00e+00	0.00e+00	9.29e-01	3.93e-05	4.08e-05
 4.08736e+19	9.32e-01	6.85e-02	1.64e-05	0.00e+00	0.00e+00	0.00e+00	0.00e+00	0.00e+00	0.00e+00	9.31e-01	3.86e-05	3.99e-05
 4.22258e+19	9.34e-01	6.60e-02	1.58e-05	0.00e+00	0.00e+00	0.00e+00	0.00e+00	0.00e+00	0.00e+00	9.34e-01	3.81e-05	3.92e-05
 4.36170e+19	9.36e-01	6.35e-02	1.52e-05	0.00e+00	0.00e+00	0.00e+00	0.00e+00	0.00e+00	0.00e+00	9.36e-01	3.75e-05	3.84e-05
 4.50668e+19	9.39e-01	6.12e-02	1.48e-05	0.00e+00	0.00e+00	0.00e+00	0.00e+00	0.00e+00	0.00e+00	9.39e-01	3.69e-05	3.77e-05
 4.65730e+19	9.41e-01	5.90e-02	1.43e-05	0.00e+00	0.00e+00	0.00e+00	0.00e+00	0.00e+00	0.00e+00	9.41e-01	3.64e-05	3.70e-05
 4.81235e+19	9.43e-01	5.68e-02	1.39e-05	0.00e+00	0.00e+00	0.00e+00	0.00e+00	0.00e+00	0.00e+00	9.43e-01	3.59e-05	3.63e-05
 4.97327e+19	9.45e-01	5.47e-02	1.36e-05	0.00e+00	0.00e+00	0.00e+00	0.00e+00	0.00e+00	0.00e+00	9.45e-01	3.54e-05	3.57e-05
 5.14010e+19	9.47e-01	5.27e-02	1.33e-05	0.00e+00	0.00e+00	0.00e+00	0.00e+00	0.00e+00	0.00e+00	9.47e-01	3.49e-05	3.51e-05
 5.31255e+19	9.49e-01	5.07e-02	1.31e-05	0.00e+00	0.00e+00	0.00e+00	0.00e+00	0.00e+00	0.00e+00	9.49e-01	3.45e-05	3.45e-05
 5.48979e+19	9.51e-01	4.88e-02	1.29e-05	0.00e+00	0.00e+00	0.00e+00	0.00e+00	0.00e+00	0.00e+00	9.51e-01	3.40e-05	3.39e-05
 5.66808e+19	9.53e-01	4.70e-02	1.27e-05	0.00e+00	0.00e+00	0.00e+00	0.00e+00	0.00e+00	0.00e+00	9.53e-01	3.36e-05	3.34e-05
 5.84327e+19	9.55e-01	4.54e-02	1.26e-05	0.00e+00	0.00e+00	0.00e+00	0.00e+00	0.00e+00	0.00e+00	9.55e-01	3.31e-05	3.29e-05
 6.01500e+19	9.56e-01	4.39e-02	1.25e-05	0.00e+00	0.00e+00	0.00e+00	0.00e+00	0.00e+00	0.00e+00	9.56e-01	3.27e-05	3.24e-05
 6.18390e+19	9.58e-01	4.25e-02	1.24e-05	0.00e+00	0.00e+00	0.00e+00	0.00e+00	0.00e+00	0.00e+00	9.57e-01	3.23e-05	3.20e-05
 6.34932e+19	9.59e-01	4.11e-02	1.23e-05	0.00e+00	0.00e+00	0.00e+00	0.00e+00	0.00e+00	0.00e+00	9.59e-01	3.20e-05	3.16e-05
 6.51019e+19	9.60e-01	3.99e-02	1.23e-05	0.00e+00	0.00e+00	0.00e+00	0.00e+00	0.00e+00	0.00e+00	9.60e-01	3.16e-05	3.12e-05
 6.66561e+19	9.61e-01	3.87e-02	1.23e-05	0.00e+00	0.00e+00	0.00e+00	0.00e+00	0.00e+00	0.00e+00	9.61e-01	3.13e-05	3.08e-05
 6.81507e+19	9.62e-01	3.76e-02	1.23e-05	0.00e+00	0.00e+00	0.00e+00	0.00e+00	0.00e+00	0.00e+00	9.62e-01	3.10e-05	3.05e-05
 6.95858e+19	9.63e-01	3.66e-02	1.23e-05	0.00e+00	0.00e+00	0.00e+00	0.00e+00	0.00e+00	0.00e+00	9.63e-01	3.07e-05	3.01e-05
