#depth	N	N+	N+2	N+3	N+4	N+5	N+6	N+7
 1.20935e+18	6.21e-07	5.81e-04	8.35e-02	4.14e-01	3.23e-01	1.78e-01	9.30e-04	6.94e-07
 7.25611e+18	6.15e-07	5.79e-04	8.35e-02	4.14e-01	3.23e-01	1.78e-01	9.27e-04	6.91e-07
 3.14431e+19	6.02e-07	5.78e-04	8.41e-02	4.16e-01	3.22e-01	1.77e-01	9.20e-04	6.85e-07
 1.28191e+20	5.64e-07	5.77e-04	8.71e-02	4.21e-01	3.19e-01	1.71e-01	8.87e-04	6.56e-07
 3.06208e+20	4.80e-07	5.52e-04	8.94e-02	4.28e-01	3.14e-01	1.67e-01	8.64e-04	6.34e-07
 5.37629e+20	4.73e-07	5.69e-04	9.51e-02	4.38e-01	3.08e-01	1.57e-01	7.98e-04	5.75e-07
 8.38477e+20	5.08e-07	6.24e-04	1.05e-01	4.52e-01	2.98e-01	1.43e-01	7.02e-04	4.90e-07
 1.15753e+21	5.52e-07	6.90e-04	1.17e-01	4.66e-01	2.87e-01	1.29e-01	6.13e-04	4.15e-07
 1.43245e+21	6.15e-07	7.74e-04	1.30e-01	4.78e-01	2.74e-01	1.16e-01	5.38e-04	3.54e-07
 1.67656e+21	6.92e-07	8.76e-04	1.44e-01	4.87e-01	2.62e-01	1.05e-01	4.71e-04	3.01e-07
 1.91084e+21	7.90e-07	9.99e-04	1.60e-01	4.95e-01	2.49e-01	9.40e-02	4.10e-04	2.55e-07
 2.13439e+21	9.02e-07	1.14e-03	1.77e-01	5.02e-01	2.36e-01	8.41e-02	3.56e-04	2.16e-07
 2.33995e+21	1.03e-06	1.30e-03	1.95e-01	5.06e-01	2.22e-01	7.51e-02	3.10e-04	1.83e-07
 2.52948e+21	1.17e-06	1.47e-03	2.14e-01	5.08e-01	2.09e-01	6.71e-02	2.69e-04	1.56e-07
 2.70791e+21	1.33e-06	1.67e-03	2.34e-01	5.09e-01	1.96e-01	5.98e-02	2.34e-04	1.32e-07
 2.87809e+21	1.52e-06	1.88e-03	2.54e-01	5.09e-01	1.82e-01	5.30e-02	2.02e-04	0.00e+00
 3.03035e+21	1.71e-06	2.10e-03	2.74e-01	5.07e-01	1.70e-01	4.73e-02	1.76e-04	0.00e+00
 3.15629e+21	1.89e-06	2.30e-03	2.91e-01	5.04e-01	1.60e-01	4.28e-02	1.57e-04	0.00e+00
 3.26903e+21	2.09e-06	2.52e-03	3.07e-01	5.01e-01	1.50e-01	3.88e-02	1.39e-04	0.00e+00
 3.39754e+21	2.30e-06	2.75e-03	3.27e-01	4.96e-01	1.39e-01	3.45e-02	1.21e-04	0.00e+00
 3.53587e+21	2.60e-06	3.06e-03	3.49e-01	4.90e-01	1.28e-01	3.02e-02	1.03e-04	0.00e+00
 3.65159e+21	2.90e-06	3.36e-03	3.68e-01	4.84e-01	1.18e-01	2.68e-02	8.98e-05	0.00e+00
 3.74566e+21	3.23e-06	3.68e-03	3.84e-01	4.78e-01	1.10e-01	2.40e-02	7.87e-05	0.00e+00
 3.83125e+21	3.45e-06	3.90e-03	3.98e-01	4.73e-01	1.03e-01	2.19e-02	7.06e-05	0.00e+00
 3.92680e+21	3.88e-06	4.28e-03	4.15e-01	4.66e-01	9.50e-02	1.93e-02	6.08e-05	0.00e+00
 4.02729e+21	4.28e-06	4.63e-03	4.32e-01	4.58e-01	8.73e-02	1.71e-02	5.25e-05	0.00e+00
 4.11720e+21	4.69e-06	4.99e-03	4.48e-01	4.51e-01	8.06e-02	1.52e-02	4.56e-05	0.00e+00
 4.20318e+21	5.14e-06	5.37e-03	4.63e-01	4.44e-01	7.45e-02	1.36e-02	3.97e-05	0.00e+00
 4.28797e+21	5.63e-06	5.77e-03	4.77e-01	4.36e-01	6.87e-02	1.21e-02	3.44e-05	0.00e+00
 4.37171e+21	6.17e-06	6.20e-03	4.91e-01	4.28e-01	6.33e-02	1.07e-02	2.97e-05	0.00e+00
 4.45383e+21	6.76e-06	6.66e-03	5.05e-01	4.20e-01	5.83e-02	9.54e-03	2.57e-05	0.00e+00
 4.53458e+21	7.41e-06	7.15e-03	5.19e-01	4.12e-01	5.36e-02	8.49e-03	2.22e-05	0.00e+00
 4.61480e+21	8.14e-06	7.68e-03	5.32e-01	4.04e-01	4.93e-02	7.55e-03	1.91e-05	0.00e+00
 4.70700e+21	9.13e-06	8.38e-03	5.47e-01	3.93e-01	4.46e-02	6.55e-03	1.59e-05	0.00e+00
 4.80248e+21	1.01e-05	9.05e-03	5.62e-01	3.83e-01	4.04e-02	5.74e-03	1.34e-05	0.00e+00
 4.88545e+21	1.12e-05	9.79e-03	5.75e-01	3.74e-01	3.70e-02	5.08e-03	1.14e-05	0.00e+00
 4.97652e+21	1.28e-05	1.08e-02	5.90e-01	3.62e-01	3.34e-02	4.38e-03	9.31e-06	0.00e+00
 5.07366e+21	1.46e-05	1.19e-02	6.04e-01	3.50e-01	3.01e-02	3.79e-03	7.64e-06	0.00e+00
 5.16254e+21	1.65e-05	1.30e-02	6.18e-01	3.39e-01	2.73e-02	3.32e-03	6.35e-06	0.00e+00
 5.26196e+21	1.92e-05	1.44e-02	6.33e-01	3.26e-01	2.44e-02	2.84e-03	5.11e-06	0.00e+00
 5.35050e+21	2.15e-05	1.57e-02	6.44e-01	3.15e-01	2.24e-02	2.52e-03	4.31e-06	0.00e+00
 5.40828e+21	2.38e-05	1.68e-02	6.53e-01	3.07e-01	2.10e-02	2.29e-03	3.76e-06	0.00e+00
 5.46676e+21	2.61e-05	1.79e-02	6.61e-01	2.99e-01	1.97e-02	2.09e-03	3.29e-06	0.00e+00
 5.54280e+21	2.97e-05	1.96e-02	6.72e-01	2.88e-01	1.81e-02	1.85e-03	2.76e-06	0.00e+00
 5.61981e+21	3.37e-05	2.14e-02	6.82e-01	2.78e-01	1.67e-02	1.65e-03	2.32e-06	0.00e+00
 5.68184e+21	3.75e-05	2.30e-02	6.91e-01	2.69e-01	1.56e-02	1.49e-03	2.01e-06	0.00e+00
 5.74620e+21	4.20e-05	2.48e-02	6.99e-01	2.60e-01	1.45e-02	1.35e-03	1.73e-06	0.00e+00
 5.81893e+21	4.84e-05	2.73e-02	7.09e-01	2.49e-01	1.34e-02	1.19e-03	1.43e-06	0.00e+00
 5.88454e+21	5.48e-05	2.97e-02	7.17e-01	2.40e-01	1.25e-02	1.06e-03	1.21e-06	0.00e+00
 5.94177e+21	6.13e-05	3.20e-02	7.24e-01	2.31e-01	1.17e-02	9.62e-04	1.05e-06	0.00e+00
 6.00611e+21	6.96e-05	3.48e-02	7.31e-01	2.22e-01	1.09e-02	8.61e-04	8.87e-07	0.00e+00
 6.07854e+21	8.15e-05	3.86e-02	7.40e-01	2.11e-01	9.98e-03	7.50e-04	7.21e-07	0.00e+00
 6.14319e+21	9.30e-05	4.21e-02	7.47e-01	2.01e-01	9.29e-03	6.68e-04	6.07e-07	0.00e+00
 6.20896e+21	1.09e-04	4.67e-02	7.54e-01	1.90e-01	8.56e-03	5.83e-04	4.95e-07	0.00e+00
 6.27800e+21	1.27e-04	5.17e-02	7.60e-01	1.80e-01	7.87e-03	5.08e-04	4.02e-07	0.00e+00
 6.33758e+21	1.46e-04	5.65e-02	7.65e-01	1.71e-01	7.33e-03	4.50e-04	3.36e-07	0.00e+00
 6.40132e+21	1.73e-04	6.29e-02	7.70e-01	1.60e-01	6.72e-03	3.88e-04	2.70e-07	0.00e+00
 6.46871e+21	2.04e-04	7.00e-02	7.73e-01	1.50e-01	6.17e-03	3.35e-04	2.16e-07	0.00e+00
 6.52838e+21	2.40e-04	7.76e-02	7.76e-01	1.40e-01	5.68e-03	2.90e-04	1.75e-07	0.00e+00
 6.58417e+21	2.80e-04	8.56e-02	7.77e-01	1.32e-01	5.25e-03	2.52e-04	1.42e-07	0.00e+00
 6.64739e+21	3.37e-04	9.61e-02	7.77e-01	1.21e-01	4.77e-03	2.13e-04	0.00e+00	0.00e+00
 6.71473e+21	4.11e-04	1.09e-01	7.76e-01	1.11e-01	4.30e-03	1.77e-04	0.00e+00	0.00e+00
 6.77273e+21	4.93e-04	1.22e-01	7.72e-01	1.01e-01	3.91e-03	1.49e-04	0.00e+00	0.00e+00
 6.82434e+21	5.83e-04	1.35e-01	7.67e-01	9.33e-02	3.57e-03	1.26e-04	0.00e+00	0.00e+00
 6.88236e+21	7.11e-04	1.53e-01	7.59e-01	8.41e-02	3.21e-03	1.04e-04	0.00e+00	0.00e+00
 6.94397e+21	8.82e-04	1.74e-01	7.47e-01	7.47e-02	2.85e-03	8.35e-05	0.00e+00	0.00e+00
 6.99617e+21	1.07e-03	1.95e-01	7.34e-01	6.69e-02	2.55e-03	6.83e-05	0.00e+00	0.00e+00
 7.04120e+21	1.27e-03	2.16e-01	7.20e-01	6.03e-02	2.30e-03	5.68e-05	0.00e+00	0.00e+00
 7.09098e+21	1.55e-03	2.44e-01	7.00e-01	5.28e-02	2.03e-03	4.51e-05	0.00e+00	0.00e+00
 7.14315e+21	1.92e-03	2.75e-01	6.76e-01	4.57e-02	1.77e-03	3.52e-05	0.00e+00	0.00e+00
 7.18710e+21	2.29e-03	3.04e-01	6.52e-01	4.00e-02	1.57e-03	2.84e-05	0.00e+00	0.00e+00
 7.22694e+21	2.74e-03	3.36e-01	6.25e-01	3.48e-02	1.38e-03	2.26e-05	0.00e+00	0.00e+00
 7.26658e+21	3.27e-03	3.69e-01	5.96e-01	3.00e-02	1.20e-03	1.78e-05	0.00e+00	0.00e+00
 7.30596e+21	3.92e-03	4.06e-01	5.63e-01	2.55e-02	1.04e-03	1.38e-05	0.00e+00	0.00e+00
 7.34484e+21	4.71e-03	4.46e-01	5.27e-01	2.14e-02	8.84e-04	1.05e-05	0.00e+00	0.00e+00
 7.38244e+21	5.62e-03	4.87e-01	4.89e-01	1.78e-02	7.48e-04	7.98e-06	0.00e+00	0.00e+00
 7.41899e+21	6.72e-03	5.29e-01	4.49e-01	1.46e-02	6.24e-04	5.92e-06	0.00e+00	0.00e+00
 7.45487e+21	8.05e-03	5.73e-01	4.07e-01	1.18e-02	5.12e-04	4.31e-06	0.00e+00	0.00e+00
 7.48975e+21	9.61e-03	6.17e-01	3.64e-01	9.33e-03	4.15e-04	3.08e-06	0.00e+00	0.00e+00
 7.52161e+21	1.13e-02	6.57e-01	3.24e-01	7.44e-03	3.37e-04	2.23e-06	0.00e+00	0.00e+00
 7.54991e+21	1.31e-02	6.93e-01	2.88e-01	5.96e-03	2.73e-04	1.62e-06	0.00e+00	0.00e+00
 7.57680e+21	1.51e-02	7.25e-01	2.54e-01	4.77e-03	2.21e-04	1.18e-06	0.00e+00	0.00e+00
 7.60735e+21	1.78e-02	7.62e-01	2.17e-01	3.62e-03	1.70e-04	8.05e-07	0.00e+00	0.00e+00
 7.63928e+21	2.12e-02	7.96e-01	1.80e-01	2.68e-03	1.26e-04	5.27e-07	0.00e+00	0.00e+00
 7.66559e+21	2.47e-02	8.22e-01	1.51e-01	2.06e-03	9.59e-05	3.62e-07	0.00e+00	0.00e+00
 7.68803e+21	2.80e-02	8.41e-01	1.29e-01	1.63e-03	7.52e-05	2.62e-07	0.00e+00	0.00e+00
 7.71287e+21	3.26e-02	8.60e-01	1.06e-01	1.25e-03	5.58e-05	1.79e-07	0.00e+00	0.00e+00
 7.74072e+21	3.85e-02	8.77e-01	8.39e-02	9.33e-04	3.94e-05	0.00e+00	0.00e+00	0.00e+00
 7.76709e+21	4.55e-02	8.88e-01	6.58e-02	7.08e-04	2.76e-05	0.00e+00	0.00e+00	0.00e+00
 7.79199e+21	5.36e-02	8.95e-01	5.11e-02	5.49e-04	1.92e-05	0.00e+00	0.00e+00	0.00e+00
 7.81565e+21	6.28e-02	8.97e-01	3.98e-02	4.39e-04	1.35e-05	0.00e+00	0.00e+00	0.00e+00
 7.83778e+21	7.34e-02	8.95e-01	3.09e-02	3.59e-04	9.51e-06	0.00e+00	0.00e+00	0.00e+00
 7.85868e+21	8.52e-02	8.90e-01	2.41e-02	3.02e-04	6.77e-06	0.00e+00	0.00e+00	0.00e+00
 7.87853e+21	9.89e-02	8.82e-01	1.87e-02	2.58e-04	4.83e-06	0.00e+00	0.00e+00	0.00e+00
 7.89745e+21	1.14e-01	8.71e-01	1.47e-02	2.25e-04	3.51e-06	0.00e+00	0.00e+00	0.00e+00
 7.91514e+21	1.30e-01	8.58e-01	1.16e-02	1.99e-04	2.59e-06	0.00e+00	0.00e+00	0.00e+00
 7.93182e+21	1.47e-01	8.44e-01	9.30e-03	1.79e-04	1.94e-06	0.00e+00	0.00e+00	0.00e+00
 7.94752e+21	1.65e-01	8.27e-01	7.50e-03	1.62e-04	1.48e-06	0.00e+00	0.00e+00	0.00e+00
 7.96228e+21	1.84e-01	8.10e-01	6.15e-03	1.48e-04	1.15e-06	0.00e+00	0.00e+00	0.00e+00
 7.97579e+21	2.02e-01	7.93e-01	5.13e-03	1.37e-04	9.25e-07	0.00e+00	0.00e+00	0.00e+00
 7.98810e+21	2.20e-01	7.76e-01	4.36e-03	1.28e-04	7.58e-07	0.00e+00	0.00e+00	0.00e+00
 8.00016e+21	2.38e-01	7.58e-01	3.74e-03	1.20e-04	6.28e-07	0.00e+00	0.00e+00	0.00e+00
 8.01210e+21	2.57e-01	7.40e-01	3.22e-03	1.12e-04	5.25e-07	0.00e+00	0.00e+00	0.00e+00
 8.02161e+21	2.71e-01	7.26e-01	2.89e-03	1.07e-04	4.62e-07	0.00e+00	0.00e+00	0.00e+00
 8.02836e+21	2.81e-01	7.16e-01	2.67e-03	1.04e-04	4.22e-07	0.00e+00	0.00e+00	0.00e+00
 8.03514e+21	2.92e-01	7.06e-01	2.47e-03	1.00e-04	3.85e-07	0.00e+00	0.00e+00	0.00e+00
 8.04305e+21	3.04e-01	6.93e-01	2.27e-03	9.66e-05	3.47e-07	0.00e+00	0.00e+00	0.00e+00
 8.05152e+21	3.17e-01	6.81e-01	2.08e-03	9.30e-05	3.14e-07	0.00e+00	0.00e+00	0.00e+00
 8.06011e+21	3.30e-01	6.68e-01	1.91e-03	8.95e-05	2.85e-07	0.00e+00	0.00e+00	0.00e+00
 8.06884e+21	3.42e-01	6.56e-01	1.77e-03	8.63e-05	2.60e-07	0.00e+00	0.00e+00	0.00e+00
 8.07804e+21	3.55e-01	6.44e-01	1.64e-03	8.32e-05	2.37e-07	0.00e+00	0.00e+00	0.00e+00
 8.08776e+21	3.67e-01	6.31e-01	1.52e-03	8.03e-05	2.18e-07	0.00e+00	0.00e+00	0.00e+00
 8.09808e+21	3.79e-01	6.19e-01	1.42e-03	7.75e-05	2.00e-07	0.00e+00	0.00e+00	0.00e+00
 8.10935e+21	3.91e-01	6.07e-01	1.32e-03	7.48e-05	1.85e-07	0.00e+00	0.00e+00	0.00e+00
 8.12184e+21	4.04e-01	5.95e-01	1.24e-03	7.22e-05	1.71e-07	0.00e+00	0.00e+00	0.00e+00
 8.13566e+21	4.15e-01	5.84e-01	1.16e-03	6.99e-05	1.59e-07	0.00e+00	0.00e+00	0.00e+00
 8.15139e+21	4.26e-01	5.73e-01	1.10e-03	6.77e-05	1.48e-07	0.00e+00	0.00e+00	0.00e+00
 8.16882e+21	4.36e-01	5.63e-01	1.05e-03	6.58e-05	1.40e-07	0.00e+00	0.00e+00	0.00e+00
 8.18632e+21	4.43e-01	5.56e-01	1.01e-03	6.43e-05	1.33e-07	0.00e+00	0.00e+00	0.00e+00
 8.20337e+21	4.49e-01	5.50e-01	9.80e-04	6.32e-05	1.29e-07	0.00e+00	0.00e+00	0.00e+00
 8.22008e+21	4.53e-01	5.46e-01	9.58e-04	6.23e-05	1.25e-07	0.00e+00	0.00e+00	0.00e+00
 8.23652e+21	4.58e-01	5.41e-01	9.39e-04	6.15e-05	1.22e-07	0.00e+00	0.00e+00	0.00e+00
 8.25531e+21	4.60e-01	5.39e-01	9.26e-04	6.10e-05	0.00e+00	0.00e+00	0.00e+00	0.00e+00
 8.27973e+21	4.64e-01	5.35e-01	9.10e-04	6.03e-05	0.00e+00	0.00e+00	0.00e+00	0.00e+00
 8.31147e+21	4.67e-01	5.32e-01	8.93e-04	5.95e-05	0.00e+00	0.00e+00	0.00e+00	0.00e+00
 8.35274e+21	4.72e-01	5.27e-01	8.75e-04	5.86e-05	0.00e+00	0.00e+00	0.00e+00	0.00e+00
 8.40638e+21	4.76e-01	5.23e-01	8.55e-04	5.76e-05	0.00e+00	0.00e+00	0.00e+00	0.00e+00
 8.47613e+21	4.82e-01	5.17e-01	8.30e-04	5.64e-05	0.00e+00	0.00e+00	0.00e+00	0.00e+00
 8.56679e+21	4.89e-01	5.10e-01	8.01e-04	5.48e-05	0.00e+00	0.00e+00	0.00e+00	0.00e+00
 8.68465e+21	4.98e-01	5.01e-01	7.67e-04	5.30e-05	0.00e+00	0.00e+00	0.00e+00	0.00e+00
 8.83788e+21	5.09e-01	4.90e-01	7.26e-04	5.07e-05	0.00e+00	0.00e+00	0.00e+00	0.00e+00
 9.03321e+21	5.23e-01	4.77e-01	6.81e-04	4.80e-05	0.00e+00	0.00e+00	0.00e+00	0.00e+00
 9.25599e+21	5.36e-01	4.63e-01	6.37e-04	4.53e-05	0.00e+00	0.00e+00	0.00e+00	0.00e+00
 9.48183e+21	5.49e-01	4.50e-01	5.99e-04	4.28e-05	0.00e+00	0.00e+00	0.00e+00	0.00e+00
 9.70893e+21	5.61e-01	4.38e-01	5.65e-04	4.05e-05	0.00e+00	0.00e+00	0.00e+00	0.00e+00
 9.94532e+21	5.74e-01	4.26e-01	5.33e-04	3.82e-05	0.00e+00	0.00e+00	0.00e+00	0.00e+00
 1.01950e+22	5.86e-01	4.14e-01	5.03e-04	3.60e-05	0.00e+00	0.00e+00	0.00e+00	0.00e+00
 1.04574e+22	5.98e-01	4.01e-01	4.74e-04	3.39e-05	0.00e+00	0.00e+00	0.00e+00	0.00e+00
 1.07305e+22	6.10e-01	3.90e-01	4.47e-04	3.19e-05	0.00e+00	0.00e+00	0.00e+00	0.00e+00
 1.10130e+22	6.22e-01	3.78e-01	4.22e-04	3.00e-05	0.00e+00	0.00e+00	0.00e+00	0.00e+00
 1.13055e+22	6.33e-01	3.66e-01	3.99e-04	2.81e-05	0.00e+00	0.00e+00	0.00e+00	0.00e+00
 1.16118e+22	6.45e-01	3.55e-01	3.76e-04	2.63e-05	0.00e+00	0.00e+00	0.00e+00	0.00e+00
 1.19308e+22	6.56e-01	3.43e-01	3.55e-04	2.46e-05	0.00e+00	0.00e+00	0.00e+00	0.00e+00
 1.22612e+22	6.67e-01	3.32e-01	3.35e-04	2.30e-05	0.00e+00	0.00e+00	0.00e+00	0.00e+00
 1.26061e+22	6.79e-01	3.21e-01	3.17e-04	2.14e-05	0.00e+00	0.00e+00	0.00e+00	0.00e+00
 1.29655e+22	6.90e-01	3.10e-01	2.99e-04	1.99e-05	0.00e+00	0.00e+00	0.00e+00	0.00e+00
 1.33391e+22	7.00e-01	2.99e-01	2.82e-04	1.85e-05	0.00e+00	0.00e+00	0.00e+00	0.00e+00
 1.37278e+22	7.11e-01	2.89e-01	2.66e-04	1.71e-05	0.00e+00	0.00e+00	0.00e+00	0.00e+00
 1.41334e+22	7.22e-01	2.78e-01	2.51e-04	1.59e-05	0.00e+00	0.00e+00	0.00e+00	0.00e+00
 1.45572e+22	7.32e-01	2.67e-01	2.36e-04	1.46e-05	0.00e+00	0.00e+00	0.00e+00	0.00e+00
 1.49997e+22	7.42e-01	2.57e-01	2.22e-04	1.34e-05	0.00e+00	0.00e+00	0.00e+00	0.00e+00
 1.54616e+22	7.53e-01	2.47e-01	2.09e-04	1.23e-05	0.00e+00	0.00e+00	0.00e+00	0.00e+00
 1.59458e+22	7.63e-01	2.37e-01	1.96e-04	1.13e-05	0.00e+00	0.00e+00	0.00e+00	0.00e+00
 1.64533e+22	7.73e-01	2.27e-01	1.83e-04	1.03e-05	0.00e+00	0.00e+00	0.00e+00	0.00e+00
 1.69849e+22	7.83e-01	2.16e-01	1.71e-04	9.32e-06	0.00e+00	0.00e+00	0.00e+00	0.00e+00
 1.75485e+22	7.94e-01	2.06e-01	1.60e-04	8.42e-06	0.00e+00	0.00e+00	0.00e+00	0.00e+00
 1.81458e+22	8.03e-01	1.97e-01	1.49e-04	7.57e-06	0.00e+00	0.00e+00	0.00e+00	0.00e+00
 1.87728e+22	8.13e-01	1.87e-01	1.38e-04	6.79e-06	0.00e+00	0.00e+00	0.00e+00	0.00e+00
 1.94373e+22	8.22e-01	1.78e-01	1.28e-04	6.06e-06	0.00e+00	0.00e+00	0.00e+00	0.00e+00
 2.01473e+22	8.32e-01	1.68e-01	1.18e-04	5.37e-06	0.00e+00	0.00e+00	0.00e+00	0.00e+00
 2.09087e+22	8.41e-01	1.59e-01	1.09e-04	4.73e-06	0.00e+00	0.00e+00	0.00e+00	0.00e+00
 2.17324e+22	8.50e-01	1.50e-01	9.93e-05	4.13e-06	0.00e+00	0.00e+00	0.00e+00	0.00e+00
 2.25879e+22	8.58e-01	1.42e-01	9.07e-05	3.61e-06	0.00e+00	0.00e+00	0.00e+00	0.00e+00
 2.34076e+22	8.66e-01	1.34e-01	8.34e-05	3.18e-06	0.00e+00	0.00e+00	0.00e+00	0.00e+00
 2.41525e+22	8.71e-01	1.28e-01	7.73e-05	2.85e-06	0.00e+00	0.00e+00	0.00e+00	0.00e+00
 2.48229e+22	8.76e-01	1.24e-01	7.23e-05	2.58e-06	0.00e+00	0.00e+00	0.00e+00	0.00e+00
 2.54263e+22	8.81e-01	1.19e-01	6.82e-05	2.37e-06	0.00e+00	0.00e+00	0.00e+00	0.00e+00
 2.59693e+22	8.84e-01	1.16e-01	6.46e-05	2.19e-06	0.00e+00	0.00e+00	0.00e+00	0.00e+00
 2.64581e+22	8.87e-01	1.13e-01	6.17e-05	2.05e-06	0.00e+00	0.00e+00	0.00e+00	0.00e+00
 2.68980e+22	8.90e-01	1.10e-01	5.91e-05	1.92e-06	0.00e+00	0.00e+00	0.00e+00	0.00e+00
 2.72938e+22	8.92e-01	1.08e-01	5.69e-05	1.82e-06	0.00e+00	0.00e+00	0.00e+00	0.00e+00
 2.76501e+22	8.94e-01	1.06e-01	5.50e-05	1.73e-06	0.00e+00	0.00e+00	0.00e+00	0.00e+00
 2.79732e+22	8.96e-01	1.04e-01	5.34e-05	1.66e-06	0.00e+00	0.00e+00	0.00e+00	0.00e+00
 2.82818e+22	8.97e-01	1.03e-01	5.18e-05	1.59e-06	0.00e+00	0.00e+00	0.00e+00	0.00e+00
 2.85903e+22	8.99e-01	1.01e-01	5.03e-05	1.52e-06	0.00e+00	0.00e+00	0.00e+00	0.00e+00
 2.88989e+22	9.00e-01	9.95e-02	4.89e-05	1.46e-06	0.00e+00	0.00e+00	0.00e+00	0.00e+00
 2.92075e+22	9.02e-01	9.79e-02	4.75e-05	1.40e-06	0.00e+00	0.00e+00	0.00e+00	0.00e+00
 2.95160e+22	9.04e-01	9.64e-02	4.61e-05	1.34e-06	0.00e+00	0.00e+00	0.00e+00	0.00e+00
 2.98246e+22	9.05e-01	9.50e-02	4.48e-05	1.28e-06	0.00e+00	0.00e+00	0.00e+00	0.00e+00
 3.01332e+22	9.07e-01	9.33e-02	4.35e-05	1.23e-06	0.00e+00	0.00e+00	0.00e+00	0.00e+00
 3.04417e+22	9.08e-01	9.20e-02	4.23e-05	1.18e-06	0.00e+00	0.00e+00	0.00e+00	0.00e+00
 3.07264e+22	9.09e-01	9.05e-02	4.12e-05	1.13e-06	0.00e+00	0.00e+00	0.00e+00	0.00e+00
