#depth	N	N+	N+2	N+3	N+4	N+5	N+6	N+7
 8.02690e+16	5.46e-07	1.55e-03	1.92e-01	6.04e-01	1.69e-01	3.32e-02	3.67e-05	0.00e+00
 4.81614e+17	5.43e-07	1.54e-03	1.92e-01	6.04e-01	1.69e-01	3.32e-02	3.67e-05	0.00e+00
 2.08700e+18	5.37e-07	1.53e-03	1.92e-01	6.05e-01	1.69e-01	3.31e-02	3.65e-05	0.00e+00
 8.50852e+18	5.20e-07	1.50e-03	1.95e-01	6.05e-01	1.66e-01	3.24e-02	3.59e-05	0.00e+00
 2.03241e+19	4.67e-07	1.39e-03	1.95e-01	6.08e-01	1.63e-01	3.18e-02	3.54e-05	0.00e+00
 3.56844e+19	4.41e-07	1.35e-03	1.99e-01	6.11e-01	1.59e-01	3.07e-02	3.44e-05	0.00e+00
 5.56528e+19	4.29e-07	1.33e-03	2.06e-01	6.12e-01	1.52e-01	2.91e-02	3.28e-05	0.00e+00
 8.16117e+19	4.34e-07	1.36e-03	2.19e-01	6.10e-01	1.43e-01	2.68e-02	3.03e-05	0.00e+00
 1.15358e+20	4.69e-07	1.46e-03	2.40e-01	6.06e-01	1.29e-01	2.35e-02	2.68e-05	0.00e+00
 1.50040e+20	5.16e-07	1.59e-03	2.65e-01	5.98e-01	1.15e-01	2.04e-02	2.35e-05	0.00e+00
 1.77358e+20	5.81e-07	1.75e-03	2.89e-01	5.89e-01	1.02e-01	1.77e-02	2.06e-05	0.00e+00
 1.98784e+20	6.57e-07	1.93e-03	3.10e-01	5.81e-01	9.17e-02	1.55e-02	1.83e-05	0.00e+00
 2.17141e+20	7.42e-07	2.13e-03	3.30e-01	5.72e-01	8.22e-02	1.36e-02	1.61e-05	0.00e+00
 2.33755e+20	8.26e-07	2.31e-03	3.48e-01	5.64e-01	7.37e-02	1.19e-02	1.42e-05	0.00e+00
 2.49348e+20	9.27e-07	2.52e-03	3.66e-01	5.56e-01	6.55e-02	1.04e-02	1.25e-05	0.00e+00
 2.64270e+20	1.02e-06	2.72e-03	3.82e-01	5.49e-01	5.81e-02	8.98e-03	1.09e-05	0.00e+00
 2.78541e+20	1.12e-06	2.93e-03	3.96e-01	5.42e-01	5.11e-02	7.73e-03	9.42e-06	0.00e+00
 2.92039e+20	1.21e-06	3.11e-03	4.09e-01	5.36e-01	4.50e-02	6.65e-03	8.14e-06	0.00e+00
 3.04605e+20	1.28e-06	3.26e-03	4.20e-01	5.31e-01	3.96e-02	5.76e-03	7.06e-06	0.00e+00
 3.16440e+20	1.33e-06	3.38e-03	4.30e-01	5.27e-01	3.50e-02	5.01e-03	6.14e-06	0.00e+00
 3.27658e+20	1.36e-06	3.48e-03	4.38e-01	5.23e-01	3.10e-02	4.40e-03	5.38e-06	0.00e+00
 3.38261e+20	1.38e-06	3.55e-03	4.45e-01	5.20e-01	2.76e-02	3.91e-03	4.75e-06	0.00e+00
 3.48540e+20	1.40e-06	3.62e-03	4.51e-01	5.17e-01	2.47e-02	3.49e-03	4.22e-06	0.00e+00
 3.60269e+20	1.40e-06	3.67e-03	4.58e-01	5.14e-01	2.17e-02	3.09e-03	3.68e-06	0.00e+00
 3.72519e+20	1.40e-06	3.72e-03	4.64e-01	5.10e-01	1.91e-02	2.77e-03	3.26e-06	0.00e+00
 3.83249e+20	1.40e-06	3.75e-03	4.69e-01	5.07e-01	1.72e-02	2.54e-03	2.94e-06	0.00e+00
 3.94999e+20	1.40e-06	3.79e-03	4.75e-01	5.04e-01	1.52e-02	2.32e-03	2.64e-06	0.00e+00
 4.10275e+20	1.41e-06	3.85e-03	4.82e-01	4.99e-01	1.32e-02	2.09e-03	2.32e-06	0.00e+00
 4.26371e+20	1.41e-06	3.91e-03	4.88e-01	4.94e-01	1.15e-02	1.92e-03	2.08e-06	0.00e+00
 4.43518e+20	1.44e-06	3.99e-03	4.95e-01	4.89e-01	1.00e-02	1.77e-03	1.86e-06	0.00e+00
 4.65250e+20	1.49e-06	4.10e-03	5.03e-01	4.83e-01	8.56e-03	1.62e-03	1.65e-06	0.00e+00
 4.89306e+20	1.56e-06	4.24e-03	5.11e-01	4.76e-01	7.36e-03	1.49e-03	1.47e-06	0.00e+00
 5.15757e+20	1.66e-06	4.42e-03	5.19e-01	4.69e-01	6.34e-03	1.38e-03	1.32e-06	0.00e+00
 5.48653e+20	1.82e-06	4.66e-03	5.29e-01	4.60e-01	5.39e-03	1.27e-03	1.16e-06	0.00e+00
 5.90680e+20	2.07e-06	5.01e-03	5.40e-01	4.49e-01	4.53e-03	1.16e-03	1.00e-06	0.00e+00
 6.44894e+20	2.49e-06	5.54e-03	5.54e-01	4.36e-01	3.77e-03	1.03e-03	8.38e-07	0.00e+00
 7.09314e+20	3.18e-06	6.30e-03	5.70e-01	4.19e-01	3.15e-03	8.94e-04	6.73e-07	0.00e+00
 7.70651e+20	4.12e-06	7.23e-03	5.87e-01	4.02e-01	2.73e-03	7.72e-04	5.35e-07	0.00e+00
 8.19572e+20	5.23e-06	8.21e-03	6.02e-01	3.86e-01	2.46e-03	6.73e-04	4.31e-07	0.00e+00
 8.59405e+20	6.52e-06	9.26e-03	6.16e-01	3.71e-01	2.26e-03	5.91e-04	3.51e-07	0.00e+00
 8.95758e+20	8.17e-06	1.05e-02	6.31e-01	3.56e-01	2.08e-03	5.15e-04	2.83e-07	0.00e+00
 9.31005e+20	1.04e-05	1.20e-02	6.46e-01	3.39e-01	1.92e-03	4.42e-04	2.23e-07	0.00e+00
 9.64276e+20	1.35e-05	1.40e-02	6.63e-01	3.21e-01	1.77e-03	3.74e-04	1.71e-07	0.00e+00
 9.94238e+20	1.75e-05	1.63e-02	6.79e-01	3.03e-01	1.63e-03	3.14e-04	1.30e-07	0.00e+00
 1.02086e+21	2.28e-05	1.90e-02	6.95e-01	2.84e-01	1.51e-03	2.63e-04	0.00e+00	0.00e+00
 1.04510e+21	2.97e-05	2.22e-02	7.11e-01	2.65e-01	1.40e-03	2.18e-04	0.00e+00	0.00e+00
 1.06474e+21	3.75e-05	2.56e-02	7.24e-01	2.49e-01	1.30e-03	1.85e-04	0.00e+00	0.00e+00
 1.07890e+21	4.51e-05	2.86e-02	7.34e-01	2.36e-01	1.23e-03	1.61e-04	0.00e+00	0.00e+00
 1.09316e+21	5.55e-05	3.25e-02	7.44e-01	2.22e-01	1.15e-03	1.38e-04	0.00e+00	0.00e+00
 1.10833e+21	6.97e-05	3.74e-02	7.55e-01	2.07e-01	1.07e-03	1.16e-04	0.00e+00	0.00e+00
 1.12099e+21	8.57e-05	4.24e-02	7.63e-01	1.93e-01	1.00e-03	9.92e-05	0.00e+00	0.00e+00
 1.13143e+21	1.03e-04	4.75e-02	7.70e-01	1.81e-01	9.44e-04	8.59e-05	0.00e+00	0.00e+00
 1.14118e+21	1.23e-04	5.32e-02	7.76e-01	1.70e-01	8.87e-04	7.42e-05	0.00e+00	0.00e+00
 1.15089e+21	1.50e-04	5.99e-02	7.81e-01	1.58e-01	8.30e-04	6.34e-05	0.00e+00	0.00e+00
 1.16007e+21	1.81e-04	6.75e-02	7.85e-01	1.47e-01	7.75e-04	5.41e-05	0.00e+00	0.00e+00
 1.16839e+21	2.18e-04	7.56e-02	7.87e-01	1.36e-01	7.24e-04	4.63e-05	0.00e+00	0.00e+00
 1.17614e+21	2.61e-04	8.46e-02	7.88e-01	1.27e-01	6.77e-04	3.96e-05	0.00e+00	0.00e+00
 1.18361e+21	3.14e-04	9.49e-02	7.87e-01	1.17e-01	6.30e-04	3.36e-05	0.00e+00	0.00e+00
 1.19082e+21	3.78e-04	1.06e-01	7.85e-01	1.07e-01	5.84e-04	2.84e-05	0.00e+00	0.00e+00
 1.19770e+21	4.56e-04	1.19e-01	7.82e-01	9.80e-02	5.40e-04	2.39e-05	0.00e+00	0.00e+00
 1.20420e+21	5.49e-04	1.34e-01	7.76e-01	8.93e-02	4.98e-04	2.00e-05	0.00e+00	0.00e+00
 1.21038e+21	6.61e-04	1.50e-01	7.68e-01	8.11e-02	4.58e-04	1.67e-05	0.00e+00	0.00e+00
 1.21630e+21	7.94e-04	1.67e-01	7.58e-01	7.33e-02	4.21e-04	1.39e-05	0.00e+00	0.00e+00
 1.22200e+21	9.58e-04	1.87e-01	7.46e-01	6.58e-02	3.84e-04	1.15e-05	0.00e+00	0.00e+00
 1.22746e+21	1.15e-03	2.09e-01	7.31e-01	5.88e-02	3.49e-04	9.40e-06	0.00e+00	0.00e+00
 1.23267e+21	1.39e-03	2.33e-01	7.13e-01	5.22e-02	3.16e-04	7.66e-06	0.00e+00	0.00e+00
 1.23768e+21	1.66e-03	2.59e-01	6.93e-01	4.60e-02	2.84e-04	6.20e-06	0.00e+00	0.00e+00
 1.24252e+21	2.00e-03	2.88e-01	6.69e-01	4.03e-02	2.54e-04	4.97e-06	0.00e+00	0.00e+00
 1.24719e+21	2.40e-03	3.19e-01	6.43e-01	3.50e-02	2.26e-04	3.96e-06	0.00e+00	0.00e+00
 1.25172e+21	2.88e-03	3.53e-01	6.14e-01	3.01e-02	1.99e-04	3.11e-06	0.00e+00	0.00e+00
 1.25611e+21	3.46e-03	3.89e-01	5.82e-01	2.56e-02	1.74e-04	2.42e-06	0.00e+00	0.00e+00
 1.26035e+21	4.14e-03	4.27e-01	5.47e-01	2.15e-02	1.51e-04	1.85e-06	0.00e+00	0.00e+00
 1.26446e+21	4.96e-03	4.67e-01	5.10e-01	1.78e-02	1.29e-04	1.40e-06	0.00e+00	0.00e+00
 1.26845e+21	5.93e-03	5.09e-01	4.70e-01	1.46e-02	1.09e-04	1.04e-06	0.00e+00	0.00e+00
 1.27236e+21	7.10e-03	5.52e-01	4.29e-01	1.18e-02	9.12e-05	7.62e-07	0.00e+00	0.00e+00
 1.27619e+21	8.47e-03	5.96e-01	3.86e-01	9.30e-03	7.51e-05	5.46e-07	0.00e+00	0.00e+00
 1.27957e+21	9.93e-03	6.35e-01	3.47e-01	7.41e-03	6.22e-05	3.97e-07	0.00e+00	0.00e+00
 1.28233e+21	1.13e-02	6.67e-01	3.15e-01	6.06e-03	5.26e-05	3.00e-07	0.00e+00	0.00e+00
 1.28523e+21	1.31e-02	7.02e-01	2.80e-01	4.79e-03	4.32e-05	2.17e-07	0.00e+00	0.00e+00
 1.28834e+21	1.53e-02	7.37e-01	2.44e-01	3.66e-03	3.45e-05	1.51e-07	0.00e+00	0.00e+00
 1.29100e+21	1.74e-02	7.65e-01	2.15e-01	2.86e-03	2.81e-05	0.00e+00	0.00e+00	0.00e+00
 1.29330e+21	1.96e-02	7.88e-01	1.90e-01	2.27e-03	2.31e-05	0.00e+00	0.00e+00	0.00e+00
 1.29586e+21	2.26e-02	8.13e-01	1.62e-01	1.71e-03	1.82e-05	0.00e+00	0.00e+00	0.00e+00
 1.29856e+21	2.61e-02	8.36e-01	1.36e-01	1.25e-03	1.40e-05	0.00e+00	0.00e+00	0.00e+00
 1.30084e+21	2.96e-02	8.53e-01	1.16e-01	9.49e-04	1.10e-05	0.00e+00	0.00e+00	0.00e+00
 1.30285e+21	3.33e-02	8.66e-01	9.97e-02	7.29e-04	8.76e-06	0.00e+00	0.00e+00	0.00e+00
 1.30511e+21	3.81e-02	8.79e-01	8.24e-02	5.32e-04	6.66e-06	0.00e+00	0.00e+00	0.00e+00
 1.30754e+21	4.43e-02	8.89e-01	6.65e-02	3.77e-04	4.90e-06	0.00e+00	0.00e+00	0.00e+00
 1.30968e+21	5.08e-02	8.95e-01	5.41e-02	2.75e-04	3.66e-06	0.00e+00	0.00e+00	0.00e+00
 1.31155e+21	5.75e-02	8.98e-01	4.47e-02	2.08e-04	2.81e-06	0.00e+00	0.00e+00	0.00e+00
 1.31362e+21	6.67e-02	8.98e-01	3.53e-02	1.50e-04	2.03e-06	0.00e+00	0.00e+00	0.00e+00
 1.31585e+21	7.83e-02	8.94e-01	2.72e-02	1.08e-04	1.43e-06	0.00e+00	0.00e+00	0.00e+00
 1.31776e+21	9.05e-02	8.88e-01	2.14e-02	8.20e-05	1.04e-06	0.00e+00	0.00e+00	0.00e+00
 1.31938e+21	1.03e-01	8.80e-01	1.72e-02	6.56e-05	7.78e-07	0.00e+00	0.00e+00	0.00e+00
 1.32107e+21	1.18e-01	8.68e-01	1.35e-02	5.24e-05	5.65e-07	0.00e+00	0.00e+00	0.00e+00
 1.32280e+21	1.37e-01	8.53e-01	1.04e-02	4.27e-05	4.07e-07	0.00e+00	0.00e+00	0.00e+00
 1.32430e+21	1.55e-01	8.36e-01	8.26e-03	3.63e-05	3.03e-07	0.00e+00	0.00e+00	0.00e+00
 1.32562e+21	1.74e-01	8.19e-01	6.63e-03	3.17e-05	2.30e-07	0.00e+00	0.00e+00	0.00e+00
 1.32689e+21	1.95e-01	7.99e-01	5.32e-03	2.81e-05	1.75e-07	0.00e+00	0.00e+00	0.00e+00
 1.32809e+21	2.17e-01	7.79e-01	4.30e-03	2.52e-05	1.35e-07	0.00e+00	0.00e+00	0.00e+00
 1.32918e+21	2.39e-01	7.57e-01	3.51e-03	2.29e-05	0.00e+00	0.00e+00	0.00e+00	0.00e+00
 1.33018e+21	2.61e-01	7.36e-01	2.90e-03	2.11e-05	0.00e+00	0.00e+00	0.00e+00	0.00e+00
 1.33094e+21	2.78e-01	7.19e-01	2.51e-03	1.99e-05	0.00e+00	0.00e+00	0.00e+00	0.00e+00
 1.33146e+21	2.91e-01	7.07e-01	2.27e-03	1.91e-05	0.00e+00	0.00e+00	0.00e+00	0.00e+00
 1.33194e+21	3.04e-01	6.94e-01	2.06e-03	1.83e-05	0.00e+00	0.00e+00	0.00e+00	0.00e+00
 1.33248e+21	3.18e-01	6.80e-01	1.83e-03	1.75e-05	0.00e+00	0.00e+00	0.00e+00	0.00e+00
 1.33305e+21	3.34e-01	6.64e-01	1.63e-03	1.67e-05	0.00e+00	0.00e+00	0.00e+00	0.00e+00
 1.33361e+21	3.50e-01	6.48e-01	1.44e-03	1.60e-05	0.00e+00	0.00e+00	0.00e+00	0.00e+00
 1.33415e+21	3.66e-01	6.33e-01	1.29e-03	1.53e-05	0.00e+00	0.00e+00	0.00e+00	0.00e+00
 1.33468e+21	3.82e-01	6.16e-01	1.14e-03	1.46e-05	0.00e+00	0.00e+00	0.00e+00	0.00e+00
 1.33521e+21	3.99e-01	6.00e-01	1.02e-03	1.40e-05	0.00e+00	0.00e+00	0.00e+00	0.00e+00
 1.33573e+21	4.16e-01	5.83e-01	9.06e-04	1.33e-05	0.00e+00	0.00e+00	0.00e+00	0.00e+00
 1.33625e+21	4.32e-01	5.67e-01	8.07e-04	1.28e-05	0.00e+00	0.00e+00	0.00e+00	0.00e+00
 1.33677e+21	4.49e-01	5.50e-01	7.18e-04	1.22e-05	0.00e+00	0.00e+00	0.00e+00	0.00e+00
 1.33728e+21	4.67e-01	5.33e-01	6.39e-04	1.16e-05	0.00e+00	0.00e+00	0.00e+00	0.00e+00
 1.33779e+21	4.84e-01	5.16e-01	5.70e-04	1.11e-05	0.00e+00	0.00e+00	0.00e+00	0.00e+00
 1.33829e+21	5.01e-01	4.99e-01	5.09e-04	1.06e-05	0.00e+00	0.00e+00	0.00e+00	0.00e+00
 1.33879e+21	5.18e-01	4.82e-01	4.55e-04	1.01e-05	0.00e+00	0.00e+00	0.00e+00	0.00e+00
 1.33928e+21	5.35e-01	4.65e-01	4.07e-04	9.67e-06	0.00e+00	0.00e+00	0.00e+00	0.00e+00
 1.33978e+21	5.51e-01	4.49e-01	3.65e-04	9.22e-06	0.00e+00	0.00e+00	0.00e+00	0.00e+00
 1.34026e+21	5.68e-01	4.32e-01	3.28e-04	8.80e-06	0.00e+00	0.00e+00	0.00e+00	0.00e+00
 1.34075e+21	5.84e-01	4.16e-01	2.96e-04	8.39e-06	0.00e+00	0.00e+00	0.00e+00	0.00e+00
 1.34124e+21	6.00e-01	4.00e-01	2.67e-04	7.99e-06	0.00e+00	0.00e+00	0.00e+00	0.00e+00
 1.34172e+21	6.15e-01	3.85e-01	2.42e-04	7.62e-06	0.00e+00	0.00e+00	0.00e+00	0.00e+00
 1.34220e+21	6.30e-01	3.69e-01	2.20e-04	7.26e-06	0.00e+00	0.00e+00	0.00e+00	0.00e+00
 1.34269e+21	6.45e-01	3.55e-01	2.01e-04	6.92e-06	0.00e+00	0.00e+00	0.00e+00	0.00e+00
 1.34317e+21	6.59e-01	3.40e-01	1.84e-04	6.59e-06	0.00e+00	0.00e+00	0.00e+00	0.00e+00
 1.34364e+21	6.73e-01	3.27e-01	1.70e-04	6.29e-06	0.00e+00	0.00e+00	0.00e+00	0.00e+00
 1.34411e+21	6.86e-01	3.14e-01	1.57e-04	6.00e-06	0.00e+00	0.00e+00	0.00e+00	0.00e+00
 1.34458e+21	6.98e-01	3.01e-01	1.46e-04	5.73e-06	0.00e+00	0.00e+00	0.00e+00	0.00e+00
 1.34504e+21	7.10e-01	2.90e-01	1.37e-04	5.47e-06	0.00e+00	0.00e+00	0.00e+00	0.00e+00
 1.34550e+21	7.21e-01	2.79e-01	1.29e-04	5.24e-06	0.00e+00	0.00e+00	0.00e+00	0.00e+00
 1.34595e+21	7.32e-01	2.68e-01	1.22e-04	5.02e-06	0.00e+00	0.00e+00	0.00e+00	0.00e+00
 1.34641e+21	7.42e-01	2.58e-01	1.15e-04	4.81e-06	0.00e+00	0.00e+00	0.00e+00	0.00e+00
 1.34686e+21	7.52e-01	2.48e-01	1.10e-04	4.62e-06	0.00e+00	0.00e+00	0.00e+00	0.00e+00
 1.34732e+21	7.60e-01	2.39e-01	1.05e-04	4.43e-06	0.00e+00	0.00e+00	0.00e+00	0.00e+00
 1.34777e+21	7.69e-01	2.31e-01	1.01e-04	4.26e-06	0.00e+00	0.00e+00	0.00e+00	0.00e+00
 1.34824e+21	7.77e-01	2.23e-01	9.73e-05	4.11e-06	0.00e+00	0.00e+00	0.00e+00	0.00e+00
 1.34871e+21	7.85e-01	2.15e-01	9.40e-05	3.96e-06	0.00e+00	0.00e+00	0.00e+00	0.00e+00
 1.34919e+21	7.92e-01	2.08e-01	9.12e-05	3.82e-06	0.00e+00	0.00e+00	0.00e+00	0.00e+00
 1.34967e+21	7.98e-01	2.02e-01	8.86e-05	3.69e-06	0.00e+00	0.00e+00	0.00e+00	0.00e+00
 1.35017e+21	8.04e-01	1.95e-01	8.64e-05	3.57e-06	0.00e+00	0.00e+00	0.00e+00	0.00e+00
 1.35069e+21	8.10e-01	1.89e-01	8.44e-05	3.45e-06	0.00e+00	0.00e+00	0.00e+00	0.00e+00
 1.35124e+21	8.16e-01	1.84e-01	8.26e-05	3.35e-06	0.00e+00	0.00e+00	0.00e+00	0.00e+00
 1.35181e+21	8.21e-01	1.79e-01	8.10e-05	3.25e-06	0.00e+00	0.00e+00	0.00e+00	0.00e+00
 1.35242e+21	8.26e-01	1.74e-01	7.96e-05	3.16e-06	0.00e+00	0.00e+00	0.00e+00	0.00e+00
 1.35307e+21	8.31e-01	1.69e-01	7.83e-05	3.07e-06	0.00e+00	0.00e+00	0.00e+00	0.00e+00
 1.35378e+21	8.35e-01	1.65e-01	7.72e-05	3.00e-06	0.00e+00	0.00e+00	0.00e+00	0.00e+00
 1.35457e+21	8.39e-01	1.61e-01	7.62e-05	2.92e-06	0.00e+00	0.00e+00	0.00e+00	0.00e+00
 1.35547e+21	8.42e-01	1.58e-01	7.53e-05	2.86e-06	0.00e+00	0.00e+00	0.00e+00	0.00e+00
 1.35652e+21	8.45e-01	1.54e-01	7.45e-05	2.80e-06	0.00e+00	0.00e+00	0.00e+00	0.00e+00
 1.35766e+21	8.48e-01	1.52e-01	7.39e-05	2.75e-06	0.00e+00	0.00e+00	0.00e+00	0.00e+00
 1.35879e+21	8.50e-01	1.50e-01	7.34e-05	2.72e-06	0.00e+00	0.00e+00	0.00e+00	0.00e+00
 1.35991e+21	8.51e-01	1.49e-01	7.31e-05	2.69e-06	0.00e+00	0.00e+00	0.00e+00	0.00e+00
 1.36103e+21	8.52e-01	1.48e-01	7.28e-05	2.67e-06	0.00e+00	0.00e+00	0.00e+00	0.00e+00
 1.36214e+21	8.53e-01	1.47e-01	7.26e-05	2.66e-06	0.00e+00	0.00e+00	0.00e+00	0.00e+00
 1.36325e+21	8.54e-01	1.46e-01	7.24e-05	2.64e-06	0.00e+00	0.00e+00	0.00e+00	0.00e+00
 1.36436e+21	8.54e-01	1.45e-01	7.23e-05	2.63e-06	0.00e+00	0.00e+00	0.00e+00	0.00e+00
 1.36547e+21	8.55e-01	1.45e-01	7.22e-05	2.62e-06	0.00e+00	0.00e+00	0.00e+00	0.00e+00
 1.36674e+21	8.55e-01	1.45e-01	7.21e-05	2.62e-06	0.00e+00	0.00e+00	0.00e+00	0.00e+00
 1.36839e+21	8.55e-01	1.44e-01	7.20e-05	2.61e-06	0.00e+00	0.00e+00	0.00e+00	0.00e+00
 1.37054e+21	8.56e-01	1.44e-01	7.18e-05	2.60e-06	0.00e+00	0.00e+00	0.00e+00	0.00e+00
 1.37334e+21	8.57e-01	1.43e-01	7.16e-05	2.58e-06	0.00e+00	0.00e+00	0.00e+00	0.00e+00
 1.37697e+21	8.57e-01	1.43e-01	7.14e-05	2.58e-06	0.00e+00	0.00e+00	0.00e+00	0.00e+00
 1.38169e+21	8.57e-01	1.42e-01	7.12e-05	2.56e-06	0.00e+00	0.00e+00	0.00e+00	0.00e+00
 1.38783e+21	8.58e-01	1.42e-01	7.09e-05	2.54e-06	0.00e+00	0.00e+00	0.00e+00	0.00e+00
 1.39581e+21	8.59e-01	1.41e-01	7.04e-05	2.51e-06	0.00e+00	0.00e+00	0.00e+00	0.00e+00
 1.40619e+21	8.61e-01	1.39e-01	6.99e-05	2.48e-06	0.00e+00	0.00e+00	0.00e+00	0.00e+00
 1.41968e+21	8.62e-01	1.38e-01	6.92e-05	2.44e-06	0.00e+00	0.00e+00	0.00e+00	0.00e+00
 1.43721e+21	8.64e-01	1.36e-01	6.84e-05	2.38e-06	0.00e+00	0.00e+00	0.00e+00	0.00e+00
 1.46001e+21	8.67e-01	1.33e-01	6.73e-05	2.32e-06	0.00e+00	0.00e+00	0.00e+00	0.00e+00
 1.48964e+21	8.70e-01	1.30e-01	6.59e-05	2.23e-06	0.00e+00	0.00e+00	0.00e+00	0.00e+00
 1.52817e+21	8.74e-01	1.26e-01	6.43e-05	2.13e-06	0.00e+00	0.00e+00	0.00e+00	0.00e+00
 1.57697e+21	8.78e-01	1.21e-01	6.23e-05	2.02e-06	0.00e+00	0.00e+00	0.00e+00	0.00e+00
 1.63227e+21	8.83e-01	1.17e-01	6.03e-05	1.90e-06	0.00e+00	0.00e+00	0.00e+00	0.00e+00
 1.68971e+21	8.87e-01	1.13e-01	5.84e-05	1.80e-06	0.00e+00	0.00e+00	0.00e+00	0.00e+00
 1.74906e+21	8.91e-01	1.09e-01	5.65e-05	1.70e-06	0.00e+00	0.00e+00	0.00e+00	0.00e+00
 1.81210e+21	8.95e-01	1.05e-01	5.46e-05	1.60e-06	0.00e+00	0.00e+00	0.00e+00	0.00e+00
 1.88059e+21	8.99e-01	1.01e-01	5.26e-05	1.50e-06	0.00e+00	0.00e+00	0.00e+00	0.00e+00
 1.95450e+21	9.03e-01	9.72e-02	5.07e-05	1.40e-06	0.00e+00	0.00e+00	0.00e+00	0.00e+00
 2.03361e+21	9.07e-01	9.34e-02	4.87e-05	1.31e-06	0.00e+00	0.00e+00	0.00e+00	0.00e+00
 2.11839e+21	9.10e-01	8.97e-02	4.67e-05	1.22e-06	0.00e+00	0.00e+00	0.00e+00	0.00e+00
 2.20989e+21	9.14e-01	8.60e-02	4.46e-05	1.13e-06	0.00e+00	0.00e+00	0.00e+00	0.00e+00
 2.30889e+21	9.18e-01	8.24e-02	4.26e-05	1.04e-06	0.00e+00	0.00e+00	0.00e+00	0.00e+00
 2.41605e+21	9.21e-01	7.89e-02	4.05e-05	9.57e-07	0.00e+00	0.00e+00	0.00e+00	0.00e+00
 2.53232e+21	9.25e-01	7.54e-02	3.84e-05	8.77e-07	0.00e+00	0.00e+00	0.00e+00	0.00e+00
 2.65882e+21	9.28e-01	7.19e-02	3.63e-05	7.99e-07	0.00e+00	0.00e+00	0.00e+00	0.00e+00
 2.79691e+21	9.31e-01	6.85e-02	3.42e-05	7.24e-07	0.00e+00	0.00e+00	0.00e+00	0.00e+00
 2.94814e+21	9.35e-01	6.51e-02	3.20e-05	6.52e-07	0.00e+00	0.00e+00	0.00e+00	0.00e+00
 3.11430e+21	9.38e-01	6.18e-02	2.99e-05	5.84e-07	0.00e+00	0.00e+00	0.00e+00	0.00e+00
 3.29748e+21	9.41e-01	5.86e-02	2.77e-05	5.19e-07	0.00e+00	0.00e+00	0.00e+00	0.00e+00
 3.50024e+21	9.45e-01	5.54e-02	2.56e-05	4.58e-07	0.00e+00	0.00e+00	0.00e+00	0.00e+00
 3.72553e+21	9.48e-01	5.23e-02	2.34e-05	4.00e-07	0.00e+00	0.00e+00	0.00e+00	0.00e+00
 3.97707e+21	9.51e-01	4.93e-02	2.13e-05	3.47e-07	0.00e+00	0.00e+00	0.00e+00	0.00e+00
 4.25882e+21	9.54e-01	4.63e-02	1.92e-05	2.98e-07	0.00e+00	0.00e+00	0.00e+00	0.00e+00
 4.57663e+21	9.56e-01	4.36e-02	1.72e-05	2.53e-07	0.00e+00	0.00e+00	0.00e+00	0.00e+00
 4.93650e+21	9.59e-01	4.08e-02	1.52e-05	2.12e-07	0.00e+00	0.00e+00	0.00e+00	0.00e+00
 5.35054e+21	9.62e-01	3.82e-02	1.33e-05	1.76e-07	0.00e+00	0.00e+00	0.00e+00	0.00e+00
 5.82582e+21	9.64e-01	3.57e-02	1.15e-05	1.44e-07	0.00e+00	0.00e+00	0.00e+00	0.00e+00
 6.29687e+21	9.66e-01	3.38e-02	1.00e-05	0.00e+00	0.00e+00	0.00e+00	0.00e+00	0.00e+00
 6.70031e+21	9.68e-01	3.24e-02	8.99e-06	0.00e+00	0.00e+00	0.00e+00	0.00e+00	0.00e+00
 7.06514e+21	9.69e-01	3.12e-02	8.16e-06	0.00e+00	0.00e+00	0.00e+00	0.00e+00	0.00e+00
 7.47983e+21	9.70e-01	3.01e-02	7.32e-06	0.00e+00	0.00e+00	0.00e+00	0.00e+00	0.00e+00
 7.93830e+21	9.71e-01	2.90e-02	6.55e-06	0.00e+00	0.00e+00	0.00e+00	0.00e+00	0.00e+00
 8.34841e+21	9.72e-01	2.81e-02	5.97e-06	0.00e+00	0.00e+00	0.00e+00	0.00e+00	0.00e+00
 8.70683e+21	9.73e-01	2.75e-02	5.51e-06	0.00e+00	0.00e+00	0.00e+00	0.00e+00	0.00e+00
 9.10333e+21	9.73e-01	2.67e-02	5.04e-06	0.00e+00	0.00e+00	0.00e+00	0.00e+00	0.00e+00
 9.54467e+21	9.74e-01	2.61e-02	4.60e-06	0.00e+00	0.00e+00	0.00e+00	0.00e+00	0.00e+00
 9.94728e+21	9.74e-01	2.56e-02	4.25e-06	0.00e+00	0.00e+00	0.00e+00	0.00e+00	0.00e+00
 1.03037e+22	9.75e-01	2.51e-02	3.97e-06	0.00e+00	0.00e+00	0.00e+00	0.00e+00	0.00e+00
 1.06971e+22	9.75e-01	2.47e-02	3.67e-06	0.00e+00	0.00e+00	0.00e+00	0.00e+00	0.00e+00
 1.11326e+22	9.76e-01	2.42e-02	3.39e-06	0.00e+00	0.00e+00	0.00e+00	0.00e+00	0.00e+00
 1.15280e+22	9.76e-01	2.38e-02	3.17e-06	0.00e+00	0.00e+00	0.00e+00	0.00e+00	0.00e+00
 1.18796e+22	9.76e-01	2.35e-02	2.98e-06	0.00e+00	0.00e+00	0.00e+00	0.00e+00	0.00e+00
 1.22691e+22	9.77e-01	2.32e-02	2.79e-06	0.00e+00	0.00e+00	0.00e+00	0.00e+00	0.00e+00
 1.27033e+22	9.77e-01	2.29e-02	2.60e-06	0.00e+00	0.00e+00	0.00e+00	0.00e+00	0.00e+00
 1.30997e+22	9.77e-01	2.27e-02	2.45e-06	0.00e+00	0.00e+00	0.00e+00	0.00e+00	0.00e+00
 1.34516e+22	9.78e-01	2.24e-02	2.32e-06	0.00e+00	0.00e+00	0.00e+00	0.00e+00	0.00e+00
 1.38417e+22	9.78e-01	2.22e-02	2.18e-06	0.00e+00	0.00e+00	0.00e+00	0.00e+00	0.00e+00
 1.42750e+22	9.78e-01	2.20e-02	2.05e-06	0.00e+00	0.00e+00	0.00e+00	0.00e+00	0.00e+00
 1.46702e+22	9.78e-01	2.17e-02	1.94e-06	0.00e+00	0.00e+00	0.00e+00	0.00e+00	0.00e+00
 1.50193e+22	9.78e-01	2.17e-02	1.85e-06	0.00e+00	0.00e+00	0.00e+00	0.00e+00	0.00e+00
 1.54027e+22	9.79e-01	2.14e-02	1.75e-06	0.00e+00	0.00e+00	0.00e+00	0.00e+00	0.00e+00
 1.58282e+22	9.79e-01	2.12e-02	1.65e-06	0.00e+00	0.00e+00	0.00e+00	0.00e+00	0.00e+00
 1.62210e+22	9.79e-01	2.12e-02	1.57e-06	0.00e+00	0.00e+00	0.00e+00	0.00e+00	0.00e+00
 1.65856e+22	9.79e-01	2.10e-02	1.50e-06	0.00e+00	0.00e+00	0.00e+00	0.00e+00	0.00e+00
 1.70012e+22	9.79e-01	2.09e-02	1.42e-06	0.00e+00	0.00e+00	0.00e+00	0.00e+00	0.00e+00
 1.74572e+22	9.79e-01	2.07e-02	1.34e-06	0.00e+00	0.00e+00	0.00e+00	0.00e+00	0.00e+00
 1.78577e+22	9.79e-01	2.07e-02	1.28e-06	0.00e+00	0.00e+00	0.00e+00	0.00e+00	0.00e+00
 1.82123e+22	9.79e-01	2.05e-02	1.23e-06	0.00e+00	0.00e+00	0.00e+00	0.00e+00	0.00e+00
 1.86152e+22	9.80e-01	2.05e-02	1.17e-06	0.00e+00	0.00e+00	0.00e+00	0.00e+00	0.00e+00
 1.90687e+22	9.80e-01	2.03e-02	1.11e-06	0.00e+00	0.00e+00	0.00e+00	0.00e+00	0.00e+00
 1.94852e+22	9.80e-01	2.02e-02	1.06e-06	0.00e+00	0.00e+00	0.00e+00	0.00e+00	0.00e+00
 1.98578e+22	9.80e-01	2.02e-02	1.02e-06	0.00e+00	0.00e+00	0.00e+00	0.00e+00	0.00e+00
 2.02762e+22	9.80e-01	2.01e-02	9.72e-07	0.00e+00	0.00e+00	0.00e+00	0.00e+00	0.00e+00
 2.07452e+22	9.80e-01	2.01e-02	9.25e-07	0.00e+00	0.00e+00	0.00e+00	0.00e+00	0.00e+00
 2.11838e+22	9.80e-01	1.99e-02	8.84e-07	0.00e+00	0.00e+00	0.00e+00	0.00e+00	0.00e+00
 2.15849e+22	9.80e-01	1.99e-02	8.48e-07	0.00e+00	0.00e+00	0.00e+00	0.00e+00	0.00e+00
 2.20334e+22	9.80e-01	1.98e-02	8.10e-07	0.00e+00	0.00e+00	0.00e+00	0.00e+00	0.00e+00
 2.25363e+22	9.80e-01	1.98e-02	7.70e-07	0.00e+00	0.00e+00	0.00e+00	0.00e+00	0.00e+00
 2.30109e+22	9.80e-01	1.97e-02	7.36e-07	0.00e+00	0.00e+00	0.00e+00	0.00e+00	0.00e+00
 2.34603e+22	9.80e-01	1.97e-02	7.05e-07	0.00e+00	0.00e+00	0.00e+00	0.00e+00	0.00e+00
 2.39764e+22	9.80e-01	1.96e-02	6.70e-07	0.00e+00	0.00e+00	0.00e+00	0.00e+00	0.00e+00
 2.45976e+22	9.80e-01	1.96e-02	6.32e-07	0.00e+00	0.00e+00	0.00e+00	0.00e+00	0.00e+00
 2.52217e+22	9.81e-01	1.95e-02	5.98e-07	0.00e+00	0.00e+00	0.00e+00	0.00e+00	0.00e+00
 2.57834e+22	9.81e-01	1.95e-02	5.69e-07	0.00e+00	0.00e+00	0.00e+00	0.00e+00	0.00e+00
 2.62907e+22	9.81e-01	1.94e-02	5.45e-07	0.00e+00	0.00e+00	0.00e+00	0.00e+00	0.00e+00
 2.67473e+22	9.81e-01	1.94e-02	5.24e-07	0.00e+00	0.00e+00	0.00e+00	0.00e+00	0.00e+00
 2.71583e+22	9.81e-01	1.93e-02	5.06e-07	0.00e+00	0.00e+00	0.00e+00	0.00e+00	0.00e+00
 2.75281e+22	9.81e-01	1.93e-02	4.91e-07	0.00e+00	0.00e+00	0.00e+00	0.00e+00	0.00e+00
 2.78610e+22	9.81e-01	1.93e-02	4.78e-07	0.00e+00	0.00e+00	0.00e+00	0.00e+00	0.00e+00
 2.81729e+22	9.81e-01	1.93e-02	4.65e-07	0.00e+00	0.00e+00	0.00e+00	0.00e+00	0.00e+00
 2.84815e+22	9.81e-01	1.92e-02	4.54e-07	0.00e+00	0.00e+00	0.00e+00	0.00e+00	0.00e+00
 2.87901e+22	9.81e-01	1.92e-02	4.43e-07	0.00e+00	0.00e+00	0.00e+00	0.00e+00	0.00e+00
 2.90986e+22	9.81e-01	1.91e-02	4.32e-07	0.00e+00	0.00e+00	0.00e+00	0.00e+00	0.00e+00
 2.94072e+22	9.81e-01	1.91e-02	4.21e-07	0.00e+00	0.00e+00	0.00e+00	0.00e+00	0.00e+00
 2.97158e+22	9.81e-01	1.90e-02	4.11e-07	0.00e+00	0.00e+00	0.00e+00	0.00e+00	0.00e+00
 3.00243e+22	9.81e-01	1.89e-02	4.01e-07	0.00e+00	0.00e+00	0.00e+00	0.00e+00	0.00e+00
 3.03143e+22	9.81e-01	1.88e-02	3.92e-07	0.00e+00	0.00e+00	0.00e+00	0.00e+00	0.00e+00
 3.05568e+22	9.81e-01	1.86e-02	3.85e-07	0.00e+00	0.00e+00	0.00e+00	0.00e+00	0.00e+00
 3.07602e+22	9.82e-01	1.84e-02	3.79e-07	0.00e+00	0.00e+00	0.00e+00	0.00e+00	0.00e+00
