#depth	O	O+	O+2	O+3	O+4	O+5	O+6	O+7	O+8	O[1]	O[2]	O[3]
 1.48646e+17	1.06e-03	1.18e-01	6.35e-01	2.24e-01	2.14e-02	2.82e-04	2.75e-06	0.00e+00	0.00e+00	1.06e-03	7.87e-09	8.87e-09
 8.91876e+17	1.05e-03	1.18e-01	6.35e-01	2.24e-01	2.13e-02	2.82e-04	2.75e-06	0.00e+00	0.00e+00	1.05e-03	7.81e-09	8.81e-09
 3.86479e+18	1.02e-03	1.16e-01	6.37e-01	2.24e-01	2.13e-02	2.82e-04	2.77e-06	0.00e+00	0.00e+00	1.02e-03	7.58e-09	8.56e-09
 1.57565e+19	9.31e-04	1.08e-01	6.46e-01	2.24e-01	2.10e-02	2.82e-04	2.79e-06	0.00e+00	0.00e+00	9.31e-04	6.90e-09	7.79e-09
 3.76372e+19	7.10e-04	9.09e-02	6.55e-01	2.32e-01	2.13e-02	3.06e-04	3.15e-06	0.00e+00	0.00e+00	7.10e-04	5.26e-09	5.95e-09
 6.60820e+19	5.83e-04	8.05e-02	6.65e-01	2.33e-01	2.09e-02	3.13e-04	3.32e-06	0.00e+00	0.00e+00	5.83e-04	4.32e-09	4.88e-09
 1.03060e+20	4.97e-04	7.30e-02	6.79e-01	2.28e-01	1.98e-02	3.04e-04	3.31e-06	0.00e+00	0.00e+00	4.97e-04	3.68e-09	4.17e-09
 1.51132e+20	4.55e-04	6.95e-02	6.97e-01	2.14e-01	1.78e-02	2.78e-04	3.07e-06	0.00e+00	0.00e+00	4.54e-04	3.37e-09	3.81e-09
 2.13626e+20	4.56e-04	7.05e-02	7.22e-01	1.92e-01	1.50e-02	2.31e-04	2.57e-06	0.00e+00	0.00e+00	4.56e-04	3.38e-09	3.82e-09
 2.90156e+20	4.98e-04	7.55e-02	7.50e-01	1.62e-01	1.17e-02	1.75e-04	1.93e-06	0.00e+00	0.00e+00	4.98e-04	3.69e-09	4.18e-09
 3.83235e+20	6.47e-04	8.99e-02	7.77e-01	1.24e-01	7.99e-03	1.10e-04	1.18e-06	0.00e+00	0.00e+00	6.47e-04	4.79e-09	5.42e-09
 4.69196e+20	8.58e-04	1.08e-01	7.93e-01	9.28e-02	5.40e-03	6.79e-05	7.07e-07	0.00e+00	0.00e+00	8.58e-04	6.36e-09	7.19e-09
 5.24155e+20	1.09e-03	1.25e-01	7.96e-01	7.44e-02	4.04e-03	4.68e-05	4.74e-07	0.00e+00	0.00e+00	1.09e-03	8.11e-09	9.16e-09
 5.60168e+20	1.32e-03	1.39e-01	7.93e-01	6.35e-02	3.29e-03	3.58e-05	3.53e-07	0.00e+00	0.00e+00	1.32e-03	9.77e-09	1.10e-08
 5.90071e+20	1.57e-03	1.54e-01	7.87e-01	5.49e-02	2.74e-03	2.79e-05	2.70e-07	0.00e+00	0.00e+00	1.57e-03	1.16e-08	1.31e-08
 6.24016e+20	1.95e-03	1.73e-01	7.77e-01	4.59e-02	2.19e-03	2.06e-05	1.95e-07	0.00e+00	0.00e+00	1.95e-03	1.44e-08	1.63e-08
 6.59202e+20	2.42e-03	1.95e-01	7.63e-01	3.82e-02	1.75e-03	1.51e-05	1.39e-07	0.00e+00	0.00e+00	2.42e-03	1.79e-08	2.02e-08
 6.88388e+20	2.92e-03	2.15e-01	7.48e-01	3.25e-02	1.45e-03	1.15e-05	0.00e+00	0.00e+00	0.00e+00	2.92e-03	2.16e-08	2.43e-08
 7.14422e+20	3.48e-03	2.35e-01	7.32e-01	2.78e-02	1.21e-03	8.94e-06	0.00e+00	0.00e+00	0.00e+00	3.48e-03	2.58e-08	2.90e-08
 7.43975e+20	4.30e-03	2.62e-01	7.10e-01	2.31e-02	9.79e-04	6.57e-06	0.00e+00	0.00e+00	0.00e+00	4.30e-03	3.20e-08	3.57e-08
 7.74928e+20	5.35e-03	2.91e-01	6.84e-01	1.89e-02	7.89e-04	4.77e-06	0.00e+00	0.00e+00	0.00e+00	5.35e-03	3.98e-08	4.44e-08
 8.00860e+20	6.45e-03	3.17e-01	6.60e-01	1.59e-02	6.57e-04	3.61e-06	0.00e+00	0.00e+00	0.00e+00	6.45e-03	4.81e-08	5.34e-08
 8.23923e+20	7.67e-03	3.43e-01	6.35e-01	1.34e-02	5.54e-04	2.78e-06	0.00e+00	0.00e+00	0.00e+00	7.67e-03	5.73e-08	6.34e-08
 8.50097e+20	9.40e-03	3.76e-01	6.04e-01	1.09e-02	4.54e-04	2.03e-06	0.00e+00	0.00e+00	0.00e+00	9.40e-03	7.04e-08	7.77e-08
 8.77953e+20	1.17e-02	4.11e-01	5.68e-01	8.76e-03	3.69e-04	1.45e-06	0.00e+00	0.00e+00	0.00e+00	1.17e-02	8.75e-08	9.60e-08
 9.01929e+20	1.41e-02	4.44e-01	5.35e-01	7.15e-03	3.07e-04	1.08e-06	0.00e+00	0.00e+00	0.00e+00	1.41e-02	1.06e-07	1.16e-07
 9.23353e+20	1.67e-02	4.74e-01	5.03e-01	5.89e-03	2.59e-04	8.12e-07	0.00e+00	0.00e+00	0.00e+00	1.67e-02	1.26e-07	1.37e-07
 9.47529e+20	2.05e-02	5.11e-01	4.64e-01	4.64e-03	2.12e-04	5.80e-07	0.00e+00	0.00e+00	0.00e+00	2.05e-02	1.55e-07	1.67e-07
 9.73441e+20	2.54e-02	5.50e-01	4.21e-01	3.57e-03	1.71e-04	4.02e-07	0.00e+00	0.00e+00	0.00e+00	2.54e-02	1.92e-07	2.06e-07
 9.95989e+20	3.06e-02	5.84e-01	3.83e-01	2.79e-03	1.41e-04	2.88e-07	0.00e+00	0.00e+00	0.00e+00	3.06e-02	2.31e-07	2.48e-07
 1.01620e+21	3.64e-02	6.14e-01	3.47e-01	2.20e-03	1.17e-04	2.09e-07	0.00e+00	0.00e+00	0.00e+00	3.64e-02	2.75e-07	2.93e-07
 1.03899e+21	4.45e-02	6.48e-01	3.06e-01	1.65e-03	9.39e-05	1.43e-07	0.00e+00	0.00e+00	0.00e+00	4.45e-02	3.35e-07	3.56e-07
 1.06354e+21	5.48e-02	6.80e-01	2.64e-01	1.19e-03	7.35e-05	0.00e+00	0.00e+00	0.00e+00	0.00e+00	5.48e-02	4.11e-07	4.35e-07
 1.08443e+21	6.58e-02	7.05e-01	2.28e-01	8.85e-04	5.85e-05	0.00e+00	0.00e+00	0.00e+00	0.00e+00	6.58e-02	4.90e-07	5.18e-07
 1.10143e+21	7.64e-02	7.22e-01	2.00e-01	6.85e-04	4.81e-05	0.00e+00	0.00e+00	0.00e+00	0.00e+00	7.64e-02	5.65e-07	5.96e-07
 1.11687e+21	8.75e-02	7.36e-01	1.76e-01	5.35e-04	3.98e-05	0.00e+00	0.00e+00	0.00e+00	0.00e+00	8.75e-02	6.43e-07	6.77e-07
 1.13452e+21	1.02e-01	7.48e-01	1.50e-01	3.97e-04	3.16e-05	0.00e+00	0.00e+00	0.00e+00	0.00e+00	1.02e-01	7.44e-07	7.82e-07
 1.15286e+21	1.20e-01	7.55e-01	1.25e-01	2.89e-04	2.46e-05	0.00e+00	0.00e+00	0.00e+00	0.00e+00	1.20e-01	8.60e-07	9.03e-07
 1.16765e+21	1.36e-01	7.57e-01	1.07e-01	2.22e-04	1.99e-05	0.00e+00	0.00e+00	0.00e+00	0.00e+00	1.36e-01	9.62e-07	1.01e-06
 1.18014e+21	1.51e-01	7.56e-01	9.26e-02	1.76e-04	1.64e-05	0.00e+00	0.00e+00	0.00e+00	0.00e+00	1.51e-01	1.06e-06	1.11e-06
 1.19408e+21	1.70e-01	7.52e-01	7.80e-02	1.34e-04	1.30e-05	0.00e+00	0.00e+00	0.00e+00	0.00e+00	1.70e-01	1.17e-06	1.23e-06
 1.20914e+21	1.92e-01	7.44e-01	6.43e-02	1.00e-04	1.01e-05	0.00e+00	0.00e+00	0.00e+00	0.00e+00	1.92e-01	1.30e-06	1.36e-06
 1.22225e+21	2.13e-01	7.33e-01	5.39e-02	7.78e-05	8.05e-06	0.00e+00	0.00e+00	0.00e+00	0.00e+00	2.13e-01	1.42e-06	1.48e-06
 1.23384e+21	2.33e-01	7.21e-01	4.56e-02	6.18e-05	6.50e-06	0.00e+00	0.00e+00	0.00e+00	0.00e+00	2.33e-01	1.52e-06	1.59e-06
 1.24687e+21	2.58e-01	7.05e-01	3.74e-02	4.75e-05	5.04e-06	0.00e+00	0.00e+00	0.00e+00	0.00e+00	2.58e-01	1.65e-06	1.72e-06
 1.26116e+21	2.86e-01	6.84e-01	2.99e-02	3.58e-05	3.79e-06	0.00e+00	0.00e+00	0.00e+00	0.00e+00	2.86e-01	1.78e-06	1.86e-06
 1.27411e+21	3.12e-01	6.63e-01	2.42e-02	2.80e-05	2.93e-06	0.00e+00	0.00e+00	0.00e+00	0.00e+00	3.12e-01	1.89e-06	1.97e-06
 1.28760e+21	3.42e-01	6.38e-01	1.92e-02	2.15e-05	2.19e-06	0.00e+00	0.00e+00	0.00e+00	0.00e+00	3.42e-01	2.01e-06	2.09e-06
 1.30395e+21	3.79e-01	6.07e-01	1.43e-02	1.59e-05	1.54e-06	0.00e+00	0.00e+00	0.00e+00	0.00e+00	3.79e-01	2.13e-06	2.22e-06
 1.32053e+21	4.17e-01	5.72e-01	1.06e-02	1.19e-05	1.07e-06	0.00e+00	0.00e+00	0.00e+00	0.00e+00	4.17e-01	2.24e-06	2.34e-06
 1.33436e+21	4.49e-01	5.43e-01	8.16e-03	9.51e-06	7.86e-07	0.00e+00	0.00e+00	0.00e+00	0.00e+00	4.49e-01	2.32e-06	2.42e-06
 1.34596e+21	4.76e-01	5.17e-01	6.53e-03	7.93e-06	6.05e-07	0.00e+00	0.00e+00	0.00e+00	0.00e+00	4.76e-01	2.37e-06	2.47e-06
 1.35680e+21	5.01e-01	4.94e-01	5.28e-03	6.74e-06	4.73e-07	0.00e+00	0.00e+00	0.00e+00	0.00e+00	5.01e-01	2.41e-06	2.51e-06
 1.36768e+21	5.26e-01	4.70e-01	4.25e-03	5.77e-06	3.69e-07	0.00e+00	0.00e+00	0.00e+00	0.00e+00	5.26e-01	2.44e-06	2.54e-06
 1.37864e+21	5.50e-01	4.47e-01	3.43e-03	4.99e-06	2.89e-07	0.00e+00	0.00e+00	0.00e+00	0.00e+00	5.50e-01	2.45e-06	2.55e-06
 1.38910e+21	5.72e-01	4.25e-01	2.79e-03	4.37e-06	2.29e-07	0.00e+00	0.00e+00	0.00e+00	0.00e+00	5.72e-01	2.46e-06	2.56e-06
 1.39906e+21	5.92e-01	4.06e-01	2.30e-03	3.89e-06	1.84e-07	0.00e+00	0.00e+00	0.00e+00	0.00e+00	5.92e-01	2.46e-06	2.56e-06
 1.40725e+21	6.07e-01	3.91e-01	1.98e-03	3.56e-06	1.56e-07	0.00e+00	0.00e+00	0.00e+00	0.00e+00	6.07e-01	2.46e-06	2.56e-06
 1.41313e+21	6.18e-01	3.80e-01	1.78e-03	3.35e-06	1.38e-07	0.00e+00	0.00e+00	0.00e+00	0.00e+00	6.18e-01	2.45e-06	2.55e-06
 1.41879e+21	6.28e-01	3.70e-01	1.60e-03	3.16e-06	1.23e-07	0.00e+00	0.00e+00	0.00e+00	0.00e+00	6.28e-01	2.45e-06	2.54e-06
 1.42537e+21	6.40e-01	3.59e-01	1.41e-03	2.95e-06	0.00e+00	0.00e+00	0.00e+00	0.00e+00	0.00e+00	6.40e-01	2.44e-06	2.53e-06
 1.43255e+21	6.52e-01	3.47e-01	1.24e-03	2.75e-06	0.00e+00	0.00e+00	0.00e+00	0.00e+00	0.00e+00	6.52e-01	2.42e-06	2.52e-06
 1.43969e+21	6.63e-01	3.36e-01	1.10e-03	2.59e-06	0.00e+00	0.00e+00	0.00e+00	0.00e+00	0.00e+00	6.63e-01	2.41e-06	2.50e-06
 1.44695e+21	6.74e-01	3.25e-01	9.69e-04	2.43e-06	0.00e+00	0.00e+00	0.00e+00	0.00e+00	0.00e+00	6.74e-01	2.39e-06	2.49e-06
 1.45450e+21	6.85e-01	3.14e-01	8.58e-04	2.29e-06	0.00e+00	0.00e+00	0.00e+00	0.00e+00	0.00e+00	6.85e-01	2.38e-06	2.47e-06
 1.46245e+21	6.95e-01	3.04e-01	7.57e-04	2.15e-06	0.00e+00	0.00e+00	0.00e+00	0.00e+00	0.00e+00	6.95e-01	2.36e-06	2.45e-06
 1.47086e+21	7.06e-01	2.94e-01	6.68e-04	2.03e-06	0.00e+00	0.00e+00	0.00e+00	0.00e+00	0.00e+00	7.06e-01	2.34e-06	2.42e-06
 1.47965e+21	7.16e-01	2.84e-01	5.90e-04	1.91e-06	0.00e+00	0.00e+00	0.00e+00	0.00e+00	0.00e+00	7.16e-01	2.31e-06	2.40e-06
 1.48890e+21	7.25e-01	2.74e-01	5.23e-04	1.81e-06	0.00e+00	0.00e+00	0.00e+00	0.00e+00	0.00e+00	7.25e-01	2.29e-06	2.38e-06
 1.49891e+21	7.35e-01	2.65e-01	4.64e-04	1.71e-06	0.00e+00	0.00e+00	0.00e+00	0.00e+00	0.00e+00	7.35e-01	2.27e-06	2.35e-06
 1.50989e+21	7.43e-01	2.56e-01	4.12e-04	1.62e-06	0.00e+00	0.00e+00	0.00e+00	0.00e+00	0.00e+00	7.43e-01	2.24e-06	2.33e-06
 1.52204e+21	7.52e-01	2.47e-01	3.66e-04	1.53e-06	0.00e+00	0.00e+00	0.00e+00	0.00e+00	0.00e+00	7.52e-01	2.22e-06	2.30e-06
 1.53558e+21	7.60e-01	2.40e-01	3.27e-04	1.46e-06	0.00e+00	0.00e+00	0.00e+00	0.00e+00	0.00e+00	7.60e-01	2.19e-06	2.27e-06
 1.55115e+21	7.68e-01	2.32e-01	2.92e-04	1.38e-06	0.00e+00	0.00e+00	0.00e+00	0.00e+00	0.00e+00	7.68e-01	2.17e-06	2.25e-06
 1.56829e+21	7.75e-01	2.25e-01	2.64e-04	1.32e-06	0.00e+00	0.00e+00	0.00e+00	0.00e+00	0.00e+00	7.75e-01	2.15e-06	2.22e-06
 1.58545e+21	7.80e-01	2.19e-01	2.44e-04	1.27e-06	0.00e+00	0.00e+00	0.00e+00	0.00e+00	0.00e+00	7.80e-01	2.13e-06	2.20e-06
 1.60223e+21	7.85e-01	2.15e-01	2.28e-04	1.24e-06	0.00e+00	0.00e+00	0.00e+00	0.00e+00	0.00e+00	7.85e-01	2.11e-06	2.18e-06
 1.62132e+21	7.90e-01	2.10e-01	2.13e-04	1.20e-06	0.00e+00	0.00e+00	0.00e+00	0.00e+00	0.00e+00	7.90e-01	2.09e-06	2.17e-06
 1.64614e+21	7.94e-01	2.06e-01	1.98e-04	1.16e-06	0.00e+00	0.00e+00	0.00e+00	0.00e+00	0.00e+00	7.94e-01	2.08e-06	2.15e-06
 1.67841e+21	7.99e-01	2.00e-01	1.83e-04	1.11e-06	0.00e+00	0.00e+00	0.00e+00	0.00e+00	0.00e+00	7.99e-01	2.06e-06	2.13e-06
 1.72037e+21	8.05e-01	1.95e-01	1.68e-04	1.07e-06	0.00e+00	0.00e+00	0.00e+00	0.00e+00	0.00e+00	8.05e-01	2.03e-06	2.10e-06
 1.77490e+21	8.11e-01	1.88e-01	1.52e-04	1.02e-06	0.00e+00	0.00e+00	0.00e+00	0.00e+00	0.00e+00	8.11e-01	2.01e-06	2.07e-06
 1.84202e+21	8.18e-01	1.82e-01	1.36e-04	9.63e-07	0.00e+00	0.00e+00	0.00e+00	0.00e+00	0.00e+00	8.18e-01	1.98e-06	2.04e-06
 1.91615e+21	8.25e-01	1.75e-01	1.23e-04	9.12e-07	0.00e+00	0.00e+00	0.00e+00	0.00e+00	0.00e+00	8.25e-01	1.95e-06	2.01e-06
 1.99291e+21	8.31e-01	1.69e-01	1.11e-04	8.65e-07	0.00e+00	0.00e+00	0.00e+00	0.00e+00	0.00e+00	8.31e-01	1.92e-06	1.99e-06
 2.07289e+21	8.37e-01	1.63e-01	1.01e-04	8.22e-07	0.00e+00	0.00e+00	0.00e+00	0.00e+00	0.00e+00	8.37e-01	1.90e-06	1.96e-06
 2.15799e+21	8.43e-01	1.57e-01	9.17e-05	7.80e-07	0.00e+00	0.00e+00	0.00e+00	0.00e+00	0.00e+00	8.43e-01	1.87e-06	1.93e-06
 2.24887e+21	8.48e-01	1.52e-01	8.36e-05	7.41e-07	0.00e+00	0.00e+00	0.00e+00	0.00e+00	0.00e+00	8.48e-01	1.84e-06	1.90e-06
 2.34513e+21	8.54e-01	1.46e-01	7.65e-05	7.03e-07	0.00e+00	0.00e+00	0.00e+00	0.00e+00	0.00e+00	8.54e-01	1.82e-06	1.87e-06
 2.44673e+21	8.59e-01	1.41e-01	7.03e-05	6.68e-07	0.00e+00	0.00e+00	0.00e+00	0.00e+00	0.00e+00	8.59e-01	1.79e-06	1.84e-06
 2.55425e+21	8.64e-01	1.36e-01	6.48e-05	6.35e-07	0.00e+00	0.00e+00	0.00e+00	0.00e+00	0.00e+00	8.64e-01	1.77e-06	1.82e-06
 2.66840e+21	8.68e-01	1.32e-01	5.98e-05	6.03e-07	0.00e+00	0.00e+00	0.00e+00	0.00e+00	0.00e+00	8.68e-01	1.74e-06	1.79e-06
 2.78965e+21	8.73e-01	1.27e-01	5.55e-05	5.73e-07	0.00e+00	0.00e+00	0.00e+00	0.00e+00	0.00e+00	8.73e-01	1.72e-06	1.76e-06
 2.91836e+21	8.77e-01	1.23e-01	5.16e-05	5.44e-07	0.00e+00	0.00e+00	0.00e+00	0.00e+00	0.00e+00	8.77e-01	1.69e-06	1.74e-06
 3.05499e+21	8.82e-01	1.18e-01	4.81e-05	5.16e-07	0.00e+00	0.00e+00	0.00e+00	0.00e+00	0.00e+00	8.82e-01	1.67e-06	1.71e-06
 3.20022e+21	8.86e-01	1.14e-01	4.50e-05	4.90e-07	0.00e+00	0.00e+00	0.00e+00	0.00e+00	0.00e+00	8.86e-01	1.64e-06	1.68e-06
 3.35486e+21	8.90e-01	1.10e-01	4.22e-05	4.65e-07	0.00e+00	0.00e+00	0.00e+00	0.00e+00	0.00e+00	8.89e-01	1.62e-06	1.66e-06
 3.51961e+21	8.93e-01	1.07e-01	3.97e-05	4.41e-07	0.00e+00	0.00e+00	0.00e+00	0.00e+00	0.00e+00	8.93e-01	1.60e-06	1.64e-06
 3.69513e+21	8.97e-01	1.03e-01	3.74e-05	4.18e-07	0.00e+00	0.00e+00	0.00e+00	0.00e+00	0.00e+00	8.97e-01	1.58e-06	1.61e-06
 3.88238e+21	9.00e-01	9.96e-02	3.53e-05	3.97e-07	0.00e+00	0.00e+00	0.00e+00	0.00e+00	0.00e+00	9.00e-01	1.56e-06	1.59e-06
 4.08247e+21	9.04e-01	9.62e-02	3.34e-05	3.76e-07	0.00e+00	0.00e+00	0.00e+00	0.00e+00	0.00e+00	9.04e-01	1.54e-06	1.57e-06
 4.29667e+21	9.07e-01	9.30e-02	3.17e-05	3.55e-07	0.00e+00	0.00e+00	0.00e+00	0.00e+00	0.00e+00	9.07e-01	1.52e-06	1.55e-06
 4.52634e+21	9.10e-01	8.98e-02	3.01e-05	3.36e-07	0.00e+00	0.00e+00	0.00e+00	0.00e+00	0.00e+00	9.10e-01	1.50e-06	1.53e-06
 4.77304e+21	9.13e-01	8.69e-02	2.86e-05	3.18e-07	0.00e+00	0.00e+00	0.00e+00	0.00e+00	0.00e+00	9.13e-01	1.48e-06	1.51e-06
 5.03764e+21	9.16e-01	8.40e-02	2.73e-05	3.00e-07	0.00e+00	0.00e+00	0.00e+00	0.00e+00	0.00e+00	9.16e-01	1.46e-06	1.49e-06
 5.32372e+21	9.19e-01	8.12e-02	2.60e-05	2.83e-07	0.00e+00	0.00e+00	0.00e+00	0.00e+00	0.00e+00	9.19e-01	1.44e-06	1.47e-06
 5.63417e+21	9.21e-01	7.86e-02	2.48e-05	2.66e-07	0.00e+00	0.00e+00	0.00e+00	0.00e+00	0.00e+00	9.21e-01	1.43e-06	1.45e-06
 5.97154e+21	9.24e-01	7.59e-02	2.36e-05	2.50e-07	0.00e+00	0.00e+00	0.00e+00	0.00e+00	0.00e+00	9.24e-01	1.41e-06	1.43e-06
 6.34041e+21	9.26e-01	7.35e-02	2.25e-05	2.35e-07	0.00e+00	0.00e+00	0.00e+00	0.00e+00	0.00e+00	9.26e-01	1.39e-06	1.42e-06
 6.74319e+21	9.29e-01	7.11e-02	2.14e-05	2.20e-07	0.00e+00	0.00e+00	0.00e+00	0.00e+00	0.00e+00	9.29e-01	1.38e-06	1.40e-06
 7.18690e+21	9.31e-01	6.89e-02	2.03e-05	2.05e-07	0.00e+00	0.00e+00	0.00e+00	0.00e+00	0.00e+00	9.31e-01	1.37e-06	1.38e-06
 7.67911e+21	9.33e-01	6.67e-02	1.93e-05	1.91e-07	0.00e+00	0.00e+00	0.00e+00	0.00e+00	0.00e+00	9.33e-01	1.35e-06	1.37e-06
 8.22961e+21	9.35e-01	6.47e-02	1.83e-05	1.78e-07	0.00e+00	0.00e+00	0.00e+00	0.00e+00	0.00e+00	9.35e-01	1.34e-06	1.35e-06
 8.84986e+21	9.37e-01	6.27e-02	1.72e-05	1.64e-07	0.00e+00	0.00e+00	0.00e+00	0.00e+00	0.00e+00	9.37e-01	1.33e-06	1.34e-06
 9.55520e+21	9.39e-01	6.08e-02	1.62e-05	1.51e-07	0.00e+00	0.00e+00	0.00e+00	0.00e+00	0.00e+00	9.39e-01	1.31e-06	1.33e-06
 1.03755e+22	9.41e-01	5.89e-02	1.51e-05	1.38e-07	0.00e+00	0.00e+00	0.00e+00	0.00e+00	0.00e+00	9.41e-01	1.30e-06	1.31e-06
 1.13419e+22	9.43e-01	5.73e-02	1.39e-05	1.25e-07	0.00e+00	0.00e+00	0.00e+00	0.00e+00	0.00e+00	9.43e-01	1.29e-06	1.30e-06
 1.24582e+22	9.44e-01	5.57e-02	1.28e-05	0.00e+00	0.00e+00	0.00e+00	0.00e+00	0.00e+00	0.00e+00	9.44e-01	1.28e-06	1.29e-06
 1.37041e+22	9.46e-01	5.44e-02	1.17e-05	0.00e+00	0.00e+00	0.00e+00	0.00e+00	0.00e+00	0.00e+00	9.46e-01	1.27e-06	1.28e-06
 1.50745e+22	9.47e-01	5.32e-02	1.06e-05	0.00e+00	0.00e+00	0.00e+00	0.00e+00	0.00e+00	0.00e+00	9.47e-01	1.27e-06	1.27e-06
 1.65455e+22	9.48e-01	5.23e-02	9.55e-06	0.00e+00	0.00e+00	0.00e+00	0.00e+00	0.00e+00	0.00e+00	9.48e-01	1.26e-06	1.26e-06
 1.79766e+22	9.48e-01	5.16e-02	8.68e-06	0.00e+00	0.00e+00	0.00e+00	0.00e+00	0.00e+00	0.00e+00	9.48e-01	1.26e-06	1.26e-06
 1.92647e+22	9.49e-01	5.12e-02	7.99e-06	0.00e+00	0.00e+00	0.00e+00	0.00e+00	0.00e+00	0.00e+00	9.49e-01	1.25e-06	1.26e-06
 2.04239e+22	9.49e-01	5.08e-02	7.43e-06	0.00e+00	0.00e+00	0.00e+00	0.00e+00	0.00e+00	0.00e+00	9.49e-01	1.25e-06	1.25e-06
 2.14672e+22	9.50e-01	5.05e-02	6.97e-06	0.00e+00	0.00e+00	0.00e+00	0.00e+00	0.00e+00	0.00e+00	9.50e-01	1.25e-06	1.25e-06
 2.24061e+22	9.50e-01	5.02e-02	6.58e-06	0.00e+00	0.00e+00	0.00e+00	0.00e+00	0.00e+00	0.00e+00	9.50e-01	1.24e-06	1.25e-06
 2.32512e+22	9.50e-01	5.00e-02	6.26e-06	0.00e+00	0.00e+00	0.00e+00	0.00e+00	0.00e+00	0.00e+00	9.50e-01	1.24e-06	1.25e-06
 2.40117e+22	9.50e-01	4.98e-02	5.99e-06	0.00e+00	0.00e+00	0.00e+00	0.00e+00	0.00e+00	0.00e+00	9.50e-01	1.24e-06	1.25e-06
 2.46962e+22	9.50e-01	4.97e-02	5.75e-06	0.00e+00	0.00e+00	0.00e+00	0.00e+00	0.00e+00	0.00e+00	9.50e-01	1.24e-06	1.25e-06
 2.53123e+22	9.50e-01	4.95e-02	5.55e-06	0.00e+00	0.00e+00	0.00e+00	0.00e+00	0.00e+00	0.00e+00	9.50e-01	1.24e-06	1.24e-06
 2.58667e+22	9.51e-01	4.94e-02	5.37e-06	0.00e+00	0.00e+00	0.00e+00	0.00e+00	0.00e+00	0.00e+00	9.51e-01	1.23e-06	1.24e-06
 2.63658e+22	9.51e-01	4.93e-02	5.22e-06	0.00e+00	0.00e+00	0.00e+00	0.00e+00	0.00e+00	0.00e+00	9.51e-01	1.23e-06	1.24e-06
 2.68149e+22	9.51e-01	4.92e-02	5.09e-06	0.00e+00	0.00e+00	0.00e+00	0.00e+00	0.00e+00	0.00e+00	9.51e-01	1.23e-06	1.24e-06
 2.72190e+22	9.51e-01	4.91e-02	4.98e-06	0.00e+00	0.00e+00	0.00e+00	0.00e+00	0.00e+00	0.00e+00	9.51e-01	1.23e-06	1.24e-06
 2.75828e+22	9.51e-01	4.90e-02	4.88e-06	0.00e+00	0.00e+00	0.00e+00	0.00e+00	0.00e+00	0.00e+00	9.51e-01	1.23e-06	1.24e-06
 2.79102e+22	9.51e-01	4.90e-02	4.79e-06	0.00e+00	0.00e+00	0.00e+00	0.00e+00	0.00e+00	0.00e+00	9.51e-01	1.23e-06	1.24e-06
 2.82196e+22	9.51e-01	4.89e-02	4.71e-06	0.00e+00	0.00e+00	0.00e+00	0.00e+00	0.00e+00	0.00e+00	9.51e-01	1.23e-06	1.24e-06
 2.85281e+22	9.51e-01	4.88e-02	4.62e-06	0.00e+00	0.00e+00	0.00e+00	0.00e+00	0.00e+00	0.00e+00	9.51e-01	1.23e-06	1.24e-06
 2.88367e+22	9.51e-01	4.87e-02	4.55e-06	0.00e+00	0.00e+00	0.00e+00	0.00e+00	0.00e+00	0.00e+00	9.51e-01	1.22e-06	1.24e-06
 2.91453e+22	9.51e-01	4.87e-02	4.47e-06	0.00e+00	0.00e+00	0.00e+00	0.00e+00	0.00e+00	0.00e+00	9.51e-01	1.22e-06	1.24e-06
 2.94539e+22	9.51e-01	4.86e-02	4.39e-06	0.00e+00	0.00e+00	0.00e+00	0.00e+00	0.00e+00	0.00e+00	9.51e-01	1.22e-06	1.24e-06
 2.97624e+22	9.51e-01	4.85e-02	4.32e-06	0.00e+00	0.00e+00	0.00e+00	0.00e+00	0.00e+00	0.00e+00	9.51e-01	1.22e-06	1.24e-06
 3.00710e+22	9.52e-01	4.84e-02	4.25e-06	0.00e+00	0.00e+00	0.00e+00	0.00e+00	0.00e+00	0.00e+00	9.52e-01	1.22e-06	1.24e-06
 3.03796e+22	9.52e-01	4.83e-02	4.17e-06	0.00e+00	0.00e+00	0.00e+00	0.00e+00	0.00e+00	0.00e+00	9.52e-01	1.22e-06	1.24e-06
 3.06881e+22	9.52e-01	4.82e-02	4.11e-06	0.00e+00	0.00e+00	0.00e+00	0.00e+00	0.00e+00	0.00e+00	9.52e-01	1.22e-06	1.24e-06
 3.08496e+22	9.52e-01	4.81e-02	4.07e-06	0.00e+00	0.00e+00	0.00e+00	0.00e+00	0.00e+00	0.00e+00	9.52e-01	1.22e-06	1.23e-06
