#depth	He	He+	He+2
 2.53693e+16	3.31e-05	5.81e-02	9.42e-01
 1.52216e+17	3.31e-05	5.81e-02	9.42e-01
 6.59602e+17	3.30e-05	5.81e-02	9.42e-01
 2.68915e+18	3.29e-05	5.89e-02	9.41e-01
 6.42351e+18	3.16e-05	5.84e-02	9.42e-01
 1.12782e+19	3.12e-05	5.93e-02	9.41e-01
 1.75892e+19	3.19e-05	6.23e-02	9.38e-01
 2.57936e+19	3.41e-05	6.82e-02	9.32e-01
 3.64594e+19	3.91e-05	7.97e-02	9.20e-01
 4.75114e+19	4.62e-05	9.68e-02	9.03e-01
 5.63321e+19	5.54e-05	1.18e-01	8.82e-01
 6.32746e+19	6.59e-05	1.41e-01	8.59e-01
 6.91916e+19	7.83e-05	1.68e-01	8.32e-01
 7.45044e+19	9.28e-05	1.98e-01	8.01e-01
 7.94737e+19	1.10e-04	2.34e-01	7.66e-01
 8.42111e+19	1.30e-04	2.76e-01	7.24e-01
 8.87581e+19	1.53e-04	3.23e-01	6.77e-01
 9.30666e+19	1.79e-04	3.75e-01	6.25e-01
 9.70783e+19	2.06e-04	4.28e-01	5.72e-01
 1.00868e+20	2.33e-04	4.80e-01	5.20e-01
 1.04448e+20	2.61e-04	5.31e-01	4.69e-01
 1.07822e+20	2.88e-04	5.78e-01	4.22e-01
 1.11082e+20	3.14e-04	6.22e-01	3.78e-01
 1.14804e+20	3.46e-04	6.69e-01	3.30e-01
 1.18696e+20	3.75e-04	7.13e-01	2.87e-01
 1.22107e+20	4.00e-04	7.47e-01	2.52e-01
 1.25836e+20	4.28e-04	7.81e-01	2.18e-01
 1.30684e+20	4.62e-04	8.19e-01	1.81e-01
 1.35789e+20	4.92e-04	8.49e-01	1.50e-01
 1.41190e+20	5.23e-04	8.76e-01	1.24e-01
 1.47989e+20	5.58e-04	9.01e-01	9.81e-02
 1.55925e+20	5.94e-04	9.23e-01	7.66e-02
 1.64810e+20	6.29e-04	9.40e-01	5.95e-02
 1.75252e+20	6.68e-04	9.54e-01	4.54e-02
 1.88392e+20	7.13e-04	9.66e-01	3.36e-02
 2.05435e+20	7.71e-04	9.75e-01	2.40e-02
 2.25822e+20	8.40e-04	9.82e-01	1.71e-02
 2.45663e+20	9.14e-04	9.86e-01	1.30e-02
 2.61900e+20	9.86e-04	9.88e-01	1.07e-02
 2.75254e+20	1.06e-03	9.90e-01	9.18e-03
 2.87311e+20	1.13e-03	9.91e-01	8.06e-03
 2.98782e+20	1.22e-03	9.92e-01	7.18e-03
 3.09601e+20	1.32e-03	9.92e-01	6.46e-03
 3.19430e+20	1.42e-03	9.93e-01	5.90e-03
 3.28240e+20	1.54e-03	9.93e-01	5.45e-03
 3.36273e+20	1.67e-03	9.93e-01	5.07e-03
 3.43718e+20	1.82e-03	9.93e-01	4.75e-03
 3.49630e+20	1.95e-03	9.94e-01	4.53e-03
 3.53712e+20	2.06e-03	9.94e-01	4.38e-03
 3.57769e+20	2.19e-03	9.94e-01	4.22e-03
 3.62174e+20	2.34e-03	9.94e-01	4.06e-03
 3.65987e+20	2.50e-03	9.94e-01	3.93e-03
 3.69174e+20	2.64e-03	9.94e-01	3.83e-03
 3.72131e+20	2.80e-03	9.93e-01	3.73e-03
 3.75006e+20	2.97e-03	9.93e-01	3.64e-03
 3.77738e+20	3.16e-03	9.93e-01	3.56e-03
 3.80304e+20	3.35e-03	9.93e-01	3.48e-03
 3.82726e+20	3.56e-03	9.93e-01	3.40e-03
 3.85037e+20	3.79e-03	9.93e-01	3.34e-03
 3.87248e+20	4.03e-03	9.93e-01	3.27e-03
 3.89357e+20	4.30e-03	9.92e-01	3.21e-03
 3.91368e+20	4.58e-03	9.92e-01	3.15e-03
 3.93288e+20	4.89e-03	9.92e-01	3.10e-03
 3.95126e+20	5.23e-03	9.92e-01	3.05e-03
 3.96888e+20	5.59e-03	9.91e-01	3.00e-03
 3.98586e+20	6.00e-03	9.91e-01	2.95e-03
 4.00215e+20	6.43e-03	9.91e-01	2.91e-03
 4.01773e+20	6.91e-03	9.90e-01	2.86e-03
 4.03278e+20	7.44e-03	9.90e-01	2.83e-03
 4.04740e+20	8.02e-03	9.89e-01	2.79e-03
 4.06160e+20	8.68e-03	9.89e-01	2.75e-03
 4.07530e+20	9.40e-03	9.88e-01	2.71e-03
 4.08853e+20	1.02e-02	9.87e-01	2.68e-03
 4.10141e+20	1.11e-02	9.86e-01	2.65e-03
 4.11398e+20	1.22e-02	9.85e-01	2.62e-03
 4.12630e+20	1.34e-02	9.84e-01	2.58e-03
 4.13713e+20	1.45e-02	9.83e-01	2.56e-03
 4.14602e+20	1.57e-02	9.82e-01	2.54e-03
 4.15560e+20	1.71e-02	9.80e-01	2.52e-03
 4.16566e+20	1.88e-02	9.79e-01	2.49e-03
 4.17405e+20	2.05e-02	9.77e-01	2.48e-03
 4.18142e+20	2.21e-02	9.75e-01	2.47e-03
 4.18974e+20	2.43e-02	9.73e-01	2.46e-03
 4.19857e+20	2.69e-02	9.71e-01	2.45e-03
 4.20603e+20	2.96e-02	9.68e-01	2.43e-03
 4.21242e+20	3.22e-02	9.65e-01	2.43e-03
 4.21943e+20	3.56e-02	9.62e-01	2.43e-03
 4.22704e+20	3.98e-02	9.58e-01	2.43e-03
 4.23379e+20	4.41e-02	9.53e-01	2.43e-03
 4.23990e+20	4.86e-02	9.49e-01	2.45e-03
 4.24681e+20	5.49e-02	9.43e-01	2.46e-03
 4.25410e+20	6.25e-02	9.35e-01	2.48e-03
 4.26018e+20	7.02e-02	9.27e-01	2.51e-03
 4.26526e+20	7.76e-02	9.20e-01	2.54e-03
 4.27066e+20	8.71e-02	9.10e-01	2.58e-03
 4.27627e+20	9.81e-02	8.99e-01	2.62e-03
 4.28106e+20	1.09e-01	8.88e-01	2.67e-03
 4.28528e+20	1.20e-01	8.77e-01	2.72e-03
 4.28931e+20	1.32e-01	8.65e-01	2.77e-03
 4.29318e+20	1.45e-01	8.52e-01	2.83e-03
 4.29673e+20	1.59e-01	8.38e-01	2.88e-03
 4.29999e+20	1.72e-01	8.25e-01	2.95e-03
 4.30250e+20	1.83e-01	8.14e-01	2.99e-03
 4.30414e+20	1.90e-01	8.07e-01	3.02e-03
 4.30566e+20	1.98e-01	7.99e-01	3.05e-03
 4.30737e+20	2.07e-01	7.90e-01	3.09e-03
 4.30921e+20	2.17e-01	7.80e-01	3.12e-03
 4.31101e+20	2.28e-01	7.69e-01	3.16e-03
 4.31271e+20	2.38e-01	7.59e-01	3.20e-03
 4.31440e+20	2.49e-01	7.48e-01	3.23e-03
 4.31608e+20	2.60e-01	7.36e-01	3.27e-03
 4.31775e+20	2.72e-01	7.24e-01	3.31e-03
 4.31941e+20	2.84e-01	7.12e-01	3.35e-03
 4.32106e+20	2.97e-01	7.00e-01	3.39e-03
 4.32271e+20	3.10e-01	6.86e-01	3.42e-03
 4.32431e+20	3.23e-01	6.73e-01	3.46e-03
 4.32591e+20	3.38e-01	6.59e-01	3.49e-03
 4.32750e+20	3.52e-01	6.45e-01	3.53e-03
 4.32908e+20	3.66e-01	6.30e-01	3.56e-03
 4.33067e+20	3.81e-01	6.15e-01	3.60e-03
 4.33223e+20	3.97e-01	5.99e-01	3.62e-03
 4.33377e+20	4.13e-01	5.84e-01	3.65e-03
 4.33530e+20	4.29e-01	5.67e-01	3.67e-03
 4.33685e+20	4.45e-01	5.51e-01	3.70e-03
 4.33840e+20	4.62e-01	5.34e-01	3.72e-03
 4.33995e+20	4.80e-01	5.17e-01	3.73e-03
 4.34148e+20	4.97e-01	4.99e-01	3.74e-03
 4.34299e+20	5.14e-01	4.82e-01	3.75e-03
 4.34449e+20	5.32e-01	4.65e-01	3.76e-03
 4.34599e+20	5.49e-01	4.47e-01	3.75e-03
 4.34746e+20	5.67e-01	4.30e-01	3.75e-03
 4.34892e+20	5.84e-01	4.13e-01	3.74e-03
 4.35037e+20	6.01e-01	3.96e-01	3.72e-03
 4.35180e+20	6.17e-01	3.79e-01	3.70e-03
 4.35325e+20	6.34e-01	3.62e-01	3.67e-03
 4.35470e+20	6.51e-01	3.46e-01	3.63e-03
 4.35615e+20	6.67e-01	3.29e-01	3.60e-03
 4.35762e+20	6.83e-01	3.13e-01	3.55e-03
 4.35909e+20	6.99e-01	2.98e-01	3.50e-03
 4.36060e+20	7.15e-01	2.82e-01	3.43e-03
 4.36215e+20	7.30e-01	2.66e-01	3.37e-03
 4.36373e+20	7.45e-01	2.51e-01	3.29e-03
 4.36536e+20	7.60e-01	2.36e-01	3.21e-03
 4.36707e+20	7.75e-01	2.22e-01	3.12e-03
 4.36886e+20	7.90e-01	2.07e-01	3.02e-03
 4.37074e+20	8.04e-01	1.93e-01	2.91e-03
 4.37277e+20	8.18e-01	1.79e-01	2.80e-03
 4.37497e+20	8.31e-01	1.66e-01	2.67e-03
 4.37741e+20	8.44e-01	1.53e-01	2.54e-03
 4.38016e+20	8.57e-01	1.41e-01	2.41e-03
 4.38336e+20	8.69e-01	1.29e-01	2.27e-03
 4.38689e+20	8.79e-01	1.19e-01	2.14e-03
 4.39047e+20	8.87e-01	1.11e-01	2.04e-03
 4.39402e+20	8.92e-01	1.06e-01	1.96e-03
 4.39756e+20	8.97e-01	1.01e-01	1.90e-03
 4.40108e+20	9.00e-01	9.84e-02	1.86e-03
 4.40460e+20	9.02e-01	9.59e-02	1.81e-03
 4.40810e+20	9.04e-01	9.42e-02	1.78e-03
 4.41160e+20	9.05e-01	9.32e-02	1.77e-03
 4.41563e+20	9.06e-01	9.20e-02	1.75e-03
 4.42086e+20	9.07e-01	9.09e-02	1.72e-03
 4.42766e+20	9.08e-01	9.02e-02	1.71e-03
 4.43650e+20	9.09e-01	8.93e-02	1.68e-03
 4.44800e+20	9.10e-01	8.88e-02	1.67e-03
 4.46294e+20	9.10e-01	8.81e-02	1.65e-03
 4.48237e+20	9.11e-01	8.73e-02	1.62e-03
 4.50762e+20	9.12e-01	8.63e-02	1.58e-03
 4.54045e+20	9.13e-01	8.51e-02	1.53e-03
 4.58313e+20	9.15e-01	8.35e-02	1.48e-03
 4.63861e+20	9.17e-01	8.15e-02	1.41e-03
 4.71074e+20	9.20e-01	7.91e-02	1.32e-03
 4.80451e+20	9.23e-01	7.61e-02	1.23e-03
 4.92640e+20	9.26e-01	7.25e-02	1.11e-03
 5.08422e+20	9.31e-01	6.83e-02	9.86e-04
 5.26426e+20	9.35e-01	6.42e-02	8.71e-04
 5.44583e+20	9.39e-01	6.05e-02	7.76e-04
 5.62941e+20	9.42e-01	5.72e-02	6.94e-04
 5.82469e+20	9.45e-01	5.40e-02	6.19e-04
 6.03752e+20	9.49e-01	5.09e-02	5.51e-04
 6.26561e+20	9.51e-01	4.80e-02	4.90e-04
 6.50721e+20	9.54e-01	4.53e-02	4.36e-04
 6.76410e+20	9.57e-01	4.27e-02	3.88e-04
 7.03870e+20	9.59e-01	4.02e-02	3.45e-04
 7.33265e+20	9.62e-01	3.79e-02	3.07e-04
 7.64698e+20	9.64e-01	3.57e-02	2.73e-04
 7.98368e+20	9.66e-01	3.36e-02	2.43e-04
 8.34437e+20	9.68e-01	3.16e-02	2.16e-04
 8.73067e+20	9.70e-01	2.98e-02	1.92e-04
 9.14829e+20	9.72e-01	2.80e-02	1.70e-04
 9.59925e+20	9.73e-01	2.64e-02	1.51e-04
 1.00822e+21	9.75e-01	2.48e-02	1.34e-04
 1.06021e+21	9.76e-01	2.34e-02	1.20e-04
 1.11638e+21	9.78e-01	2.20e-02	1.06e-04
 1.17753e+21	9.79e-01	2.07e-02	9.43e-05
 1.24362e+21	9.80e-01	1.95e-02	8.37e-05
 1.31463e+21	9.82e-01	1.84e-02	7.44e-05
 1.39169e+21	9.83e-01	1.73e-02	6.62e-05
 1.47540e+21	9.84e-01	1.63e-02	5.88e-05
 1.56663e+21	9.85e-01	1.53e-02	5.23e-05
 1.66551e+21	9.86e-01	1.44e-02	4.65e-05
 1.77229e+21	9.86e-01	1.36e-02	4.14e-05
 1.88792e+21	9.87e-01	1.28e-02	3.70e-05
 2.01339e+21	9.88e-01	1.21e-02	3.31e-05
 2.14774e+21	9.88e-01	1.15e-02	2.96e-05
 2.29299e+21	9.89e-01	1.09e-02	2.66e-05
 2.45105e+21	9.90e-01	1.03e-02	2.39e-05
 2.60869e+21	9.90e-01	9.84e-03	2.18e-05
 2.75340e+21	9.91e-01	9.47e-03	2.01e-05
 2.88973e+21	9.91e-01	9.16e-03	1.87e-05
 3.04487e+21	9.91e-01	8.83e-03	1.74e-05
 3.21308e+21	9.91e-01	8.53e-03	1.62e-05
 3.35915e+21	9.92e-01	8.31e-03	1.53e-05
 3.48627e+21	9.92e-01	8.13e-03	1.46e-05
 3.62786e+21	9.92e-01	7.93e-03	1.38e-05
 3.78696e+21	9.92e-01	7.73e-03	1.31e-05
 3.93338e+21	9.92e-01	7.57e-03	1.25e-05
 4.06276e+21	9.93e-01	7.43e-03	1.20e-05
 4.20545e+21	9.93e-01	7.29e-03	1.15e-05
 4.36361e+21	9.93e-01	7.15e-03	1.10e-05
 4.50654e+21	9.93e-01	7.03e-03	1.06e-05
 4.63296e+21	9.93e-01	6.93e-03	1.03e-05
 4.77327e+21	9.93e-01	6.83e-03	9.93e-06
 4.92920e+21	9.93e-01	6.72e-03	9.59e-06
 5.07087e+21	9.93e-01	6.64e-03	9.30e-06
 5.19671e+21	9.93e-01	6.56e-03	9.06e-06
 5.33654e+21	9.94e-01	6.48e-03	8.79e-06
 5.49121e+21	9.94e-01	6.40e-03	8.53e-06
 5.63150e+21	9.94e-01	6.34e-03	8.33e-06
 5.75781e+21	9.94e-01	6.29e-03	8.15e-06
 5.89496e+21	9.94e-01	6.23e-03	7.97e-06
 6.04533e+21	9.94e-01	6.18e-03	7.79e-06
