#depth	He	He+	He+2
 3.66490e+15	3.20e-03	3.94e-01	6.02e-01
 2.19894e+16	3.19e-03	3.94e-01	6.03e-01
 9.52875e+16	3.18e-03	3.95e-01	6.02e-01
 3.88480e+17	3.17e-03	3.99e-01	5.98e-01
 9.27954e+17	3.09e-03	4.00e-01	5.97e-01
 1.62927e+18	3.08e-03	4.07e-01	5.90e-01
 2.54098e+18	3.13e-03	4.23e-01	5.74e-01
 3.72620e+18	3.29e-03	4.48e-01	5.49e-01
 5.26700e+18	3.61e-03	4.88e-01	5.08e-01
 7.27003e+18	4.18e-03	5.49e-01	4.47e-01
 9.36264e+18	4.89e-03	6.16e-01	3.79e-01
 1.09981e+19	5.52e-03	6.69e-01	3.26e-01
 1.21839e+19	6.05e-03	7.04e-01	2.90e-01
 1.31711e+19	6.53e-03	7.32e-01	2.62e-01
 1.42668e+19	7.12e-03	7.60e-01	2.33e-01
 1.53894e+19	7.70e-03	7.85e-01	2.07e-01
 1.63029e+19	8.20e-03	8.03e-01	1.89e-01
 1.71160e+19	8.69e-03	8.17e-01	1.74e-01
 1.80426e+19	9.29e-03	8.32e-01	1.58e-01
 1.90208e+19	9.95e-03	8.46e-01	1.44e-01
 1.98470e+19	1.06e-02	8.55e-01	1.34e-01
 2.05714e+19	1.11e-02	8.63e-01	1.25e-01
 2.13825e+19	1.19e-02	8.72e-01	1.17e-01
 2.22510e+19	1.28e-02	8.79e-01	1.08e-01
 2.29960e+19	1.36e-02	8.84e-01	1.02e-01
 2.36504e+19	1.44e-02	8.89e-01	9.68e-02
 2.43856e+19	1.55e-02	8.93e-01	9.11e-02
 2.51713e+19	1.69e-02	8.97e-01	8.57e-02
 2.58460e+19	1.83e-02	9.00e-01	8.15e-02
 2.64397e+19	1.97e-02	9.02e-01	7.80e-02
 2.71050e+19	2.15e-02	9.04e-01	7.42e-02
 2.77987e+19	2.38e-02	9.05e-01	7.08e-02
 2.83548e+19	2.60e-02	9.06e-01	6.81e-02
 2.87972e+19	2.81e-02	9.06e-01	6.61e-02
 2.92660e+19	3.07e-02	9.05e-01	6.39e-02
 2.97594e+19	3.37e-02	9.04e-01	6.20e-02
 3.01710e+19	3.67e-02	9.03e-01	6.05e-02
 3.05209e+19	3.95e-02	9.01e-01	5.93e-02
 3.09040e+19	4.32e-02	8.99e-01	5.80e-02
 3.13079e+19	4.76e-02	8.96e-01	5.68e-02
 3.16466e+19	5.18e-02	8.92e-01	5.58e-02
 3.19400e+19	5.57e-02	8.89e-01	5.51e-02
 3.22666e+19	6.10e-02	8.85e-01	5.43e-02
 3.26213e+19	6.73e-02	8.79e-01	5.34e-02
 3.29353e+19	7.33e-02	8.74e-01	5.30e-02
 3.32662e+19	8.08e-02	8.67e-01	5.23e-02
 3.36253e+19	9.00e-02	8.58e-01	5.17e-02
 3.39465e+19	9.86e-02	8.50e-01	5.15e-02
 3.42501e+19	1.08e-01	8.41e-01	5.11e-02
 3.45745e+19	1.20e-01	8.30e-01	5.07e-02
 3.49134e+19	1.32e-01	8.17e-01	5.06e-02
 3.52210e+19	1.45e-01	8.04e-01	5.03e-02
 3.54920e+19	1.57e-01	7.92e-01	5.03e-02
 3.57487e+19	1.70e-01	7.80e-01	5.01e-02
 3.60036e+19	1.83e-01	7.67e-01	5.00e-02
 3.62151e+19	1.95e-01	7.55e-01	4.99e-02
 3.63592e+19	2.03e-01	7.47e-01	4.98e-02
 3.64919e+19	2.11e-01	7.39e-01	4.97e-02
 3.66427e+19	2.21e-01	7.30e-01	4.95e-02
 3.68087e+19	2.31e-01	7.19e-01	4.94e-02
 3.69763e+19	2.43e-01	7.08e-01	4.92e-02
 3.71415e+19	2.54e-01	6.97e-01	4.90e-02
 3.73091e+19	2.66e-01	6.85e-01	4.88e-02
 3.74797e+19	2.78e-01	6.73e-01	4.86e-02
 3.76544e+19	2.92e-01	6.60e-01	4.82e-02
 3.78323e+19	3.05e-01	6.47e-01	4.79e-02
 3.80135e+19	3.20e-01	6.33e-01	4.75e-02
 3.82010e+19	3.35e-01	6.18e-01	4.71e-02
 3.83954e+19	3.51e-01	6.03e-01	4.65e-02
 3.85948e+19	3.67e-01	5.87e-01	4.60e-02
 3.88004e+19	3.84e-01	5.71e-01	4.53e-02
 3.90170e+19	4.02e-01	5.54e-01	4.46e-02
 3.92459e+19	4.21e-01	5.35e-01	4.38e-02
 3.94855e+19	4.40e-01	5.17e-01	4.29e-02
 3.97390e+19	4.60e-01	4.98e-01	4.19e-02
 4.00143e+19	4.80e-01	4.79e-01	4.08e-02
 4.03125e+19	5.02e-01	4.59e-01	3.95e-02
 4.06372e+19	5.23e-01	4.39e-01	3.82e-02
 4.09906e+19	5.44e-01	4.20e-01	3.68e-02
 4.13821e+19	5.64e-01	4.01e-01	3.53e-02
 4.18243e+19	5.83e-01	3.83e-01	3.37e-02
 4.22934e+19	6.00e-01	3.68e-01	3.23e-02
 4.27586e+19	6.14e-01	3.55e-01	3.09e-02
 4.32165e+19	6.25e-01	3.45e-01	2.98e-02
 4.37394e+19	6.36e-01	3.35e-01	2.85e-02
 4.44192e+19	6.48e-01	3.25e-01	2.71e-02
 4.53028e+19	6.60e-01	3.14e-01	2.54e-02
 4.64516e+19	6.73e-01	3.03e-01	2.36e-02
 4.79226e+19	6.87e-01	2.91e-01	2.15e-02
 4.96278e+19	7.02e-01	2.79e-01	1.95e-02
 5.14236e+19	7.15e-01	2.67e-01	1.77e-02
 5.32937e+19	7.28e-01	2.56e-01	1.61e-02
 5.52461e+19	7.40e-01	2.45e-01	1.46e-02
 5.72812e+19	7.52e-01	2.35e-01	1.32e-02
 5.94096e+19	7.63e-01	2.25e-01	1.20e-02
 6.16344e+19	7.74e-01	2.15e-01	1.09e-02
 6.39581e+19	7.85e-01	2.05e-01	9.83e-03
 6.63821e+19	7.95e-01	1.96e-01	8.91e-03
 6.89100e+19	8.04e-01	1.88e-01	8.07e-03
 7.15477e+19	8.14e-01	1.79e-01	7.31e-03
 7.42998e+19	8.22e-01	1.71e-01	6.61e-03
 7.71697e+19	8.31e-01	1.63e-01	5.99e-03
 8.01606e+19	8.39e-01	1.56e-01	5.42e-03
 8.32772e+19	8.47e-01	1.48e-01	4.90e-03
 8.65246e+19	8.54e-01	1.42e-01	4.44e-03
 8.99053e+19	8.61e-01	1.35e-01	4.02e-03
 9.34197e+19	8.68e-01	1.29e-01	3.63e-03
 9.70744e+19	8.74e-01	1.23e-01	3.29e-03
 1.00843e+20	8.80e-01	1.17e-01	2.98e-03
 1.04747e+20	8.86e-01	1.12e-01	2.70e-03
 1.08826e+20	8.91e-01	1.06e-01	2.44e-03
 1.13051e+20	8.97e-01	1.01e-01	2.21e-03
 1.17408e+20	9.01e-01	9.66e-02	2.00e-03
 1.21901e+20	9.06e-01	9.21e-02	1.81e-03
 1.26536e+20	9.11e-01	8.77e-02	1.64e-03
 1.31326e+20	9.15e-01	8.37e-02	1.48e-03
 1.36256e+20	9.19e-01	7.98e-02	1.34e-03
 1.41301e+20	9.23e-01	7.61e-02	1.22e-03
 1.46477e+20	9.26e-01	7.27e-02	1.11e-03
 1.51792e+20	9.30e-01	6.94e-02	1.01e-03
 1.57226e+20	9.33e-01	6.63e-02	9.14e-04
 1.62790e+20	9.36e-01	6.33e-02	8.31e-04
 1.68522e+20	9.39e-01	6.05e-02	7.56e-04
 1.74410e+20	9.42e-01	5.78e-02	6.87e-04
 1.80430e+20	9.44e-01	5.52e-02	6.25e-04
 1.86529e+20	9.47e-01	5.28e-02	5.70e-04
 1.92579e+20	9.49e-01	5.06e-02	5.21e-04
 1.98476e+20	9.51e-01	4.86e-02	4.79e-04
 2.04214e+20	9.53e-01	4.67e-02	4.42e-04
 2.09817e+20	9.55e-01	4.51e-02	4.09e-04
 2.15289e+20	9.56e-01	4.35e-02	3.80e-04
 2.20598e+20	9.58e-01	4.21e-02	3.54e-04
 2.25695e+20	9.59e-01	4.08e-02	3.32e-04
 2.30564e+20	9.60e-01	3.96e-02	3.12e-04
 2.35200e+20	9.61e-01	3.85e-02	2.94e-04
 2.39601e+20	9.62e-01	3.75e-02	2.78e-04
 2.43750e+20	9.63e-01	3.66e-02	2.64e-04
