#depth	He	He+	He+2
 6.73291e+14	7.07e-02	8.56e-01	7.29e-02
 4.03974e+15	7.05e-02	8.56e-01	7.31e-02
 1.75056e+16	7.05e-02	8.56e-01	7.31e-02
 7.13688e+16	7.07e-02	8.57e-01	7.25e-02
 1.70477e+17	7.03e-02	8.57e-01	7.27e-02
 2.99318e+17	7.06e-02	8.57e-01	7.22e-02
 4.66811e+17	7.16e-02	8.57e-01	7.09e-02
 6.84552e+17	7.35e-02	8.58e-01	6.87e-02
 9.48367e+17	7.63e-02	8.58e-01	6.58e-02
 1.22070e+18	7.97e-02	8.58e-01	6.26e-02
 1.50435e+18	8.48e-02	8.56e-01	5.88e-02
 1.82793e+18	9.19e-02	8.54e-01	5.44e-02
 2.16352e+18	1.01e-01	8.49e-01	5.02e-02
 2.45669e+18	1.11e-01	8.42e-01	4.69e-02
 2.68779e+18	1.20e-01	8.35e-01	4.43e-02
 2.87807e+18	1.29e-01	8.28e-01	4.25e-02
 3.04057e+18	1.38e-01	8.21e-01	4.10e-02
 3.18646e+18	1.47e-01	8.13e-01	3.98e-02
 3.33529e+18	1.56e-01	8.05e-01	3.88e-02
 3.48141e+18	1.67e-01	7.96e-01	3.78e-02
 3.60822e+18	1.76e-01	7.87e-01	3.71e-02
 3.71713e+18	1.85e-01	7.78e-01	3.66e-02
 3.81694e+18	1.93e-01	7.70e-01	3.61e-02
 3.91384e+18	2.02e-01	7.62e-01	3.57e-02
 4.00995e+18	2.11e-01	7.54e-01	3.53e-02
 4.10220e+18	2.20e-01	7.45e-01	3.49e-02
 4.19141e+18	2.29e-01	7.36e-01	3.46e-02
 4.27940e+18	2.39e-01	7.27e-01	3.43e-02
 4.36528e+18	2.48e-01	7.18e-01	3.39e-02
 4.43588e+18	2.56e-01	7.11e-01	3.36e-02
 4.48699e+18	2.61e-01	7.05e-01	3.34e-02
 4.53722e+18	2.67e-01	6.99e-01	3.32e-02
 4.59559e+18	2.75e-01	6.93e-01	3.29e-02
 4.65897e+18	2.83e-01	6.85e-01	3.26e-02
 4.72173e+18	2.90e-01	6.78e-01	3.23e-02
 4.78494e+18	2.98e-01	6.70e-01	3.19e-02
 4.85024e+18	3.07e-01	6.62e-01	3.16e-02
 4.91789e+18	3.16e-01	6.53e-01	3.12e-02
 4.98739e+18	3.25e-01	6.44e-01	3.09e-02
 5.05907e+18	3.35e-01	6.35e-01	3.04e-02
 5.13347e+18	3.45e-01	6.25e-01	3.00e-02
 5.20890e+18	3.55e-01	6.15e-01	2.95e-02
 5.28628e+18	3.66e-01	6.05e-01	2.90e-02
 5.36731e+18	3.78e-01	5.94e-01	2.85e-02
 5.45049e+18	3.89e-01	5.83e-01	2.80e-02
 5.53591e+18	4.02e-01	5.71e-01	2.74e-02
 5.62385e+18	4.14e-01	5.59e-01	2.68e-02
 5.71424e+18	4.27e-01	5.47e-01	2.62e-02
 5.80768e+18	4.40e-01	5.35e-01	2.56e-02
 5.90436e+18	4.54e-01	5.22e-01	2.49e-02
 6.00421e+18	4.68e-01	5.08e-01	2.42e-02
 6.10560e+18	4.82e-01	4.95e-01	2.36e-02
 6.20970e+18	4.96e-01	4.81e-01	2.29e-02
 6.31829e+18	5.11e-01	4.67e-01	2.22e-02
 6.43001e+18	5.25e-01	4.53e-01	2.15e-02
 6.54328e+18	5.40e-01	4.39e-01	2.08e-02
 6.65967e+18	5.55e-01	4.25e-01	2.01e-02
 6.77894e+18	5.70e-01	4.11e-01	1.94e-02
 6.90062e+18	5.84e-01	3.97e-01	1.87e-02
 7.02510e+18	5.99e-01	3.83e-01	1.80e-02
 7.15194e+18	6.13e-01	3.70e-01	1.73e-02
 7.28177e+18	6.27e-01	3.57e-01	1.66e-02
 7.41613e+18	6.40e-01	3.44e-01	1.59e-02
 7.55500e+18	6.54e-01	3.30e-01	1.52e-02
 7.69858e+18	6.68e-01	3.18e-01	1.46e-02
 7.84681e+18	6.81e-01	3.05e-01	1.39e-02
 8.00095e+18	6.94e-01	2.93e-01	1.33e-02
 8.16370e+18	7.06e-01	2.81e-01	1.26e-02
 8.33407e+18	7.19e-01	2.69e-01	1.20e-02
 8.51227e+18	7.31e-01	2.58e-01	1.13e-02
 8.70117e+18	7.43e-01	2.47e-01	1.07e-02
 8.90256e+18	7.54e-01	2.36e-01	1.01e-02
 9.11778e+18	7.66e-01	2.25e-01	9.47e-03
 9.34871e+18	7.77e-01	2.15e-01	8.86e-03
 9.59784e+18	7.87e-01	2.04e-01	8.27e-03
 9.86784e+18	7.98e-01	1.95e-01	7.68e-03
 1.01623e+19	8.08e-01	1.85e-01	7.12e-03
 1.04843e+19	8.17e-01	1.76e-01	6.56e-03
 1.08381e+19	8.27e-01	1.67e-01	6.02e-03
 1.12271e+19	8.36e-01	1.59e-01	5.50e-03
 1.16544e+19	8.44e-01	1.51e-01	5.01e-03
 1.21234e+19	8.52e-01	1.43e-01	4.54e-03
 1.26357e+19	8.60e-01	1.35e-01	4.10e-03
 1.31929e+19	8.68e-01	1.28e-01	3.69e-03
 1.37961e+19	8.75e-01	1.21e-01	3.32e-03
 1.44455e+19	8.82e-01	1.15e-01	2.97e-03
 1.51405e+19	8.89e-01	1.09e-01	2.66e-03
 1.58806e+19	8.95e-01	1.03e-01	2.38e-03
 1.66660e+19	9.01e-01	9.69e-02	2.13e-03
 1.74973e+19	9.07e-01	9.15e-02	1.90e-03
 1.83750e+19	9.12e-01	8.65e-02	1.70e-03
 1.93001e+19	9.17e-01	8.16e-02	1.52e-03
 2.02749e+19	9.22e-01	7.71e-02	1.36e-03
 2.12995e+19	9.26e-01	7.28e-02	1.21e-03
 2.23767e+19	9.30e-01	6.87e-02	1.08e-03
 2.35094e+19	9.34e-01	6.49e-02	9.69e-04
 2.46988e+19	9.38e-01	6.13e-02	8.67e-04
 2.59462e+19	9.41e-01	5.79e-02	7.75e-04
 2.72575e+19	9.45e-01	5.47e-02	6.94e-04
 2.86361e+19	9.48e-01	5.16e-02	6.21e-04
 3.00849e+19	9.51e-01	4.88e-02	5.56e-04
 3.16069e+19	9.53e-01	4.60e-02	4.98e-04
 3.32093e+19	9.56e-01	4.35e-02	4.45e-04
 3.49011e+19	9.59e-01	4.10e-02	3.99e-04
 3.66803e+19	9.61e-01	3.87e-02	3.57e-04
 3.85534e+19	9.63e-01	3.66e-02	3.19e-04
 4.05335e+19	9.65e-01	3.45e-02	2.85e-04
 4.26295e+19	9.67e-01	3.26e-02	2.55e-04
 4.48492e+19	9.69e-01	3.07e-02	2.28e-04
 4.72013e+19	9.71e-01	2.90e-02	2.03e-04
 4.96980e+19	9.72e-01	2.73e-02	1.82e-04
 5.23513e+19	9.74e-01	2.58e-02	1.62e-04
 5.51716e+19	9.76e-01	2.43e-02	1.44e-04
 5.81754e+19	9.77e-01	2.29e-02	1.29e-04
 6.13846e+19	9.78e-01	2.16e-02	1.15e-04
 6.48172e+19	9.80e-01	2.03e-02	1.02e-04
 6.84610e+19	9.81e-01	1.92e-02	9.07e-05
 7.23730e+19	9.82e-01	1.81e-02	8.07e-05
 7.66071e+19	9.83e-01	1.70e-02	7.16e-05
 8.11368e+19	9.84e-01	1.61e-02	6.37e-05
 8.59825e+19	9.85e-01	1.52e-02	5.66e-05
 9.11943e+19	9.86e-01	1.43e-02	5.03e-05
 9.67960e+19	9.86e-01	1.35e-02	4.47e-05
 1.02838e+20	9.87e-01	1.28e-02	3.98e-05
 1.09421e+20	9.88e-01	1.21e-02	3.54e-05
 1.16566e+20	9.89e-01	1.14e-02	3.14e-05
 1.24244e+20	9.89e-01	1.08e-02	2.80e-05
 1.32248e+20	9.90e-01	1.03e-02	2.51e-05
 1.40309e+20	9.90e-01	9.80e-03	2.27e-05
 1.48446e+20	9.91e-01	9.38e-03	2.06e-05
 1.56783e+20	9.91e-01	9.01e-03	1.89e-05
 1.65348e+20	9.91e-01	8.67e-03	1.74e-05
 1.74113e+20	9.92e-01	8.37e-03	1.61e-05
 1.83025e+20	9.92e-01	8.11e-03	1.50e-05
 1.92010e+20	9.92e-01	7.86e-03	1.39e-05
 2.01019e+20	9.92e-01	7.64e-03	1.31e-05
 2.09960e+20	9.93e-01	7.47e-03	1.24e-05
 2.18631e+20	9.93e-01	7.30e-03	1.17e-05
 2.27026e+20	9.93e-01	7.16e-03	1.12e-05
