#depth	O	O+	O+2	O+3	O+4	O+5	O+6	O+7	O+8	O[1]	O[2]	O[3]
 8.80464e+16	2.84e-07	3.62e-04	6.09e-02	5.17e-01	3.46e-01	6.93e-02	5.81e-03	2.32e-06	0.00e+00	2.84e-07	2.17e-11	2.43e-11
 5.28278e+17	2.83e-07	3.61e-04	6.11e-02	5.18e-01	3.46e-01	6.92e-02	5.79e-03	2.32e-06	0.00e+00	2.83e-07	2.16e-11	2.42e-11
 2.28921e+18	2.78e-07	3.60e-04	6.17e-02	5.19e-01	3.45e-01	6.87e-02	5.75e-03	2.30e-06	0.00e+00	2.78e-07	2.12e-11	2.38e-11
 9.33291e+18	2.65e-07	3.58e-04	6.47e-02	5.23e-01	3.40e-01	6.71e-02	5.56e-03	2.23e-06	0.00e+00	2.65e-07	2.02e-11	2.27e-11
 2.22933e+19	2.33e-07	3.49e-04	6.91e-02	5.29e-01	3.31e-01	6.50e-02	5.34e-03	2.14e-06	0.00e+00	2.33e-07	1.77e-11	1.99e-11
 3.91419e+19	2.25e-07	3.62e-04	7.55e-02	5.37e-01	3.20e-01	6.20e-02	5.00e-03	1.99e-06	0.00e+00	2.25e-07	1.71e-11	1.92e-11
 6.10450e+19	2.32e-07	3.94e-04	8.50e-02	5.46e-01	3.07e-01	5.79e-02	4.56e-03	1.80e-06	0.00e+00	2.32e-07	1.76e-11	1.99e-11
 8.95191e+19	2.60e-07	4.58e-04	9.99e-02	5.55e-01	2.88e-01	5.24e-02	4.00e-03	1.56e-06	0.00e+00	2.60e-07	1.96e-11	2.22e-11
 1.20399e+20	2.96e-07	5.43e-04	1.19e-01	5.62e-01	2.68e-01	4.67e-02	3.46e-03	1.34e-06	0.00e+00	2.96e-07	2.24e-11	2.53e-11
 1.47519e+20	3.46e-07	6.48e-04	1.41e-01	5.66e-01	2.48e-01	4.16e-02	3.00e-03	1.16e-06	0.00e+00	3.46e-07	2.61e-11	2.95e-11
 1.70841e+20	4.10e-07	7.73e-04	1.64e-01	5.66e-01	2.30e-01	3.70e-02	2.60e-03	9.97e-07	0.00e+00	4.10e-07	3.10e-11	3.50e-11
 1.90807e+20	4.84e-07	9.11e-04	1.89e-01	5.62e-01	2.13e-01	3.31e-02	2.27e-03	8.67e-07	0.00e+00	4.84e-07	3.66e-11	4.13e-11
 2.07790e+20	5.68e-07	1.06e-03	2.14e-01	5.56e-01	1.97e-01	2.96e-02	1.98e-03	7.57e-07	0.00e+00	5.68e-07	4.29e-11	4.85e-11
 2.22811e+20	6.62e-07	1.23e-03	2.40e-01	5.48e-01	1.82e-01	2.64e-02	1.74e-03	6.63e-07	0.00e+00	6.62e-07	5.00e-11	5.64e-11
 2.36390e+20	7.66e-07	1.40e-03	2.67e-01	5.38e-01	1.68e-01	2.36e-02	1.52e-03	5.80e-07	0.00e+00	7.66e-07	5.79e-11	6.53e-11
 2.49343e+20	8.72e-07	1.58e-03	2.96e-01	5.26e-01	1.54e-01	2.08e-02	1.32e-03	5.03e-07	0.00e+00	8.72e-07	6.59e-11	7.43e-11
 2.64041e+20	1.05e-06	1.86e-03	3.35e-01	5.08e-01	1.37e-01	1.77e-02	1.09e-03	4.15e-07	0.00e+00	1.05e-06	7.95e-11	8.97e-11
 2.78646e+20	1.26e-06	2.18e-03	3.76e-01	4.86e-01	1.20e-01	1.48e-02	8.92e-04	3.39e-07	0.00e+00	1.26e-06	9.53e-11	1.08e-10
 2.89795e+20	1.50e-06	2.52e-03	4.11e-01	4.66e-01	1.07e-01	1.27e-02	7.46e-04	2.84e-07	0.00e+00	1.50e-06	1.14e-10	1.28e-10
 2.98892e+20	1.70e-06	2.79e-03	4.42e-01	4.48e-01	9.60e-02	1.11e-02	6.37e-04	2.43e-07	0.00e+00	1.70e-06	1.28e-10	1.45e-10
 3.08654e+20	1.97e-06	3.14e-03	4.77e-01	4.26e-01	8.44e-02	9.35e-03	5.25e-04	1.99e-07	0.00e+00	1.97e-06	1.49e-10	1.68e-10
 3.19672e+20	2.31e-06	3.55e-03	5.17e-01	3.99e-01	7.23e-02	7.65e-03	4.16e-04	1.58e-07	0.00e+00	2.31e-06	1.74e-10	1.97e-10
 3.29960e+20	2.68e-06	3.98e-03	5.54e-01	3.73e-01	6.18e-02	6.24e-03	3.30e-04	1.25e-07	0.00e+00	2.68e-06	2.02e-10	2.28e-10
 3.39108e+20	3.06e-06	4.39e-03	5.88e-01	3.49e-01	5.31e-02	5.14e-03	2.64e-04	0.00e+00	0.00e+00	3.06e-06	2.30e-10	2.60e-10
 3.47796e+20	3.48e-06	4.81e-03	6.19e-01	3.26e-01	4.56e-02	4.23e-03	2.10e-04	0.00e+00	0.00e+00	3.48e-06	2.62e-10	2.96e-10
 3.57752e+20	4.06e-06	5.35e-03	6.54e-01	2.99e-01	3.77e-02	3.31e-03	1.59e-04	0.00e+00	0.00e+00	4.06e-06	3.05e-10	3.45e-10
 3.68024e+20	4.70e-06	5.90e-03	6.88e-01	2.73e-01	3.10e-02	2.58e-03	1.19e-04	0.00e+00	0.00e+00	4.70e-06	3.53e-10	4.00e-10
 3.76604e+20	5.26e-06	6.35e-03	7.14e-01	2.51e-01	2.62e-02	2.08e-03	9.26e-05	0.00e+00	0.00e+00	5.26e-06	3.95e-10	4.47e-10
 3.85658e+20	6.09e-06	6.96e-03	7.41e-01	2.29e-01	2.16e-02	1.63e-03	6.96e-05	0.00e+00	0.00e+00	6.09e-06	4.57e-10	5.18e-10
 3.95490e+20	7.00e-06	7.56e-03	7.66e-01	2.07e-01	1.77e-02	1.26e-03	5.17e-05	0.00e+00	0.00e+00	7.00e-06	5.24e-10	5.95e-10
 4.04573e+20	7.96e-06	8.15e-03	7.88e-01	1.88e-01	1.47e-02	9.93e-04	3.91e-05	0.00e+00	0.00e+00	7.96e-06	5.95e-10	6.76e-10
 4.14619e+20	9.22e-06	8.86e-03	8.10e-01	1.68e-01	1.18e-02	7.56e-04	2.84e-05	0.00e+00	0.00e+00	9.21e-06	6.88e-10	7.83e-10
 4.25643e+20	1.07e-05	9.63e-03	8.31e-01	1.49e-01	9.46e-03	5.69e-04	2.03e-05	0.00e+00	0.00e+00	1.07e-05	8.00e-10	9.11e-10
 4.36049e+20	1.24e-05	1.04e-02	8.48e-01	1.33e-01	7.70e-03	4.37e-04	1.49e-05	0.00e+00	0.00e+00	1.24e-05	9.21e-10	1.05e-09
 4.47687e+20	1.46e-05	1.13e-02	8.65e-01	1.17e-01	6.12e-03	3.26e-04	1.05e-05	0.00e+00	0.00e+00	1.46e-05	1.08e-09	1.24e-09
 4.62817e+20	1.80e-05	1.26e-02	8.84e-01	9.88e-02	4.61e-03	2.26e-04	6.82e-06	0.00e+00	0.00e+00	1.80e-05	1.34e-09	1.53e-09
 4.78624e+20	2.22e-05	1.39e-02	8.99e-01	8.36e-02	3.55e-03	1.61e-04	4.54e-06	0.00e+00	0.00e+00	2.22e-05	1.64e-09	1.88e-09
 4.92942e+20	2.69e-05	1.52e-02	9.10e-01	7.19e-02	2.85e-03	1.20e-04	3.19e-06	0.00e+00	0.00e+00	2.69e-05	1.99e-09	2.28e-09
 5.09186e+20	3.37e-05	1.69e-02	9.20e-01	6.04e-02	2.25e-03	8.66e-05	2.17e-06	0.00e+00	0.00e+00	3.37e-05	2.50e-09	2.86e-09
 5.27529e+20	4.35e-05	1.89e-02	9.29e-01	5.01e-02	1.80e-03	6.21e-05	1.47e-06	0.00e+00	0.00e+00	4.35e-05	3.22e-09	3.68e-09
 5.41472e+20	5.25e-05	2.06e-02	9.34e-01	4.39e-02	1.57e-03	4.96e-05	1.14e-06	0.00e+00	0.00e+00	5.25e-05	3.89e-09	4.45e-09
 5.49800e+20	5.93e-05	2.18e-02	9.36e-01	4.05e-02	1.44e-03	4.33e-05	9.74e-07	0.00e+00	0.00e+00	5.93e-05	4.38e-09	5.02e-09
 5.57962e+20	6.71e-05	2.30e-02	9.38e-01	3.72e-02	1.34e-03	3.76e-05	8.35e-07	0.00e+00	0.00e+00	6.71e-05	4.96e-09	5.68e-09
 5.68573e+20	7.88e-05	2.48e-02	9.41e-01	3.33e-02	1.22e-03	3.15e-05	6.89e-07	0.00e+00	0.00e+00	7.88e-05	5.83e-09	6.67e-09
 5.80000e+20	9.41e-05	2.69e-02	9.42e-01	2.97e-02	1.12e-03	2.63e-05	5.71e-07	0.00e+00	0.00e+00	9.41e-05	6.97e-09	7.96e-09
 5.89878e+20	1.10e-04	2.88e-02	9.43e-01	2.69e-02	1.04e-03	2.25e-05	4.88e-07	0.00e+00	0.00e+00	1.10e-04	8.16e-09	9.30e-09
 5.98569e+20	1.27e-04	3.08e-02	9.44e-01	2.45e-02	9.85e-04	1.96e-05	4.26e-07	0.00e+00	0.00e+00	1.27e-04	9.42e-09	1.07e-08
 6.08328e+20	1.50e-04	3.33e-02	9.43e-01	2.21e-02	9.28e-04	1.67e-05	3.66e-07	0.00e+00	0.00e+00	1.50e-04	1.11e-08	1.27e-08
 6.18829e+20	1.80e-04	3.63e-02	9.43e-01	1.98e-02	8.78e-04	1.42e-05	3.15e-07	0.00e+00	0.00e+00	1.80e-04	1.34e-08	1.52e-08
 6.27878e+20	2.12e-04	3.92e-02	9.42e-01	1.80e-02	8.39e-04	1.23e-05	2.77e-07	0.00e+00	0.00e+00	2.12e-04	1.58e-08	1.79e-08
 6.35776e+20	2.46e-04	4.21e-02	9.40e-01	1.65e-02	8.08e-04	1.08e-05	2.48e-07	0.00e+00	0.00e+00	2.46e-04	1.84e-08	2.08e-08
 6.44592e+20	2.93e-04	4.58e-02	9.38e-01	1.49e-02	7.76e-04	9.26e-06	2.18e-07	0.00e+00	0.00e+00	2.93e-04	2.20e-08	2.47e-08
 6.54027e+20	3.54e-04	5.01e-02	9.35e-01	1.33e-02	7.47e-04	7.91e-06	1.92e-07	0.00e+00	0.00e+00	3.54e-04	2.67e-08	2.98e-08
 6.62185e+20	4.20e-04	5.45e-02	9.32e-01	1.21e-02	7.23e-04	6.87e-06	1.72e-07	0.00e+00	0.00e+00	4.20e-04	3.18e-08	3.53e-08
 6.69397e+20	4.90e-04	5.88e-02	9.29e-01	1.11e-02	7.03e-04	6.05e-06	1.56e-07	0.00e+00	0.00e+00	4.90e-04	3.72e-08	4.12e-08
 6.77461e+20	5.89e-04	6.44e-02	9.24e-01	9.99e-03	6.81e-04	5.21e-06	1.39e-07	0.00e+00	0.00e+00	5.89e-04	4.51e-08	4.95e-08
 6.86059e+20	7.21e-04	7.13e-02	9.18e-01	8.93e-03	6.61e-04	4.44e-06	0.00e+00	0.00e+00	0.00e+00	7.21e-04	5.57e-08	6.06e-08
 6.93388e+20	8.63e-04	7.80e-02	9.12e-01	8.08e-03	6.43e-04	3.85e-06	0.00e+00	0.00e+00	0.00e+00	8.63e-04	6.72e-08	7.24e-08
 6.99814e+20	1.02e-03	8.48e-02	9.06e-01	7.37e-03	6.27e-04	3.38e-06	0.00e+00	0.00e+00	0.00e+00	1.02e-03	7.99e-08	8.53e-08
 7.07030e+20	1.24e-03	9.36e-02	8.98e-01	6.61e-03	6.09e-04	2.90e-06	0.00e+00	0.00e+00	0.00e+00	1.24e-03	9.82e-08	1.04e-07
 7.14773e+20	1.53e-03	1.04e-01	8.88e-01	5.86e-03	5.90e-04	2.46e-06	0.00e+00	0.00e+00	0.00e+00	1.53e-03	1.23e-07	1.28e-07
 7.21501e+20	1.86e-03	1.15e-01	8.77e-01	5.26e-03	5.72e-04	2.11e-06	0.00e+00	0.00e+00	0.00e+00	1.86e-03	1.52e-07	1.55e-07
 7.27402e+20	2.22e-03	1.26e-01	8.66e-01	4.75e-03	5.56e-04	1.84e-06	0.00e+00	0.00e+00	0.00e+00	2.22e-03	1.83e-07	1.85e-07
 7.33929e+20	2.74e-03	1.41e-01	8.52e-01	4.21e-03	5.37e-04	1.56e-06	0.00e+00	0.00e+00	0.00e+00	2.74e-03	2.30e-07	2.28e-07
 7.40775e+20	3.44e-03	1.58e-01	8.34e-01	3.69e-03	5.17e-04	1.30e-06	0.00e+00	0.00e+00	0.00e+00	3.44e-03	2.94e-07	2.86e-07
 7.46402e+20	4.18e-03	1.75e-01	8.17e-01	3.29e-03	4.98e-04	1.11e-06	0.00e+00	0.00e+00	0.00e+00	4.18e-03	3.63e-07	3.47e-07
 7.51160e+20	4.96e-03	1.91e-01	8.01e-01	2.97e-03	4.81e-04	9.70e-07	0.00e+00	0.00e+00	0.00e+00	4.96e-03	4.35e-07	4.10e-07
 7.56427e+20	6.08e-03	2.11e-01	7.79e-01	2.62e-03	4.60e-04	8.19e-07	0.00e+00	0.00e+00	0.00e+00	6.08e-03	5.41e-07	5.02e-07
 7.62025e+20	7.56e-03	2.36e-01	7.54e-01	2.28e-03	4.37e-04	6.82e-07	0.00e+00	0.00e+00	0.00e+00	7.55e-03	6.84e-07	6.21e-07
 7.66812e+20	9.18e-03	2.60e-01	7.28e-01	2.01e-03	4.15e-04	5.75e-07	0.00e+00	0.00e+00	0.00e+00	9.18e-03	8.41e-07	7.53e-07
 7.70992e+20	1.10e-02	2.84e-01	7.03e-01	1.78e-03	3.94e-04	4.91e-07	0.00e+00	0.00e+00	0.00e+00	1.10e-02	1.01e-06	8.96e-07
 7.75625e+20	1.35e-02	3.14e-01	6.71e-01	1.54e-03	3.69e-04	4.05e-07	0.00e+00	0.00e+00	0.00e+00	1.35e-02	1.26e-06	1.10e-06
 7.80533e+20	1.68e-02	3.48e-01	6.33e-01	1.30e-03	3.40e-04	3.26e-07	0.00e+00	0.00e+00	0.00e+00	1.68e-02	1.58e-06	1.36e-06
 7.84672e+20	2.04e-02	3.81e-01	5.97e-01	1.12e-03	3.14e-04	2.68e-07	0.00e+00	0.00e+00	0.00e+00	2.04e-02	1.92e-06	1.65e-06
 7.88261e+20	2.42e-02	4.12e-01	5.63e-01	9.73e-04	2.90e-04	2.23e-07	0.00e+00	0.00e+00	0.00e+00	2.42e-02	2.29e-06	1.95e-06
 7.92262e+20	2.96e-02	4.50e-01	5.20e-01	8.15e-04	2.61e-04	1.76e-07	0.00e+00	0.00e+00	0.00e+00	2.96e-02	2.81e-06	2.37e-06
 7.96544e+20	3.67e-02	4.92e-01	4.71e-01	6.66e-04	2.30e-04	1.35e-07	0.00e+00	0.00e+00	0.00e+00	3.67e-02	3.49e-06	2.92e-06
 8.00240e+20	4.45e-02	5.30e-01	4.25e-01	5.48e-04	2.01e-04	0.00e+00	0.00e+00	0.00e+00	0.00e+00	4.45e-02	4.22e-06	3.52e-06
 8.03176e+20	5.17e-02	5.60e-01	3.88e-01	4.66e-04	1.79e-04	0.00e+00	0.00e+00	0.00e+00	0.00e+00	5.17e-02	4.90e-06	4.07e-06
 8.05637e+20	5.92e-02	5.86e-01	3.54e-01	4.00e-04	1.60e-04	0.00e+00	0.00e+00	0.00e+00	0.00e+00	5.92e-02	5.59e-06	4.63e-06
 8.08399e+20	6.91e-02	6.15e-01	3.16e-01	3.33e-04	1.38e-04	0.00e+00	0.00e+00	0.00e+00	0.00e+00	6.91e-02	6.48e-06	5.36e-06
 8.11332e+20	8.10e-02	6.43e-01	2.76e-01	2.72e-04	1.17e-04	0.00e+00	0.00e+00	0.00e+00	0.00e+00	8.09e-02	7.54e-06	6.22e-06
 8.13831e+20	9.26e-02	6.64e-01	2.43e-01	2.27e-04	9.98e-05	0.00e+00	0.00e+00	0.00e+00	0.00e+00	9.26e-02	8.57e-06	7.06e-06
 8.16020e+20	1.05e-01	6.81e-01	2.14e-01	1.90e-04	8.51e-05	0.00e+00	0.00e+00	0.00e+00	0.00e+00	1.05e-01	9.61e-06	7.91e-06
 8.18462e+20	1.20e-01	6.98e-01	1.82e-01	1.55e-04	6.98e-05	0.00e+00	0.00e+00	0.00e+00	0.00e+00	1.20e-01	1.09e-05	8.98e-06
 8.21045e+20	1.39e-01	7.10e-01	1.51e-01	1.24e-04	5.56e-05	0.00e+00	0.00e+00	0.00e+00	0.00e+00	1.39e-01	1.24e-05	1.02e-05
 8.23229e+20	1.56e-01	7.16e-01	1.27e-01	1.02e-04	4.50e-05	0.00e+00	0.00e+00	0.00e+00	0.00e+00	1.56e-01	1.38e-05	1.13e-05
 8.25172e+20	1.75e-01	7.18e-01	1.07e-01	8.48e-05	3.65e-05	0.00e+00	0.00e+00	0.00e+00	0.00e+00	1.75e-01	1.52e-05	1.25e-05
 8.27382e+20	1.98e-01	7.16e-01	8.63e-02	6.83e-05	2.80e-05	0.00e+00	0.00e+00	0.00e+00	0.00e+00	1.98e-01	1.69e-05	1.39e-05
 8.29770e+20	2.25e-01	7.07e-01	6.74e-02	5.43e-05	2.08e-05	0.00e+00	0.00e+00	0.00e+00	0.00e+00	2.25e-01	1.88e-05	1.54e-05
 8.31915e+20	2.53e-01	6.94e-01	5.25e-02	4.38e-05	1.54e-05	0.00e+00	0.00e+00	0.00e+00	0.00e+00	2.53e-01	2.07e-05	1.69e-05
 8.33868e+20	2.81e-01	6.78e-01	4.12e-02	3.61e-05	1.15e-05	0.00e+00	0.00e+00	0.00e+00	0.00e+00	2.81e-01	2.23e-05	1.82e-05
 8.36045e+20	3.16e-01	6.54e-01	3.06e-02	2.89e-05	8.03e-06	0.00e+00	0.00e+00	0.00e+00	0.00e+00	3.16e-01	2.42e-05	1.98e-05
 8.38278e+20	3.54e-01	6.24e-01	2.21e-02	2.32e-05	5.47e-06	0.00e+00	0.00e+00	0.00e+00	0.00e+00	3.54e-01	2.61e-05	2.13e-05
 8.40048e+20	3.86e-01	5.97e-01	1.68e-02	1.95e-05	3.94e-06	0.00e+00	0.00e+00	0.00e+00	0.00e+00	3.86e-01	2.74e-05	2.24e-05
 8.41527e+20	4.15e-01	5.72e-01	1.31e-02	1.68e-05	2.95e-06	0.00e+00	0.00e+00	0.00e+00	0.00e+00	4.15e-01	2.85e-05	2.33e-05
 8.43000e+20	4.45e-01	5.44e-01	1.01e-02	1.45e-05	2.17e-06	0.00e+00	0.00e+00	0.00e+00	0.00e+00	4.45e-01	2.95e-05	2.40e-05
 8.44511e+20	4.77e-01	5.16e-01	7.67e-03	1.25e-05	1.58e-06	0.00e+00	0.00e+00	0.00e+00	0.00e+00	4.77e-01	3.02e-05	2.47e-05
 8.45878e+20	5.05e-01	4.89e-01	5.94e-03	1.09e-05	1.18e-06	0.00e+00	0.00e+00	0.00e+00	0.00e+00	5.05e-01	3.08e-05	2.51e-05
 8.47033e+20	5.30e-01	4.65e-01	4.74e-03	9.74e-06	9.10e-07	0.00e+00	0.00e+00	0.00e+00	0.00e+00	5.30e-01	3.11e-05	2.54e-05
 8.48095e+20	5.53e-01	4.43e-01	3.83e-03	8.77e-06	7.14e-07	0.00e+00	0.00e+00	0.00e+00	0.00e+00	5.53e-01	3.13e-05	2.55e-05
 8.49128e+20	5.75e-01	4.21e-01	3.09e-03	7.92e-06	5.61e-07	0.00e+00	0.00e+00	0.00e+00	0.00e+00	5.75e-01	3.15e-05	2.56e-05
 8.50134e+20	5.97e-01	4.01e-01	2.51e-03	7.19e-06	4.44e-07	0.00e+00	0.00e+00	0.00e+00	0.00e+00	5.97e-01	3.14e-05	2.56e-05
 8.50929e+20	6.13e-01	3.85e-01	2.14e-03	6.68e-06	3.71e-07	0.00e+00	0.00e+00	0.00e+00	0.00e+00	6.13e-01	3.14e-05	2.55e-05
 8.51465e+20	6.24e-01	3.75e-01	1.91e-03	6.35e-06	3.28e-07	0.00e+00	0.00e+00	0.00e+00	0.00e+00	6.23e-01	3.13e-05	2.55e-05
 8.51967e+20	6.34e-01	3.64e-01	1.72e-03	6.05e-06	2.90e-07	0.00e+00	0.00e+00	0.00e+00	0.00e+00	6.34e-01	3.12e-05	2.54e-05
 8.52539e+20	6.46e-01	3.53e-01	1.51e-03	5.72e-06	2.53e-07	0.00e+00	0.00e+00	0.00e+00	0.00e+00	6.46e-01	3.11e-05	2.52e-05
 8.53153e+20	6.58e-01	3.41e-01	1.33e-03	5.39e-06	2.19e-07	0.00e+00	0.00e+00	0.00e+00	0.00e+00	6.58e-01	3.09e-05	2.51e-05
 8.53759e+20	6.70e-01	3.29e-01	1.17e-03	5.09e-06	1.90e-07	0.00e+00	0.00e+00	0.00e+00	0.00e+00	6.70e-01	3.07e-05	2.49e-05
 8.54350e+20	6.81e-01	3.18e-01	1.03e-03	4.82e-06	1.65e-07	0.00e+00	0.00e+00	0.00e+00	0.00e+00	6.81e-01	3.05e-05	2.47e-05
 8.54945e+20	6.92e-01	3.07e-01	9.06e-04	4.56e-06	1.44e-07	0.00e+00	0.00e+00	0.00e+00	0.00e+00	6.92e-01	3.02e-05	2.45e-05
 8.55544e+20	7.03e-01	2.96e-01	8.00e-04	4.32e-06	1.26e-07	0.00e+00	0.00e+00	0.00e+00	0.00e+00	7.03e-01	3.00e-05	2.43e-05
 8.56149e+20	7.14e-01	2.86e-01	7.05e-04	4.09e-06	0.00e+00	0.00e+00	0.00e+00	0.00e+00	0.00e+00	7.14e-01	2.97e-05	2.41e-05
 8.56758e+20	7.24e-01	2.76e-01	6.23e-04	3.88e-06	0.00e+00	0.00e+00	0.00e+00	0.00e+00	0.00e+00	7.24e-01	2.94e-05	2.38e-05
 8.57379e+20	7.34e-01	2.65e-01	5.50e-04	3.66e-06	0.00e+00	0.00e+00	0.00e+00	0.00e+00	0.00e+00	7.34e-01	2.90e-05	2.35e-05
 8.58005e+20	7.44e-01	2.56e-01	4.87e-04	3.48e-06	0.00e+00	0.00e+00	0.00e+00	0.00e+00	0.00e+00	7.44e-01	2.87e-05	2.32e-05
 8.58638e+20	7.53e-01	2.46e-01	4.32e-04	3.30e-06	0.00e+00	0.00e+00	0.00e+00	0.00e+00	0.00e+00	7.53e-01	2.84e-05	2.30e-05
 8.59293e+20	7.62e-01	2.37e-01	3.83e-04	3.13e-06	0.00e+00	0.00e+00	0.00e+00	0.00e+00	0.00e+00	7.62e-01	2.80e-05	2.27e-05
 8.59971e+20	7.71e-01	2.28e-01	3.40e-04	2.96e-06	0.00e+00	0.00e+00	0.00e+00	0.00e+00	0.00e+00	7.71e-01	2.76e-05	2.23e-05
 8.60663e+20	7.80e-01	2.20e-01	3.04e-04	2.81e-06	0.00e+00	0.00e+00	0.00e+00	0.00e+00	0.00e+00	7.80e-01	2.72e-05	2.20e-05
 8.61373e+20	7.88e-01	2.12e-01	2.72e-04	2.67e-06	0.00e+00	0.00e+00	0.00e+00	0.00e+00	0.00e+00	7.88e-01	2.69e-05	2.17e-05
 8.62124e+20	7.96e-01	2.04e-01	2.45e-04	2.54e-06	0.00e+00	0.00e+00	0.00e+00	0.00e+00	0.00e+00	7.96e-01	2.65e-05	2.14e-05
 8.62914e+20	8.04e-01	1.96e-01	2.21e-04	2.41e-06	0.00e+00	0.00e+00	0.00e+00	0.00e+00	0.00e+00	8.04e-01	2.61e-05	2.10e-05
 8.63738e+20	8.11e-01	1.89e-01	2.00e-04	2.30e-06	0.00e+00	0.00e+00	0.00e+00	0.00e+00	0.00e+00	8.11e-01	2.57e-05	2.07e-05
 8.64599e+20	8.18e-01	1.82e-01	1.83e-04	2.20e-06	0.00e+00	0.00e+00	0.00e+00	0.00e+00	0.00e+00	8.18e-01	2.53e-05	2.04e-05
 8.65501e+20	8.24e-01	1.76e-01	1.69e-04	2.10e-06	0.00e+00	0.00e+00	0.00e+00	0.00e+00	0.00e+00	8.24e-01	2.50e-05	2.01e-05
 8.66469e+20	8.29e-01	1.71e-01	1.57e-04	2.02e-06	0.00e+00	0.00e+00	0.00e+00	0.00e+00	0.00e+00	8.29e-01	2.46e-05	1.98e-05
 8.67540e+20	8.34e-01	1.65e-01	1.46e-04	1.94e-06	0.00e+00	0.00e+00	0.00e+00	0.00e+00	0.00e+00	8.34e-01	2.43e-05	1.96e-05
 8.68743e+20	8.39e-01	1.61e-01	1.38e-04	1.87e-06	0.00e+00	0.00e+00	0.00e+00	0.00e+00	0.00e+00	8.39e-01	2.41e-05	1.93e-05
 8.70080e+20	8.43e-01	1.57e-01	1.31e-04	1.81e-06	0.00e+00	0.00e+00	0.00e+00	0.00e+00	0.00e+00	8.43e-01	2.38e-05	1.91e-05
 8.71468e+20	8.46e-01	1.54e-01	1.26e-04	1.77e-06	0.00e+00	0.00e+00	0.00e+00	0.00e+00	0.00e+00	8.46e-01	2.36e-05	1.90e-05
 8.72831e+20	8.49e-01	1.51e-01	1.22e-04	1.73e-06	0.00e+00	0.00e+00	0.00e+00	0.00e+00	0.00e+00	8.49e-01	2.35e-05	1.88e-05
 8.74175e+20	8.50e-01	1.49e-01	1.19e-04	1.71e-06	0.00e+00	0.00e+00	0.00e+00	0.00e+00	0.00e+00	8.50e-01	2.34e-05	1.87e-05
 8.75506e+20	8.52e-01	1.48e-01	1.17e-04	1.69e-06	0.00e+00	0.00e+00	0.00e+00	0.00e+00	0.00e+00	8.52e-01	2.33e-05	1.87e-05
 8.76826e+20	8.53e-01	1.46e-01	1.15e-04	1.66e-06	0.00e+00	0.00e+00	0.00e+00	0.00e+00	0.00e+00	8.53e-01	2.32e-05	1.86e-05
 8.78340e+20	8.54e-01	1.46e-01	1.14e-04	1.66e-06	0.00e+00	0.00e+00	0.00e+00	0.00e+00	0.00e+00	8.54e-01	2.31e-05	1.85e-05
 8.80307e+20	8.55e-01	1.45e-01	1.13e-04	1.64e-06	0.00e+00	0.00e+00	0.00e+00	0.00e+00	0.00e+00	8.55e-01	2.31e-05	1.85e-05
 8.82865e+20	8.56e-01	1.44e-01	1.11e-04	1.63e-06	0.00e+00	0.00e+00	0.00e+00	0.00e+00	0.00e+00	8.56e-01	2.30e-05	1.84e-05
 8.86190e+20	8.57e-01	1.43e-01	1.10e-04	1.61e-06	0.00e+00	0.00e+00	0.00e+00	0.00e+00	0.00e+00	8.57e-01	2.29e-05	1.84e-05
 8.90513e+20	8.58e-01	1.41e-01	1.08e-04	1.59e-06	0.00e+00	0.00e+00	0.00e+00	0.00e+00	0.00e+00	8.58e-01	2.29e-05	1.83e-05
 8.96132e+20	8.60e-01	1.40e-01	1.06e-04	1.56e-06	0.00e+00	0.00e+00	0.00e+00	0.00e+00	0.00e+00	8.60e-01	2.28e-05	1.82e-05
 9.03437e+20	8.62e-01	1.38e-01	1.04e-04	1.53e-06	0.00e+00	0.00e+00	0.00e+00	0.00e+00	0.00e+00	8.62e-01	2.27e-05	1.81e-05
 9.12934e+20	8.64e-01	1.36e-01	1.01e-04	1.49e-06	0.00e+00	0.00e+00	0.00e+00	0.00e+00	0.00e+00	8.64e-01	2.25e-05	1.79e-05
 9.25279e+20	8.67e-01	1.33e-01	9.79e-05	1.45e-06	0.00e+00	0.00e+00	0.00e+00	0.00e+00	0.00e+00	8.67e-01	2.24e-05	1.78e-05
 9.41329e+20	8.71e-01	1.29e-01	9.41e-05	1.39e-06	0.00e+00	0.00e+00	0.00e+00	0.00e+00	0.00e+00	8.71e-01	2.22e-05	1.75e-05
 9.62193e+20	8.75e-01	1.25e-01	8.96e-05	1.33e-06	0.00e+00	0.00e+00	0.00e+00	0.00e+00	0.00e+00	8.75e-01	2.19e-05	1.73e-05
 9.86911e+20	8.80e-01	1.20e-01	8.52e-05	1.25e-06	0.00e+00	0.00e+00	0.00e+00	0.00e+00	0.00e+00	8.80e-01	2.17e-05	1.70e-05
 1.01256e+21	8.85e-01	1.15e-01	8.14e-05	1.19e-06	0.00e+00	0.00e+00	0.00e+00	0.00e+00	0.00e+00	8.85e-01	2.14e-05	1.67e-05
 1.03818e+21	8.89e-01	1.11e-01	7.81e-05	1.13e-06	0.00e+00	0.00e+00	0.00e+00	0.00e+00	0.00e+00	8.89e-01	2.12e-05	1.64e-05
 1.06440e+21	8.93e-01	1.07e-01	7.51e-05	1.07e-06	0.00e+00	0.00e+00	0.00e+00	0.00e+00	0.00e+00	8.93e-01	2.10e-05	1.62e-05
 1.09191e+21	8.96e-01	1.04e-01	7.23e-05	1.02e-06	0.00e+00	0.00e+00	0.00e+00	0.00e+00	0.00e+00	8.96e-01	2.08e-05	1.59e-05
 1.12083e+21	9.00e-01	9.97e-02	6.98e-05	9.63e-07	0.00e+00	0.00e+00	0.00e+00	0.00e+00	0.00e+00	9.00e-01	2.06e-05	1.57e-05
 1.15080e+21	9.04e-01	9.61e-02	6.75e-05	9.13e-07	0.00e+00	0.00e+00	0.00e+00	0.00e+00	0.00e+00	9.04e-01	2.04e-05	1.54e-05
 1.18160e+21	9.07e-01	9.27e-02	6.54e-05	8.66e-07	0.00e+00	0.00e+00	0.00e+00	0.00e+00	0.00e+00	9.07e-01	2.03e-05	1.52e-05
 1.21360e+21	9.11e-01	8.93e-02	6.34e-05	8.20e-07	0.00e+00	0.00e+00	0.00e+00	0.00e+00	0.00e+00	9.11e-01	2.01e-05	1.50e-05
 1.24700e+21	9.14e-01	8.61e-02	6.16e-05	7.77e-07	0.00e+00	0.00e+00	0.00e+00	0.00e+00	0.00e+00	9.14e-01	1.99e-05	1.48e-05
 1.28130e+21	9.17e-01	8.30e-02	5.99e-05	7.36e-07	0.00e+00	0.00e+00	0.00e+00	0.00e+00	0.00e+00	9.17e-01	1.98e-05	1.45e-05
 1.31677e+21	9.20e-01	7.99e-02	5.83e-05	6.96e-07	0.00e+00	0.00e+00	0.00e+00	0.00e+00	0.00e+00	9.20e-01	1.96e-05	1.43e-05
 1.35384e+21	9.23e-01	7.70e-02	5.68e-05	6.58e-07	0.00e+00	0.00e+00	0.00e+00	0.00e+00	0.00e+00	9.23e-01	1.94e-05	1.41e-05
 1.39231e+21	9.26e-01	7.41e-02	5.54e-05	6.22e-07	0.00e+00	0.00e+00	0.00e+00	0.00e+00	0.00e+00	9.26e-01	1.93e-05	1.39e-05
 1.43179e+21	9.28e-01	7.15e-02	5.40e-05	5.89e-07	0.00e+00	0.00e+00	0.00e+00	0.00e+00	0.00e+00	9.28e-01	1.92e-05	1.37e-05
 1.47243e+21	9.31e-01	6.89e-02	5.28e-05	5.57e-07	0.00e+00	0.00e+00	0.00e+00	0.00e+00	0.00e+00	9.31e-01	1.90e-05	1.35e-05
 1.51430e+21	9.34e-01	6.64e-02	5.16e-05	5.26e-07	0.00e+00	0.00e+00	0.00e+00	0.00e+00	0.00e+00	9.34e-01	1.89e-05	1.34e-05
 1.55806e+21	9.36e-01	6.39e-02	5.04e-05	4.96e-07	0.00e+00	0.00e+00	0.00e+00	0.00e+00	0.00e+00	9.36e-01	1.88e-05	1.32e-05
 1.60381e+21	9.38e-01	6.15e-02	4.93e-05	4.68e-07	0.00e+00	0.00e+00	0.00e+00	0.00e+00	0.00e+00	9.38e-01	1.86e-05	1.30e-05
 1.65065e+21	9.41e-01	5.92e-02	4.83e-05	4.42e-07	0.00e+00	0.00e+00	0.00e+00	0.00e+00	0.00e+00	9.41e-01	1.85e-05	1.28e-05
 1.69875e+21	9.43e-01	5.71e-02	4.73e-05	4.16e-07	0.00e+00	0.00e+00	0.00e+00	0.00e+00	0.00e+00	9.43e-01	1.84e-05	1.27e-05
 1.74859e+21	9.45e-01	5.50e-02	4.63e-05	3.92e-07	0.00e+00	0.00e+00	0.00e+00	0.00e+00	0.00e+00	9.45e-01	1.83e-05	1.25e-05
 1.80002e+21	9.47e-01	5.29e-02	4.53e-05	3.70e-07	0.00e+00	0.00e+00	0.00e+00	0.00e+00	0.00e+00	9.47e-01	1.81e-05	1.23e-05
 1.85288e+21	9.49e-01	5.10e-02	4.44e-05	3.48e-07	0.00e+00	0.00e+00	0.00e+00	0.00e+00	0.00e+00	9.49e-01	1.80e-05	1.21e-05
 1.90735e+21	9.51e-01	4.91e-02	4.35e-05	3.28e-07	0.00e+00	0.00e+00	0.00e+00	0.00e+00	0.00e+00	9.51e-01	1.78e-05	1.19e-05
 1.96362e+21	9.53e-01	4.73e-02	4.27e-05	3.08e-07	0.00e+00	0.00e+00	0.00e+00	0.00e+00	0.00e+00	9.53e-01	1.77e-05	1.17e-05
 2.02198e+21	9.55e-01	4.55e-02	4.19e-05	2.89e-07	0.00e+00	0.00e+00	0.00e+00	0.00e+00	0.00e+00	9.54e-01	1.76e-05	1.15e-05
 2.08297e+21	9.56e-01	4.37e-02	4.10e-05	2.72e-07	0.00e+00	0.00e+00	0.00e+00	0.00e+00	0.00e+00	9.56e-01	1.74e-05	1.13e-05
 2.14616e+21	9.58e-01	4.21e-02	4.02e-05	2.55e-07	0.00e+00	0.00e+00	0.00e+00	0.00e+00	0.00e+00	9.58e-01	1.73e-05	1.12e-05
 2.21081e+21	9.59e-01	4.05e-02	3.94e-05	2.39e-07	0.00e+00	0.00e+00	0.00e+00	0.00e+00	0.00e+00	9.59e-01	1.71e-05	1.10e-05
 2.27745e+21	9.61e-01	3.90e-02	3.86e-05	2.24e-07	0.00e+00	0.00e+00	0.00e+00	0.00e+00	0.00e+00	9.61e-01	1.70e-05	1.09e-05
 2.34641e+21	9.62e-01	3.75e-02	3.78e-05	2.10e-07	0.00e+00	0.00e+00	0.00e+00	0.00e+00	0.00e+00	9.62e-01	1.68e-05	1.07e-05
 2.41787e+21	9.64e-01	3.61e-02	3.70e-05	1.96e-07	0.00e+00	0.00e+00	0.00e+00	0.00e+00	0.00e+00	9.64e-01	1.66e-05	1.06e-05
 2.49211e+21	9.65e-01	3.48e-02	3.62e-05	1.84e-07	0.00e+00	0.00e+00	0.00e+00	0.00e+00	0.00e+00	9.65e-01	1.64e-05	1.04e-05
 2.56905e+21	9.67e-01	3.35e-02	3.54e-05	1.71e-07	0.00e+00	0.00e+00	0.00e+00	0.00e+00	0.00e+00	9.66e-01	1.62e-05	1.03e-05
 2.64873e+21	9.68e-01	3.22e-02	3.46e-05	1.60e-07	0.00e+00	0.00e+00	0.00e+00	0.00e+00	0.00e+00	9.68e-01	1.60e-05	1.02e-05
 2.73140e+21	9.69e-01	3.10e-02	3.38e-05	1.49e-07	0.00e+00	0.00e+00	0.00e+00	0.00e+00	0.00e+00	9.69e-01	1.58e-05	1.00e-05
 2.81712e+21	9.70e-01	2.98e-02	3.30e-05	1.39e-07	0.00e+00	0.00e+00	0.00e+00	0.00e+00	0.00e+00	9.70e-01	1.55e-05	9.91e-06
 2.90520e+21	9.71e-01	2.86e-02	3.22e-05	1.29e-07	0.00e+00	0.00e+00	0.00e+00	0.00e+00	0.00e+00	9.71e-01	1.53e-05	9.79e-06
 2.99336e+21	9.72e-01	2.76e-02	3.14e-05	1.20e-07	0.00e+00	0.00e+00	0.00e+00	0.00e+00	0.00e+00	9.72e-01	1.50e-05	9.68e-06
 3.07950e+21	9.73e-01	2.66e-02	3.07e-05	0.00e+00	0.00e+00	0.00e+00	0.00e+00	0.00e+00	0.00e+00	9.73e-01	1.46e-05	9.58e-06
 3.16324e+21	9.74e-01	2.57e-02	3.01e-05	0.00e+00	0.00e+00	0.00e+00	0.00e+00	0.00e+00	0.00e+00	9.74e-01	1.43e-05	9.48e-06
 3.24459e+21	9.75e-01	2.49e-02	2.95e-05	0.00e+00	0.00e+00	0.00e+00	0.00e+00	0.00e+00	0.00e+00	9.75e-01	1.39e-05	9.39e-06
 3.32307e+21	9.76e-01	2.41e-02	2.89e-05	0.00e+00	0.00e+00	0.00e+00	0.00e+00	0.00e+00	0.00e+00	9.76e-01	1.36e-05	9.30e-06
 3.39791e+21	9.77e-01	2.33e-02	2.84e-05	0.00e+00	0.00e+00	0.00e+00	0.00e+00	0.00e+00	0.00e+00	9.77e-01	1.32e-05	9.22e-06
 3.46861e+21	9.77e-01	2.25e-02	2.80e-05	0.00e+00	0.00e+00	0.00e+00	0.00e+00	0.00e+00	0.00e+00	9.77e-01	1.28e-05	9.13e-06
 3.53529e+21	9.78e-01	2.17e-02	2.76e-05	0.00e+00	0.00e+00	0.00e+00	0.00e+00	0.00e+00	0.00e+00	9.78e-01	1.24e-05	9.05e-06
