#depth	O	O+	O+2	O+3	O+4	O+5	O+6	O+7	O+8	O[1]	O[2]	O[3]
 2.88168e+15	8.99e-04	1.55e-01	7.14e-01	1.27e-01	3.22e-03	1.63e-05	0.00e+00	0.00e+00	0.00e+00	8.99e-04	2.12e-07	2.38e-07
 1.72901e+16	8.98e-04	1.55e-01	7.14e-01	1.26e-01	3.20e-03	1.62e-05	0.00e+00	0.00e+00	0.00e+00	8.98e-04	2.11e-07	2.38e-07
 7.49237e+16	8.85e-04	1.53e-01	7.17e-01	1.26e-01	3.17e-03	1.61e-05	0.00e+00	0.00e+00	0.00e+00	8.85e-04	2.08e-07	2.35e-07
 3.05458e+17	8.43e-04	1.48e-01	7.25e-01	1.23e-01	3.06e-03	1.57e-05	0.00e+00	0.00e+00	0.00e+00	8.43e-04	1.98e-07	2.24e-07
 7.29641e+17	7.33e-04	1.34e-01	7.40e-01	1.22e-01	2.96e-03	1.57e-05	0.00e+00	0.00e+00	0.00e+00	7.33e-04	1.72e-07	1.94e-07
 1.28108e+18	6.52e-04	1.25e-01	7.54e-01	1.18e-01	2.78e-03	1.52e-05	0.00e+00	0.00e+00	0.00e+00	6.52e-04	1.53e-07	1.73e-07
 1.99795e+18	5.95e-04	1.17e-01	7.69e-01	1.11e-01	2.51e-03	1.42e-05	0.00e+00	0.00e+00	0.00e+00	5.94e-04	1.39e-07	1.58e-07
 2.92988e+18	5.59e-04	1.13e-01	7.84e-01	1.00e-01	2.16e-03	1.25e-05	0.00e+00	0.00e+00	0.00e+00	5.59e-04	1.31e-07	1.48e-07
 4.14139e+18	5.51e-04	1.13e-01	7.98e-01	8.58e-02	1.73e-03	1.04e-05	0.00e+00	0.00e+00	0.00e+00	5.50e-04	1.29e-07	1.46e-07
 5.71635e+18	5.78e-04	1.19e-01	8.11e-01	6.81e-02	1.27e-03	7.74e-06	0.00e+00	0.00e+00	0.00e+00	5.78e-04	1.35e-07	1.53e-07
 7.76380e+18	6.69e-04	1.32e-01	8.18e-01	4.85e-02	8.09e-04	5.02e-06	0.00e+00	0.00e+00	0.00e+00	6.68e-04	1.56e-07	1.77e-07
 1.00632e+19	8.13e-04	1.51e-01	8.15e-01	3.24e-02	4.89e-04	3.04e-06	0.00e+00	0.00e+00	0.00e+00	8.13e-04	1.90e-07	2.15e-07
 1.22605e+19	1.02e-03	1.74e-01	8.03e-01	2.19e-02	3.10e-04	1.86e-06	0.00e+00	0.00e+00	0.00e+00	1.01e-03	2.38e-07	2.69e-07
 1.41650e+19	1.24e-03	1.95e-01	7.88e-01	1.58e-02	2.20e-04	1.24e-06	0.00e+00	0.00e+00	0.00e+00	1.24e-03	2.91e-07	3.28e-07
 1.57785e+19	1.49e-03	2.14e-01	7.72e-01	1.21e-02	1.70e-04	8.81e-07	0.00e+00	0.00e+00	0.00e+00	1.49e-03	3.50e-07	3.94e-07
 1.72983e+19	1.79e-03	2.35e-01	7.54e-01	9.40e-03	1.37e-04	6.42e-07	0.00e+00	0.00e+00	0.00e+00	1.79e-03	4.21e-07	4.74e-07
 1.88045e+19	2.17e-03	2.57e-01	7.34e-01	7.35e-03	1.14e-04	4.71e-07	0.00e+00	0.00e+00	0.00e+00	2.17e-03	5.12e-07	5.73e-07
 2.02676e+19	2.64e-03	2.80e-01	7.11e-01	5.78e-03	9.80e-05	3.48e-07	0.00e+00	0.00e+00	0.00e+00	2.64e-03	6.24e-07	6.96e-07
 2.16392e+19	3.21e-03	3.05e-01	6.87e-01	4.60e-03	8.59e-05	2.61e-07	0.00e+00	0.00e+00	0.00e+00	3.20e-03	7.61e-07	8.45e-07
 2.29120e+19	3.89e-03	3.31e-01	6.62e-01	3.70e-03	7.67e-05	1.97e-07	0.00e+00	0.00e+00	0.00e+00	3.89e-03	9.28e-07	1.02e-06
 2.41023e+19	4.71e-03	3.58e-01	6.34e-01	2.98e-03	6.92e-05	1.50e-07	0.00e+00	0.00e+00	0.00e+00	4.71e-03	1.13e-06	1.24e-06
 2.52225e+19	5.72e-03	3.86e-01	6.05e-01	2.41e-03	6.28e-05	0.00e+00	0.00e+00	0.00e+00	0.00e+00	5.72e-03	1.38e-06	1.50e-06
 2.62760e+19	6.94e-03	4.16e-01	5.75e-01	1.95e-03	5.71e-05	0.00e+00	0.00e+00	0.00e+00	0.00e+00	6.94e-03	1.69e-06	1.82e-06
 2.72632e+19	8.41e-03	4.47e-01	5.43e-01	1.57e-03	5.20e-05	0.00e+00	0.00e+00	0.00e+00	0.00e+00	8.40e-03	2.06e-06	2.20e-06
 2.81925e+19	1.02e-02	4.78e-01	5.10e-01	1.26e-03	4.72e-05	0.00e+00	0.00e+00	0.00e+00	0.00e+00	1.02e-02	2.51e-06	2.67e-06
 2.90692e+19	1.23e-02	5.11e-01	4.76e-01	1.01e-03	4.27e-05	0.00e+00	0.00e+00	0.00e+00	0.00e+00	1.23e-02	3.07e-06	3.22e-06
 2.98969e+19	1.49e-02	5.44e-01	4.41e-01	8.08e-04	3.84e-05	0.00e+00	0.00e+00	0.00e+00	0.00e+00	1.49e-02	3.74e-06	3.89e-06
 3.06823e+19	1.80e-02	5.76e-01	4.05e-01	6.41e-04	3.44e-05	0.00e+00	0.00e+00	0.00e+00	0.00e+00	1.80e-02	4.55e-06	4.69e-06
 3.14328e+19	2.19e-02	6.09e-01	3.69e-01	5.03e-04	3.04e-05	0.00e+00	0.00e+00	0.00e+00	0.00e+00	2.18e-02	5.55e-06	5.65e-06
 3.21509e+19	2.64e-02	6.40e-01	3.33e-01	3.91e-04	2.67e-05	0.00e+00	0.00e+00	0.00e+00	0.00e+00	2.64e-02	6.75e-06	6.81e-06
 3.28339e+19	3.20e-02	6.71e-01	2.97e-01	3.01e-04	2.31e-05	0.00e+00	0.00e+00	0.00e+00	0.00e+00	3.20e-02	8.20e-06	8.20e-06
 3.34857e+19	3.86e-02	6.99e-01	2.62e-01	2.29e-04	1.98e-05	0.00e+00	0.00e+00	0.00e+00	0.00e+00	3.86e-02	9.95e-06	9.86e-06
 3.41099e+19	4.67e-02	7.24e-01	2.29e-01	1.73e-04	1.67e-05	0.00e+00	0.00e+00	0.00e+00	0.00e+00	4.66e-02	1.20e-05	1.18e-05
 3.47097e+19	5.65e-02	7.47e-01	1.97e-01	1.28e-04	1.38e-05	0.00e+00	0.00e+00	0.00e+00	0.00e+00	5.65e-02	1.46e-05	1.42e-05
 3.52622e+19	6.74e-02	7.64e-01	1.69e-01	9.62e-05	1.14e-05	0.00e+00	0.00e+00	0.00e+00	0.00e+00	6.73e-02	1.73e-05	1.68e-05
 3.57557e+19	7.97e-02	7.76e-01	1.44e-01	7.24e-05	9.30e-06	0.00e+00	0.00e+00	0.00e+00	0.00e+00	7.97e-02	2.04e-05	1.97e-05
 3.61991e+19	9.27e-02	7.84e-01	1.23e-01	5.56e-05	7.67e-06	0.00e+00	0.00e+00	0.00e+00	0.00e+00	9.26e-02	2.36e-05	2.27e-05
 3.66059e+19	1.07e-01	7.88e-01	1.05e-01	4.30e-05	6.28e-06	0.00e+00	0.00e+00	0.00e+00	0.00e+00	1.07e-01	2.70e-05	2.58e-05
 3.69906e+19	1.23e-01	7.88e-01	8.94e-02	3.33e-05	5.12e-06	0.00e+00	0.00e+00	0.00e+00	0.00e+00	1.23e-01	3.07e-05	2.93e-05
 3.73490e+19	1.40e-01	7.84e-01	7.60e-02	2.62e-05	4.17e-06	0.00e+00	0.00e+00	0.00e+00	0.00e+00	1.39e-01	3.45e-05	3.28e-05
 3.76847e+19	1.58e-01	7.78e-01	6.44e-02	2.07e-05	3.38e-06	0.00e+00	0.00e+00	0.00e+00	0.00e+00	1.58e-01	3.85e-05	3.65e-05
 3.80001e+19	1.77e-01	7.69e-01	5.47e-02	1.66e-05	2.75e-06	0.00e+00	0.00e+00	0.00e+00	0.00e+00	1.77e-01	4.24e-05	4.02e-05
 3.82994e+19	1.97e-01	7.57e-01	4.63e-02	1.34e-05	2.23e-06	0.00e+00	0.00e+00	0.00e+00	0.00e+00	1.96e-01	4.65e-05	4.40e-05
 3.85887e+19	2.18e-01	7.43e-01	3.90e-02	1.08e-05	1.79e-06	0.00e+00	0.00e+00	0.00e+00	0.00e+00	2.18e-01	5.07e-05	4.79e-05
 3.88630e+19	2.40e-01	7.27e-01	3.30e-02	8.90e-06	1.45e-06	0.00e+00	0.00e+00	0.00e+00	0.00e+00	2.40e-01	5.46e-05	5.16e-05
 3.91258e+19	2.63e-01	7.09e-01	2.78e-02	7.37e-06	1.17e-06	0.00e+00	0.00e+00	0.00e+00	0.00e+00	2.63e-01	5.86e-05	5.52e-05
 3.93832e+19	2.86e-01	6.91e-01	2.35e-02	6.17e-06	9.47e-07	0.00e+00	0.00e+00	0.00e+00	0.00e+00	2.85e-01	6.23e-05	5.87e-05
 3.96747e+19	3.14e-01	6.67e-01	1.91e-02	5.02e-06	7.32e-07	0.00e+00	0.00e+00	0.00e+00	0.00e+00	3.14e-01	6.65e-05	6.26e-05
 3.99758e+19	3.44e-01	6.41e-01	1.54e-02	4.11e-06	5.61e-07	0.00e+00	0.00e+00	0.00e+00	0.00e+00	3.44e-01	7.06e-05	6.64e-05
 4.02226e+19	3.69e-01	6.18e-01	1.28e-02	3.51e-06	4.49e-07	0.00e+00	0.00e+00	0.00e+00	0.00e+00	3.69e-01	7.37e-05	6.93e-05
 4.04730e+19	3.96e-01	5.93e-01	1.05e-02	2.99e-06	3.53e-07	0.00e+00	0.00e+00	0.00e+00	0.00e+00	3.96e-01	7.66e-05	7.20e-05
 4.07482e+19	4.26e-01	5.66e-01	8.45e-03	2.52e-06	2.71e-07	0.00e+00	0.00e+00	0.00e+00	0.00e+00	4.25e-01	7.94e-05	7.46e-05
 4.10060e+19	4.54e-01	5.39e-01	6.85e-03	2.16e-06	2.11e-07	0.00e+00	0.00e+00	0.00e+00	0.00e+00	4.54e-01	8.17e-05	7.67e-05
 4.12490e+19	4.79e-01	5.15e-01	5.60e-03	1.89e-06	1.66e-07	0.00e+00	0.00e+00	0.00e+00	0.00e+00	4.79e-01	8.34e-05	7.82e-05
 4.14836e+19	5.05e-01	4.91e-01	4.58e-03	1.66e-06	1.32e-07	0.00e+00	0.00e+00	0.00e+00	0.00e+00	5.04e-01	8.47e-05	7.94e-05
 4.17121e+19	5.29e-01	4.67e-01	3.75e-03	1.46e-06	0.00e+00	0.00e+00	0.00e+00	0.00e+00	0.00e+00	5.29e-01	8.56e-05	8.03e-05
 4.19415e+19	5.53e-01	4.44e-01	3.06e-03	1.30e-06	0.00e+00	0.00e+00	0.00e+00	0.00e+00	0.00e+00	5.53e-01	8.62e-05	8.08e-05
 4.21592e+19	5.75e-01	4.22e-01	2.52e-03	1.16e-06	0.00e+00	0.00e+00	0.00e+00	0.00e+00	0.00e+00	5.75e-01	8.65e-05	8.10e-05
 4.23589e+19	5.95e-01	4.02e-01	2.10e-03	1.05e-06	0.00e+00	0.00e+00	0.00e+00	0.00e+00	0.00e+00	5.95e-01	8.65e-05	8.09e-05
 4.25180e+19	6.10e-01	3.88e-01	1.82e-03	9.77e-07	0.00e+00	0.00e+00	0.00e+00	0.00e+00	0.00e+00	6.10e-01	8.63e-05	8.08e-05
 4.26311e+19	6.21e-01	3.77e-01	1.64e-03	9.26e-07	0.00e+00	0.00e+00	0.00e+00	0.00e+00	0.00e+00	6.21e-01	8.61e-05	8.06e-05
 4.27403e+19	6.32e-01	3.67e-01	1.48e-03	8.79e-07	0.00e+00	0.00e+00	0.00e+00	0.00e+00	0.00e+00	6.32e-01	8.59e-05	8.03e-05
 4.28644e+19	6.44e-01	3.55e-01	1.31e-03	8.27e-07	0.00e+00	0.00e+00	0.00e+00	0.00e+00	0.00e+00	6.44e-01	8.55e-05	7.99e-05
 4.29963e+19	6.56e-01	3.43e-01	1.15e-03	7.78e-07	0.00e+00	0.00e+00	0.00e+00	0.00e+00	0.00e+00	6.56e-01	8.50e-05	7.94e-05
 4.31259e+19	6.68e-01	3.31e-01	1.02e-03	7.33e-07	0.00e+00	0.00e+00	0.00e+00	0.00e+00	0.00e+00	6.68e-01	8.45e-05	7.89e-05
 4.32530e+19	6.79e-01	3.20e-01	9.01e-04	6.93e-07	0.00e+00	0.00e+00	0.00e+00	0.00e+00	0.00e+00	6.79e-01	8.39e-05	7.83e-05
 4.33818e+19	6.90e-01	3.09e-01	7.94e-04	6.53e-07	0.00e+00	0.00e+00	0.00e+00	0.00e+00	0.00e+00	6.90e-01	8.32e-05	7.77e-05
 4.35111e+19	7.01e-01	2.98e-01	7.00e-04	6.17e-07	0.00e+00	0.00e+00	0.00e+00	0.00e+00	0.00e+00	7.01e-01	8.25e-05	7.70e-05
 4.36407e+19	7.12e-01	2.88e-01	6.15e-04	5.82e-07	0.00e+00	0.00e+00	0.00e+00	0.00e+00	0.00e+00	7.12e-01	8.17e-05	7.62e-05
 4.37709e+19	7.22e-01	2.77e-01	5.42e-04	5.51e-07	0.00e+00	0.00e+00	0.00e+00	0.00e+00	0.00e+00	7.22e-01	8.08e-05	7.54e-05
 4.39016e+19	7.32e-01	2.67e-01	4.76e-04	5.20e-07	0.00e+00	0.00e+00	0.00e+00	0.00e+00	0.00e+00	7.32e-01	7.99e-05	7.45e-05
 4.40335e+19	7.42e-01	2.57e-01	4.18e-04	4.92e-07	0.00e+00	0.00e+00	0.00e+00	0.00e+00	0.00e+00	7.42e-01	7.90e-05	7.36e-05
 4.41667e+19	7.52e-01	2.48e-01	3.66e-04	4.65e-07	0.00e+00	0.00e+00	0.00e+00	0.00e+00	0.00e+00	7.52e-01	7.80e-05	7.27e-05
 4.43014e+19	7.61e-01	2.38e-01	3.20e-04	4.40e-07	0.00e+00	0.00e+00	0.00e+00	0.00e+00	0.00e+00	7.61e-01	7.70e-05	7.17e-05
 4.44352e+19	7.70e-01	2.29e-01	2.81e-04	4.17e-07	0.00e+00	0.00e+00	0.00e+00	0.00e+00	0.00e+00	7.70e-01	7.60e-05	7.07e-05
 4.45702e+19	7.80e-01	2.20e-01	2.46e-04	3.94e-07	0.00e+00	0.00e+00	0.00e+00	0.00e+00	0.00e+00	7.79e-01	7.49e-05	6.97e-05
 4.47069e+19	7.88e-01	2.12e-01	2.16e-04	3.74e-07	0.00e+00	0.00e+00	0.00e+00	0.00e+00	0.00e+00	7.88e-01	7.39e-05	6.87e-05
 4.48453e+19	7.97e-01	2.03e-01	1.88e-04	3.54e-07	0.00e+00	0.00e+00	0.00e+00	0.00e+00	0.00e+00	7.96e-01	7.27e-05	6.76e-05
 4.49848e+19	8.04e-01	1.95e-01	1.65e-04	3.36e-07	0.00e+00	0.00e+00	0.00e+00	0.00e+00	0.00e+00	8.04e-01	7.16e-05	6.65e-05
 4.51265e+19	8.12e-01	1.87e-01	1.44e-04	3.18e-07	0.00e+00	0.00e+00	0.00e+00	0.00e+00	0.00e+00	8.12e-01	7.04e-05	6.53e-05
 4.52713e+19	8.20e-01	1.80e-01	1.26e-04	3.01e-07	0.00e+00	0.00e+00	0.00e+00	0.00e+00	0.00e+00	8.20e-01	6.92e-05	6.42e-05
 4.54171e+19	8.28e-01	1.72e-01	1.11e-04	2.86e-07	0.00e+00	0.00e+00	0.00e+00	0.00e+00	0.00e+00	8.27e-01	6.80e-05	6.31e-05
 4.55641e+19	8.34e-01	1.65e-01	9.72e-05	2.71e-07	0.00e+00	0.00e+00	0.00e+00	0.00e+00	0.00e+00	8.34e-01	6.69e-05	6.20e-05
 4.57127e+19	8.41e-01	1.59e-01	8.55e-05	2.58e-07	0.00e+00	0.00e+00	0.00e+00	0.00e+00	0.00e+00	8.41e-01	6.57e-05	6.09e-05
 4.58631e+19	8.47e-01	1.52e-01	7.55e-05	2.45e-07	0.00e+00	0.00e+00	0.00e+00	0.00e+00	0.00e+00	8.47e-01	6.46e-05	5.99e-05
 4.60148e+19	8.53e-01	1.46e-01	6.69e-05	2.33e-07	0.00e+00	0.00e+00	0.00e+00	0.00e+00	0.00e+00	8.53e-01	6.36e-05	5.88e-05
 4.61682e+19	8.59e-01	1.41e-01	5.95e-05	2.22e-07	0.00e+00	0.00e+00	0.00e+00	0.00e+00	0.00e+00	8.59e-01	6.25e-05	5.79e-05
 4.63241e+19	8.65e-01	1.35e-01	5.31e-05	2.12e-07	0.00e+00	0.00e+00	0.00e+00	0.00e+00	0.00e+00	8.64e-01	6.15e-05	5.69e-05
 4.64832e+19	8.70e-01	1.30e-01	4.76e-05	2.03e-07	0.00e+00	0.00e+00	0.00e+00	0.00e+00	0.00e+00	8.69e-01	6.06e-05	5.60e-05
 4.66462e+19	8.74e-01	1.25e-01	4.28e-05	1.94e-07	0.00e+00	0.00e+00	0.00e+00	0.00e+00	0.00e+00	8.74e-01	5.96e-05	5.51e-05
 4.68142e+19	8.79e-01	1.21e-01	3.87e-05	1.85e-07	0.00e+00	0.00e+00	0.00e+00	0.00e+00	0.00e+00	8.79e-01	5.88e-05	5.43e-05
 4.69889e+19	8.83e-01	1.17e-01	3.51e-05	1.78e-07	0.00e+00	0.00e+00	0.00e+00	0.00e+00	0.00e+00	8.83e-01	5.79e-05	5.35e-05
 4.71700e+19	8.87e-01	1.13e-01	3.21e-05	1.71e-07	0.00e+00	0.00e+00	0.00e+00	0.00e+00	0.00e+00	8.87e-01	5.71e-05	5.27e-05
 4.73597e+19	8.91e-01	1.09e-01	2.94e-05	1.64e-07	0.00e+00	0.00e+00	0.00e+00	0.00e+00	0.00e+00	8.91e-01	5.63e-05	5.19e-05
 4.75623e+19	8.95e-01	1.05e-01	2.71e-05	1.58e-07	0.00e+00	0.00e+00	0.00e+00	0.00e+00	0.00e+00	8.95e-01	5.56e-05	5.12e-05
 4.77794e+19	8.98e-01	1.02e-01	2.50e-05	1.52e-07	0.00e+00	0.00e+00	0.00e+00	0.00e+00	0.00e+00	8.98e-01	5.49e-05	5.06e-05
 4.80148e+19	9.01e-01	9.89e-02	2.33e-05	1.47e-07	0.00e+00	0.00e+00	0.00e+00	0.00e+00	0.00e+00	9.01e-01	5.42e-05	4.99e-05
 4.82753e+19	9.04e-01	9.58e-02	2.17e-05	1.42e-07	0.00e+00	0.00e+00	0.00e+00	0.00e+00	0.00e+00	9.04e-01	5.36e-05	4.93e-05
 4.85682e+19	9.07e-01	9.31e-02	2.04e-05	1.37e-07	0.00e+00	0.00e+00	0.00e+00	0.00e+00	0.00e+00	9.07e-01	5.30e-05	4.87e-05
 4.89023e+19	9.09e-01	9.05e-02	1.92e-05	1.33e-07	0.00e+00	0.00e+00	0.00e+00	0.00e+00	0.00e+00	9.09e-01	5.24e-05	4.82e-05
 4.92727e+19	9.12e-01	8.83e-02	1.82e-05	1.29e-07	0.00e+00	0.00e+00	0.00e+00	0.00e+00	0.00e+00	9.12e-01	5.19e-05	4.77e-05
 4.96548e+19	9.14e-01	8.64e-02	1.75e-05	1.26e-07	0.00e+00	0.00e+00	0.00e+00	0.00e+00	0.00e+00	9.13e-01	5.15e-05	4.73e-05
 5.00337e+19	9.15e-01	8.49e-02	1.69e-05	1.24e-07	0.00e+00	0.00e+00	0.00e+00	0.00e+00	0.00e+00	9.15e-01	5.12e-05	4.70e-05
 5.04100e+19	9.16e-01	8.37e-02	1.65e-05	0.00e+00	0.00e+00	0.00e+00	0.00e+00	0.00e+00	0.00e+00	9.16e-01	5.09e-05	4.67e-05
 5.08416e+19	9.18e-01	8.24e-02	1.60e-05	0.00e+00	0.00e+00	0.00e+00	0.00e+00	0.00e+00	0.00e+00	9.17e-01	5.06e-05	4.65e-05
 5.14025e+19	9.19e-01	8.10e-02	1.56e-05	0.00e+00	0.00e+00	0.00e+00	0.00e+00	0.00e+00	0.00e+00	9.19e-01	5.03e-05	4.62e-05
 5.21318e+19	9.20e-01	7.95e-02	1.51e-05	0.00e+00	0.00e+00	0.00e+00	0.00e+00	0.00e+00	0.00e+00	9.20e-01	5.00e-05	4.58e-05
 5.30798e+19	9.22e-01	7.78e-02	1.46e-05	0.00e+00	0.00e+00	0.00e+00	0.00e+00	0.00e+00	0.00e+00	9.22e-01	4.96e-05	4.55e-05
 5.43123e+19	9.24e-01	7.58e-02	1.41e-05	0.00e+00	0.00e+00	0.00e+00	0.00e+00	0.00e+00	0.00e+00	9.24e-01	4.91e-05	4.50e-05
 5.59145e+19	9.27e-01	7.34e-02	1.35e-05	0.00e+00	0.00e+00	0.00e+00	0.00e+00	0.00e+00	0.00e+00	9.26e-01	4.86e-05	4.45e-05
 5.78924e+19	9.29e-01	7.08e-02	1.28e-05	0.00e+00	0.00e+00	0.00e+00	0.00e+00	0.00e+00	0.00e+00	9.29e-01	4.80e-05	4.39e-05
 6.00674e+19	9.32e-01	6.83e-02	1.23e-05	0.00e+00	0.00e+00	0.00e+00	0.00e+00	0.00e+00	0.00e+00	9.32e-01	4.74e-05	4.34e-05
 6.22805e+19	9.34e-01	6.59e-02	1.18e-05	0.00e+00	0.00e+00	0.00e+00	0.00e+00	0.00e+00	0.00e+00	9.34e-01	4.69e-05	4.28e-05
 6.45546e+19	9.36e-01	6.37e-02	1.14e-05	0.00e+00	0.00e+00	0.00e+00	0.00e+00	0.00e+00	0.00e+00	9.36e-01	4.63e-05	4.23e-05
 6.69665e+19	9.39e-01	6.15e-02	1.10e-05	0.00e+00	0.00e+00	0.00e+00	0.00e+00	0.00e+00	0.00e+00	9.38e-01	4.58e-05	4.18e-05
 6.95395e+19	9.41e-01	5.93e-02	1.06e-05	0.00e+00	0.00e+00	0.00e+00	0.00e+00	0.00e+00	0.00e+00	9.41e-01	4.53e-05	4.13e-05
 7.22581e+19	9.43e-01	5.73e-02	1.03e-05	0.00e+00	0.00e+00	0.00e+00	0.00e+00	0.00e+00	0.00e+00	9.43e-01	4.49e-05	4.09e-05
 7.51155e+19	9.45e-01	5.53e-02	1.01e-05	0.00e+00	0.00e+00	0.00e+00	0.00e+00	0.00e+00	0.00e+00	9.45e-01	4.44e-05	4.04e-05
 7.81292e+19	9.47e-01	5.34e-02	9.82e-06	0.00e+00	0.00e+00	0.00e+00	0.00e+00	0.00e+00	0.00e+00	9.47e-01	4.39e-05	4.00e-05
 8.13173e+19	9.48e-01	5.15e-02	9.60e-06	0.00e+00	0.00e+00	0.00e+00	0.00e+00	0.00e+00	0.00e+00	9.48e-01	4.35e-05	3.96e-05
 8.46933e+19	9.50e-01	4.97e-02	9.40e-06	0.00e+00	0.00e+00	0.00e+00	0.00e+00	0.00e+00	0.00e+00	9.50e-01	4.31e-05	3.91e-05
 8.82660e+19	9.52e-01	4.80e-02	9.22e-06	0.00e+00	0.00e+00	0.00e+00	0.00e+00	0.00e+00	0.00e+00	9.52e-01	4.27e-05	3.87e-05
 9.20481e+19	9.54e-01	4.64e-02	9.05e-06	0.00e+00	0.00e+00	0.00e+00	0.00e+00	0.00e+00	0.00e+00	9.54e-01	4.23e-05	3.83e-05
 9.60543e+19	9.55e-01	4.48e-02	8.91e-06	0.00e+00	0.00e+00	0.00e+00	0.00e+00	0.00e+00	0.00e+00	9.55e-01	4.19e-05	3.80e-05
 1.00304e+20	9.57e-01	4.32e-02	8.77e-06	0.00e+00	0.00e+00	0.00e+00	0.00e+00	0.00e+00	0.00e+00	9.57e-01	4.16e-05	3.76e-05
 1.04815e+20	9.58e-01	4.17e-02	8.65e-06	0.00e+00	0.00e+00	0.00e+00	0.00e+00	0.00e+00	0.00e+00	9.58e-01	4.12e-05	3.72e-05
 1.09610e+20	9.60e-01	4.03e-02	8.54e-06	0.00e+00	0.00e+00	0.00e+00	0.00e+00	0.00e+00	0.00e+00	9.60e-01	4.09e-05	3.69e-05
 1.14701e+20	9.61e-01	3.89e-02	8.44e-06	0.00e+00	0.00e+00	0.00e+00	0.00e+00	0.00e+00	0.00e+00	9.61e-01	4.05e-05	3.66e-05
 1.20141e+20	9.62e-01	3.76e-02	8.34e-06	0.00e+00	0.00e+00	0.00e+00	0.00e+00	0.00e+00	0.00e+00	9.62e-01	4.02e-05	3.63e-05
 1.25940e+20	9.64e-01	3.63e-02	8.26e-06	0.00e+00	0.00e+00	0.00e+00	0.00e+00	0.00e+00	0.00e+00	9.64e-01	3.99e-05	3.59e-05
 1.32086e+20	9.65e-01	3.50e-02	8.18e-06	0.00e+00	0.00e+00	0.00e+00	0.00e+00	0.00e+00	0.00e+00	9.65e-01	3.96e-05	3.56e-05
 1.38632e+20	9.66e-01	3.38e-02	8.10e-06	0.00e+00	0.00e+00	0.00e+00	0.00e+00	0.00e+00	0.00e+00	9.66e-01	3.94e-05	3.54e-05
 1.45636e+20	9.67e-01	3.27e-02	8.03e-06	0.00e+00	0.00e+00	0.00e+00	0.00e+00	0.00e+00	0.00e+00	9.67e-01	3.91e-05	3.51e-05
 1.53149e+20	9.68e-01	3.15e-02	7.96e-06	0.00e+00	0.00e+00	0.00e+00	0.00e+00	0.00e+00	0.00e+00	9.68e-01	3.88e-05	3.48e-05
 1.61174e+20	9.70e-01	3.05e-02	7.89e-06	0.00e+00	0.00e+00	0.00e+00	0.00e+00	0.00e+00	0.00e+00	9.69e-01	3.86e-05	3.45e-05
 1.69766e+20	9.71e-01	2.94e-02	7.83e-06	0.00e+00	0.00e+00	0.00e+00	0.00e+00	0.00e+00	0.00e+00	9.71e-01	3.84e-05	3.43e-05
 1.78986e+20	9.72e-01	2.84e-02	7.77e-06	0.00e+00	0.00e+00	0.00e+00	0.00e+00	0.00e+00	0.00e+00	9.72e-01	3.81e-05	3.40e-05
 1.88865e+20	9.73e-01	2.74e-02	7.70e-06	0.00e+00	0.00e+00	0.00e+00	0.00e+00	0.00e+00	0.00e+00	9.72e-01	3.79e-05	3.38e-05
 1.99456e+20	9.73e-01	2.65e-02	7.64e-06	0.00e+00	0.00e+00	0.00e+00	0.00e+00	0.00e+00	0.00e+00	9.73e-01	3.77e-05	3.35e-05
 2.10921e+20	9.74e-01	2.56e-02	7.58e-06	0.00e+00	0.00e+00	0.00e+00	0.00e+00	0.00e+00	0.00e+00	9.74e-01	3.75e-05	3.33e-05
 2.23350e+20	9.75e-01	2.47e-02	7.52e-06	0.00e+00	0.00e+00	0.00e+00	0.00e+00	0.00e+00	0.00e+00	9.75e-01	3.73e-05	3.31e-05
 2.36713e+20	9.76e-01	2.39e-02	7.46e-06	0.00e+00	0.00e+00	0.00e+00	0.00e+00	0.00e+00	0.00e+00	9.76e-01	3.72e-05	3.29e-05
 2.51110e+20	9.77e-01	2.30e-02	7.39e-06	0.00e+00	0.00e+00	0.00e+00	0.00e+00	0.00e+00	0.00e+00	9.77e-01	3.70e-05	3.27e-05
 2.66728e+20	9.78e-01	2.23e-02	7.32e-06	0.00e+00	0.00e+00	0.00e+00	0.00e+00	0.00e+00	0.00e+00	9.78e-01	3.68e-05	3.25e-05
 2.83674e+20	9.78e-01	2.15e-02	7.26e-06	0.00e+00	0.00e+00	0.00e+00	0.00e+00	0.00e+00	0.00e+00	9.78e-01	3.67e-05	3.23e-05
 3.01963e+20	9.79e-01	2.08e-02	7.18e-06	0.00e+00	0.00e+00	0.00e+00	0.00e+00	0.00e+00	0.00e+00	9.79e-01	3.65e-05	3.21e-05
 3.22068e+20	9.80e-01	2.00e-02	7.11e-06	0.00e+00	0.00e+00	0.00e+00	0.00e+00	0.00e+00	0.00e+00	9.80e-01	3.64e-05	3.18e-05
 3.44269e+20	9.81e-01	1.94e-02	7.03e-06	0.00e+00	0.00e+00	0.00e+00	0.00e+00	0.00e+00	0.00e+00	9.81e-01	3.62e-05	3.16e-05
 3.68275e+20	9.81e-01	1.87e-02	6.94e-06	0.00e+00	0.00e+00	0.00e+00	0.00e+00	0.00e+00	0.00e+00	9.81e-01	3.61e-05	3.14e-05
 3.94394e+20	9.82e-01	1.81e-02	6.85e-06	0.00e+00	0.00e+00	0.00e+00	0.00e+00	0.00e+00	0.00e+00	9.82e-01	3.60e-05	3.12e-05
 4.23098e+20	9.83e-01	1.75e-02	6.75e-06	0.00e+00	0.00e+00	0.00e+00	0.00e+00	0.00e+00	0.00e+00	9.82e-01	3.59e-05	3.10e-05
 4.54626e+20	9.83e-01	1.69e-02	6.65e-06	0.00e+00	0.00e+00	0.00e+00	0.00e+00	0.00e+00	0.00e+00	9.83e-01	3.58e-05	3.08e-05
 4.89385e+20	9.84e-01	1.63e-02	6.55e-06	0.00e+00	0.00e+00	0.00e+00	0.00e+00	0.00e+00	0.00e+00	9.84e-01	3.57e-05	3.06e-05
 5.27702e+20	9.84e-01	1.57e-02	6.43e-06	0.00e+00	0.00e+00	0.00e+00	0.00e+00	0.00e+00	0.00e+00	9.84e-01	3.56e-05	3.04e-05
 5.70077e+20	9.85e-01	1.52e-02	6.31e-06	0.00e+00	0.00e+00	0.00e+00	0.00e+00	0.00e+00	0.00e+00	9.85e-01	3.55e-05	3.02e-05
 6.16821e+20	9.85e-01	1.47e-02	6.18e-06	0.00e+00	0.00e+00	0.00e+00	0.00e+00	0.00e+00	0.00e+00	9.85e-01	3.54e-05	3.00e-05
 6.68422e+20	9.86e-01	1.42e-02	6.04e-06	0.00e+00	0.00e+00	0.00e+00	0.00e+00	0.00e+00	0.00e+00	9.86e-01	3.53e-05	2.98e-05
 7.25959e+20	9.86e-01	1.37e-02	5.89e-06	0.00e+00	0.00e+00	0.00e+00	0.00e+00	0.00e+00	0.00e+00	9.86e-01	3.52e-05	2.96e-05
 7.89815e+20	9.87e-01	1.32e-02	5.74e-06	0.00e+00	0.00e+00	0.00e+00	0.00e+00	0.00e+00	0.00e+00	9.87e-01	3.51e-05	2.94e-05
 8.60220e+20	9.87e-01	1.27e-02	5.57e-06	0.00e+00	0.00e+00	0.00e+00	0.00e+00	0.00e+00	0.00e+00	9.87e-01	3.50e-05	2.92e-05
 9.34563e+20	9.88e-01	1.23e-02	5.40e-06	0.00e+00	0.00e+00	0.00e+00	0.00e+00	0.00e+00	0.00e+00	9.88e-01	3.48e-05	2.90e-05
 1.00845e+21	9.88e-01	1.19e-02	5.25e-06	0.00e+00	0.00e+00	0.00e+00	0.00e+00	0.00e+00	0.00e+00	9.88e-01	3.47e-05	2.89e-05
 1.08111e+21	9.88e-01	1.16e-02	5.10e-06	0.00e+00	0.00e+00	0.00e+00	0.00e+00	0.00e+00	0.00e+00	9.88e-01	3.45e-05	2.87e-05
 1.15377e+21	9.89e-01	1.12e-02	4.96e-06	0.00e+00	0.00e+00	0.00e+00	0.00e+00	0.00e+00	0.00e+00	9.89e-01	3.44e-05	2.85e-05
 1.22677e+21	9.89e-01	1.10e-02	4.82e-06	0.00e+00	0.00e+00	0.00e+00	0.00e+00	0.00e+00	0.00e+00	9.89e-01	3.42e-05	2.84e-05
 1.29925e+21	9.89e-01	1.07e-02	4.70e-06	0.00e+00	0.00e+00	0.00e+00	0.00e+00	0.00e+00	0.00e+00	9.89e-01	3.39e-05	2.82e-05
 1.37047e+21	9.90e-01	1.04e-02	4.58e-06	0.00e+00	0.00e+00	0.00e+00	0.00e+00	0.00e+00	0.00e+00	9.90e-01	3.36e-05	2.81e-05
 1.44024e+21	9.90e-01	1.02e-02	4.47e-06	0.00e+00	0.00e+00	0.00e+00	0.00e+00	0.00e+00	0.00e+00	9.90e-01	3.33e-05	2.79e-05
 1.50790e+21	9.90e-01	9.96e-03	4.37e-06	0.00e+00	0.00e+00	0.00e+00	0.00e+00	0.00e+00	0.00e+00	9.90e-01	3.30e-05	2.78e-05
 1.57210e+21	9.90e-01	9.75e-03	4.28e-06	0.00e+00	0.00e+00	0.00e+00	0.00e+00	0.00e+00	0.00e+00	9.90e-01	3.27e-05	2.76e-05
 1.63284e+21	9.90e-01	9.54e-03	4.20e-06	0.00e+00	0.00e+00	0.00e+00	0.00e+00	0.00e+00	0.00e+00	9.90e-01	3.23e-05	2.75e-05
 1.69100e+21	9.91e-01	9.33e-03	4.13e-06	0.00e+00	0.00e+00	0.00e+00	0.00e+00	0.00e+00	0.00e+00	9.91e-01	3.20e-05	2.74e-05
 1.74637e+21	9.91e-01	9.10e-03	4.07e-06	0.00e+00	0.00e+00	0.00e+00	0.00e+00	0.00e+00	0.00e+00	9.91e-01	3.16e-05	2.72e-05
