#depth	He	He+	He+2
 4.19694e+14	6.51e-02	7.76e-01	1.59e-01
 2.51817e+15	6.48e-02	7.76e-01	1.59e-01
 1.09121e+16	6.48e-02	7.76e-01	1.59e-01
 4.44876e+16	6.49e-02	7.76e-01	1.59e-01
 1.06267e+17	6.44e-02	7.77e-01	1.58e-01
 1.86579e+17	6.44e-02	7.78e-01	1.58e-01
 2.90986e+17	6.49e-02	7.78e-01	1.57e-01
 4.26714e+17	6.57e-02	7.79e-01	1.55e-01
 5.95116e+17	6.69e-02	7.80e-01	1.53e-01
 7.87012e+17	6.87e-02	7.80e-01	1.51e-01
 1.01086e+18	7.14e-02	7.81e-01	1.47e-01
 1.28018e+18	7.56e-02	7.82e-01	1.43e-01
 1.55535e+18	8.06e-02	7.81e-01	1.39e-01
 1.81168e+18	8.64e-02	7.79e-01	1.35e-01
 2.06263e+18	9.34e-02	7.76e-01	1.30e-01
 2.29698e+18	1.01e-01	7.72e-01	1.27e-01
 2.50533e+18	1.09e-01	7.68e-01	1.24e-01
 2.69241e+18	1.16e-01	7.62e-01	1.21e-01
 2.86370e+18	1.24e-01	7.57e-01	1.19e-01
 3.02846e+18	1.32e-01	7.51e-01	1.17e-01
 3.18482e+18	1.41e-01	7.45e-01	1.14e-01
 3.33156e+18	1.49e-01	7.39e-01	1.12e-01
 3.47762e+18	1.58e-01	7.32e-01	1.10e-01
 3.62532e+18	1.68e-01	7.25e-01	1.08e-01
 3.77319e+18	1.78e-01	7.17e-01	1.05e-01
 3.92299e+18	1.88e-01	7.09e-01	1.03e-01
 4.07227e+18	1.99e-01	7.00e-01	1.01e-01
 4.19094e+18	2.08e-01	6.93e-01	9.89e-02
 4.27616e+18	2.15e-01	6.88e-01	9.76e-02
 4.36271e+18	2.22e-01	6.82e-01	9.61e-02
 4.46433e+18	2.30e-01	6.76e-01	9.44e-02
 4.57496e+18	2.39e-01	6.68e-01	9.24e-02
 4.68561e+18	2.48e-01	6.61e-01	9.07e-02
 4.79790e+18	2.58e-01	6.53e-01	8.87e-02
 4.91413e+18	2.68e-01	6.45e-01	8.69e-02
 5.03527e+18	2.79e-01	6.36e-01	8.47e-02
 5.16054e+18	2.90e-01	6.27e-01	8.27e-02
 5.28970e+18	3.02e-01	6.18e-01	8.05e-02
 5.42404e+18	3.14e-01	6.08e-01	7.85e-02
 5.56403e+18	3.26e-01	5.98e-01	7.62e-02
 5.70988e+18	3.40e-01	5.87e-01	7.39e-02
 5.85844e+18	3.53e-01	5.75e-01	7.16e-02
 6.01216e+18	3.67e-01	5.64e-01	6.93e-02
 6.17502e+18	3.81e-01	5.52e-01	6.69e-02
 6.34415e+18	3.96e-01	5.39e-01	6.45e-02
 6.52038e+18	4.12e-01	5.26e-01	6.20e-02
 6.70495e+18	4.27e-01	5.13e-01	5.96e-02
 6.90006e+18	4.43e-01	5.00e-01	5.71e-02
 7.10743e+18	4.60e-01	4.85e-01	5.45e-02
 7.32313e+18	4.77e-01	4.71e-01	5.20e-02
 7.55176e+18	4.94e-01	4.57e-01	4.94e-02
 7.79700e+18	5.11e-01	4.42e-01	4.68e-02
 8.05790e+18	5.29e-01	4.27e-01	4.43e-02
 8.33310e+18	5.46e-01	4.12e-01	4.17e-02
 8.62468e+18	5.63e-01	3.98e-01	3.92e-02
 8.93790e+18	5.80e-01	3.83e-01	3.68e-02
 9.27682e+18	5.96e-01	3.69e-01	3.44e-02
 9.64382e+18	6.13e-01	3.55e-01	3.20e-02
 1.00423e+19	6.29e-01	3.42e-01	2.97e-02
 1.04780e+19	6.44e-01	3.28e-01	2.74e-02
 1.09554e+19	6.60e-01	3.15e-01	2.53e-02
 1.14781e+19	6.75e-01	3.02e-01	2.32e-02
 1.20495e+19	6.89e-01	2.90e-01	2.12e-02
 1.26736e+19	7.03e-01	2.78e-01	1.93e-02
 1.33527e+19	7.17e-01	2.66e-01	1.76e-02
 1.40874e+19	7.30e-01	2.54e-01	1.59e-02
 1.48776e+19	7.43e-01	2.43e-01	1.44e-02
 1.57235e+19	7.55e-01	2.32e-01	1.31e-02
 1.66253e+19	7.66e-01	2.22e-01	1.18e-02
 1.75831e+19	7.78e-01	2.12e-01	1.07e-02
 1.85975e+19	7.88e-01	2.02e-01	9.66e-03
 1.96692e+19	7.98e-01	1.93e-01	8.73e-03
 2.07995e+19	8.08e-01	1.84e-01	7.90e-03
 2.19897e+19	8.17e-01	1.75e-01	7.14e-03
 2.32413e+19	8.26e-01	1.67e-01	6.47e-03
 2.45558e+19	8.34e-01	1.60e-01	5.85e-03
 2.59353e+19	8.42e-01	1.52e-01	5.30e-03
 2.73832e+19	8.50e-01	1.45e-01	4.80e-03
 2.89031e+19	8.57e-01	1.39e-01	4.35e-03
 3.04866e+19	8.64e-01	1.32e-01	3.95e-03
 3.21364e+19	8.70e-01	1.26e-01	3.58e-03
 3.38666e+19	8.76e-01	1.20e-01	3.25e-03
 3.56770e+19	8.82e-01	1.15e-01	2.95e-03
 3.75638e+19	8.88e-01	1.10e-01	2.68e-03
 3.95283e+19	8.93e-01	1.05e-01	2.44e-03
 4.15708e+19	8.98e-01	1.00e-01	2.21e-03
 4.36985e+19	9.02e-01	9.56e-02	2.01e-03
 4.59146e+19	9.07e-01	9.13e-02	1.83e-03
 4.82069e+19	9.11e-01	8.72e-02	1.66e-03
 5.05776e+19	9.15e-01	8.34e-02	1.52e-03
 5.30438e+19	9.19e-01	7.96e-02	1.38e-03
 5.56306e+19	9.23e-01	7.61e-02	1.25e-03
 5.83104e+19	9.26e-01	7.27e-02	1.14e-03
 6.10517e+19	9.29e-01	6.96e-02	1.04e-03
 6.38806e+19	9.33e-01	6.65e-02	9.45e-04
 6.67970e+19	9.36e-01	6.36e-02	8.61e-04
 6.97240e+19	9.38e-01	6.09e-02	7.88e-04
 7.25778e+19	9.41e-01	5.85e-02	7.24e-04
 7.53494e+19	9.43e-01	5.63e-02	6.68e-04
 7.80559e+19	9.45e-01	5.43e-02	6.19e-04
 8.07021e+19	9.47e-01	5.24e-02	5.75e-04
 8.32802e+19	9.49e-01	5.07e-02	5.37e-04
 8.57724e+19	9.50e-01	4.92e-02	5.02e-04
 8.81620e+19	9.52e-01	4.77e-02	4.72e-04
 9.04419e+19	9.53e-01	4.64e-02	4.45e-04
 9.26078e+19	9.54e-01	4.52e-02	4.20e-04
 9.46604e+19	9.55e-01	4.41e-02	3.99e-04
