#depth	O	O+	O+2	O+3	O+4	O+5	O+6	O+7	O+8	O[1]	O[2]	O[3]
 1.29601e+17	8.90e-04	1.22e-01	6.67e-01	1.97e-01	1.24e-02	1.04e-04	5.71e-07	0.00e+00	0.00e+00	8.90e-04	6.61e-09	7.46e-09
 7.77607e+17	8.86e-04	1.22e-01	6.68e-01	1.97e-01	1.23e-02	1.04e-04	5.69e-07	0.00e+00	0.00e+00	8.86e-04	6.58e-09	7.43e-09
 3.36963e+18	8.66e-04	1.20e-01	6.70e-01	1.97e-01	1.23e-02	1.04e-04	5.69e-07	0.00e+00	0.00e+00	8.66e-04	6.43e-09	7.26e-09
 1.37377e+19	8.04e-04	1.13e-01	6.79e-01	1.94e-01	1.19e-02	1.02e-04	5.62e-07	0.00e+00	0.00e+00	8.04e-04	5.97e-09	6.74e-09
 3.28150e+19	6.47e-04	9.87e-02	6.91e-01	1.97e-01	1.19e-02	1.06e-04	6.02e-07	0.00e+00	0.00e+00	6.47e-04	4.80e-09	5.43e-09
 5.76155e+19	5.51e-04	8.92e-02	7.04e-01	1.95e-01	1.14e-02	1.04e-04	6.08e-07	0.00e+00	0.00e+00	5.51e-04	4.09e-09	4.62e-09
 8.98561e+19	4.84e-04	8.24e-02	7.19e-01	1.87e-01	1.05e-02	9.83e-05	5.86e-07	0.00e+00	0.00e+00	4.84e-04	3.59e-09	4.06e-09
 1.31769e+20	4.48e-04	7.89e-02	7.38e-01	1.73e-01	9.24e-03	8.68e-05	5.26e-07	0.00e+00	0.00e+00	4.48e-04	3.32e-09	3.76e-09
 1.86256e+20	4.43e-04	7.92e-02	7.61e-01	1.52e-01	7.56e-03	7.02e-05	4.30e-07	0.00e+00	0.00e+00	4.43e-04	3.28e-09	3.71e-09
 2.57088e+20	4.87e-04	8.55e-02	7.85e-01	1.23e-01	5.54e-03	4.95e-05	3.03e-07	0.00e+00	0.00e+00	4.87e-04	3.61e-09	4.08e-09
 3.43902e+20	6.04e-04	9.95e-02	8.06e-01	9.03e-02	3.55e-03	2.95e-05	1.78e-07	0.00e+00	0.00e+00	6.04e-04	4.47e-09	5.07e-09
 4.27736e+20	7.93e-04	1.19e-01	8.14e-01	6.39e-02	2.19e-03	1.66e-05	0.00e+00	0.00e+00	0.00e+00	7.93e-04	5.87e-09	6.64e-09
 4.88520e+20	1.01e-03	1.38e-01	8.11e-01	4.84e-02	1.50e-03	1.04e-05	0.00e+00	0.00e+00	0.00e+00	1.01e-03	7.48e-09	8.47e-09
 5.29428e+20	1.22e-03	1.54e-01	8.04e-01	3.97e-02	1.15e-03	7.43e-06	0.00e+00	0.00e+00	0.00e+00	1.22e-03	9.04e-09	1.02e-08
 5.63142e+20	1.45e-03	1.69e-01	7.95e-01	3.34e-02	9.11e-04	5.51e-06	0.00e+00	0.00e+00	0.00e+00	1.45e-03	1.07e-08	1.21e-08
 6.01170e+20	1.79e-03	1.89e-01	7.81e-01	2.72e-02	6.95e-04	3.87e-06	0.00e+00	0.00e+00	0.00e+00	1.79e-03	1.32e-08	1.49e-08
 6.41242e+20	2.22e-03	2.12e-01	7.63e-01	2.19e-02	5.27e-04	2.68e-06	0.00e+00	0.00e+00	0.00e+00	2.22e-03	1.65e-08	1.86e-08
 6.75007e+20	2.69e-03	2.33e-01	7.46e-01	1.82e-02	4.18e-04	1.95e-06	0.00e+00	0.00e+00	0.00e+00	2.69e-03	1.99e-08	2.24e-08
 7.04786e+20	3.20e-03	2.54e-01	7.27e-01	1.53e-02	3.40e-04	1.46e-06	0.00e+00	0.00e+00	0.00e+00	3.20e-03	2.37e-08	2.67e-08
 7.38347e+20	3.94e-03	2.80e-01	7.03e-01	1.24e-02	2.67e-04	1.04e-06	0.00e+00	0.00e+00	0.00e+00	3.94e-03	2.92e-08	3.28e-08
 7.73719e+20	4.93e-03	3.10e-01	6.75e-01	9.95e-03	2.08e-04	7.23e-07	0.00e+00	0.00e+00	0.00e+00	4.93e-03	3.66e-08	4.10e-08
 8.03221e+20	5.97e-03	3.38e-01	6.48e-01	8.20e-03	1.69e-04	5.30e-07	0.00e+00	0.00e+00	0.00e+00	5.97e-03	4.45e-08	4.96e-08
 8.28656e+20	7.10e-03	3.63e-01	6.22e-01	6.86e-03	1.41e-04	4.01e-07	0.00e+00	0.00e+00	0.00e+00	7.10e-03	5.30e-08	5.89e-08
 8.57025e+20	8.70e-03	3.95e-01	5.90e-01	5.53e-03	1.15e-04	2.88e-07	0.00e+00	0.00e+00	0.00e+00	8.70e-03	6.51e-08	7.20e-08
 8.87350e+20	1.08e-02	4.32e-01	5.53e-01	4.36e-03	9.18e-05	2.01e-07	0.00e+00	0.00e+00	0.00e+00	1.08e-02	8.14e-08	8.96e-08
 9.13194e+20	1.32e-02	4.64e-01	5.19e-01	3.51e-03	7.59e-05	1.46e-07	0.00e+00	0.00e+00	0.00e+00	1.32e-02	9.91e-08	1.08e-07
 9.35542e+20	1.57e-02	4.95e-01	4.87e-01	2.86e-03	6.39e-05	0.00e+00	0.00e+00	0.00e+00	0.00e+00	1.57e-02	1.18e-07	1.29e-07
 9.60365e+20	1.92e-02	5.31e-01	4.48e-01	2.24e-03	5.23e-05	0.00e+00	0.00e+00	0.00e+00	0.00e+00	1.92e-02	1.45e-07	1.57e-07
 9.86964e+20	2.39e-02	5.69e-01	4.05e-01	1.70e-03	4.22e-05	0.00e+00	0.00e+00	0.00e+00	0.00e+00	2.39e-02	1.81e-07	1.95e-07
 1.00981e+21	2.90e-02	6.03e-01	3.67e-01	1.31e-03	3.47e-05	0.00e+00	0.00e+00	0.00e+00	0.00e+00	2.90e-02	2.19e-07	2.35e-07
 1.02971e+21	3.45e-02	6.33e-01	3.32e-01	1.03e-03	2.89e-05	0.00e+00	0.00e+00	0.00e+00	0.00e+00	3.45e-02	2.61e-07	2.79e-07
 1.05184e+21	4.22e-02	6.65e-01	2.92e-01	7.65e-04	2.32e-05	0.00e+00	0.00e+00	0.00e+00	0.00e+00	4.22e-02	3.19e-07	3.39e-07
 1.07554e+21	5.22e-02	6.96e-01	2.51e-01	5.48e-04	1.83e-05	0.00e+00	0.00e+00	0.00e+00	0.00e+00	5.22e-02	3.92e-07	4.16e-07
 1.09623e+21	6.32e-02	7.21e-01	2.16e-01	3.98e-04	1.45e-05	0.00e+00	0.00e+00	0.00e+00	0.00e+00	6.32e-02	4.73e-07	5.00e-07
 1.11343e+21	7.43e-02	7.38e-01	1.87e-01	3.00e-04	1.18e-05	0.00e+00	0.00e+00	0.00e+00	0.00e+00	7.43e-02	5.51e-07	5.81e-07
 1.12830e+21	8.56e-02	7.51e-01	1.64e-01	2.31e-04	9.70e-06	0.00e+00	0.00e+00	0.00e+00	0.00e+00	8.56e-02	6.31e-07	6.64e-07
 1.14253e+21	9.81e-02	7.60e-01	1.42e-01	1.77e-04	7.96e-06	0.00e+00	0.00e+00	0.00e+00	0.00e+00	9.81e-02	7.17e-07	7.54e-07
 1.15650e+21	1.12e-01	7.65e-01	1.22e-01	1.36e-04	6.50e-06	0.00e+00	0.00e+00	0.00e+00	0.00e+00	1.12e-01	8.11e-07	8.51e-07
 1.16992e+21	1.28e-01	7.67e-01	1.05e-01	1.03e-04	5.25e-06	0.00e+00	0.00e+00	0.00e+00	0.00e+00	1.28e-01	9.13e-07	9.57e-07
 1.18239e+21	1.44e-01	7.66e-01	8.98e-02	7.93e-05	4.28e-06	0.00e+00	0.00e+00	0.00e+00	0.00e+00	1.44e-01	1.02e-06	1.06e-06
 1.19394e+21	1.61e-01	7.62e-01	7.70e-02	6.14e-05	3.48e-06	0.00e+00	0.00e+00	0.00e+00	0.00e+00	1.61e-01	1.12e-06	1.17e-06
 1.20494e+21	1.78e-01	7.56e-01	6.62e-02	4.82e-05	2.86e-06	0.00e+00	0.00e+00	0.00e+00	0.00e+00	1.78e-01	1.22e-06	1.28e-06
 1.21729e+21	2.00e-01	7.45e-01	5.50e-02	3.61e-05	2.24e-06	0.00e+00	0.00e+00	0.00e+00	0.00e+00	2.00e-01	1.35e-06	1.41e-06
 1.23007e+21	2.24e-01	7.31e-01	4.51e-02	2.69e-05	1.74e-06	0.00e+00	0.00e+00	0.00e+00	0.00e+00	2.24e-01	1.48e-06	1.54e-06
 1.24048e+21	2.45e-01	7.17e-01	3.81e-02	2.11e-05	1.40e-06	0.00e+00	0.00e+00	0.00e+00	0.00e+00	2.45e-01	1.59e-06	1.66e-06
 1.24960e+21	2.65e-01	7.03e-01	3.26e-02	1.69e-05	1.15e-06	0.00e+00	0.00e+00	0.00e+00	0.00e+00	2.65e-01	1.68e-06	1.76e-06
 1.25998e+21	2.89e-01	6.84e-01	2.70e-02	1.31e-05	9.04e-07	0.00e+00	0.00e+00	0.00e+00	0.00e+00	2.89e-01	1.79e-06	1.87e-06
 1.27133e+21	3.17e-01	6.61e-01	2.18e-02	1.00e-05	6.93e-07	0.00e+00	0.00e+00	0.00e+00	0.00e+00	3.17e-01	1.91e-06	1.99e-06
 1.28151e+21	3.42e-01	6.40e-01	1.80e-02	7.90e-06	5.46e-07	0.00e+00	0.00e+00	0.00e+00	0.00e+00	3.42e-01	2.01e-06	2.09e-06
 1.29210e+21	3.70e-01	6.15e-01	1.45e-02	6.14e-06	4.19e-07	0.00e+00	0.00e+00	0.00e+00	0.00e+00	3.70e-01	2.11e-06	2.20e-06
 1.30362e+21	4.01e-01	5.88e-01	1.14e-02	4.73e-06	3.14e-07	0.00e+00	0.00e+00	0.00e+00	0.00e+00	4.01e-01	2.20e-06	2.29e-06
 1.31447e+21	4.31e-01	5.60e-01	9.04e-03	3.71e-06	2.37e-07	0.00e+00	0.00e+00	0.00e+00	0.00e+00	4.31e-01	2.28e-06	2.37e-06
 1.32498e+21	4.60e-01	5.33e-01	7.16e-03	2.96e-06	1.80e-07	0.00e+00	0.00e+00	0.00e+00	0.00e+00	4.60e-01	2.34e-06	2.44e-06
 1.33526e+21	4.88e-01	5.07e-01	5.68e-03	2.40e-06	1.37e-07	0.00e+00	0.00e+00	0.00e+00	0.00e+00	4.88e-01	2.39e-06	2.49e-06
 1.34481e+21	5.14e-01	4.82e-01	4.56e-03	1.98e-06	0.00e+00	0.00e+00	0.00e+00	0.00e+00	0.00e+00	5.14e-01	2.42e-06	2.52e-06
 1.35369e+21	5.38e-01	4.58e-01	3.70e-03	1.68e-06	0.00e+00	0.00e+00	0.00e+00	0.00e+00	0.00e+00	5.38e-01	2.45e-06	2.55e-06
 1.36220e+21	5.60e-01	4.37e-01	3.02e-03	1.44e-06	0.00e+00	0.00e+00	0.00e+00	0.00e+00	0.00e+00	5.60e-01	2.46e-06	2.56e-06
 1.37045e+21	5.82e-01	4.16e-01	2.47e-03	1.24e-06	0.00e+00	0.00e+00	0.00e+00	0.00e+00	0.00e+00	5.82e-01	2.46e-06	2.56e-06
 1.37700e+21	5.98e-01	4.00e-01	2.12e-03	1.12e-06	0.00e+00	0.00e+00	0.00e+00	0.00e+00	0.00e+00	5.98e-01	2.46e-06	2.56e-06
 1.38147e+21	6.08e-01	3.90e-01	1.91e-03	1.05e-06	0.00e+00	0.00e+00	0.00e+00	0.00e+00	0.00e+00	6.08e-01	2.46e-06	2.56e-06
 1.38573e+21	6.19e-01	3.79e-01	1.72e-03	9.76e-07	0.00e+00	0.00e+00	0.00e+00	0.00e+00	0.00e+00	6.19e-01	2.45e-06	2.55e-06
 1.39062e+21	6.31e-01	3.67e-01	1.52e-03	9.05e-07	0.00e+00	0.00e+00	0.00e+00	0.00e+00	0.00e+00	6.31e-01	2.45e-06	2.54e-06
 1.39590e+21	6.43e-01	3.55e-01	1.33e-03	8.36e-07	0.00e+00	0.00e+00	0.00e+00	0.00e+00	0.00e+00	6.43e-01	2.43e-06	2.53e-06
 1.40118e+21	6.55e-01	3.44e-01	1.17e-03	7.76e-07	0.00e+00	0.00e+00	0.00e+00	0.00e+00	0.00e+00	6.55e-01	2.42e-06	2.52e-06
 1.40637e+21	6.66e-01	3.33e-01	1.04e-03	7.22e-07	0.00e+00	0.00e+00	0.00e+00	0.00e+00	0.00e+00	6.66e-01	2.41e-06	2.50e-06
 1.41165e+21	6.78e-01	3.21e-01	9.09e-04	6.72e-07	0.00e+00	0.00e+00	0.00e+00	0.00e+00	0.00e+00	6.78e-01	2.39e-06	2.48e-06
 1.41700e+21	6.89e-01	3.11e-01	8.00e-04	6.28e-07	0.00e+00	0.00e+00	0.00e+00	0.00e+00	0.00e+00	6.89e-01	2.37e-06	2.46e-06
 1.42245e+21	7.00e-01	3.00e-01	7.01e-04	5.86e-07	0.00e+00	0.00e+00	0.00e+00	0.00e+00	0.00e+00	7.00e-01	2.35e-06	2.44e-06
 1.42799e+21	7.10e-01	2.89e-01	6.16e-04	5.49e-07	0.00e+00	0.00e+00	0.00e+00	0.00e+00	0.00e+00	7.10e-01	2.33e-06	2.42e-06
 1.43361e+21	7.20e-01	2.79e-01	5.40e-04	5.14e-07	0.00e+00	0.00e+00	0.00e+00	0.00e+00	0.00e+00	7.20e-01	2.30e-06	2.39e-06
 1.43941e+21	7.30e-01	2.69e-01	4.73e-04	4.82e-07	0.00e+00	0.00e+00	0.00e+00	0.00e+00	0.00e+00	7.30e-01	2.28e-06	2.36e-06
 1.44538e+21	7.40e-01	2.59e-01	4.13e-04	4.52e-07	0.00e+00	0.00e+00	0.00e+00	0.00e+00	0.00e+00	7.40e-01	2.25e-06	2.34e-06
 1.45148e+21	7.50e-01	2.50e-01	3.62e-04	4.25e-07	0.00e+00	0.00e+00	0.00e+00	0.00e+00	0.00e+00	7.50e-01	2.23e-06	2.31e-06
 1.45774e+21	7.59e-01	2.41e-01	3.17e-04	4.00e-07	0.00e+00	0.00e+00	0.00e+00	0.00e+00	0.00e+00	7.59e-01	2.20e-06	2.28e-06
 1.46430e+21	7.68e-01	2.32e-01	2.77e-04	3.77e-07	0.00e+00	0.00e+00	0.00e+00	0.00e+00	0.00e+00	7.68e-01	2.17e-06	2.25e-06
 1.47119e+21	7.76e-01	2.23e-01	2.42e-04	3.55e-07	0.00e+00	0.00e+00	0.00e+00	0.00e+00	0.00e+00	7.76e-01	2.14e-06	2.22e-06
 1.47835e+21	7.85e-01	2.15e-01	2.12e-04	3.36e-07	0.00e+00	0.00e+00	0.00e+00	0.00e+00	0.00e+00	7.85e-01	2.11e-06	2.19e-06
 1.48587e+21	7.93e-01	2.07e-01	1.85e-04	3.18e-07	0.00e+00	0.00e+00	0.00e+00	0.00e+00	0.00e+00	7.93e-01	2.08e-06	2.15e-06
 1.49397e+21	8.00e-01	2.00e-01	1.63e-04	3.01e-07	0.00e+00	0.00e+00	0.00e+00	0.00e+00	0.00e+00	8.00e-01	2.06e-06	2.12e-06
 1.50263e+21	8.08e-01	1.92e-01	1.43e-04	2.85e-07	0.00e+00	0.00e+00	0.00e+00	0.00e+00	0.00e+00	8.08e-01	2.03e-06	2.09e-06
 1.51189e+21	8.14e-01	1.85e-01	1.26e-04	2.71e-07	0.00e+00	0.00e+00	0.00e+00	0.00e+00	0.00e+00	8.14e-01	2.00e-06	2.06e-06
 1.52189e+21	8.21e-01	1.79e-01	1.12e-04	2.58e-07	0.00e+00	0.00e+00	0.00e+00	0.00e+00	0.00e+00	8.21e-01	1.97e-06	2.03e-06
 1.53275e+21	8.27e-01	1.73e-01	9.96e-05	2.46e-07	0.00e+00	0.00e+00	0.00e+00	0.00e+00	0.00e+00	8.27e-01	1.95e-06	2.01e-06
 1.54485e+21	8.32e-01	1.68e-01	8.93e-05	2.36e-07	0.00e+00	0.00e+00	0.00e+00	0.00e+00	0.00e+00	8.32e-01	1.92e-06	1.98e-06
 1.55867e+21	8.37e-01	1.63e-01	8.06e-05	2.26e-07	0.00e+00	0.00e+00	0.00e+00	0.00e+00	0.00e+00	8.37e-01	1.90e-06	1.96e-06
 1.57327e+21	8.41e-01	1.59e-01	7.38e-05	2.18e-07	0.00e+00	0.00e+00	0.00e+00	0.00e+00	0.00e+00	8.41e-01	1.88e-06	1.94e-06
 1.58762e+21	8.45e-01	1.55e-01	6.88e-05	2.12e-07	0.00e+00	0.00e+00	0.00e+00	0.00e+00	0.00e+00	8.45e-01	1.86e-06	1.92e-06
 1.60175e+21	8.47e-01	1.52e-01	6.48e-05	2.07e-07	0.00e+00	0.00e+00	0.00e+00	0.00e+00	0.00e+00	8.47e-01	1.85e-06	1.90e-06
 1.61790e+21	8.50e-01	1.50e-01	6.11e-05	2.02e-07	0.00e+00	0.00e+00	0.00e+00	0.00e+00	0.00e+00	8.50e-01	1.84e-06	1.89e-06
 1.63889e+21	8.53e-01	1.47e-01	5.73e-05	1.97e-07	0.00e+00	0.00e+00	0.00e+00	0.00e+00	0.00e+00	8.53e-01	1.82e-06	1.87e-06
 1.66618e+21	8.56e-01	1.44e-01	5.33e-05	1.91e-07	0.00e+00	0.00e+00	0.00e+00	0.00e+00	0.00e+00	8.56e-01	1.80e-06	1.86e-06
 1.70165e+21	8.60e-01	1.40e-01	4.92e-05	1.84e-07	0.00e+00	0.00e+00	0.00e+00	0.00e+00	0.00e+00	8.60e-01	1.78e-06	1.84e-06
 1.74777e+21	8.64e-01	1.36e-01	4.49e-05	1.77e-07	0.00e+00	0.00e+00	0.00e+00	0.00e+00	0.00e+00	8.64e-01	1.76e-06	1.81e-06
 1.80660e+21	8.69e-01	1.31e-01	4.03e-05	1.69e-07	0.00e+00	0.00e+00	0.00e+00	0.00e+00	0.00e+00	8.69e-01	1.74e-06	1.79e-06
 1.87470e+21	8.73e-01	1.27e-01	3.61e-05	1.60e-07	0.00e+00	0.00e+00	0.00e+00	0.00e+00	0.00e+00	8.73e-01	1.71e-06	1.76e-06
 1.94562e+21	8.78e-01	1.22e-01	3.25e-05	1.53e-07	0.00e+00	0.00e+00	0.00e+00	0.00e+00	0.00e+00	8.78e-01	1.69e-06	1.73e-06
 2.01825e+21	8.82e-01	1.18e-01	2.94e-05	1.46e-07	0.00e+00	0.00e+00	0.00e+00	0.00e+00	0.00e+00	8.82e-01	1.66e-06	1.71e-06
 2.09476e+21	8.86e-01	1.14e-01	2.66e-05	1.39e-07	0.00e+00	0.00e+00	0.00e+00	0.00e+00	0.00e+00	8.86e-01	1.64e-06	1.68e-06
 2.17675e+21	8.90e-01	1.10e-01	2.42e-05	1.33e-07	0.00e+00	0.00e+00	0.00e+00	0.00e+00	0.00e+00	8.90e-01	1.62e-06	1.66e-06
 2.26411e+21	8.94e-01	1.06e-01	2.20e-05	1.27e-07	0.00e+00	0.00e+00	0.00e+00	0.00e+00	0.00e+00	8.94e-01	1.59e-06	1.63e-06
 2.35651e+21	8.97e-01	1.03e-01	2.00e-05	1.21e-07	0.00e+00	0.00e+00	0.00e+00	0.00e+00	0.00e+00	8.97e-01	1.57e-06	1.61e-06
 2.45439e+21	9.01e-01	9.92e-02	1.83e-05	0.00e+00	0.00e+00	0.00e+00	0.00e+00	0.00e+00	0.00e+00	9.01e-01	1.55e-06	1.59e-06
 2.55870e+21	9.04e-01	9.59e-02	1.68e-05	0.00e+00	0.00e+00	0.00e+00	0.00e+00	0.00e+00	0.00e+00	9.04e-01	1.53e-06	1.57e-06
 2.67014e+21	9.07e-01	9.26e-02	1.55e-05	0.00e+00	0.00e+00	0.00e+00	0.00e+00	0.00e+00	0.00e+00	9.07e-01	1.51e-06	1.54e-06
 2.78934e+21	9.10e-01	8.96e-02	1.43e-05	0.00e+00	0.00e+00	0.00e+00	0.00e+00	0.00e+00	0.00e+00	9.10e-01	1.49e-06	1.52e-06
 2.91701e+21	9.13e-01	8.65e-02	1.32e-05	0.00e+00	0.00e+00	0.00e+00	0.00e+00	0.00e+00	0.00e+00	9.13e-01	1.47e-06	1.50e-06
 3.05424e+21	9.16e-01	8.38e-02	1.23e-05	0.00e+00	0.00e+00	0.00e+00	0.00e+00	0.00e+00	0.00e+00	9.16e-01	1.46e-06	1.49e-06
 3.20208e+21	9.19e-01	8.10e-02	1.14e-05	0.00e+00	0.00e+00	0.00e+00	0.00e+00	0.00e+00	0.00e+00	9.19e-01	1.44e-06	1.47e-06
 3.36155e+21	9.22e-01	7.84e-02	1.06e-05	0.00e+00	0.00e+00	0.00e+00	0.00e+00	0.00e+00	0.00e+00	9.22e-01	1.42e-06	1.45e-06
 3.53551e+21	9.24e-01	7.58e-02	9.94e-06	0.00e+00	0.00e+00	0.00e+00	0.00e+00	0.00e+00	0.00e+00	9.24e-01	1.41e-06	1.43e-06
 3.72568e+21	9.27e-01	7.34e-02	9.31e-06	0.00e+00	0.00e+00	0.00e+00	0.00e+00	0.00e+00	0.00e+00	9.27e-01	1.39e-06	1.41e-06
 3.93282e+21	9.29e-01	7.10e-02	8.74e-06	0.00e+00	0.00e+00	0.00e+00	0.00e+00	0.00e+00	0.00e+00	9.29e-01	1.38e-06	1.40e-06
 4.16075e+21	9.31e-01	6.89e-02	8.22e-06	0.00e+00	0.00e+00	0.00e+00	0.00e+00	0.00e+00	0.00e+00	9.31e-01	1.36e-06	1.38e-06
 4.41420e+21	9.33e-01	6.66e-02	7.74e-06	0.00e+00	0.00e+00	0.00e+00	0.00e+00	0.00e+00	0.00e+00	9.33e-01	1.35e-06	1.37e-06
 4.69700e+21	9.35e-01	6.47e-02	7.29e-06	0.00e+00	0.00e+00	0.00e+00	0.00e+00	0.00e+00	0.00e+00	9.35e-01	1.34e-06	1.35e-06
 5.01386e+21	9.37e-01	6.27e-02	6.87e-06	0.00e+00	0.00e+00	0.00e+00	0.00e+00	0.00e+00	0.00e+00	9.37e-01	1.32e-06	1.34e-06
 5.37510e+21	9.39e-01	6.08e-02	6.47e-06	0.00e+00	0.00e+00	0.00e+00	0.00e+00	0.00e+00	0.00e+00	9.39e-01	1.31e-06	1.33e-06
 5.79295e+21	9.41e-01	5.90e-02	6.09e-06	0.00e+00	0.00e+00	0.00e+00	0.00e+00	0.00e+00	0.00e+00	9.41e-01	1.30e-06	1.31e-06
 6.28064e+21	9.43e-01	5.73e-02	5.71e-06	0.00e+00	0.00e+00	0.00e+00	0.00e+00	0.00e+00	0.00e+00	9.43e-01	1.29e-06	1.30e-06
 6.86014e+21	9.44e-01	5.57e-02	5.34e-06	0.00e+00	0.00e+00	0.00e+00	0.00e+00	0.00e+00	0.00e+00	9.44e-01	1.28e-06	1.29e-06
 7.53492e+21	9.46e-01	5.43e-02	4.97e-06	0.00e+00	0.00e+00	0.00e+00	0.00e+00	0.00e+00	0.00e+00	9.46e-01	1.27e-06	1.28e-06
 8.28841e+21	9.47e-01	5.31e-02	4.62e-06	0.00e+00	0.00e+00	0.00e+00	0.00e+00	0.00e+00	0.00e+00	9.47e-01	1.26e-06	1.27e-06
 9.11725e+21	9.48e-01	5.21e-02	4.30e-06	0.00e+00	0.00e+00	0.00e+00	0.00e+00	0.00e+00	0.00e+00	9.48e-01	1.26e-06	1.26e-06
 1.00290e+22	9.49e-01	5.13e-02	3.98e-06	0.00e+00	0.00e+00	0.00e+00	0.00e+00	0.00e+00	0.00e+00	9.49e-01	1.25e-06	1.26e-06
 1.10319e+22	9.49e-01	5.06e-02	3.68e-06	0.00e+00	0.00e+00	0.00e+00	0.00e+00	0.00e+00	0.00e+00	9.49e-01	1.25e-06	1.25e-06
 1.21351e+22	9.50e-01	5.01e-02	3.39e-06	0.00e+00	0.00e+00	0.00e+00	0.00e+00	0.00e+00	0.00e+00	9.50e-01	1.25e-06	1.25e-06
 1.33486e+22	9.50e-01	4.97e-02	3.11e-06	0.00e+00	0.00e+00	0.00e+00	0.00e+00	0.00e+00	0.00e+00	9.50e-01	1.24e-06	1.25e-06
 1.46834e+22	9.51e-01	4.94e-02	2.84e-06	0.00e+00	0.00e+00	0.00e+00	0.00e+00	0.00e+00	0.00e+00	9.51e-01	1.24e-06	1.24e-06
 1.61518e+22	9.51e-01	4.91e-02	2.57e-06	0.00e+00	0.00e+00	0.00e+00	0.00e+00	0.00e+00	0.00e+00	9.51e-01	1.24e-06	1.24e-06
 1.76177e+22	9.51e-01	4.89e-02	2.35e-06	0.00e+00	0.00e+00	0.00e+00	0.00e+00	0.00e+00	0.00e+00	9.51e-01	1.24e-06	1.24e-06
 1.89416e+22	9.51e-01	4.88e-02	2.17e-06	0.00e+00	0.00e+00	0.00e+00	0.00e+00	0.00e+00	0.00e+00	9.51e-01	1.24e-06	1.24e-06
 2.01331e+22	9.51e-01	4.87e-02	2.02e-06	0.00e+00	0.00e+00	0.00e+00	0.00e+00	0.00e+00	0.00e+00	9.51e-01	1.24e-06	1.24e-06
 2.12055e+22	9.51e-01	4.86e-02	1.89e-06	0.00e+00	0.00e+00	0.00e+00	0.00e+00	0.00e+00	0.00e+00	9.51e-01	1.24e-06	1.24e-06
 2.21706e+22	9.51e-01	4.85e-02	1.79e-06	0.00e+00	0.00e+00	0.00e+00	0.00e+00	0.00e+00	0.00e+00	9.51e-01	1.23e-06	1.24e-06
 2.30392e+22	9.52e-01	4.85e-02	1.71e-06	0.00e+00	0.00e+00	0.00e+00	0.00e+00	0.00e+00	0.00e+00	9.52e-01	1.23e-06	1.24e-06
 2.38210e+22	9.52e-01	4.84e-02	1.63e-06	0.00e+00	0.00e+00	0.00e+00	0.00e+00	0.00e+00	0.00e+00	9.52e-01	1.23e-06	1.24e-06
 2.45246e+22	9.52e-01	4.83e-02	1.57e-06	0.00e+00	0.00e+00	0.00e+00	0.00e+00	0.00e+00	0.00e+00	9.52e-01	1.23e-06	1.24e-06
 2.51578e+22	9.52e-01	4.83e-02	1.52e-06	0.00e+00	0.00e+00	0.00e+00	0.00e+00	0.00e+00	0.00e+00	9.52e-01	1.23e-06	1.24e-06
 2.57277e+22	9.52e-01	4.82e-02	1.47e-06	0.00e+00	0.00e+00	0.00e+00	0.00e+00	0.00e+00	0.00e+00	9.52e-01	1.23e-06	1.24e-06
 2.62406e+22	9.52e-01	4.82e-02	1.43e-06	0.00e+00	0.00e+00	0.00e+00	0.00e+00	0.00e+00	0.00e+00	9.52e-01	1.23e-06	1.24e-06
 2.67022e+22	9.52e-01	4.81e-02	1.40e-06	0.00e+00	0.00e+00	0.00e+00	0.00e+00	0.00e+00	0.00e+00	9.52e-01	1.23e-06	1.23e-06
 2.71177e+22	9.52e-01	4.81e-02	1.37e-06	0.00e+00	0.00e+00	0.00e+00	0.00e+00	0.00e+00	0.00e+00	9.52e-01	1.23e-06	1.23e-06
 2.74916e+22	9.52e-01	4.80e-02	1.34e-06	0.00e+00	0.00e+00	0.00e+00	0.00e+00	0.00e+00	0.00e+00	9.52e-01	1.22e-06	1.23e-06
 2.78281e+22	9.52e-01	4.80e-02	1.32e-06	0.00e+00	0.00e+00	0.00e+00	0.00e+00	0.00e+00	0.00e+00	9.52e-01	1.22e-06	1.23e-06
 2.81418e+22	9.52e-01	4.80e-02	1.30e-06	0.00e+00	0.00e+00	0.00e+00	0.00e+00	0.00e+00	0.00e+00	9.52e-01	1.22e-06	1.23e-06
 2.84504e+22	9.52e-01	4.79e-02	1.28e-06	0.00e+00	0.00e+00	0.00e+00	0.00e+00	0.00e+00	0.00e+00	9.52e-01	1.22e-06	1.23e-06
 2.87589e+22	9.52e-01	4.79e-02	1.26e-06	0.00e+00	0.00e+00	0.00e+00	0.00e+00	0.00e+00	0.00e+00	9.52e-01	1.22e-06	1.23e-06
 2.90675e+22	9.52e-01	4.78e-02	1.24e-06	0.00e+00	0.00e+00	0.00e+00	0.00e+00	0.00e+00	0.00e+00	9.52e-01	1.22e-06	1.23e-06
 2.93761e+22	9.52e-01	4.78e-02	1.22e-06	0.00e+00	0.00e+00	0.00e+00	0.00e+00	0.00e+00	0.00e+00	9.52e-01	1.22e-06	1.23e-06
 2.96846e+22	9.52e-01	4.77e-02	1.20e-06	0.00e+00	0.00e+00	0.00e+00	0.00e+00	0.00e+00	0.00e+00	9.52e-01	1.22e-06	1.23e-06
 2.99932e+22	9.52e-01	4.76e-02	1.18e-06	0.00e+00	0.00e+00	0.00e+00	0.00e+00	0.00e+00	0.00e+00	9.52e-01	1.22e-06	1.23e-06
 3.03018e+22	9.52e-01	4.76e-02	1.16e-06	0.00e+00	0.00e+00	0.00e+00	0.00e+00	0.00e+00	0.00e+00	9.52e-01	1.22e-06	1.23e-06
 3.06103e+22	9.53e-01	4.75e-02	1.14e-06	0.00e+00	0.00e+00	0.00e+00	0.00e+00	0.00e+00	0.00e+00	9.53e-01	1.21e-06	1.23e-06
 3.08107e+22	9.53e-01	4.74e-02	1.13e-06	0.00e+00	0.00e+00	0.00e+00	0.00e+00	0.00e+00	0.00e+00	9.53e-01	1.21e-06	1.23e-06
