#depth	He	He+	He+2
 5.94258e+14	7.94e-02	8.56e-01	6.50e-02
 3.56555e+15	7.92e-02	8.56e-01	6.52e-02
 1.54507e+16	7.93e-02	8.56e-01	6.51e-02
 6.29913e+16	7.97e-02	8.56e-01	6.46e-02
 1.50466e+17	8.00e-02	8.56e-01	6.42e-02
 2.64183e+17	8.09e-02	8.56e-01	6.34e-02
 4.12015e+17	8.24e-02	8.55e-01	6.22e-02
 6.04197e+17	8.47e-02	8.55e-01	6.04e-02
 8.32729e+17	8.77e-02	8.54e-01	5.82e-02
 1.06447e+18	9.11e-02	8.53e-01	5.61e-02
 1.30589e+18	9.60e-02	8.51e-01	5.35e-02
 1.58240e+18	1.03e-01	8.47e-01	5.06e-02
 1.85160e+18	1.10e-01	8.42e-01	4.81e-02
 2.09000e+18	1.18e-01	8.36e-01	4.58e-02
 2.31460e+18	1.27e-01	8.29e-01	4.40e-02
 2.52421e+18	1.37e-01	8.20e-01	4.23e-02
 2.71406e+18	1.48e-01	8.11e-01	4.10e-02
 2.87907e+18	1.58e-01	8.02e-01	4.00e-02
 3.01837e+18	1.67e-01	7.94e-01	3.93e-02
 3.13525e+18	1.76e-01	7.86e-01	3.88e-02
 3.23958e+18	1.84e-01	7.78e-01	3.82e-02
 3.34153e+18	1.93e-01	7.70e-01	3.78e-02
 3.44138e+18	2.02e-01	7.61e-01	3.74e-02
 3.53427e+18	2.10e-01	7.53e-01	3.71e-02
 3.62134e+18	2.18e-01	7.45e-01	3.68e-02
 3.70452e+18	2.27e-01	7.37e-01	3.65e-02
 3.78864e+18	2.36e-01	7.28e-01	3.62e-02
 3.87380e+18	2.45e-01	7.19e-01	3.59e-02
 3.94151e+18	2.52e-01	7.12e-01	3.56e-02
 3.98934e+18	2.58e-01	7.07e-01	3.54e-02
 4.03680e+18	2.63e-01	7.02e-01	3.52e-02
 4.09206e+18	2.70e-01	6.95e-01	3.49e-02
 4.15127e+18	2.77e-01	6.88e-01	3.47e-02
 4.21118e+18	2.85e-01	6.81e-01	3.44e-02
 4.27181e+18	2.92e-01	6.74e-01	3.40e-02
 4.33268e+18	3.00e-01	6.66e-01	3.37e-02
 4.39530e+18	3.08e-01	6.58e-01	3.34e-02
 4.46048e+18	3.17e-01	6.50e-01	3.30e-02
 4.52773e+18	3.26e-01	6.41e-01	3.26e-02
 4.59701e+18	3.36e-01	6.32e-01	3.22e-02
 4.66827e+18	3.46e-01	6.23e-01	3.17e-02
 4.74074e+18	3.56e-01	6.13e-01	3.12e-02
 4.81566e+18	3.66e-01	6.03e-01	3.07e-02
 4.89291e+18	3.77e-01	5.93e-01	3.02e-02
 4.97253e+18	3.89e-01	5.82e-01	2.96e-02
 5.05424e+18	4.00e-01	5.71e-01	2.90e-02
 5.13796e+18	4.13e-01	5.59e-01	2.84e-02
 5.22471e+18	4.25e-01	5.47e-01	2.78e-02
 5.31445e+18	4.38e-01	5.35e-01	2.71e-02
 5.40595e+18	4.51e-01	5.23e-01	2.65e-02
 5.49935e+18	4.64e-01	5.10e-01	2.58e-02
 5.59633e+18	4.77e-01	4.97e-01	2.52e-02
 5.69686e+18	4.92e-01	4.84e-01	2.44e-02
 5.79939e+18	5.05e-01	4.71e-01	2.37e-02
 5.90348e+18	5.19e-01	4.58e-01	2.30e-02
 6.01111e+18	5.34e-01	4.44e-01	2.23e-02
 6.12243e+18	5.48e-01	4.31e-01	2.15e-02
 6.23625e+18	5.62e-01	4.17e-01	2.08e-02
 6.35107e+18	5.76e-01	4.04e-01	2.01e-02
 6.46799e+18	5.90e-01	3.91e-01	1.94e-02
 6.58786e+18	6.04e-01	3.78e-01	1.86e-02
 6.71098e+18	6.17e-01	3.65e-01	1.79e-02
 6.83722e+18	6.31e-01	3.52e-01	1.72e-02
 6.96698e+18	6.44e-01	3.40e-01	1.65e-02
 7.10072e+18	6.57e-01	3.28e-01	1.58e-02
 7.23811e+18	6.69e-01	3.15e-01	1.51e-02
 7.38099e+18	6.82e-01	3.04e-01	1.45e-02
 7.53051e+18	6.94e-01	2.92e-01	1.38e-02
 7.68605e+18	7.06e-01	2.81e-01	1.31e-02
 7.84821e+18	7.18e-01	2.69e-01	1.25e-02
 8.01888e+18	7.30e-01	2.58e-01	1.18e-02
 8.19868e+18	7.41e-01	2.48e-01	1.12e-02
 8.38852e+18	7.52e-01	2.37e-01	1.05e-02
 8.59040e+18	7.63e-01	2.27e-01	9.91e-03
 8.80604e+18	7.73e-01	2.17e-01	9.30e-03
 9.03679e+18	7.84e-01	2.08e-01	8.69e-03
 9.28424e+18	7.93e-01	1.99e-01	8.10e-03
 9.55086e+18	8.03e-01	1.90e-01	7.53e-03
 9.83933e+18	8.12e-01	1.81e-01	6.97e-03
 1.01519e+19	8.21e-01	1.72e-01	6.43e-03
 1.04904e+19	8.30e-01	1.64e-01	5.91e-03
 1.08570e+19	8.38e-01	1.57e-01	5.42e-03
 1.12509e+19	8.46e-01	1.49e-01	4.95e-03
 1.16752e+19	8.53e-01	1.42e-01	4.51e-03
 1.21330e+19	8.61e-01	1.35e-01	4.09e-03
 1.26211e+19	8.68e-01	1.29e-01	3.71e-03
 1.31383e+19	8.74e-01	1.22e-01	3.36e-03
 1.36842e+19	8.80e-01	1.17e-01	3.03e-03
 1.42578e+19	8.86e-01	1.11e-01	2.74e-03
 1.48554e+19	8.92e-01	1.06e-01	2.47e-03
 1.54750e+19	8.97e-01	1.01e-01	2.23e-03
 1.61187e+19	9.02e-01	9.57e-02	2.01e-03
 1.67924e+19	9.07e-01	9.11e-02	1.82e-03
 1.74913e+19	9.12e-01	8.67e-02	1.64e-03
 1.82020e+19	9.16e-01	8.27e-02	1.48e-03
 1.89102e+19	9.20e-01	7.89e-02	1.35e-03
 1.96032e+19	9.23e-01	7.55e-02	1.23e-03
 2.02832e+19	9.26e-01	7.24e-02	1.13e-03
 2.09540e+19	9.29e-01	6.95e-02	1.03e-03
 2.16138e+19	9.32e-01	6.69e-02	9.54e-04
 2.22578e+19	9.35e-01	6.45e-02	8.83e-04
 2.28828e+19	9.37e-01	6.23e-02	8.20e-04
 2.34890e+19	9.39e-01	6.02e-02	7.65e-04
 2.40762e+19	9.41e-01	5.83e-02	7.15e-04
 2.46411e+19	9.43e-01	5.66e-02	6.71e-04
 2.51799e+19	9.44e-01	5.50e-02	6.32e-04
 2.56888e+19	9.46e-01	5.36e-02	5.96e-04
 2.61686e+19	9.47e-01	5.23e-02	5.65e-04
 2.66201e+19	9.48e-01	5.10e-02	5.37e-04
