#depth	N	N+	N+2	N+3	N+4	N+5	N+6	N+7
 4.65474e+16	6.39e-07	2.21e-03	2.87e-01	5.70e-01	1.26e-01	1.54e-02	2.06e-05	0.00e+00
 2.79285e+17	6.37e-07	2.21e-03	2.87e-01	5.70e-01	1.25e-01	1.54e-02	2.06e-05	0.00e+00
 1.21023e+18	6.35e-07	2.20e-03	2.88e-01	5.70e-01	1.25e-01	1.53e-02	2.04e-05	0.00e+00
 4.93403e+18	6.29e-07	2.19e-03	2.92e-01	5.69e-01	1.22e-01	1.48e-02	1.97e-05	0.00e+00
 1.17858e+19	6.04e-07	2.13e-03	2.96e-01	5.69e-01	1.19e-01	1.42e-02	1.88e-05	0.00e+00
 2.06931e+19	6.00e-07	2.12e-03	3.05e-01	5.66e-01	1.14e-01	1.33e-02	1.75e-05	0.00e+00
 3.22726e+19	6.15e-07	2.16e-03	3.18e-01	5.61e-01	1.07e-01	1.22e-02	1.60e-05	0.00e+00
 4.73260e+19	6.54e-07	2.27e-03	3.39e-01	5.51e-01	9.72e-02	1.09e-02	1.41e-05	0.00e+00
 6.41737e+19	7.10e-07	2.43e-03	3.65e-01	5.36e-01	8.67e-02	9.42e-03	1.21e-05	0.00e+00
 7.92306e+19	7.70e-07	2.60e-03	3.91e-01	5.20e-01	7.74e-02	8.24e-03	1.06e-05	0.00e+00
 9.18706e+19	8.42e-07	2.79e-03	4.16e-01	5.05e-01	6.91e-02	7.25e-03	9.35e-06	0.00e+00
 1.03151e+20	9.22e-07	3.01e-03	4.40e-01	4.89e-01	6.17e-02	6.37e-03	8.21e-06	0.00e+00
 1.13350e+20	1.00e-06	3.22e-03	4.62e-01	4.74e-01	5.51e-02	5.63e-03	7.27e-06	0.00e+00
 1.22684e+20	1.09e-06	3.43e-03	4.82e-01	4.61e-01	4.92e-02	4.99e-03	6.44e-06	0.00e+00
 1.31492e+20	1.18e-06	3.65e-03	5.00e-01	4.48e-01	4.38e-02	4.42e-03	5.71e-06	0.00e+00
 1.40040e+20	1.28e-06	3.88e-03	5.17e-01	4.36e-01	3.88e-02	3.91e-03	5.04e-06	0.00e+00
 1.48433e+20	1.38e-06	4.12e-03	5.33e-01	4.25e-01	3.42e-02	3.44e-03	4.43e-06	0.00e+00
 1.56692e+20	1.50e-06	4.37e-03	5.48e-01	4.14e-01	3.01e-02	3.04e-03	3.88e-06	0.00e+00
 1.66113e+20	1.65e-06	4.68e-03	5.64e-01	4.03e-01	2.56e-02	2.61e-03	3.31e-06	0.00e+00
 1.75984e+20	1.82e-06	5.00e-03	5.79e-01	3.92e-01	2.17e-02	2.26e-03	2.82e-06	0.00e+00
 1.84379e+20	1.98e-06	5.28e-03	5.90e-01	3.84e-01	1.88e-02	2.01e-03	2.46e-06	0.00e+00
 1.93229e+20	2.17e-06	5.62e-03	6.02e-01	3.75e-01	1.61e-02	1.77e-03	2.13e-06	0.00e+00
 2.03042e+20	2.40e-06	5.97e-03	6.13e-01	3.66e-01	1.38e-02	1.57e-03	1.84e-06	0.00e+00
 2.12517e+20	2.64e-06	6.32e-03	6.22e-01	3.58e-01	1.19e-02	1.42e-03	1.62e-06	0.00e+00
 2.22504e+20	2.93e-06	6.70e-03	6.32e-01	3.50e-01	1.03e-02	1.29e-03	1.42e-06	0.00e+00
 2.33833e+20	3.27e-06	7.13e-03	6.41e-01	3.42e-01	8.83e-03	1.17e-03	1.25e-06	0.00e+00
 2.46480e+20	3.69e-06	7.61e-03	6.50e-01	3.33e-01	7.59e-03	1.06e-03	1.09e-06	0.00e+00
 2.60650e+20	4.20e-06	8.16e-03	6.60e-01	3.25e-01	6.54e-03	9.63e-04	9.58e-07	0.00e+00
 2.77217e+20	4.86e-06	8.81e-03	6.69e-01	3.15e-01	5.62e-03	8.72e-04	8.31e-07	0.00e+00
 2.97762e+20	5.79e-06	9.65e-03	6.80e-01	3.05e-01	4.79e-03	7.80e-04	7.07e-07	0.00e+00
 3.24232e+20	7.24e-06	1.08e-02	6.93e-01	2.91e-01	4.05e-03	6.82e-04	5.79e-07	0.00e+00
 3.52497e+20	9.12e-06	1.22e-02	7.05e-01	2.78e-01	3.51e-03	5.96e-04	4.72e-07	0.00e+00
 3.78614e+20	1.14e-05	1.37e-02	7.16e-01	2.66e-01	3.13e-03	5.23e-04	3.87e-07	0.00e+00
 3.98829e+20	1.36e-05	1.50e-02	7.24e-01	2.57e-01	2.90e-03	4.71e-04	3.30e-07	0.00e+00
 4.11758e+20	1.54e-05	1.61e-02	7.30e-01	2.51e-01	2.77e-03	4.37e-04	2.94e-07	0.00e+00
 4.24470e+20	1.75e-05	1.72e-02	7.36e-01	2.44e-01	2.64e-03	4.04e-04	2.60e-07	0.00e+00
 4.40995e+20	2.08e-05	1.90e-02	7.44e-01	2.34e-01	2.48e-03	3.61e-04	2.20e-07	0.00e+00
 4.57265e+20	2.48e-05	2.10e-02	7.51e-01	2.25e-01	2.33e-03	3.22e-04	1.84e-07	0.00e+00
 4.69283e+20	2.85e-05	2.27e-02	7.57e-01	2.18e-01	2.23e-03	2.94e-04	1.60e-07	0.00e+00
 4.79253e+20	3.22e-05	2.43e-02	7.62e-01	2.11e-01	2.15e-03	2.71e-04	1.41e-07	0.00e+00
 4.90480e+20	3.74e-05	2.65e-02	7.68e-01	2.03e-01	2.05e-03	2.44e-04	0.00e+00	0.00e+00
 5.02591e+20	4.41e-05	2.92e-02	7.75e-01	1.94e-01	1.95e-03	2.17e-04	0.00e+00	0.00e+00
 5.13000e+20	5.13e-05	3.20e-02	7.80e-01	1.86e-01	1.86e-03	1.95e-04	0.00e+00	0.00e+00
 5.21906e+20	5.88e-05	3.47e-02	7.85e-01	1.79e-01	1.79e-03	1.77e-04	0.00e+00	0.00e+00
 5.31713e+20	6.93e-05	3.82e-02	7.90e-01	1.70e-01	1.70e-03	1.56e-04	0.00e+00	0.00e+00
 5.42025e+20	8.26e-05	4.25e-02	7.95e-01	1.61e-01	1.61e-03	1.37e-04	0.00e+00	0.00e+00
 5.50599e+20	9.66e-05	4.67e-02	7.99e-01	1.53e-01	1.53e-03	1.21e-04	0.00e+00	0.00e+00
 5.57971e+20	1.11e-04	5.09e-02	8.02e-01	1.45e-01	1.46e-03	1.08e-04	0.00e+00	0.00e+00
 5.66175e+20	1.32e-04	5.65e-02	8.05e-01	1.37e-01	1.38e-03	9.46e-05	0.00e+00	0.00e+00
 5.74900e+20	1.60e-04	6.34e-02	8.08e-01	1.27e-01	1.30e-03	8.10e-05	0.00e+00	0.00e+00
 5.82317e+20	1.89e-04	7.03e-02	8.09e-01	1.19e-01	1.22e-03	7.05e-05	0.00e+00	0.00e+00
 5.88812e+20	2.21e-04	7.73e-02	8.09e-01	1.12e-01	1.16e-03	6.17e-05	0.00e+00	0.00e+00
 5.96095e+20	2.67e-04	8.68e-02	8.09e-01	1.03e-01	1.08e-03	5.24e-05	0.00e+00	0.00e+00
 6.03786e+20	3.28e-04	9.84e-02	8.06e-01	9.42e-02	1.00e-03	4.36e-05	0.00e+00	0.00e+00
 6.10284e+20	3.94e-04	1.10e-01	8.02e-01	8.65e-02	9.30e-04	3.69e-05	0.00e+00	0.00e+00
 6.15946e+20	4.68e-04	1.22e-01	7.97e-01	7.95e-02	8.67e-04	3.14e-05	0.00e+00	0.00e+00
 6.22243e+20	5.75e-04	1.38e-01	7.89e-01	7.17e-02	7.95e-04	2.58e-05	0.00e+00	0.00e+00
 6.28787e+20	7.15e-04	1.57e-01	7.78e-01	6.38e-02	7.22e-04	2.09e-05	0.00e+00	0.00e+00
 6.34129e+20	8.63e-04	1.76e-01	7.65e-01	5.74e-02	6.62e-04	1.72e-05	0.00e+00	0.00e+00
 6.38683e+20	1.02e-03	1.94e-01	7.52e-01	5.19e-02	6.09e-04	1.44e-05	0.00e+00	0.00e+00
 6.43738e+20	1.25e-03	2.18e-01	7.34e-01	4.57e-02	5.49e-04	1.16e-05	0.00e+00	0.00e+00
 6.49063e+20	1.55e-03	2.47e-01	7.11e-01	3.96e-02	4.88e-04	9.08e-06	0.00e+00	0.00e+00
 6.53524e+20	1.87e-03	2.75e-01	6.88e-01	3.47e-02	4.37e-04	7.27e-06	0.00e+00	0.00e+00
 6.57373e+20	2.22e-03	3.02e-01	6.65e-01	3.05e-02	3.93e-04	5.89e-06	0.00e+00	0.00e+00
 6.61646e+20	2.72e-03	3.37e-01	6.34e-01	2.59e-02	3.44e-04	4.54e-06	0.00e+00	0.00e+00
 6.66161e+20	3.37e-03	3.78e-01	5.97e-01	2.15e-02	2.95e-04	3.39e-06	0.00e+00	0.00e+00
 6.69959e+20	4.06e-03	4.16e-01	5.61e-01	1.81e-02	2.55e-04	2.59e-06	0.00e+00	0.00e+00
 6.73255e+20	4.81e-03	4.53e-01	5.27e-01	1.53e-02	2.21e-04	2.00e-06	0.00e+00	0.00e+00
 6.76930e+20	5.86e-03	4.98e-01	4.84e-01	1.23e-02	1.85e-04	1.45e-06	0.00e+00	0.00e+00
 6.80840e+20	7.24e-03	5.48e-01	4.35e-01	9.60e-03	1.50e-04	1.01e-06	0.00e+00	0.00e+00
 6.84182e+20	8.70e-03	5.92e-01	3.91e-01	7.56e-03	1.22e-04	7.12e-07	0.00e+00	0.00e+00
 6.87126e+20	1.03e-02	6.33e-01	3.50e-01	5.97e-03	9.99e-05	5.10e-07	0.00e+00	0.00e+00
 6.89742e+20	1.20e-02	6.70e-01	3.14e-01	4.77e-03	8.23e-05	3.71e-07	0.00e+00	0.00e+00
 6.91973e+20	1.36e-02	7.00e-01	2.82e-01	3.86e-03	6.87e-05	2.77e-07	0.00e+00	0.00e+00
 6.94072e+20	1.55e-02	7.29e-01	2.52e-01	3.12e-03	5.70e-05	2.06e-07	0.00e+00	0.00e+00
 6.96481e+20	1.79e-02	7.61e-01	2.19e-01	2.39e-03	4.51e-05	1.43e-07	0.00e+00	0.00e+00
 6.98946e+20	2.09e-02	7.91e-01	1.87e-01	1.79e-03	3.50e-05	0.00e+00	0.00e+00	0.00e+00
 7.00898e+20	2.36e-02	8.13e-01	1.62e-01	1.40e-03	2.81e-05	0.00e+00	0.00e+00	0.00e+00
 7.02538e+20	2.62e-02	8.30e-01	1.43e-01	1.13e-03	2.32e-05	0.00e+00	0.00e+00	0.00e+00
 7.04358e+20	2.97e-02	8.47e-01	1.22e-01	8.74e-04	1.83e-05	0.00e+00	0.00e+00	0.00e+00
 7.06321e+20	3.40e-02	8.63e-01	1.02e-01	6.58e-04	1.40e-05	0.00e+00	0.00e+00	0.00e+00
 7.08035e+20	3.83e-02	8.74e-01	8.68e-02	5.10e-04	1.10e-05	0.00e+00	0.00e+00	0.00e+00
 7.09551e+20	4.26e-02	8.83e-01	7.43e-02	4.05e-04	8.76e-06	0.00e+00	0.00e+00	0.00e+00
 7.11248e+20	4.85e-02	8.90e-01	6.13e-02	3.08e-04	6.64e-06	0.00e+00	0.00e+00	0.00e+00
 7.13054e+20	5.57e-02	8.95e-01	4.96e-02	2.33e-04	4.91e-06	0.00e+00	0.00e+00	0.00e+00
 7.14613e+20	6.31e-02	8.96e-01	4.07e-02	1.83e-04	3.73e-06	0.00e+00	0.00e+00	0.00e+00
 7.16017e+20	7.07e-02	8.95e-01	3.38e-02	1.48e-04	2.89e-06	0.00e+00	0.00e+00	0.00e+00
 7.17605e+20	8.10e-02	8.92e-01	2.70e-02	1.16e-04	2.12e-06	0.00e+00	0.00e+00	0.00e+00
 7.19353e+20	9.44e-02	8.85e-01	2.09e-02	9.15e-05	1.50e-06	0.00e+00	0.00e+00	0.00e+00
 7.20955e+20	1.09e-01	8.75e-01	1.62e-02	7.45e-05	1.07e-06	0.00e+00	0.00e+00	0.00e+00
 7.22428e+20	1.25e-01	8.62e-01	1.27e-02	6.25e-05	7.81e-07	0.00e+00	0.00e+00	0.00e+00
 7.23862e+20	1.43e-01	8.47e-01	9.93e-03	5.34e-05	5.67e-07	0.00e+00	0.00e+00	0.00e+00
 7.25241e+20	1.64e-01	8.28e-01	7.75e-03	4.64e-05	4.14e-07	0.00e+00	0.00e+00	0.00e+00
 7.26475e+20	1.84e-01	8.09e-01	6.16e-03	4.13e-05	3.11e-07	0.00e+00	0.00e+00	0.00e+00
 7.27551e+20	2.05e-01	7.90e-01	5.01e-03	3.74e-05	2.41e-07	0.00e+00	0.00e+00	0.00e+00
 7.28540e+20	2.26e-01	7.70e-01	4.11e-03	3.43e-05	1.89e-07	0.00e+00	0.00e+00	0.00e+00
 7.29484e+20	2.47e-01	7.50e-01	3.39e-03	3.16e-05	1.50e-07	0.00e+00	0.00e+00	0.00e+00
 7.30380e+20	2.69e-01	7.28e-01	2.81e-03	2.93e-05	0.00e+00	0.00e+00	0.00e+00	0.00e+00
 7.31069e+20	2.86e-01	7.11e-01	2.44e-03	2.77e-05	0.00e+00	0.00e+00	0.00e+00	0.00e+00
 7.31525e+20	2.98e-01	6.99e-01	2.22e-03	2.67e-05	0.00e+00	0.00e+00	0.00e+00	0.00e+00
 7.31959e+20	3.11e-01	6.87e-01	2.01e-03	2.57e-05	0.00e+00	0.00e+00	0.00e+00	0.00e+00
 7.32457e+20	3.26e-01	6.72e-01	1.80e-03	2.46e-05	0.00e+00	0.00e+00	0.00e+00	0.00e+00
 7.32983e+20	3.42e-01	6.57e-01	1.60e-03	2.36e-05	0.00e+00	0.00e+00	0.00e+00	0.00e+00
 7.33494e+20	3.57e-01	6.41e-01	1.43e-03	2.26e-05	0.00e+00	0.00e+00	0.00e+00	0.00e+00
 7.33989e+20	3.73e-01	6.26e-01	1.28e-03	2.16e-05	0.00e+00	0.00e+00	0.00e+00	0.00e+00
 7.34484e+20	3.89e-01	6.10e-01	1.14e-03	2.07e-05	0.00e+00	0.00e+00	0.00e+00	0.00e+00
 7.34977e+20	4.05e-01	5.94e-01	1.02e-03	1.98e-05	0.00e+00	0.00e+00	0.00e+00	0.00e+00
 7.35468e+20	4.22e-01	5.77e-01	9.13e-04	1.90e-05	0.00e+00	0.00e+00	0.00e+00	0.00e+00
 7.35956e+20	4.38e-01	5.61e-01	8.18e-04	1.82e-05	0.00e+00	0.00e+00	0.00e+00	0.00e+00
 7.36441e+20	4.55e-01	5.44e-01	7.32e-04	1.74e-05	0.00e+00	0.00e+00	0.00e+00	0.00e+00
 7.36927e+20	4.71e-01	5.28e-01	6.57e-04	1.66e-05	0.00e+00	0.00e+00	0.00e+00	0.00e+00
 7.37414e+20	4.89e-01	5.11e-01	5.88e-04	1.59e-05	0.00e+00	0.00e+00	0.00e+00	0.00e+00
 7.37897e+20	5.05e-01	4.95e-01	5.29e-04	1.52e-05	0.00e+00	0.00e+00	0.00e+00	0.00e+00
 7.38376e+20	5.22e-01	4.78e-01	4.76e-04	1.45e-05	0.00e+00	0.00e+00	0.00e+00	0.00e+00
 7.38859e+20	5.38e-01	4.62e-01	4.30e-04	1.39e-05	0.00e+00	0.00e+00	0.00e+00	0.00e+00
 7.39346e+20	5.55e-01	4.45e-01	3.88e-04	1.32e-05	0.00e+00	0.00e+00	0.00e+00	0.00e+00
 7.39830e+20	5.70e-01	4.29e-01	3.52e-04	1.26e-05	0.00e+00	0.00e+00	0.00e+00	0.00e+00
 7.40312e+20	5.86e-01	4.14e-01	3.20e-04	1.21e-05	0.00e+00	0.00e+00	0.00e+00	0.00e+00
 7.40800e+20	6.01e-01	3.98e-01	2.92e-04	1.15e-05	0.00e+00	0.00e+00	0.00e+00	0.00e+00
 7.41295e+20	6.17e-01	3.83e-01	2.67e-04	1.10e-05	0.00e+00	0.00e+00	0.00e+00	0.00e+00
 7.41791e+20	6.31e-01	3.68e-01	2.46e-04	1.05e-05	0.00e+00	0.00e+00	0.00e+00	0.00e+00
 7.42283e+20	6.46e-01	3.54e-01	2.27e-04	1.00e-05	0.00e+00	0.00e+00	0.00e+00	0.00e+00
 7.42777e+20	6.59e-01	3.40e-01	2.11e-04	9.57e-06	0.00e+00	0.00e+00	0.00e+00	0.00e+00
 7.43272e+20	6.72e-01	3.27e-01	1.96e-04	9.15e-06	0.00e+00	0.00e+00	0.00e+00	0.00e+00
 7.43770e+20	6.85e-01	3.15e-01	1.84e-04	8.76e-06	0.00e+00	0.00e+00	0.00e+00	0.00e+00
 7.44267e+20	6.97e-01	3.03e-01	1.73e-04	8.39e-06	0.00e+00	0.00e+00	0.00e+00	0.00e+00
 7.44769e+20	7.08e-01	2.92e-01	1.64e-04	8.05e-06	0.00e+00	0.00e+00	0.00e+00	0.00e+00
 7.45279e+20	7.18e-01	2.81e-01	1.56e-04	7.72e-06	0.00e+00	0.00e+00	0.00e+00	0.00e+00
 7.45792e+20	7.28e-01	2.72e-01	1.49e-04	7.43e-06	0.00e+00	0.00e+00	0.00e+00	0.00e+00
 7.46312e+20	7.38e-01	2.62e-01	1.43e-04	7.15e-06	0.00e+00	0.00e+00	0.00e+00	0.00e+00
 7.46848e+20	7.46e-01	2.54e-01	1.37e-04	6.89e-06	0.00e+00	0.00e+00	0.00e+00	0.00e+00
 7.47403e+20	7.55e-01	2.45e-01	1.32e-04	6.65e-06	0.00e+00	0.00e+00	0.00e+00	0.00e+00
 7.47979e+20	7.63e-01	2.37e-01	1.28e-04	6.43e-06	0.00e+00	0.00e+00	0.00e+00	0.00e+00
 7.48576e+20	7.70e-01	2.30e-01	1.25e-04	6.22e-06	0.00e+00	0.00e+00	0.00e+00	0.00e+00
 7.49207e+20	7.77e-01	2.23e-01	1.21e-04	6.03e-06	0.00e+00	0.00e+00	0.00e+00	0.00e+00
 7.49887e+20	7.83e-01	2.17e-01	1.18e-04	5.85e-06	0.00e+00	0.00e+00	0.00e+00	0.00e+00
 7.50626e+20	7.89e-01	2.11e-01	1.16e-04	5.68e-06	0.00e+00	0.00e+00	0.00e+00	0.00e+00
 7.51441e+20	7.95e-01	2.05e-01	1.14e-04	5.53e-06	0.00e+00	0.00e+00	0.00e+00	0.00e+00
 7.52359e+20	7.99e-01	2.00e-01	1.12e-04	5.40e-06	0.00e+00	0.00e+00	0.00e+00	0.00e+00
 7.53427e+20	8.04e-01	1.96e-01	1.10e-04	5.27e-06	0.00e+00	0.00e+00	0.00e+00	0.00e+00
 7.54593e+20	8.08e-01	1.92e-01	1.09e-04	5.17e-06	0.00e+00	0.00e+00	0.00e+00	0.00e+00
 7.55764e+20	8.11e-01	1.89e-01	1.08e-04	5.10e-06	0.00e+00	0.00e+00	0.00e+00	0.00e+00
 7.56925e+20	8.13e-01	1.87e-01	1.07e-04	5.04e-06	0.00e+00	0.00e+00	0.00e+00	0.00e+00
 7.58078e+20	8.14e-01	1.86e-01	1.06e-04	5.00e-06	0.00e+00	0.00e+00	0.00e+00	0.00e+00
 7.59226e+20	8.16e-01	1.84e-01	1.06e-04	4.96e-06	0.00e+00	0.00e+00	0.00e+00	0.00e+00
 7.60371e+20	8.17e-01	1.83e-01	1.05e-04	4.93e-06	0.00e+00	0.00e+00	0.00e+00	0.00e+00
 7.61511e+20	8.17e-01	1.82e-01	1.05e-04	4.91e-06	0.00e+00	0.00e+00	0.00e+00	0.00e+00
 7.62650e+20	8.18e-01	1.82e-01	1.05e-04	4.89e-06	0.00e+00	0.00e+00	0.00e+00	0.00e+00
 7.63958e+20	8.19e-01	1.81e-01	1.05e-04	4.87e-06	0.00e+00	0.00e+00	0.00e+00	0.00e+00
 7.65659e+20	8.20e-01	1.80e-01	1.04e-04	4.85e-06	0.00e+00	0.00e+00	0.00e+00	0.00e+00
 7.67870e+20	8.20e-01	1.80e-01	1.04e-04	4.83e-06	0.00e+00	0.00e+00	0.00e+00	0.00e+00
 7.70745e+20	8.21e-01	1.79e-01	1.04e-04	4.80e-06	0.00e+00	0.00e+00	0.00e+00	0.00e+00
 7.74482e+20	8.22e-01	1.78e-01	1.03e-04	4.76e-06	0.00e+00	0.00e+00	0.00e+00	0.00e+00
 7.79339e+20	8.23e-01	1.77e-01	1.03e-04	4.72e-06	0.00e+00	0.00e+00	0.00e+00	0.00e+00
 7.85655e+20	8.25e-01	1.75e-01	1.02e-04	4.66e-06	0.00e+00	0.00e+00	0.00e+00	0.00e+00
 7.93864e+20	8.27e-01	1.73e-01	1.01e-04	4.59e-06	0.00e+00	0.00e+00	0.00e+00	0.00e+00
 8.04537e+20	8.30e-01	1.70e-01	9.96e-05	4.50e-06	0.00e+00	0.00e+00	0.00e+00	0.00e+00
 8.18411e+20	8.33e-01	1.67e-01	9.81e-05	4.39e-06	0.00e+00	0.00e+00	0.00e+00	0.00e+00
 8.36448e+20	8.37e-01	1.63e-01	9.62e-05	4.25e-06	0.00e+00	0.00e+00	0.00e+00	0.00e+00
 8.59896e+20	8.42e-01	1.58e-01	9.39e-05	4.09e-06	0.00e+00	0.00e+00	0.00e+00	0.00e+00
 8.90377e+20	8.47e-01	1.53e-01	9.11e-05	3.89e-06	0.00e+00	0.00e+00	0.00e+00	0.00e+00
 9.25951e+20	8.53e-01	1.47e-01	8.82e-05	3.69e-06	0.00e+00	0.00e+00	0.00e+00	0.00e+00
 9.62737e+20	8.59e-01	1.41e-01	8.55e-05	3.50e-06	0.00e+00	0.00e+00	0.00e+00	0.00e+00
 1.00019e+21	8.64e-01	1.36e-01	8.29e-05	3.33e-06	0.00e+00	0.00e+00	0.00e+00	0.00e+00
 1.03974e+21	8.69e-01	1.31e-01	8.03e-05	3.15e-06	0.00e+00	0.00e+00	0.00e+00	0.00e+00
 1.08258e+21	8.75e-01	1.25e-01	7.77e-05	2.98e-06	0.00e+00	0.00e+00	0.00e+00	0.00e+00
 1.12846e+21	8.80e-01	1.20e-01	7.51e-05	2.81e-06	0.00e+00	0.00e+00	0.00e+00	0.00e+00
 1.17626e+21	8.85e-01	1.15e-01	7.25e-05	2.65e-06	0.00e+00	0.00e+00	0.00e+00	0.00e+00
 1.22605e+21	8.90e-01	1.10e-01	7.00e-05	2.49e-06	0.00e+00	0.00e+00	0.00e+00	0.00e+00
 1.27891e+21	8.95e-01	1.05e-01	6.74e-05	2.34e-06	0.00e+00	0.00e+00	0.00e+00	0.00e+00
 1.33498e+21	8.99e-01	1.00e-01	6.49e-05	2.19e-06	0.00e+00	0.00e+00	0.00e+00	0.00e+00
 1.39355e+21	9.04e-01	9.56e-02	6.24e-05	2.04e-06	0.00e+00	0.00e+00	0.00e+00	0.00e+00
 1.45489e+21	9.09e-01	9.08e-02	5.99e-05	1.90e-06	0.00e+00	0.00e+00	0.00e+00	0.00e+00
 1.51989e+21	9.14e-01	8.61e-02	5.74e-05	1.77e-06	0.00e+00	0.00e+00	0.00e+00	0.00e+00
 1.58908e+21	9.18e-01	8.15e-02	5.50e-05	1.63e-06	0.00e+00	0.00e+00	0.00e+00	0.00e+00
 1.66175e+21	9.23e-01	7.69e-02	5.25e-05	1.51e-06	0.00e+00	0.00e+00	0.00e+00	0.00e+00
 1.73719e+21	9.27e-01	7.26e-02	5.01e-05	1.39e-06	0.00e+00	0.00e+00	0.00e+00	0.00e+00
 1.81633e+21	9.32e-01	6.83e-02	4.78e-05	1.28e-06	0.00e+00	0.00e+00	0.00e+00	0.00e+00
 1.89978e+21	9.36e-01	6.42e-02	4.55e-05	1.17e-06	0.00e+00	0.00e+00	0.00e+00	0.00e+00
 1.98757e+21	9.40e-01	6.02e-02	4.32e-05	1.07e-06	0.00e+00	0.00e+00	0.00e+00	0.00e+00
 2.07986e+21	9.44e-01	5.64e-02	4.09e-05	9.72e-07	0.00e+00	0.00e+00	0.00e+00	0.00e+00
 2.17669e+21	9.47e-01	5.27e-02	3.87e-05	8.82e-07	0.00e+00	0.00e+00	0.00e+00	0.00e+00
 2.27500e+21	9.51e-01	4.92e-02	3.67e-05	8.00e-07	0.00e+00	0.00e+00	0.00e+00	0.00e+00
 2.37043e+21	9.54e-01	4.62e-02	3.48e-05	7.29e-07	0.00e+00	0.00e+00	0.00e+00	0.00e+00
 2.46272e+21	9.57e-01	4.34e-02	3.31e-05	6.67e-07	0.00e+00	0.00e+00	0.00e+00	0.00e+00
 2.56557e+21	9.60e-01	4.05e-02	3.13e-05	6.03e-07	0.00e+00	0.00e+00	0.00e+00	0.00e+00
 2.67429e+21	9.62e-01	3.76e-02	2.95e-05	5.45e-07	0.00e+00	0.00e+00	0.00e+00	0.00e+00
 2.76860e+21	9.65e-01	3.54e-02	2.81e-05	5.00e-07	0.00e+00	0.00e+00	0.00e+00	0.00e+00
 2.85243e+21	9.66e-01	3.36e-02	2.70e-05	4.63e-07	0.00e+00	0.00e+00	0.00e+00	0.00e+00
 2.94681e+21	9.69e-01	3.15e-02	2.56e-05	4.23e-07	0.00e+00	0.00e+00	0.00e+00	0.00e+00
 3.05139e+21	9.71e-01	2.93e-02	2.43e-05	3.84e-07	0.00e+00	0.00e+00	0.00e+00	0.00e+00
 3.14616e+21	9.72e-01	2.76e-02	2.32e-05	3.53e-07	0.00e+00	0.00e+00	0.00e+00	0.00e+00
 3.23061e+21	9.74e-01	2.60e-02	2.23e-05	3.27e-07	0.00e+00	0.00e+00	0.00e+00	0.00e+00
 3.32025e+21	9.76e-01	2.44e-02	2.13e-05	3.01e-07	0.00e+00	0.00e+00	0.00e+00	0.00e+00
 3.41923e+21	9.77e-01	2.27e-02	2.03e-05	2.75e-07	0.00e+00	0.00e+00	0.00e+00	0.00e+00
 3.51425e+21	9.79e-01	2.12e-02	1.94e-05	2.53e-07	0.00e+00	0.00e+00	0.00e+00	0.00e+00
