#depth	He	He+	He+2
 2.00863e+16	5.03e-05	7.06e-02	9.29e-01
 1.20518e+17	5.02e-05	7.06e-02	9.29e-01
 5.22244e+17	5.02e-05	7.08e-02	9.29e-01
 2.12915e+18	5.07e-05	7.21e-02	9.28e-01
 5.08585e+18	5.03e-05	7.24e-02	9.28e-01
 8.92956e+18	5.16e-05	7.48e-02	9.25e-01
 1.39264e+19	5.49e-05	7.99e-02	9.20e-01
 2.04223e+19	6.18e-05	8.95e-02	9.10e-01
 2.76014e+19	7.18e-05	1.04e-01	8.96e-01
 3.40041e+19	8.46e-05	1.22e-01	8.78e-01
 3.91940e+19	9.92e-05	1.43e-01	8.57e-01
 4.34291e+19	1.15e-04	1.65e-01	8.35e-01
 4.71580e+19	1.33e-04	1.89e-01	8.11e-01
 5.06504e+19	1.54e-04	2.17e-01	7.83e-01
 5.39709e+19	1.78e-04	2.49e-01	7.51e-01
 5.71150e+19	2.06e-04	2.85e-01	7.15e-01
 6.00924e+19	2.37e-04	3.25e-01	6.75e-01
 6.29473e+19	2.72e-04	3.68e-01	6.31e-01
 6.57342e+19	3.11e-04	4.15e-01	5.84e-01
 6.84967e+19	3.54e-04	4.65e-01	5.34e-01
 7.16713e+19	4.08e-04	5.26e-01	4.74e-01
 7.49114e+19	4.65e-04	5.86e-01	4.14e-01
 7.75409e+19	5.14e-04	6.33e-01	3.67e-01
 8.02634e+19	5.67e-04	6.79e-01	3.20e-01
 8.32700e+19	6.22e-04	7.24e-01	2.76e-01
 8.61196e+19	6.73e-04	7.61e-01	2.38e-01
 8.92977e+19	7.30e-04	7.98e-01	2.02e-01
 9.28698e+19	7.90e-04	8.31e-01	1.68e-01
 9.67328e+19	8.52e-04	8.60e-01	1.39e-01
 1.01225e+20	9.20e-04	8.86e-01	1.13e-01
 1.06329e+20	9.92e-04	9.09e-01	9.02e-02
 1.12222e+20	1.07e-03	9.28e-01	7.11e-02
 1.19566e+20	1.17e-03	9.44e-01	5.44e-02
 1.27327e+20	1.26e-03	9.56e-01	4.27e-02
 1.34308e+20	1.35e-03	9.64e-01	3.51e-02
 1.42061e+20	1.47e-03	9.70e-01	2.87e-02
 1.48612e+20	1.56e-03	9.73e-01	2.50e-02
 1.52074e+20	1.61e-03	9.75e-01	2.33e-02
 1.55047e+20	1.67e-03	9.76e-01	2.19e-02
 1.58912e+20	1.74e-03	9.78e-01	2.02e-02
 1.63053e+20	1.83e-03	9.80e-01	1.87e-02
 1.66586e+20	1.90e-03	9.81e-01	1.75e-02
 1.69632e+20	1.98e-03	9.81e-01	1.66e-02
 1.73007e+20	2.07e-03	9.82e-01	1.56e-02
 1.76562e+20	2.17e-03	9.83e-01	1.47e-02
 1.79550e+20	2.27e-03	9.84e-01	1.41e-02
 1.82150e+20	2.37e-03	9.84e-01	1.35e-02
 1.85049e+20	2.48e-03	9.85e-01	1.29e-02
 1.88126e+20	2.62e-03	9.85e-01	1.23e-02
 1.90736e+20	2.75e-03	9.85e-01	1.19e-02
 1.93011e+20	2.88e-03	9.86e-01	1.15e-02
 1.95551e+20	3.04e-03	9.86e-01	1.10e-02
 1.98250e+20	3.22e-03	9.86e-01	1.06e-02
 2.00566e+20	3.40e-03	9.86e-01	1.03e-02
 2.02611e+20	3.58e-03	9.86e-01	1.00e-02
 2.04895e+20	3.82e-03	9.86e-01	9.69e-03
 2.07309e+20	4.09e-03	9.87e-01	9.38e-03
 2.09358e+20	4.35e-03	9.87e-01	9.13e-03
 2.11132e+20	4.61e-03	9.86e-01	8.92e-03
 2.13085e+20	4.95e-03	9.86e-01	8.67e-03
 2.15131e+20	5.34e-03	9.86e-01	8.44e-03
 2.16825e+20	5.71e-03	9.86e-01	8.26e-03
 2.18279e+20	6.08e-03	9.86e-01	8.11e-03
 2.19892e+20	6.56e-03	9.86e-01	7.92e-03
 2.21587e+20	7.12e-03	9.85e-01	7.74e-03
 2.23010e+20	7.67e-03	9.85e-01	7.60e-03
 2.24256e+20	8.23e-03	9.84e-01	7.47e-03
 2.25651e+20	8.94e-03	9.84e-01	7.34e-03
 2.27136e+20	9.82e-03	9.83e-01	7.19e-03
 2.28397e+20	1.07e-02	9.82e-01	7.07e-03
 2.29484e+20	1.16e-02	9.81e-01	6.97e-03
 2.30684e+20	1.28e-02	9.80e-01	6.85e-03
 2.31978e+20	1.42e-02	9.79e-01	6.74e-03
 2.33002e+20	1.56e-02	9.78e-01	6.65e-03
 2.33742e+20	1.67e-02	9.77e-01	6.60e-03
 2.34502e+20	1.81e-02	9.75e-01	6.53e-03
 2.35355e+20	1.98e-02	9.74e-01	6.45e-03
 2.36130e+20	2.16e-02	9.72e-01	6.39e-03
 2.36800e+20	2.33e-02	9.70e-01	6.36e-03
 2.37530e+20	2.56e-02	9.68e-01	6.31e-03
 2.38302e+20	2.83e-02	9.65e-01	6.26e-03
 2.38951e+20	3.11e-02	9.63e-01	6.21e-03
 2.39505e+20	3.36e-02	9.60e-01	6.20e-03
 2.40116e+20	3.71e-02	9.57e-01	6.18e-03
 2.40779e+20	4.13e-02	9.53e-01	6.16e-03
 2.41370e+20	4.56e-02	9.48e-01	6.16e-03
 2.41904e+20	5.01e-02	9.44e-01	6.18e-03
 2.42507e+20	5.62e-02	9.38e-01	6.20e-03
 2.43160e+20	6.39e-02	9.30e-01	6.23e-03
 2.43744e+20	7.21e-02	9.22e-01	6.28e-03
 2.44261e+20	8.05e-02	9.13e-01	6.35e-03
 2.44751e+20	9.01e-02	9.03e-01	6.41e-03
 2.45228e+20	1.00e-01	8.93e-01	6.52e-03
 2.45676e+20	1.12e-01	8.81e-01	6.60e-03
 2.46097e+20	1.24e-01	8.69e-01	6.73e-03
 2.46480e+20	1.36e-01	8.57e-01	6.85e-03
 2.46817e+20	1.48e-01	8.45e-01	6.95e-03
 2.47133e+20	1.61e-01	8.32e-01	7.07e-03
 2.47438e+20	1.75e-01	8.18e-01	7.17e-03
 2.47671e+20	1.85e-01	8.08e-01	7.27e-03
 2.47824e+20	1.93e-01	8.00e-01	7.34e-03
 2.47969e+20	2.00e-01	7.92e-01	7.40e-03
 2.48136e+20	2.10e-01	7.83e-01	7.47e-03
 2.48312e+20	2.20e-01	7.72e-01	7.54e-03
 2.48481e+20	2.30e-01	7.62e-01	7.62e-03
 2.48646e+20	2.41e-01	7.52e-01	7.70e-03
 2.48811e+20	2.52e-01	7.40e-01	7.77e-03
 2.48975e+20	2.63e-01	7.29e-01	7.85e-03
 2.49138e+20	2.75e-01	7.17e-01	7.91e-03
 2.49300e+20	2.88e-01	7.04e-01	7.99e-03
 2.49461e+20	3.01e-01	6.91e-01	8.05e-03
 2.49623e+20	3.14e-01	6.78e-01	8.13e-03
 2.49785e+20	3.28e-01	6.64e-01	8.18e-03
 2.49945e+20	3.42e-01	6.50e-01	8.25e-03
 2.50104e+20	3.57e-01	6.35e-01	8.29e-03
 2.50264e+20	3.72e-01	6.20e-01	8.35e-03
 2.50426e+20	3.88e-01	6.03e-01	8.38e-03
 2.50587e+20	4.04e-01	5.87e-01	8.42e-03
 2.50747e+20	4.21e-01	5.70e-01	8.44e-03
 2.50910e+20	4.38e-01	5.53e-01	8.47e-03
 2.51075e+20	4.57e-01	5.35e-01	8.46e-03
 2.51240e+20	4.75e-01	5.17e-01	8.47e-03
 2.51405e+20	4.93e-01	4.98e-01	8.43e-03
 2.51571e+20	5.12e-01	4.80e-01	8.40e-03
 2.51738e+20	5.31e-01	4.61e-01	8.36e-03
 2.51906e+20	5.50e-01	4.42e-01	8.30e-03
 2.52074e+20	5.69e-01	4.22e-01	8.21e-03
 2.52246e+20	5.89e-01	4.03e-01	8.11e-03
 2.52420e+20	6.08e-01	3.84e-01	7.99e-03
 2.52596e+20	6.27e-01	3.65e-01	7.86e-03
 2.52775e+20	6.46e-01	3.46e-01	7.70e-03
 2.52962e+20	6.65e-01	3.27e-01	7.53e-03
 2.53156e+20	6.84e-01	3.09e-01	7.33e-03
 2.53360e+20	7.03e-01	2.90e-01	7.12e-03
 2.53575e+20	7.21e-01	2.72e-01	6.88e-03
 2.53805e+20	7.39e-01	2.54e-01	6.63e-03
 2.54058e+20	7.57e-01	2.37e-01	6.35e-03
 2.54341e+20	7.74e-01	2.20e-01	6.07e-03
 2.54663e+20	7.91e-01	2.03e-01	5.76e-03
 2.55026e+20	8.06e-01	1.89e-01	5.47e-03
 2.55406e+20	8.18e-01	1.77e-01	5.22e-03
 2.55782e+20	8.27e-01	1.68e-01	5.02e-03
 2.56155e+20	8.33e-01	1.62e-01	4.86e-03
 2.56525e+20	8.38e-01	1.57e-01	4.74e-03
 2.56894e+20	8.43e-01	1.53e-01	4.61e-03
 2.57262e+20	8.45e-01	1.51e-01	4.56e-03
 2.57684e+20	8.48e-01	1.48e-01	4.46e-03
 2.58233e+20	8.50e-01	1.46e-01	4.40e-03
 2.58947e+20	8.52e-01	1.44e-01	4.32e-03
 2.59874e+20	8.54e-01	1.42e-01	4.24e-03
 2.61080e+20	8.56e-01	1.40e-01	4.15e-03
 2.62648e+20	8.58e-01	1.38e-01	4.03e-03
 2.64685e+20	8.60e-01	1.36e-01	3.90e-03
 2.67335e+20	8.63e-01	1.33e-01	3.73e-03
 2.70779e+20	8.67e-01	1.30e-01	3.52e-03
 2.75256e+20	8.71e-01	1.25e-01	3.28e-03
 2.81076e+20	8.77e-01	1.20e-01	3.00e-03
 2.88642e+20	8.83e-01	1.14e-01	2.69e-03
 2.97423e+20	8.90e-01	1.08e-01	2.38e-03
 3.06354e+20	8.96e-01	1.02e-01	2.13e-03
 3.15316e+20	9.02e-01	9.65e-02	1.90e-03
 3.24657e+20	9.07e-01	9.15e-02	1.70e-03
 3.34530e+20	9.12e-01	8.67e-02	1.52e-03
 3.44857e+20	9.17e-01	8.21e-02	1.36e-03
 3.55562e+20	9.21e-01	7.79e-02	1.22e-03
 3.66668e+20	9.25e-01	7.39e-02	1.10e-03
 3.78209e+20	9.29e-01	7.01e-02	9.84e-04
 3.90202e+20	9.33e-01	6.65e-02	8.84e-04
 4.02656e+20	9.36e-01	6.32e-02	7.95e-04
 4.15583e+20	9.39e-01	6.00e-02	7.14e-04
 4.29144e+20	9.42e-01	5.70e-02	6.42e-04
 4.43271e+20	9.45e-01	5.42e-02	5.78e-04
 4.57792e+20	9.48e-01	5.15e-02	5.22e-04
 4.72729e+20	9.50e-01	4.91e-02	4.71e-04
 4.88205e+20	9.53e-01	4.67e-02	4.26e-04
 5.04366e+20	9.55e-01	4.45e-02	3.86e-04
 5.21186e+20	9.57e-01	4.24e-02	3.49e-04
 5.38614e+20	9.59e-01	4.04e-02	3.16e-04
 5.56671e+20	9.61e-01	3.85e-02	2.87e-04
 5.75413e+20	9.63e-01	3.67e-02	2.60e-04
 5.94707e+20	9.65e-01	3.51e-02	2.36e-04
 6.14016e+20	9.66e-01	3.35e-02	2.15e-04
 6.32818e+20	9.68e-01	3.22e-02	1.98e-04
 6.51036e+20	9.69e-01	3.10e-02	1.83e-04
 6.68804e+20	9.70e-01	2.99e-02	1.69e-04
 6.86123e+20	9.71e-01	2.89e-02	1.58e-04
 7.02783e+20	9.72e-01	2.80e-02	1.48e-04
 7.18622e+20	9.73e-01	2.72e-02	1.40e-04
 7.33630e+20	9.73e-01	2.66e-02	1.33e-04
 7.47873e+20	9.74e-01	2.60e-02	1.27e-04
 7.61431e+20	9.74e-01	2.55e-02	1.22e-04
