#depth	He	He+	He+2
 1.20585e+15	7.22e-02	7.82e-01	1.46e-01
 7.23509e+15	7.20e-02	7.82e-01	1.46e-01
 3.13521e+16	7.20e-02	7.82e-01	1.46e-01
 1.27820e+17	7.22e-02	7.82e-01	1.46e-01
 3.05321e+17	7.21e-02	7.83e-01	1.45e-01
 5.36072e+17	7.26e-02	7.83e-01	1.44e-01
 8.36048e+17	7.34e-02	7.84e-01	1.43e-01
 1.22602e+18	7.44e-02	7.84e-01	1.41e-01
 1.70529e+18	7.57e-02	7.85e-01	1.40e-01
 2.24907e+18	7.76e-02	7.85e-01	1.38e-01
 2.88461e+18	8.04e-02	7.84e-01	1.35e-01
 3.64474e+18	8.43e-02	7.83e-01	1.32e-01
 4.43957e+18	8.90e-02	7.81e-01	1.30e-01
 5.13243e+18	9.38e-02	7.78e-01	1.28e-01
 5.70438e+18	9.88e-02	7.75e-01	1.26e-01
 6.30828e+18	1.05e-01	7.71e-01	1.24e-01
 6.98428e+18	1.13e-01	7.66e-01	1.21e-01
 7.60822e+18	1.21e-01	7.60e-01	1.19e-01
 8.13613e+18	1.28e-01	7.54e-01	1.17e-01
 8.59849e+18	1.36e-01	7.49e-01	1.16e-01
 9.04699e+18	1.43e-01	7.43e-01	1.14e-01
 9.50179e+18	1.52e-01	7.36e-01	1.12e-01
 9.95657e+18	1.61e-01	7.29e-01	1.10e-01
 1.04032e+19	1.70e-01	7.22e-01	1.08e-01
 1.08473e+19	1.80e-01	7.14e-01	1.06e-01
 1.12914e+19	1.91e-01	7.06e-01	1.04e-01
 1.17313e+19	2.01e-01	6.97e-01	1.01e-01
 1.20914e+19	2.09e-01	6.91e-01	9.99e-02
 1.23541e+19	2.16e-01	6.85e-01	9.85e-02
 1.26146e+19	2.23e-01	6.80e-01	9.70e-02
 1.29100e+19	2.31e-01	6.74e-01	9.56e-02
 1.32396e+19	2.40e-01	6.66e-01	9.36e-02
 1.35776e+19	2.49e-01	6.59e-01	9.20e-02
 1.39147e+19	2.58e-01	6.52e-01	9.00e-02
 1.42598e+19	2.68e-01	6.44e-01	8.82e-02
 1.46187e+19	2.78e-01	6.35e-01	8.62e-02
 1.49932e+19	2.89e-01	6.27e-01	8.43e-02
 1.53827e+19	3.00e-01	6.18e-01	8.22e-02
 1.57869e+19	3.12e-01	6.08e-01	8.00e-02
 1.61969e+19	3.24e-01	5.98e-01	7.78e-02
 1.66196e+19	3.37e-01	5.88e-01	7.56e-02
 1.70632e+19	3.50e-01	5.77e-01	7.34e-02
 1.75259e+19	3.63e-01	5.66e-01	7.11e-02
 1.80074e+19	3.77e-01	5.54e-01	6.86e-02
 1.85036e+19	3.91e-01	5.42e-01	6.63e-02
 1.90219e+19	4.06e-01	5.30e-01	6.38e-02
 1.95641e+19	4.21e-01	5.17e-01	6.15e-02
 2.01327e+19	4.37e-01	5.04e-01	5.89e-02
 2.07282e+19	4.52e-01	4.91e-01	5.65e-02
 2.13565e+19	4.69e-01	4.77e-01	5.40e-02
 2.20264e+19	4.86e-01	4.63e-01	5.14e-02
 2.27291e+19	5.02e-01	4.49e-01	4.88e-02
 2.34699e+19	5.19e-01	4.35e-01	4.63e-02
 2.42528e+19	5.36e-01	4.21e-01	4.37e-02
 2.50819e+19	5.52e-01	4.06e-01	4.12e-02
 2.59623e+19	5.69e-01	3.92e-01	3.88e-02
 2.69009e+19	5.85e-01	3.78e-01	3.64e-02
 2.79139e+19	6.01e-01	3.65e-01	3.40e-02
 2.90035e+19	6.17e-01	3.51e-01	3.17e-02
 3.01748e+19	6.32e-01	3.38e-01	2.94e-02
 3.14481e+19	6.47e-01	3.25e-01	2.72e-02
 3.28305e+19	6.62e-01	3.13e-01	2.51e-02
 3.43418e+19	6.77e-01	3.00e-01	2.31e-02
 3.59879e+19	6.91e-01	2.88e-01	2.11e-02
 3.77568e+19	7.04e-01	2.76e-01	1.93e-02
 3.96599e+19	7.17e-01	2.65e-01	1.76e-02
 4.17000e+19	7.30e-01	2.54e-01	1.60e-02
 4.38783e+19	7.42e-01	2.43e-01	1.46e-02
 4.62005e+19	7.54e-01	2.33e-01	1.32e-02
 4.86592e+19	7.65e-01	2.23e-01	1.20e-02
 5.12510e+19	7.76e-01	2.13e-01	1.09e-02
 5.39770e+19	7.87e-01	2.04e-01	9.83e-03
 5.68353e+19	7.96e-01	1.95e-01	8.91e-03
 5.98262e+19	8.06e-01	1.86e-01	8.07e-03
 6.29404e+19	8.15e-01	1.78e-01	7.31e-03
 6.61873e+19	8.23e-01	1.70e-01	6.63e-03
 6.95866e+19	8.32e-01	1.62e-01	6.01e-03
 7.31594e+19	8.39e-01	1.55e-01	5.44e-03
 7.68872e+19	8.47e-01	1.48e-01	4.93e-03
 8.07374e+19	8.54e-01	1.42e-01	4.47e-03
 8.47351e+19	8.61e-01	1.35e-01	4.06e-03
 8.88880e+19	8.67e-01	1.29e-01	3.69e-03
 9.32082e+19	8.73e-01	1.24e-01	3.35e-03
 9.77017e+19	8.79e-01	1.18e-01	3.04e-03
 1.02321e+20	8.84e-01	1.13e-01	2.76e-03
 1.06969e+20	8.89e-01	1.08e-01	2.52e-03
 1.11560e+20	8.94e-01	1.04e-01	2.31e-03
 1.16080e+20	8.98e-01	9.96e-02	2.12e-03
 1.20541e+20	9.02e-01	9.59e-02	1.96e-03
 1.24934e+20	9.06e-01	9.24e-02	1.81e-03
 1.29228e+20	9.09e-01	8.92e-02	1.68e-03
 1.33392e+20	9.12e-01	8.63e-02	1.57e-03
 1.37408e+20	9.15e-01	8.36e-02	1.46e-03
 1.41268e+20	9.18e-01	8.11e-02	1.37e-03
 1.44961e+20	9.20e-01	7.88e-02	1.29e-03
