#depth	N	N+	N+2	N+3	N+4	N+5	N+6	N+7
 5.93345e+16	7.37e-07	2.34e-03	2.58e-01	6.01e-01	1.20e-01	1.91e-02	3.22e-05	0.00e+00
 3.56007e+17	7.33e-07	2.33e-03	2.58e-01	6.01e-01	1.20e-01	1.91e-02	3.22e-05	0.00e+00
 1.54270e+18	7.26e-07	2.31e-03	2.58e-01	6.01e-01	1.19e-01	1.90e-02	3.21e-05	0.00e+00
 6.28946e+18	7.08e-07	2.27e-03	2.61e-01	6.00e-01	1.17e-01	1.87e-02	3.15e-05	0.00e+00
 1.50235e+19	6.49e-07	2.13e-03	2.62e-01	6.02e-01	1.15e-01	1.83e-02	3.09e-05	0.00e+00
 2.63777e+19	6.16e-07	2.06e-03	2.66e-01	6.02e-01	1.12e-01	1.76e-02	2.98e-05	0.00e+00
 4.11383e+19	6.00e-07	2.03e-03	2.75e-01	6.00e-01	1.07e-01	1.67e-02	2.84e-05	0.00e+00
 6.03269e+19	6.05e-07	2.06e-03	2.89e-01	5.94e-01	9.94e-02	1.54e-02	2.63e-05	0.00e+00
 8.52722e+19	6.45e-07	2.18e-03	3.13e-01	5.82e-01	8.92e-02	1.37e-02	2.34e-05	0.00e+00
 1.12360e+20	7.08e-07	2.36e-03	3.42e-01	5.66e-01	7.78e-02	1.19e-02	2.06e-05	0.00e+00
 1.35741e+20	7.96e-07	2.60e-03	3.72e-01	5.48e-01	6.73e-02	1.02e-02	1.80e-05	0.00e+00
 1.54482e+20	9.00e-07	2.87e-03	3.98e-01	5.32e-01	5.85e-02	8.92e-03	1.59e-05	0.00e+00
 1.69728e+20	1.01e-06	3.13e-03	4.20e-01	5.18e-01	5.12e-02	7.87e-03	1.41e-05	0.00e+00
 1.83019e+20	1.10e-06	3.37e-03	4.38e-01	5.06e-01	4.52e-02	6.99e-03	1.26e-05	0.00e+00
 1.95683e+20	1.21e-06	3.62e-03	4.55e-01	4.95e-01	3.97e-02	6.21e-03	1.13e-05	0.00e+00
 2.08009e+20	1.30e-06	3.85e-03	4.70e-01	4.86e-01	3.47e-02	5.50e-03	1.01e-05	0.00e+00
 2.19719e+20	1.37e-06	4.03e-03	4.83e-01	4.78e-01	3.03e-02	4.91e-03	9.02e-06	0.00e+00
 2.30787e+20	1.41e-06	4.18e-03	4.93e-01	4.72e-01	2.66e-02	4.42e-03	8.11e-06	0.00e+00
 2.41574e+20	1.44e-06	4.29e-03	5.02e-01	4.66e-01	2.34e-02	3.99e-03	7.30e-06	0.00e+00
 2.52167e+20	1.45e-06	4.37e-03	5.10e-01	4.61e-01	2.07e-02	3.64e-03	6.61e-06	0.00e+00
 2.62500e+20	1.45e-06	4.43e-03	5.17e-01	4.57e-01	1.83e-02	3.35e-03	6.02e-06	0.00e+00
 2.74260e+20	1.45e-06	4.49e-03	5.25e-01	4.52e-01	1.60e-02	3.06e-03	5.43e-06	0.00e+00
 2.86775e+20	1.43e-06	4.53e-03	5.32e-01	4.47e-01	1.41e-02	2.83e-03	4.93e-06	0.00e+00
 2.98218e+20	1.43e-06	4.56e-03	5.37e-01	4.43e-01	1.26e-02	2.65e-03	4.55e-06	0.00e+00
 3.11045e+20	1.43e-06	4.61e-03	5.44e-01	4.38e-01	1.12e-02	2.47e-03	4.16e-06	0.00e+00
 3.27720e+20	1.44e-06	4.69e-03	5.51e-01	4.32e-01	9.73e-03	2.29e-03	3.76e-06	0.00e+00
 3.46233e+20	1.47e-06	4.78e-03	5.58e-01	4.26e-01	8.53e-03	2.14e-03	3.43e-06	0.00e+00
 3.65582e+20	1.51e-06	4.89e-03	5.65e-01	4.20e-01	7.56e-03	2.01e-03	3.14e-06	0.00e+00
 3.88287e+20	1.58e-06	5.04e-03	5.72e-01	4.14e-01	6.69e-03	1.89e-03	2.87e-06	0.00e+00
 4.15817e+20	1.68e-06	5.24e-03	5.80e-01	4.07e-01	5.91e-03	1.77e-03	2.60e-06	0.00e+00
 4.49463e+20	1.83e-06	5.50e-03	5.89e-01	3.99e-01	5.19e-03	1.65e-03	2.34e-06	0.00e+00
 4.91426e+20	2.06e-06	5.86e-03	5.99e-01	3.89e-01	4.56e-03	1.52e-03	2.07e-06	0.00e+00
 5.40568e+20	2.39e-06	6.32e-03	6.09e-01	3.79e-01	4.04e-03	1.40e-03	1.82e-06	0.00e+00
 5.94625e+20	2.84e-06	6.90e-03	6.20e-01	3.68e-01	3.63e-03	1.27e-03	1.57e-06	0.00e+00
 6.54087e+20	3.51e-06	7.67e-03	6.33e-01	3.55e-01	3.28e-03	1.14e-03	1.33e-06	0.00e+00
 7.16135e+20	4.47e-06	8.67e-03	6.46e-01	3.41e-01	2.99e-03	1.00e-03	1.09e-06	0.00e+00
 7.73491e+20	5.78e-06	9.87e-03	6.61e-01	3.26e-01	2.75e-03	8.69e-04	8.79e-07	0.00e+00
 8.21228e+20	7.37e-06	1.12e-02	6.74e-01	3.12e-01	2.57e-03	7.57e-04	7.10e-07	0.00e+00
 8.60815e+20	9.26e-06	1.26e-02	6.86e-01	2.98e-01	2.42e-03	6.60e-04	5.74e-07	0.00e+00
 8.96169e+20	1.17e-05	1.43e-02	6.99e-01	2.84e-01	2.29e-03	5.73e-04	4.60e-07	0.00e+00
 9.29339e+20	1.49e-05	1.63e-02	7.12e-01	2.69e-01	2.15e-03	4.90e-04	3.61e-07	0.00e+00
 9.60163e+20	1.92e-05	1.88e-02	7.25e-01	2.54e-01	2.02e-03	4.13e-04	2.77e-07	0.00e+00
 9.87932e+20	2.49e-05	2.18e-02	7.38e-01	2.38e-01	1.90e-03	3.46e-04	2.10e-07	0.00e+00
 1.01268e+21	3.24e-05	2.53e-02	7.51e-01	2.22e-01	1.78e-03	2.87e-04	1.58e-07	0.00e+00
 1.03263e+21	4.09e-05	2.90e-02	7.61e-01	2.08e-01	1.67e-03	2.42e-04	1.21e-07	0.00e+00
 1.04743e+21	4.95e-05	3.24e-02	7.69e-01	1.96e-01	1.59e-03	2.10e-04	0.00e+00	0.00e+00
 1.06042e+21	5.94e-05	3.61e-02	7.76e-01	1.86e-01	1.51e-03	1.83e-04	0.00e+00	0.00e+00
 1.07526e+21	7.46e-05	4.14e-02	7.84e-01	1.73e-01	1.42e-03	1.54e-04	0.00e+00	0.00e+00
 1.09031e+21	9.53e-05	4.79e-02	7.92e-01	1.59e-01	1.32e-03	1.27e-04	0.00e+00	0.00e+00
 1.10182e+21	1.17e-04	5.42e-02	7.97e-01	1.48e-01	1.24e-03	1.07e-04	0.00e+00	0.00e+00
 1.11094e+21	1.40e-04	6.02e-02	8.00e-01	1.38e-01	1.18e-03	9.28e-05	0.00e+00	0.00e+00
 1.12076e+21	1.72e-04	6.83e-02	8.03e-01	1.28e-01	1.10e-03	7.79e-05	0.00e+00	0.00e+00
 1.13086e+21	2.14e-04	7.80e-02	8.04e-01	1.17e-01	1.02e-03	6.45e-05	0.00e+00	0.00e+00
 1.13888e+21	2.59e-04	8.74e-02	8.03e-01	1.08e-01	9.55e-04	5.47e-05	0.00e+00	0.00e+00
 1.14557e+21	3.06e-04	9.67e-02	8.02e-01	1.00e-01	8.98e-04	4.70e-05	0.00e+00	0.00e+00
 1.15295e+21	3.74e-04	1.09e-01	7.98e-01	9.16e-02	8.32e-04	3.91e-05	0.00e+00	0.00e+00
 1.16069e+21	4.65e-04	1.24e-01	7.92e-01	8.25e-02	7.63e-04	3.19e-05	0.00e+00	0.00e+00
 1.16711e+21	5.62e-04	1.39e-01	7.84e-01	7.50e-02	7.05e-04	2.65e-05	0.00e+00	0.00e+00
 1.17257e+21	6.67e-04	1.54e-01	7.76e-01	6.85e-02	6.54e-04	2.23e-05	0.00e+00	0.00e+00
 1.17858e+21	8.18e-04	1.74e-01	7.63e-01	6.12e-02	5.95e-04	1.81e-05	0.00e+00	0.00e+00
 1.18487e+21	1.02e-03	1.98e-01	7.47e-01	5.39e-02	5.35e-04	1.44e-05	0.00e+00	0.00e+00
 1.19008e+21	1.23e-03	2.21e-01	7.30e-01	4.79e-02	4.85e-04	1.17e-05	0.00e+00	0.00e+00
 1.19451e+21	1.46e-03	2.44e-01	7.12e-01	4.28e-02	4.42e-04	9.63e-06	0.00e+00	0.00e+00
 1.19942e+21	1.78e-03	2.73e-01	6.88e-01	3.72e-02	3.94e-04	7.59e-06	0.00e+00	0.00e+00
 1.20459e+21	2.21e-03	3.07e-01	6.58e-01	3.18e-02	3.45e-04	5.82e-06	0.00e+00	0.00e+00
 1.20894e+21	2.65e-03	3.40e-01	6.29e-01	2.74e-02	3.05e-04	4.57e-06	0.00e+00	0.00e+00
 1.21273e+21	3.14e-03	3.72e-01	6.01e-01	2.37e-02	2.70e-04	3.63e-06	0.00e+00	0.00e+00
 1.21696e+21	3.84e-03	4.13e-01	5.63e-01	1.97e-02	2.31e-04	2.72e-06	0.00e+00	0.00e+00
 1.22145e+21	4.73e-03	4.59e-01	5.20e-01	1.60e-02	1.94e-04	1.97e-06	0.00e+00	0.00e+00
 1.22524e+21	5.69e-03	5.01e-01	4.80e-01	1.31e-02	1.64e-04	1.46e-06	0.00e+00	0.00e+00
 1.22857e+21	6.73e-03	5.41e-01	4.42e-01	1.08e-02	1.39e-04	1.09e-06	0.00e+00	0.00e+00
 1.23230e+21	8.18e-03	5.88e-01	3.95e-01	8.40e-03	1.12e-04	7.60e-07	0.00e+00	0.00e+00
 1.23628e+21	1.00e-02	6.38e-01	3.46e-01	6.33e-03	8.83e-05	5.07e-07	0.00e+00	0.00e+00
 1.23938e+21	1.18e-02	6.76e-01	3.07e-01	4.97e-03	7.18e-05	3.61e-07	0.00e+00	0.00e+00
 1.24158e+21	1.32e-02	7.04e-01	2.79e-01	4.11e-03	6.10e-05	2.77e-07	0.00e+00	0.00e+00
 1.24384e+21	1.50e-02	7.33e-01	2.49e-01	3.31e-03	5.07e-05	2.06e-07	0.00e+00	0.00e+00
 1.24637e+21	1.73e-02	7.62e-01	2.18e-01	2.57e-03	4.08e-05	1.46e-07	0.00e+00	0.00e+00
 1.24870e+21	1.97e-02	7.88e-01	1.90e-01	2.01e-03	3.28e-05	0.00e+00	0.00e+00	0.00e+00
 1.25072e+21	2.21e-02	8.09e-01	1.67e-01	1.60e-03	2.70e-05	0.00e+00	0.00e+00	0.00e+00
 1.25291e+21	2.52e-02	8.30e-01	1.43e-01	1.22e-03	2.12e-05	0.00e+00	0.00e+00	0.00e+00
 1.25522e+21	2.90e-02	8.50e-01	1.20e-01	9.16e-04	1.64e-05	0.00e+00	0.00e+00	0.00e+00
 1.25716e+21	3.26e-02	8.64e-01	1.03e-01	7.11e-04	1.30e-05	0.00e+00	0.00e+00	0.00e+00
 1.25889e+21	3.65e-02	8.74e-01	8.85e-02	5.58e-04	1.04e-05	0.00e+00	0.00e+00	0.00e+00
 1.26086e+21	4.15e-02	8.85e-01	7.35e-02	4.20e-04	7.97e-06	0.00e+00	0.00e+00	0.00e+00
 1.26297e+21	4.78e-02	8.92e-01	5.96e-02	3.10e-04	5.91e-06	0.00e+00	0.00e+00	0.00e+00
 1.26479e+21	5.44e-02	8.96e-01	4.90e-02	2.37e-04	4.49e-06	0.00e+00	0.00e+00	0.00e+00
 1.26639e+21	6.11e-02	8.98e-01	4.09e-02	1.87e-04	3.50e-06	0.00e+00	0.00e+00	0.00e+00
 1.26817e+21	7.01e-02	8.97e-01	3.28e-02	1.44e-04	2.58e-06	0.00e+00	0.00e+00	0.00e+00
 1.27012e+21	8.16e-02	8.93e-01	2.56e-02	1.10e-04	1.84e-06	0.00e+00	0.00e+00	0.00e+00
 1.27190e+21	9.44e-02	8.85e-01	2.01e-02	8.67e-05	1.33e-06	0.00e+00	0.00e+00	0.00e+00
 1.27349e+21	1.08e-01	8.76e-01	1.60e-02	7.14e-05	9.87e-07	0.00e+00	0.00e+00	0.00e+00
 1.27506e+21	1.24e-01	8.64e-01	1.26e-02	5.95e-05	7.21e-07	0.00e+00	0.00e+00	0.00e+00
 1.27663e+21	1.42e-01	8.48e-01	9.79e-03	5.05e-05	5.25e-07	0.00e+00	0.00e+00	0.00e+00
 1.27806e+21	1.61e-01	8.31e-01	7.70e-03	4.38e-05	3.88e-07	0.00e+00	0.00e+00	0.00e+00
 1.27937e+21	1.82e-01	8.12e-01	6.13e-03	3.89e-05	2.92e-07	0.00e+00	0.00e+00	0.00e+00
 1.28056e+21	2.03e-01	7.92e-01	4.95e-03	3.51e-05	2.24e-07	0.00e+00	0.00e+00	0.00e+00
 1.28164e+21	2.24e-01	7.72e-01	4.04e-03	3.20e-05	1.75e-07	0.00e+00	0.00e+00	0.00e+00
 1.28264e+21	2.46e-01	7.51e-01	3.33e-03	2.95e-05	1.39e-07	0.00e+00	0.00e+00	0.00e+00
 1.28358e+21	2.67e-01	7.30e-01	2.76e-03	2.74e-05	0.00e+00	0.00e+00	0.00e+00	0.00e+00
 1.28431e+21	2.85e-01	7.13e-01	2.40e-03	2.59e-05	0.00e+00	0.00e+00	0.00e+00	0.00e+00
 1.28480e+21	2.97e-01	7.01e-01	2.17e-03	2.49e-05	0.00e+00	0.00e+00	0.00e+00	0.00e+00
 1.28526e+21	3.10e-01	6.88e-01	1.97e-03	2.40e-05	0.00e+00	0.00e+00	0.00e+00	0.00e+00
 1.28578e+21	3.25e-01	6.74e-01	1.76e-03	2.29e-05	0.00e+00	0.00e+00	0.00e+00	0.00e+00
 1.28633e+21	3.40e-01	6.58e-01	1.57e-03	2.19e-05	0.00e+00	0.00e+00	0.00e+00	0.00e+00
 1.28687e+21	3.57e-01	6.42e-01	1.39e-03	2.10e-05	0.00e+00	0.00e+00	0.00e+00	0.00e+00
 1.28739e+21	3.72e-01	6.27e-01	1.25e-03	2.01e-05	0.00e+00	0.00e+00	0.00e+00	0.00e+00
 1.28790e+21	3.88e-01	6.10e-01	1.11e-03	1.92e-05	0.00e+00	0.00e+00	0.00e+00	0.00e+00
 1.28841e+21	4.04e-01	5.95e-01	9.93e-04	1.84e-05	0.00e+00	0.00e+00	0.00e+00	0.00e+00
 1.28892e+21	4.21e-01	5.78e-01	8.86e-04	1.76e-05	0.00e+00	0.00e+00	0.00e+00	0.00e+00
 1.28942e+21	4.38e-01	5.61e-01	7.92e-04	1.69e-05	0.00e+00	0.00e+00	0.00e+00	0.00e+00
 1.28992e+21	4.55e-01	5.44e-01	7.07e-04	1.61e-05	0.00e+00	0.00e+00	0.00e+00	0.00e+00
 1.29041e+21	4.71e-01	5.28e-01	6.35e-04	1.54e-05	0.00e+00	0.00e+00	0.00e+00	0.00e+00
 1.29090e+21	4.88e-01	5.11e-01	5.69e-04	1.48e-05	0.00e+00	0.00e+00	0.00e+00	0.00e+00
 1.29139e+21	5.05e-01	4.95e-01	5.11e-04	1.41e-05	0.00e+00	0.00e+00	0.00e+00	0.00e+00
 1.29188e+21	5.22e-01	4.78e-01	4.59e-04	1.35e-05	0.00e+00	0.00e+00	0.00e+00	0.00e+00
 1.29236e+21	5.38e-01	4.61e-01	4.14e-04	1.29e-05	0.00e+00	0.00e+00	0.00e+00	0.00e+00
 1.29284e+21	5.54e-01	4.45e-01	3.74e-04	1.23e-05	0.00e+00	0.00e+00	0.00e+00	0.00e+00
 1.29331e+21	5.70e-01	4.29e-01	3.39e-04	1.17e-05	0.00e+00	0.00e+00	0.00e+00	0.00e+00
 1.29378e+21	5.86e-01	4.14e-01	3.09e-04	1.12e-05	0.00e+00	0.00e+00	0.00e+00	0.00e+00
 1.29426e+21	6.02e-01	3.98e-01	2.81e-04	1.07e-05	0.00e+00	0.00e+00	0.00e+00	0.00e+00
 1.29473e+21	6.16e-01	3.83e-01	2.58e-04	1.02e-05	0.00e+00	0.00e+00	0.00e+00	0.00e+00
 1.29519e+21	6.31e-01	3.69e-01	2.37e-04	9.73e-06	0.00e+00	0.00e+00	0.00e+00	0.00e+00
 1.29566e+21	6.45e-01	3.54e-01	2.18e-04	9.28e-06	0.00e+00	0.00e+00	0.00e+00	0.00e+00
 1.29613e+21	6.59e-01	3.41e-01	2.02e-04	8.86e-06	0.00e+00	0.00e+00	0.00e+00	0.00e+00
 1.29659e+21	6.72e-01	3.28e-01	1.88e-04	8.46e-06	0.00e+00	0.00e+00	0.00e+00	0.00e+00
 1.29705e+21	6.85e-01	3.15e-01	1.76e-04	8.09e-06	0.00e+00	0.00e+00	0.00e+00	0.00e+00
 1.29750e+21	6.97e-01	3.03e-01	1.66e-04	7.74e-06	0.00e+00	0.00e+00	0.00e+00	0.00e+00
 1.29795e+21	7.08e-01	2.92e-01	1.57e-04	7.42e-06	0.00e+00	0.00e+00	0.00e+00	0.00e+00
 1.29839e+21	7.19e-01	2.81e-01	1.49e-04	7.11e-06	0.00e+00	0.00e+00	0.00e+00	0.00e+00
 1.29883e+21	7.29e-01	2.71e-01	1.42e-04	6.83e-06	0.00e+00	0.00e+00	0.00e+00	0.00e+00
 1.29927e+21	7.39e-01	2.61e-01	1.36e-04	6.56e-06	0.00e+00	0.00e+00	0.00e+00	0.00e+00
 1.29971e+21	7.48e-01	2.52e-01	1.31e-04	6.31e-06	0.00e+00	0.00e+00	0.00e+00	0.00e+00
 1.30015e+21	7.56e-01	2.44e-01	1.26e-04	6.07e-06	0.00e+00	0.00e+00	0.00e+00	0.00e+00
 1.30059e+21	7.64e-01	2.35e-01	1.22e-04	5.85e-06	0.00e+00	0.00e+00	0.00e+00	0.00e+00
 1.30103e+21	7.72e-01	2.28e-01	1.18e-04	5.65e-06	0.00e+00	0.00e+00	0.00e+00	0.00e+00
 1.30148e+21	7.79e-01	2.21e-01	1.15e-04	5.45e-06	0.00e+00	0.00e+00	0.00e+00	0.00e+00
 1.30194e+21	7.86e-01	2.14e-01	1.12e-04	5.27e-06	0.00e+00	0.00e+00	0.00e+00	0.00e+00
 1.30241e+21	7.93e-01	2.07e-01	1.09e-04	5.11e-06	0.00e+00	0.00e+00	0.00e+00	0.00e+00
 1.30289e+21	7.99e-01	2.01e-01	1.07e-04	4.95e-06	0.00e+00	0.00e+00	0.00e+00	0.00e+00
 1.30338e+21	8.04e-01	1.96e-01	1.05e-04	4.80e-06	0.00e+00	0.00e+00	0.00e+00	0.00e+00
 1.30390e+21	8.10e-01	1.90e-01	1.03e-04	4.67e-06	0.00e+00	0.00e+00	0.00e+00	0.00e+00
 1.30444e+21	8.15e-01	1.85e-01	1.02e-04	4.54e-06	0.00e+00	0.00e+00	0.00e+00	0.00e+00
 1.30500e+21	8.19e-01	1.81e-01	1.00e-04	4.42e-06	0.00e+00	0.00e+00	0.00e+00	0.00e+00
 1.30561e+21	8.24e-01	1.76e-01	9.89e-05	4.31e-06	0.00e+00	0.00e+00	0.00e+00	0.00e+00
 1.30627e+21	8.28e-01	1.72e-01	9.77e-05	4.21e-06	0.00e+00	0.00e+00	0.00e+00	0.00e+00
 1.30698e+21	8.31e-01	1.68e-01	9.66e-05	4.11e-06	0.00e+00	0.00e+00	0.00e+00	0.00e+00
 1.30779e+21	8.35e-01	1.65e-01	9.57e-05	4.03e-06	0.00e+00	0.00e+00	0.00e+00	0.00e+00
 1.30871e+21	8.38e-01	1.62e-01	9.48e-05	3.95e-06	0.00e+00	0.00e+00	0.00e+00	0.00e+00
 1.30978e+21	8.41e-01	1.59e-01	9.41e-05	3.88e-06	0.00e+00	0.00e+00	0.00e+00	0.00e+00
 1.31090e+21	8.43e-01	1.57e-01	9.35e-05	3.83e-06	0.00e+00	0.00e+00	0.00e+00	0.00e+00
 1.31202e+21	8.45e-01	1.55e-01	9.31e-05	3.78e-06	0.00e+00	0.00e+00	0.00e+00	0.00e+00
 1.31313e+21	8.46e-01	1.54e-01	9.28e-05	3.76e-06	0.00e+00	0.00e+00	0.00e+00	0.00e+00
 1.31424e+21	8.47e-01	1.53e-01	9.26e-05	3.73e-06	0.00e+00	0.00e+00	0.00e+00	0.00e+00
 1.31534e+21	8.47e-01	1.52e-01	9.24e-05	3.72e-06	0.00e+00	0.00e+00	0.00e+00	0.00e+00
 1.31644e+21	8.48e-01	1.52e-01	9.22e-05	3.70e-06	0.00e+00	0.00e+00	0.00e+00	0.00e+00
 1.31754e+21	8.49e-01	1.51e-01	9.21e-05	3.69e-06	0.00e+00	0.00e+00	0.00e+00	0.00e+00
 1.31864e+21	8.49e-01	1.51e-01	9.20e-05	3.68e-06	0.00e+00	0.00e+00	0.00e+00	0.00e+00
 1.31991e+21	8.49e-01	1.51e-01	9.19e-05	3.67e-06	0.00e+00	0.00e+00	0.00e+00	0.00e+00
 1.32155e+21	8.49e-01	1.51e-01	9.17e-05	3.66e-06	0.00e+00	0.00e+00	0.00e+00	0.00e+00
 1.32368e+21	8.50e-01	1.50e-01	9.16e-05	3.65e-06	0.00e+00	0.00e+00	0.00e+00	0.00e+00
 1.32646e+21	8.50e-01	1.50e-01	9.14e-05	3.64e-06	0.00e+00	0.00e+00	0.00e+00	0.00e+00
 1.33006e+21	8.51e-01	1.49e-01	9.12e-05	3.62e-06	0.00e+00	0.00e+00	0.00e+00	0.00e+00
 1.33475e+21	8.51e-01	1.49e-01	9.09e-05	3.60e-06	0.00e+00	0.00e+00	0.00e+00	0.00e+00
 1.34085e+21	8.52e-01	1.48e-01	9.05e-05	3.57e-06	0.00e+00	0.00e+00	0.00e+00	0.00e+00
 1.34878e+21	8.53e-01	1.47e-01	9.01e-05	3.55e-06	0.00e+00	0.00e+00	0.00e+00	0.00e+00
 1.35908e+21	8.54e-01	1.46e-01	8.95e-05	3.51e-06	0.00e+00	0.00e+00	0.00e+00	0.00e+00
 1.37247e+21	8.55e-01	1.45e-01	8.88e-05	3.46e-06	0.00e+00	0.00e+00	0.00e+00	0.00e+00
 1.38988e+21	8.57e-01	1.43e-01	8.79e-05	3.39e-06	0.00e+00	0.00e+00	0.00e+00	0.00e+00
 1.41252e+21	8.59e-01	1.41e-01	8.67e-05	3.31e-06	0.00e+00	0.00e+00	0.00e+00	0.00e+00
 1.44194e+21	8.62e-01	1.38e-01	8.52e-05	3.21e-06	0.00e+00	0.00e+00	0.00e+00	0.00e+00
 1.48020e+21	8.65e-01	1.35e-01	8.33e-05	3.09e-06	0.00e+00	0.00e+00	0.00e+00	0.00e+00
 1.52993e+21	8.69e-01	1.31e-01	8.10e-05	2.94e-06	0.00e+00	0.00e+00	0.00e+00	0.00e+00
 1.59457e+21	8.74e-01	1.26e-01	7.82e-05	2.77e-06	0.00e+00	0.00e+00	0.00e+00	0.00e+00
 1.66962e+21	8.79e-01	1.21e-01	7.52e-05	2.59e-06	0.00e+00	0.00e+00	0.00e+00	0.00e+00
 1.74815e+21	8.83e-01	1.17e-01	7.24e-05	2.42e-06	0.00e+00	0.00e+00	0.00e+00	0.00e+00
 1.83044e+21	8.87e-01	1.13e-01	6.95e-05	2.26e-06	0.00e+00	0.00e+00	0.00e+00	0.00e+00
 1.91921e+21	8.92e-01	1.08e-01	6.67e-05	2.11e-06	0.00e+00	0.00e+00	0.00e+00	0.00e+00
 2.01707e+21	8.96e-01	1.04e-01	6.37e-05	1.95e-06	0.00e+00	0.00e+00	0.00e+00	0.00e+00
 2.12416e+21	9.01e-01	9.94e-02	6.07e-05	1.80e-06	0.00e+00	0.00e+00	0.00e+00	0.00e+00
 2.24034e+21	9.05e-01	9.51e-02	5.76e-05	1.65e-06	0.00e+00	0.00e+00	0.00e+00	0.00e+00
 2.36671e+21	9.09e-01	9.08e-02	5.45e-05	1.51e-06	0.00e+00	0.00e+00	0.00e+00	0.00e+00
 2.50474e+21	9.13e-01	8.66e-02	5.14e-05	1.37e-06	0.00e+00	0.00e+00	0.00e+00	0.00e+00
 2.65587e+21	9.18e-01	8.24e-02	4.83e-05	1.24e-06	0.00e+00	0.00e+00	0.00e+00	0.00e+00
 2.82140e+21	9.22e-01	7.82e-02	4.51e-05	1.11e-06	0.00e+00	0.00e+00	0.00e+00	0.00e+00
 3.00304e+21	9.26e-01	7.42e-02	4.20e-05	9.88e-07	0.00e+00	0.00e+00	0.00e+00	0.00e+00
 3.20271e+21	9.30e-01	7.02e-02	3.88e-05	8.74e-07	0.00e+00	0.00e+00	0.00e+00	0.00e+00
 3.42271e+21	9.34e-01	6.63e-02	3.57e-05	7.68e-07	0.00e+00	0.00e+00	0.00e+00	0.00e+00
 3.66543e+21	9.38e-01	6.24e-02	3.27e-05	6.69e-07	0.00e+00	0.00e+00	0.00e+00	0.00e+00
 3.93384e+21	9.41e-01	5.88e-02	2.97e-05	5.78e-07	0.00e+00	0.00e+00	0.00e+00	0.00e+00
 4.23084e+21	9.45e-01	5.51e-02	2.68e-05	4.95e-07	0.00e+00	0.00e+00	0.00e+00	0.00e+00
 4.56266e+21	9.48e-01	5.17e-02	2.40e-05	4.20e-07	0.00e+00	0.00e+00	0.00e+00	0.00e+00
 4.93236e+21	9.52e-01	4.84e-02	2.14e-05	3.53e-07	0.00e+00	0.00e+00	0.00e+00	0.00e+00
 5.34141e+21	9.55e-01	4.53e-02	1.88e-05	2.95e-07	0.00e+00	0.00e+00	0.00e+00	0.00e+00
 5.79879e+21	9.58e-01	4.24e-02	1.65e-05	2.44e-07	0.00e+00	0.00e+00	0.00e+00	0.00e+00
 6.26209e+21	9.60e-01	4.00e-02	1.45e-05	2.04e-07	0.00e+00	0.00e+00	0.00e+00	0.00e+00
 6.67769e+21	9.62e-01	3.81e-02	1.31e-05	1.76e-07	0.00e+00	0.00e+00	0.00e+00	0.00e+00
 7.05986e+21	9.63e-01	3.66e-02	1.19e-05	1.55e-07	0.00e+00	0.00e+00	0.00e+00	0.00e+00
 7.49181e+21	9.65e-01	3.49e-02	1.07e-05	1.33e-07	0.00e+00	0.00e+00	0.00e+00	0.00e+00
 7.96044e+21	9.66e-01	3.35e-02	9.58e-06	0.00e+00	0.00e+00	0.00e+00	0.00e+00	0.00e+00
 8.37078e+21	9.68e-01	3.24e-02	8.76e-06	0.00e+00	0.00e+00	0.00e+00	0.00e+00	0.00e+00
 8.73225e+21	9.69e-01	3.14e-02	8.11e-06	0.00e+00	0.00e+00	0.00e+00	0.00e+00	0.00e+00
 9.13613e+21	9.69e-01	3.05e-02	7.44e-06	0.00e+00	0.00e+00	0.00e+00	0.00e+00	0.00e+00
 9.58545e+21	9.70e-01	2.96e-02	6.80e-06	0.00e+00	0.00e+00	0.00e+00	0.00e+00	0.00e+00
 9.99362e+21	9.71e-01	2.89e-02	6.29e-06	0.00e+00	0.00e+00	0.00e+00	0.00e+00	0.00e+00
 1.03557e+22	9.72e-01	2.83e-02	5.88e-06	0.00e+00	0.00e+00	0.00e+00	0.00e+00	0.00e+00
 1.07581e+22	9.72e-01	2.76e-02	5.45e-06	0.00e+00	0.00e+00	0.00e+00	0.00e+00	0.00e+00
 1.12016e+22	9.73e-01	2.70e-02	5.05e-06	0.00e+00	0.00e+00	0.00e+00	0.00e+00	0.00e+00
 1.16021e+22	9.74e-01	2.65e-02	4.72e-06	0.00e+00	0.00e+00	0.00e+00	0.00e+00	0.00e+00
 1.19594e+22	9.74e-01	2.61e-02	4.45e-06	0.00e+00	0.00e+00	0.00e+00	0.00e+00	0.00e+00
 1.23573e+22	9.74e-01	2.56e-02	4.16e-06	0.00e+00	0.00e+00	0.00e+00	0.00e+00	0.00e+00
 1.27981e+22	9.75e-01	2.52e-02	3.88e-06	0.00e+00	0.00e+00	0.00e+00	0.00e+00	0.00e+00
 1.31969e+22	9.75e-01	2.48e-02	3.65e-06	0.00e+00	0.00e+00	0.00e+00	0.00e+00	0.00e+00
 1.35530e+22	9.76e-01	2.45e-02	3.47e-06	0.00e+00	0.00e+00	0.00e+00	0.00e+00	0.00e+00
 1.39513e+22	9.76e-01	2.42e-02	3.26e-06	0.00e+00	0.00e+00	0.00e+00	0.00e+00	0.00e+00
 1.43933e+22	9.76e-01	2.38e-02	3.06e-06	0.00e+00	0.00e+00	0.00e+00	0.00e+00	0.00e+00
 1.47932e+22	9.76e-01	2.36e-02	2.90e-06	0.00e+00	0.00e+00	0.00e+00	0.00e+00	0.00e+00
 1.51493e+22	9.77e-01	2.32e-02	2.76e-06	0.00e+00	0.00e+00	0.00e+00	0.00e+00	0.00e+00
 1.55474e+22	9.77e-01	2.31e-02	2.61e-06	0.00e+00	0.00e+00	0.00e+00	0.00e+00	0.00e+00
 1.59953e+22	9.77e-01	2.28e-02	2.46e-06	0.00e+00	0.00e+00	0.00e+00	0.00e+00	0.00e+00
 1.64055e+22	9.77e-01	2.26e-02	2.34e-06	0.00e+00	0.00e+00	0.00e+00	0.00e+00	0.00e+00
 1.67661e+22	9.78e-01	2.24e-02	2.24e-06	0.00e+00	0.00e+00	0.00e+00	0.00e+00	0.00e+00
 1.71650e+22	9.78e-01	2.22e-02	2.13e-06	0.00e+00	0.00e+00	0.00e+00	0.00e+00	0.00e+00
 1.76075e+22	9.78e-01	2.21e-02	2.02e-06	0.00e+00	0.00e+00	0.00e+00	0.00e+00	0.00e+00
 1.80171e+22	9.78e-01	2.18e-02	1.92e-06	0.00e+00	0.00e+00	0.00e+00	0.00e+00	0.00e+00
 1.83864e+22	9.78e-01	2.18e-02	1.84e-06	0.00e+00	0.00e+00	0.00e+00	0.00e+00	0.00e+00
 1.87929e+22	9.78e-01	2.16e-02	1.75e-06	0.00e+00	0.00e+00	0.00e+00	0.00e+00	0.00e+00
 1.92455e+22	9.79e-01	2.14e-02	1.67e-06	0.00e+00	0.00e+00	0.00e+00	0.00e+00	0.00e+00
 1.96564e+22	9.79e-01	2.13e-02	1.59e-06	0.00e+00	0.00e+00	0.00e+00	0.00e+00	0.00e+00
 2.00276e+22	9.79e-01	2.12e-02	1.53e-06	0.00e+00	0.00e+00	0.00e+00	0.00e+00	0.00e+00
 2.04489e+22	9.79e-01	2.10e-02	1.46e-06	0.00e+00	0.00e+00	0.00e+00	0.00e+00	0.00e+00
 2.09165e+22	9.79e-01	2.10e-02	1.39e-06	0.00e+00	0.00e+00	0.00e+00	0.00e+00	0.00e+00
 2.13523e+22	9.79e-01	2.08e-02	1.33e-06	0.00e+00	0.00e+00	0.00e+00	0.00e+00	0.00e+00
 2.17540e+22	9.79e-01	2.07e-02	1.28e-06	0.00e+00	0.00e+00	0.00e+00	0.00e+00	0.00e+00
 2.22034e+22	9.79e-01	2.06e-02	1.22e-06	0.00e+00	0.00e+00	0.00e+00	0.00e+00	0.00e+00
 2.27068e+22	9.79e-01	2.05e-02	1.16e-06	0.00e+00	0.00e+00	0.00e+00	0.00e+00	0.00e+00
 2.31795e+22	9.80e-01	2.04e-02	1.11e-06	0.00e+00	0.00e+00	0.00e+00	0.00e+00	0.00e+00
 2.36246e+22	9.80e-01	2.04e-02	1.06e-06	0.00e+00	0.00e+00	0.00e+00	0.00e+00	0.00e+00
 2.41347e+22	9.80e-01	2.03e-02	1.01e-06	0.00e+00	0.00e+00	0.00e+00	0.00e+00	0.00e+00
 2.47079e+22	9.80e-01	2.02e-02	9.60e-07	0.00e+00	0.00e+00	0.00e+00	0.00e+00	0.00e+00
 2.52670e+22	9.80e-01	2.01e-02	9.13e-07	0.00e+00	0.00e+00	0.00e+00	0.00e+00	0.00e+00
 2.58070e+22	9.80e-01	2.01e-02	8.71e-07	0.00e+00	0.00e+00	0.00e+00	0.00e+00	0.00e+00
 2.63120e+22	9.80e-01	1.99e-02	8.33e-07	0.00e+00	0.00e+00	0.00e+00	0.00e+00	0.00e+00
 2.67664e+22	9.80e-01	1.99e-02	8.02e-07	0.00e+00	0.00e+00	0.00e+00	0.00e+00	0.00e+00
 2.71755e+22	9.80e-01	1.99e-02	7.74e-07	0.00e+00	0.00e+00	0.00e+00	0.00e+00	0.00e+00
 2.75436e+22	9.80e-01	1.98e-02	7.51e-07	0.00e+00	0.00e+00	0.00e+00	0.00e+00	0.00e+00
 2.78749e+22	9.80e-01	1.98e-02	7.31e-07	0.00e+00	0.00e+00	0.00e+00	0.00e+00	0.00e+00
 2.81861e+22	9.80e-01	1.97e-02	7.12e-07	0.00e+00	0.00e+00	0.00e+00	0.00e+00	0.00e+00
 2.84947e+22	9.80e-01	1.97e-02	6.94e-07	0.00e+00	0.00e+00	0.00e+00	0.00e+00	0.00e+00
 2.88033e+22	9.80e-01	1.96e-02	6.77e-07	0.00e+00	0.00e+00	0.00e+00	0.00e+00	0.00e+00
 2.91118e+22	9.80e-01	1.96e-02	6.61e-07	0.00e+00	0.00e+00	0.00e+00	0.00e+00	0.00e+00
 2.94204e+22	9.81e-01	1.95e-02	6.45e-07	0.00e+00	0.00e+00	0.00e+00	0.00e+00	0.00e+00
 2.97290e+22	9.81e-01	1.94e-02	6.29e-07	0.00e+00	0.00e+00	0.00e+00	0.00e+00	0.00e+00
 3.00375e+22	9.81e-01	1.93e-02	6.14e-07	0.00e+00	0.00e+00	0.00e+00	0.00e+00	0.00e+00
 3.03283e+22	9.81e-01	1.92e-02	6.00e-07	0.00e+00	0.00e+00	0.00e+00	0.00e+00	0.00e+00
 3.05725e+22	9.81e-01	1.90e-02	5.89e-07	0.00e+00	0.00e+00	0.00e+00	0.00e+00	0.00e+00
 3.07685e+22	9.81e-01	1.88e-02	5.81e-07	0.00e+00	0.00e+00	0.00e+00	0.00e+00	0.00e+00
