#depth	He	He+	He+2
 1.87963e+15	7.94e-02	8.56e-01	6.50e-02
 1.12778e+16	7.92e-02	8.56e-01	6.52e-02
 4.88704e+16	7.92e-02	8.56e-01	6.51e-02
 1.99241e+17	7.96e-02	8.56e-01	6.46e-02
 4.75922e+17	8.00e-02	8.56e-01	6.43e-02
 8.35608e+17	8.09e-02	8.56e-01	6.35e-02
 1.30320e+18	8.23e-02	8.55e-01	6.23e-02
 1.91107e+18	8.46e-02	8.55e-01	6.04e-02
 2.63815e+18	8.76e-02	8.54e-01	5.83e-02
 3.37989e+18	9.11e-02	8.53e-01	5.61e-02
 4.15252e+18	9.59e-02	8.51e-01	5.34e-02
 5.03680e+18	1.03e-01	8.47e-01	5.06e-02
 5.89532e+18	1.10e-01	8.42e-01	4.80e-02
 6.65078e+18	1.18e-01	8.36e-01	4.57e-02
 7.35880e+18	1.27e-01	8.29e-01	4.39e-02
 8.02059e+18	1.37e-01	8.20e-01	4.22e-02
 8.62215e+18	1.48e-01	8.11e-01	4.08e-02
 9.14770e+18	1.58e-01	8.02e-01	3.98e-02
 9.59416e+18	1.68e-01	7.93e-01	3.91e-02
 9.96917e+18	1.76e-01	7.85e-01	3.85e-02
 1.03031e+19	1.85e-01	7.77e-01	3.80e-02
 1.06274e+19	1.93e-01	7.69e-01	3.76e-02
 1.09372e+19	2.02e-01	7.61e-01	3.71e-02
 1.12295e+19	2.10e-01	7.53e-01	3.69e-02
 1.15108e+19	2.19e-01	7.44e-01	3.65e-02
 1.17788e+19	2.28e-01	7.36e-01	3.62e-02
 1.20446e+19	2.37e-01	7.27e-01	3.58e-02
 1.23157e+19	2.46e-01	7.18e-01	3.56e-02
 1.25411e+19	2.54e-01	7.11e-01	3.53e-02
 1.26964e+19	2.59e-01	7.06e-01	3.51e-02
 1.28440e+19	2.65e-01	7.00e-01	3.48e-02
 1.30148e+19	2.71e-01	6.94e-01	3.46e-02
 1.32048e+19	2.79e-01	6.87e-01	3.43e-02
 1.33963e+19	2.86e-01	6.80e-01	3.41e-02
 1.35849e+19	2.94e-01	6.72e-01	3.37e-02
 1.37783e+19	3.02e-01	6.65e-01	3.34e-02
 1.39797e+19	3.10e-01	6.57e-01	3.31e-02
 1.41884e+19	3.19e-01	6.48e-01	3.27e-02
 1.43991e+19	3.28e-01	6.40e-01	3.23e-02
 1.46143e+19	3.37e-01	6.31e-01	3.19e-02
 1.48398e+19	3.48e-01	6.21e-01	3.14e-02
 1.50709e+19	3.58e-01	6.11e-01	3.09e-02
 1.53079e+19	3.68e-01	6.01e-01	3.04e-02
 1.55517e+19	3.79e-01	5.91e-01	2.99e-02
 1.58043e+19	3.91e-01	5.80e-01	2.94e-02
 1.60661e+19	4.03e-01	5.69e-01	2.88e-02
 1.63308e+19	4.15e-01	5.57e-01	2.82e-02
 1.66019e+19	4.27e-01	5.46e-01	2.76e-02
 1.68848e+19	4.40e-01	5.33e-01	2.69e-02
 1.71750e+19	4.53e-01	5.21e-01	2.63e-02
 1.74732e+19	4.66e-01	5.08e-01	2.56e-02
 1.77792e+19	4.79e-01	4.96e-01	2.49e-02
 1.80947e+19	4.93e-01	4.82e-01	2.42e-02
 1.84225e+19	5.08e-01	4.69e-01	2.35e-02
 1.87553e+19	5.22e-01	4.56e-01	2.28e-02
 1.90962e+19	5.36e-01	4.42e-01	2.21e-02
 1.94467e+19	5.50e-01	4.29e-01	2.13e-02
 1.98056e+19	5.64e-01	4.15e-01	2.06e-02
 2.01707e+19	5.78e-01	4.02e-01	1.99e-02
 2.05426e+19	5.92e-01	3.89e-01	1.92e-02
 2.09231e+19	6.06e-01	3.76e-01	1.84e-02
 2.13140e+19	6.19e-01	3.63e-01	1.78e-02
 2.17154e+19	6.33e-01	3.50e-01	1.70e-02
 2.21258e+19	6.46e-01	3.38e-01	1.63e-02
 2.25507e+19	6.59e-01	3.26e-01	1.57e-02
 2.29930e+19	6.72e-01	3.13e-01	1.50e-02
 2.34514e+19	6.84e-01	3.01e-01	1.43e-02
 2.39270e+19	6.97e-01	2.90e-01	1.36e-02
 2.44244e+19	7.09e-01	2.78e-01	1.30e-02
 2.49460e+19	7.21e-01	2.67e-01	1.23e-02
 2.54935e+19	7.32e-01	2.56e-01	1.16e-02
 2.60720e+19	7.44e-01	2.45e-01	1.10e-02
 2.66868e+19	7.55e-01	2.35e-01	1.04e-02
 2.73416e+19	7.66e-01	2.25e-01	9.73e-03
 2.80404e+19	7.76e-01	2.15e-01	9.12e-03
 2.87900e+19	7.86e-01	2.05e-01	8.51e-03
 2.95991e+19	7.96e-01	1.96e-01	7.92e-03
 3.04758e+19	8.06e-01	1.87e-01	7.34e-03
 3.14266e+19	8.15e-01	1.78e-01	6.78e-03
 3.24594e+19	8.24e-01	1.70e-01	6.23e-03
 3.35830e+19	8.33e-01	1.61e-01	5.71e-03
 3.48060e+19	8.41e-01	1.54e-01	5.21e-03
 3.61343e+19	8.49e-01	1.46e-01	4.75e-03
 3.75621e+19	8.57e-01	1.39e-01	4.31e-03
 3.90992e+19	8.64e-01	1.32e-01	3.90e-03
 4.07570e+19	8.71e-01	1.25e-01	3.52e-03
 4.25244e+19	8.78e-01	1.19e-01	3.17e-03
 4.43953e+19	8.84e-01	1.13e-01	2.85e-03
 4.63709e+19	8.90e-01	1.07e-01	2.56e-03
 4.84444e+19	8.96e-01	1.02e-01	2.30e-03
 5.06139e+19	9.01e-01	9.66e-02	2.07e-03
 5.28819e+19	9.06e-01	9.18e-02	1.86e-03
 5.52505e+19	9.11e-01	8.71e-02	1.67e-03
 5.77261e+19	9.16e-01	8.27e-02	1.50e-03
 6.03250e+19	9.20e-01	7.85e-02	1.34e-03
 6.30391e+19	9.24e-01	7.46e-02	1.21e-03
 6.58475e+19	9.28e-01	7.08e-02	1.08e-03
 6.87665e+19	9.32e-01	6.72e-02	9.73e-04
 7.17707e+19	9.35e-01	6.39e-02	8.76e-04
 7.47971e+19	9.38e-01	6.08e-02	7.91e-04
 7.78202e+19	9.41e-01	5.80e-02	7.18e-04
 8.08441e+19	9.44e-01	5.54e-02	6.53e-04
 8.38673e+19	9.46e-01	5.30e-02	5.96e-04
 8.68803e+19	9.49e-01	5.09e-02	5.46e-04
 8.98767e+19	9.51e-01	4.88e-02	5.02e-04
 9.28406e+19	9.53e-01	4.70e-02	4.62e-04
 9.57440e+19	9.54e-01	4.53e-02	4.28e-04
 9.85632e+19	9.56e-01	4.37e-02	3.97e-04
 1.01285e+20	9.57e-01	4.23e-02	3.70e-04
 1.03897e+20	9.59e-01	4.10e-02	3.47e-04
