#depth	O	O+	O+2	O+3	O+4	O+5	O+6	O+7	O+8	O[1]	O[2]	O[3]
 8.17272e+15	1.27e-03	1.74e-01	7.15e-01	1.07e-01	2.36e-03	1.09e-05	0.00e+00	0.00e+00	0.00e+00	1.27e-03	9.49e-08	1.07e-07
 4.90363e+16	1.27e-03	1.73e-01	7.16e-01	1.07e-01	2.36e-03	1.09e-05	0.00e+00	0.00e+00	0.00e+00	1.27e-03	9.48e-08	1.06e-07
 2.12491e+17	1.25e-03	1.71e-01	7.18e-01	1.07e-01	2.34e-03	1.08e-05	0.00e+00	0.00e+00	0.00e+00	1.25e-03	9.33e-08	1.05e-07
 8.66308e+17	1.21e-03	1.66e-01	7.26e-01	1.04e-01	2.24e-03	1.05e-05	0.00e+00	0.00e+00	0.00e+00	1.20e-03	9.01e-08	1.01e-07
 2.06933e+18	1.07e-03	1.54e-01	7.41e-01	1.02e-01	2.13e-03	1.03e-05	0.00e+00	0.00e+00	0.00e+00	1.07e-03	7.99e-08	9.00e-08
 3.63326e+18	9.83e-04	1.45e-01	7.54e-01	9.75e-02	1.97e-03	9.82e-06	0.00e+00	0.00e+00	0.00e+00	9.83e-04	7.31e-08	8.25e-08
 5.66638e+18	9.25e-04	1.40e-01	7.67e-01	9.03e-02	1.74e-03	8.93e-06	0.00e+00	0.00e+00	0.00e+00	9.25e-04	6.86e-08	7.76e-08
 8.30942e+18	9.04e-04	1.38e-01	7.80e-01	8.00e-02	1.46e-03	7.66e-06	0.00e+00	0.00e+00	0.00e+00	9.04e-04	6.70e-08	7.59e-08
 1.17454e+19	9.33e-04	1.41e-01	7.90e-01	6.68e-02	1.14e-03	6.08e-06	0.00e+00	0.00e+00	0.00e+00	9.33e-04	6.91e-08	7.83e-08
 1.62121e+19	1.04e-03	1.52e-01	7.95e-01	5.11e-02	7.98e-04	4.30e-06	0.00e+00	0.00e+00	0.00e+00	1.04e-03	7.74e-08	8.74e-08
 2.20189e+19	1.29e-03	1.73e-01	7.90e-01	3.49e-02	4.93e-04	2.61e-06	0.00e+00	0.00e+00	0.00e+00	1.29e-03	9.61e-08	1.08e-07
 2.79404e+19	1.62e-03	1.99e-01	7.76e-01	2.35e-02	3.09e-04	1.58e-06	0.00e+00	0.00e+00	0.00e+00	1.62e-03	1.22e-07	1.36e-07
 3.26241e+19	2.00e-03	2.23e-01	7.58e-01	1.70e-02	2.19e-04	1.04e-06	0.00e+00	0.00e+00	0.00e+00	2.00e-03	1.51e-07	1.67e-07
 3.64233e+19	2.41e-03	2.45e-01	7.39e-01	1.31e-02	1.69e-04	7.44e-07	0.00e+00	0.00e+00	0.00e+00	2.41e-03	1.82e-07	2.01e-07
 3.99080e+19	2.88e-03	2.68e-01	7.19e-01	1.03e-02	1.35e-04	5.42e-07	0.00e+00	0.00e+00	0.00e+00	2.88e-03	2.19e-07	2.41e-07
 4.38863e+19	3.59e-03	2.97e-01	6.92e-01	7.69e-03	1.07e-04	3.73e-07	0.00e+00	0.00e+00	0.00e+00	3.59e-03	2.75e-07	3.00e-07
 4.79557e+19	4.50e-03	3.28e-01	6.62e-01	5.79e-03	8.76e-05	2.59e-07	0.00e+00	0.00e+00	0.00e+00	4.49e-03	3.46e-07	3.74e-07
 5.12261e+19	5.44e-03	3.56e-01	6.34e-01	4.58e-03	7.55e-05	1.92e-07	0.00e+00	0.00e+00	0.00e+00	5.44e-03	4.21e-07	4.53e-07
 5.40518e+19	6.50e-03	3.84e-01	6.06e-01	3.69e-03	6.66e-05	1.46e-07	0.00e+00	0.00e+00	0.00e+00	6.50e-03	5.04e-07	5.40e-07
 5.72165e+19	8.02e-03	4.18e-01	5.71e-01	2.85e-03	5.80e-05	0.00e+00	0.00e+00	0.00e+00	0.00e+00	8.02e-03	6.25e-07	6.65e-07
 6.05316e+19	1.01e-02	4.56e-01	5.32e-01	2.16e-03	5.05e-05	0.00e+00	0.00e+00	0.00e+00	0.00e+00	1.01e-02	7.87e-07	8.33e-07
 6.32555e+19	1.23e-02	4.91e-01	4.95e-01	1.69e-03	4.48e-05	0.00e+00	0.00e+00	0.00e+00	0.00e+00	1.23e-02	9.61e-07	1.01e-06
 6.55480e+19	1.46e-02	5.22e-01	4.62e-01	1.36e-03	4.03e-05	0.00e+00	0.00e+00	0.00e+00	0.00e+00	1.46e-02	1.15e-06	1.20e-06
 6.80663e+19	1.79e-02	5.59e-01	4.22e-01	1.04e-03	3.53e-05	0.00e+00	0.00e+00	0.00e+00	0.00e+00	1.79e-02	1.41e-06	1.47e-06
 7.07403e+19	2.24e-02	5.99e-01	3.78e-01	7.68e-04	3.05e-05	0.00e+00	0.00e+00	0.00e+00	0.00e+00	2.24e-02	1.75e-06	1.83e-06
 7.30029e+19	2.72e-02	6.34e-01	3.39e-01	5.83e-04	2.65e-05	0.00e+00	0.00e+00	0.00e+00	0.00e+00	2.72e-02	2.13e-06	2.22e-06
 7.49487e+19	3.25e-02	6.64e-01	3.03e-01	4.49e-04	2.30e-05	0.00e+00	0.00e+00	0.00e+00	0.00e+00	3.25e-02	2.54e-06	2.64e-06
 7.70964e+19	4.00e-02	6.96e-01	2.63e-01	3.26e-04	1.93e-05	0.00e+00	0.00e+00	0.00e+00	0.00e+00	4.00e-02	3.11e-06	3.22e-06
 7.93669e+19	5.00e-02	7.27e-01	2.22e-01	2.28e-04	1.56e-05	0.00e+00	0.00e+00	0.00e+00	0.00e+00	5.00e-02	3.86e-06	3.99e-06
 8.12723e+19	6.08e-02	7.51e-01	1.88e-01	1.63e-04	1.28e-05	0.00e+00	0.00e+00	0.00e+00	0.00e+00	6.08e-02	4.66e-06	4.82e-06
 8.28423e+19	7.19e-02	7.67e-01	1.61e-01	1.22e-04	1.05e-05	0.00e+00	0.00e+00	0.00e+00	0.00e+00	7.19e-02	5.47e-06	5.65e-06
 8.42424e+19	8.38e-02	7.78e-01	1.38e-01	9.17e-05	8.70e-06	0.00e+00	0.00e+00	0.00e+00	0.00e+00	8.38e-02	6.33e-06	6.52e-06
 8.55789e+19	9.75e-02	7.85e-01	1.17e-01	6.89e-05	7.11e-06	0.00e+00	0.00e+00	0.00e+00	0.00e+00	9.75e-02	7.29e-06	7.51e-06
 8.68478e+19	1.13e-01	7.88e-01	9.93e-02	5.19e-05	5.77e-06	0.00e+00	0.00e+00	0.00e+00	0.00e+00	1.13e-01	8.32e-06	8.57e-06
 8.80201e+19	1.29e-01	7.87e-01	8.37e-02	3.94e-05	4.66e-06	0.00e+00	0.00e+00	0.00e+00	0.00e+00	1.29e-01	9.43e-06	9.70e-06
 8.90938e+19	1.47e-01	7.82e-01	7.06e-02	3.03e-05	3.76e-06	0.00e+00	0.00e+00	0.00e+00	0.00e+00	1.47e-01	1.06e-05	1.09e-05
 9.00828e+19	1.65e-01	7.75e-01	5.97e-02	2.37e-05	3.05e-06	0.00e+00	0.00e+00	0.00e+00	0.00e+00	1.65e-01	1.17e-05	1.20e-05
 9.10186e+19	1.85e-01	7.65e-01	5.05e-02	1.87e-05	2.47e-06	0.00e+00	0.00e+00	0.00e+00	0.00e+00	1.85e-01	1.29e-05	1.32e-05
 9.19218e+19	2.06e-01	7.52e-01	4.25e-02	1.48e-05	1.99e-06	0.00e+00	0.00e+00	0.00e+00	0.00e+00	2.06e-01	1.41e-05	1.45e-05
 9.27889e+19	2.28e-01	7.36e-01	3.57e-02	1.18e-05	1.60e-06	0.00e+00	0.00e+00	0.00e+00	0.00e+00	2.28e-01	1.53e-05	1.57e-05
 9.36166e+19	2.51e-01	7.19e-01	2.99e-02	9.54e-06	1.28e-06	0.00e+00	0.00e+00	0.00e+00	0.00e+00	2.51e-01	1.64e-05	1.69e-05
 9.44121e+19	2.74e-01	7.00e-01	2.51e-02	7.78e-06	1.03e-06	0.00e+00	0.00e+00	0.00e+00	0.00e+00	2.74e-01	1.76e-05	1.80e-05
 9.51863e+19	2.99e-01	6.80e-01	2.10e-02	6.40e-06	8.25e-07	0.00e+00	0.00e+00	0.00e+00	0.00e+00	2.99e-01	1.86e-05	1.92e-05
 9.59458e+19	3.24e-01	6.59e-01	1.75e-02	5.30e-06	6.60e-07	0.00e+00	0.00e+00	0.00e+00	0.00e+00	3.24e-01	1.97e-05	2.02e-05
 9.66937e+19	3.49e-01	6.36e-01	1.46e-02	4.42e-06	5.26e-07	0.00e+00	0.00e+00	0.00e+00	0.00e+00	3.49e-01	2.07e-05	2.12e-05
 9.74334e+19	3.76e-01	6.12e-01	1.21e-02	3.71e-06	4.18e-07	0.00e+00	0.00e+00	0.00e+00	0.00e+00	3.75e-01	2.15e-05	2.21e-05
 9.81701e+19	4.02e-01	5.88e-01	9.99e-03	3.13e-06	3.31e-07	0.00e+00	0.00e+00	0.00e+00	0.00e+00	4.02e-01	2.24e-05	2.30e-05
 9.89653e+19	4.31e-01	5.61e-01	8.08e-03	2.63e-06	2.57e-07	0.00e+00	0.00e+00	0.00e+00	0.00e+00	4.31e-01	2.31e-05	2.37e-05
 9.97928e+19	4.61e-01	5.32e-01	6.45e-03	2.21e-06	1.96e-07	0.00e+00	0.00e+00	0.00e+00	0.00e+00	4.61e-01	2.38e-05	2.44e-05
 1.00559e+20	4.90e-01	5.05e-01	5.20e-03	1.88e-06	1.52e-07	0.00e+00	0.00e+00	0.00e+00	0.00e+00	4.90e-01	2.43e-05	2.49e-05
 1.01280e+20	5.15e-01	4.80e-01	4.24e-03	1.64e-06	0.00e+00	0.00e+00	0.00e+00	0.00e+00	0.00e+00	5.15e-01	2.46e-05	2.53e-05
 1.01953e+20	5.40e-01	4.57e-01	3.48e-03	1.44e-06	0.00e+00	0.00e+00	0.00e+00	0.00e+00	0.00e+00	5.39e-01	2.48e-05	2.55e-05
 1.02589e+20	5.61e-01	4.36e-01	2.89e-03	1.28e-06	0.00e+00	0.00e+00	0.00e+00	0.00e+00	0.00e+00	5.61e-01	2.49e-05	2.56e-05
 1.03205e+20	5.83e-01	4.15e-01	2.40e-03	1.15e-06	0.00e+00	0.00e+00	0.00e+00	0.00e+00	0.00e+00	5.83e-01	2.50e-05	2.56e-05
 1.03683e+20	5.98e-01	4.00e-01	2.10e-03	1.06e-06	0.00e+00	0.00e+00	0.00e+00	0.00e+00	0.00e+00	5.98e-01	2.50e-05	2.56e-05
 1.04014e+20	6.09e-01	3.89e-01	1.90e-03	1.01e-06	0.00e+00	0.00e+00	0.00e+00	0.00e+00	0.00e+00	6.09e-01	2.49e-05	2.56e-05
 1.04341e+20	6.20e-01	3.79e-01	1.72e-03	9.52e-07	0.00e+00	0.00e+00	0.00e+00	0.00e+00	0.00e+00	6.19e-01	2.49e-05	2.55e-05
 1.04713e+20	6.32e-01	3.67e-01	1.53e-03	8.93e-07	0.00e+00	0.00e+00	0.00e+00	0.00e+00	0.00e+00	6.32e-01	2.48e-05	2.54e-05
 1.05106e+20	6.44e-01	3.55e-01	1.35e-03	8.39e-07	0.00e+00	0.00e+00	0.00e+00	0.00e+00	0.00e+00	6.44e-01	2.47e-05	2.53e-05
 1.05496e+20	6.56e-01	3.43e-01	1.20e-03	7.87e-07	0.00e+00	0.00e+00	0.00e+00	0.00e+00	0.00e+00	6.56e-01	2.45e-05	2.51e-05
 1.05879e+20	6.67e-01	3.32e-01	1.06e-03	7.42e-07	0.00e+00	0.00e+00	0.00e+00	0.00e+00	0.00e+00	6.67e-01	2.44e-05	2.50e-05
 1.06263e+20	6.79e-01	3.20e-01	9.43e-04	6.99e-07	0.00e+00	0.00e+00	0.00e+00	0.00e+00	0.00e+00	6.79e-01	2.42e-05	2.48e-05
 1.06655e+20	6.90e-01	3.09e-01	8.33e-04	6.58e-07	0.00e+00	0.00e+00	0.00e+00	0.00e+00	0.00e+00	6.90e-01	2.40e-05	2.46e-05
 1.07045e+20	7.01e-01	2.99e-01	7.37e-04	6.21e-07	0.00e+00	0.00e+00	0.00e+00	0.00e+00	0.00e+00	7.01e-01	2.38e-05	2.43e-05
 1.07435e+20	7.11e-01	2.88e-01	6.51e-04	5.86e-07	0.00e+00	0.00e+00	0.00e+00	0.00e+00	0.00e+00	7.11e-01	2.35e-05	2.41e-05
 1.07835e+20	7.22e-01	2.78e-01	5.73e-04	5.52e-07	0.00e+00	0.00e+00	0.00e+00	0.00e+00	0.00e+00	7.22e-01	2.33e-05	2.38e-05
 1.08236e+20	7.32e-01	2.68e-01	5.06e-04	5.22e-07	0.00e+00	0.00e+00	0.00e+00	0.00e+00	0.00e+00	7.32e-01	2.30e-05	2.35e-05
 1.08639e+20	7.42e-01	2.58e-01	4.45e-04	4.93e-07	0.00e+00	0.00e+00	0.00e+00	0.00e+00	0.00e+00	7.42e-01	2.27e-05	2.32e-05
 1.09045e+20	7.51e-01	2.48e-01	3.92e-04	4.66e-07	0.00e+00	0.00e+00	0.00e+00	0.00e+00	0.00e+00	7.51e-01	2.24e-05	2.29e-05
 1.09455e+20	7.61e-01	2.39e-01	3.44e-04	4.40e-07	0.00e+00	0.00e+00	0.00e+00	0.00e+00	0.00e+00	7.61e-01	2.21e-05	2.25e-05
 1.09871e+20	7.70e-01	2.30e-01	3.03e-04	4.17e-07	0.00e+00	0.00e+00	0.00e+00	0.00e+00	0.00e+00	7.70e-01	2.18e-05	2.22e-05
 1.10294e+20	7.79e-01	2.21e-01	2.65e-04	3.94e-07	0.00e+00	0.00e+00	0.00e+00	0.00e+00	0.00e+00	7.79e-01	2.14e-05	2.19e-05
 1.10719e+20	7.88e-01	2.12e-01	2.33e-04	3.73e-07	0.00e+00	0.00e+00	0.00e+00	0.00e+00	0.00e+00	7.87e-01	2.11e-05	2.15e-05
 1.11147e+20	7.96e-01	2.04e-01	2.05e-04	3.53e-07	0.00e+00	0.00e+00	0.00e+00	0.00e+00	0.00e+00	7.96e-01	2.08e-05	2.12e-05
 1.11585e+20	8.04e-01	1.96e-01	1.80e-04	3.35e-07	0.00e+00	0.00e+00	0.00e+00	0.00e+00	0.00e+00	8.04e-01	2.04e-05	2.08e-05
 1.12034e+20	8.12e-01	1.88e-01	1.57e-04	3.17e-07	0.00e+00	0.00e+00	0.00e+00	0.00e+00	0.00e+00	8.12e-01	2.01e-05	2.05e-05
 1.12488e+20	8.19e-01	1.81e-01	1.38e-04	3.01e-07	0.00e+00	0.00e+00	0.00e+00	0.00e+00	0.00e+00	8.19e-01	1.98e-05	2.01e-05
 1.12948e+20	8.27e-01	1.73e-01	1.22e-04	2.85e-07	0.00e+00	0.00e+00	0.00e+00	0.00e+00	0.00e+00	8.27e-01	1.94e-05	1.98e-05
 1.13422e+20	8.34e-01	1.66e-01	1.07e-04	2.70e-07	0.00e+00	0.00e+00	0.00e+00	0.00e+00	0.00e+00	8.34e-01	1.91e-05	1.94e-05
 1.13906e+20	8.40e-01	1.59e-01	9.41e-05	2.57e-07	0.00e+00	0.00e+00	0.00e+00	0.00e+00	0.00e+00	8.40e-01	1.88e-05	1.91e-05
 1.14398e+20	8.47e-01	1.53e-01	8.31e-05	2.44e-07	0.00e+00	0.00e+00	0.00e+00	0.00e+00	0.00e+00	8.47e-01	1.85e-05	1.88e-05
 1.14894e+20	8.53e-01	1.47e-01	7.37e-05	2.32e-07	0.00e+00	0.00e+00	0.00e+00	0.00e+00	0.00e+00	8.53e-01	1.82e-05	1.85e-05
 1.15398e+20	8.59e-01	1.41e-01	6.57e-05	2.21e-07	0.00e+00	0.00e+00	0.00e+00	0.00e+00	0.00e+00	8.58e-01	1.79e-05	1.82e-05
 1.15916e+20	8.64e-01	1.36e-01	5.87e-05	2.11e-07	0.00e+00	0.00e+00	0.00e+00	0.00e+00	0.00e+00	8.64e-01	1.76e-05	1.79e-05
 1.16449e+20	8.69e-01	1.31e-01	5.26e-05	2.02e-07	0.00e+00	0.00e+00	0.00e+00	0.00e+00	0.00e+00	8.69e-01	1.73e-05	1.76e-05
 1.17001e+20	8.74e-01	1.26e-01	4.74e-05	1.93e-07	0.00e+00	0.00e+00	0.00e+00	0.00e+00	0.00e+00	8.74e-01	1.71e-05	1.73e-05
 1.17576e+20	8.78e-01	1.22e-01	4.29e-05	1.85e-07	0.00e+00	0.00e+00	0.00e+00	0.00e+00	0.00e+00	8.78e-01	1.68e-05	1.70e-05
 1.18178e+20	8.83e-01	1.17e-01	3.90e-05	1.77e-07	0.00e+00	0.00e+00	0.00e+00	0.00e+00	0.00e+00	8.82e-01	1.66e-05	1.68e-05
 1.18816e+20	8.86e-01	1.14e-01	3.55e-05	1.70e-07	0.00e+00	0.00e+00	0.00e+00	0.00e+00	0.00e+00	8.86e-01	1.63e-05	1.65e-05
 1.19496e+20	8.90e-01	1.10e-01	3.26e-05	1.64e-07	0.00e+00	0.00e+00	0.00e+00	0.00e+00	0.00e+00	8.90e-01	1.61e-05	1.63e-05
 1.20231e+20	8.94e-01	1.06e-01	3.00e-05	1.58e-07	0.00e+00	0.00e+00	0.00e+00	0.00e+00	0.00e+00	8.94e-01	1.59e-05	1.61e-05
 1.21032e+20	8.97e-01	1.03e-01	2.78e-05	1.52e-07	0.00e+00	0.00e+00	0.00e+00	0.00e+00	0.00e+00	8.97e-01	1.57e-05	1.59e-05
 1.21921e+20	9.00e-01	9.98e-02	2.58e-05	1.47e-07	0.00e+00	0.00e+00	0.00e+00	0.00e+00	0.00e+00	9.00e-01	1.55e-05	1.57e-05
 1.22931e+20	9.03e-01	9.69e-02	2.41e-05	1.42e-07	0.00e+00	0.00e+00	0.00e+00	0.00e+00	0.00e+00	9.03e-01	1.53e-05	1.55e-05
 1.24087e+20	9.06e-01	9.42e-02	2.26e-05	1.37e-07	0.00e+00	0.00e+00	0.00e+00	0.00e+00	0.00e+00	9.06e-01	1.52e-05	1.53e-05
 1.25319e+20	9.08e-01	9.19e-02	2.14e-05	1.34e-07	0.00e+00	0.00e+00	0.00e+00	0.00e+00	0.00e+00	9.08e-01	1.50e-05	1.52e-05
 1.26538e+20	9.10e-01	9.01e-02	2.06e-05	1.31e-07	0.00e+00	0.00e+00	0.00e+00	0.00e+00	0.00e+00	9.10e-01	1.49e-05	1.50e-05
 1.27746e+20	9.11e-01	8.85e-02	1.98e-05	1.28e-07	0.00e+00	0.00e+00	0.00e+00	0.00e+00	0.00e+00	9.11e-01	1.48e-05	1.49e-05
 1.29131e+20	9.13e-01	8.69e-02	1.92e-05	1.25e-07	0.00e+00	0.00e+00	0.00e+00	0.00e+00	0.00e+00	9.13e-01	1.47e-05	1.48e-05
 1.30932e+20	9.15e-01	8.51e-02	1.84e-05	1.23e-07	0.00e+00	0.00e+00	0.00e+00	0.00e+00	0.00e+00	9.15e-01	1.46e-05	1.47e-05
 1.33273e+20	9.17e-01	8.31e-02	1.77e-05	0.00e+00	0.00e+00	0.00e+00	0.00e+00	0.00e+00	0.00e+00	9.17e-01	1.45e-05	1.45e-05
 1.36316e+20	9.19e-01	8.10e-02	1.69e-05	0.00e+00	0.00e+00	0.00e+00	0.00e+00	0.00e+00	0.00e+00	9.19e-01	1.43e-05	1.44e-05
 1.40272e+20	9.22e-01	7.84e-02	1.60e-05	0.00e+00	0.00e+00	0.00e+00	0.00e+00	0.00e+00	0.00e+00	9.22e-01	1.41e-05	1.42e-05
 1.45113e+20	9.24e-01	7.56e-02	1.52e-05	0.00e+00	0.00e+00	0.00e+00	0.00e+00	0.00e+00	0.00e+00	9.24e-01	1.40e-05	1.40e-05
 1.50413e+20	9.27e-01	7.29e-02	1.44e-05	0.00e+00	0.00e+00	0.00e+00	0.00e+00	0.00e+00	0.00e+00	9.27e-01	1.38e-05	1.38e-05
 1.55852e+20	9.30e-01	7.03e-02	1.38e-05	0.00e+00	0.00e+00	0.00e+00	0.00e+00	0.00e+00	0.00e+00	9.30e-01	1.36e-05	1.36e-05
 1.61486e+20	9.32e-01	6.78e-02	1.32e-05	0.00e+00	0.00e+00	0.00e+00	0.00e+00	0.00e+00	0.00e+00	9.32e-01	1.34e-05	1.35e-05
 1.67410e+20	9.35e-01	6.54e-02	1.27e-05	0.00e+00	0.00e+00	0.00e+00	0.00e+00	0.00e+00	0.00e+00	9.35e-01	1.33e-05	1.33e-05
 1.73652e+20	9.37e-01	6.31e-02	1.22e-05	0.00e+00	0.00e+00	0.00e+00	0.00e+00	0.00e+00	0.00e+00	9.37e-01	1.31e-05	1.31e-05
 1.80164e+20	9.39e-01	6.09e-02	1.18e-05	0.00e+00	0.00e+00	0.00e+00	0.00e+00	0.00e+00	0.00e+00	9.39e-01	1.30e-05	1.29e-05
 1.86973e+20	9.41e-01	5.87e-02	1.15e-05	0.00e+00	0.00e+00	0.00e+00	0.00e+00	0.00e+00	0.00e+00	9.41e-01	1.28e-05	1.28e-05
 1.94156e+20	9.43e-01	5.67e-02	1.11e-05	0.00e+00	0.00e+00	0.00e+00	0.00e+00	0.00e+00	0.00e+00	9.43e-01	1.27e-05	1.26e-05
 2.01682e+20	9.45e-01	5.46e-02	1.09e-05	0.00e+00	0.00e+00	0.00e+00	0.00e+00	0.00e+00	0.00e+00	9.45e-01	1.25e-05	1.25e-05
 2.09556e+20	9.47e-01	5.27e-02	1.06e-05	0.00e+00	0.00e+00	0.00e+00	0.00e+00	0.00e+00	0.00e+00	9.47e-01	1.24e-05	1.23e-05
 2.17811e+20	9.49e-01	5.09e-02	1.04e-05	0.00e+00	0.00e+00	0.00e+00	0.00e+00	0.00e+00	0.00e+00	9.49e-01	1.22e-05	1.21e-05
 2.26478e+20	9.51e-01	4.91e-02	1.02e-05	0.00e+00	0.00e+00	0.00e+00	0.00e+00	0.00e+00	0.00e+00	9.51e-01	1.21e-05	1.19e-05
 2.35580e+20	9.53e-01	4.73e-02	1.01e-05	0.00e+00	0.00e+00	0.00e+00	0.00e+00	0.00e+00	0.00e+00	9.53e-01	1.20e-05	1.17e-05
 2.45201e+20	9.54e-01	4.56e-02	9.93e-06	0.00e+00	0.00e+00	0.00e+00	0.00e+00	0.00e+00	0.00e+00	9.54e-01	1.18e-05	1.15e-05
 2.55326e+20	9.56e-01	4.39e-02	9.81e-06	0.00e+00	0.00e+00	0.00e+00	0.00e+00	0.00e+00	0.00e+00	9.56e-01	1.17e-05	1.14e-05
 2.65908e+20	9.58e-01	4.24e-02	9.70e-06	0.00e+00	0.00e+00	0.00e+00	0.00e+00	0.00e+00	0.00e+00	9.58e-01	1.16e-05	1.12e-05
 2.76912e+20	9.59e-01	4.09e-02	9.62e-06	0.00e+00	0.00e+00	0.00e+00	0.00e+00	0.00e+00	0.00e+00	9.59e-01	1.14e-05	1.11e-05
 2.88575e+20	9.61e-01	3.94e-02	9.55e-06	0.00e+00	0.00e+00	0.00e+00	0.00e+00	0.00e+00	0.00e+00	9.61e-01	1.13e-05	1.09e-05
 3.01044e+20	9.62e-01	3.80e-02	9.49e-06	0.00e+00	0.00e+00	0.00e+00	0.00e+00	0.00e+00	0.00e+00	9.62e-01	1.12e-05	1.08e-05
 3.14127e+20	9.63e-01	3.66e-02	9.43e-06	0.00e+00	0.00e+00	0.00e+00	0.00e+00	0.00e+00	0.00e+00	9.63e-01	1.11e-05	1.06e-05
 3.27867e+20	9.65e-01	3.53e-02	9.39e-06	0.00e+00	0.00e+00	0.00e+00	0.00e+00	0.00e+00	0.00e+00	9.65e-01	1.10e-05	1.05e-05
 3.42363e+20	9.66e-01	3.41e-02	9.35e-06	0.00e+00	0.00e+00	0.00e+00	0.00e+00	0.00e+00	0.00e+00	9.66e-01	1.09e-05	1.04e-05
 3.57705e+20	9.67e-01	3.29e-02	9.32e-06	0.00e+00	0.00e+00	0.00e+00	0.00e+00	0.00e+00	0.00e+00	9.67e-01	1.08e-05	1.02e-05
 3.73980e+20	9.68e-01	3.17e-02	9.30e-06	0.00e+00	0.00e+00	0.00e+00	0.00e+00	0.00e+00	0.00e+00	9.68e-01	1.07e-05	1.01e-05
 3.91212e+20	9.69e-01	3.05e-02	9.28e-06	0.00e+00	0.00e+00	0.00e+00	0.00e+00	0.00e+00	0.00e+00	9.69e-01	1.06e-05	1.00e-05
 4.09430e+20	9.71e-01	2.94e-02	9.27e-06	0.00e+00	0.00e+00	0.00e+00	0.00e+00	0.00e+00	0.00e+00	9.71e-01	1.05e-05	9.90e-06
 4.28688e+20	9.72e-01	2.84e-02	9.26e-06	0.00e+00	0.00e+00	0.00e+00	0.00e+00	0.00e+00	0.00e+00	9.72e-01	1.04e-05	9.79e-06
 4.49047e+20	9.73e-01	2.73e-02	9.25e-06	0.00e+00	0.00e+00	0.00e+00	0.00e+00	0.00e+00	0.00e+00	9.73e-01	1.03e-05	9.69e-06
 4.70421e+20	9.74e-01	2.63e-02	9.25e-06	0.00e+00	0.00e+00	0.00e+00	0.00e+00	0.00e+00	0.00e+00	9.74e-01	1.02e-05	9.58e-06
 4.92347e+20	9.75e-01	2.54e-02	9.25e-06	0.00e+00	0.00e+00	0.00e+00	0.00e+00	0.00e+00	0.00e+00	9.75e-01	1.01e-05	9.49e-06
 5.14283e+20	9.75e-01	2.45e-02	9.26e-06	0.00e+00	0.00e+00	0.00e+00	0.00e+00	0.00e+00	0.00e+00	9.75e-01	1.00e-05	9.40e-06
 5.36044e+20	9.76e-01	2.37e-02	9.27e-06	0.00e+00	0.00e+00	0.00e+00	0.00e+00	0.00e+00	0.00e+00	9.76e-01	9.93e-06	9.31e-06
 5.57618e+20	9.77e-01	2.30e-02	9.28e-06	0.00e+00	0.00e+00	0.00e+00	0.00e+00	0.00e+00	0.00e+00	9.77e-01	9.84e-06	9.23e-06
 5.78924e+20	9.78e-01	2.23e-02	9.29e-06	0.00e+00	0.00e+00	0.00e+00	0.00e+00	0.00e+00	0.00e+00	9.78e-01	9.75e-06	9.15e-06
 5.99787e+20	9.78e-01	2.16e-02	9.31e-06	0.00e+00	0.00e+00	0.00e+00	0.00e+00	0.00e+00	0.00e+00	9.78e-01	9.65e-06	9.07e-06
 6.20037e+20	9.79e-01	2.10e-02	9.34e-06	0.00e+00	0.00e+00	0.00e+00	0.00e+00	0.00e+00	0.00e+00	9.79e-01	9.56e-06	9.00e-06
