#depth	He	He+	He+2
 8.57120e+15	5.42e-03	5.25e-01	4.69e-01
 5.14272e+16	5.41e-03	5.25e-01	4.69e-01
 2.22851e+17	5.40e-03	5.26e-01	4.69e-01
 9.08547e+17	5.45e-03	5.32e-01	4.63e-01
 2.17023e+18	5.44e-03	5.36e-01	4.58e-01
 3.81001e+18	5.52e-03	5.48e-01	4.47e-01
 5.94134e+18	5.70e-03	5.67e-01	4.27e-01
 8.71206e+18	6.02e-03	5.97e-01	3.97e-01
 1.23140e+19	6.59e-03	6.40e-01	3.54e-01
 1.69965e+19	7.45e-03	6.97e-01	2.96e-01
 2.19286e+19	8.44e-03	7.53e-01	2.38e-01
 2.59021e+19	9.29e-03	7.93e-01	1.97e-01
 2.89563e+19	1.00e-02	8.20e-01	1.70e-01
 3.15933e+19	1.06e-02	8.40e-01	1.50e-01
 3.45165e+19	1.14e-02	8.59e-01	1.29e-01
 3.75394e+19	1.21e-02	8.75e-01	1.13e-01
 4.00208e+19	1.28e-02	8.86e-01	1.01e-01
 4.22032e+19	1.34e-02	8.95e-01	9.18e-02
 4.46678e+19	1.42e-02	9.03e-01	8.28e-02
 4.73046e+19	1.51e-02	9.10e-01	7.48e-02
 4.95617e+19	1.59e-02	9.15e-01	6.89e-02
 5.15070e+19	1.67e-02	9.19e-01	6.44e-02
 5.36503e+19	1.77e-02	9.23e-01	5.96e-02
 5.59580e+19	1.90e-02	9.26e-01	5.54e-02
 5.79664e+19	2.02e-02	9.28e-01	5.21e-02
 5.97341e+19	2.15e-02	9.29e-01	4.95e-02
 6.17018e+19	2.32e-02	9.30e-01	4.65e-02
 6.38113e+19	2.53e-02	9.31e-01	4.39e-02
 6.56072e+19	2.74e-02	9.31e-01	4.19e-02
 6.70989e+19	2.96e-02	9.30e-01	4.03e-02
 6.84578e+19	3.18e-02	9.29e-01	3.89e-02
 6.97709e+19	3.44e-02	9.28e-01	3.77e-02
 7.10244e+19	3.72e-02	9.26e-01	3.66e-02
 7.21891e+19	4.02e-02	9.24e-01	3.56e-02
 7.32652e+19	4.35e-02	9.22e-01	3.47e-02
 7.42748e+19	4.69e-02	9.19e-01	3.40e-02
 7.52443e+19	5.07e-02	9.16e-01	3.33e-02
 7.61794e+19	5.49e-02	9.12e-01	3.27e-02
 7.70665e+19	5.93e-02	9.09e-01	3.21e-02
 7.79156e+19	6.40e-02	9.04e-01	3.17e-02
 7.87531e+19	6.93e-02	8.99e-01	3.12e-02
 7.95830e+19	7.51e-02	8.94e-01	3.09e-02
 8.03991e+19	8.14e-02	8.88e-01	3.05e-02
 8.12032e+19	8.83e-02	8.81e-01	3.02e-02
 8.21233e+19	9.71e-02	8.73e-01	3.00e-02
 8.30994e+19	1.07e-01	8.63e-01	2.97e-02
 8.39385e+19	1.17e-01	8.53e-01	2.95e-02
 8.47157e+19	1.28e-01	8.43e-01	2.93e-02
 8.55237e+19	1.40e-01	8.31e-01	2.91e-02
 8.63218e+19	1.52e-01	8.19e-01	2.90e-02
 8.70510e+19	1.64e-01	8.07e-01	2.89e-02
 8.77175e+19	1.76e-01	7.95e-01	2.89e-02
 8.83451e+19	1.89e-01	7.83e-01	2.88e-02
 8.88462e+19	1.98e-01	7.73e-01	2.88e-02
 8.92107e+19	2.06e-01	7.65e-01	2.88e-02
 8.95681e+19	2.14e-01	7.57e-01	2.87e-02
 8.99653e+19	2.23e-01	7.48e-01	2.86e-02
 9.03826e+19	2.33e-01	7.39e-01	2.86e-02
 9.08037e+19	2.43e-01	7.28e-01	2.85e-02
 9.12234e+19	2.54e-01	7.18e-01	2.84e-02
 9.16336e+19	2.64e-01	7.07e-01	2.83e-02
 9.20469e+19	2.75e-01	6.97e-01	2.82e-02
 9.24739e+19	2.87e-01	6.85e-01	2.81e-02
 9.29037e+19	2.99e-01	6.73e-01	2.80e-02
 9.33366e+19	3.12e-01	6.60e-01	2.79e-02
 9.37775e+19	3.25e-01	6.47e-01	2.77e-02
 9.42172e+19	3.39e-01	6.34e-01	2.75e-02
 9.46613e+19	3.52e-01	6.20e-01	2.73e-02
 9.51192e+19	3.67e-01	6.06e-01	2.71e-02
 9.55833e+19	3.82e-01	5.91e-01	2.69e-02
 9.60555e+19	3.98e-01	5.76e-01	2.66e-02
 9.65401e+19	4.14e-01	5.60e-01	2.63e-02
 9.70298e+19	4.30e-01	5.44e-01	2.60e-02
 9.75311e+19	4.47e-01	5.27e-01	2.56e-02
 9.80509e+19	4.64e-01	5.10e-01	2.52e-02
 9.85898e+19	4.82e-01	4.93e-01	2.48e-02
 9.91479e+19	5.01e-01	4.75e-01	2.43e-02
 9.97250e+19	5.19e-01	4.57e-01	2.37e-02
 1.00315e+20	5.38e-01	4.39e-01	2.32e-02
 1.00921e+20	5.56e-01	4.22e-01	2.26e-02
 1.01552e+20	5.74e-01	4.04e-01	2.19e-02
 1.02216e+20	5.92e-01	3.86e-01	2.13e-02
 1.02915e+20	6.11e-01	3.69e-01	2.05e-02
 1.03658e+20	6.28e-01	3.52e-01	1.98e-02
 1.04458e+20	6.46e-01	3.35e-01	1.90e-02
 1.05331e+20	6.63e-01	3.19e-01	1.82e-02
 1.06295e+20	6.79e-01	3.04e-01	1.74e-02
 1.07376e+20	6.95e-01	2.89e-01	1.65e-02
 1.08599e+20	7.10e-01	2.75e-01	1.57e-02
 1.09886e+20	7.22e-01	2.63e-01	1.49e-02
 1.11157e+20	7.32e-01	2.53e-01	1.42e-02
 1.12611e+20	7.42e-01	2.44e-01	1.34e-02
 1.14501e+20	7.53e-01	2.35e-01	1.26e-02
 1.16958e+20	7.64e-01	2.25e-01	1.17e-02
 1.20015e+20	7.74e-01	2.15e-01	1.07e-02
 1.23517e+20	7.85e-01	2.05e-01	9.72e-03
 1.27295e+20	7.95e-01	1.97e-01	8.83e-03
 1.31294e+20	8.04e-01	1.88e-01	8.02e-03
 1.35490e+20	8.13e-01	1.80e-01	7.27e-03
 1.39837e+20	8.21e-01	1.72e-01	6.60e-03
 1.44329e+20	8.30e-01	1.64e-01	5.98e-03
 1.49023e+20	8.38e-01	1.57e-01	5.41e-03
 1.53899e+20	8.45e-01	1.50e-01	4.91e-03
 1.58901e+20	8.52e-01	1.43e-01	4.45e-03
 1.64051e+20	8.59e-01	1.37e-01	4.04e-03
 1.69381e+20	8.65e-01	1.31e-01	3.67e-03
 1.74875e+20	8.72e-01	1.25e-01	3.33e-03
 1.80551e+20	8.78e-01	1.19e-01	3.02e-03
 1.86449e+20	8.83e-01	1.14e-01	2.74e-03
 1.92550e+20	8.89e-01	1.09e-01	2.48e-03
 1.98830e+20	8.94e-01	1.04e-01	2.25e-03
 2.05286e+20	8.99e-01	9.92e-02	2.04e-03
 2.11838e+20	9.03e-01	9.48e-02	1.86e-03
 2.18328e+20	9.08e-01	9.08e-02	1.69e-03
 2.24684e+20	9.11e-01	8.71e-02	1.55e-03
 2.30908e+20	9.15e-01	8.37e-02	1.43e-03
 2.36989e+20	9.18e-01	8.05e-02	1.32e-03
 2.42897e+20	9.21e-01	7.77e-02	1.22e-03
 2.48606e+20	9.24e-01	7.50e-02	1.13e-03
 2.54097e+20	9.26e-01	7.26e-02	1.06e-03
 2.59359e+20	9.29e-01	7.04e-02	9.91e-04
