#depth	O	O+	O+2	O+3	O+4	O+5	O+6	O+7	O+8	O[1]	O[2]	O[3]
 4.65474e+16	5.55e-07	1.34e-03	1.58e-01	6.63e-01	1.65e-01	1.20e-02	5.16e-04	2.83e-07	0.00e+00	5.55e-07	4.22e-11	4.80e-11
 2.79285e+17	5.54e-07	1.34e-03	1.58e-01	6.63e-01	1.65e-01	1.20e-02	5.15e-04	2.83e-07	0.00e+00	5.54e-07	4.22e-11	4.80e-11
 1.21023e+18	5.52e-07	1.34e-03	1.60e-01	6.62e-01	1.64e-01	1.19e-02	5.10e-04	2.80e-07	0.00e+00	5.52e-07	4.20e-11	4.78e-11
 4.93403e+18	5.47e-07	1.34e-03	1.67e-01	6.60e-01	1.60e-01	1.15e-02	4.92e-04	2.69e-07	0.00e+00	5.47e-07	4.16e-11	4.74e-11
 1.17858e+19	5.24e-07	1.33e-03	1.77e-01	6.57e-01	1.53e-01	1.09e-02	4.65e-04	2.53e-07	0.00e+00	5.24e-07	3.98e-11	4.53e-11
 2.06931e+19	5.24e-07	1.36e-03	1.92e-01	6.52e-01	1.45e-01	1.03e-02	4.32e-04	2.33e-07	0.00e+00	5.24e-07	3.97e-11	4.54e-11
 3.22726e+19	5.47e-07	1.45e-03	2.12e-01	6.42e-01	1.34e-01	9.34e-03	3.91e-04	2.10e-07	0.00e+00	5.47e-07	4.14e-11	4.73e-11
 4.73260e+19	6.03e-07	1.61e-03	2.43e-01	6.26e-01	1.21e-01	8.23e-03	3.43e-04	1.83e-07	0.00e+00	6.03e-07	4.56e-11	5.21e-11
 6.41737e+19	6.86e-07	1.85e-03	2.83e-01	6.02e-01	1.06e-01	7.03e-03	2.91e-04	1.54e-07	0.00e+00	6.86e-07	5.18e-11	5.93e-11
 7.92306e+19	7.82e-07	2.13e-03	3.26e-01	5.73e-01	9.27e-02	6.01e-03	2.48e-04	1.32e-07	0.00e+00	7.82e-07	5.90e-11	6.75e-11
 9.18706e+19	9.05e-07	2.45e-03	3.70e-01	5.42e-01	8.08e-02	5.13e-03	2.12e-04	0.00e+00	0.00e+00	9.04e-07	6.82e-11	7.81e-11
 1.03151e+20	1.05e-06	2.83e-03	4.16e-01	5.07e-01	6.97e-02	4.34e-03	1.79e-04	0.00e+00	0.00e+00	1.05e-06	7.95e-11	9.11e-11
 1.13350e+20	1.22e-06	3.24e-03	4.62e-01	4.71e-01	5.97e-02	3.65e-03	1.50e-04	0.00e+00	0.00e+00	1.22e-06	9.22e-11	1.06e-10
 1.22684e+20	1.41e-06	3.69e-03	5.09e-01	4.34e-01	5.06e-02	3.03e-03	1.25e-04	0.00e+00	0.00e+00	1.41e-06	1.06e-10	1.22e-10
 1.31492e+20	1.63e-06	4.18e-03	5.56e-01	3.95e-01	4.23e-02	2.49e-03	1.02e-04	0.00e+00	0.00e+00	1.63e-06	1.23e-10	1.41e-10
 1.40040e+20	1.88e-06	4.73e-03	6.03e-01	3.55e-01	3.46e-02	2.01e-03	8.20e-05	0.00e+00	0.00e+00	1.88e-06	1.42e-10	1.62e-10
 1.48433e+20	2.17e-06	5.33e-03	6.50e-01	3.16e-01	2.78e-02	1.59e-03	6.43e-05	0.00e+00	0.00e+00	2.17e-06	1.64e-10	1.87e-10
 1.56692e+20	2.50e-06	5.96e-03	6.94e-01	2.77e-01	2.19e-02	1.24e-03	4.94e-05	0.00e+00	0.00e+00	2.50e-06	1.88e-10	2.16e-10
 1.66113e+20	2.95e-06	6.76e-03	7.41e-01	2.35e-01	1.63e-02	9.14e-04	3.55e-05	0.00e+00	0.00e+00	2.95e-06	2.22e-10	2.54e-10
 1.75984e+20	3.44e-06	7.57e-03	7.83e-01	1.97e-01	1.19e-02	6.63e-04	2.49e-05	0.00e+00	0.00e+00	3.44e-06	2.58e-10	2.96e-10
 1.84379e+20	3.90e-06	8.25e-03	8.14e-01	1.68e-01	9.02e-03	5.04e-04	1.83e-05	0.00e+00	0.00e+00	3.90e-06	2.92e-10	3.36e-10
 1.93229e+20	4.47e-06	9.02e-03	8.42e-01	1.42e-01	6.73e-03	3.77e-04	1.31e-05	0.00e+00	0.00e+00	4.47e-06	3.34e-10	3.85e-10
 2.03042e+20	5.10e-06	9.79e-03	8.66e-01	1.19e-01	5.00e-03	2.81e-04	9.35e-06	0.00e+00	0.00e+00	5.10e-06	3.81e-10	4.39e-10
 2.12517e+20	5.76e-06	1.05e-02	8.85e-01	1.01e-01	3.83e-03	2.16e-04	6.87e-06	0.00e+00	0.00e+00	5.76e-06	4.29e-10	4.95e-10
 2.22504e+20	6.51e-06	1.12e-02	9.01e-01	8.50e-02	2.97e-03	1.67e-04	5.08e-06	0.00e+00	0.00e+00	6.51e-06	4.84e-10	5.60e-10
 2.33833e+20	7.42e-06	1.20e-02	9.15e-01	7.10e-02	2.31e-03	1.29e-04	3.75e-06	0.00e+00	0.00e+00	7.41e-06	5.50e-10	6.37e-10
 2.46480e+20	8.50e-06	1.29e-02	9.26e-01	5.90e-02	1.83e-03	9.98e-05	2.79e-06	0.00e+00	0.00e+00	8.50e-06	6.30e-10	7.30e-10
 2.60650e+20	9.82e-06	1.38e-02	9.36e-01	4.86e-02	1.49e-03	7.74e-05	2.11e-06	0.00e+00	0.00e+00	9.82e-06	7.27e-10	8.43e-10
 2.77217e+20	1.16e-05	1.48e-02	9.44e-01	3.96e-02	1.24e-03	5.94e-05	1.61e-06	0.00e+00	0.00e+00	1.16e-05	8.54e-10	9.91e-10
 2.97762e+20	1.41e-05	1.60e-02	9.52e-01	3.14e-02	1.06e-03	4.46e-05	1.24e-06	0.00e+00	0.00e+00	1.41e-05	1.04e-09	1.20e-09
 3.24232e+20	1.80e-05	1.76e-02	9.57e-01	2.40e-02	9.26e-04	3.22e-05	9.51e-07	0.00e+00	0.00e+00	1.80e-05	1.33e-09	1.55e-09
 3.52497e+20	2.35e-05	1.94e-02	9.61e-01	1.88e-02	8.49e-04	2.38e-05	7.74e-07	0.00e+00	0.00e+00	2.35e-05	1.73e-09	2.01e-09
 3.78614e+20	3.04e-05	2.14e-02	9.63e-01	1.53e-02	8.06e-04	1.84e-05	6.61e-07	0.00e+00	0.00e+00	3.04e-05	2.24e-09	2.60e-09
 3.98829e+20	3.73e-05	2.30e-02	9.63e-01	1.32e-02	7.84e-04	1.52e-05	5.95e-07	0.00e+00	0.00e+00	3.73e-05	2.74e-09	3.18e-09
 4.11758e+20	4.30e-05	2.42e-02	9.63e-01	1.21e-02	7.72e-04	1.35e-05	5.56e-07	0.00e+00	0.00e+00	4.30e-05	3.17e-09	3.67e-09
 4.24470e+20	4.99e-05	2.56e-02	9.63e-01	1.09e-02	7.61e-04	1.19e-05	5.19e-07	0.00e+00	0.00e+00	4.99e-05	3.68e-09	4.26e-09
 4.40995e+20	6.12e-05	2.77e-02	9.62e-01	9.65e-03	7.49e-04	1.00e-05	4.75e-07	0.00e+00	0.00e+00	6.12e-05	4.52e-09	5.23e-09
 4.57265e+20	7.52e-05	3.00e-02	9.61e-01	8.60e-03	7.40e-04	8.55e-06	4.37e-07	0.00e+00	0.00e+00	7.52e-05	5.55e-09	6.41e-09
 4.69283e+20	8.84e-05	3.19e-02	9.59e-01	7.89e-03	7.34e-04	7.57e-06	4.09e-07	0.00e+00	0.00e+00	8.84e-05	6.54e-09	7.54e-09
 4.79253e+20	1.02e-04	3.38e-02	9.58e-01	7.31e-03	7.29e-04	6.81e-06	3.86e-07	0.00e+00	0.00e+00	1.02e-04	7.55e-09	8.69e-09
 4.90480e+20	1.21e-04	3.63e-02	9.56e-01	6.69e-03	7.23e-04	6.00e-06	3.60e-07	0.00e+00	0.00e+00	1.21e-04	8.97e-09	1.03e-08
 5.02591e+20	1.46e-04	3.93e-02	9.54e-01	6.08e-03	7.18e-04	5.23e-06	3.34e-07	0.00e+00	0.00e+00	1.46e-04	1.09e-08	1.25e-08
 5.13000e+20	1.74e-04	4.22e-02	9.51e-01	5.59e-03	7.12e-04	4.63e-06	3.11e-07	0.00e+00	0.00e+00	1.74e-04	1.29e-08	1.48e-08
 5.21906e+20	2.03e-04	4.52e-02	9.49e-01	5.18e-03	7.08e-04	4.15e-06	2.92e-07	0.00e+00	0.00e+00	2.03e-04	1.52e-08	1.73e-08
 5.31713e+20	2.44e-04	4.90e-02	9.45e-01	4.74e-03	7.02e-04	3.65e-06	2.71e-07	0.00e+00	0.00e+00	2.44e-04	1.83e-08	2.07e-08
 5.42025e+20	2.97e-04	5.35e-02	9.41e-01	4.31e-03	6.97e-04	3.19e-06	2.49e-07	0.00e+00	0.00e+00	2.97e-04	2.24e-08	2.52e-08
 5.50599e+20	3.53e-04	5.79e-02	9.37e-01	3.97e-03	6.91e-04	2.82e-06	2.32e-07	0.00e+00	0.00e+00	3.53e-04	2.67e-08	3.00e-08
 5.57971e+20	4.13e-04	6.22e-02	9.33e-01	3.69e-03	6.86e-04	2.54e-06	2.17e-07	0.00e+00	0.00e+00	4.13e-04	3.14e-08	3.50e-08
 5.66175e+20	4.98e-04	6.79e-02	9.28e-01	3.38e-03	6.79e-04	2.23e-06	2.00e-07	0.00e+00	0.00e+00	4.98e-04	3.81e-08	4.22e-08
 5.74900e+20	6.11e-04	7.47e-02	9.21e-01	3.07e-03	6.71e-04	1.93e-06	1.82e-07	0.00e+00	0.00e+00	6.11e-04	4.71e-08	5.17e-08
 5.82317e+20	7.32e-04	8.14e-02	9.14e-01	2.82e-03	6.63e-04	1.71e-06	1.67e-07	0.00e+00	0.00e+00	7.32e-04	5.68e-08	6.19e-08
 5.88812e+20	8.66e-04	8.83e-02	9.08e-01	2.60e-03	6.55e-04	1.52e-06	1.55e-07	0.00e+00	0.00e+00	8.66e-04	6.78e-08	7.31e-08
 5.96095e+20	1.06e-03	9.74e-02	8.99e-01	2.36e-03	6.45e-04	1.32e-06	1.40e-07	0.00e+00	0.00e+00	1.06e-03	8.39e-08	8.94e-08
 6.03786e+20	1.32e-03	1.08e-01	8.88e-01	2.12e-03	6.33e-04	1.14e-06	1.26e-07	0.00e+00	0.00e+00	1.32e-03	1.06e-07	1.11e-07
 6.10284e+20	1.60e-03	1.19e-01	8.77e-01	1.93e-03	6.22e-04	9.91e-07	0.00e+00	0.00e+00	0.00e+00	1.60e-03	1.30e-07	1.34e-07
 6.15946e+20	1.92e-03	1.30e-01	8.66e-01	1.77e-03	6.11e-04	8.73e-07	0.00e+00	0.00e+00	0.00e+00	1.91e-03	1.58e-07	1.61e-07
 6.22243e+20	2.37e-03	1.45e-01	8.51e-01	1.59e-03	5.95e-04	7.48e-07	0.00e+00	0.00e+00	0.00e+00	2.37e-03	1.99e-07	1.99e-07
 6.28787e+20	2.97e-03	1.62e-01	8.33e-01	1.41e-03	5.78e-04	6.35e-07	0.00e+00	0.00e+00	0.00e+00	2.97e-03	2.54e-07	2.49e-07
 6.34129e+20	3.61e-03	1.78e-01	8.16e-01	1.28e-03	5.62e-04	5.50e-07	0.00e+00	0.00e+00	0.00e+00	3.61e-03	3.14e-07	3.01e-07
 6.38683e+20	4.30e-03	1.94e-01	8.00e-01	1.16e-03	5.46e-04	4.82e-07	0.00e+00	0.00e+00	0.00e+00	4.30e-03	3.79e-07	3.58e-07
 6.43738e+20	5.30e-03	2.15e-01	7.78e-01	1.04e-03	5.25e-04	4.11e-07	0.00e+00	0.00e+00	0.00e+00	5.30e-03	4.74e-07	4.40e-07
 6.49063e+20	6.61e-03	2.40e-01	7.52e-01	9.19e-04	5.01e-04	3.44e-07	0.00e+00	0.00e+00	0.00e+00	6.61e-03	6.01e-07	5.47e-07
 6.53524e+20	8.03e-03	2.63e-01	7.28e-01	8.22e-04	4.79e-04	2.94e-07	0.00e+00	0.00e+00	0.00e+00	8.02e-03	7.40e-07	6.63e-07
 6.57373e+20	9.57e-03	2.86e-01	7.03e-01	7.41e-04	4.58e-04	2.53e-07	0.00e+00	0.00e+00	0.00e+00	9.57e-03	8.91e-07	7.88e-07
 6.61646e+20	1.18e-02	3.15e-01	6.72e-01	6.53e-04	4.31e-04	2.11e-07	0.00e+00	0.00e+00	0.00e+00	1.18e-02	1.11e-06	9.66e-07
 6.66161e+20	1.47e-02	3.49e-01	6.35e-01	5.67e-04	4.00e-04	1.72e-07	0.00e+00	0.00e+00	0.00e+00	1.47e-02	1.40e-06	1.20e-06
 6.69959e+20	1.78e-02	3.81e-01	6.00e-01	4.99e-04	3.72e-04	1.43e-07	0.00e+00	0.00e+00	0.00e+00	1.78e-02	1.70e-06	1.45e-06
 6.73255e+20	2.12e-02	4.11e-01	5.67e-01	4.43e-04	3.46e-04	1.20e-07	0.00e+00	0.00e+00	0.00e+00	2.12e-02	2.04e-06	1.72e-06
 6.76930e+20	2.60e-02	4.48e-01	5.25e-01	3.82e-04	3.13e-04	0.00e+00	0.00e+00	0.00e+00	0.00e+00	2.60e-02	2.51e-06	2.10e-06
 6.80840e+20	3.23e-02	4.89e-01	4.78e-01	3.24e-04	2.78e-04	0.00e+00	0.00e+00	0.00e+00	0.00e+00	3.23e-02	3.12e-06	2.59e-06
 6.84182e+20	3.91e-02	5.26e-01	4.34e-01	2.78e-04	2.46e-04	0.00e+00	0.00e+00	0.00e+00	0.00e+00	3.91e-02	3.78e-06	3.12e-06
 6.87126e+20	4.65e-02	5.59e-01	3.94e-01	2.40e-04	2.18e-04	0.00e+00	0.00e+00	0.00e+00	0.00e+00	4.65e-02	4.48e-06	3.68e-06
 6.89742e+20	5.42e-02	5.89e-01	3.57e-01	2.10e-04	1.92e-04	0.00e+00	0.00e+00	0.00e+00	0.00e+00	5.42e-02	5.21e-06	4.27e-06
 6.91973e+20	6.20e-02	6.13e-01	3.24e-01	1.86e-04	1.71e-04	0.00e+00	0.00e+00	0.00e+00	0.00e+00	6.20e-02	5.94e-06	4.85e-06
 6.94072e+20	7.05e-02	6.36e-01	2.93e-01	1.64e-04	1.51e-04	0.00e+00	0.00e+00	0.00e+00	0.00e+00	7.05e-02	6.72e-06	5.48e-06
 6.96481e+20	8.19e-02	6.60e-01	2.57e-01	1.42e-04	1.28e-04	0.00e+00	0.00e+00	0.00e+00	0.00e+00	8.19e-02	7.76e-06	6.31e-06
 6.98946e+20	9.53e-02	6.82e-01	2.22e-01	1.21e-04	1.07e-04	0.00e+00	0.00e+00	0.00e+00	0.00e+00	9.52e-02	8.95e-06	7.26e-06
 7.00898e+20	1.08e-01	6.97e-01	1.95e-01	1.06e-04	9.13e-05	0.00e+00	0.00e+00	0.00e+00	0.00e+00	1.08e-01	1.00e-05	8.12e-06
 7.02538e+20	1.19e-01	7.07e-01	1.74e-01	9.52e-05	7.91e-05	0.00e+00	0.00e+00	0.00e+00	0.00e+00	1.19e-01	1.10e-05	8.89e-06
 7.04358e+20	1.34e-01	7.16e-01	1.50e-01	8.33e-05	6.59e-05	0.00e+00	0.00e+00	0.00e+00	0.00e+00	1.34e-01	1.22e-05	9.89e-06
 7.06321e+20	1.51e-01	7.22e-01	1.26e-01	7.20e-05	5.35e-05	0.00e+00	0.00e+00	0.00e+00	0.00e+00	1.51e-01	1.36e-05	1.10e-05
 7.08035e+20	1.68e-01	7.24e-01	1.08e-01	6.33e-05	4.40e-05	0.00e+00	0.00e+00	0.00e+00	0.00e+00	1.68e-01	1.50e-05	1.21e-05
 7.09551e+20	1.84e-01	7.23e-01	9.24e-02	5.64e-05	3.65e-05	0.00e+00	0.00e+00	0.00e+00	0.00e+00	1.84e-01	1.62e-05	1.31e-05
 7.11248e+20	2.05e-01	7.18e-01	7.63e-02	4.90e-05	2.89e-05	0.00e+00	0.00e+00	0.00e+00	0.00e+00	2.05e-01	1.78e-05	1.43e-05
 7.13054e+20	2.29e-01	7.09e-01	6.17e-02	4.23e-05	2.23e-05	0.00e+00	0.00e+00	0.00e+00	0.00e+00	2.29e-01	1.94e-05	1.57e-05
 7.14613e+20	2.52e-01	6.97e-01	5.06e-02	3.70e-05	1.75e-05	0.00e+00	0.00e+00	0.00e+00	0.00e+00	2.52e-01	2.09e-05	1.69e-05
 7.16017e+20	2.74e-01	6.84e-01	4.18e-02	3.29e-05	1.39e-05	0.00e+00	0.00e+00	0.00e+00	0.00e+00	2.74e-01	2.23e-05	1.79e-05
 7.17605e+20	3.02e-01	6.65e-01	3.30e-02	2.85e-05	1.05e-05	0.00e+00	0.00e+00	0.00e+00	0.00e+00	3.02e-01	2.39e-05	1.92e-05
 7.19353e+20	3.35e-01	6.40e-01	2.52e-02	2.43e-05	7.59e-06	0.00e+00	0.00e+00	0.00e+00	0.00e+00	3.34e-01	2.56e-05	2.06e-05
 7.20955e+20	3.67e-01	6.14e-01	1.93e-02	2.10e-05	5.51e-06	0.00e+00	0.00e+00	0.00e+00	0.00e+00	3.67e-01	2.71e-05	2.18e-05
 7.22428e+20	3.98e-01	5.87e-01	1.48e-02	1.82e-05	4.05e-06	0.00e+00	0.00e+00	0.00e+00	0.00e+00	3.98e-01	2.83e-05	2.28e-05
 7.23862e+20	4.30e-01	5.59e-01	1.13e-02	1.58e-05	2.95e-06	0.00e+00	0.00e+00	0.00e+00	0.00e+00	4.30e-01	2.94e-05	2.37e-05
 7.25241e+20	4.62e-01	5.30e-01	8.64e-03	1.38e-05	2.15e-06	0.00e+00	0.00e+00	0.00e+00	0.00e+00	4.62e-01	3.03e-05	2.44e-05
 7.26475e+20	4.91e-01	5.02e-01	6.71e-03	1.22e-05	1.60e-06	0.00e+00	0.00e+00	0.00e+00	0.00e+00	4.91e-01	3.10e-05	2.49e-05
 7.27551e+20	5.17e-01	4.78e-01	5.34e-03	1.10e-05	1.23e-06	0.00e+00	0.00e+00	0.00e+00	0.00e+00	5.17e-01	3.14e-05	2.52e-05
 7.28540e+20	5.41e-01	4.55e-01	4.29e-03	9.90e-06	9.59e-07	0.00e+00	0.00e+00	0.00e+00	0.00e+00	5.41e-01	3.17e-05	2.55e-05
 7.29484e+20	5.64e-01	4.32e-01	3.46e-03	8.97e-06	7.51e-07	0.00e+00	0.00e+00	0.00e+00	0.00e+00	5.64e-01	3.19e-05	2.56e-05
 7.30380e+20	5.86e-01	4.11e-01	2.81e-03	8.16e-06	5.94e-07	0.00e+00	0.00e+00	0.00e+00	0.00e+00	5.86e-01	3.19e-05	2.56e-05
 7.31069e+20	6.02e-01	3.95e-01	2.41e-03	7.61e-06	4.98e-07	0.00e+00	0.00e+00	0.00e+00	0.00e+00	6.02e-01	3.19e-05	2.56e-05
 7.31525e+20	6.13e-01	3.85e-01	2.17e-03	7.26e-06	4.42e-07	0.00e+00	0.00e+00	0.00e+00	0.00e+00	6.13e-01	3.19e-05	2.55e-05
 7.31959e+20	6.24e-01	3.74e-01	1.95e-03	6.92e-06	3.92e-07	0.00e+00	0.00e+00	0.00e+00	0.00e+00	6.24e-01	3.18e-05	2.55e-05
 7.32457e+20	6.36e-01	3.62e-01	1.72e-03	6.55e-06	3.41e-07	0.00e+00	0.00e+00	0.00e+00	0.00e+00	6.36e-01	3.17e-05	2.54e-05
 7.32983e+20	6.49e-01	3.50e-01	1.51e-03	6.18e-06	2.95e-07	0.00e+00	0.00e+00	0.00e+00	0.00e+00	6.48e-01	3.15e-05	2.52e-05
 7.33494e+20	6.60e-01	3.38e-01	1.33e-03	5.85e-06	2.57e-07	0.00e+00	0.00e+00	0.00e+00	0.00e+00	6.60e-01	3.13e-05	2.51e-05
 7.33989e+20	6.72e-01	3.27e-01	1.18e-03	5.55e-06	2.24e-07	0.00e+00	0.00e+00	0.00e+00	0.00e+00	6.72e-01	3.11e-05	2.49e-05
 7.34484e+20	6.83e-01	3.16e-01	1.04e-03	5.25e-06	1.95e-07	0.00e+00	0.00e+00	0.00e+00	0.00e+00	6.83e-01	3.09e-05	2.47e-05
 7.34977e+20	6.94e-01	3.05e-01	9.18e-04	4.98e-06	1.70e-07	0.00e+00	0.00e+00	0.00e+00	0.00e+00	6.94e-01	3.06e-05	2.45e-05
 7.35468e+20	7.06e-01	2.94e-01	8.10e-04	4.71e-06	1.48e-07	0.00e+00	0.00e+00	0.00e+00	0.00e+00	7.05e-01	3.03e-05	2.42e-05
 7.35956e+20	7.16e-01	2.83e-01	7.17e-04	4.46e-06	1.30e-07	0.00e+00	0.00e+00	0.00e+00	0.00e+00	7.16e-01	3.00e-05	2.40e-05
 7.36441e+20	7.27e-01	2.73e-01	6.34e-04	4.23e-06	0.00e+00	0.00e+00	0.00e+00	0.00e+00	0.00e+00	7.26e-01	2.96e-05	2.37e-05
 7.36927e+20	7.36e-01	2.63e-01	5.62e-04	4.01e-06	0.00e+00	0.00e+00	0.00e+00	0.00e+00	0.00e+00	7.36e-01	2.93e-05	2.34e-05
 7.37414e+20	7.47e-01	2.53e-01	4.97e-04	3.79e-06	0.00e+00	0.00e+00	0.00e+00	0.00e+00	0.00e+00	7.47e-01	2.89e-05	2.30e-05
 7.37897e+20	7.56e-01	2.43e-01	4.42e-04	3.60e-06	0.00e+00	0.00e+00	0.00e+00	0.00e+00	0.00e+00	7.56e-01	2.85e-05	2.27e-05
 7.38376e+20	7.66e-01	2.34e-01	3.94e-04	3.41e-06	0.00e+00	0.00e+00	0.00e+00	0.00e+00	0.00e+00	7.66e-01	2.81e-05	2.24e-05
 7.38859e+20	7.75e-01	2.25e-01	3.51e-04	3.23e-06	0.00e+00	0.00e+00	0.00e+00	0.00e+00	0.00e+00	7.75e-01	2.77e-05	2.21e-05
 7.39346e+20	7.84e-01	2.16e-01	3.13e-04	3.06e-06	0.00e+00	0.00e+00	0.00e+00	0.00e+00	0.00e+00	7.84e-01	2.72e-05	2.17e-05
 7.39830e+20	7.92e-01	2.08e-01	2.81e-04	2.90e-06	0.00e+00	0.00e+00	0.00e+00	0.00e+00	0.00e+00	7.92e-01	2.68e-05	2.14e-05
 7.40312e+20	8.01e-01	1.99e-01	2.53e-04	2.75e-06	0.00e+00	0.00e+00	0.00e+00	0.00e+00	0.00e+00	8.00e-01	2.64e-05	2.10e-05
 7.40800e+20	8.08e-01	1.91e-01	2.28e-04	2.61e-06	0.00e+00	0.00e+00	0.00e+00	0.00e+00	0.00e+00	8.08e-01	2.60e-05	2.06e-05
 7.41295e+20	8.16e-01	1.83e-01	2.06e-04	2.48e-06	0.00e+00	0.00e+00	0.00e+00	0.00e+00	0.00e+00	8.16e-01	2.55e-05	2.03e-05
 7.41791e+20	8.24e-01	1.76e-01	1.88e-04	2.35e-06	0.00e+00	0.00e+00	0.00e+00	0.00e+00	0.00e+00	8.24e-01	2.51e-05	1.99e-05
 7.42283e+20	8.31e-01	1.69e-01	1.71e-04	2.23e-06	0.00e+00	0.00e+00	0.00e+00	0.00e+00	0.00e+00	8.31e-01	2.47e-05	1.96e-05
 7.42777e+20	8.38e-01	1.62e-01	1.58e-04	2.12e-06	0.00e+00	0.00e+00	0.00e+00	0.00e+00	0.00e+00	8.38e-01	2.42e-05	1.92e-05
 7.43272e+20	8.44e-01	1.56e-01	1.46e-04	2.02e-06	0.00e+00	0.00e+00	0.00e+00	0.00e+00	0.00e+00	8.44e-01	2.38e-05	1.89e-05
 7.43770e+20	8.50e-01	1.50e-01	1.35e-04	1.92e-06	0.00e+00	0.00e+00	0.00e+00	0.00e+00	0.00e+00	8.50e-01	2.35e-05	1.86e-05
 7.44267e+20	8.56e-01	1.44e-01	1.27e-04	1.83e-06	0.00e+00	0.00e+00	0.00e+00	0.00e+00	0.00e+00	8.56e-01	2.31e-05	1.83e-05
 7.44769e+20	8.62e-01	1.38e-01	1.19e-04	1.75e-06	0.00e+00	0.00e+00	0.00e+00	0.00e+00	0.00e+00	8.62e-01	2.27e-05	1.80e-05
 7.45279e+20	8.67e-01	1.33e-01	1.12e-04	1.67e-06	0.00e+00	0.00e+00	0.00e+00	0.00e+00	0.00e+00	8.67e-01	2.24e-05	1.77e-05
 7.45792e+20	8.72e-01	1.28e-01	1.07e-04	1.60e-06	0.00e+00	0.00e+00	0.00e+00	0.00e+00	0.00e+00	8.72e-01	2.20e-05	1.74e-05
 7.46312e+20	8.76e-01	1.24e-01	1.02e-04	1.53e-06	0.00e+00	0.00e+00	0.00e+00	0.00e+00	0.00e+00	8.76e-01	2.17e-05	1.71e-05
 7.46848e+20	8.81e-01	1.19e-01	9.77e-05	1.47e-06	0.00e+00	0.00e+00	0.00e+00	0.00e+00	0.00e+00	8.80e-01	2.14e-05	1.69e-05
 7.47403e+20	8.85e-01	1.15e-01	9.40e-05	1.41e-06	0.00e+00	0.00e+00	0.00e+00	0.00e+00	0.00e+00	8.85e-01	2.11e-05	1.66e-05
 7.47979e+20	8.88e-01	1.12e-01	9.08e-05	1.36e-06	0.00e+00	0.00e+00	0.00e+00	0.00e+00	0.00e+00	8.88e-01	2.08e-05	1.64e-05
 7.48576e+20	8.92e-01	1.08e-01	8.81e-05	1.31e-06	0.00e+00	0.00e+00	0.00e+00	0.00e+00	0.00e+00	8.92e-01	2.06e-05	1.62e-05
 7.49207e+20	8.95e-01	1.05e-01	8.57e-05	1.26e-06	0.00e+00	0.00e+00	0.00e+00	0.00e+00	0.00e+00	8.95e-01	2.03e-05	1.60e-05
 7.49887e+20	8.98e-01	1.01e-01	8.36e-05	1.22e-06	0.00e+00	0.00e+00	0.00e+00	0.00e+00	0.00e+00	8.98e-01	2.01e-05	1.58e-05
 7.50626e+20	9.01e-01	9.86e-02	8.18e-05	1.18e-06	0.00e+00	0.00e+00	0.00e+00	0.00e+00	0.00e+00	9.01e-01	1.98e-05	1.56e-05
 7.51441e+20	9.04e-01	9.59e-02	8.03e-05	1.15e-06	0.00e+00	0.00e+00	0.00e+00	0.00e+00	0.00e+00	9.04e-01	1.96e-05	1.54e-05
 7.52359e+20	9.06e-01	9.35e-02	7.89e-05	1.11e-06	0.00e+00	0.00e+00	0.00e+00	0.00e+00	0.00e+00	9.06e-01	1.94e-05	1.53e-05
 7.53427e+20	9.09e-01	9.12e-02	7.78e-05	1.08e-06	0.00e+00	0.00e+00	0.00e+00	0.00e+00	0.00e+00	9.09e-01	1.93e-05	1.51e-05
 7.54593e+20	9.10e-01	8.95e-02	7.69e-05	1.06e-06	0.00e+00	0.00e+00	0.00e+00	0.00e+00	0.00e+00	9.10e-01	1.91e-05	1.50e-05
 7.55764e+20	9.12e-01	8.81e-02	7.63e-05	1.04e-06	0.00e+00	0.00e+00	0.00e+00	0.00e+00	0.00e+00	9.12e-01	1.90e-05	1.49e-05
 7.56925e+20	9.13e-01	8.71e-02	7.58e-05	1.03e-06	0.00e+00	0.00e+00	0.00e+00	0.00e+00	0.00e+00	9.13e-01	1.89e-05	1.49e-05
 7.58078e+20	9.14e-01	8.64e-02	7.54e-05	1.02e-06	0.00e+00	0.00e+00	0.00e+00	0.00e+00	0.00e+00	9.13e-01	1.89e-05	1.48e-05
 7.59226e+20	9.14e-01	8.58e-02	7.52e-05	1.01e-06	0.00e+00	0.00e+00	0.00e+00	0.00e+00	0.00e+00	9.14e-01	1.88e-05	1.48e-05
 7.60371e+20	9.15e-01	8.50e-02	7.49e-05	9.99e-07	0.00e+00	0.00e+00	0.00e+00	0.00e+00	0.00e+00	9.15e-01	1.88e-05	1.47e-05
 7.61511e+20	9.15e-01	8.47e-02	7.48e-05	9.94e-07	0.00e+00	0.00e+00	0.00e+00	0.00e+00	0.00e+00	9.15e-01	1.88e-05	1.47e-05
 7.62650e+20	9.15e-01	8.45e-02	7.47e-05	9.90e-07	0.00e+00	0.00e+00	0.00e+00	0.00e+00	0.00e+00	9.15e-01	1.87e-05	1.47e-05
 7.63958e+20	9.16e-01	8.42e-02	7.45e-05	9.86e-07	0.00e+00	0.00e+00	0.00e+00	0.00e+00	0.00e+00	9.16e-01	1.87e-05	1.47e-05
 7.65659e+20	9.16e-01	8.38e-02	7.43e-05	9.81e-07	0.00e+00	0.00e+00	0.00e+00	0.00e+00	0.00e+00	9.16e-01	1.87e-05	1.46e-05
 7.67870e+20	9.16e-01	8.37e-02	7.42e-05	9.79e-07	0.00e+00	0.00e+00	0.00e+00	0.00e+00	0.00e+00	9.16e-01	1.87e-05	1.46e-05
 7.70745e+20	9.17e-01	8.33e-02	7.40e-05	9.72e-07	0.00e+00	0.00e+00	0.00e+00	0.00e+00	0.00e+00	9.17e-01	1.87e-05	1.46e-05
 7.74482e+20	9.17e-01	8.28e-02	7.38e-05	9.65e-07	0.00e+00	0.00e+00	0.00e+00	0.00e+00	0.00e+00	9.17e-01	1.86e-05	1.45e-05
 7.79339e+20	9.18e-01	8.22e-02	7.35e-05	9.55e-07	0.00e+00	0.00e+00	0.00e+00	0.00e+00	0.00e+00	9.18e-01	1.86e-05	1.45e-05
 7.85655e+20	9.18e-01	8.15e-02	7.31e-05	9.44e-07	0.00e+00	0.00e+00	0.00e+00	0.00e+00	0.00e+00	9.18e-01	1.86e-05	1.45e-05
 7.93864e+20	9.19e-01	8.05e-02	7.26e-05	9.28e-07	0.00e+00	0.00e+00	0.00e+00	0.00e+00	0.00e+00	9.19e-01	1.85e-05	1.44e-05
 8.04537e+20	9.21e-01	7.93e-02	7.20e-05	9.09e-07	0.00e+00	0.00e+00	0.00e+00	0.00e+00	0.00e+00	9.21e-01	1.85e-05	1.43e-05
 8.18411e+20	9.22e-01	7.79e-02	7.13e-05	8.87e-07	0.00e+00	0.00e+00	0.00e+00	0.00e+00	0.00e+00	9.22e-01	1.84e-05	1.42e-05
 8.36448e+20	9.24e-01	7.61e-02	7.04e-05	8.59e-07	0.00e+00	0.00e+00	0.00e+00	0.00e+00	0.00e+00	9.24e-01	1.83e-05	1.41e-05
 8.59896e+20	9.26e-01	7.40e-02	6.93e-05	8.25e-07	0.00e+00	0.00e+00	0.00e+00	0.00e+00	0.00e+00	9.26e-01	1.82e-05	1.39e-05
 8.90377e+20	9.29e-01	7.14e-02	6.81e-05	7.85e-07	0.00e+00	0.00e+00	0.00e+00	0.00e+00	0.00e+00	9.29e-01	1.81e-05	1.37e-05
 9.25951e+20	9.31e-01	6.88e-02	6.67e-05	7.44e-07	0.00e+00	0.00e+00	0.00e+00	0.00e+00	0.00e+00	9.31e-01	1.80e-05	1.35e-05
 9.62737e+20	9.34e-01	6.63e-02	6.55e-05	7.06e-07	0.00e+00	0.00e+00	0.00e+00	0.00e+00	0.00e+00	9.34e-01	1.79e-05	1.34e-05
 1.00019e+21	9.36e-01	6.41e-02	6.44e-05	6.71e-07	0.00e+00	0.00e+00	0.00e+00	0.00e+00	0.00e+00	9.36e-01	1.79e-05	1.32e-05
 1.03974e+21	9.38e-01	6.18e-02	6.33e-05	6.37e-07	0.00e+00	0.00e+00	0.00e+00	0.00e+00	0.00e+00	9.38e-01	1.78e-05	1.30e-05
 1.08258e+21	9.40e-01	5.96e-02	6.21e-05	6.03e-07	0.00e+00	0.00e+00	0.00e+00	0.00e+00	0.00e+00	9.40e-01	1.77e-05	1.29e-05
 1.12846e+21	9.42e-01	5.75e-02	6.10e-05	5.70e-07	0.00e+00	0.00e+00	0.00e+00	0.00e+00	0.00e+00	9.42e-01	1.77e-05	1.27e-05
 1.17626e+21	9.45e-01	5.54e-02	5.99e-05	5.39e-07	0.00e+00	0.00e+00	0.00e+00	0.00e+00	0.00e+00	9.44e-01	1.76e-05	1.25e-05
 1.22605e+21	9.46e-01	5.34e-02	5.88e-05	5.10e-07	0.00e+00	0.00e+00	0.00e+00	0.00e+00	0.00e+00	9.46e-01	1.76e-05	1.24e-05
 1.27891e+21	9.48e-01	5.15e-02	5.77e-05	4.81e-07	0.00e+00	0.00e+00	0.00e+00	0.00e+00	0.00e+00	9.48e-01	1.75e-05	1.22e-05
 1.33498e+21	9.50e-01	4.97e-02	5.67e-05	4.54e-07	0.00e+00	0.00e+00	0.00e+00	0.00e+00	0.00e+00	9.50e-01	1.75e-05	1.20e-05
 1.39355e+21	9.52e-01	4.79e-02	5.56e-05	4.27e-07	0.00e+00	0.00e+00	0.00e+00	0.00e+00	0.00e+00	9.52e-01	1.75e-05	1.18e-05
 1.45489e+21	9.54e-01	4.62e-02	5.45e-05	4.02e-07	0.00e+00	0.00e+00	0.00e+00	0.00e+00	0.00e+00	9.54e-01	1.74e-05	1.16e-05
 1.51989e+21	9.56e-01	4.44e-02	5.34e-05	3.78e-07	0.00e+00	0.00e+00	0.00e+00	0.00e+00	0.00e+00	9.55e-01	1.74e-05	1.15e-05
 1.58908e+21	9.57e-01	4.28e-02	5.23e-05	3.54e-07	0.00e+00	0.00e+00	0.00e+00	0.00e+00	0.00e+00	9.57e-01	1.73e-05	1.13e-05
 1.66175e+21	9.59e-01	4.12e-02	5.12e-05	3.32e-07	0.00e+00	0.00e+00	0.00e+00	0.00e+00	0.00e+00	9.59e-01	1.73e-05	1.11e-05
 1.73719e+21	9.60e-01	3.97e-02	5.01e-05	3.11e-07	0.00e+00	0.00e+00	0.00e+00	0.00e+00	0.00e+00	9.60e-01	1.72e-05	1.10e-05
 1.81633e+21	9.62e-01	3.82e-02	4.89e-05	2.91e-07	0.00e+00	0.00e+00	0.00e+00	0.00e+00	0.00e+00	9.62e-01	1.72e-05	1.08e-05
 1.89978e+21	9.63e-01	3.68e-02	4.78e-05	2.72e-07	0.00e+00	0.00e+00	0.00e+00	0.00e+00	0.00e+00	9.63e-01	1.71e-05	1.07e-05
 1.98757e+21	9.65e-01	3.54e-02	4.66e-05	2.53e-07	0.00e+00	0.00e+00	0.00e+00	0.00e+00	0.00e+00	9.64e-01	1.70e-05	1.05e-05
 2.07986e+21	9.66e-01	3.41e-02	4.54e-05	2.36e-07	0.00e+00	0.00e+00	0.00e+00	0.00e+00	0.00e+00	9.66e-01	1.69e-05	1.04e-05
 2.17669e+21	9.67e-01	3.28e-02	4.42e-05	2.19e-07	0.00e+00	0.00e+00	0.00e+00	0.00e+00	0.00e+00	9.67e-01	1.68e-05	1.03e-05
 2.27500e+21	9.68e-01	3.17e-02	4.30e-05	2.04e-07	0.00e+00	0.00e+00	0.00e+00	0.00e+00	0.00e+00	9.68e-01	1.67e-05	1.01e-05
 2.37043e+21	9.69e-01	3.06e-02	4.19e-05	1.91e-07	0.00e+00	0.00e+00	0.00e+00	0.00e+00	0.00e+00	9.69e-01	1.66e-05	1.00e-05
 2.46272e+21	9.70e-01	2.96e-02	4.09e-05	1.79e-07	0.00e+00	0.00e+00	0.00e+00	0.00e+00	0.00e+00	9.70e-01	1.64e-05	9.93e-06
 2.56557e+21	9.71e-01	2.86e-02	3.98e-05	1.67e-07	0.00e+00	0.00e+00	0.00e+00	0.00e+00	0.00e+00	9.71e-01	1.62e-05	9.83e-06
 2.67429e+21	9.72e-01	2.76e-02	3.87e-05	1.55e-07	0.00e+00	0.00e+00	0.00e+00	0.00e+00	0.00e+00	9.72e-01	1.60e-05	9.72e-06
 2.76860e+21	9.73e-01	2.68e-02	3.78e-05	1.46e-07	0.00e+00	0.00e+00	0.00e+00	0.00e+00	0.00e+00	9.73e-01	1.57e-05	9.64e-06
 2.85243e+21	9.74e-01	2.62e-02	3.70e-05	1.38e-07	0.00e+00	0.00e+00	0.00e+00	0.00e+00	0.00e+00	9.74e-01	1.55e-05	9.57e-06
 2.94681e+21	9.75e-01	2.54e-02	3.61e-05	1.30e-07	0.00e+00	0.00e+00	0.00e+00	0.00e+00	0.00e+00	9.75e-01	1.52e-05	9.48e-06
 3.05139e+21	9.75e-01	2.46e-02	3.52e-05	1.22e-07	0.00e+00	0.00e+00	0.00e+00	0.00e+00	0.00e+00	9.75e-01	1.48e-05	9.40e-06
 3.14616e+21	9.76e-01	2.39e-02	3.44e-05	0.00e+00	0.00e+00	0.00e+00	0.00e+00	0.00e+00	0.00e+00	9.76e-01	1.44e-05	9.32e-06
 3.23061e+21	9.77e-01	2.33e-02	3.37e-05	0.00e+00	0.00e+00	0.00e+00	0.00e+00	0.00e+00	0.00e+00	9.77e-01	1.41e-05	9.25e-06
 3.32025e+21	9.77e-01	2.27e-02	3.30e-05	0.00e+00	0.00e+00	0.00e+00	0.00e+00	0.00e+00	0.00e+00	9.77e-01	1.37e-05	9.18e-06
 3.41923e+21	9.78e-01	2.19e-02	3.23e-05	0.00e+00	0.00e+00	0.00e+00	0.00e+00	0.00e+00	0.00e+00	9.78e-01	1.32e-05	9.10e-06
 3.51425e+21	9.79e-01	2.11e-02	3.17e-05	0.00e+00	0.00e+00	0.00e+00	0.00e+00	0.00e+00	0.00e+00	9.79e-01	1.26e-05	9.02e-06
