#depth	He	He+	He+2
 1.44761e+17	1.84e-05	3.16e-02	9.68e-01
 8.68566e+17	1.83e-05	3.16e-02	9.68e-01
 3.76379e+18	1.82e-05	3.16e-02	9.68e-01
 1.53447e+19	1.77e-05	3.19e-02	9.68e-01
 3.66535e+19	1.63e-05	3.12e-02	9.69e-01
 6.43549e+19	1.56e-05	3.14e-02	9.69e-01
 1.00367e+20	1.56e-05	3.25e-02	9.67e-01
 1.47182e+20	1.63e-05	3.50e-02	9.65e-01
 2.08042e+20	1.81e-05	3.98e-02	9.60e-01
 2.71319e+20	2.05e-05	4.65e-02	9.54e-01
 3.22940e+20	2.37e-05	5.46e-02	9.45e-01
 3.65166e+20	2.76e-05	6.37e-02	9.36e-01
 4.03068e+20	3.22e-05	7.43e-02	9.26e-01
 4.39177e+20	3.79e-05	8.71e-02	9.13e-01
 4.73432e+20	4.49e-05	1.03e-01	8.97e-01
 5.05119e+20	5.30e-05	1.20e-01	8.80e-01
 5.34193e+20	6.23e-05	1.41e-01	8.59e-01
 5.61237e+20	7.28e-05	1.63e-01	8.37e-01
 5.87051e+20	8.51e-05	1.88e-01	8.12e-01
 6.09687e+20	9.58e-05	2.13e-01	7.87e-01
 6.32492e+20	1.13e-04	2.42e-01	7.58e-01
 6.54343e+20	1.28e-04	2.72e-01	7.28e-01
 6.71649e+20	1.41e-04	2.97e-01	7.02e-01
 6.90838e+20	1.60e-04	3.29e-01	6.70e-01
 7.11733e+20	1.80e-04	3.65e-01	6.35e-01
 7.30842e+20	2.01e-04	4.00e-01	6.00e-01
 7.48220e+20	2.22e-04	4.32e-01	5.68e-01
 7.64817e+20	2.41e-04	4.63e-01	5.37e-01
 7.83859e+20	2.71e-04	5.01e-01	4.99e-01
 8.03025e+20	2.97e-04	5.36e-01	4.64e-01
 8.18939e+20	3.21e-04	5.65e-01	4.34e-01
 8.36214e+20	3.50e-04	5.97e-01	4.02e-01
 8.52590e+20	3.75e-04	6.24e-01	3.75e-01
 8.64627e+20	3.94e-04	6.44e-01	3.56e-01
 8.77109e+20	4.17e-04	6.64e-01	3.35e-01
 8.93334e+20	4.47e-04	6.90e-01	3.10e-01
 9.10073e+20	4.76e-04	7.12e-01	2.87e-01
 9.24672e+20	5.02e-04	7.31e-01	2.68e-01
 9.40847e+20	5.33e-04	7.52e-01	2.48e-01
 9.61873e+20	5.74e-04	7.76e-01	2.24e-01
 9.83722e+20	6.16e-04	7.97e-01	2.02e-01
 1.00273e+21	6.53e-04	8.14e-01	1.86e-01
 1.02353e+21	6.98e-04	8.31e-01	1.68e-01
 1.05056e+21	7.58e-04	8.51e-01	1.49e-01
 1.08022e+21	8.26e-04	8.68e-01	1.31e-01
 1.10888e+21	8.98e-04	8.83e-01	1.16e-01
 1.14170e+21	9.91e-04	8.97e-01	1.02e-01
 1.17837e+21	1.11e-03	9.11e-01	8.84e-02
 1.21279e+21	1.24e-03	9.21e-01	7.80e-02
 1.24455e+21	1.38e-03	9.29e-01	6.98e-02
 1.27448e+21	1.54e-03	9.35e-01	6.30e-02
 1.30157e+21	1.73e-03	9.41e-01	5.76e-02
 1.32006e+21	1.88e-03	9.44e-01	5.45e-02
 1.32981e+21	1.97e-03	9.45e-01	5.29e-02
 1.33870e+21	2.06e-03	9.47e-01	5.14e-02
 1.35025e+21	2.19e-03	9.48e-01	4.94e-02
 1.36284e+21	2.35e-03	9.50e-01	4.75e-02
 1.37380e+21	2.51e-03	9.52e-01	4.59e-02
 1.38302e+21	2.66e-03	9.53e-01	4.46e-02
 1.39295e+21	2.85e-03	9.54e-01	4.31e-02
 1.40342e+21	3.07e-03	9.55e-01	4.17e-02
 1.41207e+21	3.28e-03	9.56e-01	4.07e-02
 1.41939e+21	3.48e-03	9.57e-01	3.97e-02
 1.42749e+21	3.73e-03	9.58e-01	3.87e-02
 1.43610e+21	4.03e-03	9.58e-01	3.76e-02
 1.44332e+21	4.32e-03	9.59e-01	3.68e-02
 1.44950e+21	4.60e-03	9.59e-01	3.61e-02
 1.45637e+21	4.96e-03	9.60e-01	3.53e-02
 1.46363e+21	5.39e-03	9.60e-01	3.45e-02
 1.46971e+21	5.80e-03	9.60e-01	3.38e-02
 1.47492e+21	6.20e-03	9.61e-01	3.33e-02
 1.48069e+21	6.72e-03	9.61e-01	3.27e-02
 1.48685e+21	7.35e-03	9.61e-01	3.20e-02
 1.49208e+21	7.96e-03	9.61e-01	3.15e-02
 1.49659e+21	8.58e-03	9.60e-01	3.10e-02
 1.50157e+21	9.37e-03	9.60e-01	3.05e-02
 1.50691e+21	1.03e-02	9.60e-01	3.00e-02
 1.51149e+21	1.13e-02	9.59e-01	2.95e-02
 1.51549e+21	1.24e-02	9.58e-01	2.91e-02
 1.51927e+21	1.35e-02	9.58e-01	2.88e-02
 1.52290e+21	1.47e-02	9.57e-01	2.84e-02
 1.52646e+21	1.60e-02	9.56e-01	2.82e-02
 1.53052e+21	1.79e-02	9.54e-01	2.78e-02
 1.53469e+21	2.02e-02	9.52e-01	2.75e-02
 1.53804e+21	2.24e-02	9.50e-01	2.72e-02
 1.54088e+21	2.46e-02	9.48e-01	2.71e-02
 1.54406e+21	2.76e-02	9.46e-01	2.69e-02
 1.54819e+21	3.22e-02	9.41e-01	2.67e-02
 1.55232e+21	3.81e-02	9.35e-01	2.66e-02
 1.55553e+21	4.41e-02	9.29e-01	2.66e-02
 1.55832e+21	5.05e-02	9.23e-01	2.66e-02
 1.56147e+21	5.95e-02	9.14e-01	2.68e-02
 1.56435e+21	6.95e-02	9.03e-01	2.71e-02
 1.56619e+21	7.73e-02	8.95e-01	2.73e-02
 1.56789e+21	8.60e-02	8.86e-01	2.76e-02
 1.57001e+21	9.83e-02	8.74e-01	2.80e-02
 1.57208e+21	1.12e-01	8.59e-01	2.85e-02
 1.57370e+21	1.25e-01	8.46e-01	2.90e-02
 1.57507e+21	1.38e-01	8.33e-01	2.94e-02
 1.57637e+21	1.51e-01	8.19e-01	2.98e-02
 1.57766e+21	1.66e-01	8.04e-01	3.03e-02
 1.57889e+21	1.81e-01	7.88e-01	3.07e-02
 1.57983e+21	1.94e-01	7.75e-01	3.10e-02
 1.58044e+21	2.02e-01	7.66e-01	3.12e-02
 1.58103e+21	2.12e-01	7.57e-01	3.14e-02
 1.58170e+21	2.23e-01	7.46e-01	3.16e-02
 1.58242e+21	2.35e-01	7.33e-01	3.19e-02
 1.58314e+21	2.48e-01	7.20e-01	3.21e-02
 1.58384e+21	2.61e-01	7.07e-01	3.23e-02
 1.58455e+21	2.75e-01	6.92e-01	3.24e-02
 1.58528e+21	2.90e-01	6.78e-01	3.25e-02
 1.58601e+21	3.06e-01	6.61e-01	3.26e-02
 1.58675e+21	3.23e-01	6.45e-01	3.26e-02
 1.58751e+21	3.40e-01	6.27e-01	3.26e-02
 1.58829e+21	3.59e-01	6.08e-01	3.26e-02
 1.58911e+21	3.80e-01	5.88e-01	3.24e-02
 1.58995e+21	4.01e-01	5.67e-01	3.22e-02
 1.59082e+21	4.23e-01	5.45e-01	3.19e-02
 1.59176e+21	4.47e-01	5.21e-01	3.15e-02
 1.59277e+21	4.73e-01	4.96e-01	3.09e-02
 1.59386e+21	4.99e-01	4.71e-01	3.02e-02
 1.59503e+21	5.26e-01	4.44e-01	2.94e-02
 1.59630e+21	5.53e-01	4.18e-01	2.85e-02
 1.59775e+21	5.80e-01	3.93e-01	2.75e-02
 1.59930e+21	6.03e-01	3.71e-01	2.66e-02
 1.60081e+21	6.21e-01	3.53e-01	2.57e-02
 1.60230e+21	6.35e-01	3.40e-01	2.50e-02
 1.60376e+21	6.46e-01	3.30e-01	2.45e-02
 1.60521e+21	6.53e-01	3.23e-01	2.41e-02
 1.60664e+21	6.60e-01	3.16e-01	2.36e-02
 1.60806e+21	6.64e-01	3.13e-01	2.34e-02
 1.60969e+21	6.68e-01	3.09e-01	2.31e-02
 1.61181e+21	6.71e-01	3.06e-01	2.29e-02
 1.61456e+21	6.75e-01	3.02e-01	2.25e-02
 1.61815e+21	6.77e-01	3.00e-01	2.23e-02
 1.62280e+21	6.80e-01	2.98e-01	2.20e-02
 1.62885e+21	6.83e-01	2.96e-01	2.16e-02
 1.63672e+21	6.86e-01	2.93e-01	2.11e-02
 1.64695e+21	6.91e-01	2.89e-01	2.04e-02
 1.66025e+21	6.96e-01	2.84e-01	1.97e-02
 1.67753e+21	7.03e-01	2.79e-01	1.87e-02
 1.70001e+21	7.11e-01	2.71e-01	1.76e-02
 1.72922e+21	7.21e-01	2.62e-01	1.63e-02
 1.76720e+21	7.34e-01	2.51e-01	1.47e-02
 1.81390e+21	7.48e-01	2.39e-01	1.32e-02
 1.86411e+21	7.61e-01	2.27e-01	1.17e-02
 1.91520e+21	7.73e-01	2.16e-01	1.05e-02
 1.96802e+21	7.85e-01	2.06e-01	9.40e-03
 2.02326e+21	7.96e-01	1.96e-01	8.42e-03
 2.08187e+21	8.07e-01	1.86e-01	7.54e-03
 2.14364e+21	8.17e-01	1.77e-01	6.74e-03
 2.20840e+21	8.26e-01	1.68e-01	6.03e-03
 2.27571e+21	8.36e-01	1.59e-01	5.39e-03
 2.34632e+21	8.44e-01	1.51e-01	4.83e-03
 2.42052e+21	8.52e-01	1.43e-01	4.32e-03
 2.49803e+21	8.60e-01	1.36e-01	3.86e-03
 2.57949e+21	8.68e-01	1.29e-01	3.45e-03
 2.66498e+21	8.75e-01	1.22e-01	3.09e-03
 2.75395e+21	8.82e-01	1.16e-01	2.76e-03
 2.84694e+21	8.88e-01	1.10e-01	2.47e-03
 2.94431e+21	8.94e-01	1.04e-01	2.21e-03
 3.04614e+21	9.00e-01	9.83e-02	1.98e-03
 3.15240e+21	9.05e-01	9.31e-02	1.77e-03
 3.26315e+21	9.10e-01	8.82e-02	1.59e-03
 3.37949e+21	9.15e-01	8.34e-02	1.42e-03
 3.50136e+21	9.20e-01	7.90e-02	1.27e-03
 3.62785e+21	9.24e-01	7.47e-02	1.14e-03
 3.75974e+21	9.28e-01	7.07e-02	1.02e-03
 3.89763e+21	9.32e-01	6.69e-02	9.11e-04
 4.04129e+21	9.36e-01	6.33e-02	8.15e-04
 4.19168e+21	9.39e-01	5.98e-02	7.29e-04
 4.34893e+21	9.43e-01	5.65e-02	6.52e-04
 4.51219e+21	9.46e-01	5.34e-02	5.83e-04
 4.68232e+21	9.49e-01	5.05e-02	5.22e-04
 4.86001e+21	9.52e-01	4.77e-02	4.67e-04
 5.04548e+21	9.54e-01	4.51e-02	4.18e-04
 5.23869e+21	9.57e-01	4.26e-02	3.74e-04
 5.43981e+21	9.59e-01	4.02e-02	3.34e-04
 5.65096e+21	9.62e-01	3.80e-02	2.99e-04
 5.87219e+21	9.64e-01	3.59e-02	2.67e-04
 6.10188e+21	9.66e-01	3.39e-02	2.39e-04
 6.34179e+21	9.68e-01	3.20e-02	2.13e-04
 6.59334e+21	9.70e-01	3.02e-02	1.91e-04
 6.85642e+21	9.71e-01	2.84e-02	1.70e-04
 7.13379e+21	9.73e-01	2.68e-02	1.52e-04
 7.42625e+21	9.75e-01	2.53e-02	1.36e-04
 7.73234e+21	9.76e-01	2.39e-02	1.21e-04
 8.05476e+21	9.77e-01	2.25e-02	1.08e-04
 8.39621e+21	9.79e-01	2.12e-02	9.66e-05
 8.75906e+21	9.80e-01	2.00e-02	8.63e-05
 9.14459e+21	9.81e-01	1.88e-02	7.69e-05
 9.55893e+21	9.82e-01	1.77e-02	6.87e-05
 1.00043e+22	9.83e-01	1.67e-02	6.12e-05
 1.04612e+22	9.84e-01	1.58e-02	5.50e-05
 1.09041e+22	9.85e-01	1.50e-02	4.99e-05
 1.13231e+22	9.86e-01	1.44e-02	4.59e-05
 1.17305e+22	9.86e-01	1.38e-02	4.25e-05
 1.21987e+22	9.87e-01	1.32e-02	3.90e-05
 1.27065e+22	9.87e-01	1.27e-02	3.60e-05
 1.31402e+22	9.88e-01	1.22e-02	3.38e-05
 1.35019e+22	9.88e-01	1.19e-02	3.21e-05
 1.38957e+22	9.88e-01	1.16e-02	3.05e-05
 1.44077e+22	9.89e-01	1.12e-02	2.86e-05
 1.49300e+22	9.89e-01	1.09e-02	2.71e-05
 1.53319e+22	9.89e-01	1.07e-02	2.60e-05
 1.56608e+22	9.89e-01	1.05e-02	2.52e-05
 1.60284e+22	9.90e-01	1.03e-02	2.44e-05
 1.65063e+22	9.90e-01	1.01e-02	2.34e-05
 1.70098e+22	9.90e-01	9.89e-03	2.25e-05
 1.74214e+22	9.90e-01	9.75e-03	2.19e-05
 1.77666e+22	9.90e-01	9.63e-03	2.14e-05
 1.81508e+22	9.90e-01	9.51e-03	2.09e-05
 1.86504e+22	9.91e-01	9.36e-03	2.03e-05
 1.91703e+22	9.91e-01	9.22e-03	1.97e-05
 1.95884e+22	9.91e-01	9.12e-03	1.93e-05
 1.99430e+22	9.91e-01	9.04e-03	1.90e-05
 2.03434e+22	9.91e-01	8.95e-03	1.86e-05
 2.08638e+22	9.91e-01	8.85e-03	1.83e-05
 2.14140e+22	9.91e-01	8.75e-03	1.79e-05
 2.18726e+22	9.91e-01	8.68e-03	1.76e-05
 2.22750e+22	9.91e-01	8.60e-03	1.72e-05
 2.27346e+22	9.91e-01	8.53e-03	1.70e-05
 2.33321e+22	9.92e-01	8.45e-03	1.67e-05
 2.39753e+22	9.92e-01	8.40e-03	1.65e-05
 2.45517e+22	9.92e-01	8.34e-03	1.63e-05
 2.51242e+22	9.92e-01	8.29e-03	1.61e-05
 2.56974e+22	9.92e-01	8.21e-03	1.58e-05
 2.62134e+22	9.92e-01	8.19e-03	1.58e-05
 2.66777e+22	9.92e-01	8.16e-03	1.57e-05
 2.70956e+22	9.92e-01	8.13e-03	1.56e-05
 2.74717e+22	9.92e-01	8.10e-03	1.55e-05
 2.78102e+22	9.92e-01	8.08e-03	1.54e-05
 2.81249e+22	9.92e-01	8.06e-03	1.53e-05
 2.84334e+22	9.92e-01	8.05e-03	1.53e-05
 2.87420e+22	9.92e-01	8.03e-03	1.53e-05
 2.90506e+22	9.92e-01	8.02e-03	1.52e-05
 2.93591e+22	9.92e-01	8.01e-03	1.52e-05
 2.96677e+22	9.92e-01	8.01e-03	1.52e-05
 2.99763e+22	9.92e-01	8.01e-03	1.53e-05
 3.02682e+22	9.92e-01	8.01e-03	1.53e-05
 3.05154e+22	9.92e-01	8.04e-03	1.55e-05
 3.07308e+22	9.92e-01	8.07e-03	1.56e-05
 3.08467e+22	9.92e-01	8.22e-03	1.64e-05
