#depth	He	He+	He+2
 4.41021e+14	7.58e-02	8.16e-01	1.08e-01
 2.64613e+15	7.53e-02	8.16e-01	1.09e-01
 1.14665e+16	7.54e-02	8.16e-01	1.09e-01
 4.67482e+16	7.56e-02	8.16e-01	1.08e-01
 1.11667e+17	7.59e-02	8.17e-01	1.07e-01
 1.96060e+17	7.67e-02	8.17e-01	1.06e-01
 3.05772e+17	7.78e-02	8.17e-01	1.05e-01
 4.48398e+17	7.93e-02	8.17e-01	1.04e-01
 6.20376e+17	8.12e-02	8.17e-01	1.02e-01
 8.13047e+17	8.37e-02	8.17e-01	9.97e-02
 1.03748e+18	8.75e-02	8.16e-01	9.69e-02
 1.28748e+18	9.21e-02	8.14e-01	9.43e-02
 1.52568e+18	9.73e-02	8.11e-01	9.21e-02
 1.72786e+18	1.02e-01	8.07e-01	9.04e-02
 1.90040e+18	1.08e-01	8.03e-01	8.88e-02
 2.08697e+18	1.14e-01	7.99e-01	8.71e-02
 2.29225e+18	1.23e-01	7.92e-01	8.53e-02
 2.47768e+18	1.31e-01	7.85e-01	8.38e-02
 2.63234e+18	1.39e-01	7.78e-01	8.27e-02
 2.76369e+18	1.47e-01	7.72e-01	8.16e-02
 2.88635e+18	1.54e-01	7.65e-01	8.06e-02
 3.00892e+18	1.62e-01	7.58e-01	7.96e-02
 3.13027e+18	1.71e-01	7.51e-01	7.84e-02
 3.25025e+18	1.80e-01	7.43e-01	7.74e-02
 3.36766e+18	1.89e-01	7.35e-01	7.64e-02
 3.47973e+18	1.98e-01	7.26e-01	7.53e-02
 3.58995e+18	2.08e-01	7.18e-01	7.43e-02
 3.68068e+18	2.15e-01	7.11e-01	7.35e-02
 3.74622e+18	2.21e-01	7.06e-01	7.27e-02
 3.80983e+18	2.27e-01	7.01e-01	7.21e-02
 3.88362e+18	2.34e-01	6.94e-01	7.11e-02
 3.96426e+18	2.42e-01	6.88e-01	7.03e-02
 4.04600e+18	2.50e-01	6.81e-01	6.93e-02
 4.12881e+18	2.59e-01	6.73e-01	6.83e-02
 4.21223e+18	2.67e-01	6.66e-01	6.73e-02
 4.29833e+18	2.76e-01	6.58e-01	6.62e-02
 4.38834e+18	2.86e-01	6.49e-01	6.51e-02
 4.48148e+18	2.95e-01	6.41e-01	6.39e-02
 4.57760e+18	3.06e-01	6.31e-01	6.26e-02
 4.67599e+18	3.17e-01	6.22e-01	6.13e-02
 4.77684e+18	3.28e-01	6.12e-01	6.00e-02
 4.88154e+18	3.39e-01	6.02e-01	5.87e-02
 4.99002e+18	3.51e-01	5.91e-01	5.73e-02
 5.10189e+18	3.64e-01	5.80e-01	5.58e-02
 5.21727e+18	3.77e-01	5.69e-01	5.43e-02
 5.33588e+18	3.90e-01	5.57e-01	5.28e-02
 5.45836e+18	4.03e-01	5.45e-01	5.13e-02
 5.58577e+18	4.17e-01	5.33e-01	4.97e-02
 5.71779e+18	4.31e-01	5.20e-01	4.81e-02
 5.85454e+18	4.46e-01	5.07e-01	4.65e-02
 5.99568e+18	4.61e-01	4.95e-01	4.49e-02
 6.14313e+18	4.76e-01	4.81e-01	4.32e-02
 6.29680e+18	4.91e-01	4.67e-01	4.15e-02
 6.45555e+18	5.06e-01	4.54e-01	3.98e-02
 6.62160e+18	5.22e-01	4.40e-01	3.81e-02
 6.79580e+18	5.38e-01	4.26e-01	3.64e-02
 6.97682e+18	5.53e-01	4.12e-01	3.48e-02
 7.16356e+18	5.69e-01	3.98e-01	3.31e-02
 7.35813e+18	5.84e-01	3.85e-01	3.15e-02
 7.56308e+18	5.99e-01	3.71e-01	2.98e-02
 7.77947e+18	6.14e-01	3.58e-01	2.82e-02
 8.00781e+18	6.28e-01	3.45e-01	2.66e-02
 8.24953e+18	6.43e-01	3.32e-01	2.50e-02
 8.50708e+18	6.57e-01	3.20e-01	2.35e-02
 8.78300e+18	6.71e-01	3.07e-01	2.20e-02
 9.07919e+18	6.84e-01	2.95e-01	2.05e-02
 9.39731e+18	6.97e-01	2.84e-01	1.91e-02
 9.73951e+18	7.10e-01	2.72e-01	1.77e-02
 1.01084e+19	7.22e-01	2.61e-01	1.63e-02
 1.05047e+19	7.34e-01	2.50e-01	1.50e-02
 1.09306e+19	7.46e-01	2.40e-01	1.38e-02
 1.13892e+19	7.57e-01	2.30e-01	1.26e-02
 1.18800e+19	7.68e-01	2.20e-01	1.16e-02
 1.24017e+19	7.79e-01	2.11e-01	1.05e-02
 1.29529e+19	7.89e-01	2.02e-01	9.59e-03
 1.35336e+19	7.98e-01	1.93e-01	8.72e-03
 1.41440e+19	8.07e-01	1.85e-01	7.92e-03
 1.47819e+19	8.16e-01	1.77e-01	7.19e-03
 1.54454e+19	8.25e-01	1.69e-01	6.52e-03
 1.61402e+19	8.33e-01	1.61e-01	5.91e-03
 1.68638e+19	8.41e-01	1.54e-01	5.36e-03
 1.76070e+19	8.48e-01	1.47e-01	4.87e-03
 1.83718e+19	8.55e-01	1.41e-01	4.42e-03
 1.91526e+19	8.61e-01	1.35e-01	4.02e-03
 1.99292e+19	8.67e-01	1.29e-01	3.66e-03
 2.06883e+19	8.73e-01	1.24e-01	3.36e-03
 2.14306e+19	8.78e-01	1.19e-01	3.09e-03
 2.21590e+19	8.82e-01	1.15e-01	2.85e-03
 2.28711e+19	8.87e-01	1.11e-01	2.64e-03
 2.35632e+19	8.91e-01	1.07e-01	2.45e-03
 2.42339e+19	8.94e-01	1.03e-01	2.29e-03
 2.48795e+19	8.98e-01	1.00e-01	2.14e-03
 2.54964e+19	9.01e-01	9.72e-02	2.01e-03
 2.60825e+19	9.04e-01	9.45e-02	1.89e-03
 2.66361e+19	9.06e-01	9.21e-02	1.79e-03
 2.71557e+19	9.09e-01	8.98e-02	1.69e-03
