#depth	O	O+	O+2	O+3	O+4	O+5	O+6	O+7	O+8	O[1]	O[2]	O[3]
 9.31698e+16	4.79e-07	2.10e-04	3.71e-02	4.03e-01	4.02e-01	1.37e-01	2.11e-02	2.07e-05	0.00e+00	4.78e-07	3.62e-11	4.08e-11
 5.59019e+17	4.76e-07	2.10e-04	3.73e-02	4.03e-01	4.02e-01	1.36e-01	2.09e-02	2.05e-05	0.00e+00	4.76e-07	3.60e-11	4.06e-11
 2.42242e+18	4.67e-07	2.11e-04	3.78e-02	4.05e-01	4.01e-01	1.35e-01	2.06e-02	2.01e-05	0.00e+00	4.67e-07	3.53e-11	3.98e-11
 9.87600e+18	4.46e-07	2.14e-04	3.99e-02	4.12e-01	3.97e-01	1.32e-01	1.96e-02	1.90e-05	0.00e+00	4.46e-07	3.37e-11	3.80e-11
 2.35906e+19	4.00e-07	2.14e-04	4.29e-02	4.22e-01	3.89e-01	1.28e-01	1.86e-02	1.80e-05	0.00e+00	4.00e-07	3.02e-11	3.41e-11
 4.14196e+19	4.06e-07	2.32e-04	4.74e-02	4.34e-01	3.80e-01	1.22e-01	1.72e-02	1.65e-05	0.00e+00	4.06e-07	3.05e-11	3.46e-11
 6.45972e+19	4.44e-07	2.67e-04	5.43e-02	4.50e-01	3.67e-01	1.13e-01	1.53e-02	1.44e-05	0.00e+00	4.44e-07	3.33e-11	3.78e-11
 9.47282e+19	5.26e-07	3.32e-04	6.53e-02	4.69e-01	3.50e-01	1.02e-01	1.30e-02	1.18e-05	0.00e+00	5.26e-07	3.94e-11	4.47e-11
 1.24533e+20	6.12e-07	4.07e-04	7.78e-02	4.86e-01	3.33e-01	9.17e-02	1.11e-02	9.80e-06	0.00e+00	6.12e-07	4.57e-11	5.20e-11
 1.47588e+20	7.12e-07	4.88e-04	9.01e-02	4.98e-01	3.18e-01	8.36e-02	9.68e-03	8.33e-06	0.00e+00	7.12e-07	5.32e-11	6.06e-11
 1.67464e+20	8.33e-07	5.83e-04	1.03e-01	5.07e-01	3.04e-01	7.63e-02	8.48e-03	7.14e-06	0.00e+00	8.33e-07	6.21e-11	7.08e-11
 1.86130e+20	9.81e-07	6.97e-04	1.18e-01	5.15e-01	2.90e-01	6.94e-02	7.41e-03	6.10e-06	0.00e+00	9.80e-07	7.30e-11	8.33e-11
 2.03657e+20	1.16e-06	8.31e-04	1.35e-01	5.20e-01	2.75e-01	6.30e-02	6.47e-03	5.21e-06	0.00e+00	1.16e-06	8.62e-11	9.83e-11
 2.20039e+20	1.37e-06	9.89e-04	1.53e-01	5.23e-01	2.60e-01	5.70e-02	5.63e-03	4.44e-06	0.00e+00	1.37e-06	1.02e-10	1.16e-10
 2.35478e+20	1.62e-06	1.17e-03	1.73e-01	5.24e-01	2.45e-01	5.13e-02	4.89e-03	3.78e-06	0.00e+00	1.62e-06	1.21e-10	1.38e-10
 2.49357e+20	1.91e-06	1.38e-03	1.94e-01	5.23e-01	2.31e-01	4.63e-02	4.27e-03	3.24e-06	0.00e+00	1.91e-06	1.42e-10	1.62e-10
 2.61592e+20	2.22e-06	1.59e-03	2.16e-01	5.20e-01	2.17e-01	4.20e-02	3.75e-03	2.81e-06	0.00e+00	2.22e-06	1.65e-10	1.88e-10
 2.72672e+20	2.56e-06	1.82e-03	2.38e-01	5.15e-01	2.04e-01	3.80e-02	3.30e-03	2.43e-06	0.00e+00	2.56e-06	1.91e-10	2.17e-10
 2.82757e+20	2.92e-06	2.05e-03	2.59e-01	5.09e-01	1.92e-01	3.45e-02	2.92e-03	2.12e-06	0.00e+00	2.92e-06	2.17e-10	2.47e-10
 2.93975e+20	3.45e-06	2.39e-03	2.88e-01	5.00e-01	1.77e-01	3.05e-02	2.50e-03	1.78e-06	0.00e+00	3.45e-06	2.57e-10	2.92e-10
 3.05504e+20	4.19e-06	2.82e-03	3.19e-01	4.87e-01	1.62e-01	2.67e-02	2.11e-03	1.47e-06	0.00e+00	4.19e-06	3.12e-10	3.55e-10
 3.14542e+20	4.76e-06	3.14e-03	3.45e-01	4.76e-01	1.50e-01	2.39e-02	1.84e-03	1.27e-06	0.00e+00	4.76e-06	3.54e-10	4.03e-10
 3.23397e+20	5.67e-06	3.61e-03	3.74e-01	4.62e-01	1.38e-01	2.10e-02	1.56e-03	1.06e-06	0.00e+00	5.67e-06	4.22e-10	4.80e-10
 3.32695e+20	6.54e-06	4.06e-03	4.05e-01	4.46e-01	1.25e-01	1.83e-02	1.32e-03	8.82e-07	0.00e+00	6.54e-06	4.86e-10	5.54e-10
 3.41208e+20	7.82e-06	4.65e-03	4.36e-01	4.29e-01	1.13e-01	1.59e-02	1.11e-03	7.25e-07	0.00e+00	7.82e-06	5.81e-10	6.62e-10
 3.49067e+20	9.03e-06	5.18e-03	4.66e-01	4.12e-01	1.03e-01	1.38e-02	9.39e-04	6.04e-07	0.00e+00	9.03e-06	6.71e-10	7.64e-10
 3.57439e+20	1.07e-05	5.87e-03	4.99e-01	3.91e-01	9.17e-02	1.18e-02	7.70e-04	4.84e-07	0.00e+00	1.07e-05	7.96e-10	9.06e-10
 3.66328e+20	1.28e-05	6.68e-03	5.33e-01	3.69e-01	8.08e-02	9.84e-03	6.20e-04	3.81e-07	0.00e+00	1.28e-05	9.54e-10	1.09e-09
 3.73956e+20	1.50e-05	7.42e-03	5.63e-01	3.49e-01	7.19e-02	8.38e-03	5.10e-04	3.07e-07	0.00e+00	1.50e-05	1.11e-09	1.26e-09
 3.81940e+20	1.79e-05	8.37e-03	5.95e-01	3.26e-01	6.28e-02	6.94e-03	4.06e-04	2.37e-07	0.00e+00	1.79e-05	1.33e-09	1.51e-09
 3.90372e+20	2.14e-05	9.42e-03	6.27e-01	3.03e-01	5.44e-02	5.68e-03	3.19e-04	1.81e-07	0.00e+00	2.14e-05	1.59e-09	1.81e-09
 3.97691e+20	2.50e-05	1.04e-02	6.54e-01	2.83e-01	4.77e-02	4.74e-03	2.56e-04	1.42e-07	0.00e+00	2.50e-05	1.86e-09	2.11e-09
 4.05509e+20	3.00e-05	1.17e-02	6.83e-01	2.61e-01	4.10e-02	3.84e-03	1.99e-04	0.00e+00	0.00e+00	3.00e-05	2.23e-09	2.53e-09
 4.13836e+20	3.61e-05	1.31e-02	7.10e-01	2.38e-01	3.49e-02	3.08e-03	1.52e-04	0.00e+00	0.00e+00	3.61e-05	2.69e-09	3.05e-09
 4.21197e+20	4.19e-05	1.43e-02	7.33e-01	2.20e-01	3.03e-02	2.53e-03	1.20e-04	0.00e+00	0.00e+00	4.19e-05	3.11e-09	3.53e-09
 4.29138e+20	5.13e-05	1.61e-02	7.57e-01	1.99e-01	2.57e-02	2.00e-03	9.04e-05	0.00e+00	0.00e+00	5.13e-05	3.82e-09	4.33e-09
 4.37490e+20	6.12e-05	1.78e-02	7.78e-01	1.81e-01	2.18e-02	1.59e-03	6.87e-05	0.00e+00	0.00e+00	6.12e-05	4.55e-09	5.16e-09
 4.45180e+20	7.34e-05	1.98e-02	7.97e-01	1.64e-01	1.86e-02	1.27e-03	5.25e-05	0.00e+00	0.00e+00	7.34e-05	5.47e-09	6.19e-09
 4.51418e+20	8.61e-05	2.16e-02	8.10e-01	1.51e-01	1.65e-02	1.06e-03	4.23e-05	0.00e+00	0.00e+00	8.61e-05	6.43e-09	7.25e-09
 4.55663e+20	9.49e-05	2.28e-02	8.18e-01	1.43e-01	1.52e-02	9.41e-04	3.67e-05	0.00e+00	0.00e+00	9.49e-05	7.10e-09	7.99e-09
 4.59880e+20	1.04e-04	2.40e-02	8.26e-01	1.35e-01	1.40e-02	8.32e-04	3.17e-05	0.00e+00	0.00e+00	1.04e-04	7.82e-09	8.79e-09
 4.65361e+20	1.21e-04	2.60e-02	8.36e-01	1.25e-01	1.25e-02	7.02e-04	2.59e-05	0.00e+00	0.00e+00	1.21e-04	9.08e-09	1.02e-08
 4.71098e+20	1.39e-04	2.80e-02	8.45e-01	1.15e-01	1.12e-02	5.96e-04	2.13e-05	0.00e+00	0.00e+00	1.39e-04	1.04e-08	1.17e-08
 4.76165e+20	1.57e-04	2.99e-02	8.52e-01	1.07e-01	1.02e-02	5.15e-04	1.80e-05	0.00e+00	0.00e+00	1.57e-04	1.19e-08	1.32e-08
 4.81748e+20	1.81e-04	3.23e-02	8.59e-01	9.89e-02	9.13e-03	4.36e-04	1.48e-05	0.00e+00	0.00e+00	1.81e-04	1.37e-08	1.52e-08
 4.87768e+20	2.08e-04	3.48e-02	8.65e-01	9.10e-02	8.21e-03	3.69e-04	1.22e-05	0.00e+00	0.00e+00	2.08e-04	1.58e-08	1.75e-08
 4.93267e+20	2.42e-04	3.77e-02	8.71e-01	8.37e-02	7.45e-03	3.14e-04	1.01e-05	0.00e+00	0.00e+00	2.42e-04	1.85e-08	2.03e-08
 4.98249e+20	2.73e-04	4.02e-02	8.74e-01	7.80e-02	6.85e-03	2.74e-04	8.62e-06	0.00e+00	0.00e+00	2.72e-04	2.09e-08	2.29e-08
 5.03649e+20	3.17e-04	4.36e-02	8.78e-01	7.15e-02	6.24e-03	2.33e-04	7.17e-06	0.00e+00	0.00e+00	3.17e-04	2.46e-08	2.66e-08
 5.09425e+20	3.69e-04	4.72e-02	8.81e-01	6.55e-02	5.69e-03	1.98e-04	5.97e-06	0.00e+00	0.00e+00	3.69e-04	2.88e-08	3.09e-08
 5.14646e+20	4.24e-04	5.08e-02	8.83e-01	6.04e-02	5.25e-03	1.71e-04	5.08e-06	0.00e+00	0.00e+00	4.24e-04	3.33e-08	3.55e-08
 5.20389e+20	4.98e-04	5.53e-02	8.84e-01	5.50e-02	4.79e-03	1.44e-04	4.22e-06	0.00e+00	0.00e+00	4.98e-04	3.96e-08	4.17e-08
 5.26491e+20	5.90e-04	6.05e-02	8.85e-01	4.99e-02	4.39e-03	1.22e-04	3.51e-06	0.00e+00	0.00e+00	5.90e-04	4.75e-08	4.94e-08
 5.31777e+20	6.80e-04	6.52e-02	8.84e-01	4.59e-02	4.09e-03	1.05e-04	3.01e-06	0.00e+00	0.00e+00	6.80e-04	5.51e-08	5.69e-08
 5.37366e+20	8.09e-04	7.14e-02	8.82e-01	4.15e-02	3.78e-03	8.92e-05	2.53e-06	0.00e+00	0.00e+00	8.09e-04	6.67e-08	6.76e-08
 5.43259e+20	9.62e-04	7.83e-02	8.80e-01	3.75e-02	3.50e-03	7.54e-05	2.13e-06	0.00e+00	0.00e+00	9.62e-04	8.05e-08	8.03e-08
 5.48421e+20	1.12e-03	8.51e-02	8.76e-01	3.43e-02	3.28e-03	6.51e-05	1.84e-06	0.00e+00	0.00e+00	1.12e-03	9.55e-08	9.38e-08
 5.54004e+20	1.35e-03	9.35e-02	8.71e-01	3.09e-02	3.06e-03	5.50e-05	1.56e-06	0.00e+00	0.00e+00	1.35e-03	1.16e-07	1.12e-07
 5.59994e+20	1.63e-03	1.04e-01	8.64e-01	2.76e-02	2.85e-03	4.61e-05	1.31e-06	0.00e+00	0.00e+00	1.63e-03	1.44e-07	1.36e-07
 5.65252e+20	1.92e-03	1.13e-01	8.57e-01	2.50e-02	2.68e-03	3.96e-05	1.14e-06	0.00e+00	0.00e+00	1.92e-03	1.72e-07	1.60e-07
 5.70824e+20	2.35e-03	1.26e-01	8.47e-01	2.22e-02	2.51e-03	3.31e-05	9.62e-07	0.00e+00	0.00e+00	2.35e-03	2.15e-07	1.95e-07
 5.76710e+20	2.89e-03	1.40e-01	8.35e-01	1.96e-02	2.35e-03	2.75e-05	8.10e-07	0.00e+00	0.00e+00	2.89e-03	2.70e-07	2.39e-07
 5.81717e+20	3.44e-03	1.54e-01	8.23e-01	1.76e-02	2.22e-03	2.35e-05	7.03e-07	0.00e+00	0.00e+00	3.44e-03	3.25e-07	2.84e-07
 5.86941e+20	4.19e-03	1.71e-01	8.07e-01	1.56e-02	2.08e-03	1.97e-05	5.99e-07	0.00e+00	0.00e+00	4.19e-03	4.03e-07	3.46e-07
 5.92527e+20	5.24e-03	1.92e-01	7.87e-01	1.35e-02	1.94e-03	1.61e-05	5.02e-07	0.00e+00	0.00e+00	5.24e-03	5.15e-07	4.32e-07
 5.97269e+20	6.34e-03	2.12e-01	7.68e-01	1.20e-02	1.82e-03	1.36e-05	4.31e-07	0.00e+00	0.00e+00	6.34e-03	6.31e-07	5.21e-07
 6.01391e+20	7.52e-03	2.32e-01	7.48e-01	1.07e-02	1.72e-03	1.16e-05	3.76e-07	0.00e+00	0.00e+00	7.52e-03	7.57e-07	6.17e-07
 6.06021e+20	9.20e-03	2.57e-01	7.22e-01	9.31e-03	1.61e-03	9.59e-06	3.18e-07	0.00e+00	0.00e+00	9.20e-03	9.36e-07	7.53e-07
 6.10982e+20	1.14e-02	2.88e-01	6.92e-01	7.97e-03	1.48e-03	7.76e-06	2.64e-07	0.00e+00	0.00e+00	1.14e-02	1.17e-06	9.34e-07
 6.15246e+20	1.38e-02	3.16e-01	6.62e-01	6.94e-03	1.38e-03	6.44e-06	2.24e-07	0.00e+00	0.00e+00	1.38e-02	1.42e-06	1.12e-06
 6.19028e+20	1.66e-02	3.46e-01	6.31e-01	6.02e-03	1.28e-03	5.34e-06	1.90e-07	0.00e+00	0.00e+00	1.66e-02	1.72e-06	1.34e-06
 6.22737e+20	1.99e-02	3.76e-01	5.97e-01	5.20e-03	1.17e-03	4.39e-06	1.59e-07	0.00e+00	0.00e+00	1.99e-02	2.07e-06	1.61e-06
 6.26989e+20	2.46e-02	4.16e-01	5.54e-01	4.32e-03	1.05e-03	3.44e-06	1.28e-07	0.00e+00	0.00e+00	2.46e-02	2.57e-06	1.98e-06
 6.31408e+20	3.09e-02	4.59e-01	5.05e-01	3.50e-03	9.22e-04	2.61e-06	0.00e+00	0.00e+00	0.00e+00	3.09e-02	3.22e-06	2.47e-06
 6.35006e+20	3.71e-02	4.97e-01	4.63e-01	2.92e-03	8.20e-04	2.06e-06	0.00e+00	0.00e+00	0.00e+00	3.71e-02	3.87e-06	2.95e-06
 6.38154e+20	4.40e-02	5.31e-01	4.22e-01	2.44e-03	7.25e-04	1.62e-06	0.00e+00	0.00e+00	0.00e+00	4.40e-02	4.57e-06	3.48e-06
 6.41283e+20	5.22e-02	5.66e-01	3.80e-01	2.01e-03	6.30e-04	1.26e-06	0.00e+00	0.00e+00	0.00e+00	5.22e-02	5.40e-06	4.10e-06
 6.44356e+20	6.20e-02	5.99e-01	3.36e-01	1.63e-03	5.39e-04	9.53e-07	0.00e+00	0.00e+00	0.00e+00	6.20e-02	6.39e-06	4.84e-06
 6.47287e+20	7.32e-02	6.30e-01	2.95e-01	1.32e-03	4.56e-04	7.14e-07	0.00e+00	0.00e+00	0.00e+00	7.32e-02	7.48e-06	5.66e-06
 6.50078e+20	8.57e-02	6.57e-01	2.56e-01	1.06e-03	3.81e-04	5.30e-07	0.00e+00	0.00e+00	0.00e+00	8.57e-02	8.70e-06	6.57e-06
 6.52808e+20	9.99e-02	6.80e-01	2.19e-01	8.47e-04	3.13e-04	3.88e-07	0.00e+00	0.00e+00	0.00e+00	9.99e-02	1.00e-05	7.58e-06
 6.55935e+20	1.19e-01	7.02e-01	1.78e-01	6.41e-04	2.43e-04	2.61e-07	0.00e+00	0.00e+00	0.00e+00	1.19e-01	1.18e-05	8.91e-06
 6.59231e+20	1.43e-01	7.17e-01	1.39e-01	4.72e-04	1.80e-04	1.66e-07	0.00e+00	0.00e+00	0.00e+00	1.43e-01	1.40e-05	1.05e-05
 6.62017e+20	1.68e-01	7.22e-01	1.10e-01	3.59e-04	1.34e-04	0.00e+00	0.00e+00	0.00e+00	0.00e+00	1.68e-01	1.61e-05	1.21e-05
 6.64390e+20	1.92e-01	7.20e-01	8.75e-02	2.81e-04	1.01e-04	0.00e+00	0.00e+00	0.00e+00	0.00e+00	1.92e-01	1.80e-05	1.35e-05
 6.66586e+20	2.17e-01	7.13e-01	6.98e-02	2.24e-04	7.71e-05	0.00e+00	0.00e+00	0.00e+00	0.00e+00	2.17e-01	1.99e-05	1.50e-05
 6.69067e+20	2.48e-01	6.99e-01	5.27e-02	1.73e-04	5.48e-05	0.00e+00	0.00e+00	0.00e+00	0.00e+00	2.48e-01	2.22e-05	1.66e-05
 6.71623e+20	2.83e-01	6.78e-01	3.88e-02	1.34e-04	3.79e-05	0.00e+00	0.00e+00	0.00e+00	0.00e+00	2.83e-01	2.45e-05	1.84e-05
 6.73685e+20	3.15e-01	6.55e-01	2.97e-02	1.08e-04	2.74e-05	0.00e+00	0.00e+00	0.00e+00	0.00e+00	3.15e-01	2.64e-05	1.98e-05
 6.75423e+20	3.42e-01	6.34e-01	2.34e-02	9.13e-05	2.08e-05	0.00e+00	0.00e+00	0.00e+00	0.00e+00	3.42e-01	2.79e-05	2.09e-05
 6.77226e+20	3.74e-01	6.08e-01	1.81e-02	7.63e-05	1.52e-05	0.00e+00	0.00e+00	0.00e+00	0.00e+00	3.74e-01	2.94e-05	2.20e-05
 6.79162e+20	4.06e-01	5.80e-01	1.36e-02	6.39e-05	1.10e-05	0.00e+00	0.00e+00	0.00e+00	0.00e+00	4.06e-01	3.08e-05	2.30e-05
 6.80971e+20	4.39e-01	5.51e-01	1.04e-02	5.42e-05	7.99e-06	0.00e+00	0.00e+00	0.00e+00	0.00e+00	4.39e-01	3.19e-05	2.39e-05
 6.82610e+20	4.67e-01	5.25e-01	8.12e-03	4.70e-05	6.00e-06	0.00e+00	0.00e+00	0.00e+00	0.00e+00	4.67e-01	3.28e-05	2.45e-05
 6.84144e+20	4.95e-01	4.99e-01	6.42e-03	4.12e-05	4.58e-06	0.00e+00	0.00e+00	0.00e+00	0.00e+00	4.95e-01	3.34e-05	2.50e-05
 6.85626e+20	5.19e-01	4.75e-01	5.14e-03	3.67e-05	3.56e-06	0.00e+00	0.00e+00	0.00e+00	0.00e+00	5.19e-01	3.39e-05	2.53e-05
 6.87051e+20	5.43e-01	4.53e-01	4.17e-03	3.29e-05	2.81e-06	0.00e+00	0.00e+00	0.00e+00	0.00e+00	5.43e-01	3.42e-05	2.55e-05
 6.88405e+20	5.64e-01	4.33e-01	3.44e-03	2.98e-05	2.26e-06	0.00e+00	0.00e+00	0.00e+00	0.00e+00	5.64e-01	3.43e-05	2.56e-05
 6.89753e+20	5.84e-01	4.13e-01	2.86e-03	2.72e-05	1.84e-06	0.00e+00	0.00e+00	0.00e+00	0.00e+00	5.84e-01	3.44e-05	2.56e-05
 6.90877e+20	5.99e-01	3.99e-01	2.48e-03	2.53e-05	1.57e-06	0.00e+00	0.00e+00	0.00e+00	0.00e+00	5.99e-01	3.44e-05	2.56e-05
 6.91693e+20	6.09e-01	3.88e-01	2.25e-03	2.41e-05	1.41e-06	0.00e+00	0.00e+00	0.00e+00	0.00e+00	6.09e-01	3.44e-05	2.55e-05
 6.92507e+20	6.19e-01	3.79e-01	2.04e-03	2.30e-05	1.26e-06	0.00e+00	0.00e+00	0.00e+00	0.00e+00	6.19e-01	3.43e-05	2.55e-05
 6.93486e+20	6.31e-01	3.67e-01	1.82e-03	2.17e-05	1.11e-06	0.00e+00	0.00e+00	0.00e+00	0.00e+00	6.31e-01	3.42e-05	2.54e-05
 6.94571e+20	6.42e-01	3.56e-01	1.63e-03	2.06e-05	9.84e-07	0.00e+00	0.00e+00	0.00e+00	0.00e+00	6.42e-01	3.41e-05	2.53e-05
 6.95708e+20	6.54e-01	3.45e-01	1.46e-03	1.94e-05	8.71e-07	0.00e+00	0.00e+00	0.00e+00	0.00e+00	6.54e-01	3.39e-05	2.51e-05
 6.96900e+20	6.64e-01	3.35e-01	1.32e-03	1.85e-05	7.79e-07	0.00e+00	0.00e+00	0.00e+00	0.00e+00	6.64e-01	3.37e-05	2.50e-05
 6.98204e+20	6.74e-01	3.25e-01	1.19e-03	1.76e-05	6.97e-07	0.00e+00	0.00e+00	0.00e+00	0.00e+00	6.74e-01	3.35e-05	2.48e-05
 6.99690e+20	6.84e-01	3.15e-01	1.08e-03	1.67e-05	6.25e-07	0.00e+00	0.00e+00	0.00e+00	0.00e+00	6.84e-01	3.33e-05	2.47e-05
 7.01386e+20	6.93e-01	3.06e-01	9.89e-04	1.60e-05	5.64e-07	0.00e+00	0.00e+00	0.00e+00	0.00e+00	6.93e-01	3.31e-05	2.45e-05
 7.03286e+20	7.01e-01	2.98e-01	9.13e-04	1.53e-05	5.15e-07	0.00e+00	0.00e+00	0.00e+00	0.00e+00	7.01e-01	3.29e-05	2.43e-05
 7.05232e+20	7.08e-01	2.92e-01	8.56e-04	1.48e-05	4.79e-07	0.00e+00	0.00e+00	0.00e+00	0.00e+00	7.08e-01	3.28e-05	2.42e-05
 7.07121e+20	7.12e-01	2.87e-01	8.16e-04	1.44e-05	4.53e-07	0.00e+00	0.00e+00	0.00e+00	0.00e+00	7.12e-01	3.26e-05	2.41e-05
 7.08966e+20	7.16e-01	2.83e-01	7.87e-04	1.41e-05	4.34e-07	0.00e+00	0.00e+00	0.00e+00	0.00e+00	7.16e-01	3.26e-05	2.40e-05
 7.10780e+20	7.20e-01	2.79e-01	7.61e-04	1.38e-05	4.16e-07	0.00e+00	0.00e+00	0.00e+00	0.00e+00	7.20e-01	3.25e-05	2.39e-05
 7.12850e+20	7.22e-01	2.78e-01	7.44e-04	1.36e-05	4.06e-07	0.00e+00	0.00e+00	0.00e+00	0.00e+00	7.22e-01	3.24e-05	2.38e-05
 7.15541e+20	7.25e-01	2.75e-01	7.22e-04	1.34e-05	3.92e-07	0.00e+00	0.00e+00	0.00e+00	0.00e+00	7.25e-01	3.23e-05	2.38e-05
 7.19038e+20	7.28e-01	2.72e-01	7.01e-04	1.31e-05	3.77e-07	0.00e+00	0.00e+00	0.00e+00	0.00e+00	7.28e-01	3.23e-05	2.37e-05
 7.23586e+20	7.31e-01	2.68e-01	6.78e-04	1.29e-05	3.62e-07	0.00e+00	0.00e+00	0.00e+00	0.00e+00	7.31e-01	3.22e-05	2.36e-05
 7.29497e+20	7.35e-01	2.64e-01	6.52e-04	1.25e-05	3.45e-07	0.00e+00	0.00e+00	0.00e+00	0.00e+00	7.35e-01	3.21e-05	2.35e-05
 7.37182e+20	7.40e-01	2.60e-01	6.24e-04	1.21e-05	3.25e-07	0.00e+00	0.00e+00	0.00e+00	0.00e+00	7.40e-01	3.20e-05	2.33e-05
 7.47172e+20	7.45e-01	2.54e-01	5.90e-04	1.17e-05	3.03e-07	0.00e+00	0.00e+00	0.00e+00	0.00e+00	7.45e-01	3.19e-05	2.32e-05
 7.60160e+20	7.52e-01	2.47e-01	5.52e-04	1.11e-05	2.77e-07	0.00e+00	0.00e+00	0.00e+00	0.00e+00	7.52e-01	3.18e-05	2.30e-05
 7.77043e+20	7.61e-01	2.39e-01	5.09e-04	1.05e-05	2.49e-07	0.00e+00	0.00e+00	0.00e+00	0.00e+00	7.61e-01	3.16e-05	2.27e-05
 7.97194e+20	7.70e-01	2.30e-01	4.67e-04	9.80e-06	2.22e-07	0.00e+00	0.00e+00	0.00e+00	0.00e+00	7.70e-01	3.14e-05	2.24e-05
 8.18520e+20	7.79e-01	2.21e-01	4.30e-04	9.17e-06	1.99e-07	0.00e+00	0.00e+00	0.00e+00	0.00e+00	7.79e-01	3.13e-05	2.20e-05
 8.40014e+20	7.87e-01	2.13e-01	3.99e-04	8.59e-06	1.79e-07	0.00e+00	0.00e+00	0.00e+00	0.00e+00	7.87e-01	3.11e-05	2.17e-05
 8.62029e+20	7.95e-01	2.05e-01	3.72e-04	8.06e-06	1.62e-07	0.00e+00	0.00e+00	0.00e+00	0.00e+00	7.95e-01	3.10e-05	2.14e-05
 8.84958e+20	8.02e-01	1.97e-01	3.48e-04	7.56e-06	1.48e-07	0.00e+00	0.00e+00	0.00e+00	0.00e+00	8.02e-01	3.07e-05	2.11e-05
 9.08860e+20	8.10e-01	1.90e-01	3.26e-04	7.09e-06	1.35e-07	0.00e+00	0.00e+00	0.00e+00	0.00e+00	8.10e-01	3.05e-05	2.07e-05
 9.33725e+20	8.17e-01	1.83e-01	3.07e-04	6.64e-06	1.23e-07	0.00e+00	0.00e+00	0.00e+00	0.00e+00	8.17e-01	3.03e-05	2.04e-05
 9.59416e+20	8.24e-01	1.76e-01	2.89e-04	6.23e-06	0.00e+00	0.00e+00	0.00e+00	0.00e+00	0.00e+00	8.24e-01	3.01e-05	2.00e-05
 9.85955e+20	8.30e-01	1.70e-01	2.74e-04	5.84e-06	0.00e+00	0.00e+00	0.00e+00	0.00e+00	0.00e+00	8.30e-01	2.99e-05	1.97e-05
 1.01345e+21	8.36e-01	1.63e-01	2.60e-04	5.47e-06	0.00e+00	0.00e+00	0.00e+00	0.00e+00	0.00e+00	8.36e-01	2.97e-05	1.93e-05
 1.04192e+21	8.42e-01	1.57e-01	2.47e-04	5.13e-06	0.00e+00	0.00e+00	0.00e+00	0.00e+00	0.00e+00	8.42e-01	2.95e-05	1.90e-05
 1.07134e+21	8.48e-01	1.51e-01	2.35e-04	4.80e-06	0.00e+00	0.00e+00	0.00e+00	0.00e+00	0.00e+00	8.48e-01	2.93e-05	1.87e-05
 1.10173e+21	8.54e-01	1.46e-01	2.25e-04	4.50e-06	0.00e+00	0.00e+00	0.00e+00	0.00e+00	0.00e+00	8.54e-01	2.91e-05	1.84e-05
 1.13309e+21	8.59e-01	1.40e-01	2.15e-04	4.21e-06	0.00e+00	0.00e+00	0.00e+00	0.00e+00	0.00e+00	8.59e-01	2.89e-05	1.80e-05
 1.16541e+21	8.65e-01	1.35e-01	2.06e-04	3.94e-06	0.00e+00	0.00e+00	0.00e+00	0.00e+00	0.00e+00	8.65e-01	2.87e-05	1.77e-05
 1.19888e+21	8.70e-01	1.30e-01	1.97e-04	3.69e-06	0.00e+00	0.00e+00	0.00e+00	0.00e+00	0.00e+00	8.70e-01	2.86e-05	1.74e-05
 1.23336e+21	8.75e-01	1.25e-01	1.90e-04	3.45e-06	0.00e+00	0.00e+00	0.00e+00	0.00e+00	0.00e+00	8.74e-01	2.84e-05	1.71e-05
 1.26879e+21	8.79e-01	1.21e-01	1.82e-04	3.22e-06	0.00e+00	0.00e+00	0.00e+00	0.00e+00	0.00e+00	8.79e-01	2.82e-05	1.68e-05
 1.30530e+21	8.84e-01	1.16e-01	1.75e-04	3.01e-06	0.00e+00	0.00e+00	0.00e+00	0.00e+00	0.00e+00	8.84e-01	2.80e-05	1.66e-05
 1.34289e+21	8.88e-01	1.12e-01	1.69e-04	2.82e-06	0.00e+00	0.00e+00	0.00e+00	0.00e+00	0.00e+00	8.88e-01	2.79e-05	1.63e-05
 1.38126e+21	8.92e-01	1.08e-01	1.63e-04	2.63e-06	0.00e+00	0.00e+00	0.00e+00	0.00e+00	0.00e+00	8.92e-01	2.77e-05	1.60e-05
 1.42063e+21	8.96e-01	1.04e-01	1.57e-04	2.46e-06	0.00e+00	0.00e+00	0.00e+00	0.00e+00	0.00e+00	8.96e-01	2.75e-05	1.57e-05
 1.46137e+21	9.00e-01	9.97e-02	1.52e-04	2.29e-06	0.00e+00	0.00e+00	0.00e+00	0.00e+00	0.00e+00	9.00e-01	2.73e-05	1.55e-05
 1.50315e+21	9.04e-01	9.59e-02	1.47e-04	2.14e-06	0.00e+00	0.00e+00	0.00e+00	0.00e+00	0.00e+00	9.04e-01	2.71e-05	1.52e-05
 1.54585e+21	9.08e-01	9.23e-02	1.42e-04	1.99e-06	0.00e+00	0.00e+00	0.00e+00	0.00e+00	0.00e+00	9.07e-01	2.69e-05	1.50e-05
 1.58954e+21	9.11e-01	8.88e-02	1.37e-04	1.86e-06	0.00e+00	0.00e+00	0.00e+00	0.00e+00	0.00e+00	9.11e-01	2.67e-05	1.47e-05
 1.63431e+21	9.14e-01	8.55e-02	1.33e-04	1.73e-06	0.00e+00	0.00e+00	0.00e+00	0.00e+00	0.00e+00	9.14e-01	2.65e-05	1.45e-05
 1.68014e+21	9.18e-01	8.22e-02	1.29e-04	1.61e-06	0.00e+00	0.00e+00	0.00e+00	0.00e+00	0.00e+00	9.18e-01	2.63e-05	1.42e-05
 1.72699e+21	9.21e-01	7.92e-02	1.25e-04	1.50e-06	0.00e+00	0.00e+00	0.00e+00	0.00e+00	0.00e+00	9.21e-01	2.61e-05	1.40e-05
 1.77456e+21	9.24e-01	7.61e-02	1.21e-04	1.39e-06	0.00e+00	0.00e+00	0.00e+00	0.00e+00	0.00e+00	9.24e-01	2.58e-05	1.37e-05
 1.82342e+21	9.27e-01	7.32e-02	1.17e-04	1.30e-06	0.00e+00	0.00e+00	0.00e+00	0.00e+00	0.00e+00	9.27e-01	2.56e-05	1.34e-05
 1.87394e+21	9.30e-01	7.04e-02	1.14e-04	1.20e-06	0.00e+00	0.00e+00	0.00e+00	0.00e+00	0.00e+00	9.29e-01	2.53e-05	1.31e-05
 1.92535e+21	9.32e-01	6.77e-02	1.10e-04	1.12e-06	0.00e+00	0.00e+00	0.00e+00	0.00e+00	0.00e+00	9.32e-01	2.50e-05	1.29e-05
 1.97759e+21	9.35e-01	6.51e-02	1.07e-04	1.04e-06	0.00e+00	0.00e+00	0.00e+00	0.00e+00	0.00e+00	9.35e-01	2.46e-05	1.26e-05
 2.03098e+21	9.37e-01	6.26e-02	1.04e-04	9.63e-07	0.00e+00	0.00e+00	0.00e+00	0.00e+00	0.00e+00	9.37e-01	2.43e-05	1.23e-05
 2.08564e+21	9.40e-01	6.02e-02	1.01e-04	8.93e-07	0.00e+00	0.00e+00	0.00e+00	0.00e+00	0.00e+00	9.40e-01	2.40e-05	1.21e-05
 2.14152e+21	9.42e-01	5.79e-02	9.76e-05	8.27e-07	0.00e+00	0.00e+00	0.00e+00	0.00e+00	0.00e+00	9.42e-01	2.36e-05	1.19e-05
 2.19860e+21	9.44e-01	5.57e-02	9.46e-05	7.67e-07	0.00e+00	0.00e+00	0.00e+00	0.00e+00	0.00e+00	9.44e-01	2.32e-05	1.17e-05
 2.25677e+21	9.46e-01	5.35e-02	9.18e-05	7.10e-07	0.00e+00	0.00e+00	0.00e+00	0.00e+00	0.00e+00	9.46e-01	2.28e-05	1.14e-05
 2.31609e+21	9.48e-01	5.15e-02	8.89e-05	6.57e-07	0.00e+00	0.00e+00	0.00e+00	0.00e+00	0.00e+00	9.48e-01	2.24e-05	1.12e-05
 2.37689e+21	9.50e-01	4.95e-02	8.62e-05	6.07e-07	0.00e+00	0.00e+00	0.00e+00	0.00e+00	0.00e+00	9.50e-01	2.19e-05	1.10e-05
 2.43904e+21	9.52e-01	4.76e-02	8.35e-05	5.61e-07	0.00e+00	0.00e+00	0.00e+00	0.00e+00	0.00e+00	9.52e-01	2.15e-05	1.09e-05
 2.50228e+21	9.54e-01	4.57e-02	8.09e-05	5.18e-07	0.00e+00	0.00e+00	0.00e+00	0.00e+00	0.00e+00	9.54e-01	2.09e-05	1.07e-05
 2.56628e+21	9.56e-01	4.40e-02	7.84e-05	4.78e-07	0.00e+00	0.00e+00	0.00e+00	0.00e+00	0.00e+00	9.56e-01	2.04e-05	1.05e-05
 2.62997e+21	9.58e-01	4.23e-02	7.60e-05	4.43e-07	0.00e+00	0.00e+00	0.00e+00	0.00e+00	0.00e+00	9.58e-01	1.98e-05	1.04e-05
 2.69234e+21	9.59e-01	4.08e-02	7.37e-05	4.10e-07	0.00e+00	0.00e+00	0.00e+00	0.00e+00	0.00e+00	9.59e-01	1.91e-05	1.02e-05
 2.75351e+21	9.61e-01	3.93e-02	7.16e-05	3.81e-07	0.00e+00	0.00e+00	0.00e+00	0.00e+00	0.00e+00	9.61e-01	1.85e-05	1.01e-05
 2.81363e+21	9.62e-01	3.80e-02	6.97e-05	3.55e-07	0.00e+00	0.00e+00	0.00e+00	0.00e+00	0.00e+00	9.62e-01	1.78e-05	9.94e-06
 2.87220e+21	9.63e-01	3.67e-02	6.79e-05	3.31e-07	0.00e+00	0.00e+00	0.00e+00	0.00e+00	0.00e+00	9.63e-01	1.71e-05	9.82e-06
 2.92874e+21	9.64e-01	3.55e-02	6.62e-05	3.09e-07	0.00e+00	0.00e+00	0.00e+00	0.00e+00	0.00e+00	9.64e-01	1.64e-05	9.70e-06
 2.98295e+21	9.66e-01	3.43e-02	6.47e-05	2.89e-07	0.00e+00	0.00e+00	0.00e+00	0.00e+00	0.00e+00	9.66e-01	1.56e-05	9.58e-06
 3.03467e+21	9.67e-01	3.30e-02	6.33e-05	2.71e-07	0.00e+00	0.00e+00	0.00e+00	0.00e+00	0.00e+00	9.67e-01	1.49e-05	9.47e-06
 3.07728e+21	9.68e-01	3.18e-02	6.22e-05	2.55e-07	0.00e+00	0.00e+00	0.00e+00	0.00e+00	0.00e+00	9.68e-01	1.41e-05	9.38e-06
