#depth	He	He+	He+2
 6.09695e+14	6.44e-02	8.37e-01	9.88e-02
 3.65817e+15	6.42e-02	8.37e-01	9.92e-02
 1.58521e+16	6.41e-02	8.37e-01	9.92e-02
 6.46276e+16	6.42e-02	8.37e-01	9.86e-02
 1.54375e+17	6.37e-02	8.37e-01	9.90e-02
 2.71046e+17	6.38e-02	8.38e-01	9.85e-02
 4.22718e+17	6.45e-02	8.38e-01	9.72e-02
 6.19893e+17	6.58e-02	8.39e-01	9.49e-02
 8.61766e+17	6.79e-02	8.40e-01	9.17e-02
 1.12040e+18	7.06e-02	8.41e-01	8.81e-02
 1.40131e+18	7.47e-02	8.42e-01	8.33e-02
 1.71790e+18	8.05e-02	8.41e-01	7.80e-02
 2.01202e+18	8.68e-02	8.40e-01	7.35e-02
 2.26387e+18	9.37e-02	8.37e-01	6.95e-02
 2.50294e+18	1.02e-01	8.33e-01	6.58e-02
 2.72795e+18	1.10e-01	8.27e-01	6.28e-02
 2.93624e+18	1.19e-01	8.21e-01	6.02e-02
 3.12798e+18	1.28e-01	8.14e-01	5.81e-02
 3.30073e+18	1.37e-01	8.07e-01	5.64e-02
 3.45383e+18	1.46e-01	7.99e-01	5.50e-02
 3.58979e+18	1.55e-01	7.92e-01	5.39e-02
 3.71503e+18	1.63e-01	7.84e-01	5.29e-02
 3.83402e+18	1.72e-01	7.76e-01	5.20e-02
 3.94915e+18	1.81e-01	7.68e-01	5.11e-02
 4.06274e+18	1.90e-01	7.60e-01	5.03e-02
 4.17277e+18	1.99e-01	7.51e-01	4.94e-02
 4.28079e+18	2.08e-01	7.43e-01	4.87e-02
 4.38848e+18	2.18e-01	7.34e-01	4.79e-02
 4.47387e+18	2.26e-01	7.26e-01	4.73e-02
 4.53371e+18	2.32e-01	7.21e-01	4.69e-02
 4.59348e+18	2.38e-01	7.16e-01	4.64e-02
 4.66351e+18	2.46e-01	7.09e-01	4.58e-02
 4.73903e+18	2.53e-01	7.01e-01	4.52e-02
 4.81475e+18	2.61e-01	6.94e-01	4.46e-02
 4.89180e+18	2.70e-01	6.86e-01	4.39e-02
 4.97056e+18	2.78e-01	6.78e-01	4.33e-02
 5.05186e+18	2.88e-01	6.69e-01	4.26e-02
 5.13539e+18	2.97e-01	6.61e-01	4.19e-02
 5.22106e+18	3.08e-01	6.51e-01	4.11e-02
 5.30953e+18	3.18e-01	6.42e-01	4.04e-02
 5.40093e+18	3.29e-01	6.31e-01	3.96e-02
 5.49529e+18	3.41e-01	6.21e-01	3.87e-02
 5.59062e+18	3.52e-01	6.10e-01	3.79e-02
 5.68813e+18	3.64e-01	5.99e-01	3.70e-02
 5.78994e+18	3.77e-01	5.87e-01	3.61e-02
 5.89416e+18	3.90e-01	5.75e-01	3.52e-02
 6.00078e+18	4.04e-01	5.62e-01	3.42e-02
 6.11017e+18	4.17e-01	5.50e-01	3.33e-02
 6.22229e+18	4.31e-01	5.36e-01	3.23e-02
 6.33783e+18	4.45e-01	5.23e-01	3.14e-02
 6.45711e+18	4.60e-01	5.09e-01	3.04e-02
 6.57901e+18	4.75e-01	4.95e-01	2.94e-02
 6.70372e+18	4.90e-01	4.81e-01	2.84e-02
 6.83322e+18	5.05e-01	4.67e-01	2.75e-02
 6.96634e+18	5.21e-01	4.52e-01	2.64e-02
 7.10240e+18	5.36e-01	4.38e-01	2.55e-02
 7.24115e+18	5.52e-01	4.24e-01	2.45e-02
 7.38321e+18	5.67e-01	4.09e-01	2.35e-02
 7.52871e+18	5.82e-01	3.95e-01	2.25e-02
 7.67881e+18	5.97e-01	3.81e-01	2.16e-02
 7.83355e+18	6.12e-01	3.67e-01	2.07e-02
 7.99339e+18	6.27e-01	3.54e-01	1.97e-02
 8.15972e+18	6.41e-01	3.40e-01	1.88e-02
 8.33159e+18	6.55e-01	3.27e-01	1.79e-02
 8.51024e+18	6.69e-01	3.14e-01	1.70e-02
 8.69930e+18	6.83e-01	3.01e-01	1.61e-02
 8.89964e+18	6.96e-01	2.89e-01	1.52e-02
 9.11014e+18	7.09e-01	2.77e-01	1.44e-02
 9.33312e+18	7.22e-01	2.65e-01	1.35e-02
 9.57330e+18	7.34e-01	2.53e-01	1.27e-02
 9.83190e+18	7.46e-01	2.42e-01	1.18e-02
 1.01108e+19	7.58e-01	2.31e-01	1.10e-02
 1.04124e+19	7.70e-01	2.20e-01	1.02e-02
 1.07415e+19	7.81e-01	2.10e-01	9.47e-03
 1.11021e+19	7.91e-01	2.00e-01	8.71e-03
 1.14976e+19	8.02e-01	1.90e-01	7.99e-03
 1.19312e+19	8.12e-01	1.81e-01	7.29e-03
 1.24047e+19	8.21e-01	1.72e-01	6.63e-03
 1.29207e+19	8.31e-01	1.63e-01	6.01e-03
 1.34804e+19	8.40e-01	1.55e-01	5.43e-03
 1.40851e+19	8.48e-01	1.47e-01	4.89e-03
 1.47348e+19	8.56e-01	1.39e-01	4.40e-03
 1.54290e+19	8.64e-01	1.32e-01	3.95e-03
 1.61669e+19	8.71e-01	1.25e-01	3.54e-03
 1.69483e+19	8.78e-01	1.18e-01	3.17e-03
 1.77735e+19	8.85e-01	1.12e-01	2.84e-03
 1.86432e+19	8.91e-01	1.06e-01	2.55e-03
 1.95580e+19	8.97e-01	1.00e-01	2.28e-03
 2.05196e+19	9.03e-01	9.50e-02	2.05e-03
 2.15281e+19	9.08e-01	8.99e-02	1.83e-03
 2.25845e+19	9.13e-01	8.51e-02	1.64e-03
 2.36937e+19	9.18e-01	8.05e-02	1.47e-03
 2.48552e+19	9.23e-01	7.61e-02	1.32e-03
 2.60692e+19	9.27e-01	7.20e-02	1.19e-03
 2.73407e+19	9.31e-01	6.82e-02	1.06e-03
 2.86730e+19	9.35e-01	6.45e-02	9.56e-04
 3.00684e+19	9.38e-01	6.10e-02	8.58e-04
 3.15294e+19	9.42e-01	5.77e-02	7.71e-04
 3.30599e+19	9.45e-01	5.46e-02	6.92e-04
 3.46641e+19	9.48e-01	5.16e-02	6.21e-04
 3.63476e+19	9.51e-01	4.88e-02	5.58e-04
 3.81137e+19	9.53e-01	4.62e-02	5.01e-04
 3.99650e+19	9.56e-01	4.37e-02	4.50e-04
 4.19071e+19	9.58e-01	4.13e-02	4.04e-04
 4.39517e+19	9.61e-01	3.90e-02	3.62e-04
 4.61032e+19	9.63e-01	3.69e-02	3.25e-04
 4.83671e+19	9.65e-01	3.49e-02	2.91e-04
 5.07487e+19	9.67e-01	3.29e-02	2.61e-04
 5.32694e+19	9.69e-01	3.11e-02	2.34e-04
 5.59357e+19	9.70e-01	2.94e-02	2.09e-04
 5.87429e+19	9.72e-01	2.77e-02	1.87e-04
 6.17054e+19	9.74e-01	2.62e-02	1.67e-04
 6.48409e+19	9.75e-01	2.47e-02	1.49e-04
 6.81673e+19	9.77e-01	2.33e-02	1.33e-04
 7.16983e+19	9.78e-01	2.20e-02	1.19e-04
 7.54445e+19	9.79e-01	2.07e-02	1.06e-04
 7.94194e+19	9.80e-01	1.96e-02	9.46e-05
 8.36256e+19	9.81e-01	1.85e-02	8.43e-05
 8.80875e+19	9.82e-01	1.74e-02	7.51e-05
 9.28480e+19	9.83e-01	1.65e-02	6.69e-05
 9.79190e+19	9.84e-01	1.55e-02	5.96e-05
 1.03311e+20	9.85e-01	1.47e-02	5.31e-05
 1.09036e+20	9.86e-01	1.39e-02	4.73e-05
 1.15139e+20	9.87e-01	1.31e-02	4.22e-05
 1.21701e+20	9.88e-01	1.24e-02	3.76e-05
 1.28728e+20	9.88e-01	1.18e-02	3.35e-05
 1.36194e+20	9.89e-01	1.12e-02	2.98e-05
 1.43892e+20	9.89e-01	1.06e-02	2.68e-05
 1.51535e+20	9.90e-01	1.01e-02	2.42e-05
 1.59128e+20	9.90e-01	9.69e-03	2.21e-05
 1.66780e+20	9.91e-01	9.31e-03	2.02e-05
 1.74519e+20	9.91e-01	8.97e-03	1.86e-05
 1.82316e+20	9.91e-01	8.66e-03	1.73e-05
 1.90139e+20	9.92e-01	8.39e-03	1.61e-05
 1.97947e+20	9.92e-01	8.13e-03	1.50e-05
 2.05708e+20	9.92e-01	7.91e-03	1.41e-05
 2.13340e+20	9.92e-01	7.73e-03	1.33e-05
 2.20661e+20	9.92e-01	7.56e-03	1.26e-05
 2.27669e+20	9.93e-01	7.41e-03	1.20e-05
