#depth	He	He+	He+2
 1.21285e+16	7.17e-02	7.82e-01	1.47e-01
 7.27713e+16	7.15e-02	7.81e-01	1.47e-01
 3.15342e+17	7.15e-02	7.81e-01	1.47e-01
 1.28563e+18	7.17e-02	7.82e-01	1.46e-01
 3.07095e+18	7.16e-02	7.83e-01	1.46e-01
 5.39187e+18	7.21e-02	7.83e-01	1.45e-01
 8.40906e+18	7.28e-02	7.84e-01	1.44e-01
 1.23314e+19	7.39e-02	7.84e-01	1.42e-01
 1.71712e+19	7.53e-02	7.84e-01	1.40e-01
 2.26799e+19	7.71e-02	7.85e-01	1.38e-01
 2.91221e+19	7.99e-02	7.84e-01	1.36e-01
 3.68265e+19	8.39e-02	7.83e-01	1.33e-01
 4.48115e+19	8.87e-02	7.81e-01	1.30e-01
 5.17105e+19	9.36e-02	7.78e-01	1.28e-01
 5.74120e+19	9.85e-02	7.75e-01	1.26e-01
 6.34828e+19	1.05e-01	7.72e-01	1.24e-01
 7.04985e+19	1.13e-01	7.66e-01	1.21e-01
 7.70339e+19	1.22e-01	7.60e-01	1.19e-01
 8.23385e+19	1.29e-01	7.54e-01	1.17e-01
 8.68495e+19	1.37e-01	7.48e-01	1.15e-01
 9.12578e+19	1.44e-01	7.42e-01	1.13e-01
 9.58072e+19	1.53e-01	7.36e-01	1.11e-01
 1.00381e+20	1.62e-01	7.29e-01	1.09e-01
 1.04847e+20	1.72e-01	7.21e-01	1.07e-01
 1.09263e+20	1.82e-01	7.13e-01	1.05e-01
 1.13683e+20	1.92e-01	7.05e-01	1.03e-01
 1.18074e+20	2.03e-01	6.97e-01	1.01e-01
 1.21675e+20	2.11e-01	6.90e-01	9.91e-02
 1.24300e+20	2.18e-01	6.85e-01	9.78e-02
 1.26927e+20	2.25e-01	6.79e-01	9.62e-02
 1.29880e+20	2.32e-01	6.73e-01	9.49e-02
 1.33162e+20	2.41e-01	6.65e-01	9.30e-02
 1.36595e+20	2.51e-01	6.58e-01	9.11e-02
 1.39953e+20	2.60e-01	6.50e-01	8.93e-02
 1.43370e+20	2.70e-01	6.43e-01	8.75e-02
 1.47007e+20	2.81e-01	6.34e-01	8.54e-02
 1.50781e+20	2.91e-01	6.25e-01	8.35e-02
 1.54673e+20	3.03e-01	6.16e-01	8.13e-02
 1.58681e+20	3.14e-01	6.06e-01	7.94e-02
 1.62859e+20	3.27e-01	5.96e-01	7.71e-02
 1.67237e+20	3.40e-01	5.85e-01	7.48e-02
 1.71687e+20	3.53e-01	5.74e-01	7.25e-02
 1.76297e+20	3.66e-01	5.63e-01	7.02e-02
 1.81177e+20	3.81e-01	5.51e-01	6.78e-02
 1.86249e+20	3.95e-01	5.39e-01	6.55e-02
 1.91550e+20	4.11e-01	5.26e-01	6.29e-02
 1.97082e+20	4.26e-01	5.14e-01	6.05e-02
 2.02928e+20	4.42e-01	5.00e-01	5.80e-02
 2.09152e+20	4.59e-01	4.86e-01	5.53e-02
 2.15621e+20	4.75e-01	4.72e-01	5.28e-02
 2.22485e+20	4.92e-01	4.58e-01	5.02e-02
 2.29839e+20	5.10e-01	4.43e-01	4.75e-02
 2.37617e+20	5.27e-01	4.28e-01	4.49e-02
 2.45832e+20	5.44e-01	4.13e-01	4.23e-02
 2.54551e+20	5.61e-01	3.99e-01	3.98e-02
 2.63871e+20	5.78e-01	3.85e-01	3.73e-02
 2.73917e+20	5.95e-01	3.70e-01	3.48e-02
 2.84785e+20	6.12e-01	3.56e-01	3.24e-02
 2.96613e+20	6.28e-01	3.42e-01	3.00e-02
 3.09541e+20	6.44e-01	3.28e-01	2.77e-02
 3.23696e+20	6.60e-01	3.15e-01	2.54e-02
 3.39228e+20	6.75e-01	3.02e-01	2.33e-02
 3.56267e+20	6.90e-01	2.89e-01	2.12e-02
 3.74940e+20	7.04e-01	2.76e-01	1.93e-02
 3.95361e+20	7.19e-01	2.64e-01	1.75e-02
 4.17620e+20	7.32e-01	2.52e-01	1.58e-02
 4.41779e+20	7.46e-01	2.40e-01	1.42e-02
 4.67875e+20	7.58e-01	2.29e-01	1.28e-02
 4.95962e+20	7.71e-01	2.18e-01	1.15e-02
 5.26119e+20	7.82e-01	2.07e-01	1.03e-02
 5.58454e+20	7.94e-01	1.97e-01	9.20e-03
 5.93138e+20	8.05e-01	1.87e-01	8.23e-03
 6.30319e+20	8.15e-01	1.78e-01	7.35e-03
 6.70096e+20	8.25e-01	1.68e-01	6.56e-03
 7.12680e+20	8.34e-01	1.60e-01	5.86e-03
 7.58367e+20	8.43e-01	1.51e-01	5.22e-03
 8.07464e+20	8.52e-01	1.43e-01	4.65e-03
 8.60312e+20	8.60e-01	1.36e-01	4.14e-03
 9.17308e+20	8.68e-01	1.28e-01	3.68e-03
 9.78906e+20	8.76e-01	1.21e-01	3.27e-03
 1.04568e+21	8.83e-01	1.14e-01	2.90e-03
 1.11835e+21	8.90e-01	1.08e-01	2.57e-03
 1.19773e+21	8.96e-01	1.02e-01	2.27e-03
 1.28478e+21	9.02e-01	9.56e-02	2.00e-03
 1.38072e+21	9.08e-01	8.99e-02	1.77e-03
 1.48700e+21	9.14e-01	8.45e-02	1.55e-03
 1.60539e+21	9.19e-01	7.92e-02	1.36e-03
 1.73831e+21	9.25e-01	7.42e-02	1.19e-03
 1.88859e+21	9.29e-01	6.95e-02	1.04e-03
 2.06001e+21	9.34e-01	6.49e-02	9.05e-04
 2.25752e+21	9.39e-01	6.06e-02	7.86e-04
 2.48163e+21	9.43e-01	5.66e-02	6.84e-04
 2.72979e+21	9.46e-01	5.30e-02	5.99e-04
 3.00277e+21	9.50e-01	4.99e-02	5.29e-04
 3.30305e+21	9.52e-01	4.71e-02	4.71e-04
 3.63335e+21	9.55e-01	4.47e-02	4.23e-04
 3.99669e+21	9.57e-01	4.25e-02	3.84e-04
 4.39636e+21	9.59e-01	4.07e-02	3.51e-04
 4.81439e+21	9.60e-01	3.92e-02	3.25e-04
 5.21755e+21	9.62e-01	3.80e-02	3.06e-04
 5.59823e+21	9.63e-01	3.71e-02	2.91e-04
 6.02653e+21	9.63e-01	3.62e-02	2.78e-04
 6.49008e+21	9.64e-01	3.55e-02	2.67e-04
 6.89467e+21	9.65e-01	3.50e-02	2.59e-04
 7.25429e+21	9.65e-01	3.45e-02	2.53e-04
 7.66023e+21	9.66e-01	3.41e-02	2.47e-04
 8.18796e+21	9.66e-01	3.37e-02	2.40e-04
 8.71923e+21	9.67e-01	3.32e-02	2.33e-04
 9.13102e+21	9.67e-01	3.30e-02	2.30e-04
 9.54227e+21	9.67e-01	3.28e-02	2.27e-04
 1.00769e+22	9.67e-01	3.26e-02	2.25e-04
 1.06604e+22	9.67e-01	3.23e-02	2.21e-04
 1.11942e+22	9.68e-01	3.22e-02	2.19e-04
 1.17751e+22	9.68e-01	3.21e-02	2.17e-04
 1.25303e+22	9.68e-01	3.19e-02	2.15e-04
 1.35120e+22	9.68e-01	3.17e-02	2.11e-04
 1.47190e+22	9.68e-01	3.15e-02	2.09e-04
 1.59615e+22	9.68e-01	3.14e-02	2.08e-04
 1.71053e+22	9.68e-01	3.13e-02	2.07e-04
 1.83186e+22	9.69e-01	3.12e-02	2.06e-04
 1.95724e+22	9.69e-01	3.12e-02	2.05e-04
 2.07008e+22	9.69e-01	3.11e-02	2.05e-04
 2.17164e+22	9.69e-01	3.11e-02	2.04e-04
 2.26305e+22	9.69e-01	3.11e-02	2.03e-04
 2.34531e+22	9.69e-01	3.11e-02	2.03e-04
 2.41935e+22	9.69e-01	3.10e-02	2.03e-04
 2.48598e+22	9.69e-01	3.10e-02	2.03e-04
 2.54595e+22	9.69e-01	3.10e-02	2.02e-04
 2.59992e+22	9.69e-01	3.10e-02	2.02e-04
 2.64850e+22	9.69e-01	3.10e-02	2.02e-04
 2.69222e+22	9.69e-01	3.09e-02	2.02e-04
 2.73156e+22	9.69e-01	3.09e-02	2.02e-04
 2.76697e+22	9.69e-01	3.09e-02	2.01e-04
 2.79918e+22	9.69e-01	3.09e-02	2.01e-04
 2.83003e+22	9.69e-01	3.09e-02	2.01e-04
 2.86089e+22	9.69e-01	3.09e-02	2.01e-04
 2.89175e+22	9.69e-01	3.09e-02	2.02e-04
 2.92260e+22	9.69e-01	3.09e-02	2.02e-04
 2.95346e+22	9.69e-01	3.09e-02	2.02e-04
 2.98432e+22	9.69e-01	3.10e-02	2.03e-04
 3.01517e+22	9.69e-01	3.10e-02	2.04e-04
 3.04453e+22	9.69e-01	3.11e-02	2.06e-04
 3.06575e+22	9.69e-01	3.12e-02	2.09e-04
 3.07558e+22	9.68e-01	3.13e-02	2.10e-04
 3.07946e+22	9.68e-01	3.13e-02	2.11e-04
 3.08253e+22	9.68e-01	3.13e-02	2.11e-04
 3.08497e+22	9.68e-01	3.13e-02	2.12e-04
