#depth	N	N+	N+2	N+3	N+4	N+5	N+6	N+7
 1.87521e+16	7.36e-07	2.34e-03	2.58e-01	6.00e-01	1.20e-01	1.91e-02	3.22e-05	0.00e+00
 1.12513e+17	7.32e-07	2.33e-03	2.58e-01	6.01e-01	1.20e-01	1.91e-02	3.22e-05	0.00e+00
 4.87554e+17	7.25e-07	2.31e-03	2.58e-01	6.01e-01	1.19e-01	1.90e-02	3.20e-05	0.00e+00
 1.98772e+18	7.06e-07	2.27e-03	2.61e-01	6.00e-01	1.18e-01	1.87e-02	3.14e-05	0.00e+00
 4.74803e+18	6.47e-07	2.13e-03	2.62e-01	6.02e-01	1.15e-01	1.83e-02	3.09e-05	0.00e+00
 8.33643e+18	6.13e-07	2.05e-03	2.66e-01	6.02e-01	1.12e-01	1.76e-02	2.99e-05	0.00e+00
 1.30014e+19	5.96e-07	2.02e-03	2.74e-01	6.00e-01	1.07e-01	1.67e-02	2.85e-05	0.00e+00
 1.90658e+19	6.00e-07	2.04e-03	2.89e-01	5.94e-01	9.98e-02	1.55e-02	2.65e-05	0.00e+00
 2.69495e+19	6.37e-07	2.16e-03	3.12e-01	5.82e-01	8.97e-02	1.38e-02	2.37e-05	0.00e+00
 3.55602e+19	6.98e-07	2.34e-03	3.41e-01	5.66e-01	7.83e-02	1.20e-02	2.09e-05	0.00e+00
 4.30556e+19	7.85e-07	2.58e-03	3.71e-01	5.49e-01	6.77e-02	1.03e-02	1.83e-05	0.00e+00
 4.90390e+19	8.84e-07	2.84e-03	3.97e-01	5.33e-01	5.89e-02	9.04e-03	1.62e-05	0.00e+00
 5.38896e+19	9.88e-07	3.09e-03	4.18e-01	5.19e-01	5.17e-02	7.98e-03	1.44e-05	0.00e+00
 5.81499e+19	1.08e-06	3.33e-03	4.37e-01	5.07e-01	4.56e-02	7.09e-03	1.29e-05	0.00e+00
 6.22113e+19	1.18e-06	3.57e-03	4.53e-01	4.97e-01	4.00e-02	6.29e-03	1.16e-05	0.00e+00
 6.61461e+19	1.27e-06	3.79e-03	4.68e-01	4.88e-01	3.49e-02	5.58e-03	1.03e-05	0.00e+00
 6.98650e+19	1.34e-06	3.97e-03	4.80e-01	4.80e-01	3.06e-02	4.99e-03	9.25e-06	0.00e+00
 7.33780e+19	1.38e-06	4.11e-03	4.91e-01	4.74e-01	2.69e-02	4.49e-03	8.32e-06	0.00e+00
 7.68077e+19	1.41e-06	4.22e-03	5.00e-01	4.68e-01	2.36e-02	4.06e-03	7.50e-06	0.00e+00
 8.01683e+19	1.41e-06	4.29e-03	5.08e-01	4.63e-01	2.09e-02	3.70e-03	6.80e-06	0.00e+00
 8.34324e+19	1.41e-06	4.34e-03	5.15e-01	4.59e-01	1.86e-02	3.41e-03	6.20e-06	0.00e+00
 8.71431e+19	1.41e-06	4.40e-03	5.22e-01	4.54e-01	1.63e-02	3.12e-03	5.59e-06	0.00e+00
 9.10961e+19	1.39e-06	4.43e-03	5.29e-01	4.50e-01	1.43e-02	2.88e-03	5.09e-06	0.00e+00
 9.47160e+19	1.38e-06	4.46e-03	5.34e-01	4.46e-01	1.28e-02	2.70e-03	4.69e-06	0.00e+00
 9.87735e+19	1.38e-06	4.51e-03	5.41e-01	4.41e-01	1.14e-02	2.53e-03	4.31e-06	0.00e+00
 1.04038e+20	1.40e-06	4.58e-03	5.48e-01	4.35e-01	9.92e-03	2.34e-03	3.90e-06	0.00e+00
 1.09875e+20	1.42e-06	4.66e-03	5.55e-01	4.30e-01	8.72e-03	2.19e-03	3.56e-06	0.00e+00
 1.15938e+20	1.46e-06	4.76e-03	5.61e-01	4.24e-01	7.74e-03	2.07e-03	3.27e-06	0.00e+00
 1.22988e+20	1.52e-06	4.90e-03	5.68e-01	4.18e-01	6.87e-03	1.94e-03	2.99e-06	0.00e+00
 1.31511e+20	1.61e-06	5.08e-03	5.76e-01	4.11e-01	6.09e-03	1.83e-03	2.73e-06	0.00e+00
 1.41918e+20	1.75e-06	5.32e-03	5.84e-01	4.04e-01	5.37e-03	1.71e-03	2.47e-06	0.00e+00
 1.55039e+20	1.95e-06	5.64e-03	5.93e-01	3.95e-01	4.72e-03	1.58e-03	2.20e-06	0.00e+00
 1.70543e+20	2.24e-06	6.06e-03	6.03e-01	3.85e-01	4.20e-03	1.46e-03	1.95e-06	0.00e+00
 1.87597e+20	2.65e-06	6.58e-03	6.13e-01	3.75e-01	3.77e-03	1.34e-03	1.71e-06	0.00e+00
 2.06357e+20	3.23e-06	7.26e-03	6.25e-01	3.63e-01	3.42e-03	1.21e-03	1.46e-06	0.00e+00
 2.26992e+20	4.12e-06	8.19e-03	6.38e-01	3.49e-01	3.11e-03	1.07e-03	1.21e-06	0.00e+00
 2.46947e+20	5.37e-06	9.36e-03	6.53e-01	3.34e-01	2.86e-03	9.27e-04	9.74e-07	0.00e+00
 2.63096e+20	6.88e-06	1.06e-02	6.66e-01	3.20e-01	2.67e-03	8.06e-04	7.85e-07	0.00e+00
 2.75879e+20	8.60e-06	1.20e-02	6.78e-01	3.07e-01	2.52e-03	7.08e-04	6.41e-07	0.00e+00
 2.87099e+20	1.07e-05	1.35e-02	6.90e-01	2.93e-01	2.39e-03	6.19e-04	5.20e-07	0.00e+00
 2.97849e+20	1.36e-05	1.53e-02	7.03e-01	2.79e-01	2.25e-03	5.32e-04	4.12e-07	0.00e+00
 3.08059e+20	1.76e-05	1.77e-02	7.17e-01	2.63e-01	2.12e-03	4.51e-04	3.18e-07	0.00e+00
 3.17279e+20	2.29e-05	2.05e-02	7.30e-01	2.47e-01	1.99e-03	3.78e-04	2.41e-07	0.00e+00
 3.25408e+20	2.97e-05	2.38e-02	7.43e-01	2.31e-01	1.86e-03	3.15e-04	1.82e-07	0.00e+00
 3.31906e+20	3.75e-05	2.73e-02	7.54e-01	2.17e-01	1.76e-03	2.66e-04	1.41e-07	0.00e+00
 3.36723e+20	4.53e-05	3.04e-02	7.62e-01	2.05e-01	1.67e-03	2.32e-04	0.00e+00	0.00e+00
 3.40971e+20	5.43e-05	3.39e-02	7.70e-01	1.94e-01	1.60e-03	2.03e-04	0.00e+00	0.00e+00
 3.45840e+20	6.82e-05	3.88e-02	7.79e-01	1.81e-01	1.50e-03	1.71e-04	0.00e+00	0.00e+00
 3.50773e+20	8.70e-05	4.49e-02	7.87e-01	1.67e-01	1.40e-03	1.41e-04	0.00e+00	0.00e+00
 3.54535e+20	1.07e-04	5.08e-02	7.92e-01	1.55e-01	1.32e-03	1.20e-04	0.00e+00	0.00e+00
 3.57513e+20	1.27e-04	5.65e-02	7.96e-01	1.46e-01	1.25e-03	1.04e-04	0.00e+00	0.00e+00
 3.60725e+20	1.56e-04	6.40e-02	8.00e-01	1.35e-01	1.17e-03	8.75e-05	0.00e+00	0.00e+00
 3.64033e+20	1.95e-04	7.31e-02	8.02e-01	1.24e-01	1.08e-03	7.26e-05	0.00e+00	0.00e+00
 3.66671e+20	2.35e-04	8.19e-02	8.02e-01	1.15e-01	1.02e-03	6.17e-05	0.00e+00	0.00e+00
 3.68872e+20	2.79e-04	9.08e-02	8.01e-01	1.07e-01	9.57e-04	5.32e-05	0.00e+00	0.00e+00
 3.71298e+20	3.41e-04	1.03e-01	7.99e-01	9.74e-02	8.88e-04	4.43e-05	0.00e+00	0.00e+00
 3.73844e+20	4.24e-04	1.17e-01	7.94e-01	8.80e-02	8.16e-04	3.63e-05	0.00e+00	0.00e+00
 3.75949e+20	5.13e-04	1.31e-01	7.87e-01	8.01e-02	7.55e-04	3.02e-05	0.00e+00	0.00e+00
 3.77737e+20	6.09e-04	1.45e-01	7.80e-01	7.34e-02	7.02e-04	2.56e-05	0.00e+00	0.00e+00
 3.79707e+20	7.47e-04	1.64e-01	7.69e-01	6.57e-02	6.41e-04	2.08e-05	0.00e+00	0.00e+00
 3.81770e+20	9.28e-04	1.87e-01	7.54e-01	5.80e-02	5.78e-04	1.66e-05	0.00e+00	0.00e+00
 3.83475e+20	1.12e-03	2.09e-01	7.38e-01	5.17e-02	5.25e-04	1.35e-05	0.00e+00	0.00e+00
 3.84928e+20	1.33e-03	2.31e-01	7.21e-01	4.64e-02	4.80e-04	1.12e-05	0.00e+00	0.00e+00
 3.86533e+20	1.63e-03	2.59e-01	6.99e-01	4.05e-02	4.29e-04	8.86e-06	0.00e+00	0.00e+00
 3.88226e+20	2.02e-03	2.92e-01	6.71e-01	3.47e-02	3.77e-04	6.83e-06	0.00e+00	0.00e+00
 3.89647e+20	2.43e-03	3.24e-01	6.44e-01	3.00e-02	3.34e-04	5.40e-06	0.00e+00	0.00e+00
 3.90884e+20	2.88e-03	3.55e-01	6.16e-01	2.61e-02	2.97e-04	4.30e-06	0.00e+00	0.00e+00
 3.92268e+20	3.52e-03	3.95e-01	5.80e-01	2.18e-02	2.56e-04	3.25e-06	0.00e+00	0.00e+00
 3.93727e+20	4.35e-03	4.39e-01	5.38e-01	1.78e-02	2.16e-04	2.37e-06	0.00e+00	0.00e+00
 3.94958e+20	5.22e-03	4.81e-01	4.99e-01	1.47e-02	1.84e-04	1.78e-06	0.00e+00	0.00e+00
 3.96042e+20	6.18e-03	5.20e-01	4.62e-01	1.22e-02	1.57e-04	1.34e-06	0.00e+00	0.00e+00
 3.97261e+20	7.50e-03	5.67e-01	4.16e-01	9.60e-03	1.28e-04	9.46e-07	0.00e+00	0.00e+00
 3.98567e+20	9.23e-03	6.18e-01	3.66e-01	7.26e-03	1.01e-04	6.34e-07	0.00e+00	0.00e+00
 3.99581e+20	1.09e-02	6.57e-01	3.26e-01	5.73e-03	8.27e-05	4.53e-07	0.00e+00	0.00e+00
 4.00295e+20	1.22e-02	6.86e-01	2.97e-01	4.76e-03	7.07e-05	3.50e-07	0.00e+00	0.00e+00
 4.01026e+20	1.39e-02	7.15e-01	2.67e-01	3.87e-03	5.91e-05	2.62e-07	0.00e+00	0.00e+00
 4.01852e+20	1.60e-02	7.46e-01	2.35e-01	3.02e-03	4.78e-05	1.87e-07	0.00e+00	0.00e+00
 4.02618e+20	1.83e-02	7.74e-01	2.05e-01	2.36e-03	3.86e-05	1.34e-07	0.00e+00	0.00e+00
 4.03285e+20	2.05e-02	7.96e-01	1.81e-01	1.89e-03	3.18e-05	0.00e+00	0.00e+00	0.00e+00
 4.04005e+20	2.35e-02	8.19e-01	1.56e-01	1.45e-03	2.52e-05	0.00e+00	0.00e+00	0.00e+00
 4.04766e+20	2.70e-02	8.41e-01	1.31e-01	1.08e-03	1.94e-05	0.00e+00	0.00e+00	0.00e+00
 4.05403e+20	3.04e-02	8.56e-01	1.13e-01	8.39e-04	1.55e-05	0.00e+00	0.00e+00	0.00e+00
 4.05961e+20	3.40e-02	8.68e-01	9.71e-02	6.60e-04	1.24e-05	0.00e+00	0.00e+00	0.00e+00
 4.06591e+20	3.87e-02	8.80e-01	8.11e-02	4.99e-04	9.57e-06	0.00e+00	0.00e+00	0.00e+00
 4.07269e+20	4.45e-02	8.89e-01	6.62e-02	3.69e-04	7.16e-06	0.00e+00	0.00e+00	0.00e+00
 4.07859e+20	5.05e-02	8.94e-01	5.47e-02	2.82e-04	5.47e-06	0.00e+00	0.00e+00	0.00e+00
 4.08379e+20	5.67e-02	8.97e-01	4.58e-02	2.22e-04	4.27e-06	0.00e+00	0.00e+00	0.00e+00
 4.08961e+20	6.51e-02	8.98e-01	3.68e-02	1.69e-04	3.15e-06	0.00e+00	0.00e+00	0.00e+00
 4.09592e+20	7.56e-02	8.95e-01	2.88e-02	1.28e-04	2.26e-06	0.00e+00	0.00e+00	0.00e+00
 4.10163e+20	8.73e-02	8.90e-01	2.28e-02	1.01e-04	1.65e-06	0.00e+00	0.00e+00	0.00e+00
 4.10682e+20	9.97e-02	8.82e-01	1.81e-02	8.20e-05	1.22e-06	0.00e+00	0.00e+00	0.00e+00
 4.11183e+20	1.14e-01	8.71e-01	1.44e-02	6.80e-05	8.97e-07	0.00e+00	0.00e+00	0.00e+00
 4.11672e+20	1.30e-01	8.58e-01	1.13e-02	5.75e-05	6.61e-07	0.00e+00	0.00e+00	0.00e+00
 4.12137e+20	1.49e-01	8.42e-01	8.93e-03	4.96e-05	4.88e-07	0.00e+00	0.00e+00	0.00e+00
 4.12577e+20	1.68e-01	8.24e-01	7.07e-03	4.36e-05	3.64e-07	0.00e+00	0.00e+00	0.00e+00
 4.12981e+20	1.89e-01	8.05e-01	5.66e-03	3.89e-05	2.76e-07	0.00e+00	0.00e+00	0.00e+00
 4.13343e+20	2.10e-01	7.86e-01	4.60e-03	3.54e-05	2.14e-07	0.00e+00	0.00e+00	0.00e+00
 4.13673e+20	2.31e-01	7.65e-01	3.78e-03	3.25e-05	1.69e-07	0.00e+00	0.00e+00	0.00e+00
 4.13987e+20	2.53e-01	7.44e-01	3.11e-03	3.00e-05	1.34e-07	0.00e+00	0.00e+00	0.00e+00
 4.14231e+20	2.70e-01	7.28e-01	2.70e-03	2.83e-05	0.00e+00	0.00e+00	0.00e+00	0.00e+00
 4.14389e+20	2.82e-01	7.16e-01	2.45e-03	2.72e-05	0.00e+00	0.00e+00	0.00e+00	0.00e+00
 4.14536e+20	2.94e-01	7.04e-01	2.22e-03	2.62e-05	0.00e+00	0.00e+00	0.00e+00	0.00e+00
 4.14701e+20	3.08e-01	6.90e-01	1.99e-03	2.51e-05	0.00e+00	0.00e+00	0.00e+00	0.00e+00
 4.14879e+20	3.23e-01	6.75e-01	1.77e-03	2.40e-05	0.00e+00	0.00e+00	0.00e+00	0.00e+00
 4.15054e+20	3.39e-01	6.59e-01	1.57e-03	2.30e-05	0.00e+00	0.00e+00	0.00e+00	0.00e+00
 4.15219e+20	3.54e-01	6.44e-01	1.41e-03	2.20e-05	0.00e+00	0.00e+00	0.00e+00	0.00e+00
 4.15383e+20	3.70e-01	6.28e-01	1.26e-03	2.11e-05	0.00e+00	0.00e+00	0.00e+00	0.00e+00
 4.15546e+20	3.86e-01	6.13e-01	1.12e-03	2.02e-05	0.00e+00	0.00e+00	0.00e+00	0.00e+00
 4.15708e+20	4.02e-01	5.97e-01	1.00e-03	1.94e-05	0.00e+00	0.00e+00	0.00e+00	0.00e+00
 4.15870e+20	4.19e-01	5.80e-01	8.98e-04	1.85e-05	0.00e+00	0.00e+00	0.00e+00	0.00e+00
 4.16031e+20	4.35e-01	5.64e-01	8.02e-04	1.77e-05	0.00e+00	0.00e+00	0.00e+00	0.00e+00
 4.16191e+20	4.52e-01	5.47e-01	7.18e-04	1.70e-05	0.00e+00	0.00e+00	0.00e+00	0.00e+00
 4.16348e+20	4.69e-01	5.31e-01	6.44e-04	1.63e-05	0.00e+00	0.00e+00	0.00e+00	0.00e+00
 4.16504e+20	4.86e-01	5.14e-01	5.78e-04	1.55e-05	0.00e+00	0.00e+00	0.00e+00	0.00e+00
 4.16659e+20	5.02e-01	4.97e-01	5.20e-04	1.49e-05	0.00e+00	0.00e+00	0.00e+00	0.00e+00
 4.16813e+20	5.19e-01	4.81e-01	4.68e-04	1.42e-05	0.00e+00	0.00e+00	0.00e+00	0.00e+00
 4.16967e+20	5.35e-01	4.65e-01	4.23e-04	1.36e-05	0.00e+00	0.00e+00	0.00e+00	0.00e+00
 4.17119e+20	5.51e-01	4.48e-01	3.82e-04	1.30e-05	0.00e+00	0.00e+00	0.00e+00	0.00e+00
 4.17272e+20	5.67e-01	4.32e-01	3.47e-04	1.24e-05	0.00e+00	0.00e+00	0.00e+00	0.00e+00
 4.17423e+20	5.83e-01	4.17e-01	3.16e-04	1.18e-05	0.00e+00	0.00e+00	0.00e+00	0.00e+00
 4.17573e+20	5.98e-01	4.02e-01	2.89e-04	1.13e-05	0.00e+00	0.00e+00	0.00e+00	0.00e+00
 4.17723e+20	6.13e-01	3.86e-01	2.64e-04	1.08e-05	0.00e+00	0.00e+00	0.00e+00	0.00e+00
 4.17872e+20	6.28e-01	3.72e-01	2.43e-04	1.03e-05	0.00e+00	0.00e+00	0.00e+00	0.00e+00
 4.18021e+20	6.42e-01	3.58e-01	2.25e-04	9.84e-06	0.00e+00	0.00e+00	0.00e+00	0.00e+00
 4.18170e+20	6.56e-01	3.44e-01	2.09e-04	9.40e-06	0.00e+00	0.00e+00	0.00e+00	0.00e+00
 4.18318e+20	6.69e-01	3.31e-01	1.94e-04	8.98e-06	0.00e+00	0.00e+00	0.00e+00	0.00e+00
 4.18463e+20	6.81e-01	3.18e-01	1.82e-04	8.59e-06	0.00e+00	0.00e+00	0.00e+00	0.00e+00
 4.18608e+20	6.93e-01	3.06e-01	1.72e-04	8.22e-06	0.00e+00	0.00e+00	0.00e+00	0.00e+00
 4.18749e+20	7.05e-01	2.95e-01	1.62e-04	7.88e-06	0.00e+00	0.00e+00	0.00e+00	0.00e+00
 4.18890e+20	7.15e-01	2.85e-01	1.54e-04	7.56e-06	0.00e+00	0.00e+00	0.00e+00	0.00e+00
 4.19030e+20	7.25e-01	2.75e-01	1.47e-04	7.27e-06	0.00e+00	0.00e+00	0.00e+00	0.00e+00
 4.19170e+20	7.35e-01	2.65e-01	1.41e-04	6.98e-06	0.00e+00	0.00e+00	0.00e+00	0.00e+00
 4.19310e+20	7.44e-01	2.56e-01	1.36e-04	6.72e-06	0.00e+00	0.00e+00	0.00e+00	0.00e+00
 4.19450e+20	7.53e-01	2.47e-01	1.31e-04	6.47e-06	0.00e+00	0.00e+00	0.00e+00	0.00e+00
 4.19591e+20	7.61e-01	2.39e-01	1.27e-04	6.24e-06	0.00e+00	0.00e+00	0.00e+00	0.00e+00
 4.19733e+20	7.69e-01	2.31e-01	1.23e-04	6.03e-06	0.00e+00	0.00e+00	0.00e+00	0.00e+00
 4.19877e+20	7.76e-01	2.24e-01	1.20e-04	5.83e-06	0.00e+00	0.00e+00	0.00e+00	0.00e+00
 4.20022e+20	7.83e-01	2.17e-01	1.17e-04	5.64e-06	0.00e+00	0.00e+00	0.00e+00	0.00e+00
 4.20170e+20	7.89e-01	2.11e-01	1.14e-04	5.46e-06	0.00e+00	0.00e+00	0.00e+00	0.00e+00
 4.20323e+20	7.95e-01	2.05e-01	1.12e-04	5.30e-06	0.00e+00	0.00e+00	0.00e+00	0.00e+00
 4.20481e+20	8.01e-01	1.99e-01	1.10e-04	5.14e-06	0.00e+00	0.00e+00	0.00e+00	0.00e+00
 4.20644e+20	8.06e-01	1.94e-01	1.08e-04	5.00e-06	0.00e+00	0.00e+00	0.00e+00	0.00e+00
 4.20814e+20	8.11e-01	1.89e-01	1.06e-04	4.87e-06	0.00e+00	0.00e+00	0.00e+00	0.00e+00
 4.20994e+20	8.16e-01	1.84e-01	1.05e-04	4.74e-06	0.00e+00	0.00e+00	0.00e+00	0.00e+00
 4.21187e+20	8.20e-01	1.80e-01	1.04e-04	4.63e-06	0.00e+00	0.00e+00	0.00e+00	0.00e+00
 4.21395e+20	8.24e-01	1.76e-01	1.02e-04	4.52e-06	0.00e+00	0.00e+00	0.00e+00	0.00e+00
 4.21623e+20	8.28e-01	1.72e-01	1.01e-04	4.42e-06	0.00e+00	0.00e+00	0.00e+00	0.00e+00
 4.21878e+20	8.31e-01	1.68e-01	1.00e-04	4.33e-06	0.00e+00	0.00e+00	0.00e+00	0.00e+00
 4.22172e+20	8.35e-01	1.65e-01	9.95e-05	4.25e-06	0.00e+00	0.00e+00	0.00e+00	0.00e+00
 4.22509e+20	8.37e-01	1.62e-01	9.88e-05	4.18e-06	0.00e+00	0.00e+00	0.00e+00	0.00e+00
 4.22865e+20	8.40e-01	1.60e-01	9.82e-05	4.12e-06	0.00e+00	0.00e+00	0.00e+00	0.00e+00
 4.23219e+20	8.41e-01	1.59e-01	9.78e-05	4.08e-06	0.00e+00	0.00e+00	0.00e+00	0.00e+00
 4.23571e+20	8.42e-01	1.58e-01	9.75e-05	4.05e-06	0.00e+00	0.00e+00	0.00e+00	0.00e+00
 4.23921e+20	8.43e-01	1.57e-01	9.72e-05	4.03e-06	0.00e+00	0.00e+00	0.00e+00	0.00e+00
 4.24270e+20	8.44e-01	1.56e-01	9.70e-05	4.01e-06	0.00e+00	0.00e+00	0.00e+00	0.00e+00
 4.24619e+20	8.45e-01	1.55e-01	9.68e-05	3.99e-06	0.00e+00	0.00e+00	0.00e+00	0.00e+00
 4.24967e+20	8.45e-01	1.55e-01	9.67e-05	3.98e-06	0.00e+00	0.00e+00	0.00e+00	0.00e+00
 4.25315e+20	8.45e-01	1.55e-01	9.66e-05	3.97e-06	0.00e+00	0.00e+00	0.00e+00	0.00e+00
 4.25715e+20	8.46e-01	1.54e-01	9.65e-05	3.96e-06	0.00e+00	0.00e+00	0.00e+00	0.00e+00
 4.26234e+20	8.46e-01	1.54e-01	9.64e-05	3.95e-06	0.00e+00	0.00e+00	0.00e+00	0.00e+00
 4.26910e+20	8.46e-01	1.54e-01	9.62e-05	3.94e-06	0.00e+00	0.00e+00	0.00e+00	0.00e+00
 4.27788e+20	8.47e-01	1.53e-01	9.61e-05	3.93e-06	0.00e+00	0.00e+00	0.00e+00	0.00e+00
 4.28929e+20	8.47e-01	1.53e-01	9.59e-05	3.91e-06	0.00e+00	0.00e+00	0.00e+00	0.00e+00
 4.30413e+20	8.48e-01	1.52e-01	9.56e-05	3.89e-06	0.00e+00	0.00e+00	0.00e+00	0.00e+00
 4.32342e+20	8.48e-01	1.52e-01	9.52e-05	3.87e-06	0.00e+00	0.00e+00	0.00e+00	0.00e+00
 4.34850e+20	8.49e-01	1.51e-01	9.48e-05	3.83e-06	0.00e+00	0.00e+00	0.00e+00	0.00e+00
 4.38110e+20	8.50e-01	1.50e-01	9.42e-05	3.79e-06	0.00e+00	0.00e+00	0.00e+00	0.00e+00
 4.42349e+20	8.52e-01	1.48e-01	9.35e-05	3.74e-06	0.00e+00	0.00e+00	0.00e+00	0.00e+00
 4.47859e+20	8.53e-01	1.47e-01	9.26e-05	3.68e-06	0.00e+00	0.00e+00	0.00e+00	0.00e+00
 4.55021e+20	8.55e-01	1.44e-01	9.14e-05	3.59e-06	0.00e+00	0.00e+00	0.00e+00	0.00e+00
 4.64333e+20	8.58e-01	1.42e-01	9.00e-05	3.49e-06	0.00e+00	0.00e+00	0.00e+00	0.00e+00
 4.76438e+20	8.62e-01	1.38e-01	8.82e-05	3.36e-06	0.00e+00	0.00e+00	0.00e+00	0.00e+00
 4.92174e+20	8.66e-01	1.34e-01	8.59e-05	3.21e-06	0.00e+00	0.00e+00	0.00e+00	0.00e+00
 5.12359e+20	8.70e-01	1.30e-01	8.32e-05	3.04e-06	0.00e+00	0.00e+00	0.00e+00	0.00e+00
 5.35870e+20	8.75e-01	1.25e-01	8.03e-05	2.85e-06	0.00e+00	0.00e+00	0.00e+00	0.00e+00
 5.60629e+20	8.80e-01	1.20e-01	7.75e-05	2.68e-06	0.00e+00	0.00e+00	0.00e+00	0.00e+00
 5.86276e+20	8.84e-01	1.16e-01	7.48e-05	2.52e-06	0.00e+00	0.00e+00	0.00e+00	0.00e+00
 6.13805e+20	8.88e-01	1.12e-01	7.20e-05	2.36e-06	0.00e+00	0.00e+00	0.00e+00	0.00e+00
 6.44029e+20	8.93e-01	1.07e-01	6.91e-05	2.20e-06	0.00e+00	0.00e+00	0.00e+00	0.00e+00
 6.76885e+20	8.97e-01	1.03e-01	6.62e-05	2.04e-06	0.00e+00	0.00e+00	0.00e+00	0.00e+00
 7.12237e+20	9.01e-01	9.87e-02	6.33e-05	1.89e-06	0.00e+00	0.00e+00	0.00e+00	0.00e+00
 7.50441e+20	9.05e-01	9.45e-02	6.03e-05	1.74e-06	0.00e+00	0.00e+00	0.00e+00	0.00e+00
 7.91771e+20	9.10e-01	9.03e-02	5.74e-05	1.60e-06	0.00e+00	0.00e+00	0.00e+00	0.00e+00
 8.36750e+20	9.14e-01	8.61e-02	5.43e-05	1.46e-06	0.00e+00	0.00e+00	0.00e+00	0.00e+00
 8.85516e+20	9.18e-01	8.20e-02	5.13e-05	1.33e-06	0.00e+00	0.00e+00	0.00e+00	0.00e+00
 9.38023e+20	9.22e-01	7.80e-02	4.84e-05	1.21e-06	0.00e+00	0.00e+00	0.00e+00	0.00e+00
 9.94923e+20	9.26e-01	7.41e-02	4.54e-05	1.09e-06	0.00e+00	0.00e+00	0.00e+00	0.00e+00
 1.05676e+21	9.30e-01	7.02e-02	4.24e-05	9.74e-07	0.00e+00	0.00e+00	0.00e+00	0.00e+00
 1.12385e+21	9.33e-01	6.65e-02	3.95e-05	8.68e-07	0.00e+00	0.00e+00	0.00e+00	0.00e+00
 1.19631e+21	9.37e-01	6.28e-02	3.67e-05	7.70e-07	0.00e+00	0.00e+00	0.00e+00	0.00e+00
 1.27520e+21	9.41e-01	5.92e-02	3.40e-05	6.79e-07	0.00e+00	0.00e+00	0.00e+00	0.00e+00
 1.36105e+21	9.44e-01	5.58e-02	3.13e-05	5.95e-07	0.00e+00	0.00e+00	0.00e+00	0.00e+00
 1.45359e+21	9.48e-01	5.25e-02	2.87e-05	5.20e-07	0.00e+00	0.00e+00	0.00e+00	0.00e+00
 1.55315e+21	9.51e-01	4.93e-02	2.63e-05	4.52e-07	0.00e+00	0.00e+00	0.00e+00	0.00e+00
 1.66167e+21	9.54e-01	4.62e-02	2.39e-05	3.91e-07	0.00e+00	0.00e+00	0.00e+00	0.00e+00
 1.77992e+21	9.57e-01	4.34e-02	2.17e-05	3.36e-07	0.00e+00	0.00e+00	0.00e+00	0.00e+00
 1.90602e+21	9.59e-01	4.07e-02	1.97e-05	2.89e-07	0.00e+00	0.00e+00	0.00e+00	0.00e+00
 2.04094e+21	9.62e-01	3.81e-02	1.78e-05	2.48e-07	0.00e+00	0.00e+00	0.00e+00	0.00e+00
 2.18674e+21	9.64e-01	3.57e-02	1.60e-05	2.12e-07	0.00e+00	0.00e+00	0.00e+00	0.00e+00
 2.34387e+21	9.67e-01	3.34e-02	1.44e-05	1.80e-07	0.00e+00	0.00e+00	0.00e+00	0.00e+00
 2.50153e+21	9.69e-01	3.14e-02	1.31e-05	1.55e-07	0.00e+00	0.00e+00	0.00e+00	0.00e+00
 2.64755e+21	9.70e-01	2.97e-02	1.20e-05	1.36e-07	0.00e+00	0.00e+00	0.00e+00	0.00e+00
 2.78595e+21	9.72e-01	2.83e-02	1.11e-05	0.00e+00	0.00e+00	0.00e+00	0.00e+00	0.00e+00
 2.94376e+21	9.73e-01	2.67e-02	1.01e-05	0.00e+00	0.00e+00	0.00e+00	0.00e+00	0.00e+00
 3.11352e+21	9.75e-01	2.52e-02	9.27e-06	0.00e+00	0.00e+00	0.00e+00	0.00e+00	0.00e+00
 3.25958e+21	9.76e-01	2.40e-02	8.63e-06	0.00e+00	0.00e+00	0.00e+00	0.00e+00	0.00e+00
 3.38709e+21	9.77e-01	2.30e-02	8.12e-06	0.00e+00	0.00e+00	0.00e+00	0.00e+00	0.00e+00
 3.52971e+21	9.78e-01	2.20e-02	7.58e-06	0.00e+00	0.00e+00	0.00e+00	0.00e+00	0.00e+00
 3.68960e+21	9.79e-01	2.09e-02	7.06e-06	0.00e+00	0.00e+00	0.00e+00	0.00e+00	0.00e+00
 3.83659e+21	9.80e-01	1.99e-02	6.63e-06	0.00e+00	0.00e+00	0.00e+00	0.00e+00	0.00e+00
 3.96698e+21	9.81e-01	1.92e-02	6.29e-06	0.00e+00	0.00e+00	0.00e+00	0.00e+00	0.00e+00
 4.11116e+21	9.82e-01	1.83e-02	5.92e-06	0.00e+00	0.00e+00	0.00e+00	0.00e+00	0.00e+00
 4.27042e+21	9.83e-01	1.74e-02	5.57e-06	0.00e+00	0.00e+00	0.00e+00	0.00e+00	0.00e+00
 4.41400e+21	9.83e-01	1.67e-02	5.28e-06	0.00e+00	0.00e+00	0.00e+00	0.00e+00	0.00e+00
 4.54146e+21	9.84e-01	1.60e-02	5.04e-06	0.00e+00	0.00e+00	0.00e+00	0.00e+00	0.00e+00
 4.68324e+21	9.85e-01	1.53e-02	4.78e-06	0.00e+00	0.00e+00	0.00e+00	0.00e+00	0.00e+00
 4.84042e+21	9.85e-01	1.46e-02	4.53e-06	0.00e+00	0.00e+00	0.00e+00	0.00e+00	0.00e+00
 4.98298e+21	9.86e-01	1.40e-02	4.32e-06	0.00e+00	0.00e+00	0.00e+00	0.00e+00	0.00e+00
 5.11003e+21	9.87e-01	1.35e-02	4.15e-06	0.00e+00	0.00e+00	0.00e+00	0.00e+00	0.00e+00
 5.25154e+21	9.87e-01	1.29e-02	3.96e-06	0.00e+00	0.00e+00	0.00e+00	0.00e+00	0.00e+00
 5.40810e+21	9.88e-01	1.23e-02	3.77e-06	0.00e+00	0.00e+00	0.00e+00	0.00e+00	0.00e+00
 5.54973e+21	9.88e-01	1.18e-02	3.61e-06	0.00e+00	0.00e+00	0.00e+00	0.00e+00	0.00e+00
 5.67612e+21	9.89e-01	1.14e-02	3.48e-06	0.00e+00	0.00e+00	0.00e+00	0.00e+00	0.00e+00
 5.81716e+21	9.89e-01	1.09e-02	3.33e-06	0.00e+00	0.00e+00	0.00e+00	0.00e+00	0.00e+00
 5.97329e+21	9.90e-01	1.04e-02	3.19e-06	0.00e+00	0.00e+00	0.00e+00	0.00e+00	0.00e+00
 6.11480e+21	9.90e-01	1.00e-02	3.07e-06	0.00e+00	0.00e+00	0.00e+00	0.00e+00	0.00e+00
 6.24140e+21	9.90e-01	9.64e-03	2.96e-06	0.00e+00	0.00e+00	0.00e+00	0.00e+00	0.00e+00
 6.38285e+21	9.91e-01	9.24e-03	2.85e-06	0.00e+00	0.00e+00	0.00e+00	0.00e+00	0.00e+00
 6.53950e+21	9.91e-01	8.83e-03	2.74e-06	0.00e+00	0.00e+00	0.00e+00	0.00e+00	0.00e+00
 6.68176e+21	9.92e-01	8.47e-03	2.64e-06	0.00e+00	0.00e+00	0.00e+00	0.00e+00	0.00e+00
 6.80955e+21	9.92e-01	8.17e-03	2.56e-06	0.00e+00	0.00e+00	0.00e+00	0.00e+00	0.00e+00
 6.95266e+21	9.92e-01	7.82e-03	2.46e-06	0.00e+00	0.00e+00	0.00e+00	0.00e+00	0.00e+00
 7.11132e+21	9.93e-01	7.47e-03	2.37e-06	0.00e+00	0.00e+00	0.00e+00	0.00e+00	0.00e+00
 7.25608e+21	9.93e-01	7.17e-03	2.29e-06	0.00e+00	0.00e+00	0.00e+00	0.00e+00	0.00e+00
 7.38741e+21	9.93e-01	6.89e-03	2.22e-06	0.00e+00	0.00e+00	0.00e+00	0.00e+00	0.00e+00
 7.53541e+21	9.93e-01	6.58e-03	2.14e-06	0.00e+00	0.00e+00	0.00e+00	0.00e+00	0.00e+00
 7.69948e+21	9.94e-01	6.26e-03	2.06e-06	0.00e+00	0.00e+00	0.00e+00	0.00e+00	0.00e+00
 7.85024e+21	9.94e-01	5.97e-03	2.00e-06	0.00e+00	0.00e+00	0.00e+00	0.00e+00	0.00e+00
 7.98955e+21	9.94e-01	5.70e-03	1.94e-06	0.00e+00	0.00e+00	0.00e+00	0.00e+00	0.00e+00
 8.14815e+21	9.95e-01	5.38e-03	1.87e-06	0.00e+00	0.00e+00	0.00e+00	0.00e+00	0.00e+00
 8.32661e+21	9.95e-01	5.02e-03	1.80e-06	0.00e+00	0.00e+00	0.00e+00	0.00e+00	0.00e+00
 8.47868e+21	9.95e-01	4.72e-03	1.75e-06	0.00e+00	0.00e+00	0.00e+00	0.00e+00	0.00e+00
