#depth	He	He+	He+2
 1.66783e+16	8.89e-02	8.53e-01	5.79e-02
 1.00070e+17	8.87e-02	8.53e-01	5.81e-02
 4.33636e+17	8.88e-02	8.53e-01	5.80e-02
 1.76790e+18	8.93e-02	8.53e-01	5.76e-02
 4.22295e+18	9.00e-02	8.53e-01	5.71e-02
 7.41451e+18	9.13e-02	8.52e-01	5.63e-02
 1.15635e+19	9.31e-02	8.52e-01	5.52e-02
 1.69573e+19	9.57e-02	8.51e-01	5.37e-02
 2.33696e+19	9.90e-02	8.49e-01	5.19e-02
 2.98630e+19	1.03e-01	8.47e-01	5.02e-02
 3.66059e+19	1.08e-01	8.44e-01	4.83e-02
 4.43381e+19	1.14e-01	8.39e-01	4.63e-02
 5.19731e+19	1.22e-01	8.34e-01	4.45e-02
 5.89875e+19	1.30e-01	8.27e-01	4.29e-02
 6.58396e+19	1.39e-01	8.19e-01	4.16e-02
 7.21583e+19	1.49e-01	8.10e-01	4.05e-02
 7.77102e+19	1.59e-01	8.01e-01	3.98e-02
 8.23815e+19	1.69e-01	7.92e-01	3.92e-02
 8.61949e+19	1.78e-01	7.84e-01	3.88e-02
 8.94827e+19	1.86e-01	7.76e-01	3.84e-02
 9.25534e+19	1.94e-01	7.68e-01	3.81e-02
 9.55383e+19	2.02e-01	7.60e-01	3.78e-02
 9.84155e+19	2.10e-01	7.52e-01	3.76e-02
 1.01159e+20	2.18e-01	7.44e-01	3.73e-02
 1.03804e+20	2.27e-01	7.36e-01	3.70e-02
 1.06426e+20	2.36e-01	7.27e-01	3.68e-02
 1.09014e+20	2.45e-01	7.19e-01	3.65e-02
 1.11064e+20	2.51e-01	7.12e-01	3.64e-02
 1.12501e+20	2.57e-01	7.07e-01	3.62e-02
 1.13904e+20	2.62e-01	7.02e-01	3.60e-02
 1.15495e+20	2.68e-01	6.96e-01	3.59e-02
 1.17259e+20	2.75e-01	6.89e-01	3.56e-02
 1.19042e+20	2.82e-01	6.83e-01	3.54e-02
 1.20803e+20	2.89e-01	6.76e-01	3.52e-02
 1.22613e+20	2.97e-01	6.68e-01	3.48e-02
 1.24458e+20	3.04e-01	6.61e-01	3.46e-02
 1.26350e+20	3.12e-01	6.53e-01	3.42e-02
 1.28307e+20	3.21e-01	6.45e-01	3.39e-02
 1.30323e+20	3.30e-01	6.37e-01	3.35e-02
 1.32399e+20	3.39e-01	6.28e-01	3.31e-02
 1.34525e+20	3.48e-01	6.19e-01	3.27e-02
 1.36707e+20	3.58e-01	6.09e-01	3.22e-02
 1.38963e+20	3.69e-01	6.00e-01	3.17e-02
 1.41293e+20	3.79e-01	5.89e-01	3.12e-02
 1.43691e+20	3.91e-01	5.79e-01	3.07e-02
 1.46151e+20	4.02e-01	5.68e-01	3.01e-02
 1.48684e+20	4.14e-01	5.57e-01	2.95e-02
 1.51306e+20	4.26e-01	5.45e-01	2.89e-02
 1.54012e+20	4.38e-01	5.33e-01	2.82e-02
 1.56799e+20	4.51e-01	5.21e-01	2.76e-02
 1.59670e+20	4.65e-01	5.09e-01	2.68e-02
 1.62620e+20	4.78e-01	4.96e-01	2.62e-02
 1.65680e+20	4.92e-01	4.83e-01	2.54e-02
 1.68835e+20	5.06e-01	4.70e-01	2.47e-02
 1.72072e+20	5.20e-01	4.56e-01	2.39e-02
 1.75416e+20	5.34e-01	4.43e-01	2.31e-02
 1.78842e+20	5.48e-01	4.29e-01	2.23e-02
 1.82346e+20	5.63e-01	4.16e-01	2.15e-02
 1.85961e+20	5.77e-01	4.02e-01	2.08e-02
 1.89684e+20	5.91e-01	3.89e-01	2.00e-02
 1.93494e+20	6.05e-01	3.75e-01	1.92e-02
 1.97410e+20	6.20e-01	3.62e-01	1.84e-02
 2.01466e+20	6.33e-01	3.49e-01	1.76e-02
 2.05677e+20	6.47e-01	3.36e-01	1.68e-02
 2.10057e+20	6.61e-01	3.23e-01	1.60e-02
 2.14612e+20	6.75e-01	3.10e-01	1.52e-02
 2.19382e+20	6.88e-01	2.97e-01	1.45e-02
 2.24399e+20	7.01e-01	2.85e-01	1.37e-02
 2.29699e+20	7.14e-01	2.73e-01	1.29e-02
 2.35319e+20	7.27e-01	2.60e-01	1.22e-02
 2.41285e+20	7.40e-01	2.49e-01	1.14e-02
 2.47706e+20	7.53e-01	2.37e-01	1.06e-02
 2.54666e+20	7.65e-01	2.25e-01	9.89e-03
 2.62206e+20	7.77e-01	2.14e-01	9.16e-03
 2.70436e+20	7.89e-01	2.03e-01	8.44e-03
 2.79502e+20	8.00e-01	1.92e-01	7.73e-03
 2.89549e+20	8.11e-01	1.82e-01	7.04e-03
 3.00747e+20	8.22e-01	1.72e-01	6.37e-03
 3.13307e+20	8.32e-01	1.62e-01	5.73e-03
 3.27445e+20	8.43e-01	1.52e-01	5.13e-03
 3.43385e+20	8.52e-01	1.43e-01	4.55e-03
 3.61388e+20	8.62e-01	1.34e-01	4.01e-03
 3.81784e+20	8.71e-01	1.26e-01	3.52e-03
 4.04796e+20	8.80e-01	1.17e-01	3.07e-03
 4.30722e+20	8.88e-01	1.09e-01	2.66e-03
 4.60052e+20	8.96e-01	1.02e-01	2.29e-03
 4.93236e+20	9.04e-01	9.44e-02	1.97e-03
 5.30827e+20	9.11e-01	8.75e-02	1.69e-03
 5.73634e+20	9.18e-01	8.10e-02	1.44e-03
 6.22918e+20	9.24e-01	7.48e-02	1.22e-03
 6.79841e+20	9.30e-01	6.90e-02	1.04e-03
 7.45821e+20	9.36e-01	6.36e-02	8.80e-04
 8.20403e+20	9.40e-01	5.88e-02	7.51e-04
 9.02443e+20	9.45e-01	5.47e-02	6.47e-04
 9.92688e+20	9.48e-01	5.11e-02	5.65e-04
 1.09196e+21	9.51e-01	4.80e-02	4.98e-04
 1.20115e+21	9.54e-01	4.54e-02	4.44e-04
 1.32127e+21	9.56e-01	4.31e-02	4.01e-04
 1.45339e+21	9.58e-01	4.12e-02	3.65e-04
 1.59873e+21	9.60e-01	3.96e-02	3.36e-04
 1.75861e+21	9.61e-01	3.82e-02	3.13e-04
 1.93447e+21	9.63e-01	3.70e-02	2.94e-04
 2.12791e+21	9.64e-01	3.61e-02	2.78e-04
 2.34071e+21	9.64e-01	3.52e-02	2.66e-04
 2.57478e+21	9.65e-01	3.45e-02	2.55e-04
 2.83225e+21	9.66e-01	3.40e-02	2.46e-04
 3.11548e+21	9.66e-01	3.35e-02	2.39e-04
 3.42703e+21	9.67e-01	3.31e-02	2.34e-04
 3.76973e+21	9.67e-01	3.27e-02	2.29e-04
 4.14670e+21	9.67e-01	3.24e-02	2.23e-04
 4.52635e+21	9.68e-01	3.22e-02	2.21e-04
 4.87898e+21	9.68e-01	3.20e-02	2.19e-04
 5.27103e+21	9.68e-01	3.19e-02	2.16e-04
 5.69293e+21	9.68e-01	3.18e-02	2.15e-04
 6.06309e+21	9.68e-01	3.17e-02	2.14e-04
 6.39826e+21	9.68e-01	3.16e-02	2.13e-04
 6.77846e+21	9.68e-01	3.16e-02	2.12e-04
 7.19808e+21	9.68e-01	3.15e-02	2.11e-04
 7.58158e+21	9.68e-01	3.15e-02	2.10e-04
 7.93296e+21	9.68e-01	3.14e-02	2.10e-04
 8.32997e+21	9.68e-01	3.14e-02	2.09e-04
 8.76868e+21	9.68e-01	3.13e-02	2.08e-04
 9.17068e+21	9.68e-01	3.13e-02	2.08e-04
 9.54272e+21	9.69e-01	3.13e-02	2.08e-04
 9.96671e+21	9.69e-01	3.13e-02	2.07e-04
 1.04393e+22	9.69e-01	3.12e-02	2.07e-04
 1.08821e+22	9.69e-01	3.12e-02	2.06e-04
 1.13648e+22	9.69e-01	3.12e-02	2.06e-04
 1.19034e+22	9.69e-01	3.12e-02	2.05e-04
 1.24176e+22	9.69e-01	3.11e-02	2.05e-04
 1.29889e+22	9.69e-01	3.11e-02	2.04e-04
 1.37316e+22	9.69e-01	3.11e-02	2.04e-04
 1.46970e+22	9.69e-01	3.11e-02	2.04e-04
 1.59094e+22	9.69e-01	3.10e-02	2.03e-04
 1.71697e+22	9.69e-01	3.10e-02	2.03e-04
 1.83168e+22	9.69e-01	3.10e-02	2.03e-04
 1.94696e+22	9.69e-01	3.10e-02	2.03e-04
 2.06083e+22	9.69e-01	3.10e-02	2.02e-04
 2.16331e+22	9.69e-01	3.10e-02	2.02e-04
 2.25555e+22	9.69e-01	3.09e-02	2.02e-04
 2.33856e+22	9.69e-01	3.09e-02	2.02e-04
 2.41327e+22	9.69e-01	3.09e-02	2.02e-04
 2.48051e+22	9.69e-01	3.09e-02	2.02e-04
 2.54103e+22	9.69e-01	3.09e-02	2.01e-04
 2.59550e+22	9.69e-01	3.09e-02	2.01e-04
 2.64451e+22	9.69e-01	3.09e-02	2.01e-04
 2.68863e+22	9.69e-01	3.09e-02	2.01e-04
 2.72833e+22	9.69e-01	3.09e-02	2.01e-04
 2.76407e+22	9.69e-01	3.09e-02	2.01e-04
 2.79642e+22	9.69e-01	3.09e-02	2.01e-04
 2.82728e+22	9.69e-01	3.09e-02	2.01e-04
 2.85814e+22	9.69e-01	3.09e-02	2.01e-04
 2.88899e+22	9.69e-01	3.09e-02	2.01e-04
 2.91985e+22	9.69e-01	3.09e-02	2.01e-04
 2.95071e+22	9.69e-01	3.09e-02	2.01e-04
 2.98157e+22	9.69e-01	3.09e-02	2.02e-04
 3.01242e+22	9.69e-01	3.10e-02	2.04e-04
 3.04250e+22	9.69e-01	3.10e-02	2.05e-04
 3.06524e+22	9.69e-01	3.12e-02	2.08e-04
 3.07606e+22	9.69e-01	3.13e-02	2.10e-04
 3.08009e+22	9.69e-01	3.13e-02	2.10e-04
 3.08306e+22	9.68e-01	3.13e-02	2.11e-04
 3.08521e+22	9.68e-01	3.13e-02	2.11e-04
