#depth	He	He+	He+2
 1.87521e+16	4.81e-05	7.90e-02	9.21e-01
 1.12513e+17	4.81e-05	7.89e-02	9.21e-01
 4.87554e+17	4.80e-05	7.90e-02	9.21e-01
 1.98772e+18	4.81e-05	8.01e-02	9.20e-01
 4.74803e+18	4.65e-05	7.95e-02	9.20e-01
 8.33643e+18	4.64e-05	8.10e-02	9.19e-01
 1.30014e+19	4.77e-05	8.51e-02	9.15e-01
 1.90658e+19	5.11e-05	9.33e-02	9.07e-01
 2.69495e+19	5.85e-05	1.09e-01	8.91e-01
 3.55602e+19	7.00e-05	1.34e-01	8.66e-01
 4.30556e+19	8.64e-05	1.67e-01	8.33e-01
 4.90390e+19	1.05e-04	2.06e-01	7.94e-01
 5.38896e+19	1.27e-04	2.48e-01	7.52e-01
 5.81499e+19	1.50e-04	2.94e-01	7.06e-01
 6.22113e+19	1.78e-04	3.48e-01	6.52e-01
 6.61461e+19	2.10e-04	4.07e-01	5.93e-01
 6.98650e+19	2.43e-04	4.68e-01	5.32e-01
 7.33780e+19	2.76e-04	5.28e-01	4.71e-01
 7.68077e+19	3.10e-04	5.86e-01	4.13e-01
 8.01683e+19	3.44e-04	6.40e-01	3.59e-01
 8.34324e+19	3.75e-04	6.88e-01	3.12e-01
 8.71431e+19	4.11e-04	7.37e-01	2.63e-01
 9.10961e+19	4.44e-04	7.80e-01	2.20e-01
 9.47160e+19	4.72e-04	8.13e-01	1.87e-01
 9.87735e+19	5.02e-04	8.44e-01	1.55e-01
 1.04038e+20	5.38e-04	8.76e-01	1.24e-01
 1.09875e+20	5.69e-04	9.01e-01	9.83e-02
 1.15938e+20	6.00e-04	9.21e-01	7.85e-02
 1.22988e+20	6.31e-04	9.38e-01	6.17e-02
 1.31511e+20	6.65e-04	9.52e-01	4.75e-02
 1.41918e+20	7.01e-04	9.64e-01	3.58e-02
 1.55039e+20	7.43e-04	9.73e-01	2.62e-02
 1.70543e+20	7.89e-04	9.80e-01	1.93e-02
 1.87597e+20	8.40e-04	9.85e-01	1.45e-02
 2.06357e+20	9.01e-04	9.88e-01	1.10e-02
 2.26992e+20	9.77e-04	9.90e-01	8.54e-03
 2.46947e+20	1.06e-03	9.92e-01	6.93e-03
 2.63096e+20	1.15e-03	9.93e-01	5.97e-03
 2.75879e+20	1.23e-03	9.93e-01	5.34e-03
 2.87099e+20	1.32e-03	9.94e-01	4.86e-03
 2.97849e+20	1.42e-03	9.94e-01	4.46e-03
 3.08059e+20	1.54e-03	9.94e-01	4.12e-03
 3.17279e+20	1.67e-03	9.94e-01	3.85e-03
 3.25408e+20	1.81e-03	9.95e-01	3.62e-03
 3.31906e+20	1.94e-03	9.95e-01	3.46e-03
 3.36723e+20	2.06e-03	9.95e-01	3.35e-03
 3.40971e+20	2.18e-03	9.95e-01	3.25e-03
 3.45840e+20	2.33e-03	9.95e-01	3.13e-03
 3.50773e+20	2.52e-03	9.94e-01	3.02e-03
 3.54535e+20	2.68e-03	9.94e-01	2.94e-03
 3.57513e+20	2.83e-03	9.94e-01	2.88e-03
 3.60725e+20	3.02e-03	9.94e-01	2.81e-03
 3.64033e+20	3.23e-03	9.94e-01	2.74e-03
 3.66671e+20	3.43e-03	9.94e-01	2.69e-03
 3.68872e+20	3.62e-03	9.94e-01	2.64e-03
 3.71298e+20	3.86e-03	9.94e-01	2.59e-03
 3.73844e+20	4.15e-03	9.93e-01	2.54e-03
 3.75949e+20	4.42e-03	9.93e-01	2.50e-03
 3.77737e+20	4.68e-03	9.93e-01	2.47e-03
 3.79707e+20	5.02e-03	9.93e-01	2.43e-03
 3.81770e+20	5.41e-03	9.92e-01	2.39e-03
 3.83475e+20	5.79e-03	9.92e-01	2.35e-03
 3.84928e+20	6.15e-03	9.92e-01	2.32e-03
 3.86533e+20	6.63e-03	9.91e-01	2.29e-03
 3.88226e+20	7.20e-03	9.91e-01	2.26e-03
 3.89647e+20	7.74e-03	9.90e-01	2.23e-03
 3.90884e+20	8.30e-03	9.89e-01	2.21e-03
 3.92268e+20	9.03e-03	9.89e-01	2.18e-03
 3.93727e+20	9.90e-03	9.88e-01	2.15e-03
 3.94958e+20	1.08e-02	9.87e-01	2.13e-03
 3.96042e+20	1.17e-02	9.86e-01	2.11e-03
 3.97261e+20	1.28e-02	9.85e-01	2.09e-03
 3.98567e+20	1.43e-02	9.84e-01	2.07e-03
 3.99581e+20	1.57e-02	9.82e-01	2.05e-03
 4.00295e+20	1.68e-02	9.81e-01	2.04e-03
 4.01026e+20	1.81e-02	9.80e-01	2.03e-03
 4.01852e+20	1.98e-02	9.78e-01	2.01e-03
 4.02618e+20	2.16e-02	9.76e-01	2.00e-03
 4.03285e+20	2.33e-02	9.75e-01	2.00e-03
 4.04005e+20	2.55e-02	9.73e-01	1.99e-03
 4.04766e+20	2.82e-02	9.70e-01	1.98e-03
 4.05403e+20	3.07e-02	9.67e-01	1.98e-03
 4.05961e+20	3.33e-02	9.65e-01	1.98e-03
 4.06591e+20	3.67e-02	9.61e-01	1.98e-03
 4.07269e+20	4.08e-02	9.57e-01	1.99e-03
 4.07859e+20	4.51e-02	9.53e-01	1.99e-03
 4.08379e+20	4.93e-02	9.49e-01	2.00e-03
 4.08961e+20	5.50e-02	9.43e-01	2.02e-03
 4.09592e+20	6.20e-02	9.36e-01	2.04e-03
 4.10163e+20	6.96e-02	9.28e-01	2.06e-03
 4.10682e+20	7.75e-02	9.20e-01	2.09e-03
 4.11183e+20	8.65e-02	9.11e-01	2.12e-03
 4.11672e+20	9.65e-02	9.01e-01	2.16e-03
 4.12137e+20	1.08e-01	8.90e-01	2.20e-03
 4.12577e+20	1.20e-01	8.78e-01	2.25e-03
 4.12981e+20	1.32e-01	8.66e-01	2.30e-03
 4.13343e+20	1.44e-01	8.53e-01	2.35e-03
 4.13673e+20	1.57e-01	8.40e-01	2.40e-03
 4.13987e+20	1.70e-01	8.27e-01	2.45e-03
 4.14231e+20	1.81e-01	8.17e-01	2.49e-03
 4.14389e+20	1.88e-01	8.09e-01	2.52e-03
 4.14536e+20	1.96e-01	8.02e-01	2.54e-03
 4.14701e+20	2.05e-01	7.93e-01	2.58e-03
 4.14879e+20	2.15e-01	7.82e-01	2.61e-03
 4.15054e+20	2.25e-01	7.72e-01	2.64e-03
 4.15219e+20	2.35e-01	7.62e-01	2.68e-03
 4.15383e+20	2.46e-01	7.51e-01	2.71e-03
 4.15546e+20	2.57e-01	7.40e-01	2.75e-03
 4.15708e+20	2.69e-01	7.28e-01	2.78e-03
 4.15870e+20	2.81e-01	7.17e-01	2.82e-03
 4.16031e+20	2.93e-01	7.04e-01	2.85e-03
 4.16191e+20	3.06e-01	6.91e-01	2.88e-03
 4.16348e+20	3.19e-01	6.78e-01	2.92e-03
 4.16504e+20	3.33e-01	6.64e-01	2.95e-03
 4.16659e+20	3.47e-01	6.50e-01	2.98e-03
 4.16813e+20	3.62e-01	6.35e-01	3.01e-03
 4.16967e+20	3.76e-01	6.21e-01	3.04e-03
 4.17119e+20	3.91e-01	6.05e-01	3.07e-03
 4.17272e+20	4.07e-01	5.90e-01	3.10e-03
 4.17423e+20	4.23e-01	5.74e-01	3.12e-03
 4.17573e+20	4.39e-01	5.58e-01	3.15e-03
 4.17723e+20	4.56e-01	5.41e-01	3.16e-03
 4.17872e+20	4.73e-01	5.24e-01	3.18e-03
 4.18021e+20	4.90e-01	5.07e-01	3.20e-03
 4.18170e+20	5.07e-01	4.90e-01	3.21e-03
 4.18318e+20	5.25e-01	4.72e-01	3.22e-03
 4.18463e+20	5.42e-01	4.55e-01	3.22e-03
 4.18608e+20	5.59e-01	4.38e-01	3.22e-03
 4.18749e+20	5.76e-01	4.21e-01	3.22e-03
 4.18890e+20	5.93e-01	4.04e-01	3.21e-03
 4.19030e+20	6.09e-01	3.87e-01	3.20e-03
 4.19170e+20	6.26e-01	3.71e-01	3.18e-03
 4.19310e+20	6.42e-01	3.54e-01	3.16e-03
 4.19450e+20	6.59e-01	3.38e-01	3.13e-03
 4.19591e+20	6.75e-01	3.22e-01	3.10e-03
 4.19733e+20	6.91e-01	3.06e-01	3.06e-03
 4.19877e+20	7.06e-01	2.91e-01	3.02e-03
 4.20022e+20	7.21e-01	2.76e-01	2.96e-03
 4.20170e+20	7.37e-01	2.60e-01	2.91e-03
 4.20323e+20	7.52e-01	2.45e-01	2.84e-03
 4.20481e+20	7.66e-01	2.31e-01	2.77e-03
 4.20644e+20	7.81e-01	2.17e-01	2.70e-03
 4.20814e+20	7.95e-01	2.02e-01	2.61e-03
 4.20994e+20	8.09e-01	1.89e-01	2.52e-03
 4.21187e+20	8.22e-01	1.75e-01	2.42e-03
 4.21395e+20	8.36e-01	1.62e-01	2.31e-03
 4.21623e+20	8.49e-01	1.49e-01	2.20e-03
 4.21878e+20	8.61e-01	1.37e-01	2.09e-03
 4.22172e+20	8.73e-01	1.25e-01	1.96e-03
 4.22509e+20	8.84e-01	1.14e-01	1.85e-03
 4.22865e+20	8.92e-01	1.06e-01	1.75e-03
 4.23219e+20	8.99e-01	9.96e-02	1.67e-03
 4.23571e+20	9.03e-01	9.50e-02	1.61e-03
 4.23921e+20	9.07e-01	9.16e-02	1.56e-03
 4.24270e+20	9.09e-01	8.91e-02	1.53e-03
 4.24619e+20	9.11e-01	8.71e-02	1.49e-03
 4.24967e+20	9.13e-01	8.57e-02	1.47e-03
 4.25315e+20	9.14e-01	8.49e-02	1.46e-03
 4.25715e+20	9.15e-01	8.39e-02	1.44e-03
 4.26234e+20	9.15e-01	8.31e-02	1.43e-03
 4.26910e+20	9.16e-01	8.24e-02	1.41e-03
 4.27788e+20	9.17e-01	8.19e-02	1.41e-03
 4.28929e+20	9.17e-01	8.14e-02	1.39e-03
 4.30413e+20	9.18e-01	8.09e-02	1.37e-03
 4.32342e+20	9.18e-01	8.03e-02	1.35e-03
 4.34850e+20	9.19e-01	7.96e-02	1.33e-03
 4.38110e+20	9.20e-01	7.86e-02	1.30e-03
 4.42349e+20	9.21e-01	7.74e-02	1.26e-03
 4.47859e+20	9.23e-01	7.59e-02	1.21e-03
 4.55021e+20	9.25e-01	7.40e-02	1.15e-03
 4.64333e+20	9.27e-01	7.16e-02	1.08e-03
 4.76438e+20	9.30e-01	6.88e-02	9.93e-04
 4.92174e+20	9.34e-01	6.55e-02	9.01e-04
 5.12359e+20	9.37e-01	6.18e-02	8.00e-04
 5.35870e+20	9.41e-01	5.80e-02	7.06e-04
 5.60629e+20	9.45e-01	5.46e-02	6.26e-04
 5.86276e+20	9.48e-01	5.15e-02	5.57e-04
 6.13805e+20	9.51e-01	4.86e-02	4.95e-04
 6.44029e+20	9.54e-01	4.57e-02	4.39e-04
 6.76885e+20	9.57e-01	4.30e-02	3.90e-04
 7.12237e+20	9.59e-01	4.05e-02	3.46e-04
 7.50441e+20	9.62e-01	3.81e-02	3.07e-04
 7.91771e+20	9.64e-01	3.59e-02	2.72e-04
 8.36750e+20	9.66e-01	3.38e-02	2.42e-04
 8.85516e+20	9.68e-01	3.18e-02	2.14e-04
 9.38023e+20	9.70e-01	2.99e-02	1.91e-04
 9.94923e+20	9.72e-01	2.82e-02	1.69e-04
 1.05676e+21	9.73e-01	2.65e-02	1.50e-04
 1.12385e+21	9.75e-01	2.50e-02	1.34e-04
 1.19631e+21	9.76e-01	2.35e-02	1.19e-04
 1.27520e+21	9.78e-01	2.21e-02	1.05e-04
 1.36105e+21	9.79e-01	2.08e-02	9.36e-05
 1.45359e+21	9.80e-01	1.96e-02	8.33e-05
 1.55315e+21	9.81e-01	1.85e-02	7.41e-05
 1.66167e+21	9.83e-01	1.74e-02	6.59e-05
 1.77992e+21	9.84e-01	1.64e-02	5.86e-05
 1.90602e+21	9.85e-01	1.54e-02	5.23e-05
 2.04094e+21	9.85e-01	1.46e-02	4.67e-05
 2.18674e+21	9.86e-01	1.38e-02	4.18e-05
 2.34387e+21	9.87e-01	1.30e-02	3.74e-05
 2.50153e+21	9.88e-01	1.24e-02	3.39e-05
 2.64755e+21	9.88e-01	1.18e-02	3.11e-05
 2.78595e+21	9.89e-01	1.14e-02	2.88e-05
 2.94376e+21	9.89e-01	1.09e-02	2.65e-05
 3.11352e+21	9.89e-01	1.05e-02	2.45e-05
 3.25958e+21	9.90e-01	1.02e-02	2.30e-05
 3.38709e+21	9.90e-01	9.90e-03	2.18e-05
 3.52971e+21	9.90e-01	9.62e-03	2.06e-05
 3.68960e+21	9.91e-01	9.34e-03	1.94e-05
 3.83659e+21	9.91e-01	9.11e-03	1.84e-05
 3.96698e+21	9.91e-01	8.92e-03	1.76e-05
 4.11116e+21	9.91e-01	8.72e-03	1.68e-05
 4.27042e+21	9.91e-01	8.52e-03	1.60e-05
 4.41400e+21	9.92e-01	8.36e-03	1.54e-05
 4.54146e+21	9.92e-01	8.22e-03	1.48e-05
 4.68324e+21	9.92e-01	8.08e-03	1.43e-05
 4.84042e+21	9.92e-01	7.92e-03	1.37e-05
 4.98298e+21	9.92e-01	7.79e-03	1.32e-05
 5.11003e+21	9.92e-01	7.68e-03	1.28e-05
 5.25154e+21	9.92e-01	7.56e-03	1.24e-05
 5.40810e+21	9.93e-01	7.44e-03	1.20e-05
 5.54973e+21	9.93e-01	7.33e-03	1.16e-05
 5.67612e+21	9.93e-01	7.25e-03	1.13e-05
 5.81716e+21	9.93e-01	7.15e-03	1.10e-05
 5.97329e+21	9.93e-01	7.05e-03	1.07e-05
 6.11480e+21	9.93e-01	6.97e-03	1.04e-05
 6.24140e+21	9.93e-01	6.90e-03	1.02e-05
 6.38285e+21	9.93e-01	6.82e-03	9.90e-06
 6.53950e+21	9.93e-01	6.74e-03	9.63e-06
 6.68176e+21	9.93e-01	6.67e-03	9.41e-06
 6.80955e+21	9.93e-01	6.61e-03	9.22e-06
 6.95266e+21	9.93e-01	6.54e-03	9.01e-06
 7.11132e+21	9.94e-01	6.47e-03	8.79e-06
 7.25608e+21	9.94e-01	6.42e-03	8.62e-06
 7.38741e+21	9.94e-01	6.36e-03	8.46e-06
 7.53541e+21	9.94e-01	6.30e-03	8.27e-06
 7.69948e+21	9.94e-01	6.25e-03	8.09e-06
 7.85024e+21	9.94e-01	6.20e-03	7.94e-06
 7.98955e+21	9.94e-01	6.15e-03	7.81e-06
 8.14815e+21	9.94e-01	6.11e-03	7.66e-06
 8.32661e+21	9.94e-01	6.06e-03	7.53e-06
 8.47868e+21	9.94e-01	6.04e-03	7.45e-06
