#depth	He	He+	He+2
 9.35236e+17	3.17e-05	3.88e-02	9.61e-01
 5.61142e+18	3.17e-05	3.88e-02	9.61e-01
 2.43161e+19	3.18e-05	3.90e-02	9.61e-01
 9.91350e+19	3.23e-05	3.99e-02	9.60e-01
 2.36802e+20	3.24e-05	4.03e-02	9.60e-01
 4.10805e+20	3.42e-05	4.16e-02	9.58e-01
 6.24550e+20	3.76e-05	4.44e-02	9.56e-01
 8.52056e+20	4.20e-05	4.79e-02	9.52e-01
 1.05903e+21	4.72e-05	5.21e-02	9.48e-01
 1.24710e+21	5.34e-05	5.71e-02	9.43e-01
 1.42262e+21	6.06e-05	6.28e-02	9.37e-01
 1.58464e+21	6.87e-05	6.92e-02	9.31e-01
 1.73486e+21	7.79e-05	7.63e-02	9.24e-01
 1.87707e+21	8.85e-05	8.45e-02	9.15e-01
 2.00548e+21	9.98e-05	9.31e-02	9.07e-01
 2.11880e+21	1.12e-04	1.02e-01	8.98e-01
 2.24405e+21	1.28e-04	1.14e-01	8.86e-01
 2.36602e+21	1.46e-04	1.27e-01	8.73e-01
 2.45642e+21	1.62e-04	1.38e-01	8.61e-01
 2.54662e+21	1.81e-04	1.52e-01	8.48e-01
 2.64664e+21	2.06e-04	1.68e-01	8.32e-01
 2.73287e+21	2.30e-04	1.84e-01	8.15e-01
 2.81843e+21	2.59e-04	2.03e-01	7.97e-01
 2.90521e+21	2.92e-04	2.23e-01	7.77e-01
 2.97736e+21	3.23e-04	2.42e-01	7.57e-01
 3.05495e+21	3.62e-04	2.65e-01	7.35e-01
 3.13734e+21	4.08e-04	2.91e-01	7.08e-01
 3.20790e+21	4.53e-04	3.15e-01	6.84e-01
 3.27034e+21	4.97e-04	3.38e-01	6.62e-01
 3.34030e+21	5.55e-04	3.65e-01	6.34e-01
 3.41245e+21	6.16e-04	3.94e-01	6.06e-01
 3.47446e+21	6.74e-04	4.19e-01	5.80e-01
 3.54210e+21	7.45e-04	4.48e-01	5.51e-01
 3.61460e+21	8.24e-04	4.79e-01	5.21e-01
 3.67916e+21	9.02e-04	5.06e-01	4.93e-01
 3.74879e+21	9.94e-04	5.36e-01	4.63e-01
 3.82321e+21	1.10e-03	5.66e-01	4.33e-01
 3.87799e+21	1.17e-03	5.86e-01	4.12e-01
 3.91458e+21	1.23e-03	6.00e-01	3.98e-01
 3.95336e+21	1.29e-03	6.15e-01	3.83e-01
 4.00378e+21	1.38e-03	6.34e-01	3.64e-01
 4.05467e+21	1.46e-03	6.52e-01	3.47e-01
 4.09707e+21	1.54e-03	6.66e-01	3.33e-01
 4.14309e+21	1.63e-03	6.81e-01	3.17e-01
 4.19352e+21	1.73e-03	6.97e-01	3.01e-01
 4.24105e+21	1.83e-03	7.11e-01	2.88e-01
 4.28451e+21	1.92e-03	7.23e-01	2.75e-01
 4.33130e+21	2.03e-03	7.36e-01	2.62e-01
 4.38291e+21	2.15e-03	7.49e-01	2.49e-01
 4.43025e+21	2.27e-03	7.60e-01	2.38e-01
 4.47247e+21	2.39e-03	7.69e-01	2.28e-01
 4.51855e+21	2.52e-03	7.79e-01	2.18e-01
 4.56865e+21	2.68e-03	7.89e-01	2.08e-01
 4.61490e+21	2.82e-03	7.98e-01	1.99e-01
 4.65924e+21	2.98e-03	8.06e-01	1.91e-01
 4.71014e+21	3.18e-03	8.15e-01	1.82e-01
 4.76563e+21	3.40e-03	8.24e-01	1.73e-01
 4.81458e+21	3.62e-03	8.31e-01	1.66e-01
 4.85690e+21	3.83e-03	8.37e-01	1.59e-01
 4.90317e+21	4.08e-03	8.43e-01	1.53e-01
 4.96331e+21	4.43e-03	8.51e-01	1.45e-01
 5.02277e+21	4.83e-03	8.57e-01	1.38e-01
 5.06684e+21	5.16e-03	8.62e-01	1.33e-01
 5.10963e+21	5.53e-03	8.66e-01	1.28e-01
 5.16526e+21	6.07e-03	8.72e-01	1.22e-01
 5.21970e+21	6.68e-03	8.76e-01	1.17e-01
 5.25970e+21	7.18e-03	8.79e-01	1.14e-01
 5.29366e+21	7.68e-03	8.82e-01	1.11e-01
 5.33262e+21	8.32e-03	8.84e-01	1.08e-01
 5.37496e+21	9.11e-03	8.87e-01	1.04e-01
 5.41255e+21	9.94e-03	8.89e-01	1.01e-01
 5.44614e+21	1.08e-02	8.91e-01	9.87e-02
 5.48362e+21	1.19e-02	8.92e-01	9.59e-02
 5.52358e+21	1.32e-02	8.93e-01	9.33e-02
 5.55739e+21	1.46e-02	8.94e-01	9.11e-02
 5.58672e+21	1.60e-02	8.95e-01	8.93e-02
 5.61471e+21	1.76e-02	8.95e-01	8.76e-02
 5.64170e+21	1.93e-02	8.95e-01	8.59e-02
 5.66754e+21	2.13e-02	8.94e-01	8.44e-02
 5.69223e+21	2.35e-02	8.93e-01	8.31e-02
 5.71636e+21	2.60e-02	8.92e-01	8.18e-02
 5.74023e+21	2.88e-02	8.90e-01	8.09e-02
 5.76755e+21	3.27e-02	8.88e-01	7.97e-02
 5.79617e+21	3.77e-02	8.84e-01	7.85e-02
 5.82023e+21	4.28e-02	8.79e-01	7.78e-02
 5.84116e+21	4.81e-02	8.75e-01	7.73e-02
 5.86431e+21	5.52e-02	8.68e-01	7.67e-02
 5.88843e+21	6.39e-02	8.60e-01	7.65e-02
 5.90833e+21	7.28e-02	8.51e-01	7.63e-02
 5.92522e+21	8.12e-02	8.42e-01	7.66e-02
 5.94234e+21	9.15e-02	8.32e-01	7.66e-02
 5.96175e+21	1.04e-01	8.18e-01	7.71e-02
 5.98054e+21	1.19e-01	8.03e-01	7.75e-02
 5.99600e+21	1.33e-01	7.89e-01	7.79e-02
 6.00953e+21	1.47e-01	7.75e-01	7.83e-02
 6.02277e+21	1.62e-01	7.59e-01	7.86e-02
 6.03618e+21	1.79e-01	7.43e-01	7.87e-02
 6.04934e+21	1.96e-01	7.25e-01	7.89e-02
 6.06183e+21	2.14e-01	7.07e-01	7.87e-02
 6.07169e+21	2.29e-01	6.93e-01	7.86e-02
 6.07901e+21	2.40e-01	6.81e-01	7.85e-02
 6.08667e+21	2.53e-01	6.69e-01	7.82e-02
 6.09576e+21	2.68e-01	6.54e-01	7.77e-02
 6.10569e+21	2.85e-01	6.37e-01	7.71e-02
 6.11573e+21	3.03e-01	6.21e-01	7.64e-02
 6.12627e+21	3.21e-01	6.03e-01	7.54e-02
 6.13776e+21	3.41e-01	5.85e-01	7.44e-02
 6.15046e+21	3.63e-01	5.64e-01	7.30e-02
 6.16463e+21	3.85e-01	5.44e-01	7.14e-02
 6.18096e+21	4.09e-01	5.22e-01	6.94e-02
 6.19943e+21	4.32e-01	5.01e-01	6.75e-02
 6.21825e+21	4.51e-01	4.84e-01	6.55e-02
 6.23655e+21	4.66e-01	4.70e-01	6.38e-02
 6.25443e+21	4.78e-01	4.60e-01	6.23e-02
 6.27201e+21	4.87e-01	4.52e-01	6.10e-02
 6.29206e+21	4.96e-01	4.45e-01	5.97e-02
 6.31814e+21	5.05e-01	4.37e-01	5.82e-02
 6.35203e+21	5.13e-01	4.30e-01	5.64e-02
 6.39609e+21	5.22e-01	4.24e-01	5.44e-02
 6.45338e+21	5.32e-01	4.16e-01	5.20e-02
 6.52784e+21	5.43e-01	4.08e-01	4.92e-02
 6.62465e+21	5.56e-01	3.98e-01	4.59e-02
 6.75050e+21	5.73e-01	3.85e-01	4.19e-02
 6.90634e+21	5.92e-01	3.71e-01	3.77e-02
 7.07848e+21	6.11e-01	3.55e-01	3.38e-02
 7.25263e+21	6.29e-01	3.41e-01	3.03e-02
 7.42817e+21	6.46e-01	3.27e-01	2.73e-02
 7.60926e+21	6.62e-01	3.13e-01	2.46e-02
 7.79817e+21	6.78e-01	3.00e-01	2.22e-02
 7.99516e+21	6.93e-01	2.87e-01	1.99e-02
 8.19875e+21	7.08e-01	2.74e-01	1.79e-02
 8.40825e+21	7.22e-01	2.62e-01	1.61e-02
 8.62486e+21	7.35e-01	2.51e-01	1.45e-02
 8.84906e+21	7.48e-01	2.39e-01	1.31e-02
 9.08078e+21	7.60e-01	2.28e-01	1.18e-02
 9.32001e+21	7.72e-01	2.18e-01	1.06e-02
 9.56708e+21	7.83e-01	2.08e-01	9.55e-03
 9.82221e+21	7.93e-01	1.98e-01	8.59e-03
 1.00866e+22	8.04e-01	1.89e-01	7.73e-03
 1.03596e+22	8.13e-01	1.80e-01	6.96e-03
 1.06404e+22	8.23e-01	1.71e-01	6.27e-03
 1.09304e+22	8.31e-01	1.63e-01	5.64e-03
 1.12304e+22	8.40e-01	1.55e-01	5.08e-03
 1.15411e+22	8.48e-01	1.48e-01	4.58e-03
 1.18625e+22	8.55e-01	1.40e-01	4.12e-03
 1.21937e+22	8.63e-01	1.34e-01	3.71e-03
 1.25363e+22	8.70e-01	1.27e-01	3.34e-03
 1.28923e+22	8.76e-01	1.21e-01	3.01e-03
 1.32626e+22	8.83e-01	1.15e-01	2.71e-03
 1.36471e+22	8.88e-01	1.09e-01	2.44e-03
 1.40432e+22	8.94e-01	1.04e-01	2.20e-03
 1.44550e+22	8.99e-01	9.86e-02	1.98e-03
 1.48883e+22	9.05e-01	9.37e-02	1.78e-03
 1.53411e+22	9.09e-01	8.90e-02	1.60e-03
 1.58139e+22	9.14e-01	8.45e-02	1.44e-03
 1.63095e+22	9.18e-01	8.03e-02	1.30e-03
 1.68098e+22	9.22e-01	7.64e-02	1.18e-03
 1.72902e+22	9.26e-01	7.31e-02	1.08e-03
 1.77579e+22	9.29e-01	7.01e-02	9.89e-04
 1.82950e+22	9.32e-01	6.69e-02	8.99e-04
 1.88920e+22	9.35e-01	6.37e-02	8.16e-04
 1.94293e+22	9.38e-01	6.13e-02	7.54e-04
 1.99010e+22	9.40e-01	5.92e-02	7.04e-04
 2.04249e+22	9.42e-01	5.71e-02	6.55e-04
 2.11059e+22	9.45e-01	5.46e-02	5.99e-04
 2.18246e+22	9.47e-01	5.23e-02	5.50e-04
 2.24294e+22	9.49e-01	5.06e-02	5.15e-04
 2.30529e+22	9.51e-01	4.90e-02	4.83e-04
 2.37779e+22	9.52e-01	4.73e-02	4.51e-04
 2.44858e+22	9.54e-01	4.58e-02	4.23e-04
 2.51229e+22	9.55e-01	4.46e-02	4.02e-04
 2.56963e+22	9.56e-01	4.36e-02	3.85e-04
 2.62123e+22	9.57e-01	4.28e-02	3.71e-04
 2.66768e+22	9.57e-01	4.22e-02	3.61e-04
 2.70948e+22	9.58e-01	4.16e-02	3.51e-04
 2.74710e+22	9.59e-01	4.11e-02	3.43e-04
 2.78096e+22	9.59e-01	4.07e-02	3.37e-04
 2.81242e+22	9.59e-01	4.04e-02	3.31e-04
 2.84328e+22	9.60e-01	4.00e-02	3.25e-04
 2.87414e+22	9.60e-01	3.97e-02	3.21e-04
 2.90499e+22	9.60e-01	3.94e-02	3.16e-04
 2.93585e+22	9.61e-01	3.91e-02	3.12e-04
 2.96671e+22	9.61e-01	3.88e-02	3.08e-04
 2.99756e+22	9.61e-01	3.86e-02	3.06e-04
 3.02842e+22	9.61e-01	3.84e-02	3.04e-04
 3.05536e+22	9.61e-01	3.84e-02	3.04e-04
 3.07215e+22	9.61e-01	3.84e-02	3.05e-04
 3.07972e+22	9.61e-01	3.84e-02	3.06e-04
 3.08384e+22	9.61e-01	3.83e-02	3.06e-04
