#depth	He	He+	He+2
 1.93815e+16	6.35e-02	8.36e-01	1.00e-01
 1.16289e+17	6.37e-02	8.36e-01	9.99e-02
 5.03918e+17	6.38e-02	8.36e-01	9.97e-02
 2.05444e+18	6.40e-02	8.37e-01	9.91e-02
 4.90739e+18	6.35e-02	8.37e-01	9.95e-02
 8.61623e+18	6.36e-02	8.37e-01	9.91e-02
 1.34377e+19	6.42e-02	8.38e-01	9.79e-02
 1.97057e+19	6.55e-02	8.39e-01	9.55e-02
 2.74790e+19	6.76e-02	8.40e-01	9.22e-02
 3.57043e+19	7.03e-02	8.41e-01	8.85e-02
 4.45831e+19	7.45e-02	8.42e-01	8.36e-02
 5.47623e+19	8.04e-02	8.42e-01	7.80e-02
 6.53242e+19	8.80e-02	8.40e-01	7.24e-02
 7.48694e+19	9.63e-02	8.36e-01	6.78e-02
 8.25687e+19	1.05e-01	8.31e-01	6.42e-02
 8.90027e+19	1.12e-01	8.26e-01	6.15e-02
 9.49787e+19	1.21e-01	8.20e-01	5.92e-02
 1.00874e+20	1.30e-01	8.13e-01	5.71e-02
 1.06491e+20	1.40e-01	8.05e-01	5.53e-02
 1.11452e+20	1.49e-01	7.97e-01	5.39e-02
 1.15705e+20	1.58e-01	7.89e-01	5.28e-02
 1.19563e+20	1.66e-01	7.82e-01	5.18e-02
 1.23297e+20	1.75e-01	7.74e-01	5.09e-02
 1.26954e+20	1.84e-01	7.66e-01	5.00e-02
 1.30556e+20	1.93e-01	7.57e-01	4.93e-02
 1.34022e+20	2.03e-01	7.49e-01	4.84e-02
 1.37415e+20	2.12e-01	7.40e-01	4.77e-02
 1.40803e+20	2.23e-01	7.30e-01	4.69e-02
 1.43482e+20	2.30e-01	7.23e-01	4.63e-02
 1.45373e+20	2.36e-01	7.18e-01	4.59e-02
 1.47295e+20	2.43e-01	7.12e-01	4.55e-02
 1.49551e+20	2.50e-01	7.05e-01	4.49e-02
 1.51975e+20	2.59e-01	6.97e-01	4.42e-02
 1.54365e+20	2.66e-01	6.90e-01	4.37e-02
 1.56786e+20	2.75e-01	6.82e-01	4.30e-02
 1.59289e+20	2.84e-01	6.74e-01	4.24e-02
 1.61882e+20	2.93e-01	6.65e-01	4.17e-02
 1.64579e+20	3.03e-01	6.56e-01	4.10e-02
 1.67329e+20	3.14e-01	6.46e-01	4.02e-02
 1.70120e+20	3.24e-01	6.36e-01	3.94e-02
 1.73004e+20	3.36e-01	6.26e-01	3.86e-02
 1.76003e+20	3.47e-01	6.15e-01	3.78e-02
 1.79099e+20	3.60e-01	6.03e-01	3.69e-02
 1.82264e+20	3.72e-01	5.92e-01	3.61e-02
 1.85507e+20	3.85e-01	5.80e-01	3.52e-02
 1.88862e+20	3.98e-01	5.67e-01	3.43e-02
 1.92331e+20	4.12e-01	5.54e-01	3.33e-02
 1.95881e+20	4.26e-01	5.41e-01	3.24e-02
 1.99516e+20	4.41e-01	5.28e-01	3.14e-02
 2.03289e+20	4.56e-01	5.14e-01	3.05e-02
 2.07207e+20	4.71e-01	4.99e-01	2.94e-02
 2.11223e+20	4.87e-01	4.85e-01	2.84e-02
 2.15349e+20	5.03e-01	4.70e-01	2.74e-02
 2.19663e+20	5.19e-01	4.55e-01	2.64e-02
 2.24100e+20	5.35e-01	4.40e-01	2.53e-02
 2.28656e+20	5.51e-01	4.24e-01	2.43e-02
 2.33341e+20	5.68e-01	4.09e-01	2.33e-02
 2.38131e+20	5.83e-01	3.94e-01	2.23e-02
 2.43062e+20	5.99e-01	3.79e-01	2.12e-02
 2.48206e+20	6.15e-01	3.65e-01	2.03e-02
 2.53577e+20	6.31e-01	3.50e-01	1.92e-02
 2.59192e+20	6.47e-01	3.35e-01	1.83e-02
 2.65059e+20	6.62e-01	3.21e-01	1.73e-02
 2.71252e+20	6.77e-01	3.07e-01	1.63e-02
 2.77908e+20	6.92e-01	2.93e-01	1.53e-02
 2.85011e+20	7.07e-01	2.79e-01	1.43e-02
 2.92608e+20	7.21e-01	2.65e-01	1.34e-02
 3.00877e+20	7.35e-01	2.52e-01	1.24e-02
 3.09949e+20	7.49e-01	2.39e-01	1.15e-02
 3.19962e+20	7.63e-01	2.27e-01	1.05e-02
 3.31061e+20	7.76e-01	2.14e-01	9.63e-03
 3.43509e+20	7.89e-01	2.02e-01	8.74e-03
 3.57591e+20	8.02e-01	1.91e-01	7.88e-03
 3.73581e+20	8.14e-01	1.79e-01	7.04e-03
 3.91773e+20	8.25e-01	1.68e-01	6.25e-03
 4.12461e+20	8.37e-01	1.58e-01	5.51e-03
 4.35951e+20	8.48e-01	1.47e-01	4.82e-03
 4.62553e+20	8.58e-01	1.37e-01	4.19e-03
 4.92531e+20	8.69e-01	1.28e-01	3.61e-03
 5.26240e+20	8.78e-01	1.19e-01	3.10e-03
 5.64071e+20	8.88e-01	1.10e-01	2.65e-03
 6.06654e+20	8.96e-01	1.01e-01	2.26e-03
 6.54743e+20	9.05e-01	9.34e-02	1.91e-03
 7.09356e+20	9.13e-01	8.58e-02	1.61e-03
 7.71862e+20	9.20e-01	7.87e-02	1.36e-03
 8.44025e+20	9.27e-01	7.21e-02	1.13e-03
 9.26961e+20	9.33e-01	6.59e-02	9.48e-04
 1.01966e+21	9.39e-01	6.05e-02	7.98e-04
 1.12162e+21	9.43e-01	5.58e-02	6.79e-04
 1.23378e+21	9.48e-01	5.18e-02	5.83e-04
 1.35716e+21	9.51e-01	4.83e-02	5.06e-04
 1.49288e+21	9.54e-01	4.53e-02	4.45e-04
 1.64217e+21	9.57e-01	4.27e-02	3.95e-04
 1.80638e+21	9.59e-01	4.05e-02	3.55e-04
 1.98702e+21	9.61e-01	3.87e-02	3.23e-04
 2.18573e+21	9.63e-01	3.71e-02	2.96e-04
 2.40430e+21	9.64e-01	3.58e-02	2.76e-04
 2.64473e+21	9.65e-01	3.47e-02	2.58e-04
 2.90920e+21	9.66e-01	3.37e-02	2.44e-04
 3.20012e+21	9.67e-01	3.29e-02	2.32e-04
 3.52013e+21	9.68e-01	3.23e-02	2.22e-04
 3.87215e+21	9.68e-01	3.17e-02	2.15e-04
 4.25936e+21	9.69e-01	3.13e-02	2.08e-04
 4.68530e+21	9.69e-01	3.09e-02	2.03e-04
 5.15383e+21	9.69e-01	3.05e-02	1.98e-04
 5.66921e+21	9.70e-01	3.03e-02	1.94e-04
 6.23613e+21	9.70e-01	3.00e-02	1.91e-04
 6.85974e+21	9.70e-01	2.98e-02	1.88e-04
 7.54572e+21	9.70e-01	2.97e-02	1.86e-04
 8.30029e+21	9.70e-01	2.95e-02	1.84e-04
 9.13032e+21	9.70e-01	2.94e-02	1.82e-04
 1.00433e+22	9.71e-01	2.93e-02	1.81e-04
 1.10477e+22	9.71e-01	2.92e-02	1.79e-04
 1.21525e+22	9.71e-01	2.91e-02	1.78e-04
 1.33677e+22	9.71e-01	2.90e-02	1.77e-04
 1.47045e+22	9.71e-01	2.90e-02	1.76e-04
 1.61749e+22	9.71e-01	2.89e-02	1.75e-04
 1.76407e+22	9.71e-01	2.89e-02	1.74e-04
 1.89623e+22	9.71e-01	2.89e-02	1.74e-04
 2.01518e+22	9.71e-01	2.88e-02	1.74e-04
 2.12223e+22	9.71e-01	2.88e-02	1.73e-04
 2.21857e+22	9.71e-01	2.88e-02	1.73e-04
 2.30528e+22	9.71e-01	2.88e-02	1.73e-04
 2.38332e+22	9.71e-01	2.88e-02	1.73e-04
 2.45356e+22	9.71e-01	2.88e-02	1.73e-04
 2.51677e+22	9.71e-01	2.88e-02	1.74e-04
 2.57366e+22	9.71e-01	2.89e-02	1.74e-04
 2.62486e+22	9.71e-01	2.89e-02	1.74e-04
 2.67094e+22	9.71e-01	2.89e-02	1.74e-04
 2.71242e+22	9.71e-01	2.89e-02	1.74e-04
 2.74974e+22	9.71e-01	2.89e-02	1.74e-04
 2.78334e+22	9.71e-01	2.89e-02	1.75e-04
 2.81468e+22	9.71e-01	2.90e-02	1.75e-04
 2.84553e+22	9.71e-01	2.90e-02	1.75e-04
 2.87639e+22	9.71e-01	2.90e-02	1.75e-04
 2.90725e+22	9.71e-01	2.90e-02	1.76e-04
 2.93810e+22	9.71e-01	2.90e-02	1.76e-04
 2.96896e+22	9.71e-01	2.91e-02	1.76e-04
 2.99982e+22	9.71e-01	2.91e-02	1.77e-04
 3.03068e+22	9.71e-01	2.91e-02	1.77e-04
 3.06153e+22	9.71e-01	2.91e-02	1.77e-04
 3.08132e+22	9.71e-01	2.92e-02	1.78e-04
