#depth	N	N+	N+2	N+3	N+4	N+5	N+6	N+7
 7.27340e+16	6.38e-07	1.02e-03	1.52e-01	5.05e-01	2.69e-01	7.23e-02	8.32e-05	0.00e+00
 4.36404e+17	6.35e-07	1.02e-03	1.53e-01	5.05e-01	2.69e-01	7.21e-02	8.30e-05	0.00e+00
 1.89108e+18	6.29e-07	1.02e-03	1.54e-01	5.06e-01	2.68e-01	7.14e-02	8.20e-05	0.00e+00
 7.70980e+18	6.20e-07	1.03e-03	1.58e-01	5.10e-01	2.63e-01	6.85e-02	7.81e-05	0.00e+00
 1.84162e+19	5.88e-07	1.03e-03	1.63e-01	5.15e-01	2.56e-01	6.48e-02	7.30e-05	0.00e+00
 3.02031e+19	5.88e-07	1.05e-03	1.70e-01	5.20e-01	2.48e-01	6.07e-02	6.75e-05	0.00e+00
 4.18093e+19	6.15e-07	1.10e-03	1.78e-01	5.24e-01	2.40e-01	5.65e-02	6.19e-05	0.00e+00
 5.53122e+19	6.75e-07	1.19e-03	1.90e-01	5.28e-01	2.29e-01	5.13e-02	5.52e-05	0.00e+00
 7.28660e+19	7.79e-07	1.33e-03	2.07e-01	5.32e-01	2.15e-01	4.49e-02	4.71e-05	0.00e+00
 9.56859e+19	9.55e-07	1.56e-03	2.33e-01	5.33e-01	1.95e-01	3.74e-02	3.82e-05	0.00e+00
 1.18100e+20	1.14e-06	1.79e-03	2.60e-01	5.31e-01	1.76e-01	3.13e-02	3.13e-05	0.00e+00
 1.33871e+20	1.30e-06	2.00e-03	2.82e-01	5.27e-01	1.62e-01	2.73e-02	2.69e-05	0.00e+00
 1.45051e+20	1.45e-06	2.17e-03	3.00e-01	5.23e-01	1.51e-01	2.45e-02	2.39e-05	0.00e+00
 1.56378e+20	1.64e-06	2.39e-03	3.19e-01	5.17e-01	1.40e-01	2.16e-02	2.08e-05	0.00e+00
 1.68263e+20	1.85e-06	2.62e-03	3.40e-01	5.09e-01	1.29e-01	1.89e-02	1.81e-05	0.00e+00
 1.78328e+20	2.05e-06	2.85e-03	3.59e-01	5.02e-01	1.19e-01	1.68e-02	1.59e-05	0.00e+00
 1.87231e+20	2.23e-06	3.05e-03	3.77e-01	4.95e-01	1.10e-01	1.50e-02	1.40e-05	0.00e+00
 1.97168e+20	2.51e-06	3.33e-03	3.97e-01	4.86e-01	1.00e-01	1.29e-02	1.20e-05	0.00e+00
 2.07398e+20	2.85e-06	3.66e-03	4.18e-01	4.76e-01	9.08e-02	1.11e-02	1.02e-05	0.00e+00
 2.15535e+20	3.12e-06	3.93e-03	4.35e-01	4.68e-01	8.33e-02	9.81e-03	8.92e-06	0.00e+00
 2.23636e+20	3.46e-06	4.25e-03	4.53e-01	4.59e-01	7.57e-02	8.50e-03	7.64e-06	0.00e+00
 2.32365e+20	3.85e-06	4.60e-03	4.71e-01	4.49e-01	6.81e-02	7.27e-03	6.45e-06	0.00e+00
 2.40099e+20	4.24e-06	4.94e-03	4.87e-01	4.40e-01	6.17e-02	6.29e-03	5.51e-06	0.00e+00
 2.47148e+20	4.64e-06	5.28e-03	5.01e-01	4.32e-01	5.61e-02	5.47e-03	4.72e-06	0.00e+00
 2.55122e+20	5.18e-06	5.73e-03	5.18e-01	4.22e-01	5.00e-02	4.62e-03	3.91e-06	0.00e+00
 2.63568e+20	5.78e-06	6.22e-03	5.34e-01	4.12e-01	4.42e-02	3.88e-03	3.20e-06	0.00e+00
 2.70852e+20	6.38e-06	6.68e-03	5.48e-01	4.03e-01	3.96e-02	3.32e-03	2.68e-06	0.00e+00
 2.77516e+20	7.01e-06	7.14e-03	5.60e-01	3.94e-01	3.57e-02	2.87e-03	2.26e-06	0.00e+00
 2.85150e+20	7.85e-06	7.75e-03	5.74e-01	3.84e-01	3.16e-02	2.42e-03	1.85e-06	0.00e+00
 2.93377e+20	8.84e-06	8.43e-03	5.88e-01	3.74e-01	2.77e-02	2.03e-03	1.50e-06	0.00e+00
 3.00809e+20	9.86e-06	9.10e-03	6.00e-01	3.65e-01	2.46e-02	1.73e-03	1.23e-06	0.00e+00
 3.08905e+20	1.12e-05	9.95e-03	6.13e-01	3.54e-01	2.15e-02	1.46e-03	9.94e-07	0.00e+00
 3.17861e+20	1.29e-05	1.09e-02	6.27e-01	3.42e-01	1.87e-02	1.22e-03	7.91e-07	0.00e+00
 3.26415e+20	1.48e-05	1.20e-02	6.39e-01	3.31e-01	1.64e-02	1.03e-03	6.37e-07	0.00e+00
 3.36015e+20	1.73e-05	1.34e-02	6.53e-01	3.19e-01	1.41e-02	8.58e-04	4.98e-07	0.00e+00
 3.46715e+20	2.08e-05	1.51e-02	6.67e-01	3.05e-01	1.20e-02	7.08e-04	3.83e-07	0.00e+00
 3.54856e+20	2.36e-05	1.64e-02	6.77e-01	2.95e-01	1.07e-02	6.20e-04	3.18e-07	0.00e+00
 3.60049e+20	2.59e-05	1.74e-02	6.84e-01	2.88e-01	9.96e-03	5.67e-04	2.81e-07	0.00e+00
 3.65400e+20	2.86e-05	1.86e-02	6.91e-01	2.81e-01	9.20e-03	5.16e-04	2.45e-07	0.00e+00
 3.72356e+20	3.26e-05	2.03e-02	7.00e-01	2.71e-01	8.31e-03	4.57e-04	2.06e-07	0.00e+00
 3.79704e+20	3.72e-05	2.21e-02	7.08e-01	2.62e-01	7.52e-03	4.05e-04	1.73e-07	0.00e+00
 3.86096e+20	4.20e-05	2.39e-02	7.16e-01	2.53e-01	6.89e-03	3.64e-04	1.48e-07	0.00e+00
 3.91965e+20	4.71e-05	2.58e-02	7.22e-01	2.45e-01	6.36e-03	3.29e-04	1.27e-07	0.00e+00
 3.98620e+20	5.40e-05	2.81e-02	7.30e-01	2.36e-01	5.79e-03	2.93e-04	0.00e+00	0.00e+00
 4.05821e+20	6.25e-05	3.10e-02	7.38e-01	2.25e-01	5.25e-03	2.58e-04	0.00e+00	0.00e+00
 4.12137e+20	7.14e-05	3.37e-02	7.45e-01	2.16e-01	4.82e-03	2.31e-04	0.00e+00	0.00e+00
 4.17816e+20	8.08e-05	3.66e-02	7.51e-01	2.08e-01	4.45e-03	2.08e-04	0.00e+00	0.00e+00
 4.24261e+20	9.39e-05	4.03e-02	7.57e-01	1.98e-01	4.06e-03	1.84e-04	0.00e+00	0.00e+00
 4.31164e+20	1.10e-04	4.46e-02	7.63e-01	1.88e-01	3.68e-03	1.61e-04	0.00e+00	0.00e+00
 4.37203e+20	1.27e-04	4.90e-02	7.69e-01	1.79e-01	3.38e-03	1.42e-04	0.00e+00	0.00e+00
 4.42673e+20	1.46e-04	5.35e-02	7.73e-01	1.70e-01	3.12e-03	1.27e-04	0.00e+00	0.00e+00
 4.48862e+20	1.71e-04	5.93e-02	7.77e-01	1.60e-01	2.84e-03	1.11e-04	0.00e+00	0.00e+00
 4.55487e+20	2.04e-04	6.64e-02	7.81e-01	1.50e-01	2.56e-03	9.53e-05	0.00e+00	0.00e+00
 4.61218e+20	2.40e-04	7.36e-02	7.83e-01	1.41e-01	2.34e-03	8.30e-05	0.00e+00	0.00e+00
 4.66341e+20	2.77e-04	8.07e-02	7.85e-01	1.32e-01	2.16e-03	7.31e-05	0.00e+00	0.00e+00
 4.72138e+20	3.32e-04	9.04e-02	7.85e-01	1.22e-01	1.95e-03	6.23e-05	0.00e+00	0.00e+00
 4.78362e+20	4.02e-04	1.02e-01	7.83e-01	1.12e-01	1.75e-03	5.25e-05	0.00e+00	0.00e+00
 4.83830e+20	4.79e-04	1.14e-01	7.81e-01	1.03e-01	1.58e-03	4.47e-05	0.00e+00	0.00e+00
 4.88773e+20	5.66e-04	1.26e-01	7.76e-01	9.52e-02	1.44e-03	3.82e-05	0.00e+00	0.00e+00
 4.94347e+20	6.91e-04	1.43e-01	7.69e-01	8.59e-02	1.28e-03	3.15e-05	0.00e+00	0.00e+00
 5.00220e+20	8.55e-04	1.63e-01	7.59e-01	7.64e-02	1.13e-03	2.55e-05	0.00e+00	0.00e+00
 5.05156e+20	1.03e-03	1.83e-01	7.47e-01	6.86e-02	1.01e-03	2.11e-05	0.00e+00	0.00e+00
 5.09451e+20	1.22e-03	2.02e-01	7.34e-01	6.18e-02	9.09e-04	1.76e-05	0.00e+00	0.00e+00
 5.14236e+20	1.49e-03	2.28e-01	7.16e-01	5.44e-02	8.01e-04	1.42e-05	0.00e+00	0.00e+00
 5.19351e+20	1.85e-03	2.58e-01	6.92e-01	4.68e-02	6.94e-04	1.11e-05	0.00e+00	0.00e+00
 5.23694e+20	2.24e-03	2.88e-01	6.68e-01	4.07e-02	6.08e-04	8.84e-06	0.00e+00	0.00e+00
 5.27408e+20	2.65e-03	3.17e-01	6.44e-01	3.56e-02	5.37e-04	7.16e-06	0.00e+00	0.00e+00
 5.31502e+20	3.23e-03	3.53e-01	6.13e-01	3.02e-02	4.62e-04	5.54e-06	0.00e+00	0.00e+00
 5.35893e+20	3.99e-03	3.96e-01	5.75e-01	2.49e-02	3.89e-04	4.12e-06	0.00e+00	0.00e+00
 5.39663e+20	4.80e-03	4.36e-01	5.38e-01	2.07e-02	3.30e-04	3.14e-06	0.00e+00	0.00e+00
 5.42964e+20	5.69e-03	4.74e-01	5.02e-01	1.73e-02	2.82e-04	2.40e-06	0.00e+00	0.00e+00
 5.46662e+20	6.94e-03	5.21e-01	4.58e-01	1.38e-02	2.30e-04	1.72e-06	0.00e+00	0.00e+00
 5.50575e+20	8.53e-03	5.72e-01	4.09e-01	1.06e-02	1.83e-04	1.18e-06	0.00e+00	0.00e+00
 5.53915e+20	1.02e-02	6.18e-01	3.64e-01	8.20e-03	1.47e-04	8.29e-07	0.00e+00	0.00e+00
 5.56621e+20	1.19e-02	6.55e-01	3.27e-01	6.55e-03	1.20e-04	6.06e-07	0.00e+00	0.00e+00
 5.58926e+20	1.36e-02	6.87e-01	2.94e-01	5.31e-03	1.00e-04	4.54e-07	0.00e+00	0.00e+00
 5.61494e+20	1.58e-02	7.22e-01	2.58e-01	4.09e-03	7.96e-05	3.18e-07	0.00e+00	0.00e+00
 5.64199e+20	1.85e-02	7.57e-01	2.21e-01	3.07e-03	6.17e-05	2.15e-07	0.00e+00	0.00e+00
 5.66467e+20	2.12e-02	7.85e-01	1.91e-01	2.36e-03	4.88e-05	1.51e-07	0.00e+00	0.00e+00
 5.68416e+20	2.40e-02	8.07e-01	1.67e-01	1.85e-03	3.92e-05	0.00e+00	0.00e+00	0.00e+00
 5.70560e+20	2.75e-02	8.30e-01	1.41e-01	1.39e-03	3.02e-05	0.00e+00	0.00e+00	0.00e+00
 5.72859e+20	3.18e-02	8.50e-01	1.17e-01	1.02e-03	2.25e-05	0.00e+00	0.00e+00	0.00e+00
 5.74862e+20	3.64e-02	8.66e-01	9.72e-02	7.64e-04	1.71e-05	0.00e+00	0.00e+00	0.00e+00
 5.76643e+20	4.11e-02	8.77e-01	8.15e-02	5.87e-04	1.32e-05	0.00e+00	0.00e+00	0.00e+00
 5.78632e+20	4.74e-02	8.86e-01	6.58e-02	4.33e-04	9.65e-06	0.00e+00	0.00e+00	0.00e+00
 5.80780e+20	5.54e-02	8.93e-01	5.17e-02	3.15e-04	6.82e-06	0.00e+00	0.00e+00	0.00e+00
 5.82703e+20	6.42e-02	8.95e-01	4.08e-02	2.37e-04	4.89e-06	0.00e+00	0.00e+00	0.00e+00
 5.84475e+20	7.39e-02	8.93e-01	3.24e-02	1.84e-04	3.54e-06	0.00e+00	0.00e+00	0.00e+00
 5.86206e+20	8.52e-02	8.89e-01	2.55e-02	1.46e-04	2.55e-06	0.00e+00	0.00e+00	0.00e+00
 5.87905e+20	9.83e-02	8.82e-01	1.99e-02	1.18e-04	1.83e-06	0.00e+00	0.00e+00	0.00e+00
 5.89541e+20	1.13e-01	8.71e-01	1.56e-02	9.76e-05	1.32e-06	0.00e+00	0.00e+00	0.00e+00
 5.91106e+20	1.30e-01	8.58e-01	1.22e-02	8.25e-05	9.56e-07	0.00e+00	0.00e+00	0.00e+00
 5.92606e+20	1.48e-01	8.42e-01	9.54e-03	7.13e-05	6.98e-07	0.00e+00	0.00e+00	0.00e+00
 5.93992e+20	1.68e-01	8.24e-01	7.54e-03	6.28e-05	5.19e-07	0.00e+00	0.00e+00	0.00e+00
 5.95267e+20	1.88e-01	8.06e-01	6.06e-03	5.63e-05	3.95e-07	0.00e+00	0.00e+00	0.00e+00
 5.96427e+20	2.08e-01	7.87e-01	4.94e-03	5.12e-05	3.07e-07	0.00e+00	0.00e+00	0.00e+00
 5.97488e+20	2.28e-01	7.67e-01	4.09e-03	4.71e-05	2.45e-07	0.00e+00	0.00e+00	0.00e+00
 5.98495e+20	2.49e-01	7.48e-01	3.41e-03	4.37e-05	1.97e-07	0.00e+00	0.00e+00	0.00e+00
 5.99450e+20	2.70e-01	7.27e-01	2.87e-03	4.06e-05	1.60e-07	0.00e+00	0.00e+00	0.00e+00
 6.00207e+20	2.86e-01	7.12e-01	2.52e-03	3.85e-05	1.38e-07	0.00e+00	0.00e+00	0.00e+00
 6.00736e+20	2.98e-01	7.00e-01	2.29e-03	3.71e-05	1.23e-07	0.00e+00	0.00e+00	0.00e+00
 6.01247e+20	3.10e-01	6.87e-01	2.09e-03	3.57e-05	0.00e+00	0.00e+00	0.00e+00	0.00e+00
 6.01826e+20	3.25e-01	6.73e-01	1.88e-03	3.43e-05	0.00e+00	0.00e+00	0.00e+00	0.00e+00
 6.02445e+20	3.40e-01	6.58e-01	1.68e-03	3.28e-05	0.00e+00	0.00e+00	0.00e+00	0.00e+00
 6.03063e+20	3.55e-01	6.43e-01	1.51e-03	3.14e-05	0.00e+00	0.00e+00	0.00e+00	0.00e+00
 6.03669e+20	3.70e-01	6.28e-01	1.36e-03	3.01e-05	0.00e+00	0.00e+00	0.00e+00	0.00e+00
 6.04281e+20	3.86e-01	6.13e-01	1.22e-03	2.88e-05	0.00e+00	0.00e+00	0.00e+00	0.00e+00
 6.04906e+20	4.01e-01	5.97e-01	1.10e-03	2.77e-05	0.00e+00	0.00e+00	0.00e+00	0.00e+00
 6.05539e+20	4.17e-01	5.82e-01	9.93e-04	2.65e-05	0.00e+00	0.00e+00	0.00e+00	0.00e+00
 6.06191e+20	4.33e-01	5.66e-01	8.97e-04	2.54e-05	0.00e+00	0.00e+00	0.00e+00	0.00e+00
 6.06865e+20	4.49e-01	5.50e-01	8.09e-04	2.43e-05	0.00e+00	0.00e+00	0.00e+00	0.00e+00
 6.07559e+20	4.65e-01	5.34e-01	7.32e-04	2.33e-05	0.00e+00	0.00e+00	0.00e+00	0.00e+00
 6.08263e+20	4.81e-01	5.18e-01	6.65e-04	2.23e-05	0.00e+00	0.00e+00	0.00e+00	0.00e+00
 6.08998e+20	4.97e-01	5.03e-01	6.05e-04	2.13e-05	0.00e+00	0.00e+00	0.00e+00	0.00e+00
 6.09772e+20	5.12e-01	4.87e-01	5.52e-04	2.04e-05	0.00e+00	0.00e+00	0.00e+00	0.00e+00
 6.10592e+20	5.28e-01	4.72e-01	5.05e-04	1.96e-05	0.00e+00	0.00e+00	0.00e+00	0.00e+00
 6.11464e+20	5.43e-01	4.57e-01	4.63e-04	1.87e-05	0.00e+00	0.00e+00	0.00e+00	0.00e+00
 6.12402e+20	5.57e-01	4.42e-01	4.27e-04	1.80e-05	0.00e+00	0.00e+00	0.00e+00	0.00e+00
 6.13425e+20	5.71e-01	4.29e-01	3.95e-04	1.72e-05	0.00e+00	0.00e+00	0.00e+00	0.00e+00
 6.14533e+20	5.84e-01	4.15e-01	3.68e-04	1.66e-05	0.00e+00	0.00e+00	0.00e+00	0.00e+00
 6.15752e+20	5.96e-01	4.04e-01	3.46e-04	1.60e-05	0.00e+00	0.00e+00	0.00e+00	0.00e+00
 6.17127e+20	6.07e-01	3.93e-01	3.27e-04	1.54e-05	0.00e+00	0.00e+00	0.00e+00	0.00e+00
 6.18596e+20	6.16e-01	3.84e-01	3.12e-04	1.50e-05	0.00e+00	0.00e+00	0.00e+00	0.00e+00
 6.20059e+20	6.23e-01	3.77e-01	3.01e-04	1.47e-05	0.00e+00	0.00e+00	0.00e+00	0.00e+00
 6.21496e+20	6.28e-01	3.72e-01	2.93e-04	1.44e-05	0.00e+00	0.00e+00	0.00e+00	0.00e+00
 6.22913e+20	6.32e-01	3.68e-01	2.87e-04	1.42e-05	0.00e+00	0.00e+00	0.00e+00	0.00e+00
 6.24315e+20	6.36e-01	3.64e-01	2.82e-04	1.40e-05	0.00e+00	0.00e+00	0.00e+00	0.00e+00
 6.25920e+20	6.38e-01	3.61e-01	2.78e-04	1.39e-05	0.00e+00	0.00e+00	0.00e+00	0.00e+00
 6.28006e+20	6.42e-01	3.58e-01	2.74e-04	1.37e-05	0.00e+00	0.00e+00	0.00e+00	0.00e+00
 6.30719e+20	6.45e-01	3.54e-01	2.69e-04	1.36e-05	0.00e+00	0.00e+00	0.00e+00	0.00e+00
 6.34245e+20	6.49e-01	3.50e-01	2.64e-04	1.34e-05	0.00e+00	0.00e+00	0.00e+00	0.00e+00
 6.38828e+20	6.54e-01	3.46e-01	2.58e-04	1.31e-05	0.00e+00	0.00e+00	0.00e+00	0.00e+00
 6.44787e+20	6.59e-01	3.41e-01	2.51e-04	1.29e-05	0.00e+00	0.00e+00	0.00e+00	0.00e+00
 6.52534e+20	6.66e-01	3.34e-01	2.43e-04	1.25e-05	0.00e+00	0.00e+00	0.00e+00	0.00e+00
 6.62604e+20	6.74e-01	3.26e-01	2.33e-04	1.21e-05	0.00e+00	0.00e+00	0.00e+00	0.00e+00
 6.75696e+20	6.84e-01	3.15e-01	2.21e-04	1.16e-05	0.00e+00	0.00e+00	0.00e+00	0.00e+00
 6.91850e+20	6.96e-01	3.04e-01	2.09e-04	1.10e-05	0.00e+00	0.00e+00	0.00e+00	0.00e+00
 7.09391e+20	7.07e-01	2.93e-01	1.98e-04	1.05e-05	0.00e+00	0.00e+00	0.00e+00	0.00e+00
 7.26801e+20	7.18e-01	2.82e-01	1.88e-04	9.99e-06	0.00e+00	0.00e+00	0.00e+00	0.00e+00
 7.44324e+20	7.28e-01	2.72e-01	1.79e-04	9.53e-06	0.00e+00	0.00e+00	0.00e+00	0.00e+00
 7.62365e+20	7.37e-01	2.62e-01	1.71e-04	9.08e-06	0.00e+00	0.00e+00	0.00e+00	0.00e+00
 7.81085e+20	7.47e-01	2.53e-01	1.63e-04	8.66e-06	0.00e+00	0.00e+00	0.00e+00	0.00e+00
 8.00392e+20	7.56e-01	2.44e-01	1.56e-04	8.25e-06	0.00e+00	0.00e+00	0.00e+00	0.00e+00
 8.20340e+20	7.65e-01	2.34e-01	1.50e-04	7.86e-06	0.00e+00	0.00e+00	0.00e+00	0.00e+00
 8.40977e+20	7.74e-01	2.25e-01	1.44e-04	7.48e-06	0.00e+00	0.00e+00	0.00e+00	0.00e+00
 8.62018e+20	7.83e-01	2.17e-01	1.38e-04	7.13e-06	0.00e+00	0.00e+00	0.00e+00	0.00e+00
 8.83565e+20	7.91e-01	2.08e-01	1.33e-04	6.79e-06	0.00e+00	0.00e+00	0.00e+00	0.00e+00
 9.05705e+20	8.00e-01	2.00e-01	1.28e-04	6.47e-06	0.00e+00	0.00e+00	0.00e+00	0.00e+00
 9.28418e+20	8.08e-01	1.92e-01	1.23e-04	6.16e-06	0.00e+00	0.00e+00	0.00e+00	0.00e+00
 9.51694e+20	8.16e-01	1.84e-01	1.19e-04	5.86e-06	0.00e+00	0.00e+00	0.00e+00	0.00e+00
 9.75384e+20	8.24e-01	1.76e-01	1.14e-04	5.57e-06	0.00e+00	0.00e+00	0.00e+00	0.00e+00
 9.99837e+20	8.31e-01	1.69e-01	1.10e-04	5.29e-06	0.00e+00	0.00e+00	0.00e+00	0.00e+00
 1.02517e+21	8.39e-01	1.61e-01	1.07e-04	5.02e-06	0.00e+00	0.00e+00	0.00e+00	0.00e+00
 1.05098e+21	8.46e-01	1.54e-01	1.03e-04	4.77e-06	0.00e+00	0.00e+00	0.00e+00	0.00e+00
 1.07725e+21	8.53e-01	1.47e-01	9.95e-05	4.53e-06	0.00e+00	0.00e+00	0.00e+00	0.00e+00
 1.10410e+21	8.60e-01	1.40e-01	9.62e-05	4.30e-06	0.00e+00	0.00e+00	0.00e+00	0.00e+00
 1.13137e+21	8.67e-01	1.33e-01	9.30e-05	4.07e-06	0.00e+00	0.00e+00	0.00e+00	0.00e+00
 1.15924e+21	8.73e-01	1.27e-01	9.00e-05	3.86e-06	0.00e+00	0.00e+00	0.00e+00	0.00e+00
 1.18815e+21	8.79e-01	1.21e-01	8.70e-05	3.65e-06	0.00e+00	0.00e+00	0.00e+00	0.00e+00
 1.21807e+21	8.85e-01	1.14e-01	8.41e-05	3.45e-06	0.00e+00	0.00e+00	0.00e+00	0.00e+00
 1.24872e+21	8.91e-01	1.09e-01	8.13e-05	3.26e-06	0.00e+00	0.00e+00	0.00e+00	0.00e+00
 1.27991e+21	8.97e-01	1.03e-01	7.87e-05	3.08e-06	0.00e+00	0.00e+00	0.00e+00	0.00e+00
 1.31185e+21	9.02e-01	9.78e-02	7.60e-05	2.91e-06	0.00e+00	0.00e+00	0.00e+00	0.00e+00
 1.34469e+21	9.07e-01	9.26e-02	7.35e-05	2.74e-06	0.00e+00	0.00e+00	0.00e+00	0.00e+00
 1.37839e+21	9.12e-01	8.77e-02	7.10e-05	2.59e-06	0.00e+00	0.00e+00	0.00e+00	0.00e+00
 1.41264e+21	9.17e-01	8.30e-02	6.86e-05	2.44e-06	0.00e+00	0.00e+00	0.00e+00	0.00e+00
 1.44681e+21	9.21e-01	7.86e-02	6.64e-05	2.30e-06	0.00e+00	0.00e+00	0.00e+00	0.00e+00
 1.48044e+21	9.25e-01	7.45e-02	6.43e-05	2.17e-06	0.00e+00	0.00e+00	0.00e+00	0.00e+00
 1.51347e+21	9.29e-01	7.07e-02	6.23e-05	2.06e-06	0.00e+00	0.00e+00	0.00e+00	0.00e+00
 1.54582e+21	9.33e-01	6.72e-02	6.04e-05	1.95e-06	0.00e+00	0.00e+00	0.00e+00	0.00e+00
 1.57732e+21	9.36e-01	6.40e-02	5.87e-05	1.86e-06	0.00e+00	0.00e+00	0.00e+00	0.00e+00
 1.60781e+21	9.39e-01	6.10e-02	5.71e-05	1.77e-06	0.00e+00	0.00e+00	0.00e+00	0.00e+00
 1.63724e+21	9.42e-01	5.82e-02	5.56e-05	1.69e-06	0.00e+00	0.00e+00	0.00e+00	0.00e+00
 1.66558e+21	9.44e-01	5.56e-02	5.42e-05	1.62e-06	0.00e+00	0.00e+00	0.00e+00	0.00e+00
