#depth	He	He+	He+2
 4.69332e+17	7.43e-05	9.70e-02	9.03e-01
 2.81599e+18	7.43e-05	9.70e-02	9.03e-01
 1.22026e+19	7.44e-05	9.73e-02	9.03e-01
 4.97491e+19	7.57e-05	9.93e-02	9.01e-01
 1.18835e+20	7.61e-05	1.00e-01	9.00e-01
 2.08646e+20	7.91e-05	1.04e-01	8.96e-01
 3.25401e+20	8.56e-05	1.12e-01	8.88e-01
 4.77182e+20	9.77e-05	1.27e-01	8.73e-01
 6.34871e+20	1.14e-04	1.47e-01	8.53e-01
 7.62639e+20	1.32e-04	1.69e-01	8.31e-01
 8.70480e+20	1.54e-04	1.94e-01	8.06e-01
 9.72268e+20	1.80e-04	2.25e-01	7.75e-01
 1.06770e+21	2.11e-04	2.60e-01	7.40e-01
 1.15602e+21	2.47e-04	3.00e-01	7.00e-01
 1.23880e+21	2.86e-04	3.44e-01	6.56e-01
 1.31814e+21	3.32e-04	3.92e-01	6.07e-01
 1.39602e+21	3.84e-04	4.46e-01	5.54e-01
 1.47318e+21	4.40e-04	5.02e-01	4.98e-01
 1.56180e+21	5.12e-04	5.69e-01	4.31e-01
 1.65499e+21	5.89e-04	6.36e-01	3.63e-01
 1.73434e+21	6.57e-04	6.89e-01	3.10e-01
 1.81770e+21	7.29e-04	7.40e-01	2.60e-01
 1.90951e+21	8.03e-04	7.85e-01	2.14e-01
 1.99685e+21	8.69e-04	8.21e-01	1.78e-01
 2.08972e+21	9.38e-04	8.52e-01	1.47e-01
 2.19700e+21	1.01e-03	8.80e-01	1.19e-01
 2.31559e+21	1.09e-03	9.03e-01	9.55e-02
 2.44622e+21	1.17e-03	9.23e-01	7.63e-02
 2.59800e+21	1.26e-03	9.39e-01	5.99e-02
 2.78548e+21	1.36e-03	9.53e-01	4.57e-02
 3.02652e+21	1.50e-03	9.65e-01	3.36e-02
 3.27816e+21	1.64e-03	9.73e-01	2.57e-02
 3.45148e+21	1.74e-03	9.76e-01	2.21e-02
 3.55289e+21	1.80e-03	9.78e-01	2.02e-02
 3.65291e+21	1.88e-03	9.80e-01	1.84e-02
 3.78295e+21	1.97e-03	9.82e-01	1.65e-02
 3.91834e+21	2.08e-03	9.83e-01	1.49e-02
 4.02894e+21	2.17e-03	9.84e-01	1.38e-02
 4.12289e+21	2.26e-03	9.85e-01	1.29e-02
 4.22695e+21	2.36e-03	9.86e-01	1.20e-02
 4.33724e+21	2.49e-03	9.86e-01	1.12e-02
 4.42947e+21	2.60e-03	9.87e-01	1.06e-02
 4.50824e+21	2.71e-03	9.87e-01	1.01e-02
 4.59564e+21	2.84e-03	9.88e-01	9.56e-03
 4.68849e+21	2.98e-03	9.88e-01	9.08e-03
 4.76657e+21	3.12e-03	9.88e-01	8.70e-03
 4.83365e+21	3.25e-03	9.88e-01	8.40e-03
 4.90826e+21	3.42e-03	9.89e-01	8.07e-03
 4.98760e+21	3.63e-03	9.89e-01	7.75e-03
 5.05476e+21	3.81e-03	9.89e-01	7.50e-03
 5.11296e+21	3.99e-03	9.89e-01	7.29e-03
 5.17786e+21	4.22e-03	9.89e-01	7.05e-03
 5.24717e+21	4.49e-03	9.89e-01	6.82e-03
 5.30632e+21	4.75e-03	9.89e-01	6.63e-03
 5.35718e+21	5.00e-03	9.89e-01	6.47e-03
 5.41320e+21	5.33e-03	9.88e-01	6.29e-03
 5.47198e+21	5.71e-03	9.88e-01	6.12e-03
 5.52068e+21	6.07e-03	9.88e-01	5.99e-03
 5.56229e+21	6.43e-03	9.88e-01	5.88e-03
 5.60835e+21	6.89e-03	9.87e-01	5.74e-03
 5.65685e+21	7.44e-03	9.87e-01	5.61e-03
 5.69743e+21	7.96e-03	9.87e-01	5.51e-03
 5.73241e+21	8.49e-03	9.86e-01	5.42e-03
 5.77121e+21	9.17e-03	9.86e-01	5.32e-03
 5.81249e+21	9.99e-03	9.85e-01	5.21e-03
 5.84744e+21	1.08e-02	9.84e-01	5.13e-03
 5.87762e+21	1.16e-02	9.83e-01	5.06e-03
 5.91114e+21	1.27e-02	9.82e-01	4.97e-03
 5.94692e+21	1.41e-02	9.81e-01	4.89e-03
 5.97767e+21	1.55e-02	9.80e-01	4.81e-03
 6.00465e+21	1.69e-02	9.78e-01	4.75e-03
 6.02836e+21	1.84e-02	9.77e-01	4.70e-03
 6.04855e+21	1.98e-02	9.76e-01	4.67e-03
 6.07047e+21	2.17e-02	9.74e-01	4.62e-03
 6.09318e+21	2.38e-02	9.72e-01	4.58e-03
 6.11164e+21	2.59e-02	9.70e-01	4.54e-03
 6.12728e+21	2.78e-02	9.68e-01	4.53e-03
 6.14456e+21	3.04e-02	9.65e-01	4.50e-03
 6.16306e+21	3.34e-02	9.62e-01	4.47e-03
 6.17893e+21	3.65e-02	9.59e-01	4.45e-03
 6.19266e+21	3.93e-02	9.56e-01	4.46e-03
 6.20779e+21	4.31e-02	9.52e-01	4.45e-03
 6.22417e+21	4.77e-02	9.48e-01	4.45e-03
 6.23856e+21	5.24e-02	9.43e-01	4.46e-03
 6.25129e+21	5.70e-02	9.39e-01	4.48e-03
 6.26544e+21	6.31e-02	9.32e-01	4.50e-03
 6.28087e+21	7.05e-02	9.25e-01	4.53e-03
 6.29481e+21	7.84e-02	9.17e-01	4.57e-03
 6.30766e+21	8.65e-02	9.09e-01	4.63e-03
 6.32123e+21	9.65e-02	8.99e-01	4.69e-03
 6.33584e+21	1.09e-01	8.87e-01	4.78e-03
 6.34942e+21	1.22e-01	8.73e-01	4.88e-03
 6.36080e+21	1.34e-01	8.61e-01	4.96e-03
 6.37083e+21	1.46e-01	8.49e-01	5.06e-03
 6.38021e+21	1.59e-01	8.36e-01	5.15e-03
 6.38905e+21	1.72e-01	8.23e-01	5.24e-03
 6.39758e+21	1.86e-01	8.09e-01	5.34e-03
 6.40433e+21	1.97e-01	7.98e-01	5.42e-03
 6.40882e+21	2.05e-01	7.90e-01	5.47e-03
 6.41296e+21	2.13e-01	7.82e-01	5.52e-03
 6.41768e+21	2.22e-01	7.72e-01	5.58e-03
 6.42279e+21	2.33e-01	7.62e-01	5.65e-03
 6.42781e+21	2.44e-01	7.51e-01	5.71e-03
 6.43256e+21	2.54e-01	7.40e-01	5.78e-03
 6.43730e+21	2.66e-01	7.29e-01	5.83e-03
 6.44206e+21	2.77e-01	7.17e-01	5.91e-03
 6.44685e+21	2.89e-01	7.05e-01	5.97e-03
 6.45166e+21	3.02e-01	6.92e-01	6.04e-03
 6.45640e+21	3.15e-01	6.78e-01	6.09e-03
 6.46107e+21	3.29e-01	6.65e-01	6.15e-03
 6.46575e+21	3.43e-01	6.51e-01	6.20e-03
 6.47050e+21	3.57e-01	6.37e-01	6.27e-03
 6.47528e+21	3.73e-01	6.21e-01	6.30e-03
 6.48001e+21	3.88e-01	6.06e-01	6.36e-03
 6.48471e+21	4.04e-01	5.90e-01	6.40e-03
 6.48949e+21	4.20e-01	5.74e-01	6.44e-03
 6.49434e+21	4.37e-01	5.56e-01	6.46e-03
 6.49917e+21	4.54e-01	5.39e-01	6.49e-03
 6.50400e+21	4.72e-01	5.21e-01	6.50e-03
 6.50893e+21	4.90e-01	5.03e-01	6.51e-03
 6.51391e+21	5.09e-01	4.84e-01	6.50e-03
 6.51891e+21	5.28e-01	4.65e-01	6.49e-03
 6.52390e+21	5.47e-01	4.46e-01	6.45e-03
 6.52888e+21	5.66e-01	4.27e-01	6.41e-03
 6.53392e+21	5.85e-01	4.08e-01	6.36e-03
 6.53897e+21	6.04e-01	3.90e-01	6.29e-03
 6.54406e+21	6.23e-01	3.71e-01	6.20e-03
 6.54930e+21	6.42e-01	3.52e-01	6.10e-03
 6.55469e+21	6.61e-01	3.33e-01	5.98e-03
 6.56023e+21	6.80e-01	3.14e-01	5.85e-03
 6.56594e+21	6.99e-01	2.95e-01	5.69e-03
 6.57192e+21	7.17e-01	2.77e-01	5.53e-03
 6.57829e+21	7.36e-01	2.59e-01	5.33e-03
 6.58512e+21	7.54e-01	2.40e-01	5.13e-03
 6.59253e+21	7.72e-01	2.23e-01	4.90e-03
 6.60073e+21	7.90e-01	2.05e-01	4.66e-03
 6.61000e+21	8.07e-01	1.89e-01	4.40e-03
 6.62081e+21	8.23e-01	1.73e-01	4.14e-03
 6.63257e+21	8.37e-01	1.59e-01	3.90e-03
 6.64430e+21	8.47e-01	1.49e-01	3.71e-03
 6.65592e+21	8.55e-01	1.42e-01	3.56e-03
 6.66747e+21	8.60e-01	1.36e-01	3.45e-03
 6.67895e+21	8.65e-01	1.32e-01	3.33e-03
 6.69040e+21	8.67e-01	1.29e-01	3.28e-03
 6.70181e+21	8.70e-01	1.27e-01	3.22e-03
 6.71320e+21	8.72e-01	1.25e-01	3.16e-03
 6.72629e+21	8.73e-01	1.24e-01	3.13e-03
 6.74331e+21	8.75e-01	1.22e-01	3.06e-03
 6.76543e+21	8.76e-01	1.21e-01	3.03e-03
 6.79419e+21	8.78e-01	1.19e-01	2.94e-03
 6.83157e+21	8.79e-01	1.18e-01	2.90e-03
 6.88017e+21	8.81e-01	1.16e-01	2.82e-03
 6.94335e+21	8.83e-01	1.14e-01	2.72e-03
 7.02548e+21	8.86e-01	1.12e-01	2.60e-03
 7.13226e+21	8.89e-01	1.09e-01	2.45e-03
 7.27106e+21	8.93e-01	1.05e-01	2.28e-03
 7.45151e+21	8.97e-01	1.01e-01	2.09e-03
 7.68609e+21	9.03e-01	9.54e-02	1.87e-03
 7.99105e+21	9.09e-01	8.95e-02	1.64e-03
 8.36531e+21	9.15e-01	8.33e-02	1.42e-03
 8.77854e+21	9.21e-01	7.76e-02	1.22e-03
 9.22028e+21	9.27e-01	7.24e-02	1.06e-03
 9.70908e+21	9.32e-01	6.75e-02	9.20e-04
 1.02605e+22	9.36e-01	6.30e-02	7.98e-04
 1.08821e+22	9.41e-01	5.87e-02	6.93e-04
 1.15804e+22	9.45e-01	5.48e-02	6.03e-04
 1.23729e+22	9.48e-01	5.12e-02	5.26e-04
 1.32002e+22	9.51e-01	4.83e-02	4.67e-04
 1.39632e+22	9.54e-01	4.61e-02	4.25e-04
 1.46638e+22	9.55e-01	4.43e-02	3.94e-04
 1.54505e+22	9.57e-01	4.27e-02	3.65e-04
 1.63026e+22	9.58e-01	4.12e-02	3.41e-04
 1.70450e+22	9.60e-01	4.01e-02	3.23e-04
 1.76976e+22	9.60e-01	3.92e-02	3.10e-04
 1.84279e+22	9.61e-01	3.84e-02	2.97e-04
 1.92423e+22	9.62e-01	3.75e-02	2.85e-04
 1.99843e+22	9.63e-01	3.69e-02	2.75e-04
 2.06436e+22	9.63e-01	3.64e-02	2.68e-04
 2.13772e+22	9.64e-01	3.59e-02	2.61e-04
 2.21889e+22	9.64e-01	3.54e-02	2.53e-04
 2.29238e+22	9.65e-01	3.49e-02	2.48e-04
 2.35827e+22	9.65e-01	3.46e-02	2.44e-04
 2.42512e+22	9.65e-01	3.43e-02	2.39e-04
 2.49118e+22	9.66e-01	3.40e-02	2.36e-04
 2.55063e+22	9.66e-01	3.38e-02	2.32e-04
 2.60413e+22	9.66e-01	3.36e-02	2.30e-04
 2.65229e+22	9.66e-01	3.34e-02	2.28e-04
 2.69563e+22	9.66e-01	3.33e-02	2.27e-04
 2.73463e+22	9.67e-01	3.32e-02	2.25e-04
 2.76974e+22	9.67e-01	3.31e-02	2.25e-04
 2.80179e+22	9.67e-01	3.31e-02	2.24e-04
 2.83265e+22	9.67e-01	3.30e-02	2.24e-04
 2.86351e+22	9.67e-01	3.30e-02	2.23e-04
 2.89436e+22	9.67e-01	3.29e-02	2.23e-04
 2.92522e+22	9.67e-01	3.29e-02	2.23e-04
 2.95608e+22	9.67e-01	3.29e-02	2.24e-04
 2.98693e+22	9.67e-01	3.29e-02	2.24e-04
 3.01779e+22	9.67e-01	3.30e-02	2.25e-04
 3.04865e+22	9.67e-01	3.30e-02	2.26e-04
 3.07488e+22	9.67e-01	3.31e-02	2.28e-04
