#depth	He	He+	He+2
 7.32420e+17	4.50e-05	5.70e-02	9.43e-01
 4.39452e+18	4.51e-05	5.70e-02	9.43e-01
 1.90429e+19	4.53e-05	5.73e-02	9.43e-01
 7.76365e+19	4.65e-05	5.88e-02	9.41e-01
 1.85449e+20	4.76e-05	5.98e-02	9.40e-01
 3.02375e+20	4.95e-05	6.15e-02	9.38e-01
 4.13129e+20	5.26e-05	6.41e-02	9.36e-01
 5.39091e+20	5.77e-05	6.86e-02	9.31e-01
 7.02842e+20	6.60e-05	7.59e-02	9.24e-01
 8.85171e+20	7.71e-05	8.57e-02	9.14e-01
 1.04001e+21	8.87e-05	9.61e-02	9.04e-01
 1.16046e+21	1.00e-04	1.06e-01	8.94e-01
 1.26593e+21	1.12e-04	1.17e-01	8.83e-01
 1.36444e+21	1.26e-04	1.29e-01	8.71e-01
 1.46004e+21	1.42e-04	1.42e-01	8.58e-01
 1.55225e+21	1.60e-04	1.57e-01	8.42e-01
 1.64006e+21	1.80e-04	1.74e-01	8.26e-01
 1.72367e+21	2.02e-04	1.93e-01	8.07e-01
 1.81761e+21	2.33e-04	2.17e-01	7.82e-01
 1.90971e+21	2.67e-04	2.45e-01	7.55e-01
 1.98321e+21	3.00e-04	2.70e-01	7.30e-01
 2.04923e+21	3.33e-04	2.95e-01	7.04e-01
 2.12169e+21	3.77e-04	3.26e-01	6.73e-01
 2.19966e+21	4.28e-04	3.62e-01	6.38e-01
 2.26862e+21	4.79e-04	3.96e-01	6.04e-01
 2.33150e+21	5.29e-04	4.29e-01	5.71e-01
 2.40262e+21	5.94e-04	4.68e-01	5.32e-01
 2.47848e+21	6.67e-04	5.09e-01	4.90e-01
 2.54522e+21	7.35e-04	5.45e-01	4.54e-01
 2.61673e+21	8.17e-04	5.85e-01	4.15e-01
 2.69333e+21	9.05e-04	6.24e-01	3.75e-01
 2.76179e+21	9.88e-04	6.57e-01	3.42e-01
 2.83599e+21	1.09e-03	6.91e-01	3.08e-01
 2.91839e+21	1.19e-03	7.25e-01	2.74e-01
 2.99728e+21	1.30e-03	7.54e-01	2.45e-01
 3.08567e+21	1.43e-03	7.83e-01	2.15e-01
 3.16329e+21	1.53e-03	8.04e-01	1.95e-01
 3.21072e+21	1.60e-03	8.16e-01	1.83e-01
 3.25620e+21	1.67e-03	8.27e-01	1.71e-01
 3.31533e+21	1.77e-03	8.40e-01	1.58e-01
 3.37927e+21	1.87e-03	8.53e-01	1.46e-01
 3.43548e+21	1.96e-03	8.63e-01	1.35e-01
 3.49454e+21	2.07e-03	8.72e-01	1.26e-01
 3.55737e+21	2.19e-03	8.81e-01	1.16e-01
 3.61275e+21	2.29e-03	8.88e-01	1.09e-01
 3.66378e+21	2.39e-03	8.95e-01	1.03e-01
 3.72148e+21	2.52e-03	9.01e-01	9.62e-02
 3.78387e+21	2.66e-03	9.07e-01	9.00e-02
 3.83841e+21	2.80e-03	9.12e-01	8.51e-02
 3.88731e+21	2.93e-03	9.16e-01	8.07e-02
 3.94283e+21	3.08e-03	9.21e-01	7.62e-02
 4.00219e+21	3.27e-03	9.25e-01	7.18e-02
 4.05407e+21	3.44e-03	9.28e-01	6.85e-02
 4.10159e+21	3.61e-03	9.31e-01	6.54e-02
 4.15594e+21	3.83e-03	9.34e-01	6.21e-02
 4.21408e+21	4.09e-03	9.37e-01	5.89e-02
 4.26438e+21	4.33e-03	9.39e-01	5.65e-02
 4.30962e+21	4.58e-03	9.41e-01	5.42e-02
 4.36108e+21	4.89e-03	9.43e-01	5.19e-02
 4.41585e+21	5.26e-03	9.45e-01	4.96e-02
 4.46256e+21	5.62e-03	9.47e-01	4.79e-02
 4.50338e+21	5.97e-03	9.48e-01	4.63e-02
 4.54889e+21	6.43e-03	9.49e-01	4.46e-02
 4.59697e+21	6.96e-03	9.50e-01	4.30e-02
 4.63770e+21	7.48e-03	9.51e-01	4.18e-02
 4.67323e+21	8.00e-03	9.51e-01	4.07e-02
 4.71269e+21	8.67e-03	9.52e-01	3.95e-02
 4.75469e+21	9.46e-03	9.52e-01	3.83e-02
 4.79070e+21	1.03e-02	9.52e-01	3.74e-02
 4.82222e+21	1.11e-02	9.52e-01	3.66e-02
 4.85720e+21	1.21e-02	9.52e-01	3.57e-02
 4.89458e+21	1.35e-02	9.52e-01	3.48e-02
 4.92658e+21	1.48e-02	9.51e-01	3.41e-02
 4.95470e+21	1.62e-02	9.50e-01	3.34e-02
 4.98022e+21	1.77e-02	9.49e-01	3.29e-02
 5.00291e+21	1.91e-02	9.48e-01	3.25e-02
 5.02455e+21	2.08e-02	9.47e-01	3.21e-02
 5.04583e+21	2.26e-02	9.46e-01	3.16e-02
 5.06645e+21	2.47e-02	9.44e-01	3.13e-02
 5.08606e+21	2.70e-02	9.42e-01	3.09e-02
 5.10472e+21	2.95e-02	9.40e-01	3.05e-02
 5.12245e+21	3.21e-02	9.38e-01	3.03e-02
 5.14226e+21	3.57e-02	9.34e-01	3.00e-02
 5.16294e+21	3.99e-02	9.30e-01	2.98e-02
 5.18010e+21	4.41e-02	9.26e-01	2.96e-02
 5.19524e+21	4.82e-02	9.22e-01	2.96e-02
 5.21238e+21	5.38e-02	9.17e-01	2.95e-02
 5.23151e+21	6.09e-02	9.10e-01	2.94e-02
 5.24943e+21	6.88e-02	9.02e-01	2.95e-02
 5.26574e+21	7.75e-02	8.93e-01	2.95e-02
 5.28105e+21	8.66e-02	8.84e-01	2.98e-02
 5.29604e+21	9.71e-02	8.73e-01	3.00e-02
 5.31091e+21	1.09e-01	8.61e-01	3.03e-02
 5.32471e+21	1.22e-01	8.48e-01	3.06e-02
 5.33720e+21	1.35e-01	8.34e-01	3.10e-02
 5.34838e+21	1.47e-01	8.21e-01	3.13e-02
 5.35843e+21	1.60e-01	8.08e-01	3.16e-02
 5.36816e+21	1.74e-01	7.94e-01	3.19e-02
 5.37783e+21	1.89e-01	7.79e-01	3.23e-02
 5.38562e+21	2.01e-01	7.67e-01	3.25e-02
 5.39078e+21	2.10e-01	7.58e-01	3.27e-02
 5.39555e+21	2.18e-01	7.49e-01	3.28e-02
 5.40105e+21	2.29e-01	7.38e-01	3.29e-02
 5.40707e+21	2.41e-01	7.26e-01	3.31e-02
 5.41305e+21	2.53e-01	7.14e-01	3.32e-02
 5.41887e+21	2.65e-01	7.02e-01	3.34e-02
 5.42476e+21	2.78e-01	6.88e-01	3.34e-02
 5.43076e+21	2.92e-01	6.74e-01	3.35e-02
 5.43688e+21	3.07e-01	6.59e-01	3.35e-02
 5.44311e+21	3.22e-01	6.44e-01	3.36e-02
 5.44949e+21	3.39e-01	6.28e-01	3.34e-02
 5.45602e+21	3.56e-01	6.11e-01	3.34e-02
 5.46270e+21	3.74e-01	5.93e-01	3.32e-02
 5.46969e+21	3.93e-01	5.74e-01	3.30e-02
 5.47704e+21	4.14e-01	5.54e-01	3.26e-02
 5.48468e+21	4.35e-01	5.33e-01	3.23e-02
 5.49268e+21	4.57e-01	5.11e-01	3.18e-02
 5.50136e+21	4.80e-01	4.89e-01	3.12e-02
 5.51072e+21	5.05e-01	4.65e-01	3.04e-02
 5.52081e+21	5.30e-01	4.41e-01	2.96e-02
 5.53175e+21	5.54e-01	4.17e-01	2.87e-02
 5.54375e+21	5.78e-01	3.94e-01	2.77e-02
 5.55743e+21	6.02e-01	3.72e-01	2.66e-02
 5.57209e+21	6.22e-01	3.53e-01	2.56e-02
 5.58652e+21	6.38e-01	3.38e-01	2.47e-02
 5.60070e+21	6.49e-01	3.27e-01	2.40e-02
 5.61470e+21	6.59e-01	3.18e-01	2.34e-02
 5.62856e+21	6.66e-01	3.11e-01	2.28e-02
 5.64443e+21	6.73e-01	3.05e-01	2.23e-02
 5.66505e+21	6.79e-01	2.99e-01	2.17e-02
 5.69187e+21	6.85e-01	2.94e-01	2.11e-02
 5.72673e+21	6.91e-01	2.88e-01	2.04e-02
 5.77205e+21	6.98e-01	2.83e-01	1.96e-02
 5.83096e+21	7.05e-01	2.77e-01	1.86e-02
 5.90755e+21	7.14e-01	2.69e-01	1.74e-02
 6.00711e+21	7.24e-01	2.60e-01	1.60e-02
 6.13654e+21	7.37e-01	2.48e-01	1.45e-02
 6.28724e+21	7.51e-01	2.36e-01	1.29e-02
 6.44036e+21	7.64e-01	2.25e-01	1.16e-02
 6.59264e+21	7.75e-01	2.14e-01	1.04e-02
 6.74885e+21	7.86e-01	2.04e-01	9.36e-03
 6.91207e+21	7.97e-01	1.95e-01	8.43e-03
 7.08327e+21	8.07e-01	1.85e-01	7.56e-03
 7.26107e+21	8.17e-01	1.76e-01	6.78e-03
 7.44476e+21	8.26e-01	1.68e-01	6.09e-03
 7.63464e+21	8.35e-01	1.60e-01	5.47e-03
 7.83149e+21	8.43e-01	1.52e-01	4.91e-03
 8.03639e+21	8.51e-01	1.44e-01	4.41e-03
 8.24979e+21	8.59e-01	1.37e-01	3.96e-03
 8.47179e+21	8.66e-01	1.30e-01	3.55e-03
 8.70109e+21	8.73e-01	1.24e-01	3.19e-03
 8.94032e+21	8.80e-01	1.17e-01	2.86e-03
 9.19233e+21	8.86e-01	1.11e-01	2.56e-03
 9.45574e+21	8.92e-01	1.05e-01	2.29e-03
 9.73189e+21	8.98e-01	1.00e-01	2.05e-03
 1.00212e+22	9.03e-01	9.48e-02	1.84e-03
 1.03249e+22	9.09e-01	8.98e-02	1.65e-03
 1.06465e+22	9.13e-01	8.51e-02	1.47e-03
 1.09879e+22	9.18e-01	8.05e-02	1.32e-03
 1.13507e+22	9.23e-01	7.62e-02	1.18e-03
 1.17377e+22	9.27e-01	7.21e-02	1.05e-03
 1.21522e+22	9.31e-01	6.82e-02	9.41e-04
 1.25990e+22	9.35e-01	6.45e-02	8.41e-04
 1.30618e+22	9.38e-01	6.12e-02	7.57e-04
 1.35064e+22	9.41e-01	5.84e-02	6.89e-04
 1.39247e+22	9.43e-01	5.60e-02	6.34e-04
 1.43939e+22	9.46e-01	5.36e-02	5.80e-04
 1.49021e+22	9.48e-01	5.14e-02	5.34e-04
 1.53416e+22	9.50e-01	4.97e-02	5.00e-04
 1.57198e+22	9.51e-01	4.84e-02	4.74e-04
 1.61380e+22	9.53e-01	4.69e-02	4.47e-04
 1.66816e+22	9.54e-01	4.53e-02	4.17e-04
 1.72255e+22	9.56e-01	4.40e-02	3.94e-04
 1.76346e+22	9.57e-01	4.31e-02	3.78e-04
 1.79788e+22	9.57e-01	4.24e-02	3.66e-04
 1.83736e+22	9.58e-01	4.16e-02	3.53e-04
 1.88869e+22	9.59e-01	4.07e-02	3.38e-04
 1.94201e+22	9.60e-01	3.99e-02	3.25e-04
 1.98537e+22	9.60e-01	3.93e-02	3.15e-04
 2.02328e+22	9.61e-01	3.88e-02	3.08e-04
 2.06666e+22	9.61e-01	3.82e-02	2.99e-04
 2.12306e+22	9.62e-01	3.76e-02	2.90e-04
 2.18164e+22	9.63e-01	3.71e-02	2.82e-04
 2.22998e+22	9.63e-01	3.66e-02	2.75e-04
 2.27977e+22	9.64e-01	3.62e-02	2.70e-04
 2.34449e+22	9.64e-01	3.57e-02	2.62e-04
 2.41483e+22	9.64e-01	3.53e-02	2.56e-04
 2.48005e+22	9.65e-01	3.49e-02	2.51e-04
 2.54023e+22	9.65e-01	3.44e-02	2.44e-04
 2.59478e+22	9.65e-01	3.43e-02	2.43e-04
 2.64387e+22	9.66e-01	3.41e-02	2.40e-04
 2.68805e+22	9.66e-01	3.40e-02	2.38e-04
 2.72781e+22	9.66e-01	3.37e-02	2.35e-04
 2.76360e+22	9.66e-01	3.37e-02	2.34e-04
 2.79598e+22	9.66e-01	3.36e-02	2.33e-04
 2.82683e+22	9.66e-01	3.34e-02	2.31e-04
 2.85769e+22	9.66e-01	3.34e-02	2.31e-04
 2.88855e+22	9.66e-01	3.33e-02	2.30e-04
 2.91940e+22	9.67e-01	3.32e-02	2.29e-04
 2.95026e+22	9.67e-01	3.32e-02	2.28e-04
 2.98112e+22	9.67e-01	3.31e-02	2.29e-04
 3.01197e+22	9.67e-01	3.31e-02	2.29e-04
 3.04224e+22	9.67e-01	3.32e-02	2.31e-04
 3.06569e+22	9.67e-01	3.32e-02	2.32e-04
 3.07738e+22	9.67e-01	3.33e-02	2.34e-04
 3.08193e+22	9.66e-01	3.33e-02	2.35e-04
 3.08454e+22	9.66e-01	3.33e-02	2.35e-04
