#depth	O	O+	O+2	O+3	O+4	O+5	O+6	O+7	O+8	O[1]	O[2]	O[3]
 1.53026e+15	8.75e-02	8.49e-01	6.30e-02	1.69e-04	6.12e-07	0.00e+00	0.00e+00	0.00e+00	0.00e+00	8.74e-02	5.67e-06	6.52e-06
 9.18155e+15	8.69e-02	8.49e-01	6.35e-02	1.71e-04	6.22e-07	0.00e+00	0.00e+00	0.00e+00	0.00e+00	8.68e-02	5.63e-06	6.47e-06
 3.97867e+16	8.65e-02	8.49e-01	6.39e-02	1.72e-04	6.27e-07	0.00e+00	0.00e+00	0.00e+00	0.00e+00	8.65e-02	5.60e-06	6.44e-06
 1.62207e+17	8.60e-02	8.49e-01	6.48e-02	1.73e-04	6.29e-07	0.00e+00	0.00e+00	0.00e+00	0.00e+00	8.60e-02	5.57e-06	6.41e-06
 3.87461e+17	8.22e-02	8.49e-01	6.90e-02	1.88e-04	6.78e-07	0.00e+00	0.00e+00	0.00e+00	0.00e+00	8.22e-02	5.31e-06	6.11e-06
 6.80292e+17	8.11e-02	8.48e-01	7.03e-02	1.89e-04	6.80e-07	0.00e+00	0.00e+00	0.00e+00	0.00e+00	8.11e-02	5.23e-06	6.02e-06
 1.06097e+18	8.21e-02	8.48e-01	6.95e-02	1.78e-04	6.46e-07	0.00e+00	0.00e+00	0.00e+00	0.00e+00	8.21e-02	5.27e-06	6.07e-06
 1.55585e+18	8.55e-02	8.48e-01	6.63e-02	1.57e-04	5.77e-07	0.00e+00	0.00e+00	0.00e+00	0.00e+00	8.55e-02	5.47e-06	6.30e-06
 2.14801e+18	9.15e-02	8.47e-01	6.10e-02	1.29e-04	4.89e-07	0.00e+00	0.00e+00	0.00e+00	0.00e+00	9.15e-02	5.83e-06	6.72e-06
 2.76613e+18	1.00e-01	8.45e-01	5.43e-02	1.01e-04	3.95e-07	0.00e+00	0.00e+00	0.00e+00	0.00e+00	1.00e-01	6.37e-06	7.33e-06
 3.43872e+18	1.14e-01	8.40e-01	4.60e-02	7.17e-05	2.97e-07	0.00e+00	0.00e+00	0.00e+00	0.00e+00	1.14e-01	7.18e-06	8.26e-06
 4.20280e+18	1.34e-01	8.29e-01	3.68e-02	4.63e-05	2.08e-07	0.00e+00	0.00e+00	0.00e+00	0.00e+00	1.34e-01	8.35e-06	9.59e-06
 4.95506e+18	1.59e-01	8.12e-01	2.85e-02	2.86e-05	1.41e-07	0.00e+00	0.00e+00	0.00e+00	0.00e+00	1.59e-01	9.81e-06	1.13e-05
 5.59572e+18	1.87e-01	7.90e-01	2.23e-02	1.82e-05	0.00e+00	0.00e+00	0.00e+00	0.00e+00	0.00e+00	1.87e-01	1.13e-05	1.30e-05
 6.12956e+18	2.15e-01	7.67e-01	1.78e-02	1.22e-05	0.00e+00	0.00e+00	0.00e+00	0.00e+00	0.00e+00	2.15e-01	1.27e-05	1.46e-05
 6.62554e+18	2.45e-01	7.40e-01	1.43e-02	8.22e-06	0.00e+00	0.00e+00	0.00e+00	0.00e+00	0.00e+00	2.45e-01	1.42e-05	1.62e-05
 7.19522e+18	2.83e-01	7.06e-01	1.09e-02	5.22e-06	0.00e+00	0.00e+00	0.00e+00	0.00e+00	0.00e+00	2.83e-01	1.58e-05	1.81e-05
 7.80822e+18	3.28e-01	6.63e-01	8.16e-03	3.21e-06	0.00e+00	0.00e+00	0.00e+00	0.00e+00	0.00e+00	3.28e-01	1.76e-05	2.01e-05
 8.32483e+18	3.69e-01	6.25e-01	6.35e-03	2.15e-06	0.00e+00	0.00e+00	0.00e+00	0.00e+00	0.00e+00	3.69e-01	1.89e-05	2.16e-05
 8.73110e+18	4.02e-01	5.93e-01	5.20e-03	1.57e-06	0.00e+00	0.00e+00	0.00e+00	0.00e+00	0.00e+00	4.02e-01	1.98e-05	2.26e-05
 9.08108e+18	4.30e-01	5.65e-01	4.37e-03	1.21e-06	0.00e+00	0.00e+00	0.00e+00	0.00e+00	0.00e+00	4.30e-01	2.05e-05	2.34e-05
 9.42333e+18	4.58e-01	5.38e-01	3.69e-03	9.40e-07	0.00e+00	0.00e+00	0.00e+00	0.00e+00	0.00e+00	4.58e-01	2.11e-05	2.40e-05
 9.76834e+18	4.85e-01	5.12e-01	3.12e-03	7.36e-07	0.00e+00	0.00e+00	0.00e+00	0.00e+00	0.00e+00	4.85e-01	2.15e-05	2.45e-05
 1.01049e+19	5.12e-01	4.85e-01	2.64e-03	5.83e-07	0.00e+00	0.00e+00	0.00e+00	0.00e+00	0.00e+00	5.12e-01	2.18e-05	2.48e-05
 1.04336e+19	5.36e-01	4.61e-01	2.26e-03	4.69e-07	0.00e+00	0.00e+00	0.00e+00	0.00e+00	0.00e+00	5.36e-01	2.20e-05	2.50e-05
 1.07531e+19	5.59e-01	4.39e-01	1.94e-03	3.83e-07	0.00e+00	0.00e+00	0.00e+00	0.00e+00	0.00e+00	5.59e-01	2.21e-05	2.52e-05
 1.10587e+19	5.80e-01	4.18e-01	1.68e-03	3.17e-07	0.00e+00	0.00e+00	0.00e+00	0.00e+00	0.00e+00	5.80e-01	2.22e-05	2.52e-05
 1.13017e+19	5.95e-01	4.04e-01	1.51e-03	2.78e-07	0.00e+00	0.00e+00	0.00e+00	0.00e+00	0.00e+00	5.95e-01	2.22e-05	2.52e-05
 1.14735e+19	6.05e-01	3.93e-01	1.40e-03	2.52e-07	0.00e+00	0.00e+00	0.00e+00	0.00e+00	0.00e+00	6.05e-01	2.21e-05	2.51e-05
 1.16427e+19	6.16e-01	3.82e-01	1.29e-03	2.28e-07	0.00e+00	0.00e+00	0.00e+00	0.00e+00	0.00e+00	6.16e-01	2.21e-05	2.51e-05
 1.18349e+19	6.28e-01	3.71e-01	1.19e-03	2.05e-07	0.00e+00	0.00e+00	0.00e+00	0.00e+00	0.00e+00	6.28e-01	2.20e-05	2.50e-05
 1.20448e+19	6.40e-01	3.59e-01	1.08e-03	1.83e-07	0.00e+00	0.00e+00	0.00e+00	0.00e+00	0.00e+00	6.40e-01	2.19e-05	2.48e-05
 1.22600e+19	6.52e-01	3.48e-01	9.81e-04	1.64e-07	0.00e+00	0.00e+00	0.00e+00	0.00e+00	0.00e+00	6.51e-01	2.18e-05	2.47e-05
 1.24754e+19	6.63e-01	3.36e-01	8.92e-04	1.47e-07	0.00e+00	0.00e+00	0.00e+00	0.00e+00	0.00e+00	6.63e-01	2.16e-05	2.45e-05
 1.26921e+19	6.74e-01	3.25e-01	8.13e-04	1.32e-07	0.00e+00	0.00e+00	0.00e+00	0.00e+00	0.00e+00	6.74e-01	2.15e-05	2.44e-05
 1.29161e+19	6.85e-01	3.14e-01	7.37e-04	0.00e+00	0.00e+00	0.00e+00	0.00e+00	0.00e+00	0.00e+00	6.85e-01	2.13e-05	2.42e-05
 1.31471e+19	6.95e-01	3.04e-01	6.68e-04	0.00e+00	0.00e+00	0.00e+00	0.00e+00	0.00e+00	0.00e+00	6.95e-01	2.11e-05	2.39e-05
 1.33848e+19	7.06e-01	2.93e-01	6.04e-04	0.00e+00	0.00e+00	0.00e+00	0.00e+00	0.00e+00	0.00e+00	7.06e-01	2.09e-05	2.37e-05
 1.36309e+19	7.17e-01	2.83e-01	5.45e-04	0.00e+00	0.00e+00	0.00e+00	0.00e+00	0.00e+00	0.00e+00	7.17e-01	2.07e-05	2.34e-05
 1.38791e+19	7.27e-01	2.73e-01	4.92e-04	0.00e+00	0.00e+00	0.00e+00	0.00e+00	0.00e+00	0.00e+00	7.27e-01	2.05e-05	2.32e-05
 1.41324e+19	7.36e-01	2.63e-01	4.43e-04	0.00e+00	0.00e+00	0.00e+00	0.00e+00	0.00e+00	0.00e+00	7.36e-01	2.03e-05	2.29e-05
 1.43952e+19	7.46e-01	2.54e-01	3.98e-04	0.00e+00	0.00e+00	0.00e+00	0.00e+00	0.00e+00	0.00e+00	7.46e-01	2.00e-05	2.26e-05
 1.46663e+19	7.55e-01	2.44e-01	3.57e-04	0.00e+00	0.00e+00	0.00e+00	0.00e+00	0.00e+00	0.00e+00	7.55e-01	1.98e-05	2.23e-05
 1.49445e+19	7.65e-01	2.35e-01	3.20e-04	0.00e+00	0.00e+00	0.00e+00	0.00e+00	0.00e+00	0.00e+00	7.65e-01	1.95e-05	2.20e-05
 1.52279e+19	7.74e-01	2.26e-01	2.86e-04	0.00e+00	0.00e+00	0.00e+00	0.00e+00	0.00e+00	0.00e+00	7.74e-01	1.92e-05	2.17e-05
 1.55174e+19	7.82e-01	2.17e-01	2.56e-04	0.00e+00	0.00e+00	0.00e+00	0.00e+00	0.00e+00	0.00e+00	7.82e-01	1.89e-05	2.14e-05
 1.58158e+19	7.91e-01	2.09e-01	2.28e-04	0.00e+00	0.00e+00	0.00e+00	0.00e+00	0.00e+00	0.00e+00	7.91e-01	1.87e-05	2.10e-05
 1.61224e+19	7.99e-01	2.01e-01	2.03e-04	0.00e+00	0.00e+00	0.00e+00	0.00e+00	0.00e+00	0.00e+00	7.99e-01	1.84e-05	2.07e-05
 1.64363e+19	8.07e-01	1.93e-01	1.81e-04	0.00e+00	0.00e+00	0.00e+00	0.00e+00	0.00e+00	0.00e+00	8.07e-01	1.81e-05	2.04e-05
 1.67570e+19	8.15e-01	1.85e-01	1.61e-04	0.00e+00	0.00e+00	0.00e+00	0.00e+00	0.00e+00	0.00e+00	8.15e-01	1.78e-05	2.00e-05
 1.70846e+19	8.22e-01	1.78e-01	1.43e-04	0.00e+00	0.00e+00	0.00e+00	0.00e+00	0.00e+00	0.00e+00	8.22e-01	1.75e-05	1.97e-05
 1.74212e+19	8.29e-01	1.71e-01	1.27e-04	0.00e+00	0.00e+00	0.00e+00	0.00e+00	0.00e+00	0.00e+00	8.29e-01	1.72e-05	1.94e-05
 1.77683e+19	8.36e-01	1.64e-01	1.12e-04	0.00e+00	0.00e+00	0.00e+00	0.00e+00	0.00e+00	0.00e+00	8.36e-01	1.69e-05	1.90e-05
 1.81245e+19	8.43e-01	1.57e-01	9.96e-05	0.00e+00	0.00e+00	0.00e+00	0.00e+00	0.00e+00	0.00e+00	8.43e-01	1.66e-05	1.87e-05
 1.84896e+19	8.50e-01	1.50e-01	8.81e-05	0.00e+00	0.00e+00	0.00e+00	0.00e+00	0.00e+00	0.00e+00	8.50e-01	1.63e-05	1.84e-05
 1.88622e+19	8.56e-01	1.44e-01	7.81e-05	0.00e+00	0.00e+00	0.00e+00	0.00e+00	0.00e+00	0.00e+00	8.56e-01	1.61e-05	1.80e-05
 1.92422e+19	8.62e-01	1.38e-01	6.92e-05	0.00e+00	0.00e+00	0.00e+00	0.00e+00	0.00e+00	0.00e+00	8.62e-01	1.58e-05	1.77e-05
 1.96322e+19	8.67e-01	1.33e-01	6.13e-05	0.00e+00	0.00e+00	0.00e+00	0.00e+00	0.00e+00	0.00e+00	8.67e-01	1.55e-05	1.74e-05
 2.00302e+19	8.73e-01	1.27e-01	5.44e-05	0.00e+00	0.00e+00	0.00e+00	0.00e+00	0.00e+00	0.00e+00	8.73e-01	1.53e-05	1.71e-05
 2.04357e+19	8.78e-01	1.22e-01	4.84e-05	0.00e+00	0.00e+00	0.00e+00	0.00e+00	0.00e+00	0.00e+00	8.78e-01	1.50e-05	1.68e-05
 2.08536e+19	8.83e-01	1.17e-01	4.30e-05	0.00e+00	0.00e+00	0.00e+00	0.00e+00	0.00e+00	0.00e+00	8.83e-01	1.48e-05	1.65e-05
 2.12839e+19	8.88e-01	1.12e-01	3.83e-05	0.00e+00	0.00e+00	0.00e+00	0.00e+00	0.00e+00	0.00e+00	8.88e-01	1.45e-05	1.63e-05
 2.17239e+19	8.92e-01	1.08e-01	3.41e-05	0.00e+00	0.00e+00	0.00e+00	0.00e+00	0.00e+00	0.00e+00	8.92e-01	1.43e-05	1.60e-05
 2.21754e+19	8.96e-01	1.04e-01	3.05e-05	0.00e+00	0.00e+00	0.00e+00	0.00e+00	0.00e+00	0.00e+00	8.96e-01	1.41e-05	1.57e-05
 2.26416e+19	9.00e-01	9.96e-02	2.73e-05	0.00e+00	0.00e+00	0.00e+00	0.00e+00	0.00e+00	0.00e+00	9.00e-01	1.39e-05	1.55e-05
 2.31239e+19	9.04e-01	9.58e-02	2.45e-05	0.00e+00	0.00e+00	0.00e+00	0.00e+00	0.00e+00	0.00e+00	9.04e-01	1.37e-05	1.52e-05
 2.36253e+19	9.08e-01	9.21e-02	2.20e-05	0.00e+00	0.00e+00	0.00e+00	0.00e+00	0.00e+00	0.00e+00	9.08e-01	1.34e-05	1.50e-05
 2.41487e+19	9.11e-01	8.86e-02	1.98e-05	0.00e+00	0.00e+00	0.00e+00	0.00e+00	0.00e+00	0.00e+00	9.11e-01	1.33e-05	1.48e-05
 2.46953e+19	9.15e-01	8.54e-02	1.78e-05	0.00e+00	0.00e+00	0.00e+00	0.00e+00	0.00e+00	0.00e+00	9.15e-01	1.31e-05	1.46e-05
 2.52658e+19	9.18e-01	8.22e-02	1.61e-05	0.00e+00	0.00e+00	0.00e+00	0.00e+00	0.00e+00	0.00e+00	9.18e-01	1.29e-05	1.43e-05
 2.58653e+19	9.21e-01	7.93e-02	1.45e-05	0.00e+00	0.00e+00	0.00e+00	0.00e+00	0.00e+00	0.00e+00	9.21e-01	1.27e-05	1.41e-05
 2.65010e+19	9.24e-01	7.64e-02	1.31e-05	0.00e+00	0.00e+00	0.00e+00	0.00e+00	0.00e+00	0.00e+00	9.24e-01	1.25e-05	1.39e-05
 2.71750e+19	9.26e-01	7.36e-02	1.19e-05	0.00e+00	0.00e+00	0.00e+00	0.00e+00	0.00e+00	0.00e+00	9.26e-01	1.24e-05	1.38e-05
 2.78873e+19	9.29e-01	7.11e-02	1.08e-05	0.00e+00	0.00e+00	0.00e+00	0.00e+00	0.00e+00	0.00e+00	9.29e-01	1.22e-05	1.36e-05
 2.86436e+19	9.31e-01	6.86e-02	9.85e-06	0.00e+00	0.00e+00	0.00e+00	0.00e+00	0.00e+00	0.00e+00	9.31e-01	1.21e-05	1.34e-05
 2.94499e+19	9.34e-01	6.63e-02	8.98e-06	0.00e+00	0.00e+00	0.00e+00	0.00e+00	0.00e+00	0.00e+00	9.34e-01	1.19e-05	1.32e-05
 3.03130e+19	9.36e-01	6.40e-02	8.20e-06	0.00e+00	0.00e+00	0.00e+00	0.00e+00	0.00e+00	0.00e+00	9.36e-01	1.17e-05	1.29e-05
 3.12403e+19	9.38e-01	6.18e-02	7.50e-06	0.00e+00	0.00e+00	0.00e+00	0.00e+00	0.00e+00	0.00e+00	9.38e-01	1.16e-05	1.27e-05
 3.22338e+19	9.40e-01	5.97e-02	6.87e-06	0.00e+00	0.00e+00	0.00e+00	0.00e+00	0.00e+00	0.00e+00	9.40e-01	1.14e-05	1.25e-05
 3.32963e+19	9.42e-01	5.76e-02	6.30e-06	0.00e+00	0.00e+00	0.00e+00	0.00e+00	0.00e+00	0.00e+00	9.42e-01	1.13e-05	1.23e-05
 3.44323e+19	9.44e-01	5.57e-02	5.79e-06	0.00e+00	0.00e+00	0.00e+00	0.00e+00	0.00e+00	0.00e+00	9.44e-01	1.11e-05	1.21e-05
 3.56465e+19	9.46e-01	5.37e-02	5.33e-06	0.00e+00	0.00e+00	0.00e+00	0.00e+00	0.00e+00	0.00e+00	9.46e-01	1.10e-05	1.19e-05
 3.69417e+19	9.48e-01	5.19e-02	4.91e-06	0.00e+00	0.00e+00	0.00e+00	0.00e+00	0.00e+00	0.00e+00	9.48e-01	1.08e-05	1.17e-05
 3.83127e+19	9.50e-01	5.01e-02	4.54e-06	0.00e+00	0.00e+00	0.00e+00	0.00e+00	0.00e+00	0.00e+00	9.50e-01	1.07e-05	1.15e-05
 3.97606e+19	9.52e-01	4.83e-02	4.20e-06	0.00e+00	0.00e+00	0.00e+00	0.00e+00	0.00e+00	0.00e+00	9.52e-01	1.06e-05	1.13e-05
 4.13012e+19	9.53e-01	4.66e-02	3.89e-06	0.00e+00	0.00e+00	0.00e+00	0.00e+00	0.00e+00	0.00e+00	9.53e-01	1.04e-05	1.11e-05
 4.29208e+19	9.55e-01	4.50e-02	3.61e-06	0.00e+00	0.00e+00	0.00e+00	0.00e+00	0.00e+00	0.00e+00	9.55e-01	1.03e-05	1.10e-05
 4.45820e+19	9.57e-01	4.34e-02	3.36e-06	0.00e+00	0.00e+00	0.00e+00	0.00e+00	0.00e+00	0.00e+00	9.57e-01	1.02e-05	1.08e-05
 4.62452e+19	9.58e-01	4.19e-02	3.15e-06	0.00e+00	0.00e+00	0.00e+00	0.00e+00	0.00e+00	0.00e+00	9.58e-01	1.00e-05	1.06e-05
 4.78768e+19	9.59e-01	4.06e-02	2.97e-06	0.00e+00	0.00e+00	0.00e+00	0.00e+00	0.00e+00	0.00e+00	9.59e-01	9.93e-06	1.05e-05
 4.94693e+19	9.61e-01	3.93e-02	2.81e-06	0.00e+00	0.00e+00	0.00e+00	0.00e+00	0.00e+00	0.00e+00	9.61e-01	9.83e-06	1.03e-05
 5.10289e+19	9.62e-01	3.81e-02	2.68e-06	0.00e+00	0.00e+00	0.00e+00	0.00e+00	0.00e+00	0.00e+00	9.62e-01	9.73e-06	1.02e-05
 5.25542e+19	9.63e-01	3.70e-02	2.56e-06	0.00e+00	0.00e+00	0.00e+00	0.00e+00	0.00e+00	0.00e+00	9.63e-01	9.63e-06	1.01e-05
 5.40397e+19	9.64e-01	3.60e-02	2.46e-06	0.00e+00	0.00e+00	0.00e+00	0.00e+00	0.00e+00	0.00e+00	9.64e-01	9.54e-06	9.96e-06
 5.54789e+19	9.65e-01	3.50e-02	2.36e-06	0.00e+00	0.00e+00	0.00e+00	0.00e+00	0.00e+00	0.00e+00	9.65e-01	9.45e-06	9.84e-06
 5.68589e+19	9.66e-01	3.41e-02	2.29e-06	0.00e+00	0.00e+00	0.00e+00	0.00e+00	0.00e+00	0.00e+00	9.66e-01	9.37e-06	9.73e-06
 5.81735e+19	9.67e-01	3.33e-02	2.22e-06	0.00e+00	0.00e+00	0.00e+00	0.00e+00	0.00e+00	0.00e+00	9.67e-01	9.29e-06	9.63e-06
 5.94208e+19	9.68e-01	3.25e-02	2.16e-06	0.00e+00	0.00e+00	0.00e+00	0.00e+00	0.00e+00	0.00e+00	9.67e-01	9.21e-06	9.53e-06
 6.05908e+19	9.68e-01	3.18e-02	2.11e-06	0.00e+00	0.00e+00	0.00e+00	0.00e+00	0.00e+00	0.00e+00	9.68e-01	9.14e-06	9.44e-06
 6.16935e+19	9.69e-01	3.10e-02	2.06e-06	0.00e+00	0.00e+00	0.00e+00	0.00e+00	0.00e+00	0.00e+00	9.69e-01	9.07e-06	9.35e-06
