#depth	O	O+	O+2	O+3	O+4	O+5	O+6	O+7	O+8	O[1]	O[2]	O[3]
 1.87521e+16	3.28e-07	9.59e-04	1.30e-01	6.64e-01	1.91e-01	1.31e-02	7.38e-04	5.08e-07	0.00e+00	3.28e-07	8.07e-11	8.92e-11
 1.12513e+17	3.27e-07	9.58e-04	1.30e-01	6.64e-01	1.91e-01	1.31e-02	7.37e-04	5.08e-07	0.00e+00	3.27e-07	8.05e-11	8.90e-11
 4.87554e+17	3.25e-07	9.55e-04	1.32e-01	6.63e-01	1.90e-01	1.30e-02	7.33e-04	5.05e-07	0.00e+00	3.25e-07	7.99e-11	8.84e-11
 1.98772e+18	3.16e-07	9.39e-04	1.37e-01	6.62e-01	1.87e-01	1.27e-02	7.17e-04	4.94e-07	0.00e+00	3.15e-07	7.76e-11	8.59e-11
 4.74803e+18	2.88e-07	8.95e-04	1.44e-01	6.61e-01	1.81e-01	1.23e-02	6.95e-04	4.80e-07	0.00e+00	2.88e-07	7.09e-11	7.84e-11
 8.33643e+18	2.75e-07	8.87e-04	1.55e-01	6.58e-01	1.74e-01	1.18e-02	6.66e-04	4.61e-07	0.00e+00	2.75e-07	6.76e-11	7.48e-11
 1.30014e+19	2.71e-07	9.05e-04	1.69e-01	6.53e-01	1.65e-01	1.11e-02	6.29e-04	4.36e-07	0.00e+00	2.71e-07	6.65e-11	7.37e-11
 1.90658e+19	2.79e-07	9.64e-04	1.91e-01	6.44e-01	1.53e-01	1.02e-02	5.78e-04	4.03e-07	0.00e+00	2.79e-07	6.85e-11	7.59e-11
 2.69495e+19	3.09e-07	1.10e-03	2.27e-01	6.26e-01	1.37e-01	8.88e-03	5.09e-04	3.57e-07	0.00e+00	3.09e-07	7.60e-11	8.42e-11
 3.55602e+19	3.53e-07	1.29e-03	2.75e-01	5.98e-01	1.18e-01	7.44e-03	4.34e-04	3.09e-07	0.00e+00	3.52e-07	8.66e-11	9.59e-11
 4.30556e+19	4.19e-07	1.56e-03	3.30e-01	5.62e-01	9.98e-02	6.11e-03	3.62e-04	2.61e-07	0.00e+00	4.19e-07	1.03e-10	1.14e-10
 4.90390e+19	4.97e-07	1.87e-03	3.86e-01	5.23e-01	8.41e-02	5.00e-03	3.01e-04	2.20e-07	0.00e+00	4.96e-07	1.22e-10	1.35e-10
 5.38896e+19	5.85e-07	2.20e-03	4.40e-01	4.83e-01	7.05e-02	4.09e-03	2.49e-04	1.84e-07	0.00e+00	5.85e-07	1.44e-10	1.59e-10
 5.81499e+19	6.86e-07	2.57e-03	4.93e-01	4.42e-01	5.86e-02	3.32e-03	2.04e-04	1.53e-07	0.00e+00	6.86e-07	1.69e-10	1.87e-10
 6.22113e+19	8.03e-07	2.98e-03	5.47e-01	3.99e-01	4.76e-02	2.64e-03	1.63e-04	0.00e+00	0.00e+00	8.03e-07	1.98e-10	2.19e-10
 6.61461e+19	9.31e-07	3.43e-03	6.01e-01	3.55e-01	3.77e-02	2.05e-03	1.27e-04	0.00e+00	0.00e+00	9.30e-07	2.29e-10	2.53e-10
 6.98650e+19	1.06e-06	3.87e-03	6.52e-01	3.13e-01	2.94e-02	1.58e-03	9.74e-05	0.00e+00	0.00e+00	1.06e-06	2.61e-10	2.88e-10
 7.33780e+19	1.19e-06	4.31e-03	6.97e-01	2.75e-01	2.28e-02	1.22e-03	7.41e-05	0.00e+00	0.00e+00	1.19e-06	2.93e-10	3.24e-10
 7.68077e+19	1.32e-06	4.74e-03	7.37e-01	2.40e-01	1.76e-02	9.34e-04	5.57e-05	0.00e+00	0.00e+00	1.32e-06	3.25e-10	3.60e-10
 8.01683e+19	1.45e-06	5.14e-03	7.72e-01	2.08e-01	1.35e-02	7.20e-04	4.19e-05	0.00e+00	0.00e+00	1.45e-06	3.56e-10	3.94e-10
 8.34324e+19	1.57e-06	5.52e-03	8.02e-01	1.82e-01	1.05e-02	5.62e-04	3.17e-05	0.00e+00	0.00e+00	1.57e-06	3.85e-10	4.28e-10
 8.71431e+19	1.73e-06	5.95e-03	8.31e-01	1.55e-01	7.83e-03	4.26e-04	2.31e-05	0.00e+00	0.00e+00	1.73e-06	4.23e-10	4.70e-10
 9.10961e+19	1.87e-06	6.34e-03	8.56e-01	1.31e-01	5.92e-03	3.27e-04	1.69e-05	0.00e+00	0.00e+00	1.87e-06	4.57e-10	5.09e-10
 9.47160e+19	2.01e-06	6.69e-03	8.75e-01	1.14e-01	4.67e-03	2.62e-04	1.30e-05	0.00e+00	0.00e+00	2.01e-06	4.89e-10	5.46e-10
 9.87735e+19	2.17e-06	7.07e-03	8.92e-01	9.66e-02	3.65e-03	2.07e-04	9.79e-06	0.00e+00	0.00e+00	2.17e-06	5.29e-10	5.92e-10
 1.04038e+20	2.39e-06	7.53e-03	9.10e-01	7.94e-02	2.78e-03	1.58e-04	7.11e-06	0.00e+00	0.00e+00	2.39e-06	5.81e-10	6.51e-10
 1.09875e+20	2.61e-06	7.96e-03	9.24e-01	6.54e-02	2.21e-03	1.23e-04	5.34e-06	0.00e+00	0.00e+00	2.61e-06	6.33e-10	7.11e-10
 1.15938e+20	2.85e-06	8.38e-03	9.35e-01	5.42e-02	1.83e-03	9.78e-05	4.17e-06	0.00e+00	0.00e+00	2.85e-06	6.90e-10	7.76e-10
 1.22988e+20	3.15e-06	8.82e-03	9.45e-01	4.45e-02	1.56e-03	7.76e-05	3.31e-06	0.00e+00	0.00e+00	3.14e-06	7.59e-10	8.55e-10
 1.31511e+20	3.51e-06	9.31e-03	9.53e-01	3.60e-02	1.36e-03	6.11e-05	2.67e-06	0.00e+00	0.00e+00	3.51e-06	8.45e-10	9.54e-10
 1.41918e+20	3.98e-06	9.86e-03	9.60e-01	2.88e-02	1.22e-03	4.77e-05	2.20e-06	0.00e+00	0.00e+00	3.98e-06	9.56e-10	1.08e-09
 1.55039e+20	4.63e-06	1.05e-02	9.66e-01	2.26e-02	1.12e-03	3.67e-05	1.86e-06	0.00e+00	0.00e+00	4.63e-06	1.11e-09	1.26e-09
 1.70543e+20	5.51e-06	1.12e-02	9.70e-01	1.79e-02	1.06e-03	2.85e-05	1.62e-06	0.00e+00	0.00e+00	5.51e-06	1.32e-09	1.50e-09
 1.87597e+20	6.72e-06	1.21e-02	9.72e-01	1.44e-02	1.01e-03	2.24e-05	1.44e-06	0.00e+00	0.00e+00	6.72e-06	1.61e-09	1.83e-09
 2.06357e+20	8.49e-06	1.31e-02	9.74e-01	1.17e-02	9.83e-04	1.78e-05	1.29e-06	0.00e+00	0.00e+00	8.48e-06	2.03e-09	2.31e-09
 2.26992e+20	1.12e-05	1.45e-02	9.75e-01	9.64e-03	9.60e-04	1.42e-05	1.16e-06	0.00e+00	0.00e+00	1.12e-05	2.69e-09	3.06e-09
 2.46947e+20	1.53e-05	1.61e-02	9.75e-01	8.12e-03	9.43e-04	1.15e-05	1.05e-06	0.00e+00	0.00e+00	1.53e-05	3.66e-09	4.16e-09
 2.63096e+20	2.05e-05	1.78e-02	9.74e-01	7.08e-03	9.29e-04	9.67e-06	9.46e-07	0.00e+00	0.00e+00	2.05e-05	4.89e-09	5.56e-09
 2.75879e+20	2.66e-05	1.96e-02	9.73e-01	6.33e-03	9.19e-04	8.34e-06	8.65e-07	0.00e+00	0.00e+00	2.66e-05	6.35e-09	7.21e-09
 2.87099e+20	3.43e-05	2.16e-02	9.72e-01	5.70e-03	9.09e-04	7.23e-06	7.89e-07	0.00e+00	0.00e+00	3.43e-05	8.21e-09	9.32e-09
 2.97849e+20	4.52e-05	2.40e-02	9.70e-01	5.12e-03	8.99e-04	6.22e-06	7.13e-07	0.00e+00	0.00e+00	4.52e-05	1.08e-08	1.23e-08
 3.08059e+20	6.05e-05	2.69e-02	9.68e-01	4.58e-03	8.88e-04	5.30e-06	6.38e-07	0.00e+00	0.00e+00	6.05e-05	1.44e-08	1.64e-08
 3.17279e+20	8.13e-05	3.04e-02	9.65e-01	4.09e-03	8.76e-04	4.51e-06	5.67e-07	0.00e+00	0.00e+00	8.12e-05	1.94e-08	2.20e-08
 3.25408e+20	1.09e-04	3.43e-02	9.61e-01	3.67e-03	8.64e-04	3.83e-06	5.03e-07	0.00e+00	0.00e+00	1.09e-04	2.60e-08	2.95e-08
 3.31906e+20	1.41e-04	3.83e-02	9.57e-01	3.33e-03	8.53e-04	3.32e-06	4.52e-07	0.00e+00	0.00e+00	1.41e-04	3.36e-08	3.81e-08
 3.36723e+20	1.73e-04	4.20e-02	9.54e-01	3.08e-03	8.45e-04	2.95e-06	4.13e-07	0.00e+00	0.00e+00	1.73e-04	4.12e-08	4.68e-08
 3.40971e+20	2.11e-04	4.58e-02	9.50e-01	2.85e-03	8.35e-04	2.63e-06	3.79e-07	0.00e+00	0.00e+00	2.11e-04	5.03e-08	5.70e-08
 3.45840e+20	2.69e-04	5.12e-02	9.45e-01	2.59e-03	8.23e-04	2.28e-06	3.39e-07	0.00e+00	0.00e+00	2.69e-04	6.43e-08	7.28e-08
 3.50773e+20	3.50e-04	5.77e-02	9.39e-01	2.33e-03	8.09e-04	1.95e-06	3.00e-07	0.00e+00	0.00e+00	3.50e-04	8.36e-08	9.46e-08
 3.54535e+20	4.35e-04	6.39e-02	9.33e-01	2.14e-03	7.97e-04	1.71e-06	2.71e-07	0.00e+00	0.00e+00	4.35e-04	1.04e-07	1.18e-07
 3.57513e+20	5.24e-04	6.97e-02	9.27e-01	1.98e-03	7.86e-04	1.53e-06	2.48e-07	0.00e+00	0.00e+00	5.24e-04	1.25e-07	1.41e-07
 3.60725e+20	6.52e-04	7.72e-02	9.20e-01	1.81e-03	7.73e-04	1.34e-06	2.23e-07	0.00e+00	0.00e+00	6.51e-04	1.56e-07	1.76e-07
 3.64033e+20	8.22e-04	8.62e-02	9.11e-01	1.64e-03	7.57e-04	1.16e-06	1.98e-07	0.00e+00	0.00e+00	8.21e-04	1.97e-07	2.21e-07
 3.66671e+20	1.00e-03	9.47e-02	9.02e-01	1.51e-03	7.44e-04	1.02e-06	1.79e-07	0.00e+00	0.00e+00	1.00e-03	2.41e-07	2.69e-07
 3.68872e+20	1.19e-03	1.03e-01	8.94e-01	1.40e-03	7.31e-04	9.15e-07	1.63e-07	0.00e+00	0.00e+00	1.19e-03	2.88e-07	3.20e-07
 3.71298e+20	1.47e-03	1.14e-01	8.82e-01	1.28e-03	7.14e-04	7.98e-07	1.46e-07	0.00e+00	0.00e+00	1.47e-03	3.56e-07	3.95e-07
 3.73844e+20	1.84e-03	1.27e-01	8.69e-01	1.16e-03	6.95e-04	6.89e-07	1.29e-07	0.00e+00	0.00e+00	1.84e-03	4.48e-07	4.94e-07
 3.75949e+20	2.24e-03	1.40e-01	8.56e-01	1.06e-03	6.77e-04	6.04e-07	0.00e+00	0.00e+00	0.00e+00	2.24e-03	5.49e-07	6.00e-07
 3.77737e+20	2.68e-03	1.53e-01	8.43e-01	9.77e-04	6.60e-04	5.35e-07	0.00e+00	0.00e+00	0.00e+00	2.67e-03	6.60e-07	7.16e-07
 3.79707e+20	3.30e-03	1.69e-01	8.26e-01	8.86e-04	6.39e-04	4.63e-07	0.00e+00	0.00e+00	0.00e+00	3.30e-03	8.22e-07	8.82e-07
 3.81770e+20	4.13e-03	1.88e-01	8.06e-01	7.96e-04	6.14e-04	3.94e-07	0.00e+00	0.00e+00	0.00e+00	4.13e-03	1.04e-06	1.10e-06
 3.83475e+20	5.03e-03	2.07e-01	7.86e-01	7.23e-04	5.91e-04	3.42e-07	0.00e+00	0.00e+00	0.00e+00	5.03e-03	1.28e-06	1.34e-06
 3.84928e+20	5.99e-03	2.25e-01	7.67e-01	6.63e-04	5.70e-04	3.00e-07	0.00e+00	0.00e+00	0.00e+00	5.99e-03	1.54e-06	1.59e-06
 3.86533e+20	7.38e-03	2.49e-01	7.43e-01	5.96e-04	5.43e-04	2.56e-07	0.00e+00	0.00e+00	0.00e+00	7.37e-03	1.93e-06	1.95e-06
 3.88226e+20	9.20e-03	2.76e-01	7.14e-01	5.31e-04	5.12e-04	2.14e-07	0.00e+00	0.00e+00	0.00e+00	9.20e-03	2.45e-06	2.43e-06
 3.89647e+20	1.11e-02	3.02e-01	6.86e-01	4.79e-04	4.84e-04	1.83e-07	0.00e+00	0.00e+00	0.00e+00	1.11e-02	3.02e-06	2.93e-06
 3.90884e+20	1.33e-02	3.27e-01	6.58e-01	4.34e-04	4.57e-04	1.57e-07	0.00e+00	0.00e+00	0.00e+00	1.33e-02	3.66e-06	3.49e-06
 3.92268e+20	1.64e-02	3.59e-01	6.23e-01	3.85e-04	4.24e-04	1.30e-07	0.00e+00	0.00e+00	0.00e+00	1.64e-02	4.61e-06	4.28e-06
 3.93727e+20	2.04e-02	3.96e-01	5.83e-01	3.38e-04	3.87e-04	1.05e-07	0.00e+00	0.00e+00	0.00e+00	2.04e-02	5.86e-06	5.30e-06
 3.94958e+20	2.46e-02	4.29e-01	5.46e-01	3.00e-04	3.55e-04	0.00e+00	0.00e+00	0.00e+00	0.00e+00	2.46e-02	7.21e-06	6.37e-06
 3.96042e+20	2.93e-02	4.61e-01	5.10e-01	2.68e-04	3.24e-04	0.00e+00	0.00e+00	0.00e+00	0.00e+00	2.93e-02	8.68e-06	7.54e-06
 3.97261e+20	3.58e-02	4.99e-01	4.65e-01	2.34e-04	2.88e-04	0.00e+00	0.00e+00	0.00e+00	0.00e+00	3.58e-02	1.08e-05	9.16e-06
 3.98567e+20	4.44e-02	5.40e-01	4.16e-01	2.01e-04	2.49e-04	0.00e+00	0.00e+00	0.00e+00	0.00e+00	4.44e-02	1.36e-05	1.13e-05
 3.99581e+20	5.26e-02	5.72e-01	3.76e-01	1.77e-04	2.18e-04	0.00e+00	0.00e+00	0.00e+00	0.00e+00	5.25e-02	1.62e-05	1.32e-05
 4.00295e+20	5.94e-02	5.94e-01	3.46e-01	1.61e-04	1.97e-04	0.00e+00	0.00e+00	0.00e+00	0.00e+00	5.93e-02	1.84e-05	1.48e-05
 4.01026e+20	6.76e-02	6.17e-01	3.15e-01	1.45e-04	1.74e-04	0.00e+00	0.00e+00	0.00e+00	0.00e+00	6.76e-02	2.10e-05	1.68e-05
 4.01852e+20	7.80e-02	6.42e-01	2.80e-01	1.28e-04	1.51e-04	0.00e+00	0.00e+00	0.00e+00	0.00e+00	7.80e-02	2.43e-05	1.92e-05
 4.02618e+20	8.92e-02	6.63e-01	2.48e-01	1.14e-04	1.29e-04	0.00e+00	0.00e+00	0.00e+00	0.00e+00	8.91e-02	2.78e-05	2.17e-05
 4.03285e+20	9.99e-02	6.79e-01	2.21e-01	1.03e-04	1.12e-04	0.00e+00	0.00e+00	0.00e+00	0.00e+00	9.98e-02	3.11e-05	2.41e-05
 4.04005e+20	1.14e-01	6.94e-01	1.92e-01	9.09e-05	9.42e-05	0.00e+00	0.00e+00	0.00e+00	0.00e+00	1.14e-01	3.53e-05	2.71e-05
 4.04766e+20	1.30e-01	7.07e-01	1.64e-01	7.97e-05	7.71e-05	0.00e+00	0.00e+00	0.00e+00	0.00e+00	1.30e-01	4.00e-05	3.06e-05
 4.05403e+20	1.45e-01	7.14e-01	1.41e-01	7.13e-05	6.45e-05	0.00e+00	0.00e+00	0.00e+00	0.00e+00	1.45e-01	4.43e-05	3.36e-05
 4.05961e+20	1.60e-01	7.18e-01	1.22e-01	6.41e-05	5.40e-05	0.00e+00	0.00e+00	0.00e+00	0.00e+00	1.60e-01	4.85e-05	3.67e-05
 4.06591e+20	1.78e-01	7.19e-01	1.03e-01	5.66e-05	4.35e-05	0.00e+00	0.00e+00	0.00e+00	0.00e+00	1.78e-01	5.36e-05	4.04e-05
 4.07269e+20	2.00e-01	7.16e-01	8.39e-02	4.94e-05	3.40e-05	0.00e+00	0.00e+00	0.00e+00	0.00e+00	2.00e-01	5.94e-05	4.45e-05
 4.07859e+20	2.22e-01	7.09e-01	6.92e-02	4.37e-05	2.69e-05	0.00e+00	0.00e+00	0.00e+00	0.00e+00	2.22e-01	6.47e-05	4.83e-05
 4.08379e+20	2.42e-01	7.00e-01	5.77e-02	3.91e-05	2.16e-05	0.00e+00	0.00e+00	0.00e+00	0.00e+00	2.42e-01	6.95e-05	5.18e-05
 4.08961e+20	2.68e-01	6.86e-01	4.61e-02	3.42e-05	1.64e-05	0.00e+00	0.00e+00	0.00e+00	0.00e+00	2.68e-01	7.53e-05	5.59e-05
 4.09592e+20	2.98e-01	6.66e-01	3.57e-02	2.96e-05	1.21e-05	0.00e+00	0.00e+00	0.00e+00	0.00e+00	2.98e-01	8.14e-05	6.03e-05
 4.10163e+20	3.27e-01	6.45e-01	2.78e-02	2.58e-05	8.96e-06	0.00e+00	0.00e+00	0.00e+00	0.00e+00	3.27e-01	8.70e-05	6.43e-05
 4.10682e+20	3.56e-01	6.22e-01	2.18e-02	2.27e-05	6.71e-06	0.00e+00	0.00e+00	0.00e+00	0.00e+00	3.56e-01	9.19e-05	6.78e-05
 4.11183e+20	3.86e-01	5.97e-01	1.69e-02	1.99e-05	4.97e-06	0.00e+00	0.00e+00	0.00e+00	0.00e+00	3.86e-01	9.64e-05	7.10e-05
 4.11672e+20	4.16e-01	5.71e-01	1.30e-02	1.75e-05	3.66e-06	0.00e+00	0.00e+00	0.00e+00	0.00e+00	4.16e-01	1.00e-04	7.38e-05
 4.12137e+20	4.47e-01	5.43e-01	1.00e-02	1.54e-05	2.70e-06	0.00e+00	0.00e+00	0.00e+00	0.00e+00	4.47e-01	1.04e-04	7.62e-05
 4.12577e+20	4.76e-01	5.16e-01	7.75e-03	1.36e-05	2.00e-06	0.00e+00	0.00e+00	0.00e+00	0.00e+00	4.76e-01	1.07e-04	7.81e-05
 4.12981e+20	5.04e-01	4.90e-01	6.05e-03	1.21e-05	1.50e-06	0.00e+00	0.00e+00	0.00e+00	0.00e+00	5.04e-01	1.09e-04	7.95e-05
 4.13343e+20	5.30e-01	4.65e-01	4.80e-03	1.09e-05	1.15e-06	0.00e+00	0.00e+00	0.00e+00	0.00e+00	5.30e-01	1.10e-04	8.04e-05
 4.13673e+20	5.54e-01	4.42e-01	3.85e-03	9.85e-06	8.96e-07	0.00e+00	0.00e+00	0.00e+00	0.00e+00	5.54e-01	1.11e-04	8.09e-05
 4.13987e+20	5.77e-01	4.20e-01	3.11e-03	8.95e-06	7.02e-07	0.00e+00	0.00e+00	0.00e+00	0.00e+00	5.76e-01	1.11e-04	8.11e-05
 4.14231e+20	5.93e-01	4.04e-01	2.65e-03	8.34e-06	5.86e-07	0.00e+00	0.00e+00	0.00e+00	0.00e+00	5.93e-01	1.11e-04	8.11e-05
 4.14389e+20	6.04e-01	3.93e-01	2.37e-03	7.95e-06	5.18e-07	0.00e+00	0.00e+00	0.00e+00	0.00e+00	6.04e-01	1.11e-04	8.10e-05
 4.14536e+20	6.15e-01	3.83e-01	2.13e-03	7.58e-06	4.59e-07	0.00e+00	0.00e+00	0.00e+00	0.00e+00	6.15e-01	1.11e-04	8.08e-05
 4.14701e+20	6.27e-01	3.71e-01	1.89e-03	7.19e-06	4.00e-07	0.00e+00	0.00e+00	0.00e+00	0.00e+00	6.27e-01	1.10e-04	8.06e-05
 4.14879e+20	6.40e-01	3.59e-01	1.65e-03	6.79e-06	3.45e-07	0.00e+00	0.00e+00	0.00e+00	0.00e+00	6.40e-01	1.10e-04	8.02e-05
 4.15054e+20	6.52e-01	3.46e-01	1.45e-03	6.41e-06	2.99e-07	0.00e+00	0.00e+00	0.00e+00	0.00e+00	6.52e-01	1.09e-04	7.97e-05
 4.15219e+20	6.64e-01	3.35e-01	1.28e-03	6.09e-06	2.61e-07	0.00e+00	0.00e+00	0.00e+00	0.00e+00	6.63e-01	1.09e-04	7.92e-05
 4.15383e+20	6.76e-01	3.23e-01	1.13e-03	5.76e-06	2.27e-07	0.00e+00	0.00e+00	0.00e+00	0.00e+00	6.75e-01	1.08e-04	7.87e-05
 4.15546e+20	6.87e-01	3.12e-01	1.00e-03	5.46e-06	1.98e-07	0.00e+00	0.00e+00	0.00e+00	0.00e+00	6.86e-01	1.07e-04	7.80e-05
 4.15708e+20	6.98e-01	3.01e-01	8.83e-04	5.17e-06	1.72e-07	0.00e+00	0.00e+00	0.00e+00	0.00e+00	6.98e-01	1.06e-04	7.73e-05
 4.15870e+20	7.08e-01	2.91e-01	7.80e-04	4.90e-06	1.50e-07	0.00e+00	0.00e+00	0.00e+00	0.00e+00	7.08e-01	1.05e-04	7.66e-05
 4.16031e+20	7.19e-01	2.80e-01	6.89e-04	4.64e-06	1.31e-07	0.00e+00	0.00e+00	0.00e+00	0.00e+00	7.19e-01	1.04e-04	7.58e-05
 4.16191e+20	7.30e-01	2.69e-01	6.08e-04	4.39e-06	0.00e+00	0.00e+00	0.00e+00	0.00e+00	0.00e+00	7.30e-01	1.03e-04	7.49e-05
 4.16348e+20	7.40e-01	2.60e-01	5.40e-04	4.16e-06	0.00e+00	0.00e+00	0.00e+00	0.00e+00	0.00e+00	7.40e-01	1.02e-04	7.40e-05
 4.16504e+20	7.50e-01	2.50e-01	4.79e-04	3.94e-06	0.00e+00	0.00e+00	0.00e+00	0.00e+00	0.00e+00	7.50e-01	1.01e-04	7.31e-05
 4.16659e+20	7.59e-01	2.40e-01	4.26e-04	3.74e-06	0.00e+00	0.00e+00	0.00e+00	0.00e+00	0.00e+00	7.59e-01	9.95e-05	7.21e-05
 4.16813e+20	7.69e-01	2.31e-01	3.79e-04	3.54e-06	0.00e+00	0.00e+00	0.00e+00	0.00e+00	0.00e+00	7.69e-01	9.81e-05	7.11e-05
 4.16967e+20	7.78e-01	2.22e-01	3.39e-04	3.36e-06	0.00e+00	0.00e+00	0.00e+00	0.00e+00	0.00e+00	7.78e-01	9.68e-05	7.01e-05
 4.17119e+20	7.87e-01	2.13e-01	3.03e-04	3.18e-06	0.00e+00	0.00e+00	0.00e+00	0.00e+00	0.00e+00	7.87e-01	9.54e-05	6.90e-05
 4.17272e+20	7.95e-01	2.04e-01	2.72e-04	3.02e-06	0.00e+00	0.00e+00	0.00e+00	0.00e+00	0.00e+00	7.95e-01	9.39e-05	6.79e-05
 4.17423e+20	8.04e-01	1.96e-01	2.45e-04	2.86e-06	0.00e+00	0.00e+00	0.00e+00	0.00e+00	0.00e+00	8.04e-01	9.23e-05	6.67e-05
 4.17573e+20	8.11e-01	1.88e-01	2.22e-04	2.71e-06	0.00e+00	0.00e+00	0.00e+00	0.00e+00	0.00e+00	8.11e-01	9.09e-05	6.56e-05
 4.17723e+20	8.19e-01	1.80e-01	2.01e-04	2.57e-06	0.00e+00	0.00e+00	0.00e+00	0.00e+00	0.00e+00	8.19e-01	8.93e-05	6.44e-05
 4.17872e+20	8.27e-01	1.73e-01	1.84e-04	2.44e-06	0.00e+00	0.00e+00	0.00e+00	0.00e+00	0.00e+00	8.27e-01	8.78e-05	6.33e-05
 4.18021e+20	8.34e-01	1.66e-01	1.69e-04	2.31e-06	0.00e+00	0.00e+00	0.00e+00	0.00e+00	0.00e+00	8.34e-01	8.62e-05	6.22e-05
 4.18170e+20	8.41e-01	1.59e-01	1.55e-04	2.20e-06	0.00e+00	0.00e+00	0.00e+00	0.00e+00	0.00e+00	8.41e-01	8.48e-05	6.11e-05
 4.18318e+20	8.48e-01	1.52e-01	1.44e-04	2.08e-06	0.00e+00	0.00e+00	0.00e+00	0.00e+00	0.00e+00	8.48e-01	8.33e-05	6.00e-05
 4.18463e+20	8.54e-01	1.46e-01	1.34e-04	1.98e-06	0.00e+00	0.00e+00	0.00e+00	0.00e+00	0.00e+00	8.54e-01	8.18e-05	5.89e-05
 4.18608e+20	8.60e-01	1.40e-01	1.25e-04	1.88e-06	0.00e+00	0.00e+00	0.00e+00	0.00e+00	0.00e+00	8.60e-01	8.04e-05	5.79e-05
 4.18749e+20	8.65e-01	1.34e-01	1.18e-04	1.80e-06	0.00e+00	0.00e+00	0.00e+00	0.00e+00	0.00e+00	8.65e-01	7.91e-05	5.69e-05
 4.18890e+20	8.71e-01	1.29e-01	1.12e-04	1.71e-06	0.00e+00	0.00e+00	0.00e+00	0.00e+00	0.00e+00	8.71e-01	7.78e-05	5.59e-05
 4.19030e+20	8.76e-01	1.24e-01	1.07e-04	1.63e-06	0.00e+00	0.00e+00	0.00e+00	0.00e+00	0.00e+00	8.76e-01	7.66e-05	5.50e-05
 4.19170e+20	8.81e-01	1.19e-01	1.02e-04	1.56e-06	0.00e+00	0.00e+00	0.00e+00	0.00e+00	0.00e+00	8.81e-01	7.54e-05	5.41e-05
 4.19310e+20	8.85e-01	1.15e-01	9.78e-05	1.49e-06	0.00e+00	0.00e+00	0.00e+00	0.00e+00	0.00e+00	8.85e-01	7.42e-05	5.32e-05
 4.19450e+20	8.90e-01	1.10e-01	9.42e-05	1.43e-06	0.00e+00	0.00e+00	0.00e+00	0.00e+00	0.00e+00	8.89e-01	7.31e-05	5.24e-05
 4.19591e+20	8.94e-01	1.06e-01	9.11e-05	1.37e-06	0.00e+00	0.00e+00	0.00e+00	0.00e+00	0.00e+00	8.94e-01	7.20e-05	5.16e-05
 4.19733e+20	8.97e-01	1.02e-01	8.84e-05	1.31e-06	0.00e+00	0.00e+00	0.00e+00	0.00e+00	0.00e+00	8.97e-01	7.10e-05	5.08e-05
 4.19877e+20	9.01e-01	9.88e-02	8.61e-05	1.26e-06	0.00e+00	0.00e+00	0.00e+00	0.00e+00	0.00e+00	9.01e-01	7.00e-05	5.01e-05
 4.20022e+20	9.05e-01	9.53e-02	8.41e-05	1.21e-06	0.00e+00	0.00e+00	0.00e+00	0.00e+00	0.00e+00	9.04e-01	6.91e-05	4.94e-05
 4.20170e+20	9.08e-01	9.21e-02	8.22e-05	1.16e-06	0.00e+00	0.00e+00	0.00e+00	0.00e+00	0.00e+00	9.08e-01	6.82e-05	4.87e-05
 4.20323e+20	9.11e-01	8.90e-02	8.07e-05	1.12e-06	0.00e+00	0.00e+00	0.00e+00	0.00e+00	0.00e+00	9.11e-01	6.73e-05	4.81e-05
 4.20481e+20	9.14e-01	8.61e-02	7.93e-05	1.08e-06	0.00e+00	0.00e+00	0.00e+00	0.00e+00	0.00e+00	9.14e-01	6.65e-05	4.75e-05
 4.20644e+20	9.17e-01	8.34e-02	7.81e-05	1.04e-06	0.00e+00	0.00e+00	0.00e+00	0.00e+00	0.00e+00	9.16e-01	6.57e-05	4.69e-05
 4.20814e+20	9.19e-01	8.08e-02	7.70e-05	1.00e-06	0.00e+00	0.00e+00	0.00e+00	0.00e+00	0.00e+00	9.19e-01	6.50e-05	4.63e-05
 4.20994e+20	9.22e-01	7.84e-02	7.61e-05	9.71e-07	0.00e+00	0.00e+00	0.00e+00	0.00e+00	0.00e+00	9.21e-01	6.43e-05	4.58e-05
 4.21187e+20	9.24e-01	7.61e-02	7.52e-05	9.40e-07	0.00e+00	0.00e+00	0.00e+00	0.00e+00	0.00e+00	9.24e-01	6.36e-05	4.53e-05
 4.21395e+20	9.26e-01	7.40e-02	7.45e-05	9.11e-07	0.00e+00	0.00e+00	0.00e+00	0.00e+00	0.00e+00	9.26e-01	6.30e-05	4.48e-05
 4.21623e+20	9.28e-01	7.20e-02	7.39e-05	8.85e-07	0.00e+00	0.00e+00	0.00e+00	0.00e+00	0.00e+00	9.28e-01	6.24e-05	4.44e-05
 4.21878e+20	9.30e-01	7.02e-02	7.33e-05	8.60e-07	0.00e+00	0.00e+00	0.00e+00	0.00e+00	0.00e+00	9.30e-01	6.18e-05	4.40e-05
 4.22172e+20	9.31e-01	6.85e-02	7.28e-05	8.38e-07	0.00e+00	0.00e+00	0.00e+00	0.00e+00	0.00e+00	9.31e-01	6.13e-05	4.36e-05
 4.22509e+20	9.33e-01	6.71e-02	7.24e-05	8.19e-07	0.00e+00	0.00e+00	0.00e+00	0.00e+00	0.00e+00	9.33e-01	6.09e-05	4.33e-05
 4.22865e+20	9.34e-01	6.59e-02	7.21e-05	8.04e-07	0.00e+00	0.00e+00	0.00e+00	0.00e+00	0.00e+00	9.34e-01	6.06e-05	4.30e-05
 4.23219e+20	9.35e-01	6.51e-02	7.19e-05	7.92e-07	0.00e+00	0.00e+00	0.00e+00	0.00e+00	0.00e+00	9.35e-01	6.03e-05	4.28e-05
 4.23571e+20	9.35e-01	6.45e-02	7.18e-05	7.85e-07	0.00e+00	0.00e+00	0.00e+00	0.00e+00	0.00e+00	9.35e-01	6.01e-05	4.27e-05
 4.23921e+20	9.36e-01	6.41e-02	7.16e-05	7.79e-07	0.00e+00	0.00e+00	0.00e+00	0.00e+00	0.00e+00	9.36e-01	6.00e-05	4.26e-05
 4.24270e+20	9.36e-01	6.37e-02	7.16e-05	7.74e-07	0.00e+00	0.00e+00	0.00e+00	0.00e+00	0.00e+00	9.36e-01	5.99e-05	4.25e-05
 4.24619e+20	9.37e-01	6.33e-02	7.15e-05	7.69e-07	0.00e+00	0.00e+00	0.00e+00	0.00e+00	0.00e+00	9.37e-01	5.98e-05	4.24e-05
 4.24967e+20	9.37e-01	6.31e-02	7.14e-05	7.66e-07	0.00e+00	0.00e+00	0.00e+00	0.00e+00	0.00e+00	9.37e-01	5.97e-05	4.24e-05
 4.25315e+20	9.37e-01	6.31e-02	7.14e-05	7.66e-07	0.00e+00	0.00e+00	0.00e+00	0.00e+00	0.00e+00	9.37e-01	5.97e-05	4.24e-05
 4.25715e+20	9.37e-01	6.29e-02	7.13e-05	7.62e-07	0.00e+00	0.00e+00	0.00e+00	0.00e+00	0.00e+00	9.37e-01	5.96e-05	4.23e-05
 4.26234e+20	9.37e-01	6.27e-02	7.13e-05	7.60e-07	0.00e+00	0.00e+00	0.00e+00	0.00e+00	0.00e+00	9.37e-01	5.96e-05	4.23e-05
 4.26910e+20	9.37e-01	6.25e-02	7.12e-05	7.57e-07	0.00e+00	0.00e+00	0.00e+00	0.00e+00	0.00e+00	9.37e-01	5.95e-05	4.22e-05
 4.27788e+20	9.37e-01	6.25e-02	7.12e-05	7.56e-07	0.00e+00	0.00e+00	0.00e+00	0.00e+00	0.00e+00	9.37e-01	5.95e-05	4.22e-05
 4.28929e+20	9.38e-01	6.23e-02	7.11e-05	7.54e-07	0.00e+00	0.00e+00	0.00e+00	0.00e+00	0.00e+00	9.38e-01	5.94e-05	4.21e-05
 4.30413e+20	9.38e-01	6.21e-02	7.10e-05	7.50e-07	0.00e+00	0.00e+00	0.00e+00	0.00e+00	0.00e+00	9.38e-01	5.94e-05	4.21e-05
 4.32342e+20	9.38e-01	6.18e-02	7.08e-05	7.45e-07	0.00e+00	0.00e+00	0.00e+00	0.00e+00	0.00e+00	9.38e-01	5.93e-05	4.20e-05
 4.34850e+20	9.39e-01	6.14e-02	7.07e-05	7.40e-07	0.00e+00	0.00e+00	0.00e+00	0.00e+00	0.00e+00	9.38e-01	5.92e-05	4.19e-05
 4.38110e+20	9.39e-01	6.10e-02	7.04e-05	7.32e-07	0.00e+00	0.00e+00	0.00e+00	0.00e+00	0.00e+00	9.39e-01	5.91e-05	4.18e-05
 4.42349e+20	9.40e-01	6.04e-02	7.01e-05	7.23e-07	0.00e+00	0.00e+00	0.00e+00	0.00e+00	0.00e+00	9.39e-01	5.89e-05	4.17e-05
 4.47859e+20	9.40e-01	5.97e-02	6.98e-05	7.11e-07	0.00e+00	0.00e+00	0.00e+00	0.00e+00	0.00e+00	9.40e-01	5.88e-05	4.15e-05
 4.55021e+20	9.41e-01	5.88e-02	6.93e-05	6.97e-07	0.00e+00	0.00e+00	0.00e+00	0.00e+00	0.00e+00	9.41e-01	5.86e-05	4.13e-05
 4.64333e+20	9.42e-01	5.76e-02	6.87e-05	6.78e-07	0.00e+00	0.00e+00	0.00e+00	0.00e+00	0.00e+00	9.42e-01	5.83e-05	4.10e-05
 4.76438e+20	9.44e-01	5.62e-02	6.80e-05	6.56e-07	0.00e+00	0.00e+00	0.00e+00	0.00e+00	0.00e+00	9.44e-01	5.80e-05	4.07e-05
 4.92174e+20	9.45e-01	5.46e-02	6.71e-05	6.30e-07	0.00e+00	0.00e+00	0.00e+00	0.00e+00	0.00e+00	9.45e-01	5.76e-05	4.03e-05
 5.12359e+20	9.47e-01	5.27e-02	6.60e-05	6.00e-07	0.00e+00	0.00e+00	0.00e+00	0.00e+00	0.00e+00	9.47e-01	5.72e-05	3.99e-05
 5.35870e+20	9.49e-01	5.08e-02	6.49e-05	5.68e-07	0.00e+00	0.00e+00	0.00e+00	0.00e+00	0.00e+00	9.49e-01	5.69e-05	3.94e-05
 5.60629e+20	9.51e-01	4.90e-02	6.37e-05	5.40e-07	0.00e+00	0.00e+00	0.00e+00	0.00e+00	0.00e+00	9.51e-01	5.66e-05	3.90e-05
 5.86276e+20	9.53e-01	4.74e-02	6.26e-05	5.14e-07	0.00e+00	0.00e+00	0.00e+00	0.00e+00	0.00e+00	9.52e-01	5.63e-05	3.86e-05
 6.13805e+20	9.54e-01	4.58e-02	6.14e-05	4.88e-07	0.00e+00	0.00e+00	0.00e+00	0.00e+00	0.00e+00	9.54e-01	5.61e-05	3.82e-05
 6.44029e+20	9.56e-01	4.42e-02	6.02e-05	4.62e-07	0.00e+00	0.00e+00	0.00e+00	0.00e+00	0.00e+00	9.56e-01	5.59e-05	3.79e-05
 6.76885e+20	9.57e-01	4.27e-02	5.89e-05	4.37e-07	0.00e+00	0.00e+00	0.00e+00	0.00e+00	0.00e+00	9.57e-01	5.58e-05	3.75e-05
 7.12237e+20	9.59e-01	4.12e-02	5.75e-05	4.13e-07	0.00e+00	0.00e+00	0.00e+00	0.00e+00	0.00e+00	9.59e-01	5.56e-05	3.71e-05
 7.50441e+20	9.60e-01	3.99e-02	5.61e-05	3.90e-07	0.00e+00	0.00e+00	0.00e+00	0.00e+00	0.00e+00	9.60e-01	5.55e-05	3.68e-05
 7.91771e+20	9.61e-01	3.85e-02	5.47e-05	3.67e-07	0.00e+00	0.00e+00	0.00e+00	0.00e+00	0.00e+00	9.61e-01	5.55e-05	3.65e-05
 8.36750e+20	9.63e-01	3.72e-02	5.32e-05	3.45e-07	0.00e+00	0.00e+00	0.00e+00	0.00e+00	0.00e+00	9.63e-01	5.55e-05	3.62e-05
 8.85516e+20	9.64e-01	3.59e-02	5.16e-05	3.23e-07	0.00e+00	0.00e+00	0.00e+00	0.00e+00	0.00e+00	9.64e-01	5.55e-05	3.58e-05
 9.38023e+20	9.65e-01	3.47e-02	5.00e-05	3.03e-07	0.00e+00	0.00e+00	0.00e+00	0.00e+00	0.00e+00	9.65e-01	5.56e-05	3.56e-05
 9.94923e+20	9.66e-01	3.35e-02	4.83e-05	2.83e-07	0.00e+00	0.00e+00	0.00e+00	0.00e+00	0.00e+00	9.66e-01	5.57e-05	3.53e-05
 1.05676e+21	9.68e-01	3.23e-02	4.66e-05	2.64e-07	0.00e+00	0.00e+00	0.00e+00	0.00e+00	0.00e+00	9.68e-01	5.59e-05	3.50e-05
 1.12385e+21	9.69e-01	3.12e-02	4.48e-05	2.45e-07	0.00e+00	0.00e+00	0.00e+00	0.00e+00	0.00e+00	9.69e-01	5.61e-05	3.47e-05
 1.19631e+21	9.70e-01	3.01e-02	4.30e-05	2.27e-07	0.00e+00	0.00e+00	0.00e+00	0.00e+00	0.00e+00	9.70e-01	5.63e-05	3.44e-05
 1.27520e+21	9.71e-01	2.91e-02	4.11e-05	2.10e-07	0.00e+00	0.00e+00	0.00e+00	0.00e+00	0.00e+00	9.71e-01	5.66e-05	3.42e-05
 1.36105e+21	9.72e-01	2.81e-02	3.91e-05	1.93e-07	0.00e+00	0.00e+00	0.00e+00	0.00e+00	0.00e+00	9.72e-01	5.70e-05	3.39e-05
 1.45359e+21	9.73e-01	2.71e-02	3.72e-05	1.78e-07	0.00e+00	0.00e+00	0.00e+00	0.00e+00	0.00e+00	9.73e-01	5.74e-05	3.37e-05
 1.55315e+21	9.74e-01	2.61e-02	3.53e-05	1.63e-07	0.00e+00	0.00e+00	0.00e+00	0.00e+00	0.00e+00	9.74e-01	5.78e-05	3.34e-05
 1.66167e+21	9.75e-01	2.52e-02	3.33e-05	1.48e-07	0.00e+00	0.00e+00	0.00e+00	0.00e+00	0.00e+00	9.75e-01	5.83e-05	3.32e-05
 1.77992e+21	9.76e-01	2.43e-02	3.13e-05	1.35e-07	0.00e+00	0.00e+00	0.00e+00	0.00e+00	0.00e+00	9.76e-01	5.89e-05	3.30e-05
 1.90602e+21	9.76e-01	2.35e-02	2.94e-05	1.22e-07	0.00e+00	0.00e+00	0.00e+00	0.00e+00	0.00e+00	9.76e-01	5.95e-05	3.28e-05
 2.04094e+21	9.77e-01	2.27e-02	2.75e-05	0.00e+00	0.00e+00	0.00e+00	0.00e+00	0.00e+00	0.00e+00	9.77e-01	6.01e-05	3.25e-05
 2.18674e+21	9.78e-01	2.19e-02	2.57e-05	0.00e+00	0.00e+00	0.00e+00	0.00e+00	0.00e+00	0.00e+00	9.78e-01	6.07e-05	3.23e-05
 2.34387e+21	9.79e-01	2.11e-02	2.39e-05	0.00e+00	0.00e+00	0.00e+00	0.00e+00	0.00e+00	0.00e+00	9.79e-01	6.14e-05	3.21e-05
 2.50153e+21	9.80e-01	2.04e-02	2.23e-05	0.00e+00	0.00e+00	0.00e+00	0.00e+00	0.00e+00	0.00e+00	9.80e-01	6.21e-05	3.18e-05
 2.64755e+21	9.80e-01	1.98e-02	2.09e-05	0.00e+00	0.00e+00	0.00e+00	0.00e+00	0.00e+00	0.00e+00	9.80e-01	6.27e-05	3.17e-05
 2.78595e+21	9.81e-01	1.93e-02	1.98e-05	0.00e+00	0.00e+00	0.00e+00	0.00e+00	0.00e+00	0.00e+00	9.81e-01	6.32e-05	3.15e-05
 2.94376e+21	9.81e-01	1.87e-02	1.85e-05	0.00e+00	0.00e+00	0.00e+00	0.00e+00	0.00e+00	0.00e+00	9.81e-01	6.36e-05	3.13e-05
 3.11352e+21	9.82e-01	1.81e-02	1.73e-05	0.00e+00	0.00e+00	0.00e+00	0.00e+00	0.00e+00	0.00e+00	9.82e-01	6.42e-05	3.11e-05
 3.25958e+21	9.82e-01	1.77e-02	1.64e-05	0.00e+00	0.00e+00	0.00e+00	0.00e+00	0.00e+00	0.00e+00	9.82e-01	6.47e-05	3.09e-05
 3.38709e+21	9.83e-01	1.73e-02	1.57e-05	0.00e+00	0.00e+00	0.00e+00	0.00e+00	0.00e+00	0.00e+00	9.83e-01	6.51e-05	3.08e-05
 3.52971e+21	9.83e-01	1.69e-02	1.49e-05	0.00e+00	0.00e+00	0.00e+00	0.00e+00	0.00e+00	0.00e+00	9.83e-01	6.53e-05	3.06e-05
 3.68960e+21	9.84e-01	1.65e-02	1.41e-05	0.00e+00	0.00e+00	0.00e+00	0.00e+00	0.00e+00	0.00e+00	9.83e-01	6.56e-05	3.05e-05
 3.83659e+21	9.84e-01	1.61e-02	1.34e-05	0.00e+00	0.00e+00	0.00e+00	0.00e+00	0.00e+00	0.00e+00	9.84e-01	6.59e-05	3.03e-05
 3.96698e+21	9.84e-01	1.58e-02	1.29e-05	0.00e+00	0.00e+00	0.00e+00	0.00e+00	0.00e+00	0.00e+00	9.84e-01	6.61e-05	3.02e-05
 4.11116e+21	9.85e-01	1.55e-02	1.23e-05	0.00e+00	0.00e+00	0.00e+00	0.00e+00	0.00e+00	0.00e+00	9.84e-01	6.62e-05	3.01e-05
 4.27042e+21	9.85e-01	1.51e-02	1.17e-05	0.00e+00	0.00e+00	0.00e+00	0.00e+00	0.00e+00	0.00e+00	9.85e-01	6.63e-05	2.99e-05
 4.41400e+21	9.85e-01	1.48e-02	1.12e-05	0.00e+00	0.00e+00	0.00e+00	0.00e+00	0.00e+00	0.00e+00	9.85e-01	6.64e-05	2.98e-05
 4.54146e+21	9.85e-01	1.46e-02	1.08e-05	0.00e+00	0.00e+00	0.00e+00	0.00e+00	0.00e+00	0.00e+00	9.85e-01	6.64e-05	2.97e-05
 4.68324e+21	9.86e-01	1.43e-02	1.04e-05	0.00e+00	0.00e+00	0.00e+00	0.00e+00	0.00e+00	0.00e+00	9.86e-01	6.63e-05	2.96e-05
 4.84042e+21	9.86e-01	1.40e-02	9.96e-06	0.00e+00	0.00e+00	0.00e+00	0.00e+00	0.00e+00	0.00e+00	9.86e-01	6.62e-05	2.95e-05
 4.98298e+21	9.86e-01	1.38e-02	9.60e-06	0.00e+00	0.00e+00	0.00e+00	0.00e+00	0.00e+00	0.00e+00	9.86e-01	6.61e-05	2.94e-05
 5.11003e+21	9.86e-01	1.36e-02	9.29e-06	0.00e+00	0.00e+00	0.00e+00	0.00e+00	0.00e+00	0.00e+00	9.86e-01	6.59e-05	2.93e-05
 5.25154e+21	9.87e-01	1.33e-02	8.95e-06	0.00e+00	0.00e+00	0.00e+00	0.00e+00	0.00e+00	0.00e+00	9.87e-01	6.57e-05	2.92e-05
 5.40810e+21	9.87e-01	1.31e-02	8.61e-06	0.00e+00	0.00e+00	0.00e+00	0.00e+00	0.00e+00	0.00e+00	9.87e-01	6.54e-05	2.91e-05
 5.54973e+21	9.87e-01	1.29e-02	8.33e-06	0.00e+00	0.00e+00	0.00e+00	0.00e+00	0.00e+00	0.00e+00	9.87e-01	6.50e-05	2.90e-05
 5.67612e+21	9.87e-01	1.27e-02	8.09e-06	0.00e+00	0.00e+00	0.00e+00	0.00e+00	0.00e+00	0.00e+00	9.87e-01	6.46e-05	2.89e-05
 5.81716e+21	9.87e-01	1.25e-02	7.82e-06	0.00e+00	0.00e+00	0.00e+00	0.00e+00	0.00e+00	0.00e+00	9.87e-01	6.42e-05	2.88e-05
 5.97329e+21	9.88e-01	1.23e-02	7.55e-06	0.00e+00	0.00e+00	0.00e+00	0.00e+00	0.00e+00	0.00e+00	9.88e-01	6.36e-05	2.87e-05
 6.11480e+21	9.88e-01	1.21e-02	7.32e-06	0.00e+00	0.00e+00	0.00e+00	0.00e+00	0.00e+00	0.00e+00	9.88e-01	6.30e-05	2.86e-05
 6.24140e+21	9.88e-01	1.20e-02	7.12e-06	0.00e+00	0.00e+00	0.00e+00	0.00e+00	0.00e+00	0.00e+00	9.88e-01	6.25e-05	2.85e-05
 6.38285e+21	9.88e-01	1.18e-02	6.90e-06	0.00e+00	0.00e+00	0.00e+00	0.00e+00	0.00e+00	0.00e+00	9.88e-01	6.18e-05	2.85e-05
 6.53950e+21	9.88e-01	1.16e-02	6.68e-06	0.00e+00	0.00e+00	0.00e+00	0.00e+00	0.00e+00	0.00e+00	9.88e-01	6.10e-05	2.84e-05
 6.68176e+21	9.89e-01	1.15e-02	6.49e-06	0.00e+00	0.00e+00	0.00e+00	0.00e+00	0.00e+00	0.00e+00	9.88e-01	6.01e-05	2.83e-05
 6.80955e+21	9.89e-01	1.13e-02	6.33e-06	0.00e+00	0.00e+00	0.00e+00	0.00e+00	0.00e+00	0.00e+00	9.89e-01	5.93e-05	2.82e-05
 6.95266e+21	9.89e-01	1.12e-02	6.15e-06	0.00e+00	0.00e+00	0.00e+00	0.00e+00	0.00e+00	0.00e+00	9.89e-01	5.84e-05	2.81e-05
 7.11132e+21	9.89e-01	1.10e-02	5.96e-06	0.00e+00	0.00e+00	0.00e+00	0.00e+00	0.00e+00	0.00e+00	9.89e-01	5.72e-05	2.81e-05
 7.25608e+21	9.89e-01	1.09e-02	5.80e-06	0.00e+00	0.00e+00	0.00e+00	0.00e+00	0.00e+00	0.00e+00	9.89e-01	5.60e-05	2.80e-05
 7.38741e+21	9.89e-01	1.08e-02	5.66e-06	0.00e+00	0.00e+00	0.00e+00	0.00e+00	0.00e+00	0.00e+00	9.89e-01	5.49e-05	2.79e-05
 7.53541e+21	9.89e-01	1.06e-02	5.51e-06	0.00e+00	0.00e+00	0.00e+00	0.00e+00	0.00e+00	0.00e+00	9.89e-01	5.37e-05	2.78e-05
 7.69948e+21	9.90e-01	1.05e-02	5.35e-06	0.00e+00	0.00e+00	0.00e+00	0.00e+00	0.00e+00	0.00e+00	9.89e-01	5.22e-05	2.77e-05
 7.85024e+21	9.90e-01	1.03e-02	5.22e-06	0.00e+00	0.00e+00	0.00e+00	0.00e+00	0.00e+00	0.00e+00	9.90e-01	5.06e-05	2.77e-05
 7.98955e+21	9.90e-01	1.02e-02	5.10e-06	0.00e+00	0.00e+00	0.00e+00	0.00e+00	0.00e+00	0.00e+00	9.90e-01	4.91e-05	2.76e-05
 8.14815e+21	9.90e-01	1.00e-02	4.96e-06	0.00e+00	0.00e+00	0.00e+00	0.00e+00	0.00e+00	0.00e+00	9.90e-01	4.75e-05	2.75e-05
 8.32661e+21	9.90e-01	9.84e-03	4.83e-06	0.00e+00	0.00e+00	0.00e+00	0.00e+00	0.00e+00	0.00e+00	9.90e-01	4.54e-05	2.74e-05
 8.47868e+21	9.90e-01	9.64e-03	4.73e-06	0.00e+00	0.00e+00	0.00e+00	0.00e+00	0.00e+00	0.00e+00	9.90e-01	4.31e-05	2.73e-05
