#depth	O	O+	O+2	O+3	O+4	O+5	O+6	O+7	O+8	O[1]	O[2]	O[3]
 1.07793e+16	8.34e-04	1.30e-01	7.03e-01	1.61e-01	5.79e-03	2.77e-05	0.00e+00	0.00e+00	0.00e+00	8.34e-04	6.29e-08	7.00e-08
 6.46759e+16	8.32e-04	1.29e-01	7.03e-01	1.61e-01	5.77e-03	2.76e-05	0.00e+00	0.00e+00	0.00e+00	8.32e-04	6.24e-08	6.98e-08
 2.80262e+17	8.18e-04	1.28e-01	7.06e-01	1.60e-01	5.72e-03	2.75e-05	0.00e+00	0.00e+00	0.00e+00	8.18e-04	6.13e-08	6.86e-08
 1.14261e+18	7.72e-04	1.22e-01	7.14e-01	1.57e-01	5.53e-03	2.67e-05	0.00e+00	0.00e+00	0.00e+00	7.72e-04	5.79e-08	6.48e-08
 2.72932e+18	6.51e-04	1.09e-01	7.27e-01	1.57e-01	5.40e-03	2.70e-05	0.00e+00	0.00e+00	0.00e+00	6.51e-04	4.86e-08	5.46e-08
 4.79205e+18	5.70e-04	1.01e-01	7.41e-01	1.53e-01	5.10e-03	2.63e-05	0.00e+00	0.00e+00	0.00e+00	5.70e-04	4.26e-08	4.78e-08
 7.47360e+18	5.12e-04	9.42e-02	7.56e-01	1.45e-01	4.64e-03	2.44e-05	0.00e+00	0.00e+00	0.00e+00	5.12e-04	3.82e-08	4.30e-08
 1.09596e+19	4.76e-04	9.05e-02	7.73e-01	1.32e-01	4.01e-03	2.14e-05	0.00e+00	0.00e+00	0.00e+00	4.76e-04	3.55e-08	4.00e-08
 1.54914e+19	4.68e-04	9.04e-02	7.92e-01	1.14e-01	3.22e-03	1.73e-05	0.00e+00	0.00e+00	0.00e+00	4.68e-04	3.49e-08	3.93e-08
 2.13828e+19	4.99e-04	9.57e-02	8.11e-01	9.07e-02	2.32e-03	1.24e-05	0.00e+00	0.00e+00	0.00e+00	4.99e-04	3.71e-08	4.18e-08
 2.90416e+19	6.01e-04	1.09e-01	8.25e-01	6.38e-02	1.42e-03	7.38e-06	0.00e+00	0.00e+00	0.00e+00	6.01e-04	4.48e-08	5.04e-08
 3.72550e+19	7.65e-04	1.29e-01	8.27e-01	4.22e-02	8.09e-04	4.04e-06	0.00e+00	0.00e+00	0.00e+00	7.65e-04	5.71e-08	6.41e-08
 4.39849e+19	9.69e-04	1.49e-01	8.20e-01	2.95e-02	5.04e-04	2.39e-06	0.00e+00	0.00e+00	0.00e+00	9.69e-04	7.26e-08	8.12e-08
 4.89618e+19	1.18e-03	1.66e-01	8.10e-01	2.27e-02	3.59e-04	1.62e-06	0.00e+00	0.00e+00	0.00e+00	1.18e-03	8.84e-08	9.86e-08
 5.30782e+19	1.40e-03	1.82e-01	7.98e-01	1.81e-02	2.73e-04	1.17e-06	0.00e+00	0.00e+00	0.00e+00	1.40e-03	1.06e-07	1.17e-07
 5.76436e+19	1.73e-03	2.03e-01	7.81e-01	1.40e-02	2.02e-04	8.01e-07	0.00e+00	0.00e+00	0.00e+00	1.73e-03	1.31e-07	1.45e-07
 6.24180e+19	2.15e-03	2.26e-01	7.61e-01	1.09e-02	1.53e-04	5.52e-07	0.00e+00	0.00e+00	0.00e+00	2.15e-03	1.64e-07	1.80e-07
 6.64301e+19	2.60e-03	2.47e-01	7.42e-01	8.73e-03	1.23e-04	4.04e-07	0.00e+00	0.00e+00	0.00e+00	2.60e-03	2.00e-07	2.17e-07
 6.99785e+19	3.11e-03	2.68e-01	7.22e-01	7.15e-03	1.02e-04	3.04e-07	0.00e+00	0.00e+00	0.00e+00	3.11e-03	2.41e-07	2.60e-07
 7.39581e+19	3.87e-03	2.95e-01	6.95e-01	5.63e-03	8.29e-05	2.18e-07	0.00e+00	0.00e+00	0.00e+00	3.87e-03	3.03e-07	3.22e-07
 7.80684e+19	4.86e-03	3.25e-01	6.65e-01	4.40e-03	6.85e-05	1.55e-07	0.00e+00	0.00e+00	0.00e+00	4.86e-03	3.87e-07	4.04e-07
 8.13740e+19	5.91e-03	3.53e-01	6.38e-01	3.57e-03	5.91e-05	0.00e+00	0.00e+00	0.00e+00	0.00e+00	5.91e-03	4.77e-07	4.91e-07
 8.41601e+19	7.04e-03	3.78e-01	6.11e-01	2.96e-03	5.22e-05	0.00e+00	0.00e+00	0.00e+00	0.00e+00	7.04e-03	5.76e-07	5.84e-07
 8.72453e+19	8.65e-03	4.10e-01	5.79e-01	2.36e-03	4.53e-05	0.00e+00	0.00e+00	0.00e+00	0.00e+00	8.65e-03	7.20e-07	7.16e-07
 9.05130e+19	1.08e-02	4.46e-01	5.41e-01	1.84e-03	3.91e-05	0.00e+00	0.00e+00	0.00e+00	0.00e+00	1.08e-02	9.21e-07	8.94e-07
 9.32489e+19	1.32e-02	4.79e-01	5.06e-01	1.47e-03	3.44e-05	0.00e+00	0.00e+00	0.00e+00	0.00e+00	1.32e-02	1.15e-06	1.09e-06
 9.55693e+19	1.57e-02	5.09e-01	4.74e-01	1.19e-03	3.07e-05	0.00e+00	0.00e+00	0.00e+00	0.00e+00	1.57e-02	1.39e-06	1.29e-06
 9.81187e+19	1.92e-02	5.44e-01	4.36e-01	9.29e-04	2.67e-05	0.00e+00	0.00e+00	0.00e+00	0.00e+00	1.92e-02	1.74e-06	1.58e-06
 1.00837e+20	2.39e-02	5.82e-01	3.93e-01	7.03e-04	2.29e-05	0.00e+00	0.00e+00	0.00e+00	0.00e+00	2.39e-02	2.21e-06	1.95e-06
 1.03160e+20	2.92e-02	6.15e-01	3.55e-01	5.40e-04	1.97e-05	0.00e+00	0.00e+00	0.00e+00	0.00e+00	2.92e-02	2.74e-06	2.37e-06
 1.05164e+20	3.48e-02	6.44e-01	3.21e-01	4.22e-04	1.71e-05	0.00e+00	0.00e+00	0.00e+00	0.00e+00	3.48e-02	3.32e-06	2.81e-06
 1.07369e+20	4.25e-02	6.75e-01	2.82e-01	3.14e-04	1.43e-05	0.00e+00	0.00e+00	0.00e+00	0.00e+00	4.25e-02	4.12e-06	3.42e-06
 1.09736e+20	5.29e-02	7.06e-01	2.41e-01	2.24e-04	1.16e-05	0.00e+00	0.00e+00	0.00e+00	0.00e+00	5.29e-02	5.19e-06	4.21e-06
 1.11724e+20	6.41e-02	7.29e-01	2.07e-01	1.63e-04	9.50e-06	0.00e+00	0.00e+00	0.00e+00	0.00e+00	6.41e-02	6.35e-06	5.06e-06
 1.13294e+20	7.45e-02	7.44e-01	1.81e-01	1.26e-04	8.00e-06	0.00e+00	0.00e+00	0.00e+00	0.00e+00	7.45e-02	7.41e-06	5.84e-06
 1.14703e+20	8.57e-02	7.56e-01	1.59e-01	9.77e-05	6.74e-06	0.00e+00	0.00e+00	0.00e+00	0.00e+00	8.57e-02	8.53e-06	6.65e-06
 1.16320e+20	1.01e-01	7.65e-01	1.34e-01	7.16e-05	5.41e-06	0.00e+00	0.00e+00	0.00e+00	0.00e+00	1.01e-01	1.00e-05	7.74e-06
 1.17964e+20	1.19e-01	7.70e-01	1.11e-01	5.18e-05	4.27e-06	0.00e+00	0.00e+00	0.00e+00	0.00e+00	1.19e-01	1.18e-05	8.98e-06
 1.19237e+20	1.35e-01	7.70e-01	9.53e-02	4.00e-05	3.51e-06	0.00e+00	0.00e+00	0.00e+00	0.00e+00	1.35e-01	1.32e-05	1.00e-05
 1.20290e+20	1.50e-01	7.67e-01	8.27e-02	3.18e-05	2.93e-06	0.00e+00	0.00e+00	0.00e+00	0.00e+00	1.50e-01	1.46e-05	1.10e-05
 1.21462e+20	1.69e-01	7.61e-01	7.00e-02	2.45e-05	2.37e-06	0.00e+00	0.00e+00	0.00e+00	0.00e+00	1.68e-01	1.63e-05	1.22e-05
 1.22715e+20	1.90e-01	7.51e-01	5.81e-02	1.85e-05	1.87e-06	0.00e+00	0.00e+00	0.00e+00	0.00e+00	1.90e-01	1.81e-05	1.35e-05
 1.23776e+20	2.11e-01	7.40e-01	4.91e-02	1.46e-05	1.51e-06	0.00e+00	0.00e+00	0.00e+00	0.00e+00	2.11e-01	1.98e-05	1.47e-05
 1.24686e+20	2.30e-01	7.28e-01	4.21e-02	1.17e-05	1.24e-06	0.00e+00	0.00e+00	0.00e+00	0.00e+00	2.30e-01	2.13e-05	1.58e-05
 1.25695e+20	2.53e-01	7.12e-01	3.52e-02	9.25e-06	9.92e-07	0.00e+00	0.00e+00	0.00e+00	0.00e+00	2.53e-01	2.30e-05	1.70e-05
 1.26781e+20	2.79e-01	6.92e-01	2.89e-02	7.21e-06	7.76e-07	0.00e+00	0.00e+00	0.00e+00	0.00e+00	2.79e-01	2.47e-05	1.82e-05
 1.27729e+20	3.02e-01	6.74e-01	2.42e-02	5.84e-06	6.24e-07	0.00e+00	0.00e+00	0.00e+00	0.00e+00	3.02e-01	2.62e-05	1.93e-05
 1.28587e+20	3.24e-01	6.55e-01	2.04e-02	4.80e-06	5.06e-07	0.00e+00	0.00e+00	0.00e+00	0.00e+00	3.24e-01	2.75e-05	2.02e-05
 1.29569e+20	3.52e-01	6.32e-01	1.66e-02	3.84e-06	3.93e-07	0.00e+00	0.00e+00	0.00e+00	0.00e+00	3.51e-01	2.90e-05	2.13e-05
 1.30623e+20	3.81e-01	6.06e-01	1.33e-02	3.06e-06	3.00e-07	0.00e+00	0.00e+00	0.00e+00	0.00e+00	3.81e-01	3.05e-05	2.23e-05
 1.31554e+20	4.07e-01	5.82e-01	1.08e-02	2.52e-06	2.35e-07	0.00e+00	0.00e+00	0.00e+00	0.00e+00	4.07e-01	3.16e-05	2.31e-05
 1.32480e+20	4.35e-01	5.57e-01	8.73e-03	2.08e-06	1.82e-07	0.00e+00	0.00e+00	0.00e+00	0.00e+00	4.35e-01	3.27e-05	2.38e-05
 1.33497e+20	4.65e-01	5.28e-01	6.87e-03	1.70e-06	1.37e-07	0.00e+00	0.00e+00	0.00e+00	0.00e+00	4.65e-01	3.36e-05	2.45e-05
 1.34487e+20	4.94e-01	5.01e-01	5.41e-03	1.41e-06	0.00e+00	0.00e+00	0.00e+00	0.00e+00	0.00e+00	4.94e-01	3.43e-05	2.50e-05
 1.35365e+20	5.20e-01	4.76e-01	4.35e-03	1.20e-06	0.00e+00	0.00e+00	0.00e+00	0.00e+00	0.00e+00	5.20e-01	3.48e-05	2.53e-05
 1.36163e+20	5.43e-01	4.53e-01	3.54e-03	1.04e-06	0.00e+00	0.00e+00	0.00e+00	0.00e+00	0.00e+00	5.43e-01	3.51e-05	2.55e-05
 1.36935e+20	5.66e-01	4.31e-01	2.89e-03	9.15e-07	0.00e+00	0.00e+00	0.00e+00	0.00e+00	0.00e+00	5.66e-01	3.53e-05	2.56e-05
 1.37694e+20	5.88e-01	4.10e-01	2.36e-03	8.07e-07	0.00e+00	0.00e+00	0.00e+00	0.00e+00	0.00e+00	5.88e-01	3.53e-05	2.56e-05
 1.38286e+20	6.03e-01	3.95e-01	2.03e-03	7.39e-07	0.00e+00	0.00e+00	0.00e+00	0.00e+00	0.00e+00	6.03e-01	3.53e-05	2.56e-05
 1.38685e+20	6.14e-01	3.84e-01	1.83e-03	6.95e-07	0.00e+00	0.00e+00	0.00e+00	0.00e+00	0.00e+00	6.14e-01	3.52e-05	2.55e-05
 1.39068e+20	6.25e-01	3.74e-01	1.64e-03	6.54e-07	0.00e+00	0.00e+00	0.00e+00	0.00e+00	0.00e+00	6.25e-01	3.52e-05	2.55e-05
 1.39505e+20	6.37e-01	3.62e-01	1.45e-03	6.12e-07	0.00e+00	0.00e+00	0.00e+00	0.00e+00	0.00e+00	6.37e-01	3.50e-05	2.54e-05
 1.39972e+20	6.49e-01	3.49e-01	1.27e-03	5.70e-07	0.00e+00	0.00e+00	0.00e+00	0.00e+00	0.00e+00	6.49e-01	3.49e-05	2.52e-05
 1.40430e+20	6.61e-01	3.38e-01	1.12e-03	5.34e-07	0.00e+00	0.00e+00	0.00e+00	0.00e+00	0.00e+00	6.61e-01	3.47e-05	2.51e-05
 1.40877e+20	6.73e-01	3.26e-01	9.86e-04	5.00e-07	0.00e+00	0.00e+00	0.00e+00	0.00e+00	0.00e+00	6.72e-01	3.44e-05	2.49e-05
 1.41325e+20	6.83e-01	3.16e-01	8.69e-04	4.70e-07	0.00e+00	0.00e+00	0.00e+00	0.00e+00	0.00e+00	6.83e-01	3.42e-05	2.47e-05
 1.41776e+20	6.95e-01	3.04e-01	7.63e-04	4.41e-07	0.00e+00	0.00e+00	0.00e+00	0.00e+00	0.00e+00	6.95e-01	3.39e-05	2.45e-05
 1.42230e+20	7.05e-01	2.94e-01	6.70e-04	4.15e-07	0.00e+00	0.00e+00	0.00e+00	0.00e+00	0.00e+00	7.05e-01	3.36e-05	2.43e-05
 1.42685e+20	7.16e-01	2.83e-01	5.87e-04	3.90e-07	0.00e+00	0.00e+00	0.00e+00	0.00e+00	0.00e+00	7.16e-01	3.33e-05	2.40e-05
 1.43144e+20	7.26e-01	2.73e-01	5.15e-04	3.68e-07	0.00e+00	0.00e+00	0.00e+00	0.00e+00	0.00e+00	7.26e-01	3.29e-05	2.37e-05
 1.43607e+20	7.36e-01	2.63e-01	4.50e-04	3.46e-07	0.00e+00	0.00e+00	0.00e+00	0.00e+00	0.00e+00	7.36e-01	3.26e-05	2.35e-05
 1.44076e+20	7.46e-01	2.53e-01	3.93e-04	3.26e-07	0.00e+00	0.00e+00	0.00e+00	0.00e+00	0.00e+00	7.46e-01	3.22e-05	2.32e-05
 1.44541e+20	7.56e-01	2.44e-01	3.44e-04	3.08e-07	0.00e+00	0.00e+00	0.00e+00	0.00e+00	0.00e+00	7.56e-01	3.18e-05	2.29e-05
 1.45011e+20	7.65e-01	2.35e-01	3.00e-04	2.90e-07	0.00e+00	0.00e+00	0.00e+00	0.00e+00	0.00e+00	7.65e-01	3.14e-05	2.26e-05
 1.45487e+20	7.74e-01	2.26e-01	2.62e-04	2.75e-07	0.00e+00	0.00e+00	0.00e+00	0.00e+00	0.00e+00	7.74e-01	3.09e-05	2.22e-05
 1.45970e+20	7.83e-01	2.17e-01	2.29e-04	2.59e-07	0.00e+00	0.00e+00	0.00e+00	0.00e+00	0.00e+00	7.83e-01	3.05e-05	2.19e-05
 1.46458e+20	7.91e-01	2.09e-01	2.00e-04	2.45e-07	0.00e+00	0.00e+00	0.00e+00	0.00e+00	0.00e+00	7.91e-01	3.01e-05	2.16e-05
 1.46955e+20	8.00e-01	2.00e-01	1.74e-04	2.32e-07	0.00e+00	0.00e+00	0.00e+00	0.00e+00	0.00e+00	8.00e-01	2.96e-05	2.13e-05
 1.47464e+20	8.08e-01	1.92e-01	1.52e-04	2.19e-07	0.00e+00	0.00e+00	0.00e+00	0.00e+00	0.00e+00	8.08e-01	2.92e-05	2.09e-05
 1.47978e+20	8.15e-01	1.84e-01	1.32e-04	2.08e-07	0.00e+00	0.00e+00	0.00e+00	0.00e+00	0.00e+00	8.15e-01	2.87e-05	2.06e-05
 1.48500e+20	8.23e-01	1.77e-01	1.16e-04	1.97e-07	0.00e+00	0.00e+00	0.00e+00	0.00e+00	0.00e+00	8.23e-01	2.82e-05	2.02e-05
 1.49033e+20	8.30e-01	1.70e-01	1.01e-04	1.87e-07	0.00e+00	0.00e+00	0.00e+00	0.00e+00	0.00e+00	8.30e-01	2.77e-05	1.99e-05
 1.49581e+20	8.36e-01	1.63e-01	8.85e-05	1.77e-07	0.00e+00	0.00e+00	0.00e+00	0.00e+00	0.00e+00	8.36e-01	2.73e-05	1.95e-05
 1.50137e+20	8.43e-01	1.57e-01	7.78e-05	1.69e-07	0.00e+00	0.00e+00	0.00e+00	0.00e+00	0.00e+00	8.43e-01	2.68e-05	1.92e-05
 1.50701e+20	8.49e-01	1.51e-01	6.87e-05	1.61e-07	0.00e+00	0.00e+00	0.00e+00	0.00e+00	0.00e+00	8.49e-01	2.64e-05	1.89e-05
 1.51280e+20	8.55e-01	1.45e-01	6.08e-05	1.53e-07	0.00e+00	0.00e+00	0.00e+00	0.00e+00	0.00e+00	8.55e-01	2.60e-05	1.86e-05
 1.51877e+20	8.60e-01	1.40e-01	5.41e-05	1.46e-07	0.00e+00	0.00e+00	0.00e+00	0.00e+00	0.00e+00	8.60e-01	2.56e-05	1.83e-05
 1.52497e+20	8.65e-01	1.35e-01	4.82e-05	1.40e-07	0.00e+00	0.00e+00	0.00e+00	0.00e+00	0.00e+00	8.65e-01	2.52e-05	1.80e-05
 1.53147e+20	8.70e-01	1.30e-01	4.32e-05	1.34e-07	0.00e+00	0.00e+00	0.00e+00	0.00e+00	0.00e+00	8.70e-01	2.49e-05	1.77e-05
 1.53830e+20	8.74e-01	1.26e-01	3.89e-05	1.29e-07	0.00e+00	0.00e+00	0.00e+00	0.00e+00	0.00e+00	8.74e-01	2.45e-05	1.75e-05
 1.54557e+20	8.78e-01	1.22e-01	3.52e-05	1.24e-07	0.00e+00	0.00e+00	0.00e+00	0.00e+00	0.00e+00	8.78e-01	2.42e-05	1.72e-05
 1.55347e+20	8.82e-01	1.18e-01	3.19e-05	0.00e+00	0.00e+00	0.00e+00	0.00e+00	0.00e+00	0.00e+00	8.82e-01	2.39e-05	1.70e-05
 1.56216e+20	8.86e-01	1.14e-01	2.91e-05	0.00e+00	0.00e+00	0.00e+00	0.00e+00	0.00e+00	0.00e+00	8.86e-01	2.36e-05	1.68e-05
 1.57177e+20	8.89e-01	1.11e-01	2.67e-05	0.00e+00	0.00e+00	0.00e+00	0.00e+00	0.00e+00	0.00e+00	8.89e-01	2.33e-05	1.66e-05
 1.58268e+20	8.92e-01	1.08e-01	2.46e-05	0.00e+00	0.00e+00	0.00e+00	0.00e+00	0.00e+00	0.00e+00	8.92e-01	2.30e-05	1.64e-05
 1.59488e+20	8.95e-01	1.05e-01	2.29e-05	0.00e+00	0.00e+00	0.00e+00	0.00e+00	0.00e+00	0.00e+00	8.95e-01	2.28e-05	1.62e-05
 1.60748e+20	8.97e-01	1.02e-01	2.15e-05	0.00e+00	0.00e+00	0.00e+00	0.00e+00	0.00e+00	0.00e+00	8.97e-01	2.26e-05	1.60e-05
 1.61995e+20	8.99e-01	1.01e-01	2.05e-05	0.00e+00	0.00e+00	0.00e+00	0.00e+00	0.00e+00	0.00e+00	8.99e-01	2.24e-05	1.59e-05
 1.63231e+20	9.01e-01	9.90e-02	1.97e-05	0.00e+00	0.00e+00	0.00e+00	0.00e+00	0.00e+00	0.00e+00	9.01e-01	2.23e-05	1.58e-05
 1.64647e+20	9.03e-01	9.74e-02	1.89e-05	0.00e+00	0.00e+00	0.00e+00	0.00e+00	0.00e+00	0.00e+00	9.03e-01	2.21e-05	1.57e-05
 1.66488e+20	9.04e-01	9.57e-02	1.81e-05	0.00e+00	0.00e+00	0.00e+00	0.00e+00	0.00e+00	0.00e+00	9.04e-01	2.20e-05	1.56e-05
 1.68882e+20	9.06e-01	9.38e-02	1.72e-05	0.00e+00	0.00e+00	0.00e+00	0.00e+00	0.00e+00	0.00e+00	9.06e-01	2.18e-05	1.55e-05
 1.71993e+20	9.08e-01	9.16e-02	1.63e-05	0.00e+00	0.00e+00	0.00e+00	0.00e+00	0.00e+00	0.00e+00	9.08e-01	2.16e-05	1.53e-05
 1.76038e+20	9.11e-01	8.91e-02	1.53e-05	0.00e+00	0.00e+00	0.00e+00	0.00e+00	0.00e+00	0.00e+00	9.11e-01	2.14e-05	1.52e-05
 1.81297e+20	9.14e-01	8.61e-02	1.42e-05	0.00e+00	0.00e+00	0.00e+00	0.00e+00	0.00e+00	0.00e+00	9.14e-01	2.11e-05	1.50e-05
 1.87577e+20	9.17e-01	8.30e-02	1.32e-05	0.00e+00	0.00e+00	0.00e+00	0.00e+00	0.00e+00	0.00e+00	9.17e-01	2.08e-05	1.47e-05
 1.94216e+20	9.20e-01	8.00e-02	1.23e-05	0.00e+00	0.00e+00	0.00e+00	0.00e+00	0.00e+00	0.00e+00	9.20e-01	2.06e-05	1.45e-05
 2.00934e+20	9.23e-01	7.73e-02	1.15e-05	0.00e+00	0.00e+00	0.00e+00	0.00e+00	0.00e+00	0.00e+00	9.23e-01	2.03e-05	1.44e-05
 2.07897e+20	9.25e-01	7.46e-02	1.08e-05	0.00e+00	0.00e+00	0.00e+00	0.00e+00	0.00e+00	0.00e+00	9.25e-01	2.01e-05	1.42e-05
 2.15311e+20	9.28e-01	7.20e-02	1.02e-05	0.00e+00	0.00e+00	0.00e+00	0.00e+00	0.00e+00	0.00e+00	9.28e-01	1.99e-05	1.40e-05
 2.23175e+20	9.30e-01	6.95e-02	9.59e-06	0.00e+00	0.00e+00	0.00e+00	0.00e+00	0.00e+00	0.00e+00	9.30e-01	1.96e-05	1.38e-05
 2.31418e+20	9.33e-01	6.71e-02	9.10e-06	0.00e+00	0.00e+00	0.00e+00	0.00e+00	0.00e+00	0.00e+00	9.33e-01	1.94e-05	1.36e-05
 2.40046e+20	9.35e-01	6.47e-02	8.65e-06	0.00e+00	0.00e+00	0.00e+00	0.00e+00	0.00e+00	0.00e+00	9.35e-01	1.92e-05	1.35e-05
 2.49131e+20	9.37e-01	6.25e-02	8.26e-06	0.00e+00	0.00e+00	0.00e+00	0.00e+00	0.00e+00	0.00e+00	9.37e-01	1.90e-05	1.33e-05
 2.58716e+20	9.40e-01	6.03e-02	7.91e-06	0.00e+00	0.00e+00	0.00e+00	0.00e+00	0.00e+00	0.00e+00	9.40e-01	1.88e-05	1.32e-05
 2.68819e+20	9.42e-01	5.83e-02	7.59e-06	0.00e+00	0.00e+00	0.00e+00	0.00e+00	0.00e+00	0.00e+00	9.42e-01	1.86e-05	1.30e-05
 2.79456e+20	9.44e-01	5.62e-02	7.31e-06	0.00e+00	0.00e+00	0.00e+00	0.00e+00	0.00e+00	0.00e+00	9.44e-01	1.84e-05	1.29e-05
 2.90680e+20	9.46e-01	5.43e-02	7.06e-06	0.00e+00	0.00e+00	0.00e+00	0.00e+00	0.00e+00	0.00e+00	9.46e-01	1.82e-05	1.27e-05
 3.02527e+20	9.48e-01	5.24e-02	6.83e-06	0.00e+00	0.00e+00	0.00e+00	0.00e+00	0.00e+00	0.00e+00	9.48e-01	1.80e-05	1.26e-05
 3.15082e+20	9.49e-01	5.06e-02	6.62e-06	0.00e+00	0.00e+00	0.00e+00	0.00e+00	0.00e+00	0.00e+00	9.49e-01	1.79e-05	1.25e-05
 3.28373e+20	9.51e-01	4.88e-02	6.44e-06	0.00e+00	0.00e+00	0.00e+00	0.00e+00	0.00e+00	0.00e+00	9.51e-01	1.77e-05	1.23e-05
 3.42369e+20	9.53e-01	4.72e-02	6.27e-06	0.00e+00	0.00e+00	0.00e+00	0.00e+00	0.00e+00	0.00e+00	9.53e-01	1.76e-05	1.22e-05
 3.57162e+20	9.54e-01	4.55e-02	6.12e-06	0.00e+00	0.00e+00	0.00e+00	0.00e+00	0.00e+00	0.00e+00	9.54e-01	1.74e-05	1.21e-05
 3.72941e+20	9.56e-01	4.40e-02	5.99e-06	0.00e+00	0.00e+00	0.00e+00	0.00e+00	0.00e+00	0.00e+00	9.56e-01	1.73e-05	1.20e-05
 3.89746e+20	9.58e-01	4.25e-02	5.86e-06	0.00e+00	0.00e+00	0.00e+00	0.00e+00	0.00e+00	0.00e+00	9.58e-01	1.71e-05	1.18e-05
 4.07518e+20	9.59e-01	4.10e-02	5.75e-06	0.00e+00	0.00e+00	0.00e+00	0.00e+00	0.00e+00	0.00e+00	9.59e-01	1.70e-05	1.17e-05
 4.26386e+20	9.60e-01	3.96e-02	5.64e-06	0.00e+00	0.00e+00	0.00e+00	0.00e+00	0.00e+00	0.00e+00	9.60e-01	1.69e-05	1.16e-05
 4.46553e+20	9.62e-01	3.83e-02	5.55e-06	0.00e+00	0.00e+00	0.00e+00	0.00e+00	0.00e+00	0.00e+00	9.62e-01	1.68e-05	1.15e-05
 4.68196e+20	9.63e-01	3.70e-02	5.46e-06	0.00e+00	0.00e+00	0.00e+00	0.00e+00	0.00e+00	0.00e+00	9.63e-01	1.67e-05	1.14e-05
 4.91313e+20	9.64e-01	3.57e-02	5.37e-06	0.00e+00	0.00e+00	0.00e+00	0.00e+00	0.00e+00	0.00e+00	9.64e-01	1.66e-05	1.13e-05
 5.16074e+20	9.66e-01	3.45e-02	5.30e-06	0.00e+00	0.00e+00	0.00e+00	0.00e+00	0.00e+00	0.00e+00	9.65e-01	1.65e-05	1.12e-05
 5.42714e+20	9.67e-01	3.34e-02	5.22e-06	0.00e+00	0.00e+00	0.00e+00	0.00e+00	0.00e+00	0.00e+00	9.67e-01	1.64e-05	1.12e-05
 5.71305e+20	9.68e-01	3.22e-02	5.15e-06	0.00e+00	0.00e+00	0.00e+00	0.00e+00	0.00e+00	0.00e+00	9.68e-01	1.63e-05	1.11e-05
 6.02434e+20	9.69e-01	3.11e-02	5.07e-06	0.00e+00	0.00e+00	0.00e+00	0.00e+00	0.00e+00	0.00e+00	9.69e-01	1.62e-05	1.10e-05
 6.36299e+20	9.70e-01	3.01e-02	5.01e-06	0.00e+00	0.00e+00	0.00e+00	0.00e+00	0.00e+00	0.00e+00	9.70e-01	1.61e-05	1.09e-05
 6.72877e+20	9.71e-01	2.91e-02	4.94e-06	0.00e+00	0.00e+00	0.00e+00	0.00e+00	0.00e+00	0.00e+00	9.71e-01	1.61e-05	1.08e-05
 7.12706e+20	9.72e-01	2.82e-02	4.87e-06	0.00e+00	0.00e+00	0.00e+00	0.00e+00	0.00e+00	0.00e+00	9.72e-01	1.60e-05	1.08e-05
 7.56504e+20	9.73e-01	2.72e-02	4.80e-06	0.00e+00	0.00e+00	0.00e+00	0.00e+00	0.00e+00	0.00e+00	9.73e-01	1.59e-05	1.07e-05
 8.05251e+20	9.74e-01	2.63e-02	4.73e-06	0.00e+00	0.00e+00	0.00e+00	0.00e+00	0.00e+00	0.00e+00	9.74e-01	1.59e-05	1.06e-05
 8.59424e+20	9.75e-01	2.55e-02	4.65e-06	0.00e+00	0.00e+00	0.00e+00	0.00e+00	0.00e+00	0.00e+00	9.74e-01	1.59e-05	1.06e-05
 9.19473e+20	9.75e-01	2.47e-02	4.57e-06	0.00e+00	0.00e+00	0.00e+00	0.00e+00	0.00e+00	0.00e+00	9.75e-01	1.58e-05	1.05e-05
 9.87034e+20	9.76e-01	2.39e-02	4.49e-06	0.00e+00	0.00e+00	0.00e+00	0.00e+00	0.00e+00	0.00e+00	9.76e-01	1.58e-05	1.04e-05
 1.06388e+21	9.77e-01	2.31e-02	4.40e-06	0.00e+00	0.00e+00	0.00e+00	0.00e+00	0.00e+00	0.00e+00	9.77e-01	1.58e-05	1.04e-05
 1.15210e+21	9.78e-01	2.24e-02	4.30e-06	0.00e+00	0.00e+00	0.00e+00	0.00e+00	0.00e+00	0.00e+00	9.78e-01	1.58e-05	1.03e-05
 1.25414e+21	9.78e-01	2.17e-02	4.19e-06	0.00e+00	0.00e+00	0.00e+00	0.00e+00	0.00e+00	0.00e+00	9.78e-01	1.58e-05	1.03e-05
 1.37429e+21	9.79e-01	2.11e-02	4.06e-06	0.00e+00	0.00e+00	0.00e+00	0.00e+00	0.00e+00	0.00e+00	9.79e-01	1.59e-05	1.02e-05
 1.51172e+21	9.80e-01	2.05e-02	3.92e-06	0.00e+00	0.00e+00	0.00e+00	0.00e+00	0.00e+00	0.00e+00	9.80e-01	1.59e-05	1.02e-05
 1.66289e+21	9.80e-01	1.99e-02	3.78e-06	0.00e+00	0.00e+00	0.00e+00	0.00e+00	0.00e+00	0.00e+00	9.80e-01	1.60e-05	1.01e-05
 1.82918e+21	9.80e-01	1.95e-02	3.63e-06	0.00e+00	0.00e+00	0.00e+00	0.00e+00	0.00e+00	0.00e+00	9.80e-01	1.61e-05	1.01e-05
 2.01210e+21	9.81e-01	1.91e-02	3.47e-06	0.00e+00	0.00e+00	0.00e+00	0.00e+00	0.00e+00	0.00e+00	9.81e-01	1.62e-05	1.00e-05
 2.21331e+21	9.81e-01	1.88e-02	3.31e-06	0.00e+00	0.00e+00	0.00e+00	0.00e+00	0.00e+00	0.00e+00	9.81e-01	1.64e-05	1.00e-05
 2.43464e+21	9.82e-01	1.85e-02	3.14e-06	0.00e+00	0.00e+00	0.00e+00	0.00e+00	0.00e+00	0.00e+00	9.81e-01	1.65e-05	9.99e-06
 2.67810e+21	9.82e-01	1.82e-02	2.97e-06	0.00e+00	0.00e+00	0.00e+00	0.00e+00	0.00e+00	0.00e+00	9.82e-01	1.67e-05	9.97e-06
 2.94591e+21	9.82e-01	1.80e-02	2.79e-06	0.00e+00	0.00e+00	0.00e+00	0.00e+00	0.00e+00	0.00e+00	9.82e-01	1.69e-05	9.95e-06
 3.24051e+21	9.82e-01	1.78e-02	2.61e-06	0.00e+00	0.00e+00	0.00e+00	0.00e+00	0.00e+00	0.00e+00	9.82e-01	1.71e-05	9.93e-06
 3.56456e+21	9.82e-01	1.76e-02	2.42e-06	0.00e+00	0.00e+00	0.00e+00	0.00e+00	0.00e+00	0.00e+00	9.82e-01	1.74e-05	9.92e-06
 3.92101e+21	9.83e-01	1.74e-02	2.24e-06	0.00e+00	0.00e+00	0.00e+00	0.00e+00	0.00e+00	0.00e+00	9.83e-01	1.76e-05	9.90e-06
 4.31311e+21	9.83e-01	1.73e-02	2.06e-06	0.00e+00	0.00e+00	0.00e+00	0.00e+00	0.00e+00	0.00e+00	9.83e-01	1.79e-05	9.89e-06
 4.70667e+21	9.83e-01	1.72e-02	1.89e-06	0.00e+00	0.00e+00	0.00e+00	0.00e+00	0.00e+00	0.00e+00	9.83e-01	1.82e-05	9.87e-06
 5.06410e+21	9.83e-01	1.71e-02	1.76e-06	0.00e+00	0.00e+00	0.00e+00	0.00e+00	0.00e+00	0.00e+00	9.83e-01	1.85e-05	9.87e-06
 5.40215e+21	9.83e-01	1.70e-02	1.64e-06	0.00e+00	0.00e+00	0.00e+00	0.00e+00	0.00e+00	0.00e+00	9.83e-01	1.88e-05	9.85e-06
 5.79035e+21	9.83e-01	1.69e-02	1.52e-06	0.00e+00	0.00e+00	0.00e+00	0.00e+00	0.00e+00	0.00e+00	9.83e-01	1.90e-05	9.85e-06
 6.21090e+21	9.83e-01	1.69e-02	1.40e-06	0.00e+00	0.00e+00	0.00e+00	0.00e+00	0.00e+00	0.00e+00	9.83e-01	1.93e-05	9.85e-06
 6.58388e+21	9.83e-01	1.68e-02	1.30e-06	0.00e+00	0.00e+00	0.00e+00	0.00e+00	0.00e+00	0.00e+00	9.83e-01	1.95e-05	9.84e-06
 6.91408e+21	9.83e-01	1.68e-02	1.23e-06	0.00e+00	0.00e+00	0.00e+00	0.00e+00	0.00e+00	0.00e+00	9.83e-01	1.98e-05	9.84e-06
 7.27830e+21	9.83e-01	1.68e-02	1.14e-06	0.00e+00	0.00e+00	0.00e+00	0.00e+00	0.00e+00	0.00e+00	9.83e-01	2.00e-05	9.83e-06
 7.68636e+21	9.83e-01	1.67e-02	1.06e-06	0.00e+00	0.00e+00	0.00e+00	0.00e+00	0.00e+00	0.00e+00	9.83e-01	2.02e-05	9.83e-06
 8.06024e+21	9.83e-01	1.67e-02	9.94e-07	0.00e+00	0.00e+00	0.00e+00	0.00e+00	0.00e+00	0.00e+00	9.83e-01	2.04e-05	9.83e-06
 8.39483e+21	9.83e-01	1.67e-02	9.38e-07	0.00e+00	0.00e+00	0.00e+00	0.00e+00	0.00e+00	0.00e+00	9.83e-01	2.06e-05	9.82e-06
 8.76952e+21	9.83e-01	1.67e-02	8.78e-07	0.00e+00	0.00e+00	0.00e+00	0.00e+00	0.00e+00	0.00e+00	9.83e-01	2.07e-05	9.82e-06
 9.18421e+21	9.83e-01	1.66e-02	8.19e-07	0.00e+00	0.00e+00	0.00e+00	0.00e+00	0.00e+00	0.00e+00	9.83e-01	2.09e-05	9.82e-06
 9.56025e+21	9.83e-01	1.66e-02	7.71e-07	0.00e+00	0.00e+00	0.00e+00	0.00e+00	0.00e+00	0.00e+00	9.83e-01	2.11e-05	9.82e-06
 9.89814e+21	9.83e-01	1.67e-02	7.30e-07	0.00e+00	0.00e+00	0.00e+00	0.00e+00	0.00e+00	0.00e+00	9.83e-01	2.13e-05	9.82e-06
 1.02771e+22	9.83e-01	1.66e-02	6.86e-07	0.00e+00	0.00e+00	0.00e+00	0.00e+00	0.00e+00	0.00e+00	9.83e-01	2.14e-05	9.82e-06
 1.06953e+22	9.83e-01	1.66e-02	6.43e-07	0.00e+00	0.00e+00	0.00e+00	0.00e+00	0.00e+00	0.00e+00	9.83e-01	2.16e-05	9.81e-06
 1.10739e+22	9.83e-01	1.66e-02	6.07e-07	0.00e+00	0.00e+00	0.00e+00	0.00e+00	0.00e+00	0.00e+00	9.83e-01	2.17e-05	9.82e-06
 1.14169e+22	9.83e-01	1.66e-02	5.77e-07	0.00e+00	0.00e+00	0.00e+00	0.00e+00	0.00e+00	0.00e+00	9.83e-01	2.18e-05	9.82e-06
 1.18045e+22	9.83e-01	1.66e-02	5.44e-07	0.00e+00	0.00e+00	0.00e+00	0.00e+00	0.00e+00	0.00e+00	9.83e-01	2.19e-05	9.81e-06
 1.22315e+22	9.83e-01	1.66e-02	5.11e-07	0.00e+00	0.00e+00	0.00e+00	0.00e+00	0.00e+00	0.00e+00	9.83e-01	2.20e-05	9.81e-06
 1.26186e+22	9.83e-01	1.66e-02	4.85e-07	0.00e+00	0.00e+00	0.00e+00	0.00e+00	0.00e+00	0.00e+00	9.83e-01	2.21e-05	9.81e-06
 1.29691e+22	9.83e-01	1.66e-02	4.62e-07	0.00e+00	0.00e+00	0.00e+00	0.00e+00	0.00e+00	0.00e+00	9.83e-01	2.22e-05	9.81e-06
 1.33630e+22	9.83e-01	1.66e-02	4.37e-07	0.00e+00	0.00e+00	0.00e+00	0.00e+00	0.00e+00	0.00e+00	9.83e-01	2.23e-05	9.81e-06
 1.38011e+22	9.83e-01	1.66e-02	4.12e-07	0.00e+00	0.00e+00	0.00e+00	0.00e+00	0.00e+00	0.00e+00	9.83e-01	2.23e-05	9.81e-06
 1.42036e+22	9.83e-01	1.66e-02	3.91e-07	0.00e+00	0.00e+00	0.00e+00	0.00e+00	0.00e+00	0.00e+00	9.83e-01	2.24e-05	9.81e-06
 1.45704e+22	9.83e-01	1.66e-02	3.73e-07	0.00e+00	0.00e+00	0.00e+00	0.00e+00	0.00e+00	0.00e+00	9.83e-01	2.24e-05	9.81e-06
 1.49838e+22	9.83e-01	1.66e-02	3.53e-07	0.00e+00	0.00e+00	0.00e+00	0.00e+00	0.00e+00	0.00e+00	9.83e-01	2.25e-05	9.81e-06
 1.54452e+22	9.83e-01	1.66e-02	3.33e-07	0.00e+00	0.00e+00	0.00e+00	0.00e+00	0.00e+00	0.00e+00	9.83e-01	2.25e-05	9.81e-06
 1.58717e+22	9.83e-01	1.66e-02	3.17e-07	0.00e+00	0.00e+00	0.00e+00	0.00e+00	0.00e+00	0.00e+00	9.83e-01	2.25e-05	9.81e-06
 1.62648e+22	9.83e-01	1.66e-02	3.02e-07	0.00e+00	0.00e+00	0.00e+00	0.00e+00	0.00e+00	0.00e+00	9.83e-01	2.25e-05	9.81e-06
 1.67116e+22	9.83e-01	1.66e-02	2.86e-07	0.00e+00	0.00e+00	0.00e+00	0.00e+00	0.00e+00	0.00e+00	9.83e-01	2.24e-05	9.81e-06
 1.72139e+22	9.83e-01	1.66e-02	2.70e-07	0.00e+00	0.00e+00	0.00e+00	0.00e+00	0.00e+00	0.00e+00	9.83e-01	2.24e-05	9.81e-06
 1.76887e+22	9.83e-01	1.66e-02	2.56e-07	0.00e+00	0.00e+00	0.00e+00	0.00e+00	0.00e+00	0.00e+00	9.83e-01	2.23e-05	9.81e-06
 1.82062e+22	9.83e-01	1.66e-02	2.41e-07	0.00e+00	0.00e+00	0.00e+00	0.00e+00	0.00e+00	0.00e+00	9.83e-01	2.23e-05	9.81e-06
 1.87836e+22	9.83e-01	1.66e-02	2.27e-07	0.00e+00	0.00e+00	0.00e+00	0.00e+00	0.00e+00	0.00e+00	9.83e-01	2.22e-05	9.81e-06
 1.93333e+22	9.83e-01	1.66e-02	2.14e-07	0.00e+00	0.00e+00	0.00e+00	0.00e+00	0.00e+00	0.00e+00	9.83e-01	2.20e-05	9.81e-06
 1.99427e+22	9.83e-01	1.66e-02	2.00e-07	0.00e+00	0.00e+00	0.00e+00	0.00e+00	0.00e+00	0.00e+00	9.83e-01	2.19e-05	9.81e-06
 2.07349e+22	9.83e-01	1.66e-02	1.85e-07	0.00e+00	0.00e+00	0.00e+00	0.00e+00	0.00e+00	0.00e+00	9.83e-01	2.17e-05	9.81e-06
 2.16200e+22	9.83e-01	1.67e-02	1.69e-07	0.00e+00	0.00e+00	0.00e+00	0.00e+00	0.00e+00	0.00e+00	9.83e-01	2.14e-05	9.81e-06
 2.24973e+22	9.83e-01	1.67e-02	1.56e-07	0.00e+00	0.00e+00	0.00e+00	0.00e+00	0.00e+00	0.00e+00	9.83e-01	2.10e-05	9.82e-06
 2.33332e+22	9.83e-01	1.67e-02	1.44e-07	0.00e+00	0.00e+00	0.00e+00	0.00e+00	0.00e+00	0.00e+00	9.83e-01	2.06e-05	9.82e-06
 2.40856e+22	9.83e-01	1.67e-02	1.35e-07	0.00e+00	0.00e+00	0.00e+00	0.00e+00	0.00e+00	0.00e+00	9.83e-01	2.01e-05	9.82e-06
 2.47627e+22	9.83e-01	1.67e-02	1.27e-07	0.00e+00	0.00e+00	0.00e+00	0.00e+00	0.00e+00	0.00e+00	9.83e-01	1.97e-05	9.82e-06
 2.53721e+22	9.83e-01	1.67e-02	1.21e-07	0.00e+00	0.00e+00	0.00e+00	0.00e+00	0.00e+00	0.00e+00	9.83e-01	1.93e-05	9.82e-06
 2.59206e+22	9.83e-01	1.67e-02	1.15e-07	0.00e+00	0.00e+00	0.00e+00	0.00e+00	0.00e+00	0.00e+00	9.83e-01	1.89e-05	9.82e-06
 2.64142e+22	9.83e-01	1.67e-02	1.11e-07	0.00e+00	0.00e+00	0.00e+00	0.00e+00	0.00e+00	0.00e+00	9.83e-01	1.85e-05	9.82e-06
 2.68584e+22	9.83e-01	1.67e-02	1.07e-07	0.00e+00	0.00e+00	0.00e+00	0.00e+00	0.00e+00	0.00e+00	9.83e-01	1.81e-05	9.82e-06
 2.72583e+22	9.83e-01	1.67e-02	1.03e-07	0.00e+00	0.00e+00	0.00e+00	0.00e+00	0.00e+00	0.00e+00	9.83e-01	1.78e-05	9.82e-06
 2.76181e+22	9.83e-01	1.67e-02	1.00e-07	0.00e+00	0.00e+00	0.00e+00	0.00e+00	0.00e+00	0.00e+00	9.83e-01	1.75e-05	9.82e-06
 2.79429e+22	9.83e-01	1.67e-02	9.79e-08	0.00e+00	0.00e+00	0.00e+00	0.00e+00	0.00e+00	0.00e+00	9.83e-01	1.72e-05	9.82e-06
 2.82514e+22	9.83e-01	1.67e-02	9.56e-08	0.00e+00	0.00e+00	0.00e+00	0.00e+00	0.00e+00	0.00e+00	9.83e-01	1.69e-05	9.82e-06
 2.85600e+22	9.83e-01	1.66e-02	9.33e-08	0.00e+00	0.00e+00	0.00e+00	0.00e+00	0.00e+00	0.00e+00	9.83e-01	1.66e-05	9.82e-06
 2.88686e+22	9.83e-01	1.66e-02	9.11e-08	0.00e+00	0.00e+00	0.00e+00	0.00e+00	0.00e+00	0.00e+00	9.83e-01	1.63e-05	9.81e-06
 2.91771e+22	9.83e-01	1.66e-02	8.90e-08	0.00e+00	0.00e+00	0.00e+00	0.00e+00	0.00e+00	0.00e+00	9.83e-01	1.60e-05	9.81e-06
 2.94857e+22	9.83e-01	1.65e-02	8.69e-08	0.00e+00	0.00e+00	0.00e+00	0.00e+00	0.00e+00	0.00e+00	9.83e-01	1.57e-05	9.81e-06
 2.97943e+22	9.84e-01	1.65e-02	8.49e-08	0.00e+00	0.00e+00	0.00e+00	0.00e+00	0.00e+00	0.00e+00	9.84e-01	1.54e-05	9.80e-06
 3.00911e+22	9.84e-01	1.64e-02	8.30e-08	0.00e+00	0.00e+00	0.00e+00	0.00e+00	0.00e+00	0.00e+00	9.84e-01	1.51e-05	9.80e-06
 3.03507e+22	9.84e-01	1.63e-02	8.15e-08	0.00e+00	0.00e+00	0.00e+00	0.00e+00	0.00e+00	0.00e+00	9.84e-01	1.48e-05	9.79e-06
 3.05601e+22	9.84e-01	1.62e-02	8.02e-08	0.00e+00	0.00e+00	0.00e+00	0.00e+00	0.00e+00	0.00e+00	9.84e-01	1.46e-05	9.78e-06
 3.07546e+22	9.84e-01	1.60e-02	7.90e-08	0.00e+00	0.00e+00	0.00e+00	0.00e+00	0.00e+00	0.00e+00	9.84e-01	1.43e-05	9.77e-06
