#depth	O	O+	O+2	O+3	O+4	O+5	O+6	O+7	O+8	O[1]	O[2]	O[3]
 1.72719e+15	7.72e-02	8.57e-01	6.53e-02	1.91e-04	7.18e-07	0.00e+00	0.00e+00	0.00e+00	0.00e+00	7.72e-02	5.37e-06	6.08e-06
 1.03631e+16	7.68e-02	8.57e-01	6.57e-02	1.93e-04	7.27e-07	0.00e+00	0.00e+00	0.00e+00	0.00e+00	7.67e-02	5.34e-06	6.05e-06
 4.49068e+16	7.64e-02	8.57e-01	6.61e-02	1.95e-04	7.33e-07	0.00e+00	0.00e+00	0.00e+00	0.00e+00	7.64e-02	5.32e-06	6.02e-06
 1.83082e+17	7.59e-02	8.57e-01	6.72e-02	1.96e-04	7.38e-07	0.00e+00	0.00e+00	0.00e+00	0.00e+00	7.59e-02	5.28e-06	5.99e-06
 4.37323e+17	7.20e-02	8.56e-01	7.22e-02	2.16e-04	8.07e-07	0.00e+00	0.00e+00	0.00e+00	0.00e+00	7.19e-02	5.02e-06	5.69e-06
 7.67838e+17	7.05e-02	8.55e-01	7.43e-02	2.20e-04	8.20e-07	0.00e+00	0.00e+00	0.00e+00	0.00e+00	7.05e-02	4.92e-06	5.58e-06
 1.19751e+18	7.09e-02	8.55e-01	7.40e-02	2.10e-04	7.87e-07	0.00e+00	0.00e+00	0.00e+00	0.00e+00	7.09e-02	4.95e-06	5.61e-06
 1.75608e+18	7.35e-02	8.55e-01	7.12e-02	1.87e-04	7.07e-07	0.00e+00	0.00e+00	0.00e+00	0.00e+00	7.35e-02	5.12e-06	5.81e-06
 2.43259e+18	7.85e-02	8.55e-01	6.59e-02	1.55e-04	5.98e-07	0.00e+00	0.00e+00	0.00e+00	0.00e+00	7.85e-02	5.45e-06	6.18e-06
 3.14714e+18	8.59e-02	8.55e-01	5.91e-02	1.21e-04	4.84e-07	0.00e+00	0.00e+00	0.00e+00	0.00e+00	8.59e-02	5.93e-06	6.72e-06
 3.92298e+18	9.82e-02	8.52e-01	5.01e-02	8.53e-05	3.59e-07	0.00e+00	0.00e+00	0.00e+00	0.00e+00	9.82e-02	6.71e-06	7.61e-06
 4.79961e+18	1.16e-01	8.44e-01	4.01e-02	5.46e-05	2.48e-07	0.00e+00	0.00e+00	0.00e+00	0.00e+00	1.16e-01	7.83e-06	8.87e-06
 5.64515e+18	1.40e-01	8.29e-01	3.11e-02	3.34e-05	1.66e-07	0.00e+00	0.00e+00	0.00e+00	0.00e+00	1.40e-01	9.24e-06	1.05e-05
 6.42142e+18	1.69e-01	8.07e-01	2.37e-02	2.00e-05	0.00e+00	0.00e+00	0.00e+00	0.00e+00	0.00e+00	1.69e-01	1.09e-05	1.23e-05
 7.17055e+18	2.03e-01	7.79e-01	1.78e-02	1.18e-05	0.00e+00	0.00e+00	0.00e+00	0.00e+00	0.00e+00	2.03e-01	1.27e-05	1.44e-05
 7.87347e+18	2.43e-01	7.44e-01	1.32e-02	7.02e-06	0.00e+00	0.00e+00	0.00e+00	0.00e+00	0.00e+00	2.43e-01	1.47e-05	1.66e-05
 8.50694e+18	2.85e-01	7.05e-01	9.97e-03	4.34e-06	0.00e+00	0.00e+00	0.00e+00	0.00e+00	0.00e+00	2.85e-01	1.65e-05	1.86e-05
 9.06430e+18	3.25e-01	6.68e-01	7.72e-03	2.84e-06	0.00e+00	0.00e+00	0.00e+00	0.00e+00	0.00e+00	3.25e-01	1.80e-05	2.04e-05
 9.55468e+18	3.62e-01	6.32e-01	6.14e-03	1.97e-06	0.00e+00	0.00e+00	0.00e+00	0.00e+00	0.00e+00	3.62e-01	1.93e-05	2.18e-05
 9.98237e+18	3.95e-01	6.00e-01	5.02e-03	1.44e-06	0.00e+00	0.00e+00	0.00e+00	0.00e+00	0.00e+00	3.95e-01	2.02e-05	2.28e-05
 1.03725e+19	4.26e-01	5.70e-01	4.17e-03	1.09e-06	0.00e+00	0.00e+00	0.00e+00	0.00e+00	0.00e+00	4.26e-01	2.10e-05	2.37e-05
 1.07507e+19	4.55e-01	5.41e-01	3.49e-03	8.36e-07	0.00e+00	0.00e+00	0.00e+00	0.00e+00	0.00e+00	4.55e-01	2.16e-05	2.44e-05
 1.11164e+19	4.82e-01	5.15e-01	2.95e-03	6.57e-07	0.00e+00	0.00e+00	0.00e+00	0.00e+00	0.00e+00	4.82e-01	2.20e-05	2.49e-05
 1.14542e+19	5.08e-01	4.90e-01	2.52e-03	5.27e-07	0.00e+00	0.00e+00	0.00e+00	0.00e+00	0.00e+00	5.08e-01	2.24e-05	2.52e-05
 1.17830e+19	5.31e-01	4.67e-01	2.17e-03	4.30e-07	0.00e+00	0.00e+00	0.00e+00	0.00e+00	0.00e+00	5.31e-01	2.26e-05	2.55e-05
 1.21144e+19	5.53e-01	4.45e-01	1.87e-03	3.52e-07	0.00e+00	0.00e+00	0.00e+00	0.00e+00	0.00e+00	5.53e-01	2.27e-05	2.56e-05
 1.24388e+19	5.74e-01	4.24e-01	1.62e-03	2.92e-07	0.00e+00	0.00e+00	0.00e+00	0.00e+00	0.00e+00	5.74e-01	2.28e-05	2.57e-05
 1.27612e+19	5.95e-01	4.04e-01	1.40e-03	2.44e-07	0.00e+00	0.00e+00	0.00e+00	0.00e+00	0.00e+00	5.95e-01	2.28e-05	2.57e-05
 1.30224e+19	6.09e-01	3.90e-01	1.26e-03	2.14e-07	0.00e+00	0.00e+00	0.00e+00	0.00e+00	0.00e+00	6.09e-01	2.27e-05	2.56e-05
 1.32100e+19	6.20e-01	3.79e-01	1.16e-03	1.95e-07	0.00e+00	0.00e+00	0.00e+00	0.00e+00	0.00e+00	6.20e-01	2.27e-05	2.55e-05
 1.33985e+19	6.30e-01	3.69e-01	1.07e-03	1.77e-07	0.00e+00	0.00e+00	0.00e+00	0.00e+00	0.00e+00	6.30e-01	2.26e-05	2.54e-05
 1.36151e+19	6.42e-01	3.57e-01	9.74e-04	1.59e-07	0.00e+00	0.00e+00	0.00e+00	0.00e+00	0.00e+00	6.42e-01	2.25e-05	2.53e-05
 1.38492e+19	6.54e-01	3.45e-01	8.81e-04	1.42e-07	0.00e+00	0.00e+00	0.00e+00	0.00e+00	0.00e+00	6.54e-01	2.23e-05	2.51e-05
 1.40829e+19	6.65e-01	3.34e-01	8.01e-04	1.28e-07	0.00e+00	0.00e+00	0.00e+00	0.00e+00	0.00e+00	6.65e-01	2.22e-05	2.50e-05
 1.43185e+19	6.76e-01	3.23e-01	7.25e-04	0.00e+00	0.00e+00	0.00e+00	0.00e+00	0.00e+00	0.00e+00	6.76e-01	2.20e-05	2.48e-05
 1.45603e+19	6.87e-01	3.12e-01	6.58e-04	0.00e+00	0.00e+00	0.00e+00	0.00e+00	0.00e+00	0.00e+00	6.87e-01	2.18e-05	2.46e-05
 1.48106e+19	6.98e-01	3.01e-01	5.93e-04	0.00e+00	0.00e+00	0.00e+00	0.00e+00	0.00e+00	0.00e+00	6.98e-01	2.16e-05	2.43e-05
 1.50678e+19	7.08e-01	2.91e-01	5.35e-04	0.00e+00	0.00e+00	0.00e+00	0.00e+00	0.00e+00	0.00e+00	7.08e-01	2.14e-05	2.41e-05
 1.53311e+19	7.19e-01	2.81e-01	4.82e-04	0.00e+00	0.00e+00	0.00e+00	0.00e+00	0.00e+00	0.00e+00	7.19e-01	2.12e-05	2.38e-05
 1.56027e+19	7.28e-01	2.71e-01	4.33e-04	0.00e+00	0.00e+00	0.00e+00	0.00e+00	0.00e+00	0.00e+00	7.28e-01	2.09e-05	2.35e-05
 1.58834e+19	7.38e-01	2.61e-01	3.88e-04	0.00e+00	0.00e+00	0.00e+00	0.00e+00	0.00e+00	0.00e+00	7.38e-01	2.07e-05	2.32e-05
 1.61727e+19	7.48e-01	2.52e-01	3.47e-04	0.00e+00	0.00e+00	0.00e+00	0.00e+00	0.00e+00	0.00e+00	7.48e-01	2.04e-05	2.29e-05
 1.64649e+19	7.57e-01	2.42e-01	3.10e-04	0.00e+00	0.00e+00	0.00e+00	0.00e+00	0.00e+00	0.00e+00	7.57e-01	2.02e-05	2.26e-05
 1.67635e+19	7.66e-01	2.33e-01	2.77e-04	0.00e+00	0.00e+00	0.00e+00	0.00e+00	0.00e+00	0.00e+00	7.66e-01	1.99e-05	2.23e-05
 1.70746e+19	7.75e-01	2.24e-01	2.47e-04	0.00e+00	0.00e+00	0.00e+00	0.00e+00	0.00e+00	0.00e+00	7.75e-01	1.96e-05	2.20e-05
 1.73925e+19	7.84e-01	2.16e-01	2.20e-04	0.00e+00	0.00e+00	0.00e+00	0.00e+00	0.00e+00	0.00e+00	7.84e-01	1.93e-05	2.17e-05
 1.77176e+19	7.92e-01	2.07e-01	1.95e-04	0.00e+00	0.00e+00	0.00e+00	0.00e+00	0.00e+00	0.00e+00	7.92e-01	1.90e-05	2.13e-05
 1.80514e+19	8.00e-01	2.00e-01	1.73e-04	0.00e+00	0.00e+00	0.00e+00	0.00e+00	0.00e+00	0.00e+00	8.00e-01	1.87e-05	2.10e-05
 1.83954e+19	8.08e-01	1.92e-01	1.53e-04	0.00e+00	0.00e+00	0.00e+00	0.00e+00	0.00e+00	0.00e+00	8.08e-01	1.84e-05	2.06e-05
 1.87505e+19	8.16e-01	1.84e-01	1.35e-04	0.00e+00	0.00e+00	0.00e+00	0.00e+00	0.00e+00	0.00e+00	8.16e-01	1.81e-05	2.03e-05
 1.91098e+19	8.23e-01	1.76e-01	1.20e-04	0.00e+00	0.00e+00	0.00e+00	0.00e+00	0.00e+00	0.00e+00	8.23e-01	1.78e-05	2.00e-05
 1.94777e+19	8.30e-01	1.69e-01	1.06e-04	0.00e+00	0.00e+00	0.00e+00	0.00e+00	0.00e+00	0.00e+00	8.30e-01	1.75e-05	1.96e-05
 1.98603e+19	8.37e-01	1.62e-01	9.33e-05	0.00e+00	0.00e+00	0.00e+00	0.00e+00	0.00e+00	0.00e+00	8.37e-01	1.72e-05	1.93e-05
 2.02531e+19	8.44e-01	1.56e-01	8.23e-05	0.00e+00	0.00e+00	0.00e+00	0.00e+00	0.00e+00	0.00e+00	8.44e-01	1.70e-05	1.89e-05
 2.06530e+19	8.50e-01	1.49e-01	7.26e-05	0.00e+00	0.00e+00	0.00e+00	0.00e+00	0.00e+00	0.00e+00	8.50e-01	1.67e-05	1.86e-05
 2.10649e+19	8.57e-01	1.43e-01	6.41e-05	0.00e+00	0.00e+00	0.00e+00	0.00e+00	0.00e+00	0.00e+00	8.56e-01	1.64e-05	1.83e-05
 2.14867e+19	8.62e-01	1.37e-01	5.66e-05	0.00e+00	0.00e+00	0.00e+00	0.00e+00	0.00e+00	0.00e+00	8.62e-01	1.61e-05	1.80e-05
 2.19187e+19	8.68e-01	1.32e-01	5.00e-05	0.00e+00	0.00e+00	0.00e+00	0.00e+00	0.00e+00	0.00e+00	8.68e-01	1.58e-05	1.77e-05
 2.23603e+19	8.73e-01	1.27e-01	4.43e-05	0.00e+00	0.00e+00	0.00e+00	0.00e+00	0.00e+00	0.00e+00	8.73e-01	1.56e-05	1.74e-05
 2.28134e+19	8.78e-01	1.22e-01	3.93e-05	0.00e+00	0.00e+00	0.00e+00	0.00e+00	0.00e+00	0.00e+00	8.78e-01	1.53e-05	1.71e-05
 2.32815e+19	8.83e-01	1.17e-01	3.49e-05	0.00e+00	0.00e+00	0.00e+00	0.00e+00	0.00e+00	0.00e+00	8.83e-01	1.51e-05	1.68e-05
 2.37615e+19	8.87e-01	1.13e-01	3.10e-05	0.00e+00	0.00e+00	0.00e+00	0.00e+00	0.00e+00	0.00e+00	8.87e-01	1.49e-05	1.65e-05
 2.42558e+19	8.92e-01	1.08e-01	2.76e-05	0.00e+00	0.00e+00	0.00e+00	0.00e+00	0.00e+00	0.00e+00	8.92e-01	1.46e-05	1.63e-05
 2.47731e+19	8.96e-01	1.04e-01	2.47e-05	0.00e+00	0.00e+00	0.00e+00	0.00e+00	0.00e+00	0.00e+00	8.96e-01	1.44e-05	1.60e-05
 2.53132e+19	9.00e-01	1.00e-01	2.20e-05	0.00e+00	0.00e+00	0.00e+00	0.00e+00	0.00e+00	0.00e+00	9.00e-01	1.42e-05	1.58e-05
 2.58734e+19	9.03e-01	9.66e-02	1.97e-05	0.00e+00	0.00e+00	0.00e+00	0.00e+00	0.00e+00	0.00e+00	9.03e-01	1.40e-05	1.55e-05
 2.64627e+19	9.07e-01	9.31e-02	1.77e-05	0.00e+00	0.00e+00	0.00e+00	0.00e+00	0.00e+00	0.00e+00	9.07e-01	1.38e-05	1.53e-05
 2.70884e+19	9.10e-01	8.98e-02	1.59e-05	0.00e+00	0.00e+00	0.00e+00	0.00e+00	0.00e+00	0.00e+00	9.10e-01	1.36e-05	1.51e-05
 2.77507e+19	9.13e-01	8.65e-02	1.43e-05	0.00e+00	0.00e+00	0.00e+00	0.00e+00	0.00e+00	0.00e+00	9.13e-01	1.34e-05	1.49e-05
 2.84534e+19	9.16e-01	8.36e-02	1.28e-05	0.00e+00	0.00e+00	0.00e+00	0.00e+00	0.00e+00	0.00e+00	9.16e-01	1.33e-05	1.47e-05
 2.92020e+19	9.19e-01	8.07e-02	1.16e-05	0.00e+00	0.00e+00	0.00e+00	0.00e+00	0.00e+00	0.00e+00	9.19e-01	1.31e-05	1.45e-05
 3.00047e+19	9.22e-01	7.79e-02	1.05e-05	0.00e+00	0.00e+00	0.00e+00	0.00e+00	0.00e+00	0.00e+00	9.22e-01	1.29e-05	1.43e-05
 3.08713e+19	9.25e-01	7.53e-02	9.45e-06	0.00e+00	0.00e+00	0.00e+00	0.00e+00	0.00e+00	0.00e+00	9.25e-01	1.28e-05	1.41e-05
 3.18097e+19	9.27e-01	7.28e-02	8.56e-06	0.00e+00	0.00e+00	0.00e+00	0.00e+00	0.00e+00	0.00e+00	9.27e-01	1.26e-05	1.39e-05
 3.28237e+19	9.30e-01	7.04e-02	7.75e-06	0.00e+00	0.00e+00	0.00e+00	0.00e+00	0.00e+00	0.00e+00	9.30e-01	1.25e-05	1.38e-05
 3.39219e+19	9.32e-01	6.80e-02	7.03e-06	0.00e+00	0.00e+00	0.00e+00	0.00e+00	0.00e+00	0.00e+00	9.32e-01	1.23e-05	1.36e-05
 3.51162e+19	9.34e-01	6.58e-02	6.39e-06	0.00e+00	0.00e+00	0.00e+00	0.00e+00	0.00e+00	0.00e+00	9.34e-01	1.22e-05	1.34e-05
 3.64128e+19	9.36e-01	6.36e-02	5.80e-06	0.00e+00	0.00e+00	0.00e+00	0.00e+00	0.00e+00	0.00e+00	9.36e-01	1.20e-05	1.33e-05
 3.78168e+19	9.38e-01	6.15e-02	5.28e-06	0.00e+00	0.00e+00	0.00e+00	0.00e+00	0.00e+00	0.00e+00	9.38e-01	1.19e-05	1.31e-05
 3.93307e+19	9.41e-01	5.95e-02	4.80e-06	0.00e+00	0.00e+00	0.00e+00	0.00e+00	0.00e+00	0.00e+00	9.41e-01	1.18e-05	1.30e-05
 4.09566e+19	9.43e-01	5.75e-02	4.38e-06	0.00e+00	0.00e+00	0.00e+00	0.00e+00	0.00e+00	0.00e+00	9.43e-01	1.16e-05	1.28e-05
 4.26948e+19	9.44e-01	5.56e-02	4.00e-06	0.00e+00	0.00e+00	0.00e+00	0.00e+00	0.00e+00	0.00e+00	9.44e-01	1.15e-05	1.26e-05
 4.45377e+19	9.46e-01	5.37e-02	3.66e-06	0.00e+00	0.00e+00	0.00e+00	0.00e+00	0.00e+00	0.00e+00	9.46e-01	1.14e-05	1.25e-05
 4.64864e+19	9.48e-01	5.19e-02	3.35e-06	0.00e+00	0.00e+00	0.00e+00	0.00e+00	0.00e+00	0.00e+00	9.48e-01	1.12e-05	1.24e-05
 4.85456e+19	9.50e-01	5.01e-02	3.08e-06	0.00e+00	0.00e+00	0.00e+00	0.00e+00	0.00e+00	0.00e+00	9.50e-01	1.11e-05	1.22e-05
 5.07068e+19	9.52e-01	4.83e-02	2.83e-06	0.00e+00	0.00e+00	0.00e+00	0.00e+00	0.00e+00	0.00e+00	9.52e-01	1.10e-05	1.21e-05
 5.29659e+19	9.53e-01	4.66e-02	2.61e-06	0.00e+00	0.00e+00	0.00e+00	0.00e+00	0.00e+00	0.00e+00	9.53e-01	1.09e-05	1.19e-05
 5.53232e+19	9.55e-01	4.50e-02	2.42e-06	0.00e+00	0.00e+00	0.00e+00	0.00e+00	0.00e+00	0.00e+00	9.55e-01	1.07e-05	1.17e-05
 5.77716e+19	9.57e-01	4.34e-02	2.25e-06	0.00e+00	0.00e+00	0.00e+00	0.00e+00	0.00e+00	0.00e+00	9.57e-01	1.06e-05	1.15e-05
 6.03159e+19	9.58e-01	4.19e-02	2.10e-06	0.00e+00	0.00e+00	0.00e+00	0.00e+00	0.00e+00	0.00e+00	9.58e-01	1.05e-05	1.14e-05
 6.29671e+19	9.60e-01	4.04e-02	1.96e-06	0.00e+00	0.00e+00	0.00e+00	0.00e+00	0.00e+00	0.00e+00	9.60e-01	1.04e-05	1.12e-05
 6.57206e+19	9.61e-01	3.90e-02	1.84e-06	0.00e+00	0.00e+00	0.00e+00	0.00e+00	0.00e+00	0.00e+00	9.61e-01	1.02e-05	1.10e-05
 6.85743e+19	9.62e-01	3.76e-02	1.73e-06	0.00e+00	0.00e+00	0.00e+00	0.00e+00	0.00e+00	0.00e+00	9.62e-01	1.01e-05	1.09e-05
 7.15350e+19	9.64e-01	3.62e-02	1.63e-06	0.00e+00	0.00e+00	0.00e+00	0.00e+00	0.00e+00	0.00e+00	9.64e-01	1.00e-05	1.07e-05
 7.46361e+19	9.65e-01	3.49e-02	1.54e-06	0.00e+00	0.00e+00	0.00e+00	0.00e+00	0.00e+00	0.00e+00	9.65e-01	9.90e-06	1.06e-05
 7.78691e+19	9.66e-01	3.36e-02	1.47e-06	0.00e+00	0.00e+00	0.00e+00	0.00e+00	0.00e+00	0.00e+00	9.66e-01	9.80e-06	1.04e-05
 8.11970e+19	9.68e-01	3.24e-02	1.40e-06	0.00e+00	0.00e+00	0.00e+00	0.00e+00	0.00e+00	0.00e+00	9.68e-01	9.70e-06	1.03e-05
 8.46420e+19	9.69e-01	3.13e-02	1.34e-06	0.00e+00	0.00e+00	0.00e+00	0.00e+00	0.00e+00	0.00e+00	9.69e-01	9.60e-06	1.02e-05
 8.82319e+19	9.70e-01	3.01e-02	1.28e-06	0.00e+00	0.00e+00	0.00e+00	0.00e+00	0.00e+00	0.00e+00	9.70e-01	9.51e-06	1.00e-05
 9.19156e+19	9.71e-01	2.90e-02	1.24e-06	0.00e+00	0.00e+00	0.00e+00	0.00e+00	0.00e+00	0.00e+00	9.71e-01	9.42e-06	9.92e-06
 9.55991e+19	9.72e-01	2.80e-02	1.20e-06	0.00e+00	0.00e+00	0.00e+00	0.00e+00	0.00e+00	0.00e+00	9.72e-01	9.34e-06	9.81e-06
 9.92449e+19	9.73e-01	2.71e-02	1.16e-06	0.00e+00	0.00e+00	0.00e+00	0.00e+00	0.00e+00	0.00e+00	9.73e-01	9.26e-06	9.71e-06
 1.02856e+20	9.74e-01	2.62e-02	1.13e-06	0.00e+00	0.00e+00	0.00e+00	0.00e+00	0.00e+00	0.00e+00	9.74e-01	9.18e-06	9.61e-06
 1.06441e+20	9.75e-01	2.54e-02	1.11e-06	0.00e+00	0.00e+00	0.00e+00	0.00e+00	0.00e+00	0.00e+00	9.75e-01	9.10e-06	9.51e-06
 1.09983e+20	9.75e-01	2.46e-02	1.09e-06	0.00e+00	0.00e+00	0.00e+00	0.00e+00	0.00e+00	0.00e+00	9.75e-01	9.03e-06	9.42e-06
 1.13438e+20	9.76e-01	2.39e-02	1.07e-06	0.00e+00	0.00e+00	0.00e+00	0.00e+00	0.00e+00	0.00e+00	9.76e-01	8.96e-06	9.34e-06
 1.16785e+20	9.77e-01	2.32e-02	1.06e-06	0.00e+00	0.00e+00	0.00e+00	0.00e+00	0.00e+00	0.00e+00	9.77e-01	8.90e-06	9.26e-06
 1.20022e+20	9.77e-01	2.26e-02	1.05e-06	0.00e+00	0.00e+00	0.00e+00	0.00e+00	0.00e+00	0.00e+00	9.77e-01	8.83e-06	9.18e-06
 1.23133e+20	9.78e-01	2.20e-02	1.04e-06	0.00e+00	0.00e+00	0.00e+00	0.00e+00	0.00e+00	0.00e+00	9.78e-01	8.77e-06	9.11e-06
 1.26094e+20	9.79e-01	2.14e-02	1.03e-06	0.00e+00	0.00e+00	0.00e+00	0.00e+00	0.00e+00	0.00e+00	9.79e-01	8.72e-06	9.04e-06
