#depth	He	He+	He+2
 3.43190e+16	2.38e-05	4.26e-02	9.57e-01
 2.05914e+17	2.37e-05	4.26e-02	9.57e-01
 8.92294e+17	2.36e-05	4.26e-02	9.57e-01
 3.63781e+18	2.34e-05	4.31e-02	9.57e-01
 8.68957e+18	2.19e-05	4.24e-02	9.58e-01
 1.52569e+19	2.14e-05	4.28e-02	9.57e-01
 2.37943e+19	2.15e-05	4.45e-02	9.55e-01
 3.48930e+19	2.26e-05	4.82e-02	9.52e-01
 4.93213e+19	2.53e-05	5.52e-02	9.45e-01
 6.43736e+19	2.90e-05	6.54e-02	9.35e-01
 7.65848e+19	3.38e-05	7.77e-02	9.22e-01
 8.64640e+19	3.95e-05	9.15e-02	9.08e-01
 9.53852e+19	4.65e-05	1.08e-01	8.92e-01
 1.03940e+20	5.52e-05	1.28e-01	8.72e-01
 1.11461e+20	6.47e-05	1.50e-01	8.50e-01
 1.17660e+20	7.46e-05	1.73e-01	8.27e-01
 1.23343e+20	8.54e-05	1.98e-01	8.02e-01
 1.29795e+20	1.01e-04	2.30e-01	7.69e-01
 1.36343e+20	1.18e-04	2.69e-01	7.31e-01
 1.41622e+20	1.34e-04	3.04e-01	6.96e-01
 1.47091e+20	1.55e-04	3.45e-01	6.55e-01
 1.52970e+20	1.78e-04	3.92e-01	6.08e-01
 1.58347e+20	2.02e-04	4.37e-01	5.63e-01
 1.63019e+20	2.23e-04	4.77e-01	5.23e-01
 1.67096e+20	2.44e-04	5.13e-01	4.87e-01
 1.71682e+20	2.69e-04	5.54e-01	4.46e-01
 1.76737e+20	2.96e-04	5.96e-01	4.03e-01
 1.80871e+20	3.17e-04	6.29e-01	3.71e-01
 1.84079e+20	3.34e-04	6.53e-01	3.46e-01
 1.87615e+20	3.55e-04	6.80e-01	3.19e-01
 1.92212e+20	3.82e-04	7.13e-01	2.87e-01
 1.96957e+20	4.07e-04	7.42e-01	2.58e-01
 2.01081e+20	4.29e-04	7.65e-01	2.34e-01
 2.05627e+20	4.55e-04	7.89e-01	2.10e-01
 2.11536e+20	4.87e-04	8.17e-01	1.83e-01
 2.17798e+20	5.17e-04	8.40e-01	1.59e-01
 2.23618e+20	5.46e-04	8.59e-01	1.40e-01
 2.30286e+20	5.79e-04	8.79e-01	1.21e-01
 2.38955e+20	6.21e-04	8.99e-01	1.01e-01
 2.49995e+20	6.72e-04	9.18e-01	8.12e-02
 2.62003e+20	7.26e-04	9.33e-01	6.58e-02
 2.75501e+20	7.92e-04	9.47e-01	5.24e-02
 2.92503e+20	8.80e-04	9.59e-01	4.06e-02
 3.08988e+20	9.73e-04	9.66e-01	3.28e-02
 3.21216e+20	1.06e-03	9.71e-01	2.84e-02
 3.30889e+20	1.13e-03	9.73e-01	2.54e-02
 3.41369e+20	1.23e-03	9.76e-01	2.25e-02
 3.52640e+20	1.36e-03	9.79e-01	1.99e-02
 3.62121e+20	1.49e-03	9.80e-01	1.81e-02
 3.69714e+20	1.61e-03	9.82e-01	1.68e-02
 3.76560e+20	1.75e-03	9.83e-01	1.57e-02
 3.82205e+20	1.89e-03	9.83e-01	1.49e-02
 3.86182e+20	2.00e-03	9.84e-01	1.44e-02
 3.90137e+20	2.12e-03	9.84e-01	1.38e-02
 3.94464e+20	2.27e-03	9.84e-01	1.32e-02
 3.98241e+20	2.43e-03	9.85e-01	1.28e-02
 4.01402e+20	2.57e-03	9.85e-01	1.24e-02
 4.04344e+20	2.73e-03	9.85e-01	1.21e-02
 4.07253e+20	2.90e-03	9.85e-01	1.17e-02
 4.10062e+20	3.09e-03	9.85e-01	1.14e-02
 4.12706e+20	3.29e-03	9.86e-01	1.11e-02
 4.15194e+20	3.50e-03	9.86e-01	1.09e-02
 4.17560e+20	3.73e-03	9.86e-01	1.06e-02
 4.19823e+20	3.98e-03	9.86e-01	1.04e-02
 4.21991e+20	4.25e-03	9.86e-01	1.02e-02
 4.24066e+20	4.54e-03	9.85e-01	9.98e-03
 4.26045e+20	4.86e-03	9.85e-01	9.79e-03
 4.27933e+20	5.21e-03	9.85e-01	9.61e-03
 4.29746e+20	5.58e-03	9.85e-01	9.44e-03
 4.31494e+20	6.00e-03	9.85e-01	9.27e-03
 4.33172e+20	6.45e-03	9.84e-01	9.12e-03
 4.34779e+20	6.94e-03	9.84e-01	8.97e-03
 4.36328e+20	7.48e-03	9.84e-01	8.84e-03
 4.37832e+20	8.09e-03	9.83e-01	8.71e-03
 4.39293e+20	8.77e-03	9.83e-01	8.58e-03
 4.40702e+20	9.52e-03	9.82e-01	8.46e-03
 4.42061e+20	1.04e-02	9.81e-01	8.34e-03
 4.43383e+20	1.13e-02	9.80e-01	8.23e-03
 4.44674e+20	1.24e-02	9.79e-01	8.12e-03
 4.45828e+20	1.35e-02	9.78e-01	8.03e-03
 4.46798e+20	1.45e-02	9.77e-01	7.96e-03
 4.47841e+20	1.59e-02	9.76e-01	7.87e-03
 4.48944e+20	1.76e-02	9.75e-01	7.78e-03
 4.49868e+20	1.91e-02	9.73e-01	7.73e-03
 4.50672e+20	2.07e-02	9.72e-01	7.68e-03
 4.51579e+20	2.28e-02	9.70e-01	7.62e-03
 4.52539e+20	2.54e-02	9.67e-01	7.57e-03
 4.53352e+20	2.80e-02	9.65e-01	7.52e-03
 4.54058e+20	3.04e-02	9.62e-01	7.51e-03
 4.54844e+20	3.39e-02	9.59e-01	7.49e-03
 4.55700e+20	3.81e-02	9.54e-01	7.48e-03
 4.56470e+20	4.27e-02	9.50e-01	7.49e-03
 4.57169e+20	4.78e-02	9.45e-01	7.50e-03
 4.57957e+20	5.45e-02	9.38e-01	7.54e-03
 4.58755e+20	6.25e-02	9.30e-01	7.60e-03
 4.59372e+20	7.01e-02	9.22e-01	7.68e-03
 4.59875e+20	7.73e-02	9.15e-01	7.75e-03
 4.60426e+20	8.67e-02	9.05e-01	7.86e-03
 4.61012e+20	9.78e-02	8.94e-01	7.99e-03
 4.61514e+20	1.09e-01	8.83e-01	8.11e-03
 4.61946e+20	1.20e-01	8.72e-01	8.26e-03
 4.62344e+20	1.32e-01	8.60e-01	8.40e-03
 4.62733e+20	1.44e-01	8.47e-01	8.56e-03
 4.63111e+20	1.58e-01	8.33e-01	8.72e-03
 4.63452e+20	1.72e-01	8.20e-01	8.87e-03
 4.63709e+20	1.82e-01	8.09e-01	8.99e-03
 4.63879e+20	1.90e-01	8.01e-01	9.08e-03
 4.64040e+20	1.98e-01	7.93e-01	9.15e-03
 4.64223e+20	2.07e-01	7.83e-01	9.24e-03
 4.64416e+20	2.18e-01	7.73e-01	9.34e-03
 4.64604e+20	2.28e-01	7.62e-01	9.45e-03
 4.64787e+20	2.39e-01	7.51e-01	9.55e-03
 4.64970e+20	2.51e-01	7.40e-01	9.64e-03
 4.65151e+20	2.62e-01	7.28e-01	9.75e-03
 4.65331e+20	2.75e-01	7.15e-01	9.84e-03
 4.65512e+20	2.88e-01	7.02e-01	9.93e-03
 4.65691e+20	3.02e-01	6.88e-01	1.00e-02
 4.65868e+20	3.15e-01	6.75e-01	1.01e-02
 4.66043e+20	3.30e-01	6.60e-01	1.02e-02
 4.66222e+20	3.45e-01	6.45e-01	1.03e-02
 4.66402e+20	3.61e-01	6.29e-01	1.03e-02
 4.66581e+20	3.77e-01	6.13e-01	1.04e-02
 4.66760e+20	3.94e-01	5.96e-01	1.04e-02
 4.66937e+20	4.11e-01	5.79e-01	1.05e-02
 4.67118e+20	4.29e-01	5.60e-01	1.05e-02
 4.67301e+20	4.48e-01	5.42e-01	1.05e-02
 4.67485e+20	4.67e-01	5.23e-01	1.05e-02
 4.67673e+20	4.87e-01	5.03e-01	1.04e-02
 4.67863e+20	5.07e-01	4.83e-01	1.04e-02
 4.68055e+20	5.28e-01	4.62e-01	1.03e-02
 4.68248e+20	5.48e-01	4.42e-01	1.02e-02
 4.68441e+20	5.69e-01	4.21e-01	1.01e-02
 4.68636e+20	5.89e-01	4.01e-01	9.94e-03
 4.68837e+20	6.10e-01	3.80e-01	9.77e-03
 4.69045e+20	6.31e-01	3.60e-01	9.57e-03
 4.69260e+20	6.51e-01	3.39e-01	9.33e-03
 4.69486e+20	6.72e-01	3.19e-01	9.08e-03
 4.69725e+20	6.92e-01	2.99e-01	8.80e-03
 4.69980e+20	7.12e-01	2.80e-01	8.49e-03
 4.70261e+20	7.32e-01	2.60e-01	8.16e-03
 4.70577e+20	7.51e-01	2.42e-01	7.80e-03
 4.70940e+20	7.69e-01	2.24e-01	7.42e-03
 4.71334e+20	7.84e-01	2.09e-01	7.08e-03
 4.71725e+20	7.96e-01	1.97e-01	6.80e-03
 4.72113e+20	8.05e-01	1.88e-01	6.58e-03
 4.72497e+20	8.11e-01	1.82e-01	6.42e-03
 4.72879e+20	8.16e-01	1.77e-01	6.28e-03
 4.73259e+20	8.20e-01	1.74e-01	6.17e-03
 4.73638e+20	8.23e-01	1.71e-01	6.06e-03
 4.74073e+20	8.26e-01	1.69e-01	5.99e-03
 4.74639e+20	8.28e-01	1.66e-01	5.91e-03
 4.75375e+20	8.29e-01	1.65e-01	5.86e-03
 4.76331e+20	8.31e-01	1.63e-01	5.75e-03
 4.77574e+20	8.32e-01	1.62e-01	5.70e-03
 4.79190e+20	8.34e-01	1.61e-01	5.61e-03
 4.81290e+20	8.35e-01	1.59e-01	5.49e-03
 4.84021e+20	8.38e-01	1.57e-01	5.34e-03
 4.87571e+20	8.40e-01	1.55e-01	5.16e-03
 4.92186e+20	8.44e-01	1.51e-01	4.94e-03
 4.98186e+20	8.48e-01	1.47e-01	4.66e-03
 5.05985e+20	8.53e-01	1.42e-01	4.33e-03
 5.16124e+20	8.60e-01	1.36e-01	3.96e-03
 5.29086e+20	8.67e-01	1.29e-01	3.55e-03
 5.43728e+20	8.75e-01	1.22e-01	3.15e-03
 5.58690e+20	8.82e-01	1.16e-01	2.82e-03
 5.73859e+20	8.88e-01	1.10e-01	2.53e-03
 5.89577e+20	8.94e-01	1.04e-01	2.27e-03
 6.06283e+20	9.00e-01	9.84e-02	2.03e-03
 6.23932e+20	9.05e-01	9.31e-02	1.81e-03
 6.42408e+20	9.10e-01	8.81e-02	1.62e-03
 6.61741e+20	9.15e-01	8.34e-02	1.45e-03
 6.82013e+20	9.20e-01	7.89e-02	1.30e-03
 7.03310e+20	9.24e-01	7.47e-02	1.16e-03
 7.25683e+20	9.28e-01	7.06e-02	1.04e-03
 7.49181e+20	9.32e-01	6.68e-02	9.31e-04
 7.73846e+20	9.36e-01	6.31e-02	8.32e-04
 7.99777e+20	9.40e-01	5.97e-02	7.44e-04
 8.27022e+20	9.43e-01	5.64e-02	6.66e-04
 8.55611e+20	9.46e-01	5.33e-02	5.95e-04
 8.85839e+20	9.49e-01	5.04e-02	5.32e-04
 9.17740e+20	9.52e-01	4.76e-02	4.75e-04
 9.51140e+20	9.55e-01	4.49e-02	4.25e-04
 9.86298e+20	9.57e-01	4.24e-02	3.80e-04
 1.02339e+21	9.60e-01	4.01e-02	3.40e-04
 1.06240e+21	9.62e-01	3.78e-02	3.03e-04
 1.10376e+21	9.64e-01	3.57e-02	2.71e-04
 1.14755e+21	9.66e-01	3.37e-02	2.42e-04
 1.19349e+21	9.68e-01	3.18e-02	2.16e-04
 1.24191e+21	9.70e-01	3.00e-02	1.93e-04
 1.29310e+21	9.72e-01	2.83e-02	1.72e-04
 1.34705e+21	9.73e-01	2.67e-02	1.54e-04
 1.40444e+21	9.75e-01	2.52e-02	1.37e-04
 1.46537e+21	9.76e-01	2.38e-02	1.23e-04
 1.52935e+21	9.77e-01	2.24e-02	1.09e-04
 1.59673e+21	9.79e-01	2.11e-02	9.76e-05
 1.66861e+21	9.80e-01	1.99e-02	8.71e-05
 1.74525e+21	9.81e-01	1.88e-02	7.77e-05
 1.82610e+21	9.82e-01	1.77e-02	6.94e-05
 1.91144e+21	9.83e-01	1.67e-02	6.20e-05
 2.00201e+21	9.84e-01	1.58e-02	5.55e-05
 2.09820e+21	9.85e-01	1.49e-02	4.95e-05
 2.20119e+21	9.86e-01	1.41e-02	4.43e-05
 2.31072e+21	9.87e-01	1.33e-02	3.97e-05
 2.42468e+21	9.87e-01	1.26e-02	3.56e-05
 2.54573e+21	9.88e-01	1.19e-02	3.20e-05
 2.67621e+21	9.89e-01	1.13e-02	2.88e-05
 2.81431e+21	9.89e-01	1.08e-02	2.60e-05
 2.95987e+21	9.90e-01	1.02e-02	2.35e-05
 3.11313e+21	9.90e-01	9.76e-03	2.13e-05
 3.26766e+21	9.91e-01	9.34e-03	1.95e-05
 3.41509e+21	9.91e-01	9.00e-03	1.80e-05
 3.55613e+21	9.91e-01	8.70e-03	1.68e-05
 3.71643e+21	9.92e-01	8.39e-03	1.56e-05
 3.88935e+21	9.92e-01	8.11e-03	1.44e-05
 4.03721e+21	9.92e-01	7.89e-03	1.36e-05
 4.16332e+21	9.92e-01	7.72e-03	1.30e-05
 4.30260e+21	9.92e-01	7.53e-03	1.23e-05
 4.47892e+21	9.93e-01	7.32e-03	1.16e-05
 4.67211e+21	9.93e-01	7.12e-03	1.09e-05
 4.85203e+21	9.93e-01	6.96e-03	1.03e-05
 5.01593e+21	9.93e-01	6.82e-03	9.90e-06
 5.16045e+21	9.93e-01	6.72e-03	9.54e-06
 5.28512e+21	9.93e-01	6.62e-03	9.24e-06
 5.42251e+21	9.93e-01	6.53e-03	8.93e-06
 5.58865e+21	9.94e-01	6.42e-03	8.59e-06
 5.74912e+21	9.94e-01	6.35e-03	8.34e-06
 5.88113e+21	9.94e-01	6.29e-03	8.13e-06
 6.00009e+21	9.94e-01	6.25e-03	7.97e-06
 6.12019e+21	9.94e-01	6.22e-03	7.86e-06
