#depth	O	O+	O+2	O+3	O+4	O+5	O+6	O+7	O+8	O[1]	O[2]	O[3]
 1.02466e+17	1.53e-03	1.47e-01	6.86e-01	1.57e-01	7.91e-03	5.27e-05	2.36e-07	0.00e+00	0.00e+00	1.53e-03	1.33e-08	1.28e-08
 6.14794e+17	1.51e-03	1.46e-01	6.87e-01	1.58e-01	7.93e-03	5.29e-05	2.37e-07	0.00e+00	0.00e+00	1.51e-03	1.35e-08	1.27e-08
 2.66411e+18	1.48e-03	1.44e-01	6.89e-01	1.57e-01	7.87e-03	5.26e-05	2.37e-07	0.00e+00	0.00e+00	1.48e-03	1.32e-08	1.24e-08
 1.08614e+19	1.42e-03	1.39e-01	6.98e-01	1.54e-01	7.56e-03	5.06e-05	2.28e-07	0.00e+00	0.00e+00	1.42e-03	1.26e-08	1.19e-08
 2.59443e+19	1.22e-03	1.26e-01	7.12e-01	1.53e-01	7.28e-03	5.03e-05	2.30e-07	0.00e+00	0.00e+00	1.22e-03	1.06e-08	1.02e-08
 4.51694e+19	1.10e-03	1.18e-01	7.26e-01	1.49e-01	6.77e-03	4.76e-05	2.20e-07	0.00e+00	0.00e+00	1.10e-03	9.36e-09	9.12e-09
 6.97791e+19	1.04e-03	1.14e-01	7.40e-01	1.39e-01	6.02e-03	4.24e-05	1.97e-07	0.00e+00	0.00e+00	1.04e-03	8.77e-09	8.60e-09
 1.01772e+20	1.05e-03	1.14e-01	7.56e-01	1.24e-01	5.05e-03	3.50e-05	1.63e-07	0.00e+00	0.00e+00	1.05e-03	8.80e-09	8.62e-09
 1.43362e+20	1.15e-03	1.21e-01	7.70e-01	1.04e-01	3.89e-03	2.58e-05	0.00e+00	0.00e+00	0.00e+00	1.15e-03	9.72e-09	9.42e-09
 1.94916e+20	1.39e-03	1.36e-01	7.80e-01	7.97e-02	2.72e-03	1.66e-05	0.00e+00	0.00e+00	0.00e+00	1.39e-03	1.20e-08	1.14e-08
 2.44465e+20	1.74e-03	1.55e-01	7.80e-01	6.05e-02	1.88e-03	1.05e-05	0.00e+00	0.00e+00	0.00e+00	1.74e-03	1.54e-08	1.42e-08
 2.81378e+20	2.15e-03	1.75e-01	7.73e-01	4.79e-02	1.39e-03	7.14e-06	0.00e+00	0.00e+00	0.00e+00	2.15e-03	1.95e-08	1.75e-08
 3.09566e+20	2.59e-03	1.95e-01	7.62e-01	3.94e-02	1.08e-03	5.15e-06	0.00e+00	0.00e+00	0.00e+00	2.59e-03	2.40e-08	2.11e-08
 3.34754e+20	3.10e-03	2.15e-01	7.49e-01	3.27e-02	8.56e-04	3.78e-06	0.00e+00	0.00e+00	0.00e+00	3.10e-03	2.94e-08	2.53e-08
 3.63298e+20	3.88e-03	2.42e-01	7.28e-01	2.60e-02	6.44e-04	2.58e-06	0.00e+00	0.00e+00	0.00e+00	3.88e-03	3.77e-08	3.17e-08
 3.92185e+20	4.82e-03	2.70e-01	7.04e-01	2.07e-02	4.91e-04	1.78e-06	0.00e+00	0.00e+00	0.00e+00	4.82e-03	4.79e-08	3.95e-08
 4.15481e+20	5.82e-03	2.96e-01	6.81e-01	1.70e-02	3.89e-04	1.29e-06	0.00e+00	0.00e+00	0.00e+00	5.82e-03	5.88e-08	4.76e-08
 4.36210e+20	6.88e-03	3.20e-01	6.59e-01	1.42e-02	3.15e-04	9.61e-07	0.00e+00	0.00e+00	0.00e+00	6.88e-03	7.01e-08	5.63e-08
 4.59639e+20	8.46e-03	3.53e-01	6.27e-01	1.13e-02	2.45e-04	6.72e-07	0.00e+00	0.00e+00	0.00e+00	8.46e-03	8.81e-08	6.93e-08
 4.84357e+20	1.05e-02	3.88e-01	5.93e-01	8.89e-03	1.89e-04	4.63e-07	0.00e+00	0.00e+00	0.00e+00	1.05e-02	1.11e-07	8.59e-08
 5.05521e+20	1.26e-02	4.20e-01	5.60e-01	7.16e-03	1.51e-04	3.31e-07	0.00e+00	0.00e+00	0.00e+00	1.26e-02	1.35e-07	1.04e-07
 5.24598e+20	1.49e-02	4.50e-01	5.29e-01	5.85e-03	1.23e-04	2.44e-07	0.00e+00	0.00e+00	0.00e+00	1.49e-02	1.60e-07	1.22e-07
 5.46196e+20	1.83e-02	4.89e-01	4.88e-01	4.53e-03	9.57e-05	1.67e-07	0.00e+00	0.00e+00	0.00e+00	1.83e-02	1.98e-07	1.50e-07
 5.69155e+20	2.27e-02	5.29e-01	4.45e-01	3.43e-03	7.35e-05	0.00e+00	0.00e+00	0.00e+00	0.00e+00	2.27e-02	2.46e-07	1.85e-07
 5.88900e+20	2.74e-02	5.64e-01	4.06e-01	2.66e-03	5.82e-05	0.00e+00	0.00e+00	0.00e+00	0.00e+00	2.74e-02	2.97e-07	2.22e-07
 6.06660e+20	3.25e-02	5.97e-01	3.69e-01	2.08e-03	4.68e-05	0.00e+00	0.00e+00	0.00e+00	0.00e+00	3.25e-02	3.53e-07	2.62e-07
 6.26823e+20	3.95e-02	6.33e-01	3.26e-01	1.53e-03	3.62e-05	0.00e+00	0.00e+00	0.00e+00	0.00e+00	3.95e-02	4.30e-07	3.17e-07
 6.48703e+20	4.90e-02	6.69e-01	2.81e-01	1.09e-03	2.71e-05	0.00e+00	0.00e+00	0.00e+00	0.00e+00	4.90e-02	5.30e-07	3.90e-07
 6.67971e+20	5.93e-02	6.99e-01	2.41e-01	7.81e-04	2.08e-05	0.00e+00	0.00e+00	0.00e+00	0.00e+00	5.93e-02	6.39e-07	4.69e-07
 6.84469e+20	7.01e-02	7.21e-01	2.08e-01	5.75e-04	1.63e-05	0.00e+00	0.00e+00	0.00e+00	0.00e+00	7.01e-02	7.51e-07	5.50e-07
 6.99443e+20	8.17e-02	7.38e-01	1.80e-01	4.29e-04	1.29e-05	0.00e+00	0.00e+00	0.00e+00	0.00e+00	8.17e-02	8.69e-07	6.35e-07
 7.13746e+20	9.48e-02	7.51e-01	1.54e-01	3.18e-04	1.02e-05	0.00e+00	0.00e+00	0.00e+00	0.00e+00	9.48e-02	9.99e-07	7.29e-07
 7.27398e+20	1.09e-01	7.59e-01	1.31e-01	2.35e-04	8.02e-06	0.00e+00	0.00e+00	0.00e+00	0.00e+00	1.09e-01	1.14e-06	8.31e-07
 7.40070e+20	1.25e-01	7.63e-01	1.12e-01	1.75e-04	6.36e-06	0.00e+00	0.00e+00	0.00e+00	0.00e+00	1.25e-01	1.29e-06	9.37e-07
 7.51812e+20	1.41e-01	7.64e-01	9.49e-02	1.31e-04	5.06e-06	0.00e+00	0.00e+00	0.00e+00	0.00e+00	1.41e-01	1.44e-06	1.05e-06
 7.62867e+20	1.59e-01	7.61e-01	8.06e-02	9.93e-05	4.04e-06	0.00e+00	0.00e+00	0.00e+00	0.00e+00	1.59e-01	1.59e-06	1.16e-06
 7.73439e+20	1.77e-01	7.55e-01	6.84e-02	7.54e-05	3.23e-06	0.00e+00	0.00e+00	0.00e+00	0.00e+00	1.77e-01	1.75e-06	1.27e-06
 7.83715e+20	1.97e-01	7.46e-01	5.76e-02	5.71e-05	2.57e-06	0.00e+00	0.00e+00	0.00e+00	0.00e+00	1.97e-01	1.92e-06	1.39e-06
 7.93610e+20	2.17e-01	7.34e-01	4.85e-02	4.35e-05	2.04e-06	0.00e+00	0.00e+00	0.00e+00	0.00e+00	2.17e-01	2.08e-06	1.51e-06
 8.03062e+20	2.39e-01	7.20e-01	4.08e-02	3.34e-05	1.63e-06	0.00e+00	0.00e+00	0.00e+00	0.00e+00	2.39e-01	2.24e-06	1.62e-06
 8.12270e+20	2.61e-01	7.04e-01	3.42e-02	2.57e-05	1.29e-06	0.00e+00	0.00e+00	0.00e+00	0.00e+00	2.61e-01	2.40e-06	1.74e-06
 8.21371e+20	2.85e-01	6.87e-01	2.85e-02	1.98e-05	1.03e-06	0.00e+00	0.00e+00	0.00e+00	0.00e+00	2.85e-01	2.56e-06	1.85e-06
 8.30394e+20	3.09e-01	6.67e-01	2.37e-02	1.53e-05	8.09e-07	0.00e+00	0.00e+00	0.00e+00	0.00e+00	3.09e-01	2.71e-06	1.96e-06
 8.39360e+20	3.35e-01	6.45e-01	1.95e-02	1.18e-05	6.36e-07	0.00e+00	0.00e+00	0.00e+00	0.00e+00	3.35e-01	2.86e-06	2.07e-06
 8.49650e+20	3.65e-01	6.19e-01	1.56e-02	8.82e-06	4.79e-07	0.00e+00	0.00e+00	0.00e+00	0.00e+00	3.65e-01	3.01e-06	2.18e-06
 8.60615e+20	3.98e-01	5.90e-01	1.22e-02	6.53e-06	3.53e-07	0.00e+00	0.00e+00	0.00e+00	0.00e+00	3.98e-01	3.16e-06	2.28e-06
 8.70174e+20	4.28e-01	5.62e-01	9.71e-03	5.03e-06	2.69e-07	0.00e+00	0.00e+00	0.00e+00	0.00e+00	4.28e-01	3.28e-06	2.37e-06
 8.79340e+20	4.56e-01	5.36e-01	7.80e-03	3.96e-06	2.06e-07	0.00e+00	0.00e+00	0.00e+00	0.00e+00	4.56e-01	3.37e-06	2.43e-06
 8.88543e+20	4.84e-01	5.10e-01	6.24e-03	3.14e-06	1.58e-07	0.00e+00	0.00e+00	0.00e+00	0.00e+00	4.84e-01	3.44e-06	2.48e-06
 8.97145e+20	5.10e-01	4.85e-01	5.05e-03	2.55e-06	1.24e-07	0.00e+00	0.00e+00	0.00e+00	0.00e+00	5.10e-01	3.50e-06	2.52e-06
 9.05222e+20	5.35e-01	4.61e-01	4.13e-03	2.11e-06	0.00e+00	0.00e+00	0.00e+00	0.00e+00	0.00e+00	5.35e-01	3.53e-06	2.55e-06
 9.13169e+20	5.57e-01	4.39e-01	3.38e-03	1.77e-06	0.00e+00	0.00e+00	0.00e+00	0.00e+00	0.00e+00	5.57e-01	3.56e-06	2.56e-06
 9.20911e+20	5.79e-01	4.18e-01	2.79e-03	1.51e-06	0.00e+00	0.00e+00	0.00e+00	0.00e+00	0.00e+00	5.79e-01	3.57e-06	2.56e-06
 9.26837e+20	5.94e-01	4.03e-01	2.42e-03	1.35e-06	0.00e+00	0.00e+00	0.00e+00	0.00e+00	0.00e+00	5.94e-01	3.56e-06	2.56e-06
 9.30871e+20	6.05e-01	3.93e-01	2.19e-03	1.25e-06	0.00e+00	0.00e+00	0.00e+00	0.00e+00	0.00e+00	6.05e-01	3.56e-06	2.56e-06
 9.34845e+20	6.16e-01	3.82e-01	1.98e-03	1.15e-06	0.00e+00	0.00e+00	0.00e+00	0.00e+00	0.00e+00	6.16e-01	3.56e-06	2.55e-06
 9.39483e+20	6.28e-01	3.70e-01	1.76e-03	1.06e-06	0.00e+00	0.00e+00	0.00e+00	0.00e+00	0.00e+00	6.28e-01	3.55e-06	2.55e-06
 9.44478e+20	6.40e-01	3.58e-01	1.55e-03	9.70e-07	0.00e+00	0.00e+00	0.00e+00	0.00e+00	0.00e+00	6.40e-01	3.53e-06	2.53e-06
 9.49434e+20	6.52e-01	3.47e-01	1.37e-03	8.92e-07	0.00e+00	0.00e+00	0.00e+00	0.00e+00	0.00e+00	6.52e-01	3.51e-06	2.52e-06
 9.54352e+20	6.63e-01	3.36e-01	1.22e-03	8.25e-07	0.00e+00	0.00e+00	0.00e+00	0.00e+00	0.00e+00	6.63e-01	3.49e-06	2.50e-06
 9.59402e+20	6.75e-01	3.24e-01	1.07e-03	7.61e-07	0.00e+00	0.00e+00	0.00e+00	0.00e+00	0.00e+00	6.75e-01	3.47e-06	2.48e-06
 9.64551e+20	6.85e-01	3.14e-01	9.51e-04	7.06e-07	0.00e+00	0.00e+00	0.00e+00	0.00e+00	0.00e+00	6.85e-01	3.44e-06	2.46e-06
 9.69819e+20	6.96e-01	3.03e-01	8.38e-04	6.54e-07	0.00e+00	0.00e+00	0.00e+00	0.00e+00	0.00e+00	6.96e-01	3.41e-06	2.44e-06
 9.75208e+20	7.07e-01	2.93e-01	7.40e-04	6.08e-07	0.00e+00	0.00e+00	0.00e+00	0.00e+00	0.00e+00	7.07e-01	3.37e-06	2.41e-06
 9.80714e+20	7.17e-01	2.82e-01	6.52e-04	5.66e-07	0.00e+00	0.00e+00	0.00e+00	0.00e+00	0.00e+00	7.17e-01	3.34e-06	2.39e-06
 9.86422e+20	7.27e-01	2.73e-01	5.74e-04	5.28e-07	0.00e+00	0.00e+00	0.00e+00	0.00e+00	0.00e+00	7.27e-01	3.30e-06	2.36e-06
 9.92375e+20	7.37e-01	2.63e-01	5.05e-04	4.93e-07	0.00e+00	0.00e+00	0.00e+00	0.00e+00	0.00e+00	7.37e-01	3.26e-06	2.33e-06
 9.98559e+20	7.46e-01	2.53e-01	4.43e-04	4.60e-07	0.00e+00	0.00e+00	0.00e+00	0.00e+00	0.00e+00	7.46e-01	3.22e-06	2.30e-06
 1.00488e+21	7.56e-01	2.44e-01	3.90e-04	4.32e-07	0.00e+00	0.00e+00	0.00e+00	0.00e+00	0.00e+00	7.56e-01	3.18e-06	2.27e-06
 1.01148e+21	7.64e-01	2.35e-01	3.43e-04	4.05e-07	0.00e+00	0.00e+00	0.00e+00	0.00e+00	0.00e+00	7.64e-01	3.14e-06	2.24e-06
 1.01852e+21	7.73e-01	2.27e-01	3.01e-04	3.80e-07	0.00e+00	0.00e+00	0.00e+00	0.00e+00	0.00e+00	7.73e-01	3.10e-06	2.21e-06
 1.02595e+21	7.81e-01	2.18e-01	2.65e-04	3.58e-07	0.00e+00	0.00e+00	0.00e+00	0.00e+00	0.00e+00	7.81e-01	3.06e-06	2.18e-06
 1.03387e+21	7.89e-01	2.10e-01	2.33e-04	3.37e-07	0.00e+00	0.00e+00	0.00e+00	0.00e+00	0.00e+00	7.89e-01	3.01e-06	2.14e-06
 1.04241e+21	7.97e-01	2.03e-01	2.05e-04	3.18e-07	0.00e+00	0.00e+00	0.00e+00	0.00e+00	0.00e+00	7.97e-01	2.97e-06	2.11e-06
 1.05164e+21	8.05e-01	1.95e-01	1.81e-04	3.00e-07	0.00e+00	0.00e+00	0.00e+00	0.00e+00	0.00e+00	8.05e-01	2.93e-06	2.08e-06
 1.06173e+21	8.11e-01	1.89e-01	1.60e-04	2.85e-07	0.00e+00	0.00e+00	0.00e+00	0.00e+00	0.00e+00	8.11e-01	2.89e-06	2.05e-06
 1.07272e+21	8.18e-01	1.82e-01	1.42e-04	2.70e-07	0.00e+00	0.00e+00	0.00e+00	0.00e+00	0.00e+00	8.18e-01	2.85e-06	2.02e-06
 1.08492e+21	8.24e-01	1.76e-01	1.27e-04	2.57e-07	0.00e+00	0.00e+00	0.00e+00	0.00e+00	0.00e+00	8.24e-01	2.81e-06	1.99e-06
 1.09880e+21	8.30e-01	1.70e-01	1.14e-04	2.45e-07	0.00e+00	0.00e+00	0.00e+00	0.00e+00	0.00e+00	8.30e-01	2.77e-06	1.96e-06
 1.11364e+21	8.34e-01	1.66e-01	1.03e-04	2.35e-07	0.00e+00	0.00e+00	0.00e+00	0.00e+00	0.00e+00	8.34e-01	2.74e-06	1.94e-06
 1.12835e+21	8.38e-01	1.61e-01	9.53e-05	2.27e-07	0.00e+00	0.00e+00	0.00e+00	0.00e+00	0.00e+00	8.38e-01	2.72e-06	1.92e-06
 1.14511e+21	8.42e-01	1.57e-01	8.78e-05	2.19e-07	0.00e+00	0.00e+00	0.00e+00	0.00e+00	0.00e+00	8.42e-01	2.69e-06	1.90e-06
 1.16690e+21	8.47e-01	1.53e-01	8.02e-05	2.10e-07	0.00e+00	0.00e+00	0.00e+00	0.00e+00	0.00e+00	8.47e-01	2.66e-06	1.87e-06
 1.19523e+21	8.52e-01	1.48e-01	7.27e-05	2.01e-07	0.00e+00	0.00e+00	0.00e+00	0.00e+00	0.00e+00	8.52e-01	2.63e-06	1.85e-06
 1.23067e+21	8.56e-01	1.43e-01	6.54e-05	1.92e-07	0.00e+00	0.00e+00	0.00e+00	0.00e+00	0.00e+00	8.56e-01	2.59e-06	1.82e-06
 1.27149e+21	8.61e-01	1.39e-01	5.88e-05	1.83e-07	0.00e+00	0.00e+00	0.00e+00	0.00e+00	0.00e+00	8.61e-01	2.56e-06	1.79e-06
 1.31612e+21	8.66e-01	1.34e-01	5.28e-05	1.74e-07	0.00e+00	0.00e+00	0.00e+00	0.00e+00	0.00e+00	8.66e-01	2.52e-06	1.76e-06
 1.36452e+21	8.71e-01	1.29e-01	4.75e-05	1.65e-07	0.00e+00	0.00e+00	0.00e+00	0.00e+00	0.00e+00	8.71e-01	2.49e-06	1.73e-06
 1.41581e+21	8.76e-01	1.24e-01	4.27e-05	1.57e-07	0.00e+00	0.00e+00	0.00e+00	0.00e+00	0.00e+00	8.76e-01	2.46e-06	1.71e-06
 1.46917e+21	8.80e-01	1.20e-01	3.86e-05	1.49e-07	0.00e+00	0.00e+00	0.00e+00	0.00e+00	0.00e+00	8.80e-01	2.43e-06	1.68e-06
 1.52492e+21	8.84e-01	1.16e-01	3.49e-05	1.42e-07	0.00e+00	0.00e+00	0.00e+00	0.00e+00	0.00e+00	8.84e-01	2.40e-06	1.65e-06
 1.58344e+21	8.89e-01	1.11e-01	3.17e-05	1.35e-07	0.00e+00	0.00e+00	0.00e+00	0.00e+00	0.00e+00	8.89e-01	2.37e-06	1.63e-06
 1.64491e+21	8.93e-01	1.07e-01	2.88e-05	1.29e-07	0.00e+00	0.00e+00	0.00e+00	0.00e+00	0.00e+00	8.93e-01	2.34e-06	1.60e-06
 1.70928e+21	8.96e-01	1.04e-01	2.63e-05	1.23e-07	0.00e+00	0.00e+00	0.00e+00	0.00e+00	0.00e+00	8.96e-01	2.31e-06	1.58e-06
 1.77659e+21	9.00e-01	1.00e-01	2.40e-05	0.00e+00	0.00e+00	0.00e+00	0.00e+00	0.00e+00	0.00e+00	9.00e-01	2.29e-06	1.55e-06
 1.84715e+21	9.04e-01	9.65e-02	2.20e-05	0.00e+00	0.00e+00	0.00e+00	0.00e+00	0.00e+00	0.00e+00	9.04e-01	2.27e-06	1.53e-06
 1.92129e+21	9.07e-01	9.31e-02	2.02e-05	0.00e+00	0.00e+00	0.00e+00	0.00e+00	0.00e+00	0.00e+00	9.07e-01	2.24e-06	1.50e-06
 1.99927e+21	9.10e-01	8.98e-02	1.87e-05	0.00e+00	0.00e+00	0.00e+00	0.00e+00	0.00e+00	0.00e+00	9.10e-01	2.22e-06	1.48e-06
 2.08135e+21	9.13e-01	8.66e-02	1.72e-05	0.00e+00	0.00e+00	0.00e+00	0.00e+00	0.00e+00	0.00e+00	9.13e-01	2.20e-06	1.46e-06
 2.16781e+21	9.16e-01	8.36e-02	1.60e-05	0.00e+00	0.00e+00	0.00e+00	0.00e+00	0.00e+00	0.00e+00	9.16e-01	2.18e-06	1.44e-06
 2.25898e+21	9.19e-01	8.07e-02	1.49e-05	0.00e+00	0.00e+00	0.00e+00	0.00e+00	0.00e+00	0.00e+00	9.19e-01	2.16e-06	1.42e-06
 2.35524e+21	9.22e-01	7.79e-02	1.39e-05	0.00e+00	0.00e+00	0.00e+00	0.00e+00	0.00e+00	0.00e+00	9.22e-01	2.14e-06	1.40e-06
 2.45629e+21	9.25e-01	7.52e-02	1.30e-05	0.00e+00	0.00e+00	0.00e+00	0.00e+00	0.00e+00	0.00e+00	9.25e-01	2.13e-06	1.38e-06
 2.56333e+21	9.27e-01	7.26e-02	1.21e-05	0.00e+00	0.00e+00	0.00e+00	0.00e+00	0.00e+00	0.00e+00	9.27e-01	2.11e-06	1.36e-06
 2.67784e+21	9.30e-01	7.01e-02	1.14e-05	0.00e+00	0.00e+00	0.00e+00	0.00e+00	0.00e+00	0.00e+00	9.30e-01	2.10e-06	1.34e-06
 2.79960e+21	9.32e-01	6.77e-02	1.07e-05	0.00e+00	0.00e+00	0.00e+00	0.00e+00	0.00e+00	0.00e+00	9.32e-01	2.09e-06	1.32e-06
 2.92905e+21	9.35e-01	6.54e-02	1.01e-05	0.00e+00	0.00e+00	0.00e+00	0.00e+00	0.00e+00	0.00e+00	9.35e-01	2.07e-06	1.30e-06
 3.06727e+21	9.37e-01	6.32e-02	9.59e-06	0.00e+00	0.00e+00	0.00e+00	0.00e+00	0.00e+00	0.00e+00	9.37e-01	2.06e-06	1.28e-06
 3.21545e+21	9.39e-01	6.11e-02	9.08e-06	0.00e+00	0.00e+00	0.00e+00	0.00e+00	0.00e+00	0.00e+00	9.39e-01	2.06e-06	1.26e-06
 3.37495e+21	9.41e-01	5.90e-02	8.61e-06	0.00e+00	0.00e+00	0.00e+00	0.00e+00	0.00e+00	0.00e+00	9.41e-01	2.05e-06	1.24e-06
 3.54735e+21	9.43e-01	5.71e-02	8.17e-06	0.00e+00	0.00e+00	0.00e+00	0.00e+00	0.00e+00	0.00e+00	9.43e-01	2.05e-06	1.23e-06
 3.73437e+21	9.45e-01	5.51e-02	7.77e-06	0.00e+00	0.00e+00	0.00e+00	0.00e+00	0.00e+00	0.00e+00	9.45e-01	2.04e-06	1.21e-06
 3.93781e+21	9.47e-01	5.33e-02	7.38e-06	0.00e+00	0.00e+00	0.00e+00	0.00e+00	0.00e+00	0.00e+00	9.47e-01	2.04e-06	1.20e-06
 4.16022e+21	9.48e-01	5.16e-02	7.00e-06	0.00e+00	0.00e+00	0.00e+00	0.00e+00	0.00e+00	0.00e+00	9.48e-01	2.05e-06	1.18e-06
 4.40689e+21	9.50e-01	4.99e-02	6.65e-06	0.00e+00	0.00e+00	0.00e+00	0.00e+00	0.00e+00	0.00e+00	9.50e-01	2.05e-06	1.17e-06
 4.68115e+21	9.52e-01	4.83e-02	6.30e-06	0.00e+00	0.00e+00	0.00e+00	0.00e+00	0.00e+00	0.00e+00	9.52e-01	2.06e-06	1.16e-06
 4.98674e+21	9.53e-01	4.68e-02	5.95e-06	0.00e+00	0.00e+00	0.00e+00	0.00e+00	0.00e+00	0.00e+00	9.53e-01	2.07e-06	1.15e-06
 5.33236e+21	9.55e-01	4.53e-02	5.61e-06	0.00e+00	0.00e+00	0.00e+00	0.00e+00	0.00e+00	0.00e+00	9.55e-01	2.08e-06	1.14e-06
 5.73003e+21	9.56e-01	4.39e-02	5.26e-06	0.00e+00	0.00e+00	0.00e+00	0.00e+00	0.00e+00	0.00e+00	9.56e-01	2.10e-06	1.13e-06
 6.19278e+21	9.57e-01	4.26e-02	4.90e-06	0.00e+00	0.00e+00	0.00e+00	0.00e+00	0.00e+00	0.00e+00	9.57e-01	2.12e-06	1.12e-06
 6.66564e+21	9.58e-01	4.15e-02	4.58e-06	0.00e+00	0.00e+00	0.00e+00	0.00e+00	0.00e+00	0.00e+00	9.58e-01	2.16e-06	1.11e-06
 7.07772e+21	9.59e-01	4.07e-02	4.33e-06	0.00e+00	0.00e+00	0.00e+00	0.00e+00	0.00e+00	0.00e+00	9.59e-01	2.18e-06	1.11e-06
 7.44375e+21	9.60e-01	4.02e-02	4.13e-06	0.00e+00	0.00e+00	0.00e+00	0.00e+00	0.00e+00	0.00e+00	9.60e-01	2.21e-06	1.10e-06
 7.85255e+21	9.60e-01	3.96e-02	3.91e-06	0.00e+00	0.00e+00	0.00e+00	0.00e+00	0.00e+00	0.00e+00	9.60e-01	2.23e-06	1.10e-06
 8.30457e+21	9.61e-01	3.90e-02	3.69e-06	0.00e+00	0.00e+00	0.00e+00	0.00e+00	0.00e+00	0.00e+00	9.61e-01	2.25e-06	1.10e-06
 8.71129e+21	9.61e-01	3.86e-02	3.51e-06	0.00e+00	0.00e+00	0.00e+00	0.00e+00	0.00e+00	0.00e+00	9.61e-01	2.28e-06	1.09e-06
 9.06899e+21	9.62e-01	3.83e-02	3.36e-06	0.00e+00	0.00e+00	0.00e+00	0.00e+00	0.00e+00	0.00e+00	9.62e-01	2.30e-06	1.09e-06
 9.46447e+21	9.62e-01	3.79e-02	3.20e-06	0.00e+00	0.00e+00	0.00e+00	0.00e+00	0.00e+00	0.00e+00	9.62e-01	2.31e-06	1.09e-06
 9.90514e+21	9.62e-01	3.76e-02	3.04e-06	0.00e+00	0.00e+00	0.00e+00	0.00e+00	0.00e+00	0.00e+00	9.62e-01	2.34e-06	1.09e-06
 1.03070e+22	9.63e-01	3.74e-02	2.90e-06	0.00e+00	0.00e+00	0.00e+00	0.00e+00	0.00e+00	0.00e+00	9.63e-01	2.36e-06	1.09e-06
 1.06637e+22	9.63e-01	3.72e-02	2.79e-06	0.00e+00	0.00e+00	0.00e+00	0.00e+00	0.00e+00	0.00e+00	9.63e-01	2.37e-06	1.09e-06
 1.10591e+22	9.63e-01	3.70e-02	2.66e-06	0.00e+00	0.00e+00	0.00e+00	0.00e+00	0.00e+00	0.00e+00	9.63e-01	2.39e-06	1.09e-06
 1.14996e+22	9.63e-01	3.66e-02	2.54e-06	0.00e+00	0.00e+00	0.00e+00	0.00e+00	0.00e+00	0.00e+00	9.63e-01	2.40e-06	1.08e-06
 1.18969e+22	9.63e-01	3.67e-02	2.43e-06	0.00e+00	0.00e+00	0.00e+00	0.00e+00	0.00e+00	0.00e+00	9.63e-01	2.42e-06	1.08e-06
 1.22545e+22	9.64e-01	3.64e-02	2.34e-06	0.00e+00	0.00e+00	0.00e+00	0.00e+00	0.00e+00	0.00e+00	9.64e-01	2.43e-06	1.08e-06
 1.26625e+22	9.64e-01	3.63e-02	2.24e-06	0.00e+00	0.00e+00	0.00e+00	0.00e+00	0.00e+00	0.00e+00	9.64e-01	2.44e-06	1.08e-06
 1.31143e+22	9.64e-01	3.63e-02	2.13e-06	0.00e+00	0.00e+00	0.00e+00	0.00e+00	0.00e+00	0.00e+00	9.64e-01	2.45e-06	1.08e-06
 1.35293e+22	9.64e-01	3.61e-02	2.04e-06	0.00e+00	0.00e+00	0.00e+00	0.00e+00	0.00e+00	0.00e+00	9.64e-01	2.46e-06	1.08e-06
 1.39040e+22	9.64e-01	3.60e-02	1.97e-06	0.00e+00	0.00e+00	0.00e+00	0.00e+00	0.00e+00	0.00e+00	9.64e-01	2.47e-06	1.08e-06
 1.43204e+22	9.64e-01	3.60e-02	1.88e-06	0.00e+00	0.00e+00	0.00e+00	0.00e+00	0.00e+00	0.00e+00	9.64e-01	2.47e-06	1.08e-06
 1.48617e+22	9.64e-01	3.58e-02	1.78e-06	0.00e+00	0.00e+00	0.00e+00	0.00e+00	0.00e+00	0.00e+00	9.64e-01	2.48e-06	1.08e-06
 1.54009e+22	9.64e-01	3.58e-02	1.69e-06	0.00e+00	0.00e+00	0.00e+00	0.00e+00	0.00e+00	0.00e+00	9.64e-01	2.48e-06	1.08e-06
 1.58201e+22	9.64e-01	3.58e-02	1.62e-06	0.00e+00	0.00e+00	0.00e+00	0.00e+00	0.00e+00	0.00e+00	9.64e-01	2.49e-06	1.08e-06
 1.62477e+22	9.64e-01	3.57e-02	1.56e-06	0.00e+00	0.00e+00	0.00e+00	0.00e+00	0.00e+00	0.00e+00	9.64e-01	2.49e-06	1.08e-06
 1.68037e+22	9.64e-01	3.56e-02	1.47e-06	0.00e+00	0.00e+00	0.00e+00	0.00e+00	0.00e+00	0.00e+00	9.64e-01	2.48e-06	1.08e-06
 1.74021e+22	9.64e-01	3.56e-02	1.39e-06	0.00e+00	0.00e+00	0.00e+00	0.00e+00	0.00e+00	0.00e+00	9.64e-01	2.48e-06	1.08e-06
 1.79484e+22	9.64e-01	3.55e-02	1.32e-06	0.00e+00	0.00e+00	0.00e+00	0.00e+00	0.00e+00	0.00e+00	9.64e-01	2.47e-06	1.08e-06
 1.85512e+22	9.65e-01	3.55e-02	1.25e-06	0.00e+00	0.00e+00	0.00e+00	0.00e+00	0.00e+00	0.00e+00	9.64e-01	2.46e-06	1.08e-06
 1.93348e+22	9.65e-01	3.55e-02	1.16e-06	0.00e+00	0.00e+00	0.00e+00	0.00e+00	0.00e+00	0.00e+00	9.65e-01	2.45e-06	1.08e-06
 2.03316e+22	9.65e-01	3.54e-02	1.06e-06	0.00e+00	0.00e+00	0.00e+00	0.00e+00	0.00e+00	0.00e+00	9.65e-01	2.42e-06	1.08e-06
 2.13841e+22	9.65e-01	3.54e-02	9.65e-07	0.00e+00	0.00e+00	0.00e+00	0.00e+00	0.00e+00	0.00e+00	9.65e-01	2.38e-06	1.08e-06
 2.23314e+22	9.65e-01	3.54e-02	8.89e-07	0.00e+00	0.00e+00	0.00e+00	0.00e+00	0.00e+00	0.00e+00	9.65e-01	2.34e-06	1.08e-06
 2.31839e+22	9.65e-01	3.54e-02	8.27e-07	0.00e+00	0.00e+00	0.00e+00	0.00e+00	0.00e+00	0.00e+00	9.65e-01	2.29e-06	1.08e-06
 2.39512e+22	9.65e-01	3.53e-02	7.75e-07	0.00e+00	0.00e+00	0.00e+00	0.00e+00	0.00e+00	0.00e+00	9.65e-01	2.24e-06	1.08e-06
 2.46418e+22	9.65e-01	3.54e-02	7.33e-07	0.00e+00	0.00e+00	0.00e+00	0.00e+00	0.00e+00	0.00e+00	9.65e-01	2.20e-06	1.08e-06
 2.52633e+22	9.65e-01	3.54e-02	6.97e-07	0.00e+00	0.00e+00	0.00e+00	0.00e+00	0.00e+00	0.00e+00	9.65e-01	2.15e-06	1.08e-06
 2.58226e+22	9.65e-01	3.54e-02	6.66e-07	0.00e+00	0.00e+00	0.00e+00	0.00e+00	0.00e+00	0.00e+00	9.65e-01	2.10e-06	1.08e-06
 2.63260e+22	9.65e-01	3.54e-02	6.40e-07	0.00e+00	0.00e+00	0.00e+00	0.00e+00	0.00e+00	0.00e+00	9.65e-01	2.06e-06	1.08e-06
 2.67791e+22	9.65e-01	3.54e-02	6.18e-07	0.00e+00	0.00e+00	0.00e+00	0.00e+00	0.00e+00	0.00e+00	9.65e-01	2.02e-06	1.08e-06
 2.71869e+22	9.65e-01	3.54e-02	5.99e-07	0.00e+00	0.00e+00	0.00e+00	0.00e+00	0.00e+00	0.00e+00	9.65e-01	1.98e-06	1.08e-06
 2.75539e+22	9.65e-01	3.54e-02	5.82e-07	0.00e+00	0.00e+00	0.00e+00	0.00e+00	0.00e+00	0.00e+00	9.65e-01	1.95e-06	1.08e-06
 2.78842e+22	9.65e-01	3.54e-02	5.68e-07	0.00e+00	0.00e+00	0.00e+00	0.00e+00	0.00e+00	0.00e+00	9.65e-01	1.91e-06	1.08e-06
 2.81949e+22	9.65e-01	3.54e-02	5.55e-07	0.00e+00	0.00e+00	0.00e+00	0.00e+00	0.00e+00	0.00e+00	9.65e-01	1.88e-06	1.08e-06
 2.85035e+22	9.65e-01	3.54e-02	5.42e-07	0.00e+00	0.00e+00	0.00e+00	0.00e+00	0.00e+00	0.00e+00	9.65e-01	1.85e-06	1.08e-06
 2.88120e+22	9.65e-01	3.53e-02	5.30e-07	0.00e+00	0.00e+00	0.00e+00	0.00e+00	0.00e+00	0.00e+00	9.65e-01	1.82e-06	1.08e-06
 2.91206e+22	9.65e-01	3.53e-02	5.17e-07	0.00e+00	0.00e+00	0.00e+00	0.00e+00	0.00e+00	0.00e+00	9.65e-01	1.78e-06	1.08e-06
 2.94292e+22	9.65e-01	3.52e-02	5.06e-07	0.00e+00	0.00e+00	0.00e+00	0.00e+00	0.00e+00	0.00e+00	9.65e-01	1.75e-06	1.08e-06
 2.97377e+22	9.65e-01	3.51e-02	4.94e-07	0.00e+00	0.00e+00	0.00e+00	0.00e+00	0.00e+00	0.00e+00	9.65e-01	1.71e-06	1.08e-06
 3.00463e+22	9.65e-01	3.50e-02	4.83e-07	0.00e+00	0.00e+00	0.00e+00	0.00e+00	0.00e+00	0.00e+00	9.65e-01	1.68e-06	1.08e-06
 3.03549e+22	9.65e-01	3.47e-02	4.71e-07	0.00e+00	0.00e+00	0.00e+00	0.00e+00	0.00e+00	0.00e+00	9.65e-01	1.64e-06	1.08e-06
 3.06068e+22	9.66e-01	3.44e-02	4.62e-07	0.00e+00	0.00e+00	0.00e+00	0.00e+00	0.00e+00	0.00e+00	9.66e-01	1.60e-06	1.07e-06
 3.07398e+22	9.66e-01	3.42e-02	4.58e-07	0.00e+00	0.00e+00	0.00e+00	0.00e+00	0.00e+00	0.00e+00	9.66e-01	1.57e-06	1.07e-06
 3.07895e+22	9.66e-01	3.41e-02	4.56e-07	0.00e+00	0.00e+00	0.00e+00	0.00e+00	0.00e+00	0.00e+00	9.66e-01	1.56e-06	1.07e-06
 3.08224e+22	9.66e-01	3.41e-02	4.55e-07	0.00e+00	0.00e+00	0.00e+00	0.00e+00	0.00e+00	0.00e+00	9.66e-01	1.56e-06	1.07e-06
 3.08489e+22	9.66e-01	3.40e-02	4.54e-07	0.00e+00	0.00e+00	0.00e+00	0.00e+00	0.00e+00	0.00e+00	9.66e-01	1.56e-06	1.07e-06
