#depth	He	He+	He+2
 1.54243e+16	8.02e-02	8.39e-01	8.05e-02
 9.25458e+16	7.98e-02	8.39e-01	8.09e-02
 4.01032e+17	7.99e-02	8.39e-01	8.08e-02
 1.63497e+18	8.02e-02	8.39e-01	8.03e-02
 3.90543e+18	8.07e-02	8.40e-01	7.97e-02
 6.85702e+18	8.17e-02	8.40e-01	7.88e-02
 1.06941e+19	8.30e-02	8.39e-01	7.75e-02
 1.56823e+19	8.50e-02	8.39e-01	7.58e-02
 2.16787e+19	8.75e-02	8.39e-01	7.38e-02
 2.79616e+19	9.04e-02	8.38e-01	7.17e-02
 3.47942e+19	9.45e-02	8.36e-01	6.94e-02
 4.25550e+19	9.97e-02	8.33e-01	6.68e-02
 5.01606e+19	1.06e-01	8.30e-01	6.46e-02
 5.65766e+19	1.11e-01	8.26e-01	6.29e-02
 6.18922e+19	1.17e-01	8.21e-01	6.15e-02
 6.75520e+19	1.24e-01	8.16e-01	6.00e-02
 7.36963e+19	1.32e-01	8.09e-01	5.86e-02
 7.92899e+19	1.42e-01	8.01e-01	5.73e-02
 8.41342e+19	1.50e-01	7.94e-01	5.64e-02
 8.82141e+19	1.58e-01	7.86e-01	5.57e-02
 9.18372e+19	1.66e-01	7.79e-01	5.50e-02
 9.53212e+19	1.73e-01	7.72e-01	5.43e-02
 9.87421e+19	1.82e-01	7.65e-01	5.37e-02
 1.02053e+20	1.91e-01	7.57e-01	5.29e-02
 1.05321e+20	1.99e-01	7.48e-01	5.23e-02
 1.08529e+20	2.08e-01	7.40e-01	5.17e-02
 1.11597e+20	2.17e-01	7.32e-01	5.11e-02
 1.14027e+20	2.24e-01	7.25e-01	5.07e-02
 1.15743e+20	2.30e-01	7.20e-01	5.03e-02
 1.17434e+20	2.35e-01	7.15e-01	4.98e-02
 1.19355e+20	2.41e-01	7.09e-01	4.94e-02
 1.21480e+20	2.49e-01	7.02e-01	4.88e-02
 1.23635e+20	2.56e-01	6.96e-01	4.84e-02
 1.25772e+20	2.64e-01	6.89e-01	4.78e-02
 1.27973e+20	2.72e-01	6.81e-01	4.72e-02
 1.30214e+20	2.80e-01	6.74e-01	4.66e-02
 1.32514e+20	2.88e-01	6.66e-01	4.59e-02
 1.34897e+20	2.97e-01	6.57e-01	4.52e-02
 1.37350e+20	3.07e-01	6.49e-01	4.45e-02
 1.39875e+20	3.17e-01	6.39e-01	4.37e-02
 1.42458e+20	3.27e-01	6.30e-01	4.30e-02
 1.45103e+20	3.38e-01	6.20e-01	4.21e-02
 1.47833e+20	3.49e-01	6.10e-01	4.13e-02
 1.50646e+20	3.60e-01	6.00e-01	4.04e-02
 1.53537e+20	3.72e-01	5.89e-01	3.95e-02
 1.56493e+20	3.84e-01	5.77e-01	3.86e-02
 1.59527e+20	3.96e-01	5.66e-01	3.77e-02
 1.62656e+20	4.09e-01	5.54e-01	3.67e-02
 1.65874e+20	4.22e-01	5.42e-01	3.57e-02
 1.69181e+20	4.36e-01	5.29e-01	3.47e-02
 1.72581e+20	4.50e-01	5.16e-01	3.37e-02
 1.76067e+20	4.64e-01	5.04e-01	3.27e-02
 1.79672e+20	4.78e-01	4.90e-01	3.16e-02
 1.83383e+20	4.93e-01	4.77e-01	3.05e-02
 1.87187e+20	5.08e-01	4.63e-01	2.94e-02
 1.91113e+20	5.22e-01	4.49e-01	2.84e-02
 1.95129e+20	5.37e-01	4.35e-01	2.73e-02
 1.99250e+20	5.52e-01	4.21e-01	2.63e-02
 2.03512e+20	5.67e-01	4.08e-01	2.52e-02
 2.07908e+20	5.82e-01	3.94e-01	2.41e-02
 2.12413e+20	5.97e-01	3.80e-01	2.31e-02
 2.17056e+20	6.11e-01	3.66e-01	2.20e-02
 2.21883e+20	6.26e-01	3.53e-01	2.10e-02
 2.26918e+20	6.40e-01	3.40e-01	2.00e-02
 2.32179e+20	6.55e-01	3.26e-01	1.89e-02
 2.37685e+20	6.69e-01	3.13e-01	1.79e-02
 2.43485e+20	6.83e-01	3.01e-01	1.69e-02
 2.49630e+20	6.96e-01	2.88e-01	1.59e-02
 2.56174e+20	7.10e-01	2.75e-01	1.49e-02
 2.63159e+20	7.23e-01	2.63e-01	1.40e-02
 2.70668e+20	7.36e-01	2.51e-01	1.30e-02
 2.78823e+20	7.49e-01	2.39e-01	1.20e-02
 2.87693e+20	7.61e-01	2.28e-01	1.11e-02
 2.97391e+20	7.73e-01	2.16e-01	1.02e-02
 3.08063e+20	7.85e-01	2.05e-01	9.33e-03
 3.19855e+20	7.97e-01	1.95e-01	8.48e-03
 3.32920e+20	8.08e-01	1.84e-01	7.67e-03
 3.47431e+20	8.19e-01	1.74e-01	6.89e-03
 3.63574e+20	8.29e-01	1.65e-01	6.16e-03
 3.81521e+20	8.39e-01	1.55e-01	5.48e-03
 4.01449e+20	8.49e-01	1.46e-01	4.85e-03
 4.23401e+20	8.58e-01	1.37e-01	4.27e-03
 4.47661e+20	8.67e-01	1.29e-01	3.75e-03
 4.74573e+20	8.76e-01	1.21e-01	3.28e-03
 5.04240e+20	8.84e-01	1.13e-01	2.86e-03
 5.36986e+20	8.92e-01	1.06e-01	2.48e-03
 5.73331e+20	8.99e-01	9.84e-02	2.15e-03
 6.13882e+20	9.06e-01	9.17e-02	1.86e-03
 6.59201e+20	9.13e-01	8.52e-02	1.60e-03
 7.10507e+20	9.20e-01	7.91e-02	1.37e-03
 7.69048e+20	9.26e-01	7.33e-02	1.18e-03
 8.36059e+20	9.31e-01	6.78e-02	1.00e-03
 9.14494e+20	9.37e-01	6.26e-02	8.54e-04
 1.00491e+21	9.41e-01	5.79e-02	7.28e-04
 1.10541e+21	9.46e-01	5.38e-02	6.27e-04
 1.21595e+21	9.49e-01	5.02e-02	5.46e-04
 1.33754e+21	9.52e-01	4.72e-02	4.81e-04
 1.47130e+21	9.55e-01	4.46e-02	4.29e-04
 1.61843e+21	9.57e-01	4.23e-02	3.86e-04
 1.78027e+21	9.59e-01	4.05e-02	3.53e-04
 1.95830e+21	9.61e-01	3.89e-02	3.25e-04
 2.15412e+21	9.62e-01	3.76e-02	3.03e-04
 2.36954e+21	9.63e-01	3.64e-02	2.84e-04
 2.60649e+21	9.64e-01	3.55e-02	2.70e-04
 2.86714e+21	9.65e-01	3.47e-02	2.58e-04
 3.15385e+21	9.66e-01	3.40e-02	2.48e-04
 3.46924e+21	9.66e-01	3.35e-02	2.40e-04
 3.81616e+21	9.67e-01	3.31e-02	2.34e-04
 4.19778e+21	9.67e-01	3.26e-02	2.27e-04
 4.58012e+21	9.67e-01	3.24e-02	2.24e-04
 4.93574e+21	9.68e-01	3.21e-02	2.20e-04
 5.28092e+21	9.68e-01	3.20e-02	2.18e-04
 5.67653e+21	9.68e-01	3.19e-02	2.17e-04
 6.10485e+21	9.68e-01	3.18e-02	2.15e-04
 6.48081e+21	9.68e-01	3.17e-02	2.14e-04
 6.81797e+21	9.68e-01	3.16e-02	2.12e-04
 7.19958e+21	9.68e-01	3.15e-02	2.11e-04
 7.62508e+21	9.68e-01	3.14e-02	2.10e-04
 8.01893e+21	9.68e-01	3.14e-02	2.10e-04
 8.38103e+21	9.68e-01	3.14e-02	2.09e-04
 8.79057e+21	9.68e-01	3.13e-02	2.09e-04
 9.24543e+21	9.69e-01	3.13e-02	2.08e-04
 9.66601e+21	9.69e-01	3.13e-02	2.07e-04
 1.00587e+22	9.69e-01	3.12e-02	2.07e-04
 1.05082e+22	9.69e-01	3.12e-02	2.06e-04
 1.10927e+22	9.69e-01	3.12e-02	2.06e-04
 1.16912e+22	9.69e-01	3.11e-02	2.05e-04
 1.21918e+22	9.69e-01	3.11e-02	2.05e-04
 1.27264e+22	9.69e-01	3.11e-02	2.04e-04
 1.34214e+22	9.69e-01	3.11e-02	2.04e-04
 1.43249e+22	9.69e-01	3.11e-02	2.04e-04
 1.54925e+22	9.69e-01	3.10e-02	2.03e-04
 1.67400e+22	9.69e-01	3.10e-02	2.03e-04
 1.78816e+22	9.69e-01	3.10e-02	2.03e-04
 1.90539e+22	9.69e-01	3.10e-02	2.03e-04
 2.02341e+22	9.69e-01	3.10e-02	2.02e-04
 2.12964e+22	9.69e-01	3.09e-02	2.02e-04
 2.22524e+22	9.69e-01	3.09e-02	2.02e-04
 2.31129e+22	9.69e-01	3.09e-02	2.02e-04
 2.38873e+22	9.69e-01	3.09e-02	2.02e-04
 2.45842e+22	9.69e-01	3.09e-02	2.02e-04
 2.52115e+22	9.69e-01	3.09e-02	2.01e-04
 2.57760e+22	9.69e-01	3.09e-02	2.01e-04
 2.62841e+22	9.69e-01	3.09e-02	2.01e-04
 2.67414e+22	9.69e-01	3.09e-02	2.01e-04
 2.71529e+22	9.69e-01	3.09e-02	2.01e-04
 2.75233e+22	9.69e-01	3.09e-02	2.01e-04
 2.78566e+22	9.69e-01	3.09e-02	2.01e-04
 2.81688e+22	9.69e-01	3.09e-02	2.01e-04
 2.84774e+22	9.69e-01	3.09e-02	2.01e-04
 2.87860e+22	9.69e-01	3.09e-02	2.01e-04
 2.90945e+22	9.69e-01	3.09e-02	2.01e-04
 2.94031e+22	9.69e-01	3.09e-02	2.01e-04
 2.97117e+22	9.69e-01	3.09e-02	2.02e-04
 3.00202e+22	9.69e-01	3.10e-02	2.03e-04
 3.03288e+22	9.69e-01	3.10e-02	2.04e-04
 3.05848e+22	9.69e-01	3.12e-02	2.07e-04
 3.07255e+22	9.69e-01	3.12e-02	2.09e-04
 3.07798e+22	9.69e-01	3.13e-02	2.10e-04
 3.08105e+22	9.69e-01	3.13e-02	2.10e-04
 3.08412e+22	9.68e-01	3.13e-02	2.11e-04
