#depth	O	O+	O+2	O+3	O+4	O+5	O+6	O+7	O+8	O[1]	O[2]	O[3]
 1.92867e+15	6.84e-02	8.63e-01	6.80e-02	2.17e-04	8.45e-07	0.00e+00	0.00e+00	0.00e+00	0.00e+00	6.84e-02	6.84e-06	5.43e-06
 1.15720e+16	6.85e-02	8.63e-01	6.80e-02	2.17e-04	8.41e-07	0.00e+00	0.00e+00	0.00e+00	0.00e+00	6.85e-02	6.85e-06	5.43e-06
 5.01454e+16	6.82e-02	8.63e-01	6.84e-02	2.18e-04	8.46e-07	0.00e+00	0.00e+00	0.00e+00	0.00e+00	6.82e-02	6.82e-06	5.41e-06
 2.04439e+17	6.76e-02	8.62e-01	6.97e-02	2.20e-04	8.54e-07	0.00e+00	0.00e+00	0.00e+00	0.00e+00	6.76e-02	6.76e-06	5.37e-06
 4.88339e+17	6.33e-02	8.61e-01	7.58e-02	2.47e-04	9.54e-07	0.00e+00	0.00e+00	0.00e+00	0.00e+00	6.33e-02	6.32e-06	5.05e-06
 8.57409e+17	6.15e-02	8.60e-01	7.87e-02	2.56e-04	9.85e-07	0.00e+00	0.00e+00	0.00e+00	0.00e+00	6.14e-02	6.12e-06	4.90e-06
 1.33720e+18	6.12e-02	8.59e-01	7.92e-02	2.48e-04	9.58e-07	0.00e+00	0.00e+00	0.00e+00	0.00e+00	6.12e-02	6.10e-06	4.89e-06
 1.96093e+18	6.30e-02	8.60e-01	7.70e-02	2.24e-04	8.72e-07	0.00e+00	0.00e+00	0.00e+00	0.00e+00	6.30e-02	6.28e-06	5.02e-06
 2.73093e+18	6.71e-02	8.61e-01	7.20e-02	1.87e-04	7.40e-07	0.00e+00	0.00e+00	0.00e+00	0.00e+00	6.71e-02	6.71e-06	5.33e-06
 3.54254e+18	7.33e-02	8.61e-01	6.51e-02	1.47e-04	5.99e-07	0.00e+00	0.00e+00	0.00e+00	0.00e+00	7.33e-02	7.34e-06	5.80e-06
 4.42320e+18	8.40e-02	8.60e-01	5.54e-02	1.04e-04	4.42e-07	0.00e+00	0.00e+00	0.00e+00	0.00e+00	8.40e-02	8.43e-06	6.59e-06
 5.43266e+18	1.01e-01	8.55e-01	4.42e-02	6.50e-05	2.98e-07	0.00e+00	0.00e+00	0.00e+00	0.00e+00	1.01e-01	1.01e-05	7.79e-06
 6.37336e+18	1.22e-01	8.43e-01	3.44e-02	3.95e-05	1.97e-07	0.00e+00	0.00e+00	0.00e+00	0.00e+00	1.22e-01	1.22e-05	9.30e-06
 7.18025e+18	1.48e-01	8.25e-01	2.66e-02	2.41e-05	1.31e-07	0.00e+00	0.00e+00	0.00e+00	0.00e+00	1.48e-01	1.46e-05	1.10e-05
 7.94225e+18	1.79e-01	8.01e-01	2.02e-02	1.45e-05	0.00e+00	0.00e+00	0.00e+00	0.00e+00	0.00e+00	1.79e-01	1.73e-05	1.30e-05
 8.65510e+18	2.13e-01	7.71e-01	1.54e-02	8.84e-06	0.00e+00	0.00e+00	0.00e+00	0.00e+00	0.00e+00	2.13e-01	2.01e-05	1.50e-05
 9.31559e+18	2.52e-01	7.36e-01	1.17e-02	5.47e-06	0.00e+00	0.00e+00	0.00e+00	0.00e+00	0.00e+00	2.52e-01	2.30e-05	1.70e-05
 9.92435e+18	2.92e-01	6.99e-01	8.97e-03	3.50e-06	0.00e+00	0.00e+00	0.00e+00	0.00e+00	0.00e+00	2.92e-01	2.57e-05	1.89e-05
 1.04741e+19	3.31e-01	6.62e-01	7.02e-03	2.34e-06	0.00e+00	0.00e+00	0.00e+00	0.00e+00	0.00e+00	3.31e-01	2.80e-05	2.06e-05
 1.09663e+19	3.67e-01	6.27e-01	5.62e-03	1.65e-06	0.00e+00	0.00e+00	0.00e+00	0.00e+00	0.00e+00	3.67e-01	2.99e-05	2.19e-05
 1.14037e+19	4.00e-01	5.95e-01	4.61e-03	1.21e-06	0.00e+00	0.00e+00	0.00e+00	0.00e+00	0.00e+00	4.00e-01	3.14e-05	2.30e-05
 1.18039e+19	4.31e-01	5.66e-01	3.84e-03	9.25e-07	0.00e+00	0.00e+00	0.00e+00	0.00e+00	0.00e+00	4.31e-01	3.26e-05	2.38e-05
 1.21835e+19	4.59e-01	5.38e-01	3.24e-03	7.21e-07	0.00e+00	0.00e+00	0.00e+00	0.00e+00	0.00e+00	4.59e-01	3.35e-05	2.44e-05
 1.25494e+19	4.86e-01	5.12e-01	2.74e-03	5.71e-07	0.00e+00	0.00e+00	0.00e+00	0.00e+00	0.00e+00	4.85e-01	3.42e-05	2.49e-05
 1.29093e+19	5.11e-01	4.87e-01	2.34e-03	4.58e-07	0.00e+00	0.00e+00	0.00e+00	0.00e+00	0.00e+00	5.11e-01	3.47e-05	2.53e-05
 1.32643e+19	5.35e-01	4.63e-01	2.00e-03	3.73e-07	0.00e+00	0.00e+00	0.00e+00	0.00e+00	0.00e+00	5.34e-01	3.51e-05	2.55e-05
 1.36025e+19	5.57e-01	4.42e-01	1.73e-03	3.08e-07	0.00e+00	0.00e+00	0.00e+00	0.00e+00	0.00e+00	5.57e-01	3.53e-05	2.56e-05
 1.39379e+19	5.77e-01	4.21e-01	1.49e-03	2.57e-07	0.00e+00	0.00e+00	0.00e+00	0.00e+00	0.00e+00	5.77e-01	3.54e-05	2.57e-05
 1.42789e+19	5.97e-01	4.02e-01	1.29e-03	2.15e-07	0.00e+00	0.00e+00	0.00e+00	0.00e+00	0.00e+00	5.97e-01	3.54e-05	2.56e-05
 1.45550e+19	6.12e-01	3.87e-01	1.16e-03	1.89e-07	0.00e+00	0.00e+00	0.00e+00	0.00e+00	0.00e+00	6.12e-01	3.53e-05	2.56e-05
 1.47533e+19	6.22e-01	3.77e-01	1.07e-03	1.72e-07	0.00e+00	0.00e+00	0.00e+00	0.00e+00	0.00e+00	6.22e-01	3.52e-05	2.55e-05
 1.49517e+19	6.32e-01	3.67e-01	9.83e-04	1.57e-07	0.00e+00	0.00e+00	0.00e+00	0.00e+00	0.00e+00	6.32e-01	3.51e-05	2.54e-05
 1.51830e+19	6.44e-01	3.55e-01	8.93e-04	1.41e-07	0.00e+00	0.00e+00	0.00e+00	0.00e+00	0.00e+00	6.44e-01	3.50e-05	2.53e-05
 1.54331e+19	6.56e-01	3.43e-01	8.06e-04	1.26e-07	0.00e+00	0.00e+00	0.00e+00	0.00e+00	0.00e+00	6.56e-01	3.48e-05	2.52e-05
 1.56818e+19	6.67e-01	3.32e-01	7.31e-04	0.00e+00	0.00e+00	0.00e+00	0.00e+00	0.00e+00	0.00e+00	6.67e-01	3.46e-05	2.50e-05
 1.59333e+19	6.78e-01	3.21e-01	6.60e-04	0.00e+00	0.00e+00	0.00e+00	0.00e+00	0.00e+00	0.00e+00	6.78e-01	3.43e-05	2.48e-05
 1.61919e+19	6.89e-01	3.11e-01	5.97e-04	0.00e+00	0.00e+00	0.00e+00	0.00e+00	0.00e+00	0.00e+00	6.89e-01	3.41e-05	2.46e-05
 1.64601e+19	7.00e-01	3.00e-01	5.37e-04	0.00e+00	0.00e+00	0.00e+00	0.00e+00	0.00e+00	0.00e+00	7.00e-01	3.38e-05	2.44e-05
 1.67392e+19	7.10e-01	2.89e-01	4.82e-04	0.00e+00	0.00e+00	0.00e+00	0.00e+00	0.00e+00	0.00e+00	7.10e-01	3.35e-05	2.41e-05
 1.70226e+19	7.21e-01	2.79e-01	4.32e-04	0.00e+00	0.00e+00	0.00e+00	0.00e+00	0.00e+00	0.00e+00	7.21e-01	3.31e-05	2.39e-05
 1.73099e+19	7.30e-01	2.69e-01	3.88e-04	0.00e+00	0.00e+00	0.00e+00	0.00e+00	0.00e+00	0.00e+00	7.30e-01	3.28e-05	2.36e-05
 1.76067e+19	7.40e-01	2.60e-01	3.47e-04	0.00e+00	0.00e+00	0.00e+00	0.00e+00	0.00e+00	0.00e+00	7.40e-01	3.24e-05	2.34e-05
 1.79149e+19	7.50e-01	2.50e-01	3.09e-04	0.00e+00	0.00e+00	0.00e+00	0.00e+00	0.00e+00	0.00e+00	7.49e-01	3.21e-05	2.31e-05
 1.82324e+19	7.59e-01	2.41e-01	2.75e-04	0.00e+00	0.00e+00	0.00e+00	0.00e+00	0.00e+00	0.00e+00	7.59e-01	3.16e-05	2.28e-05
 1.85563e+19	7.68e-01	2.32e-01	2.45e-04	0.00e+00	0.00e+00	0.00e+00	0.00e+00	0.00e+00	0.00e+00	7.68e-01	3.12e-05	2.25e-05
 1.88876e+19	7.77e-01	2.23e-01	2.17e-04	0.00e+00	0.00e+00	0.00e+00	0.00e+00	0.00e+00	0.00e+00	7.77e-01	3.08e-05	2.22e-05
 1.92294e+19	7.85e-01	2.15e-01	1.92e-04	0.00e+00	0.00e+00	0.00e+00	0.00e+00	0.00e+00	0.00e+00	7.85e-01	3.04e-05	2.18e-05
 1.95820e+19	7.94e-01	2.06e-01	1.70e-04	0.00e+00	0.00e+00	0.00e+00	0.00e+00	0.00e+00	0.00e+00	7.94e-01	2.99e-05	2.15e-05
 1.99421e+19	8.02e-01	1.98e-01	1.50e-04	0.00e+00	0.00e+00	0.00e+00	0.00e+00	0.00e+00	0.00e+00	8.02e-01	2.95e-05	2.11e-05
 2.03101e+19	8.10e-01	1.90e-01	1.33e-04	0.00e+00	0.00e+00	0.00e+00	0.00e+00	0.00e+00	0.00e+00	8.10e-01	2.90e-05	2.08e-05
 2.06909e+19	8.17e-01	1.83e-01	1.17e-04	0.00e+00	0.00e+00	0.00e+00	0.00e+00	0.00e+00	0.00e+00	8.17e-01	2.85e-05	2.05e-05
 2.10851e+19	8.25e-01	1.75e-01	1.03e-04	0.00e+00	0.00e+00	0.00e+00	0.00e+00	0.00e+00	0.00e+00	8.25e-01	2.81e-05	2.01e-05
 2.14883e+19	8.32e-01	1.68e-01	9.05e-05	0.00e+00	0.00e+00	0.00e+00	0.00e+00	0.00e+00	0.00e+00	8.32e-01	2.76e-05	1.98e-05
 2.19000e+19	8.38e-01	1.61e-01	7.96e-05	0.00e+00	0.00e+00	0.00e+00	0.00e+00	0.00e+00	0.00e+00	8.38e-01	2.71e-05	1.94e-05
 2.23283e+19	8.45e-01	1.55e-01	6.99e-05	0.00e+00	0.00e+00	0.00e+00	0.00e+00	0.00e+00	0.00e+00	8.45e-01	2.67e-05	1.91e-05
 2.27671e+19	8.51e-01	1.49e-01	6.15e-05	0.00e+00	0.00e+00	0.00e+00	0.00e+00	0.00e+00	0.00e+00	8.51e-01	2.62e-05	1.87e-05
 2.32148e+19	8.57e-01	1.43e-01	5.41e-05	0.00e+00	0.00e+00	0.00e+00	0.00e+00	0.00e+00	0.00e+00	8.57e-01	2.58e-05	1.84e-05
 2.36732e+19	8.63e-01	1.37e-01	4.78e-05	0.00e+00	0.00e+00	0.00e+00	0.00e+00	0.00e+00	0.00e+00	8.63e-01	2.54e-05	1.81e-05
 2.41414e+19	8.68e-01	1.32e-01	4.22e-05	0.00e+00	0.00e+00	0.00e+00	0.00e+00	0.00e+00	0.00e+00	8.68e-01	2.50e-05	1.78e-05
 2.46222e+19	8.73e-01	1.27e-01	3.74e-05	0.00e+00	0.00e+00	0.00e+00	0.00e+00	0.00e+00	0.00e+00	8.73e-01	2.46e-05	1.75e-05
 2.51212e+19	8.78e-01	1.22e-01	3.31e-05	0.00e+00	0.00e+00	0.00e+00	0.00e+00	0.00e+00	0.00e+00	8.78e-01	2.42e-05	1.72e-05
 2.56392e+19	8.83e-01	1.17e-01	2.94e-05	0.00e+00	0.00e+00	0.00e+00	0.00e+00	0.00e+00	0.00e+00	8.83e-01	2.38e-05	1.70e-05
 2.61775e+19	8.87e-01	1.13e-01	2.61e-05	0.00e+00	0.00e+00	0.00e+00	0.00e+00	0.00e+00	0.00e+00	8.87e-01	2.35e-05	1.67e-05
 2.67407e+19	8.91e-01	1.09e-01	2.32e-05	0.00e+00	0.00e+00	0.00e+00	0.00e+00	0.00e+00	0.00e+00	8.91e-01	2.31e-05	1.64e-05
 2.73277e+19	8.95e-01	1.05e-01	2.07e-05	0.00e+00	0.00e+00	0.00e+00	0.00e+00	0.00e+00	0.00e+00	8.95e-01	2.28e-05	1.62e-05
 2.79433e+19	8.99e-01	1.01e-01	1.85e-05	0.00e+00	0.00e+00	0.00e+00	0.00e+00	0.00e+00	0.00e+00	8.99e-01	2.25e-05	1.60e-05
 2.85993e+19	9.02e-01	9.76e-02	1.66e-05	0.00e+00	0.00e+00	0.00e+00	0.00e+00	0.00e+00	0.00e+00	9.02e-01	2.22e-05	1.57e-05
 2.92979e+19	9.06e-01	9.41e-02	1.48e-05	0.00e+00	0.00e+00	0.00e+00	0.00e+00	0.00e+00	0.00e+00	9.06e-01	2.19e-05	1.55e-05
 3.00436e+19	9.09e-01	9.10e-02	1.33e-05	0.00e+00	0.00e+00	0.00e+00	0.00e+00	0.00e+00	0.00e+00	9.09e-01	2.16e-05	1.53e-05
 3.08409e+19	9.12e-01	8.79e-02	1.19e-05	0.00e+00	0.00e+00	0.00e+00	0.00e+00	0.00e+00	0.00e+00	9.12e-01	2.13e-05	1.51e-05
 3.17026e+19	9.15e-01	8.50e-02	1.08e-05	0.00e+00	0.00e+00	0.00e+00	0.00e+00	0.00e+00	0.00e+00	9.15e-01	2.11e-05	1.49e-05
 3.26420e+19	9.18e-01	8.22e-02	9.67e-06	0.00e+00	0.00e+00	0.00e+00	0.00e+00	0.00e+00	0.00e+00	9.18e-01	2.08e-05	1.47e-05
 3.36678e+19	9.20e-01	7.95e-02	8.72e-06	0.00e+00	0.00e+00	0.00e+00	0.00e+00	0.00e+00	0.00e+00	9.20e-01	2.06e-05	1.45e-05
 3.47922e+19	9.23e-01	7.69e-02	7.86e-06	0.00e+00	0.00e+00	0.00e+00	0.00e+00	0.00e+00	0.00e+00	9.23e-01	2.03e-05	1.44e-05
 3.60244e+19	9.25e-01	7.45e-02	7.09e-06	0.00e+00	0.00e+00	0.00e+00	0.00e+00	0.00e+00	0.00e+00	9.25e-01	2.01e-05	1.42e-05
 3.73741e+19	9.28e-01	7.21e-02	6.40e-06	0.00e+00	0.00e+00	0.00e+00	0.00e+00	0.00e+00	0.00e+00	9.28e-01	1.99e-05	1.40e-05
 3.88557e+19	9.30e-01	6.98e-02	5.78e-06	0.00e+00	0.00e+00	0.00e+00	0.00e+00	0.00e+00	0.00e+00	9.30e-01	1.97e-05	1.39e-05
 4.04824e+19	9.32e-01	6.76e-02	5.22e-06	0.00e+00	0.00e+00	0.00e+00	0.00e+00	0.00e+00	0.00e+00	9.32e-01	1.94e-05	1.37e-05
 4.22566e+19	9.35e-01	6.54e-02	4.71e-06	0.00e+00	0.00e+00	0.00e+00	0.00e+00	0.00e+00	0.00e+00	9.35e-01	1.92e-05	1.36e-05
 4.41812e+19	9.37e-01	6.33e-02	4.26e-06	0.00e+00	0.00e+00	0.00e+00	0.00e+00	0.00e+00	0.00e+00	9.37e-01	1.90e-05	1.34e-05
 4.62571e+19	9.39e-01	6.12e-02	3.85e-06	0.00e+00	0.00e+00	0.00e+00	0.00e+00	0.00e+00	0.00e+00	9.39e-01	1.88e-05	1.32e-05
 4.84867e+19	9.41e-01	5.92e-02	3.48e-06	0.00e+00	0.00e+00	0.00e+00	0.00e+00	0.00e+00	0.00e+00	9.41e-01	1.86e-05	1.31e-05
 5.08696e+19	9.43e-01	5.73e-02	3.16e-06	0.00e+00	0.00e+00	0.00e+00	0.00e+00	0.00e+00	0.00e+00	9.43e-01	1.84e-05	1.30e-05
 5.34063e+19	9.45e-01	5.54e-02	2.86e-06	0.00e+00	0.00e+00	0.00e+00	0.00e+00	0.00e+00	0.00e+00	9.45e-01	1.82e-05	1.28e-05
 5.60990e+19	9.46e-01	5.36e-02	2.60e-06	0.00e+00	0.00e+00	0.00e+00	0.00e+00	0.00e+00	0.00e+00	9.46e-01	1.81e-05	1.27e-05
 5.89542e+19	9.48e-01	5.18e-02	2.37e-06	0.00e+00	0.00e+00	0.00e+00	0.00e+00	0.00e+00	0.00e+00	9.48e-01	1.79e-05	1.25e-05
 6.19725e+19	9.50e-01	5.01e-02	2.17e-06	0.00e+00	0.00e+00	0.00e+00	0.00e+00	0.00e+00	0.00e+00	9.50e-01	1.77e-05	1.24e-05
 6.51589e+19	9.52e-01	4.84e-02	1.99e-06	0.00e+00	0.00e+00	0.00e+00	0.00e+00	0.00e+00	0.00e+00	9.52e-01	1.76e-05	1.23e-05
 6.85301e+19	9.53e-01	4.68e-02	1.82e-06	0.00e+00	0.00e+00	0.00e+00	0.00e+00	0.00e+00	0.00e+00	9.53e-01	1.74e-05	1.22e-05
 7.20892e+19	9.55e-01	4.52e-02	1.68e-06	0.00e+00	0.00e+00	0.00e+00	0.00e+00	0.00e+00	0.00e+00	9.55e-01	1.72e-05	1.21e-05
 7.58415e+19	9.56e-01	4.37e-02	1.55e-06	0.00e+00	0.00e+00	0.00e+00	0.00e+00	0.00e+00	0.00e+00	9.56e-01	1.71e-05	1.19e-05
 7.98065e+19	9.58e-01	4.22e-02	1.44e-06	0.00e+00	0.00e+00	0.00e+00	0.00e+00	0.00e+00	0.00e+00	9.58e-01	1.69e-05	1.18e-05
 8.40001e+19	9.59e-01	4.08e-02	1.34e-06	0.00e+00	0.00e+00	0.00e+00	0.00e+00	0.00e+00	0.00e+00	9.59e-01	1.68e-05	1.17e-05
 8.84349e+19	9.61e-01	3.94e-02	1.25e-06	0.00e+00	0.00e+00	0.00e+00	0.00e+00	0.00e+00	0.00e+00	9.61e-01	1.67e-05	1.16e-05
 9.31258e+19	9.62e-01	3.81e-02	1.17e-06	0.00e+00	0.00e+00	0.00e+00	0.00e+00	0.00e+00	0.00e+00	9.62e-01	1.65e-05	1.15e-05
 9.80936e+19	9.63e-01	3.68e-02	1.10e-06	0.00e+00	0.00e+00	0.00e+00	0.00e+00	0.00e+00	0.00e+00	9.63e-01	1.64e-05	1.14e-05
 1.03364e+20	9.64e-01	3.56e-02	1.03e-06	0.00e+00	0.00e+00	0.00e+00	0.00e+00	0.00e+00	0.00e+00	9.64e-01	1.63e-05	1.13e-05
 1.08967e+20	9.66e-01	3.44e-02	9.75e-07	0.00e+00	0.00e+00	0.00e+00	0.00e+00	0.00e+00	0.00e+00	9.66e-01	1.62e-05	1.12e-05
 1.14932e+20	9.67e-01	3.33e-02	9.25e-07	0.00e+00	0.00e+00	0.00e+00	0.00e+00	0.00e+00	0.00e+00	9.67e-01	1.61e-05	1.11e-05
 1.21293e+20	9.68e-01	3.21e-02	8.80e-07	0.00e+00	0.00e+00	0.00e+00	0.00e+00	0.00e+00	0.00e+00	9.68e-01	1.59e-05	1.11e-05
 1.28093e+20	9.69e-01	3.11e-02	8.40e-07	0.00e+00	0.00e+00	0.00e+00	0.00e+00	0.00e+00	0.00e+00	9.69e-01	1.58e-05	1.10e-05
 1.35383e+20	9.70e-01	3.00e-02	8.05e-07	0.00e+00	0.00e+00	0.00e+00	0.00e+00	0.00e+00	0.00e+00	9.70e-01	1.57e-05	1.09e-05
 1.43221e+20	9.71e-01	2.91e-02	7.73e-07	0.00e+00	0.00e+00	0.00e+00	0.00e+00	0.00e+00	0.00e+00	9.71e-01	1.57e-05	1.08e-05
 1.51672e+20	9.72e-01	2.81e-02	7.44e-07	0.00e+00	0.00e+00	0.00e+00	0.00e+00	0.00e+00	0.00e+00	9.72e-01	1.56e-05	1.08e-05
 1.60818e+20	9.73e-01	2.72e-02	7.18e-07	0.00e+00	0.00e+00	0.00e+00	0.00e+00	0.00e+00	0.00e+00	9.73e-01	1.55e-05	1.07e-05
 1.70758e+20	9.74e-01	2.63e-02	6.95e-07	0.00e+00	0.00e+00	0.00e+00	0.00e+00	0.00e+00	0.00e+00	9.74e-01	1.54e-05	1.06e-05
 1.81604e+20	9.75e-01	2.54e-02	6.75e-07	0.00e+00	0.00e+00	0.00e+00	0.00e+00	0.00e+00	0.00e+00	9.75e-01	1.53e-05	1.05e-05
 1.93486e+20	9.75e-01	2.46e-02	6.56e-07	0.00e+00	0.00e+00	0.00e+00	0.00e+00	0.00e+00	0.00e+00	9.75e-01	1.52e-05	1.05e-05
 2.06583e+20	9.76e-01	2.38e-02	6.39e-07	0.00e+00	0.00e+00	0.00e+00	0.00e+00	0.00e+00	0.00e+00	9.76e-01	1.52e-05	1.04e-05
 2.21121e+20	9.77e-01	2.31e-02	6.24e-07	0.00e+00	0.00e+00	0.00e+00	0.00e+00	0.00e+00	0.00e+00	9.77e-01	1.51e-05	1.04e-05
 2.37364e+20	9.78e-01	2.24e-02	6.10e-07	0.00e+00	0.00e+00	0.00e+00	0.00e+00	0.00e+00	0.00e+00	9.78e-01	1.50e-05	1.03e-05
 2.55605e+20	9.78e-01	2.17e-02	5.97e-07	0.00e+00	0.00e+00	0.00e+00	0.00e+00	0.00e+00	0.00e+00	9.78e-01	1.50e-05	1.03e-05
 2.76310e+20	9.79e-01	2.10e-02	5.86e-07	0.00e+00	0.00e+00	0.00e+00	0.00e+00	0.00e+00	0.00e+00	9.79e-01	1.49e-05	1.02e-05
 3.00135e+20	9.80e-01	2.04e-02	5.74e-07	0.00e+00	0.00e+00	0.00e+00	0.00e+00	0.00e+00	0.00e+00	9.80e-01	1.49e-05	1.01e-05
 3.27981e+20	9.80e-01	1.97e-02	5.64e-07	0.00e+00	0.00e+00	0.00e+00	0.00e+00	0.00e+00	0.00e+00	9.80e-01	1.49e-05	1.01e-05
 3.60200e+20	9.81e-01	1.92e-02	5.53e-07	0.00e+00	0.00e+00	0.00e+00	0.00e+00	0.00e+00	0.00e+00	9.81e-01	1.48e-05	1.01e-05
 3.96220e+20	9.81e-01	1.87e-02	5.44e-07	0.00e+00	0.00e+00	0.00e+00	0.00e+00	0.00e+00	0.00e+00	9.81e-01	1.48e-05	1.00e-05
 4.35842e+20	9.82e-01	1.82e-02	5.35e-07	0.00e+00	0.00e+00	0.00e+00	0.00e+00	0.00e+00	0.00e+00	9.82e-01	1.48e-05	9.98e-06
 4.79426e+20	9.82e-01	1.79e-02	5.26e-07	0.00e+00	0.00e+00	0.00e+00	0.00e+00	0.00e+00	0.00e+00	9.82e-01	1.48e-05	9.95e-06
 5.27369e+20	9.82e-01	1.75e-02	5.17e-07	0.00e+00	0.00e+00	0.00e+00	0.00e+00	0.00e+00	0.00e+00	9.82e-01	1.48e-05	9.92e-06
 5.80106e+20	9.83e-01	1.73e-02	5.08e-07	0.00e+00	0.00e+00	0.00e+00	0.00e+00	0.00e+00	0.00e+00	9.83e-01	1.48e-05	9.90e-06
 6.38116e+20	9.83e-01	1.70e-02	4.99e-07	0.00e+00	0.00e+00	0.00e+00	0.00e+00	0.00e+00	0.00e+00	9.83e-01	1.49e-05	9.88e-06
 7.01928e+20	9.83e-01	1.68e-02	4.90e-07	0.00e+00	0.00e+00	0.00e+00	0.00e+00	0.00e+00	0.00e+00	9.83e-01	1.49e-05	9.86e-06
 7.72121e+20	9.83e-01	1.66e-02	4.80e-07	0.00e+00	0.00e+00	0.00e+00	0.00e+00	0.00e+00	0.00e+00	9.83e-01	1.50e-05	9.84e-06
 8.49333e+20	9.84e-01	1.65e-02	4.70e-07	0.00e+00	0.00e+00	0.00e+00	0.00e+00	0.00e+00	0.00e+00	9.83e-01	1.50e-05	9.83e-06
 9.34266e+20	9.84e-01	1.64e-02	4.59e-07	0.00e+00	0.00e+00	0.00e+00	0.00e+00	0.00e+00	0.00e+00	9.84e-01	1.51e-05	9.82e-06
 1.02769e+21	9.84e-01	1.63e-02	4.48e-07	0.00e+00	0.00e+00	0.00e+00	0.00e+00	0.00e+00	0.00e+00	9.84e-01	1.52e-05	9.81e-06
 1.13046e+21	9.84e-01	1.62e-02	4.36e-07	0.00e+00	0.00e+00	0.00e+00	0.00e+00	0.00e+00	0.00e+00	9.84e-01	1.53e-05	9.80e-06
 1.24351e+21	9.84e-01	1.61e-02	4.23e-07	0.00e+00	0.00e+00	0.00e+00	0.00e+00	0.00e+00	0.00e+00	9.84e-01	1.54e-05	9.80e-06
 1.36786e+21	9.84e-01	1.60e-02	4.10e-07	0.00e+00	0.00e+00	0.00e+00	0.00e+00	0.00e+00	0.00e+00	9.84e-01	1.55e-05	9.79e-06
 1.50465e+21	9.84e-01	1.60e-02	3.96e-07	0.00e+00	0.00e+00	0.00e+00	0.00e+00	0.00e+00	0.00e+00	9.84e-01	1.56e-05	9.79e-06
 1.65511e+21	9.84e-01	1.60e-02	3.82e-07	0.00e+00	0.00e+00	0.00e+00	0.00e+00	0.00e+00	0.00e+00	9.84e-01	1.57e-05	9.78e-06
 1.82062e+21	9.84e-01	1.60e-02	3.66e-07	0.00e+00	0.00e+00	0.00e+00	0.00e+00	0.00e+00	0.00e+00	9.84e-01	1.59e-05	9.78e-06
 2.00268e+21	9.84e-01	1.59e-02	3.51e-07	0.00e+00	0.00e+00	0.00e+00	0.00e+00	0.00e+00	0.00e+00	9.84e-01	1.60e-05	9.78e-06
 2.20295e+21	9.84e-01	1.59e-02	3.34e-07	0.00e+00	0.00e+00	0.00e+00	0.00e+00	0.00e+00	0.00e+00	9.84e-01	1.62e-05	9.78e-06
 2.42325e+21	9.84e-01	1.59e-02	3.17e-07	0.00e+00	0.00e+00	0.00e+00	0.00e+00	0.00e+00	0.00e+00	9.84e-01	1.64e-05	9.78e-06
 2.66557e+21	9.84e-01	1.59e-02	2.99e-07	0.00e+00	0.00e+00	0.00e+00	0.00e+00	0.00e+00	0.00e+00	9.84e-01	1.66e-05	9.78e-06
 2.93213e+21	9.84e-01	1.59e-02	2.81e-07	0.00e+00	0.00e+00	0.00e+00	0.00e+00	0.00e+00	0.00e+00	9.84e-01	1.68e-05	9.78e-06
 3.22534e+21	9.84e-01	1.60e-02	2.63e-07	0.00e+00	0.00e+00	0.00e+00	0.00e+00	0.00e+00	0.00e+00	9.84e-01	1.71e-05	9.78e-06
 3.54787e+21	9.84e-01	1.60e-02	2.45e-07	0.00e+00	0.00e+00	0.00e+00	0.00e+00	0.00e+00	0.00e+00	9.84e-01	1.74e-05	9.77e-06
 3.90266e+21	9.84e-01	1.60e-02	2.26e-07	0.00e+00	0.00e+00	0.00e+00	0.00e+00	0.00e+00	0.00e+00	9.84e-01	1.76e-05	9.78e-06
 4.26952e+21	9.84e-01	1.60e-02	2.09e-07	0.00e+00	0.00e+00	0.00e+00	0.00e+00	0.00e+00	0.00e+00	9.84e-01	1.79e-05	9.78e-06
 4.61979e+21	9.84e-01	1.60e-02	1.95e-07	0.00e+00	0.00e+00	0.00e+00	0.00e+00	0.00e+00	0.00e+00	9.84e-01	1.82e-05	9.78e-06
 4.95731e+21	9.84e-01	1.61e-02	1.81e-07	0.00e+00	0.00e+00	0.00e+00	0.00e+00	0.00e+00	0.00e+00	9.84e-01	1.85e-05	9.78e-06
 5.34430e+21	9.84e-01	1.61e-02	1.67e-07	0.00e+00	0.00e+00	0.00e+00	0.00e+00	0.00e+00	0.00e+00	9.84e-01	1.87e-05	9.78e-06
 5.76052e+21	9.84e-01	1.61e-02	1.54e-07	0.00e+00	0.00e+00	0.00e+00	0.00e+00	0.00e+00	0.00e+00	9.84e-01	1.91e-05	9.78e-06
 6.12386e+21	9.84e-01	1.61e-02	1.44e-07	0.00e+00	0.00e+00	0.00e+00	0.00e+00	0.00e+00	0.00e+00	9.84e-01	1.93e-05	9.78e-06
 6.45121e+21	9.84e-01	1.61e-02	1.35e-07	0.00e+00	0.00e+00	0.00e+00	0.00e+00	0.00e+00	0.00e+00	9.84e-01	1.95e-05	9.78e-06
 6.82263e+21	9.84e-01	1.61e-02	1.26e-07	0.00e+00	0.00e+00	0.00e+00	0.00e+00	0.00e+00	0.00e+00	9.84e-01	1.98e-05	9.78e-06
 7.23680e+21	9.84e-01	1.62e-02	1.17e-07	0.00e+00	0.00e+00	0.00e+00	0.00e+00	0.00e+00	0.00e+00	9.84e-01	2.00e-05	9.78e-06
 7.61944e+21	9.84e-01	1.62e-02	1.09e-07	0.00e+00	0.00e+00	0.00e+00	0.00e+00	0.00e+00	0.00e+00	9.84e-01	2.03e-05	9.79e-06
 7.96865e+21	9.84e-01	1.62e-02	1.03e-07	0.00e+00	0.00e+00	0.00e+00	0.00e+00	0.00e+00	0.00e+00	9.84e-01	2.05e-05	9.79e-06
 8.36152e+21	9.84e-01	1.62e-02	9.61e-08	0.00e+00	0.00e+00	0.00e+00	0.00e+00	0.00e+00	0.00e+00	9.84e-01	2.06e-05	9.79e-06
 8.79691e+21	9.84e-01	1.62e-02	8.94e-08	0.00e+00	0.00e+00	0.00e+00	0.00e+00	0.00e+00	0.00e+00	9.84e-01	2.09e-05	9.79e-06
 9.19647e+21	9.84e-01	1.63e-02	8.38e-08	0.00e+00	0.00e+00	0.00e+00	0.00e+00	0.00e+00	0.00e+00	9.84e-01	2.11e-05	9.79e-06
 9.56365e+21	9.84e-01	1.63e-02	7.90e-08	0.00e+00	0.00e+00	0.00e+00	0.00e+00	0.00e+00	0.00e+00	9.84e-01	2.12e-05	9.79e-06
 9.97983e+21	9.84e-01	1.63e-02	7.39e-08	0.00e+00	0.00e+00	0.00e+00	0.00e+00	0.00e+00	0.00e+00	9.84e-01	2.14e-05	9.79e-06
 1.04448e+22	9.84e-01	1.63e-02	6.89e-08	0.00e+00	0.00e+00	0.00e+00	0.00e+00	0.00e+00	0.00e+00	9.84e-01	2.16e-05	9.79e-06
 1.08785e+22	9.84e-01	1.63e-02	6.46e-08	0.00e+00	0.00e+00	0.00e+00	0.00e+00	0.00e+00	0.00e+00	9.84e-01	2.17e-05	9.79e-06
 1.12842e+22	9.84e-01	1.63e-02	6.10e-08	0.00e+00	0.00e+00	0.00e+00	0.00e+00	0.00e+00	0.00e+00	9.84e-01	2.19e-05	9.79e-06
 1.17480e+22	9.84e-01	1.64e-02	5.70e-08	0.00e+00	0.00e+00	0.00e+00	0.00e+00	0.00e+00	0.00e+00	9.84e-01	2.20e-05	9.80e-06
 1.22722e+22	9.84e-01	1.64e-02	5.30e-08	0.00e+00	0.00e+00	0.00e+00	0.00e+00	0.00e+00	0.00e+00	9.84e-01	2.21e-05	9.80e-06
 1.27774e+22	9.84e-01	1.64e-02	4.96e-08	0.00e+00	0.00e+00	0.00e+00	0.00e+00	0.00e+00	0.00e+00	9.84e-01	2.22e-05	9.80e-06
 1.33369e+22	9.84e-01	1.64e-02	4.60e-08	0.00e+00	0.00e+00	0.00e+00	0.00e+00	0.00e+00	0.00e+00	9.84e-01	2.23e-05	9.80e-06
 1.40642e+22	9.84e-01	1.64e-02	4.19e-08	0.00e+00	0.00e+00	0.00e+00	0.00e+00	0.00e+00	0.00e+00	9.84e-01	2.24e-05	9.80e-06
 1.48352e+22	9.84e-01	1.64e-02	3.82e-08	0.00e+00	0.00e+00	0.00e+00	0.00e+00	0.00e+00	0.00e+00	9.84e-01	2.25e-05	9.80e-06
 1.55483e+22	9.84e-01	1.65e-02	3.52e-08	0.00e+00	0.00e+00	0.00e+00	0.00e+00	0.00e+00	0.00e+00	9.83e-01	2.25e-05	9.80e-06
 1.63609e+22	9.84e-01	1.65e-02	3.20e-08	0.00e+00	0.00e+00	0.00e+00	0.00e+00	0.00e+00	0.00e+00	9.83e-01	2.25e-05	9.81e-06
 1.74173e+22	9.83e-01	1.65e-02	2.86e-08	0.00e+00	0.00e+00	0.00e+00	0.00e+00	0.00e+00	0.00e+00	9.83e-01	2.25e-05	9.81e-06
 1.86565e+22	9.83e-01	1.65e-02	2.52e-08	0.00e+00	0.00e+00	0.00e+00	0.00e+00	0.00e+00	0.00e+00	9.83e-01	2.23e-05	9.81e-06
 1.98765e+22	9.83e-01	1.66e-02	2.25e-08	0.00e+00	0.00e+00	0.00e+00	0.00e+00	0.00e+00	0.00e+00	9.83e-01	2.20e-05	9.81e-06
 2.09745e+22	9.83e-01	1.66e-02	2.04e-08	0.00e+00	0.00e+00	0.00e+00	0.00e+00	0.00e+00	0.00e+00	9.83e-01	2.17e-05	9.82e-06
 2.19628e+22	9.83e-01	1.66e-02	1.88e-08	0.00e+00	0.00e+00	0.00e+00	0.00e+00	0.00e+00	0.00e+00	9.83e-01	2.13e-05	9.82e-06
 2.28522e+22	9.83e-01	1.66e-02	1.75e-08	0.00e+00	0.00e+00	0.00e+00	0.00e+00	0.00e+00	0.00e+00	9.83e-01	2.09e-05	9.82e-06
 2.36526e+22	9.83e-01	1.66e-02	1.65e-08	0.00e+00	0.00e+00	0.00e+00	0.00e+00	0.00e+00	0.00e+00	9.83e-01	2.04e-05	9.82e-06
 2.43730e+22	9.83e-01	1.66e-02	1.56e-08	0.00e+00	0.00e+00	0.00e+00	0.00e+00	0.00e+00	0.00e+00	9.83e-01	2.00e-05	9.82e-06
 2.50214e+22	9.83e-01	1.66e-02	1.49e-08	0.00e+00	0.00e+00	0.00e+00	0.00e+00	0.00e+00	0.00e+00	9.83e-01	1.96e-05	9.82e-06
 2.56050e+22	9.83e-01	1.66e-02	1.43e-08	0.00e+00	0.00e+00	0.00e+00	0.00e+00	0.00e+00	0.00e+00	9.83e-01	1.91e-05	9.82e-06
 2.61301e+22	9.83e-01	1.66e-02	1.38e-08	0.00e+00	0.00e+00	0.00e+00	0.00e+00	0.00e+00	0.00e+00	9.83e-01	1.87e-05	9.82e-06
 2.66028e+22	9.83e-01	1.67e-02	1.34e-08	0.00e+00	0.00e+00	0.00e+00	0.00e+00	0.00e+00	0.00e+00	9.83e-01	1.84e-05	9.82e-06
 2.70282e+22	9.83e-01	1.66e-02	1.30e-08	0.00e+00	0.00e+00	0.00e+00	0.00e+00	0.00e+00	0.00e+00	9.83e-01	1.80e-05	9.82e-06
 2.74111e+22	9.83e-01	1.66e-02	1.27e-08	0.00e+00	0.00e+00	0.00e+00	0.00e+00	0.00e+00	0.00e+00	9.83e-01	1.77e-05	9.82e-06
 2.77556e+22	9.83e-01	1.66e-02	1.24e-08	0.00e+00	0.00e+00	0.00e+00	0.00e+00	0.00e+00	0.00e+00	9.83e-01	1.74e-05	9.82e-06
 2.80731e+22	9.83e-01	1.66e-02	1.22e-08	0.00e+00	0.00e+00	0.00e+00	0.00e+00	0.00e+00	0.00e+00	9.83e-01	1.71e-05	9.82e-06
 2.83817e+22	9.83e-01	1.66e-02	1.20e-08	0.00e+00	0.00e+00	0.00e+00	0.00e+00	0.00e+00	0.00e+00	9.83e-01	1.68e-05	9.82e-06
 2.86903e+22	9.83e-01	1.66e-02	1.17e-08	0.00e+00	0.00e+00	0.00e+00	0.00e+00	0.00e+00	0.00e+00	9.83e-01	1.65e-05	9.81e-06
 2.89988e+22	9.83e-01	1.66e-02	1.15e-08	0.00e+00	0.00e+00	0.00e+00	0.00e+00	0.00e+00	0.00e+00	9.83e-01	1.62e-05	9.81e-06
 2.93074e+22	9.83e-01	1.65e-02	1.13e-08	0.00e+00	0.00e+00	0.00e+00	0.00e+00	0.00e+00	0.00e+00	9.83e-01	1.59e-05	9.81e-06
 2.96160e+22	9.84e-01	1.65e-02	1.11e-08	0.00e+00	0.00e+00	0.00e+00	0.00e+00	0.00e+00	0.00e+00	9.84e-01	1.56e-05	9.80e-06
 2.99245e+22	9.84e-01	1.64e-02	1.09e-08	0.00e+00	0.00e+00	0.00e+00	0.00e+00	0.00e+00	0.00e+00	9.84e-01	1.53e-05	9.80e-06
 3.02121e+22	9.84e-01	1.63e-02	1.07e-08	0.00e+00	0.00e+00	0.00e+00	0.00e+00	0.00e+00	0.00e+00	9.84e-01	1.50e-05	9.79e-06
 3.04476e+22	9.84e-01	1.62e-02	1.06e-08	0.00e+00	0.00e+00	0.00e+00	0.00e+00	0.00e+00	0.00e+00	9.84e-01	1.47e-05	9.79e-06
 3.06396e+22	9.84e-01	1.61e-02	1.04e-08	0.00e+00	0.00e+00	0.00e+00	0.00e+00	0.00e+00	0.00e+00	9.84e-01	1.45e-05	9.78e-06
 3.07931e+22	9.84e-01	1.58e-02	1.03e-08	0.00e+00	0.00e+00	0.00e+00	0.00e+00	0.00e+00	0.00e+00	9.84e-01	1.43e-05	9.76e-06
