#depth	He	He+	He+2
 2.94549e+16	3.19e-05	3.90e-02	9.61e-01
 1.76730e+17	3.19e-05	3.90e-02	9.61e-01
 7.65828e+17	3.19e-05	3.91e-02	9.61e-01
 3.12222e+18	3.21e-05	3.99e-02	9.60e-01
 7.45799e+18	3.16e-05	3.98e-02	9.60e-01
 1.30945e+19	3.27e-05	4.08e-02	9.59e-01
 2.04219e+19	3.52e-05	4.30e-02	9.57e-01
 2.99476e+19	4.01e-05	4.73e-02	9.53e-01
 3.94580e+19	4.55e-05	5.23e-02	9.48e-01
 4.69311e+19	5.15e-05	5.77e-02	9.42e-01
 5.33805e+19	5.83e-05	6.39e-02	9.36e-01
 5.93939e+19	6.63e-05	7.09e-02	9.29e-01
 6.50133e+19	7.55e-05	7.90e-02	9.21e-01
 7.02617e+19	8.60e-05	8.81e-02	9.12e-01
 7.52107e+19	9.82e-05	9.84e-02	9.01e-01
 7.96587e+19	1.11e-04	1.09e-01	8.90e-01
 8.35772e+19	1.25e-04	1.21e-01	8.79e-01
 8.71233e+19	1.39e-04	1.33e-01	8.67e-01
 9.04422e+19	1.56e-04	1.46e-01	8.54e-01
 9.35706e+19	1.73e-04	1.60e-01	8.40e-01
 9.65207e+19	1.92e-04	1.74e-01	8.26e-01
 9.94491e+19	2.14e-04	1.91e-01	8.09e-01
 1.02794e+20	2.44e-04	2.12e-01	7.88e-01
 1.06065e+20	2.75e-04	2.35e-01	7.65e-01
 1.08695e+20	3.06e-04	2.56e-01	7.44e-01
 1.11066e+20	3.36e-04	2.76e-01	7.24e-01
 1.13645e+20	3.74e-04	3.00e-01	7.00e-01
 1.16443e+20	4.18e-04	3.27e-01	6.73e-01
 1.18922e+20	4.61e-04	3.52e-01	6.47e-01
 1.21183e+20	5.03e-04	3.77e-01	6.23e-01
 1.23768e+20	5.61e-04	4.06e-01	5.93e-01
 1.26419e+20	6.20e-04	4.36e-01	5.63e-01
 1.28665e+20	6.74e-04	4.62e-01	5.38e-01
 1.31093e+20	7.40e-04	4.90e-01	5.09e-01
 1.33754e+20	8.18e-04	5.21e-01	4.79e-01
 1.36105e+20	8.86e-04	5.46e-01	4.53e-01
 1.38549e+20	9.68e-04	5.74e-01	4.25e-01
 1.41269e+20	1.06e-03	6.02e-01	3.97e-01
 1.43310e+20	1.13e-03	6.21e-01	3.78e-01
 1.44590e+20	1.18e-03	6.33e-01	3.66e-01
 1.45918e+20	1.23e-03	6.46e-01	3.53e-01
 1.47645e+20	1.31e-03	6.62e-01	3.37e-01
 1.49518e+20	1.39e-03	6.78e-01	3.20e-01
 1.51202e+20	1.46e-03	6.92e-01	3.07e-01
 1.52763e+20	1.53e-03	7.04e-01	2.94e-01
 1.54540e+20	1.62e-03	7.18e-01	2.80e-01
 1.56461e+20	1.72e-03	7.32e-01	2.67e-01
 1.58217e+20	1.82e-03	7.43e-01	2.55e-01
 1.59814e+20	1.91e-03	7.53e-01	2.45e-01
 1.61552e+20	2.02e-03	7.64e-01	2.34e-01
 1.63448e+20	2.14e-03	7.75e-01	2.23e-01
 1.65212e+20	2.26e-03	7.84e-01	2.13e-01
 1.66824e+20	2.38e-03	7.93e-01	2.05e-01
 1.68577e+20	2.52e-03	8.02e-01	1.96e-01
 1.70533e+20	2.68e-03	8.11e-01	1.87e-01
 1.72317e+20	2.85e-03	8.18e-01	1.79e-01
 1.73857e+20	3.00e-03	8.24e-01	1.73e-01
 1.75519e+20	3.19e-03	8.31e-01	1.66e-01
 1.77377e+20	3.41e-03	8.38e-01	1.59e-01
 1.79141e+20	3.63e-03	8.43e-01	1.53e-01
 1.80742e+20	3.87e-03	8.48e-01	1.48e-01
 1.82477e+20	4.15e-03	8.54e-01	1.42e-01
 1.84378e+20	4.49e-03	8.59e-01	1.36e-01
 1.86060e+20	4.81e-03	8.63e-01	1.32e-01
 1.87512e+20	5.15e-03	8.67e-01	1.28e-01
 1.89102e+20	5.56e-03	8.71e-01	1.23e-01
 1.90820e+20	6.05e-03	8.75e-01	1.19e-01
 1.92349e+20	6.55e-03	8.78e-01	1.16e-01
 1.93683e+20	7.06e-03	8.80e-01	1.13e-01
 1.95118e+20	7.68e-03	8.83e-01	1.09e-01
 1.96633e+20	8.42e-03	8.85e-01	1.06e-01
 1.97924e+20	9.18e-03	8.87e-01	1.04e-01
 1.99090e+20	9.93e-03	8.89e-01	1.02e-01
 2.00423e+20	1.10e-02	8.90e-01	9.88e-02
 2.01820e+20	1.22e-02	8.91e-01	9.64e-02
 2.02980e+20	1.35e-02	8.92e-01	9.44e-02
 2.03990e+20	1.48e-02	8.93e-01	9.26e-02
 2.04968e+20	1.62e-02	8.93e-01	9.12e-02
 2.06086e+20	1.82e-02	8.93e-01	8.93e-02
 2.07239e+20	2.06e-02	8.92e-01	8.76e-02
 2.08162e+20	2.30e-02	8.91e-01	8.62e-02
 2.08940e+20	2.52e-02	8.89e-01	8.54e-02
 2.09801e+20	2.83e-02	8.87e-01	8.43e-02
 2.10921e+20	3.31e-02	8.84e-01	8.29e-02
 2.12019e+20	3.90e-02	8.79e-01	8.21e-02
 2.12808e+20	4.45e-02	8.74e-01	8.15e-02
 2.13420e+20	4.93e-02	8.69e-01	8.13e-02
 2.14085e+20	5.57e-02	8.63e-01	8.10e-02
 2.14816e+20	6.36e-02	8.55e-01	8.11e-02
 2.15484e+20	7.25e-02	8.46e-01	8.12e-02
 2.16079e+20	8.16e-02	8.37e-01	8.15e-02
 2.16677e+20	9.25e-02	8.26e-01	8.18e-02
 2.17297e+20	1.05e-01	8.12e-01	8.24e-02
 2.17865e+20	1.19e-01	7.98e-01	8.28e-02
 2.18386e+20	1.34e-01	7.83e-01	8.35e-02
 2.18867e+20	1.48e-01	7.68e-01	8.39e-02
 2.19312e+20	1.64e-01	7.52e-01	8.42e-02
 2.19754e+20	1.80e-01	7.35e-01	8.45e-02
 2.20195e+20	1.99e-01	7.17e-01	8.45e-02
 2.20634e+20	2.18e-01	6.98e-01	8.45e-02
 2.21003e+20	2.34e-01	6.81e-01	8.43e-02
 2.21274e+20	2.47e-01	6.69e-01	8.39e-02
 2.21542e+20	2.61e-01	6.56e-01	8.35e-02
 2.21866e+20	2.78e-01	6.40e-01	8.28e-02
 2.22228e+20	2.96e-01	6.22e-01	8.21e-02
 2.22612e+20	3.16e-01	6.03e-01	8.09e-02
 2.23019e+20	3.36e-01	5.85e-01	7.97e-02
 2.23466e+20	3.57e-01	5.65e-01	7.82e-02
 2.23988e+20	3.80e-01	5.43e-01	7.64e-02
 2.24588e+20	4.04e-01	5.22e-01	7.42e-02
 2.25211e+20	4.24e-01	5.04e-01	7.24e-02
 2.25816e+20	4.40e-01	4.90e-01	7.05e-02
 2.26406e+20	4.52e-01	4.79e-01	6.91e-02
 2.26985e+20	4.63e-01	4.70e-01	6.73e-02
 2.27645e+20	4.71e-01	4.63e-01	6.64e-02
 2.28504e+20	4.80e-01	4.56e-01	6.49e-02
 2.29619e+20	4.88e-01	4.49e-01	6.31e-02
 2.31070e+20	4.96e-01	4.43e-01	6.12e-02
 2.32956e+20	5.05e-01	4.37e-01	5.89e-02
 2.35407e+20	5.14e-01	4.29e-01	5.61e-02
 2.38594e+20	5.27e-01	4.21e-01	5.28e-02
 2.42737e+20	5.41e-01	4.10e-01	4.90e-02
 2.48123e+20	5.59e-01	3.96e-01	4.45e-02
 2.54583e+20	5.79e-01	3.81e-01	3.99e-02
 2.61466e+20	5.99e-01	3.65e-01	3.58e-02
 2.68416e+20	6.17e-01	3.51e-01	3.21e-02
 2.75524e+20	6.34e-01	3.37e-01	2.90e-02
 2.82925e+20	6.51e-01	3.23e-01	2.61e-02
 2.90657e+20	6.68e-01	3.09e-01	2.35e-02
 2.98701e+20	6.83e-01	2.96e-01	2.11e-02
 3.07019e+20	6.98e-01	2.83e-01	1.90e-02
 3.15622e+20	7.12e-01	2.71e-01	1.71e-02
 3.24531e+20	7.26e-01	2.59e-01	1.54e-02
 3.33757e+20	7.39e-01	2.47e-01	1.39e-02
 3.43307e+20	7.51e-01	2.36e-01	1.25e-02
 3.53182e+20	7.63e-01	2.25e-01	1.13e-02
 3.63389e+20	7.75e-01	2.15e-01	1.02e-02
 3.73916e+20	7.86e-01	2.05e-01	9.17e-03
 3.84767e+20	7.96e-01	1.96e-01	8.27e-03
 3.95975e+20	8.06e-01	1.87e-01	7.47e-03
 4.07560e+20	8.15e-01	1.78e-01	6.74e-03
 4.19491e+20	8.24e-01	1.70e-01	6.09e-03
 4.31744e+20	8.32e-01	1.62e-01	5.51e-03
 4.44250e+20	8.40e-01	1.55e-01	4.98e-03
 4.57110e+20	8.48e-01	1.48e-01	4.51e-03
 4.70433e+20	8.55e-01	1.41e-01	4.08e-03
 4.84093e+20	8.62e-01	1.34e-01	3.69e-03
 4.98051e+20	8.69e-01	1.28e-01	3.34e-03
 5.12339e+20	8.75e-01	1.22e-01	3.03e-03
 5.26983e+20	8.81e-01	1.17e-01	2.75e-03
 5.41977e+20	8.86e-01	1.11e-01	2.50e-03
 5.57307e+20	8.91e-01	1.06e-01	2.27e-03
 5.72854e+20	8.96e-01	1.02e-01	2.06e-03
 5.88830e+20	9.01e-01	9.70e-02	1.87e-03
 6.05343e+20	9.06e-01	9.26e-02	1.70e-03
 6.22156e+20	9.10e-01	8.84e-02	1.54e-03
 6.39269e+20	9.14e-01	8.45e-02	1.41e-03
 6.56700e+20	9.18e-01	8.08e-02	1.28e-03
 6.74485e+20	9.22e-01	7.72e-02	1.17e-03
 6.92673e+20	9.25e-01	7.39e-02	1.06e-03
 7.11211e+20	9.28e-01	7.07e-02	9.71e-04
 7.30092e+20	9.32e-01	6.76e-02	8.86e-04
 7.49427e+20	9.35e-01	6.47e-02	8.09e-04
 7.69177e+20	9.37e-01	6.19e-02	7.39e-04
 7.89180e+20	9.40e-01	5.92e-02	6.75e-04
 8.09409e+20	9.43e-01	5.67e-02	6.17e-04
 8.29608e+20	9.45e-01	5.43e-02	5.66e-04
 8.49380e+20	9.47e-01	5.21e-02	5.20e-04
 8.68661e+20	9.49e-01	5.01e-02	4.80e-04
 8.87527e+20	9.51e-01	4.83e-02	4.44e-04
 9.05910e+20	9.53e-01	4.65e-02	4.12e-04
 9.23641e+20	9.55e-01	4.50e-02	3.84e-04
 9.40596e+20	9.56e-01	4.35e-02	3.59e-04
 9.56697e+20	9.57e-01	4.22e-02	3.38e-04
 9.71887e+20	9.59e-01	4.11e-02	3.21e-04
