#depth	O	O+	O+2	O+3	O+4	O+5	O+6	O+7	O+8	O[1]	O[2]	O[3]
 2.14208e+16	6.23e-02	8.78e-01	5.96e-02	1.52e-04	6.74e-07	0.00e+00	0.00e+00	0.00e+00	0.00e+00	6.23e-02	4.70e-07	4.97e-07
 1.28525e+17	6.23e-02	8.78e-01	5.96e-02	1.52e-04	6.72e-07	0.00e+00	0.00e+00	0.00e+00	0.00e+00	6.23e-02	4.71e-07	4.97e-07
 5.56941e+17	6.20e-02	8.78e-01	6.00e-02	1.53e-04	6.75e-07	0.00e+00	0.00e+00	0.00e+00	0.00e+00	6.20e-02	4.69e-07	4.96e-07
 2.27061e+18	6.15e-02	8.77e-01	6.11e-02	1.54e-04	6.84e-07	0.00e+00	0.00e+00	0.00e+00	0.00e+00	6.15e-02	4.65e-07	4.92e-07
 5.42375e+18	5.76e-02	8.76e-01	6.62e-02	1.71e-04	7.54e-07	0.00e+00	0.00e+00	0.00e+00	0.00e+00	5.76e-02	4.36e-07	4.62e-07
 9.52283e+18	5.61e-02	8.75e-01	6.84e-02	1.75e-04	7.74e-07	0.00e+00	0.00e+00	0.00e+00	0.00e+00	5.61e-02	4.25e-07	4.50e-07
 1.48516e+19	5.62e-02	8.75e-01	6.83e-02	1.67e-04	7.53e-07	0.00e+00	0.00e+00	0.00e+00	0.00e+00	5.62e-02	4.25e-07	4.51e-07
 2.17791e+19	5.83e-02	8.76e-01	6.56e-02	1.47e-04	6.88e-07	0.00e+00	0.00e+00	0.00e+00	0.00e+00	5.83e-02	4.41e-07	4.67e-07
 3.02717e+19	6.27e-02	8.77e-01	6.03e-02	1.18e-04	5.90e-07	0.00e+00	0.00e+00	0.00e+00	0.00e+00	6.26e-02	4.73e-07	5.00e-07
 3.91289e+19	6.92e-02	8.77e-01	5.36e-02	9.01e-05	4.85e-07	0.00e+00	0.00e+00	0.00e+00	0.00e+00	6.92e-02	5.21e-07	5.50e-07
 4.83122e+19	7.98e-02	8.75e-01	4.50e-02	6.22e-05	3.72e-07	0.00e+00	0.00e+00	0.00e+00	0.00e+00	7.98e-02	5.96e-07	6.29e-07
 5.87397e+19	9.66e-02	8.68e-01	3.53e-02	3.80e-05	2.61e-07	0.00e+00	0.00e+00	0.00e+00	0.00e+00	9.66e-02	7.14e-07	7.51e-07
 6.94743e+19	1.21e-01	8.53e-01	2.61e-02	2.12e-05	1.72e-07	0.00e+00	0.00e+00	0.00e+00	0.00e+00	1.21e-01	8.81e-07	9.24e-07
 7.87560e+19	1.52e-01	8.29e-01	1.91e-02	1.18e-05	0.00e+00	0.00e+00	0.00e+00	0.00e+00	0.00e+00	1.52e-01	1.08e-06	1.13e-06
 8.60461e+19	1.85e-01	8.01e-01	1.44e-02	7.13e-06	0.00e+00	0.00e+00	0.00e+00	0.00e+00	0.00e+00	1.85e-01	1.27e-06	1.33e-06
 9.21130e+19	2.18e-01	7.71e-01	1.11e-02	4.57e-06	0.00e+00	0.00e+00	0.00e+00	0.00e+00	0.00e+00	2.18e-01	1.46e-06	1.52e-06
 9.77751e+19	2.54e-01	7.37e-01	8.59e-03	2.99e-06	0.00e+00	0.00e+00	0.00e+00	0.00e+00	0.00e+00	2.54e-01	1.65e-06	1.72e-06
 1.03370e+20	2.95e-01	6.98e-01	6.57e-03	1.96e-06	0.00e+00	0.00e+00	0.00e+00	0.00e+00	0.00e+00	2.95e-01	1.83e-06	1.91e-06
 1.08618e+20	3.37e-01	6.58e-01	5.07e-03	1.32e-06	0.00e+00	0.00e+00	0.00e+00	0.00e+00	0.00e+00	3.37e-01	2.00e-06	2.09e-06
 1.13060e+20	3.75e-01	6.21e-01	4.05e-03	9.56e-07	0.00e+00	0.00e+00	0.00e+00	0.00e+00	0.00e+00	3.75e-01	2.13e-06	2.22e-06
 1.16710e+20	4.07e-01	5.90e-01	3.36e-03	7.38e-07	0.00e+00	0.00e+00	0.00e+00	0.00e+00	0.00e+00	4.07e-01	2.23e-06	2.32e-06
 1.19987e+20	4.35e-01	5.62e-01	2.83e-03	5.89e-07	0.00e+00	0.00e+00	0.00e+00	0.00e+00	0.00e+00	4.35e-01	2.30e-06	2.39e-06
 1.23173e+20	4.63e-01	5.34e-01	2.40e-03	4.76e-07	0.00e+00	0.00e+00	0.00e+00	0.00e+00	0.00e+00	4.63e-01	2.36e-06	2.45e-06
 1.26286e+20	4.90e-01	5.08e-01	2.04e-03	3.90e-07	0.00e+00	0.00e+00	0.00e+00	0.00e+00	0.00e+00	4.90e-01	2.41e-06	2.50e-06
 1.29316e+20	5.15e-01	4.83e-01	1.75e-03	3.25e-07	0.00e+00	0.00e+00	0.00e+00	0.00e+00	0.00e+00	5.15e-01	2.44e-06	2.53e-06
 1.32204e+20	5.39e-01	4.59e-01	1.51e-03	2.75e-07	0.00e+00	0.00e+00	0.00e+00	0.00e+00	0.00e+00	5.39e-01	2.46e-06	2.55e-06
 1.34991e+20	5.61e-01	4.38e-01	1.31e-03	2.35e-07	0.00e+00	0.00e+00	0.00e+00	0.00e+00	0.00e+00	5.61e-01	2.47e-06	2.56e-06
 1.37745e+20	5.81e-01	4.18e-01	1.15e-03	2.04e-07	0.00e+00	0.00e+00	0.00e+00	0.00e+00	0.00e+00	5.81e-01	2.48e-06	2.57e-06
 1.39945e+20	5.96e-01	4.03e-01	1.03e-03	1.83e-07	0.00e+00	0.00e+00	0.00e+00	0.00e+00	0.00e+00	5.96e-01	2.47e-06	2.57e-06
 1.41502e+20	6.07e-01	3.92e-01	9.59e-04	1.70e-07	0.00e+00	0.00e+00	0.00e+00	0.00e+00	0.00e+00	6.07e-01	2.47e-06	2.56e-06
 1.43034e+20	6.18e-01	3.81e-01	8.87e-04	1.57e-07	0.00e+00	0.00e+00	0.00e+00	0.00e+00	0.00e+00	6.18e-01	2.47e-06	2.56e-06
 1.44778e+20	6.29e-01	3.70e-01	8.16e-04	1.45e-07	0.00e+00	0.00e+00	0.00e+00	0.00e+00	0.00e+00	6.29e-01	2.46e-06	2.55e-06
 1.46709e+20	6.41e-01	3.58e-01	7.43e-04	1.33e-07	0.00e+00	0.00e+00	0.00e+00	0.00e+00	0.00e+00	6.41e-01	2.45e-06	2.53e-06
 1.48698e+20	6.53e-01	3.46e-01	6.76e-04	0.00e+00	0.00e+00	0.00e+00	0.00e+00	0.00e+00	0.00e+00	6.53e-01	2.43e-06	2.52e-06
 1.50638e+20	6.64e-01	3.35e-01	6.18e-04	0.00e+00	0.00e+00	0.00e+00	0.00e+00	0.00e+00	0.00e+00	6.64e-01	2.42e-06	2.50e-06
 1.52617e+20	6.75e-01	3.24e-01	5.63e-04	0.00e+00	0.00e+00	0.00e+00	0.00e+00	0.00e+00	0.00e+00	6.75e-01	2.40e-06	2.49e-06
 1.54679e+20	6.86e-01	3.14e-01	5.13e-04	0.00e+00	0.00e+00	0.00e+00	0.00e+00	0.00e+00	0.00e+00	6.86e-01	2.39e-06	2.47e-06
 1.56816e+20	6.97e-01	3.03e-01	4.65e-04	0.00e+00	0.00e+00	0.00e+00	0.00e+00	0.00e+00	0.00e+00	6.97e-01	2.36e-06	2.45e-06
 1.59007e+20	7.07e-01	2.93e-01	4.22e-04	0.00e+00	0.00e+00	0.00e+00	0.00e+00	0.00e+00	0.00e+00	7.07e-01	2.34e-06	2.42e-06
 1.61270e+20	7.17e-01	2.82e-01	3.81e-04	0.00e+00	0.00e+00	0.00e+00	0.00e+00	0.00e+00	0.00e+00	7.17e-01	2.32e-06	2.40e-06
 1.63622e+20	7.27e-01	2.72e-01	3.44e-04	0.00e+00	0.00e+00	0.00e+00	0.00e+00	0.00e+00	0.00e+00	7.27e-01	2.30e-06	2.37e-06
 1.66008e+20	7.37e-01	2.63e-01	3.10e-04	0.00e+00	0.00e+00	0.00e+00	0.00e+00	0.00e+00	0.00e+00	7.37e-01	2.27e-06	2.35e-06
 1.68461e+20	7.46e-01	2.53e-01	2.79e-04	0.00e+00	0.00e+00	0.00e+00	0.00e+00	0.00e+00	0.00e+00	7.46e-01	2.25e-06	2.32e-06
 1.71032e+20	7.56e-01	2.44e-01	2.50e-04	0.00e+00	0.00e+00	0.00e+00	0.00e+00	0.00e+00	0.00e+00	7.56e-01	2.22e-06	2.29e-06
 1.73681e+20	7.65e-01	2.35e-01	2.24e-04	0.00e+00	0.00e+00	0.00e+00	0.00e+00	0.00e+00	0.00e+00	7.65e-01	2.19e-06	2.26e-06
 1.76406e+20	7.74e-01	2.26e-01	2.00e-04	0.00e+00	0.00e+00	0.00e+00	0.00e+00	0.00e+00	0.00e+00	7.74e-01	2.16e-06	2.23e-06
 1.79218e+20	7.82e-01	2.18e-01	1.79e-04	0.00e+00	0.00e+00	0.00e+00	0.00e+00	0.00e+00	0.00e+00	7.82e-01	2.13e-06	2.20e-06
 1.82134e+20	7.91e-01	2.09e-01	1.59e-04	0.00e+00	0.00e+00	0.00e+00	0.00e+00	0.00e+00	0.00e+00	7.91e-01	2.10e-06	2.16e-06
 1.85164e+20	7.99e-01	2.01e-01	1.41e-04	0.00e+00	0.00e+00	0.00e+00	0.00e+00	0.00e+00	0.00e+00	7.99e-01	2.07e-06	2.13e-06
 1.88254e+20	8.07e-01	1.93e-01	1.25e-04	0.00e+00	0.00e+00	0.00e+00	0.00e+00	0.00e+00	0.00e+00	8.07e-01	2.03e-06	2.09e-06
 1.91437e+20	8.14e-01	1.86e-01	1.11e-04	0.00e+00	0.00e+00	0.00e+00	0.00e+00	0.00e+00	0.00e+00	8.14e-01	2.00e-06	2.06e-06
 1.94770e+20	8.22e-01	1.78e-01	9.81e-05	0.00e+00	0.00e+00	0.00e+00	0.00e+00	0.00e+00	0.00e+00	8.22e-01	1.97e-06	2.03e-06
 1.98209e+20	8.29e-01	1.71e-01	8.66e-05	0.00e+00	0.00e+00	0.00e+00	0.00e+00	0.00e+00	0.00e+00	8.29e-01	1.94e-06	1.99e-06
 2.01747e+20	8.36e-01	1.64e-01	7.63e-05	0.00e+00	0.00e+00	0.00e+00	0.00e+00	0.00e+00	0.00e+00	8.36e-01	1.91e-06	1.96e-06
 2.05408e+20	8.42e-01	1.58e-01	6.72e-05	0.00e+00	0.00e+00	0.00e+00	0.00e+00	0.00e+00	0.00e+00	8.42e-01	1.87e-06	1.92e-06
 2.09169e+20	8.49e-01	1.51e-01	5.92e-05	0.00e+00	0.00e+00	0.00e+00	0.00e+00	0.00e+00	0.00e+00	8.49e-01	1.84e-06	1.89e-06
 2.13039e+20	8.55e-01	1.45e-01	5.21e-05	0.00e+00	0.00e+00	0.00e+00	0.00e+00	0.00e+00	0.00e+00	8.55e-01	1.81e-06	1.86e-06
 2.17003e+20	8.60e-01	1.39e-01	4.59e-05	0.00e+00	0.00e+00	0.00e+00	0.00e+00	0.00e+00	0.00e+00	8.60e-01	1.78e-06	1.83e-06
 2.21084e+20	8.66e-01	1.34e-01	4.05e-05	0.00e+00	0.00e+00	0.00e+00	0.00e+00	0.00e+00	0.00e+00	8.66e-01	1.76e-06	1.80e-06
 2.25307e+20	8.71e-01	1.29e-01	3.58e-05	0.00e+00	0.00e+00	0.00e+00	0.00e+00	0.00e+00	0.00e+00	8.71e-01	1.73e-06	1.77e-06
 2.29648e+20	8.76e-01	1.24e-01	3.16e-05	0.00e+00	0.00e+00	0.00e+00	0.00e+00	0.00e+00	0.00e+00	8.76e-01	1.70e-06	1.74e-06
 2.34130e+20	8.80e-01	1.20e-01	2.80e-05	0.00e+00	0.00e+00	0.00e+00	0.00e+00	0.00e+00	0.00e+00	8.80e-01	1.68e-06	1.71e-06
 2.38817e+20	8.85e-01	1.15e-01	2.48e-05	0.00e+00	0.00e+00	0.00e+00	0.00e+00	0.00e+00	0.00e+00	8.85e-01	1.65e-06	1.69e-06
 2.43725e+20	8.89e-01	1.11e-01	2.20e-05	0.00e+00	0.00e+00	0.00e+00	0.00e+00	0.00e+00	0.00e+00	8.89e-01	1.63e-06	1.66e-06
 2.48875e+20	8.93e-01	1.07e-01	1.95e-05	0.00e+00	0.00e+00	0.00e+00	0.00e+00	0.00e+00	0.00e+00	8.93e-01	1.61e-06	1.64e-06
 2.54274e+20	8.97e-01	1.03e-01	1.74e-05	0.00e+00	0.00e+00	0.00e+00	0.00e+00	0.00e+00	0.00e+00	8.97e-01	1.58e-06	1.62e-06
 2.59994e+20	9.00e-01	9.99e-02	1.55e-05	0.00e+00	0.00e+00	0.00e+00	0.00e+00	0.00e+00	0.00e+00	9.00e-01	1.56e-06	1.59e-06
 2.66168e+20	9.03e-01	9.66e-02	1.38e-05	0.00e+00	0.00e+00	0.00e+00	0.00e+00	0.00e+00	0.00e+00	9.03e-01	1.54e-06	1.57e-06
 2.72778e+20	9.07e-01	9.35e-02	1.23e-05	0.00e+00	0.00e+00	0.00e+00	0.00e+00	0.00e+00	0.00e+00	9.07e-01	1.52e-06	1.55e-06
 2.79878e+20	9.09e-01	9.05e-02	1.10e-05	0.00e+00	0.00e+00	0.00e+00	0.00e+00	0.00e+00	0.00e+00	9.09e-01	1.51e-06	1.53e-06
 2.87648e+20	9.12e-01	8.77e-02	9.83e-06	0.00e+00	0.00e+00	0.00e+00	0.00e+00	0.00e+00	0.00e+00	9.12e-01	1.49e-06	1.51e-06
 2.96208e+20	9.15e-01	8.51e-02	8.81e-06	0.00e+00	0.00e+00	0.00e+00	0.00e+00	0.00e+00	0.00e+00	9.15e-01	1.47e-06	1.50e-06
 3.05724e+20	9.17e-01	8.26e-02	7.90e-06	0.00e+00	0.00e+00	0.00e+00	0.00e+00	0.00e+00	0.00e+00	9.17e-01	1.46e-06	1.48e-06
 3.16415e+20	9.20e-01	8.02e-02	7.08e-06	0.00e+00	0.00e+00	0.00e+00	0.00e+00	0.00e+00	0.00e+00	9.20e-01	1.44e-06	1.46e-06
 3.28539e+20	9.22e-01	7.79e-02	6.36e-06	0.00e+00	0.00e+00	0.00e+00	0.00e+00	0.00e+00	0.00e+00	9.22e-01	1.43e-06	1.45e-06
 3.42411e+20	9.24e-01	7.58e-02	5.70e-06	0.00e+00	0.00e+00	0.00e+00	0.00e+00	0.00e+00	0.00e+00	9.24e-01	1.41e-06	1.43e-06
 3.58392e+20	9.26e-01	7.37e-02	5.12e-06	0.00e+00	0.00e+00	0.00e+00	0.00e+00	0.00e+00	0.00e+00	9.26e-01	1.40e-06	1.42e-06
 3.76911e+20	9.28e-01	7.17e-02	4.58e-06	0.00e+00	0.00e+00	0.00e+00	0.00e+00	0.00e+00	0.00e+00	9.28e-01	1.38e-06	1.40e-06
 3.98441e+20	9.30e-01	6.98e-02	4.10e-06	0.00e+00	0.00e+00	0.00e+00	0.00e+00	0.00e+00	0.00e+00	9.30e-01	1.37e-06	1.39e-06
 4.23463e+20	9.32e-01	6.79e-02	3.67e-06	0.00e+00	0.00e+00	0.00e+00	0.00e+00	0.00e+00	0.00e+00	9.32e-01	1.36e-06	1.38e-06
 4.52469e+20	9.34e-01	6.61e-02	3.28e-06	0.00e+00	0.00e+00	0.00e+00	0.00e+00	0.00e+00	0.00e+00	9.34e-01	1.35e-06	1.36e-06
 4.85918e+20	9.36e-01	6.43e-02	2.92e-06	0.00e+00	0.00e+00	0.00e+00	0.00e+00	0.00e+00	0.00e+00	9.36e-01	1.33e-06	1.35e-06
 5.24492e+20	9.37e-01	6.26e-02	2.61e-06	0.00e+00	0.00e+00	0.00e+00	0.00e+00	0.00e+00	0.00e+00	9.37e-01	1.32e-06	1.34e-06
 5.68948e+20	9.39e-01	6.09e-02	2.33e-06	0.00e+00	0.00e+00	0.00e+00	0.00e+00	0.00e+00	0.00e+00	9.39e-01	1.31e-06	1.33e-06
 6.20502e+20	9.41e-01	5.93e-02	2.08e-06	0.00e+00	0.00e+00	0.00e+00	0.00e+00	0.00e+00	0.00e+00	9.41e-01	1.30e-06	1.32e-06
 6.80682e+20	9.42e-01	5.77e-02	1.86e-06	0.00e+00	0.00e+00	0.00e+00	0.00e+00	0.00e+00	0.00e+00	9.42e-01	1.29e-06	1.30e-06
 7.48723e+20	9.44e-01	5.63e-02	1.68e-06	0.00e+00	0.00e+00	0.00e+00	0.00e+00	0.00e+00	0.00e+00	9.44e-01	1.28e-06	1.29e-06
 8.23595e+20	9.45e-01	5.50e-02	1.53e-06	0.00e+00	0.00e+00	0.00e+00	0.00e+00	0.00e+00	0.00e+00	9.45e-01	1.27e-06	1.28e-06
 9.05954e+20	9.46e-01	5.39e-02	1.40e-06	0.00e+00	0.00e+00	0.00e+00	0.00e+00	0.00e+00	0.00e+00	9.46e-01	1.26e-06	1.28e-06
 9.96550e+20	9.47e-01	5.29e-02	1.30e-06	0.00e+00	0.00e+00	0.00e+00	0.00e+00	0.00e+00	0.00e+00	9.47e-01	1.26e-06	1.27e-06
 1.09620e+21	9.48e-01	5.20e-02	1.21e-06	0.00e+00	0.00e+00	0.00e+00	0.00e+00	0.00e+00	0.00e+00	9.48e-01	1.25e-06	1.26e-06
 1.20583e+21	9.49e-01	5.12e-02	1.14e-06	0.00e+00	0.00e+00	0.00e+00	0.00e+00	0.00e+00	0.00e+00	9.49e-01	1.25e-06	1.26e-06
 1.32641e+21	9.49e-01	5.05e-02	1.07e-06	0.00e+00	0.00e+00	0.00e+00	0.00e+00	0.00e+00	0.00e+00	9.49e-01	1.24e-06	1.25e-06
 1.45905e+21	9.50e-01	4.99e-02	1.02e-06	0.00e+00	0.00e+00	0.00e+00	0.00e+00	0.00e+00	0.00e+00	9.50e-01	1.24e-06	1.25e-06
 1.60495e+21	9.51e-01	4.94e-02	9.71e-07	0.00e+00	0.00e+00	0.00e+00	0.00e+00	0.00e+00	0.00e+00	9.51e-01	1.24e-06	1.24e-06
 1.76545e+21	9.51e-01	4.90e-02	9.29e-07	0.00e+00	0.00e+00	0.00e+00	0.00e+00	0.00e+00	0.00e+00	9.51e-01	1.23e-06	1.24e-06
 1.94199e+21	9.51e-01	4.87e-02	8.92e-07	0.00e+00	0.00e+00	0.00e+00	0.00e+00	0.00e+00	0.00e+00	9.51e-01	1.23e-06	1.24e-06
 2.13619e+21	9.52e-01	4.83e-02	8.58e-07	0.00e+00	0.00e+00	0.00e+00	0.00e+00	0.00e+00	0.00e+00	9.52e-01	1.23e-06	1.24e-06
 2.34981e+21	9.52e-01	4.81e-02	8.27e-07	0.00e+00	0.00e+00	0.00e+00	0.00e+00	0.00e+00	0.00e+00	9.52e-01	1.23e-06	1.23e-06
 2.58479e+21	9.52e-01	4.78e-02	7.98e-07	0.00e+00	0.00e+00	0.00e+00	0.00e+00	0.00e+00	0.00e+00	9.52e-01	1.23e-06	1.23e-06
 2.84327e+21	9.52e-01	4.76e-02	7.71e-07	0.00e+00	0.00e+00	0.00e+00	0.00e+00	0.00e+00	0.00e+00	9.52e-01	1.23e-06	1.23e-06
 3.12760e+21	9.53e-01	4.75e-02	7.46e-07	0.00e+00	0.00e+00	0.00e+00	0.00e+00	0.00e+00	0.00e+00	9.53e-01	1.23e-06	1.23e-06
 3.44036e+21	9.53e-01	4.74e-02	7.21e-07	0.00e+00	0.00e+00	0.00e+00	0.00e+00	0.00e+00	0.00e+00	9.53e-01	1.23e-06	1.23e-06
 3.78440e+21	9.53e-01	4.73e-02	6.96e-07	0.00e+00	0.00e+00	0.00e+00	0.00e+00	0.00e+00	0.00e+00	9.53e-01	1.23e-06	1.23e-06
 4.16284e+21	9.53e-01	4.72e-02	6.73e-07	0.00e+00	0.00e+00	0.00e+00	0.00e+00	0.00e+00	0.00e+00	9.53e-01	1.23e-06	1.23e-06
 4.57912e+21	9.53e-01	4.71e-02	6.49e-07	0.00e+00	0.00e+00	0.00e+00	0.00e+00	0.00e+00	0.00e+00	9.53e-01	1.23e-06	1.23e-06
 5.03703e+21	9.53e-01	4.71e-02	6.25e-07	0.00e+00	0.00e+00	0.00e+00	0.00e+00	0.00e+00	0.00e+00	9.53e-01	1.23e-06	1.23e-06
 5.54074e+21	9.53e-01	4.71e-02	6.01e-07	0.00e+00	0.00e+00	0.00e+00	0.00e+00	0.00e+00	0.00e+00	9.53e-01	1.23e-06	1.23e-06
 6.09481e+21	9.53e-01	4.71e-02	5.76e-07	0.00e+00	0.00e+00	0.00e+00	0.00e+00	0.00e+00	0.00e+00	9.53e-01	1.23e-06	1.23e-06
 6.70429e+21	9.53e-01	4.71e-02	5.52e-07	0.00e+00	0.00e+00	0.00e+00	0.00e+00	0.00e+00	0.00e+00	9.53e-01	1.23e-06	1.23e-06
 7.37472e+21	9.53e-01	4.71e-02	5.27e-07	0.00e+00	0.00e+00	0.00e+00	0.00e+00	0.00e+00	0.00e+00	9.53e-01	1.23e-06	1.23e-06
 8.11219e+21	9.53e-01	4.72e-02	5.01e-07	0.00e+00	0.00e+00	0.00e+00	0.00e+00	0.00e+00	0.00e+00	9.53e-01	1.23e-06	1.23e-06
 8.92341e+21	9.53e-01	4.72e-02	4.76e-07	0.00e+00	0.00e+00	0.00e+00	0.00e+00	0.00e+00	0.00e+00	9.53e-01	1.23e-06	1.23e-06
 9.81575e+21	9.53e-01	4.73e-02	4.50e-07	0.00e+00	0.00e+00	0.00e+00	0.00e+00	0.00e+00	0.00e+00	9.53e-01	1.23e-06	1.23e-06
 1.07973e+22	9.53e-01	4.73e-02	4.24e-07	0.00e+00	0.00e+00	0.00e+00	0.00e+00	0.00e+00	0.00e+00	9.53e-01	1.23e-06	1.23e-06
 1.18771e+22	9.53e-01	4.74e-02	3.98e-07	0.00e+00	0.00e+00	0.00e+00	0.00e+00	0.00e+00	0.00e+00	9.53e-01	1.24e-06	1.23e-06
 1.30648e+22	9.53e-01	4.75e-02	3.73e-07	0.00e+00	0.00e+00	0.00e+00	0.00e+00	0.00e+00	0.00e+00	9.53e-01	1.24e-06	1.23e-06
 1.43712e+22	9.52e-01	4.76e-02	3.47e-07	0.00e+00	0.00e+00	0.00e+00	0.00e+00	0.00e+00	0.00e+00	9.52e-01	1.24e-06	1.23e-06
 1.58084e+22	9.52e-01	4.76e-02	3.23e-07	0.00e+00	0.00e+00	0.00e+00	0.00e+00	0.00e+00	0.00e+00	9.52e-01	1.24e-06	1.23e-06
 1.72759e+22	9.52e-01	4.77e-02	3.00e-07	0.00e+00	0.00e+00	0.00e+00	0.00e+00	0.00e+00	0.00e+00	9.52e-01	1.24e-06	1.23e-06
 1.86340e+22	9.52e-01	4.78e-02	2.82e-07	0.00e+00	0.00e+00	0.00e+00	0.00e+00	0.00e+00	0.00e+00	9.52e-01	1.24e-06	1.23e-06
 1.98563e+22	9.52e-01	4.78e-02	2.66e-07	0.00e+00	0.00e+00	0.00e+00	0.00e+00	0.00e+00	0.00e+00	9.52e-01	1.24e-06	1.23e-06
 2.09563e+22	9.52e-01	4.78e-02	2.54e-07	0.00e+00	0.00e+00	0.00e+00	0.00e+00	0.00e+00	0.00e+00	9.52e-01	1.24e-06	1.23e-06
 2.19464e+22	9.52e-01	4.78e-02	2.43e-07	0.00e+00	0.00e+00	0.00e+00	0.00e+00	0.00e+00	0.00e+00	9.52e-01	1.24e-06	1.23e-06
 2.28374e+22	9.52e-01	4.78e-02	2.34e-07	0.00e+00	0.00e+00	0.00e+00	0.00e+00	0.00e+00	0.00e+00	9.52e-01	1.24e-06	1.23e-06
 2.36394e+22	9.52e-01	4.78e-02	2.27e-07	0.00e+00	0.00e+00	0.00e+00	0.00e+00	0.00e+00	0.00e+00	9.52e-01	1.23e-06	1.23e-06
 2.43611e+22	9.52e-01	4.77e-02	2.20e-07	0.00e+00	0.00e+00	0.00e+00	0.00e+00	0.00e+00	0.00e+00	9.52e-01	1.23e-06	1.23e-06
 2.50107e+22	9.52e-01	4.77e-02	2.15e-07	0.00e+00	0.00e+00	0.00e+00	0.00e+00	0.00e+00	0.00e+00	9.52e-01	1.23e-06	1.23e-06
 2.55953e+22	9.52e-01	4.77e-02	2.10e-07	0.00e+00	0.00e+00	0.00e+00	0.00e+00	0.00e+00	0.00e+00	9.52e-01	1.23e-06	1.23e-06
 2.61214e+22	9.52e-01	4.77e-02	2.06e-07	0.00e+00	0.00e+00	0.00e+00	0.00e+00	0.00e+00	0.00e+00	9.52e-01	1.23e-06	1.23e-06
 2.65950e+22	9.52e-01	4.76e-02	2.02e-07	0.00e+00	0.00e+00	0.00e+00	0.00e+00	0.00e+00	0.00e+00	9.52e-01	1.23e-06	1.23e-06
 2.70211e+22	9.52e-01	4.76e-02	1.99e-07	0.00e+00	0.00e+00	0.00e+00	0.00e+00	0.00e+00	0.00e+00	9.52e-01	1.23e-06	1.23e-06
 2.74047e+22	9.52e-01	4.75e-02	1.96e-07	0.00e+00	0.00e+00	0.00e+00	0.00e+00	0.00e+00	0.00e+00	9.52e-01	1.23e-06	1.23e-06
 2.77499e+22	9.52e-01	4.75e-02	1.94e-07	0.00e+00	0.00e+00	0.00e+00	0.00e+00	0.00e+00	0.00e+00	9.52e-01	1.23e-06	1.23e-06
 2.80677e+22	9.53e-01	4.75e-02	1.92e-07	0.00e+00	0.00e+00	0.00e+00	0.00e+00	0.00e+00	0.00e+00	9.53e-01	1.23e-06	1.23e-06
 2.83763e+22	9.53e-01	4.74e-02	1.89e-07	0.00e+00	0.00e+00	0.00e+00	0.00e+00	0.00e+00	0.00e+00	9.53e-01	1.22e-06	1.23e-06
 2.86849e+22	9.53e-01	4.74e-02	1.87e-07	0.00e+00	0.00e+00	0.00e+00	0.00e+00	0.00e+00	0.00e+00	9.53e-01	1.22e-06	1.23e-06
 2.89934e+22	9.53e-01	4.74e-02	1.85e-07	0.00e+00	0.00e+00	0.00e+00	0.00e+00	0.00e+00	0.00e+00	9.53e-01	1.22e-06	1.23e-06
 2.93020e+22	9.53e-01	4.73e-02	1.83e-07	0.00e+00	0.00e+00	0.00e+00	0.00e+00	0.00e+00	0.00e+00	9.53e-01	1.22e-06	1.23e-06
 2.96106e+22	9.53e-01	4.73e-02	1.81e-07	0.00e+00	0.00e+00	0.00e+00	0.00e+00	0.00e+00	0.00e+00	9.53e-01	1.22e-06	1.23e-06
 2.99191e+22	9.53e-01	4.72e-02	1.79e-07	0.00e+00	0.00e+00	0.00e+00	0.00e+00	0.00e+00	0.00e+00	9.53e-01	1.22e-06	1.23e-06
 3.02277e+22	9.53e-01	4.72e-02	1.77e-07	0.00e+00	0.00e+00	0.00e+00	0.00e+00	0.00e+00	0.00e+00	9.53e-01	1.22e-06	1.23e-06
 3.05363e+22	9.53e-01	4.71e-02	1.75e-07	0.00e+00	0.00e+00	0.00e+00	0.00e+00	0.00e+00	0.00e+00	9.53e-01	1.22e-06	1.23e-06
 3.07737e+22	9.53e-01	4.70e-02	1.74e-07	0.00e+00	0.00e+00	0.00e+00	0.00e+00	0.00e+00	0.00e+00	9.53e-01	1.22e-06	1.23e-06
