#depth	He	He+	He+2
 1.89595e+16	7.87e-02	8.56e-01	6.56e-02
 1.13757e+17	7.85e-02	8.56e-01	6.58e-02
 4.92948e+17	7.85e-02	8.56e-01	6.57e-02
 2.00971e+18	7.90e-02	8.56e-01	6.52e-02
 4.80055e+18	7.92e-02	8.56e-01	6.49e-02
 8.42865e+18	8.00e-02	8.56e-01	6.42e-02
 1.31452e+19	8.15e-02	8.56e-01	6.29e-02
 1.92766e+19	8.37e-02	8.55e-01	6.11e-02
 2.66514e+19	8.67e-02	8.54e-01	5.88e-02
 3.42093e+19	9.03e-02	8.53e-01	5.65e-02
 4.20802e+19	9.53e-02	8.51e-01	5.37e-02
 5.10835e+19	1.02e-01	8.47e-01	5.06e-02
 5.97533e+19	1.10e-01	8.42e-01	4.80e-02
 6.72773e+19	1.18e-01	8.36e-01	4.56e-02
 7.42927e+19	1.27e-01	8.29e-01	4.37e-02
 8.08705e+19	1.37e-01	8.21e-01	4.20e-02
 8.68843e+19	1.48e-01	8.12e-01	4.06e-02
 9.21809e+19	1.58e-01	8.03e-01	3.95e-02
 9.67287e+19	1.68e-01	7.94e-01	3.87e-02
 1.00550e+20	1.77e-01	7.85e-01	3.81e-02
 1.03936e+20	1.85e-01	7.77e-01	3.76e-02
 1.07178e+20	1.94e-01	7.69e-01	3.72e-02
 1.10305e+20	2.03e-01	7.60e-01	3.68e-02
 1.13179e+20	2.11e-01	7.52e-01	3.64e-02
 1.15941e+20	2.20e-01	7.44e-01	3.62e-02
 1.18692e+20	2.29e-01	7.35e-01	3.59e-02
 1.21362e+20	2.38e-01	7.27e-01	3.56e-02
 1.24000e+20	2.47e-01	7.18e-01	3.52e-02
 1.26128e+20	2.54e-01	7.11e-01	3.50e-02
 1.27642e+20	2.60e-01	7.06e-01	3.48e-02
 1.29155e+20	2.65e-01	7.00e-01	3.46e-02
 1.30904e+20	2.72e-01	6.94e-01	3.44e-02
 1.32790e+20	2.80e-01	6.86e-01	3.41e-02
 1.34660e+20	2.87e-01	6.80e-01	3.38e-02
 1.36539e+20	2.95e-01	6.72e-01	3.35e-02
 1.38472e+20	3.02e-01	6.65e-01	3.32e-02
 1.40473e+20	3.11e-01	6.56e-01	3.28e-02
 1.42531e+20	3.19e-01	6.48e-01	3.25e-02
 1.44659e+20	3.29e-01	6.39e-01	3.21e-02
 1.46865e+20	3.38e-01	6.30e-01	3.17e-02
 1.49094e+20	3.48e-01	6.21e-01	3.12e-02
 1.51381e+20	3.58e-01	6.11e-01	3.08e-02
 1.53780e+20	3.69e-01	6.00e-01	3.03e-02
 1.56247e+20	3.80e-01	5.90e-01	2.98e-02
 1.58788e+20	3.92e-01	5.79e-01	2.92e-02
 1.61398e+20	4.04e-01	5.68e-01	2.86e-02
 1.64080e+20	4.16e-01	5.56e-01	2.80e-02
 1.66871e+20	4.29e-01	5.44e-01	2.74e-02
 1.69770e+20	4.42e-01	5.31e-01	2.67e-02
 1.72733e+20	4.55e-01	5.18e-01	2.61e-02
 1.75768e+20	4.69e-01	5.05e-01	2.54e-02
 1.78938e+20	4.83e-01	4.92e-01	2.47e-02
 1.82246e+20	4.98e-01	4.78e-01	2.39e-02
 1.85635e+20	5.13e-01	4.64e-01	2.32e-02
 1.89091e+20	5.27e-01	4.50e-01	2.25e-02
 1.92681e+20	5.42e-01	4.36e-01	2.17e-02
 1.96372e+20	5.57e-01	4.22e-01	2.09e-02
 2.00159e+20	5.72e-01	4.08e-01	2.02e-02
 2.04036e+20	5.87e-01	3.94e-01	1.94e-02
 2.07995e+20	6.02e-01	3.80e-01	1.86e-02
 2.12098e+20	6.17e-01	3.66e-01	1.78e-02
 2.16378e+20	6.31e-01	3.52e-01	1.71e-02
 2.20820e+20	6.46e-01	3.38e-01	1.63e-02
 2.25402e+20	6.60e-01	3.24e-01	1.55e-02
 2.30165e+20	6.74e-01	3.11e-01	1.48e-02
 2.35200e+20	6.88e-01	2.98e-01	1.40e-02
 2.40523e+20	7.02e-01	2.85e-01	1.32e-02
 2.46158e+20	7.16e-01	2.72e-01	1.25e-02
 2.52152e+20	7.29e-01	2.59e-01	1.17e-02
 2.58587e+20	7.43e-01	2.46e-01	1.10e-02
 2.65503e+20	7.56e-01	2.34e-01	1.02e-02
 2.73023e+20	7.68e-01	2.22e-01	9.49e-03
 2.81295e+20	7.81e-01	2.10e-01	8.75e-03
 2.90448e+20	7.93e-01	1.99e-01	8.03e-03
 3.00656e+20	8.05e-01	1.88e-01	7.32e-03
 3.12103e+20	8.17e-01	1.77e-01	6.64e-03
 3.25012e+20	8.28e-01	1.66e-01	5.97e-03
 3.39712e+20	8.39e-01	1.56e-01	5.33e-03
 3.56572e+20	8.49e-01	1.46e-01	4.72e-03
 3.75910e+20	8.59e-01	1.37e-01	4.15e-03
 3.98071e+20	8.69e-01	1.27e-01	3.62e-03
 4.23430e+20	8.78e-01	1.18e-01	3.13e-03
 4.52404e+20	8.87e-01	1.10e-01	2.69e-03
 4.85454e+20	8.96e-01	1.02e-01	2.30e-03
 5.23169e+20	9.04e-01	9.39e-02	1.96e-03
 5.66343e+20	9.12e-01	8.66e-02	1.66e-03
 6.16078e+20	9.19e-01	7.96e-02	1.40e-03
 6.73875e+20	9.26e-01	7.30e-02	1.18e-03
 7.40258e+20	9.32e-01	6.70e-02	9.90e-04
 8.14284e+20	9.37e-01	6.17e-02	8.39e-04
 8.95712e+20	9.42e-01	5.71e-02	7.17e-04
 9.85283e+20	9.46e-01	5.31e-02	6.20e-04
 1.08381e+21	9.50e-01	4.97e-02	5.42e-04
 1.19219e+21	9.53e-01	4.67e-02	4.79e-04
 1.31141e+21	9.55e-01	4.42e-02	4.27e-04
 1.44255e+21	9.58e-01	4.20e-02	3.86e-04
 1.58681e+21	9.59e-01	4.02e-02	3.52e-04
 1.74549e+21	9.61e-01	3.86e-02	3.25e-04
 1.92004e+21	9.62e-01	3.73e-02	3.02e-04
 2.11204e+21	9.64e-01	3.62e-02	2.84e-04
 2.32325e+21	9.64e-01	3.52e-02	2.68e-04
 2.55557e+21	9.65e-01	3.44e-02	2.56e-04
 2.81113e+21	9.66e-01	3.37e-02	2.45e-04
 3.09224e+21	9.67e-01	3.32e-02	2.36e-04
 3.40147e+21	9.67e-01	3.27e-02	2.29e-04
 3.74161e+21	9.68e-01	3.23e-02	2.23e-04
 4.11577e+21	9.68e-01	3.19e-02	2.18e-04
 4.52735e+21	9.68e-01	3.16e-02	2.14e-04
 4.98009e+21	9.68e-01	3.14e-02	2.10e-04
 5.47809e+21	9.69e-01	3.12e-02	2.07e-04
 6.02590e+21	9.69e-01	3.10e-02	2.04e-04
 6.62849e+21	9.69e-01	3.09e-02	2.02e-04
 7.29134e+21	9.69e-01	3.07e-02	2.00e-04
 7.97078e+21	9.69e-01	3.06e-02	1.98e-04
 8.61401e+21	9.69e-01	3.05e-02	1.97e-04
 9.32934e+21	9.69e-01	3.05e-02	1.96e-04
 1.01007e+22	9.69e-01	3.04e-02	1.95e-04
 1.07819e+22	9.69e-01	3.04e-02	1.94e-04
 1.14064e+22	9.69e-01	3.03e-02	1.94e-04
 1.21200e+22	9.70e-01	3.03e-02	1.93e-04
 1.29151e+22	9.70e-01	3.02e-02	1.92e-04
 1.36542e+22	9.70e-01	3.02e-02	1.92e-04
 1.43428e+22	9.70e-01	3.02e-02	1.91e-04
 1.51276e+22	9.70e-01	3.02e-02	1.91e-04
 1.60029e+22	9.70e-01	3.01e-02	1.90e-04
 1.68219e+22	9.70e-01	3.01e-02	1.90e-04
 1.77129e+22	9.70e-01	3.01e-02	1.89e-04
 1.87035e+22	9.70e-01	3.01e-02	1.89e-04
 1.96405e+22	9.70e-01	3.00e-02	1.89e-04
 2.06287e+22	9.70e-01	3.00e-02	1.88e-04
 2.16515e+22	9.70e-01	3.00e-02	1.88e-04
 2.25720e+22	9.70e-01	3.00e-02	1.88e-04
 2.34005e+22	9.70e-01	3.00e-02	1.87e-04
 2.41461e+22	9.70e-01	3.00e-02	1.87e-04
 2.48172e+22	9.70e-01	2.99e-02	1.87e-04
 2.54211e+22	9.70e-01	2.99e-02	1.87e-04
 2.59647e+22	9.70e-01	2.99e-02	1.87e-04
 2.64539e+22	9.70e-01	2.99e-02	1.87e-04
 2.68942e+22	9.70e-01	2.99e-02	1.87e-04
 2.72905e+22	9.70e-01	2.99e-02	1.87e-04
 2.76471e+22	9.70e-01	3.00e-02	1.87e-04
 2.79703e+22	9.70e-01	3.00e-02	1.88e-04
 2.82789e+22	9.70e-01	3.00e-02	1.88e-04
 2.85874e+22	9.70e-01	3.01e-02	1.89e-04
 2.88960e+22	9.70e-01	3.01e-02	1.90e-04
 2.92046e+22	9.70e-01	3.01e-02	1.91e-04
 2.95131e+22	9.70e-01	3.02e-02	1.92e-04
 2.98217e+22	9.70e-01	3.03e-02	1.93e-04
 3.01303e+22	9.69e-01	3.04e-02	1.95e-04
 3.04388e+22	9.69e-01	3.04e-02	1.96e-04
 3.07250e+22	9.69e-01	3.06e-02	1.99e-04
