#depth	N	N+	N+2	N+3	N+4	N+5	N+6	N+7
 1.08578e+17	4.59e-07	1.06e-03	1.30e-01	5.27e-01	2.48e-01	9.36e-02	1.47e-04	0.00e+00
 6.51468e+17	4.55e-07	1.06e-03	1.30e-01	5.28e-01	2.48e-01	9.36e-02	1.47e-04	0.00e+00
 2.82303e+18	4.49e-07	1.05e-03	1.30e-01	5.28e-01	2.47e-01	9.33e-02	1.47e-04	0.00e+00
 1.15093e+19	4.28e-07	1.02e-03	1.32e-01	5.30e-01	2.44e-01	9.20e-02	1.45e-04	0.00e+00
 2.74919e+19	3.72e-07	9.36e-04	1.32e-01	5.35e-01	2.41e-01	9.14e-02	1.46e-04	0.00e+00
 4.82694e+19	3.44e-07	8.96e-04	1.34e-01	5.39e-01	2.36e-01	8.94e-02	1.44e-04	0.00e+00
 7.52801e+19	3.33e-07	8.85e-04	1.40e-01	5.44e-01	2.29e-01	8.59e-02	1.40e-04	0.00e+00
 1.10394e+20	3.39e-07	9.09e-04	1.50e-01	5.50e-01	2.18e-01	8.06e-02	1.32e-04	0.00e+00
 1.56042e+20	3.72e-07	9.90e-04	1.66e-01	5.57e-01	2.03e-01	7.27e-02	1.20e-04	0.00e+00
 2.03028e+20	4.15e-07	1.09e-03	1.87e-01	5.61e-01	1.86e-01	6.48e-02	1.08e-04	0.00e+00
 2.40298e+20	4.74e-07	1.23e-03	2.07e-01	5.63e-01	1.71e-01	5.78e-02	9.77e-05	0.00e+00
 2.70361e+20	5.47e-07	1.38e-03	2.27e-01	5.63e-01	1.57e-01	5.16e-02	8.78e-05	0.00e+00
 2.97910e+20	6.41e-07	1.56e-03	2.47e-01	5.62e-01	1.43e-01	4.57e-02	7.83e-05	0.00e+00
 3.24717e+20	7.51e-07	1.76e-03	2.68e-01	5.61e-01	1.30e-01	3.99e-02	6.88e-05	0.00e+00
 3.48266e+20	8.60e-07	1.96e-03	2.88e-01	5.58e-01	1.17e-01	3.50e-02	6.07e-05	0.00e+00
 3.67609e+20	9.67e-07	2.14e-03	3.04e-01	5.56e-01	1.07e-01	3.09e-02	5.39e-05	0.00e+00
 3.85216e+20	1.08e-06	2.33e-03	3.19e-01	5.53e-01	9.76e-02	2.73e-02	4.79e-05	0.00e+00
 4.04946e+20	1.23e-06	2.56e-03	3.37e-01	5.50e-01	8.71e-02	2.34e-02	4.11e-05	0.00e+00
 4.25128e+20	1.36e-06	2.77e-03	3.53e-01	5.47e-01	7.72e-02	1.98e-02	3.50e-05	0.00e+00
 4.41618e+20	1.47e-06	2.95e-03	3.66e-01	5.44e-01	6.94e-02	1.72e-02	3.04e-05	0.00e+00
 4.58775e+20	1.60e-06	3.15e-03	3.79e-01	5.41e-01	6.16e-02	1.46e-02	2.57e-05	0.00e+00
 4.77148e+20	1.70e-06	3.32e-03	3.92e-01	5.38e-01	5.42e-02	1.23e-02	2.16e-05	0.00e+00
 4.93856e+20	1.78e-06	3.46e-03	4.02e-01	5.36e-01	4.81e-02	1.05e-02	1.83e-05	0.00e+00
 5.08369e+20	1.85e-06	3.57e-03	4.11e-01	5.33e-01	4.33e-02	9.15e-03	1.59e-05	0.00e+00
 5.21069e+20	1.88e-06	3.65e-03	4.18e-01	5.31e-01	3.95e-02	8.14e-03	1.40e-05	0.00e+00
 5.35376e+20	1.94e-06	3.75e-03	4.26e-01	5.28e-01	3.55e-02	7.13e-03	1.21e-05	0.00e+00
 5.51127e+20	1.96e-06	3.83e-03	4.33e-01	5.25e-01	3.18e-02	6.24e-03	1.05e-05	0.00e+00
 5.64015e+20	1.97e-06	3.87e-03	4.39e-01	5.23e-01	2.92e-02	5.66e-03	9.36e-06	0.00e+00
 5.74065e+20	1.99e-06	3.92e-03	4.43e-01	5.21e-01	2.73e-02	5.26e-03	8.60e-06	0.00e+00
 5.85166e+20	2.00e-06	3.97e-03	4.48e-01	5.18e-01	2.53e-02	4.84e-03	7.79e-06	0.00e+00
 5.99596e+20	2.03e-06	4.04e-03	4.54e-01	5.14e-01	2.30e-02	4.38e-03	6.91e-06	0.00e+00
 6.14461e+20	2.04e-06	4.10e-03	4.60e-01	5.11e-01	2.10e-02	4.01e-03	6.19e-06	0.00e+00
 6.27336e+20	2.07e-06	4.16e-03	4.65e-01	5.08e-01	1.95e-02	3.73e-03	5.66e-06	0.00e+00
 6.41518e+20	2.10e-06	4.23e-03	4.71e-01	5.04e-01	1.79e-02	3.46e-03	5.12e-06	0.00e+00
 6.59955e+20	2.15e-06	4.34e-03	4.78e-01	4.98e-01	1.62e-02	3.15e-03	4.53e-06	0.00e+00
 6.79507e+20	2.21e-06	4.45e-03	4.85e-01	4.93e-01	1.46e-02	2.90e-03	4.04e-06	0.00e+00
 6.97697e+20	2.29e-06	4.57e-03	4.91e-01	4.88e-01	1.34e-02	2.69e-03	3.64e-06	0.00e+00
 7.18533e+20	2.40e-06	4.74e-03	4.99e-01	4.81e-01	1.21e-02	2.48e-03	3.24e-06	0.00e+00
 7.45620e+20	2.59e-06	4.98e-03	5.09e-01	4.73e-01	1.08e-02	2.25e-03	2.81e-06	0.00e+00
 7.80135e+20	2.89e-06	5.34e-03	5.21e-01	4.62e-01	9.37e-03	2.01e-03	2.36e-06	0.00e+00
 8.17599e+20	3.30e-06	5.80e-03	5.34e-01	4.50e-01	8.19e-03	1.78e-03	1.97e-06	0.00e+00
 8.58915e+20	3.93e-06	6.43e-03	5.49e-01	4.35e-01	7.12e-03	1.56e-03	1.60e-06	0.00e+00
 9.11945e+20	5.08e-06	7.46e-03	5.70e-01	4.15e-01	6.03e-03	1.30e-03	1.20e-06	0.00e+00
 9.63995e+20	6.77e-06	8.82e-03	5.92e-01	3.93e-01	5.19e-03	1.07e-03	8.83e-07	0.00e+00
 1.00121e+21	8.62e-06	1.02e-02	6.09e-01	3.75e-01	4.67e-03	9.08e-04	6.84e-07	0.00e+00
 1.02964e+21	1.06e-05	1.15e-02	6.24e-01	3.60e-01	4.29e-03	7.90e-04	5.49e-07	0.00e+00
 1.06020e+21	1.36e-05	1.33e-02	6.41e-01	3.41e-01	3.89e-03	6.68e-04	4.21e-07	0.00e+00
 1.09352e+21	1.83e-05	1.60e-02	6.62e-01	3.18e-01	3.47e-03	5.44e-04	3.05e-07	0.00e+00
 1.12226e+21	2.46e-05	1.91e-02	6.81e-01	2.96e-01	3.13e-03	4.43e-04	2.20e-07	0.00e+00
 1.14550e+21	3.21e-05	2.25e-02	6.98e-01	2.76e-01	2.85e-03	3.66e-04	1.64e-07	0.00e+00
 1.16300e+21	3.99e-05	2.57e-02	7.11e-01	2.60e-01	2.64e-03	3.13e-04	1.28e-07	0.00e+00
 1.17561e+21	4.73e-05	2.86e-02	7.21e-01	2.48e-01	2.48e-03	2.76e-04	0.00e+00	0.00e+00
 1.18867e+21	5.72e-05	3.22e-02	7.31e-01	2.34e-01	2.32e-03	2.40e-04	0.00e+00	0.00e+00
 1.20303e+21	7.12e-05	3.69e-02	7.42e-01	2.19e-01	2.14e-03	2.03e-04	0.00e+00	0.00e+00
 1.21563e+21	8.75e-05	4.20e-02	7.51e-01	2.05e-01	1.99e-03	1.73e-04	0.00e+00	0.00e+00
 1.22608e+21	1.05e-04	4.71e-02	7.58e-01	1.92e-01	1.86e-03	1.50e-04	0.00e+00	0.00e+00
 1.23570e+21	1.26e-04	5.27e-02	7.65e-01	1.81e-01	1.74e-03	1.30e-04	0.00e+00	0.00e+00
 1.24670e+21	1.57e-04	6.06e-02	7.71e-01	1.66e-01	1.60e-03	1.09e-04	0.00e+00	0.00e+00
 1.25780e+21	1.97e-04	7.00e-02	7.76e-01	1.52e-01	1.46e-03	9.02e-05	0.00e+00	0.00e+00
 1.26634e+21	2.39e-04	7.88e-02	7.78e-01	1.41e-01	1.35e-03	7.69e-05	0.00e+00	0.00e+00
 1.27343e+21	2.82e-04	8.76e-02	7.79e-01	1.31e-01	1.26e-03	6.66e-05	0.00e+00	0.00e+00
 1.28132e+21	3.44e-04	9.91e-02	7.79e-01	1.20e-01	1.16e-03	5.59e-05	0.00e+00	0.00e+00
 1.28976e+21	4.28e-04	1.14e-01	7.76e-01	1.09e-01	1.06e-03	4.59e-05	0.00e+00	0.00e+00
 1.29693e+21	5.21e-04	1.28e-01	7.71e-01	9.90e-02	9.68e-04	3.83e-05	0.00e+00	0.00e+00
 1.30306e+21	6.21e-04	1.43e-01	7.65e-01	9.05e-02	8.92e-04	3.24e-05	0.00e+00	0.00e+00
 1.30977e+21	7.63e-04	1.62e-01	7.55e-01	8.11e-02	8.07e-04	2.64e-05	0.00e+00	0.00e+00
 1.31684e+21	9.52e-04	1.85e-01	7.41e-01	7.15e-02	7.22e-04	2.11e-05	0.00e+00	0.00e+00
 1.32273e+21	1.15e-03	2.08e-01	7.26e-01	6.37e-02	6.51e-04	1.72e-05	0.00e+00	0.00e+00
 1.32776e+21	1.37e-03	2.30e-01	7.11e-01	5.71e-02	5.92e-04	1.43e-05	0.00e+00	0.00e+00
 1.33332e+21	1.68e-03	2.59e-01	6.89e-01	4.97e-02	5.26e-04	1.13e-05	0.00e+00	0.00e+00
 1.33921e+21	2.09e-03	2.94e-01	6.61e-01	4.25e-02	4.59e-04	8.76e-06	0.00e+00	0.00e+00
 1.34420e+21	2.52e-03	3.27e-01	6.34e-01	3.67e-02	4.05e-04	6.92e-06	0.00e+00	0.00e+00
 1.34853e+21	2.99e-03	3.59e-01	6.06e-01	3.18e-02	3.58e-04	5.52e-06	0.00e+00	0.00e+00
 1.35338e+21	3.65e-03	3.99e-01	5.70e-01	2.65e-02	3.07e-04	4.18e-06	0.00e+00	0.00e+00
 1.35851e+21	4.52e-03	4.46e-01	5.28e-01	2.15e-02	2.58e-04	3.05e-06	0.00e+00	0.00e+00
 1.36286e+21	5.44e-03	4.88e-01	4.89e-01	1.77e-02	2.18e-04	2.27e-06	0.00e+00	0.00e+00
 1.36667e+21	6.44e-03	5.28e-01	4.51e-01	1.46e-02	1.85e-04	1.71e-06	0.00e+00	0.00e+00
 1.37092e+21	7.83e-03	5.76e-01	4.04e-01	1.14e-02	1.50e-04	1.20e-06	0.00e+00	0.00e+00
 1.37509e+21	9.45e-03	6.23e-01	3.59e-01	8.80e-03	1.21e-04	8.35e-07	0.00e+00	0.00e+00
 1.37814e+21	1.08e-02	6.57e-01	3.25e-01	7.18e-03	1.02e-04	6.29e-07	0.00e+00	0.00e+00
 1.38110e+21	1.25e-02	6.91e-01	2.90e-01	5.71e-03	8.37e-05	4.59e-07	0.00e+00	0.00e+00
 1.38433e+21	1.46e-02	7.27e-01	2.54e-01	4.40e-03	6.71e-05	3.22e-07	0.00e+00	0.00e+00
 1.38719e+21	1.68e-02	7.57e-01	2.22e-01	3.42e-03	5.40e-05	2.29e-07	0.00e+00	0.00e+00
 1.38969e+21	1.90e-02	7.83e-01	1.96e-01	2.70e-03	4.42e-05	1.67e-07	0.00e+00	0.00e+00
 1.39244e+21	2.20e-02	8.09e-01	1.67e-01	2.03e-03	3.45e-05	0.00e+00	0.00e+00	0.00e+00
 1.39536e+21	2.56e-02	8.34e-01	1.39e-01	1.49e-03	2.62e-05	0.00e+00	0.00e+00	0.00e+00
 1.39785e+21	2.92e-02	8.52e-01	1.18e-01	1.12e-03	2.04e-05	0.00e+00	0.00e+00	0.00e+00
 1.40007e+21	3.31e-02	8.66e-01	1.00e-01	8.59e-04	1.60e-05	0.00e+00	0.00e+00	0.00e+00
 1.40258e+21	3.84e-02	8.80e-01	8.14e-02	6.23e-04	1.19e-05	0.00e+00	0.00e+00	0.00e+00
 1.40527e+21	4.50e-02	8.90e-01	6.45e-02	4.42e-04	8.54e-06	0.00e+00	0.00e+00	0.00e+00
 1.40762e+21	5.23e-02	8.96e-01	5.16e-02	3.24e-04	6.22e-06	0.00e+00	0.00e+00	0.00e+00
 1.40974e+21	6.00e-02	8.98e-01	4.16e-02	2.46e-04	4.61e-06	0.00e+00	0.00e+00	0.00e+00
 1.41211e+21	7.08e-02	8.97e-01	3.19e-02	1.81e-04	3.21e-06	0.00e+00	0.00e+00	0.00e+00
 1.41451e+21	8.39e-02	8.92e-01	2.42e-02	1.36e-04	2.21e-06	0.00e+00	0.00e+00	0.00e+00
 1.41637e+21	9.65e-02	8.84e-01	1.92e-02	1.10e-04	1.62e-06	0.00e+00	0.00e+00	0.00e+00
 1.41788e+21	1.08e-01	8.76e-01	1.57e-02	9.43e-05	1.25e-06	0.00e+00	0.00e+00	0.00e+00
 1.41947e+21	1.23e-01	8.64e-01	1.25e-02	8.03e-05	9.34e-07	0.00e+00	0.00e+00	0.00e+00
 1.42117e+21	1.41e-01	8.49e-01	9.80e-03	6.89e-05	6.82e-07	0.00e+00	0.00e+00	0.00e+00
 1.42272e+21	1.61e-01	8.32e-01	7.75e-03	6.04e-05	5.07e-07	0.00e+00	0.00e+00	0.00e+00
 1.42410e+21	1.80e-01	8.13e-01	6.22e-03	5.41e-05	3.86e-07	0.00e+00	0.00e+00	0.00e+00
 1.42538e+21	2.01e-01	7.94e-01	5.05e-03	4.90e-05	2.99e-07	0.00e+00	0.00e+00	0.00e+00
 1.42656e+21	2.22e-01	7.74e-01	4.13e-03	4.49e-05	2.34e-07	0.00e+00	0.00e+00	0.00e+00
 1.42767e+21	2.43e-01	7.53e-01	3.41e-03	4.14e-05	1.86e-07	0.00e+00	0.00e+00	0.00e+00
 1.42869e+21	2.65e-01	7.32e-01	2.84e-03	3.85e-05	1.50e-07	0.00e+00	0.00e+00	0.00e+00
 1.42947e+21	2.82e-01	7.16e-01	2.49e-03	3.65e-05	1.28e-07	0.00e+00	0.00e+00	0.00e+00
 1.43000e+21	2.94e-01	7.04e-01	2.26e-03	3.52e-05	0.00e+00	0.00e+00	0.00e+00	0.00e+00
 1.43051e+21	3.06e-01	6.92e-01	2.06e-03	3.39e-05	0.00e+00	0.00e+00	0.00e+00	0.00e+00
 1.43108e+21	3.21e-01	6.77e-01	1.84e-03	3.25e-05	0.00e+00	0.00e+00	0.00e+00	0.00e+00
 1.43168e+21	3.36e-01	6.62e-01	1.65e-03	3.11e-05	0.00e+00	0.00e+00	0.00e+00	0.00e+00
 1.43227e+21	3.51e-01	6.47e-01	1.48e-03	2.98e-05	0.00e+00	0.00e+00	0.00e+00	0.00e+00
 1.43284e+21	3.67e-01	6.32e-01	1.33e-03	2.86e-05	0.00e+00	0.00e+00	0.00e+00	0.00e+00
 1.43341e+21	3.82e-01	6.16e-01	1.19e-03	2.74e-05	0.00e+00	0.00e+00	0.00e+00	0.00e+00
 1.43397e+21	3.99e-01	6.00e-01	1.07e-03	2.63e-05	0.00e+00	0.00e+00	0.00e+00	0.00e+00
 1.43453e+21	4.14e-01	5.85e-01	9.66e-04	2.52e-05	0.00e+00	0.00e+00	0.00e+00	0.00e+00
 1.43509e+21	4.30e-01	5.69e-01	8.71e-04	2.41e-05	0.00e+00	0.00e+00	0.00e+00	0.00e+00
 1.43565e+21	4.46e-01	5.53e-01	7.87e-04	2.31e-05	0.00e+00	0.00e+00	0.00e+00	0.00e+00
 1.43621e+21	4.63e-01	5.36e-01	7.11e-04	2.21e-05	0.00e+00	0.00e+00	0.00e+00	0.00e+00
 1.43677e+21	4.79e-01	5.21e-01	6.45e-04	2.12e-05	0.00e+00	0.00e+00	0.00e+00	0.00e+00
 1.43733e+21	4.95e-01	5.05e-01	5.86e-04	2.03e-05	0.00e+00	0.00e+00	0.00e+00	0.00e+00
 1.43788e+21	5.10e-01	4.89e-01	5.34e-04	1.94e-05	0.00e+00	0.00e+00	0.00e+00	0.00e+00
 1.43845e+21	5.26e-01	4.73e-01	4.87e-04	1.86e-05	0.00e+00	0.00e+00	0.00e+00	0.00e+00
 1.43901e+21	5.41e-01	4.58e-01	4.47e-04	1.78e-05	0.00e+00	0.00e+00	0.00e+00	0.00e+00
 1.43958e+21	5.57e-01	4.43e-01	4.11e-04	1.71e-05	0.00e+00	0.00e+00	0.00e+00	0.00e+00
 1.44015e+21	5.71e-01	4.28e-01	3.79e-04	1.63e-05	0.00e+00	0.00e+00	0.00e+00	0.00e+00
 1.44074e+21	5.86e-01	4.14e-01	3.50e-04	1.56e-05	0.00e+00	0.00e+00	0.00e+00	0.00e+00
 1.44133e+21	6.00e-01	4.00e-01	3.26e-04	1.50e-05	0.00e+00	0.00e+00	0.00e+00	0.00e+00
 1.44192e+21	6.13e-01	3.86e-01	3.04e-04	1.44e-05	0.00e+00	0.00e+00	0.00e+00	0.00e+00
 1.44252e+21	6.26e-01	3.73e-01	2.86e-04	1.38e-05	0.00e+00	0.00e+00	0.00e+00	0.00e+00
 1.44312e+21	6.39e-01	3.61e-01	2.69e-04	1.32e-05	0.00e+00	0.00e+00	0.00e+00	0.00e+00
 1.44373e+21	6.50e-01	3.50e-01	2.55e-04	1.27e-05	0.00e+00	0.00e+00	0.00e+00	0.00e+00
 1.44434e+21	6.61e-01	3.39e-01	2.43e-04	1.23e-05	0.00e+00	0.00e+00	0.00e+00	0.00e+00
 1.44498e+21	6.71e-01	3.29e-01	2.32e-04	1.18e-05	0.00e+00	0.00e+00	0.00e+00	0.00e+00
 1.44563e+21	6.81e-01	3.19e-01	2.22e-04	1.14e-05	0.00e+00	0.00e+00	0.00e+00	0.00e+00
 1.44630e+21	6.89e-01	3.10e-01	2.14e-04	1.11e-05	0.00e+00	0.00e+00	0.00e+00	0.00e+00
 1.44701e+21	6.98e-01	3.02e-01	2.07e-04	1.07e-05	0.00e+00	0.00e+00	0.00e+00	0.00e+00
 1.44776e+21	7.06e-01	2.94e-01	2.01e-04	1.04e-05	0.00e+00	0.00e+00	0.00e+00	0.00e+00
 1.44858e+21	7.13e-01	2.87e-01	1.95e-04	1.01e-05	0.00e+00	0.00e+00	0.00e+00	0.00e+00
 1.44946e+21	7.19e-01	2.80e-01	1.90e-04	9.86e-06	0.00e+00	0.00e+00	0.00e+00	0.00e+00
 1.45046e+21	7.26e-01	2.74e-01	1.86e-04	9.62e-06	0.00e+00	0.00e+00	0.00e+00	0.00e+00
 1.45162e+21	7.31e-01	2.69e-01	1.82e-04	9.40e-06	0.00e+00	0.00e+00	0.00e+00	0.00e+00
 1.45286e+21	7.36e-01	2.64e-01	1.79e-04	9.22e-06	0.00e+00	0.00e+00	0.00e+00	0.00e+00
 1.45409e+21	7.39e-01	2.61e-01	1.77e-04	9.09e-06	0.00e+00	0.00e+00	0.00e+00	0.00e+00
 1.45532e+21	7.41e-01	2.59e-01	1.75e-04	9.00e-06	0.00e+00	0.00e+00	0.00e+00	0.00e+00
 1.45653e+21	7.43e-01	2.57e-01	1.74e-04	8.93e-06	0.00e+00	0.00e+00	0.00e+00	0.00e+00
 1.45774e+21	7.45e-01	2.55e-01	1.73e-04	8.87e-06	0.00e+00	0.00e+00	0.00e+00	0.00e+00
 1.45894e+21	7.46e-01	2.54e-01	1.72e-04	8.82e-06	0.00e+00	0.00e+00	0.00e+00	0.00e+00
 1.46014e+21	7.47e-01	2.53e-01	1.72e-04	8.77e-06	0.00e+00	0.00e+00	0.00e+00	0.00e+00
 1.46151e+21	7.48e-01	2.52e-01	1.71e-04	8.74e-06	0.00e+00	0.00e+00	0.00e+00	0.00e+00
 1.46330e+21	7.48e-01	2.52e-01	1.71e-04	8.71e-06	0.00e+00	0.00e+00	0.00e+00	0.00e+00
 1.46562e+21	7.49e-01	2.51e-01	1.70e-04	8.67e-06	0.00e+00	0.00e+00	0.00e+00	0.00e+00
 1.46864e+21	7.50e-01	2.50e-01	1.69e-04	8.63e-06	0.00e+00	0.00e+00	0.00e+00	0.00e+00
 1.47257e+21	7.51e-01	2.49e-01	1.68e-04	8.57e-06	0.00e+00	0.00e+00	0.00e+00	0.00e+00
 1.47768e+21	7.52e-01	2.48e-01	1.67e-04	8.51e-06	0.00e+00	0.00e+00	0.00e+00	0.00e+00
 1.48431e+21	7.54e-01	2.46e-01	1.66e-04	8.43e-06	0.00e+00	0.00e+00	0.00e+00	0.00e+00
 1.49294e+21	7.56e-01	2.44e-01	1.65e-04	8.32e-06	0.00e+00	0.00e+00	0.00e+00	0.00e+00
 1.50416e+21	7.59e-01	2.41e-01	1.63e-04	8.19e-06	0.00e+00	0.00e+00	0.00e+00	0.00e+00
 1.51874e+21	7.62e-01	2.38e-01	1.60e-04	8.02e-06	0.00e+00	0.00e+00	0.00e+00	0.00e+00
 1.53769e+21	7.66e-01	2.34e-01	1.57e-04	7.81e-06	0.00e+00	0.00e+00	0.00e+00	0.00e+00
 1.56234e+21	7.71e-01	2.29e-01	1.53e-04	7.55e-06	0.00e+00	0.00e+00	0.00e+00	0.00e+00
 1.59437e+21	7.77e-01	2.22e-01	1.48e-04	7.23e-06	0.00e+00	0.00e+00	0.00e+00	0.00e+00
 1.63463e+21	7.85e-01	2.15e-01	1.43e-04	6.87e-06	0.00e+00	0.00e+00	0.00e+00	0.00e+00
 1.67935e+21	7.92e-01	2.08e-01	1.38e-04	6.50e-06	0.00e+00	0.00e+00	0.00e+00	0.00e+00
 1.72497e+21	7.99e-01	2.01e-01	1.33e-04	6.17e-06	0.00e+00	0.00e+00	0.00e+00	0.00e+00
 1.77144e+21	8.05e-01	1.95e-01	1.28e-04	5.85e-06	0.00e+00	0.00e+00	0.00e+00	0.00e+00
 1.81978e+21	8.11e-01	1.88e-01	1.24e-04	5.54e-06	0.00e+00	0.00e+00	0.00e+00	0.00e+00
 1.87114e+21	8.18e-01	1.82e-01	1.19e-04	5.24e-06	0.00e+00	0.00e+00	0.00e+00	0.00e+00
 1.92539e+21	8.24e-01	1.76e-01	1.15e-04	4.94e-06	0.00e+00	0.00e+00	0.00e+00	0.00e+00
 1.98224e+21	8.30e-01	1.70e-01	1.11e-04	4.66e-06	0.00e+00	0.00e+00	0.00e+00	0.00e+00
 2.04179e+21	8.36e-01	1.64e-01	1.07e-04	4.38e-06	0.00e+00	0.00e+00	0.00e+00	0.00e+00
 2.10436e+21	8.42e-01	1.58e-01	1.02e-04	4.12e-06	0.00e+00	0.00e+00	0.00e+00	0.00e+00
 2.17022e+21	8.47e-01	1.53e-01	9.84e-05	3.86e-06	0.00e+00	0.00e+00	0.00e+00	0.00e+00
 2.23955e+21	8.53e-01	1.47e-01	9.44e-05	3.61e-06	0.00e+00	0.00e+00	0.00e+00	0.00e+00
 2.31255e+21	8.59e-01	1.41e-01	9.04e-05	3.37e-06	0.00e+00	0.00e+00	0.00e+00	0.00e+00
 2.38943e+21	8.64e-01	1.36e-01	8.65e-05	3.14e-06	0.00e+00	0.00e+00	0.00e+00	0.00e+00
 2.47049e+21	8.69e-01	1.31e-01	8.27e-05	2.91e-06	0.00e+00	0.00e+00	0.00e+00	0.00e+00
 2.55602e+21	8.75e-01	1.25e-01	7.89e-05	2.70e-06	0.00e+00	0.00e+00	0.00e+00	0.00e+00
 2.64635e+21	8.80e-01	1.20e-01	7.51e-05	2.49e-06	0.00e+00	0.00e+00	0.00e+00	0.00e+00
 2.74183e+21	8.85e-01	1.15e-01	7.14e-05	2.30e-06	0.00e+00	0.00e+00	0.00e+00	0.00e+00
 2.84289e+21	8.90e-01	1.10e-01	6.78e-05	2.11e-06	0.00e+00	0.00e+00	0.00e+00	0.00e+00
 2.94994e+21	8.95e-01	1.05e-01	6.42e-05	1.93e-06	0.00e+00	0.00e+00	0.00e+00	0.00e+00
 3.06353e+21	9.00e-01	1.00e-01	6.06e-05	1.76e-06	0.00e+00	0.00e+00	0.00e+00	0.00e+00
 3.18412e+21	9.05e-01	9.54e-02	5.71e-05	1.60e-06	0.00e+00	0.00e+00	0.00e+00	0.00e+00
 3.31247e+21	9.09e-01	9.08e-02	5.37e-05	1.44e-06	0.00e+00	0.00e+00	0.00e+00	0.00e+00
 3.44909e+21	9.14e-01	8.63e-02	5.03e-05	1.30e-06	0.00e+00	0.00e+00	0.00e+00	0.00e+00
 3.59447e+21	9.18e-01	8.19e-02	4.70e-05	1.17e-06	0.00e+00	0.00e+00	0.00e+00	0.00e+00
 3.75074e+21	9.22e-01	7.75e-02	4.38e-05	1.04e-06	0.00e+00	0.00e+00	0.00e+00	0.00e+00
 3.91867e+21	9.27e-01	7.34e-02	4.06e-05	9.23e-07	0.00e+00	0.00e+00	0.00e+00	0.00e+00
 4.09787e+21	9.31e-01	6.93e-02	3.75e-05	8.15e-07	0.00e+00	0.00e+00	0.00e+00	0.00e+00
 4.29049e+21	9.35e-01	6.54e-02	3.45e-05	7.16e-07	0.00e+00	0.00e+00	0.00e+00	0.00e+00
 4.49854e+21	9.38e-01	6.15e-02	3.16e-05	6.25e-07	0.00e+00	0.00e+00	0.00e+00	0.00e+00
 4.72311e+21	9.42e-01	5.79e-02	2.88e-05	5.42e-07	0.00e+00	0.00e+00	0.00e+00	0.00e+00
 4.96823e+21	9.46e-01	5.43e-02	2.61e-05	4.66e-07	0.00e+00	0.00e+00	0.00e+00	0.00e+00
 5.23619e+21	9.49e-01	5.10e-02	2.35e-05	3.98e-07	0.00e+00	0.00e+00	0.00e+00	0.00e+00
 5.52741e+21	9.52e-01	4.77e-02	2.11e-05	3.38e-07	0.00e+00	0.00e+00	0.00e+00	0.00e+00
 5.84688e+21	9.55e-01	4.47e-02	1.87e-05	2.85e-07	0.00e+00	0.00e+00	0.00e+00	0.00e+00
 6.20032e+21	9.58e-01	4.19e-02	1.65e-05	2.38e-07	0.00e+00	0.00e+00	0.00e+00	0.00e+00
 6.59198e+21	9.61e-01	3.91e-02	1.44e-05	1.96e-07	0.00e+00	0.00e+00	0.00e+00	0.00e+00
 7.03307e+21	9.63e-01	3.66e-02	1.25e-05	1.61e-07	0.00e+00	0.00e+00	0.00e+00	0.00e+00
 7.49785e+21	9.66e-01	3.44e-02	1.08e-05	1.32e-07	0.00e+00	0.00e+00	0.00e+00	0.00e+00
 7.93105e+21	9.67e-01	3.27e-02	9.54e-06	0.00e+00	0.00e+00	0.00e+00	0.00e+00	0.00e+00
 8.32315e+21	9.69e-01	3.13e-02	8.55e-06	0.00e+00	0.00e+00	0.00e+00	0.00e+00	0.00e+00
 8.75682e+21	9.70e-01	3.00e-02	7.57e-06	0.00e+00	0.00e+00	0.00e+00	0.00e+00	0.00e+00
 9.23246e+21	9.71e-01	2.87e-02	6.69e-06	0.00e+00	0.00e+00	0.00e+00	0.00e+00	0.00e+00
 9.64952e+21	9.72e-01	2.79e-02	6.04e-06	0.00e+00	0.00e+00	0.00e+00	0.00e+00	0.00e+00
 1.00065e+22	9.73e-01	2.71e-02	5.55e-06	0.00e+00	0.00e+00	0.00e+00	0.00e+00	0.00e+00
 1.03985e+22	9.74e-01	2.64e-02	5.05e-06	0.00e+00	0.00e+00	0.00e+00	0.00e+00	0.00e+00
 1.09082e+22	9.74e-01	2.56e-02	4.49e-06	0.00e+00	0.00e+00	0.00e+00	0.00e+00	0.00e+00
 1.14136e+22	9.75e-01	2.49e-02	4.04e-06	0.00e+00	0.00e+00	0.00e+00	0.00e+00	0.00e+00
 1.17874e+22	9.75e-01	2.45e-02	3.75e-06	0.00e+00	0.00e+00	0.00e+00	0.00e+00	0.00e+00
 1.20989e+22	9.76e-01	2.42e-02	3.52e-06	0.00e+00	0.00e+00	0.00e+00	0.00e+00	0.00e+00
 1.24555e+22	9.76e-01	2.38e-02	3.28e-06	0.00e+00	0.00e+00	0.00e+00	0.00e+00	0.00e+00
 1.29191e+22	9.77e-01	2.33e-02	2.99e-06	0.00e+00	0.00e+00	0.00e+00	0.00e+00	0.00e+00
 1.33966e+22	9.77e-01	2.30e-02	2.75e-06	0.00e+00	0.00e+00	0.00e+00	0.00e+00	0.00e+00
 1.37763e+22	9.77e-01	2.27e-02	2.57e-06	0.00e+00	0.00e+00	0.00e+00	0.00e+00	0.00e+00
 1.41006e+22	9.78e-01	2.24e-02	2.43e-06	0.00e+00	0.00e+00	0.00e+00	0.00e+00	0.00e+00
 1.44686e+22	9.78e-01	2.22e-02	2.28e-06	0.00e+00	0.00e+00	0.00e+00	0.00e+00	0.00e+00
 1.49471e+22	9.78e-01	2.19e-02	2.11e-06	0.00e+00	0.00e+00	0.00e+00	0.00e+00	0.00e+00
 1.54330e+22	9.78e-01	2.17e-02	1.95e-06	0.00e+00	0.00e+00	0.00e+00	0.00e+00	0.00e+00
 1.58100e+22	9.79e-01	2.14e-02	1.85e-06	0.00e+00	0.00e+00	0.00e+00	0.00e+00	0.00e+00
 1.61268e+22	9.79e-01	2.14e-02	1.76e-06	0.00e+00	0.00e+00	0.00e+00	0.00e+00	0.00e+00
 1.64839e+22	9.79e-01	2.12e-02	1.67e-06	0.00e+00	0.00e+00	0.00e+00	0.00e+00	0.00e+00
 1.69482e+22	9.79e-01	2.11e-02	1.56e-06	0.00e+00	0.00e+00	0.00e+00	0.00e+00	0.00e+00
 1.74296e+22	9.79e-01	2.09e-02	1.46e-06	0.00e+00	0.00e+00	0.00e+00	0.00e+00	0.00e+00
 1.78197e+22	9.79e-01	2.07e-02	1.38e-06	0.00e+00	0.00e+00	0.00e+00	0.00e+00	0.00e+00
 1.81533e+22	9.79e-01	2.06e-02	1.32e-06	0.00e+00	0.00e+00	0.00e+00	0.00e+00	0.00e+00
 1.85269e+22	9.79e-01	2.05e-02	1.26e-06	0.00e+00	0.00e+00	0.00e+00	0.00e+00	0.00e+00
 1.90125e+22	9.80e-01	2.03e-02	1.18e-06	0.00e+00	0.00e+00	0.00e+00	0.00e+00	0.00e+00
 1.95112e+22	9.80e-01	2.03e-02	1.11e-06	0.00e+00	0.00e+00	0.00e+00	0.00e+00	0.00e+00
 1.99145e+22	9.80e-01	2.02e-02	1.06e-06	0.00e+00	0.00e+00	0.00e+00	0.00e+00	0.00e+00
 2.02691e+22	9.80e-01	2.01e-02	1.01e-06	0.00e+00	0.00e+00	0.00e+00	0.00e+00	0.00e+00
 2.06726e+22	9.80e-01	2.00e-02	9.64e-07	0.00e+00	0.00e+00	0.00e+00	0.00e+00	0.00e+00
 2.11972e+22	9.80e-01	2.00e-02	9.05e-07	0.00e+00	0.00e+00	0.00e+00	0.00e+00	0.00e+00
 2.17407e+22	9.80e-01	1.98e-02	8.52e-07	0.00e+00	0.00e+00	0.00e+00	0.00e+00	0.00e+00
 2.21804e+22	9.80e-01	1.98e-02	8.13e-07	0.00e+00	0.00e+00	0.00e+00	0.00e+00	0.00e+00
 2.26234e+22	9.80e-01	1.97e-02	7.74e-07	0.00e+00	0.00e+00	0.00e+00	0.00e+00	0.00e+00
 2.31993e+22	9.80e-01	1.96e-02	7.26e-07	0.00e+00	0.00e+00	0.00e+00	0.00e+00	0.00e+00
 2.38070e+22	9.80e-01	1.96e-02	6.83e-07	0.00e+00	0.00e+00	0.00e+00	0.00e+00	0.00e+00
 2.43308e+22	9.80e-01	1.96e-02	6.48e-07	0.00e+00	0.00e+00	0.00e+00	0.00e+00	0.00e+00
 2.48863e+22	9.81e-01	1.94e-02	6.12e-07	0.00e+00	0.00e+00	0.00e+00	0.00e+00	0.00e+00
 2.54831e+22	9.81e-01	1.94e-02	5.78e-07	0.00e+00	0.00e+00	0.00e+00	0.00e+00	0.00e+00
 2.60205e+22	9.81e-01	1.94e-02	5.49e-07	0.00e+00	0.00e+00	0.00e+00	0.00e+00	0.00e+00
 2.65041e+22	9.81e-01	1.93e-02	5.25e-07	0.00e+00	0.00e+00	0.00e+00	0.00e+00	0.00e+00
 2.69394e+22	9.81e-01	1.93e-02	5.05e-07	0.00e+00	0.00e+00	0.00e+00	0.00e+00	0.00e+00
 2.73311e+22	9.81e-01	1.93e-02	4.87e-07	0.00e+00	0.00e+00	0.00e+00	0.00e+00	0.00e+00
 2.76837e+22	9.81e-01	1.93e-02	4.72e-07	0.00e+00	0.00e+00	0.00e+00	0.00e+00	0.00e+00
 2.80050e+22	9.81e-01	1.92e-02	4.59e-07	0.00e+00	0.00e+00	0.00e+00	0.00e+00	0.00e+00
 2.83135e+22	9.81e-01	1.92e-02	4.47e-07	0.00e+00	0.00e+00	0.00e+00	0.00e+00	0.00e+00
 2.86221e+22	9.81e-01	1.92e-02	4.35e-07	0.00e+00	0.00e+00	0.00e+00	0.00e+00	0.00e+00
 2.89307e+22	9.81e-01	1.91e-02	4.23e-07	0.00e+00	0.00e+00	0.00e+00	0.00e+00	0.00e+00
 2.92392e+22	9.81e-01	1.90e-02	4.12e-07	0.00e+00	0.00e+00	0.00e+00	0.00e+00	0.00e+00
 2.95478e+22	9.81e-01	1.90e-02	4.02e-07	0.00e+00	0.00e+00	0.00e+00	0.00e+00	0.00e+00
 2.98564e+22	9.81e-01	1.89e-02	3.91e-07	0.00e+00	0.00e+00	0.00e+00	0.00e+00	0.00e+00
 3.01547e+22	9.81e-01	1.88e-02	3.82e-07	0.00e+00	0.00e+00	0.00e+00	0.00e+00	0.00e+00
 3.04216e+22	9.81e-01	1.87e-02	3.74e-07	0.00e+00	0.00e+00	0.00e+00	0.00e+00	0.00e+00
 3.06466e+22	9.81e-01	1.85e-02	3.67e-07	0.00e+00	0.00e+00	0.00e+00	0.00e+00	0.00e+00
 3.08028e+22	9.82e-01	1.82e-02	3.62e-07	0.00e+00	0.00e+00	0.00e+00	0.00e+00	0.00e+00
