#depth	O	O+	O+2	O+3	O+4	O+5	O+6	O+7	O+8	O[1]	O[2]	O[3]
 1.55791e+15	8.58e-02	8.50e-01	6.36e-02	2.35e-04	1.29e-06	0.00e+00	0.00e+00	0.00e+00	0.00e+00	8.58e-02	6.05e-06	6.72e-06
 9.34748e+15	8.51e-02	8.50e-01	6.41e-02	2.39e-04	1.32e-06	0.00e+00	0.00e+00	0.00e+00	0.00e+00	8.51e-02	6.01e-06	6.66e-06
 4.05058e+16	8.47e-02	8.50e-01	6.46e-02	2.41e-04	1.33e-06	0.00e+00	0.00e+00	0.00e+00	0.00e+00	8.47e-02	5.98e-06	6.63e-06
 1.65139e+17	8.40e-02	8.50e-01	6.59e-02	2.44e-04	1.35e-06	0.00e+00	0.00e+00	0.00e+00	0.00e+00	8.40e-02	5.93e-06	6.58e-06
 3.94464e+17	7.92e-02	8.49e-01	7.17e-02	2.75e-04	1.51e-06	0.00e+00	0.00e+00	0.00e+00	0.00e+00	7.92e-02	5.61e-06	6.23e-06
 6.92586e+17	7.71e-02	8.48e-01	7.45e-02	2.85e-04	1.56e-06	0.00e+00	0.00e+00	0.00e+00	0.00e+00	7.71e-02	5.47e-06	6.07e-06
 1.08015e+18	7.70e-02	8.48e-01	7.51e-02	2.80e-04	1.52e-06	0.00e+00	0.00e+00	0.00e+00	0.00e+00	7.70e-02	5.46e-06	6.07e-06
 1.58397e+18	7.91e-02	8.47e-01	7.32e-02	2.57e-04	1.40e-06	0.00e+00	0.00e+00	0.00e+00	0.00e+00	7.90e-02	5.60e-06	6.22e-06
 2.20287e+18	8.36e-02	8.47e-01	6.89e-02	2.19e-04	1.20e-06	0.00e+00	0.00e+00	0.00e+00	0.00e+00	8.36e-02	5.90e-06	6.55e-06
 2.90159e+18	9.14e-02	8.46e-01	6.21e-02	1.74e-04	9.57e-07	0.00e+00	0.00e+00	0.00e+00	0.00e+00	9.14e-02	6.41e-06	7.12e-06
 3.71443e+18	1.05e-01	8.43e-01	5.25e-02	1.23e-04	6.87e-07	0.00e+00	0.00e+00	0.00e+00	0.00e+00	1.05e-01	7.26e-06	8.06e-06
 4.62341e+18	1.24e-01	8.34e-01	4.19e-02	7.80e-05	4.52e-07	0.00e+00	0.00e+00	0.00e+00	0.00e+00	1.24e-01	8.50e-06	9.44e-06
 5.46802e+18	1.50e-01	8.18e-01	3.25e-02	4.80e-05	2.90e-07	0.00e+00	0.00e+00	0.00e+00	0.00e+00	1.50e-01	1.00e-05	1.11e-05
 6.22915e+18	1.79e-01	7.96e-01	2.50e-02	2.96e-05	1.88e-07	0.00e+00	0.00e+00	0.00e+00	0.00e+00	1.79e-01	1.17e-05	1.29e-05
 6.90163e+18	2.10e-01	7.70e-01	1.94e-02	1.88e-05	1.26e-07	0.00e+00	0.00e+00	0.00e+00	0.00e+00	2.10e-01	1.33e-05	1.48e-05
 7.44946e+18	2.40e-01	7.44e-01	1.56e-02	1.28e-05	0.00e+00	0.00e+00	0.00e+00	0.00e+00	0.00e+00	2.40e-01	1.48e-05	1.64e-05
 8.03043e+18	2.76e-01	7.12e-01	1.22e-02	8.39e-06	0.00e+00	0.00e+00	0.00e+00	0.00e+00	0.00e+00	2.76e-01	1.64e-05	1.82e-05
 8.68515e+18	3.18e-01	6.72e-01	9.25e-03	5.29e-06	0.00e+00	0.00e+00	0.00e+00	0.00e+00	0.00e+00	3.18e-01	1.81e-05	2.01e-05
 9.28236e+18	3.59e-01	6.33e-01	7.17e-03	3.50e-06	0.00e+00	0.00e+00	0.00e+00	0.00e+00	0.00e+00	3.59e-01	1.96e-05	2.17e-05
 9.77138e+18	3.94e-01	6.00e-01	5.81e-03	2.52e-06	0.00e+00	0.00e+00	0.00e+00	0.00e+00	0.00e+00	3.94e-01	2.06e-05	2.28e-05
 1.01908e+19	4.23e-01	5.72e-01	4.86e-03	1.92e-06	0.00e+00	0.00e+00	0.00e+00	0.00e+00	0.00e+00	4.23e-01	2.13e-05	2.36e-05
 1.05915e+19	4.51e-01	5.45e-01	4.09e-03	1.48e-06	0.00e+00	0.00e+00	0.00e+00	0.00e+00	0.00e+00	4.51e-01	2.19e-05	2.43e-05
 1.10007e+19	4.78e-01	5.18e-01	3.45e-03	1.16e-06	0.00e+00	0.00e+00	0.00e+00	0.00e+00	0.00e+00	4.78e-01	2.24e-05	2.48e-05
 1.14039e+19	5.05e-01	4.93e-01	2.92e-03	9.13e-07	0.00e+00	0.00e+00	0.00e+00	0.00e+00	0.00e+00	5.04e-01	2.28e-05	2.52e-05
 1.17852e+19	5.28e-01	4.69e-01	2.50e-03	7.37e-07	0.00e+00	0.00e+00	0.00e+00	0.00e+00	0.00e+00	5.28e-01	2.30e-05	2.54e-05
 1.21599e+19	5.51e-01	4.47e-01	2.15e-03	6.00e-07	0.00e+00	0.00e+00	0.00e+00	0.00e+00	0.00e+00	5.51e-01	2.32e-05	2.56e-05
 1.25431e+19	5.72e-01	4.26e-01	1.84e-03	4.92e-07	0.00e+00	0.00e+00	0.00e+00	0.00e+00	0.00e+00	5.72e-01	2.32e-05	2.57e-05
 1.29272e+19	5.92e-01	4.06e-01	1.59e-03	4.06e-07	0.00e+00	0.00e+00	0.00e+00	0.00e+00	0.00e+00	5.92e-01	2.32e-05	2.57e-05
 1.32316e+19	6.07e-01	3.92e-01	1.42e-03	3.54e-07	0.00e+00	0.00e+00	0.00e+00	0.00e+00	0.00e+00	6.07e-01	2.32e-05	2.56e-05
 1.34485e+19	6.17e-01	3.81e-01	1.31e-03	3.21e-07	0.00e+00	0.00e+00	0.00e+00	0.00e+00	0.00e+00	6.17e-01	2.32e-05	2.55e-05
 1.36676e+19	6.28e-01	3.71e-01	1.21e-03	2.90e-07	0.00e+00	0.00e+00	0.00e+00	0.00e+00	0.00e+00	6.28e-01	2.31e-05	2.55e-05
 1.39237e+19	6.39e-01	3.59e-01	1.10e-03	2.59e-07	0.00e+00	0.00e+00	0.00e+00	0.00e+00	0.00e+00	6.39e-01	2.30e-05	2.54e-05
 1.42016e+19	6.52e-01	3.47e-01	9.90e-04	2.30e-07	0.00e+00	0.00e+00	0.00e+00	0.00e+00	0.00e+00	6.52e-01	2.29e-05	2.52e-05
 1.44796e+19	6.63e-01	3.36e-01	8.97e-04	2.05e-07	0.00e+00	0.00e+00	0.00e+00	0.00e+00	0.00e+00	6.63e-01	2.27e-05	2.51e-05
 1.47610e+19	6.74e-01	3.25e-01	8.10e-04	1.83e-07	0.00e+00	0.00e+00	0.00e+00	0.00e+00	0.00e+00	6.74e-01	2.26e-05	2.49e-05
 1.50508e+19	6.84e-01	3.15e-01	7.33e-04	1.64e-07	0.00e+00	0.00e+00	0.00e+00	0.00e+00	0.00e+00	6.84e-01	2.24e-05	2.47e-05
 1.53521e+19	6.95e-01	3.04e-01	6.59e-04	1.47e-07	0.00e+00	0.00e+00	0.00e+00	0.00e+00	0.00e+00	6.95e-01	2.22e-05	2.45e-05
 1.56669e+19	7.06e-01	2.93e-01	5.92e-04	1.32e-07	0.00e+00	0.00e+00	0.00e+00	0.00e+00	0.00e+00	7.06e-01	2.20e-05	2.42e-05
 1.59858e+19	7.16e-01	2.83e-01	5.31e-04	0.00e+00	0.00e+00	0.00e+00	0.00e+00	0.00e+00	0.00e+00	7.16e-01	2.18e-05	2.40e-05
 1.63127e+19	7.26e-01	2.74e-01	4.77e-04	0.00e+00	0.00e+00	0.00e+00	0.00e+00	0.00e+00	0.00e+00	7.26e-01	2.15e-05	2.37e-05
 1.66557e+19	7.36e-01	2.63e-01	4.26e-04	0.00e+00	0.00e+00	0.00e+00	0.00e+00	0.00e+00	0.00e+00	7.36e-01	2.13e-05	2.34e-05
 1.70086e+19	7.45e-01	2.54e-01	3.80e-04	0.00e+00	0.00e+00	0.00e+00	0.00e+00	0.00e+00	0.00e+00	7.45e-01	2.10e-05	2.31e-05
 1.73718e+19	7.55e-01	2.45e-01	3.39e-04	0.00e+00	0.00e+00	0.00e+00	0.00e+00	0.00e+00	0.00e+00	7.55e-01	2.07e-05	2.28e-05
 1.77470e+19	7.64e-01	2.36e-01	3.02e-04	0.00e+00	0.00e+00	0.00e+00	0.00e+00	0.00e+00	0.00e+00	7.64e-01	2.05e-05	2.25e-05
 1.81366e+19	7.73e-01	2.27e-01	2.68e-04	0.00e+00	0.00e+00	0.00e+00	0.00e+00	0.00e+00	0.00e+00	7.73e-01	2.02e-05	2.22e-05
 1.85373e+19	7.81e-01	2.18e-01	2.38e-04	0.00e+00	0.00e+00	0.00e+00	0.00e+00	0.00e+00	0.00e+00	7.81e-01	1.99e-05	2.18e-05
 1.89495e+19	7.90e-01	2.10e-01	2.11e-04	0.00e+00	0.00e+00	0.00e+00	0.00e+00	0.00e+00	0.00e+00	7.90e-01	1.96e-05	2.15e-05
 1.93810e+19	7.98e-01	2.02e-01	1.87e-04	0.00e+00	0.00e+00	0.00e+00	0.00e+00	0.00e+00	0.00e+00	7.98e-01	1.93e-05	2.12e-05
 1.98319e+19	8.06e-01	1.94e-01	1.65e-04	0.00e+00	0.00e+00	0.00e+00	0.00e+00	0.00e+00	0.00e+00	8.06e-01	1.90e-05	2.08e-05
 2.02955e+19	8.13e-01	1.86e-01	1.46e-04	0.00e+00	0.00e+00	0.00e+00	0.00e+00	0.00e+00	0.00e+00	8.13e-01	1.87e-05	2.05e-05
 2.07744e+19	8.21e-01	1.79e-01	1.29e-04	0.00e+00	0.00e+00	0.00e+00	0.00e+00	0.00e+00	0.00e+00	8.21e-01	1.84e-05	2.02e-05
 2.12803e+19	8.28e-01	1.72e-01	1.14e-04	0.00e+00	0.00e+00	0.00e+00	0.00e+00	0.00e+00	0.00e+00	8.28e-01	1.81e-05	1.98e-05
 2.18113e+19	8.35e-01	1.65e-01	1.00e-04	0.00e+00	0.00e+00	0.00e+00	0.00e+00	0.00e+00	0.00e+00	8.35e-01	1.78e-05	1.95e-05
 2.23620e+19	8.41e-01	1.59e-01	8.84e-05	0.00e+00	0.00e+00	0.00e+00	0.00e+00	0.00e+00	0.00e+00	8.41e-01	1.75e-05	1.92e-05
 2.29292e+19	8.47e-01	1.53e-01	7.82e-05	0.00e+00	0.00e+00	0.00e+00	0.00e+00	0.00e+00	0.00e+00	8.47e-01	1.72e-05	1.88e-05
 2.35211e+19	8.53e-01	1.47e-01	6.92e-05	0.00e+00	0.00e+00	0.00e+00	0.00e+00	0.00e+00	0.00e+00	8.53e-01	1.69e-05	1.85e-05
 2.41465e+19	8.59e-01	1.41e-01	6.13e-05	0.00e+00	0.00e+00	0.00e+00	0.00e+00	0.00e+00	0.00e+00	8.59e-01	1.67e-05	1.82e-05
 2.48047e+19	8.64e-01	1.36e-01	5.44e-05	0.00e+00	0.00e+00	0.00e+00	0.00e+00	0.00e+00	0.00e+00	8.64e-01	1.64e-05	1.79e-05
 2.54933e+19	8.69e-01	1.31e-01	4.84e-05	0.00e+00	0.00e+00	0.00e+00	0.00e+00	0.00e+00	0.00e+00	8.69e-01	1.61e-05	1.76e-05
 2.62214e+19	8.74e-01	1.26e-01	4.31e-05	0.00e+00	0.00e+00	0.00e+00	0.00e+00	0.00e+00	0.00e+00	8.74e-01	1.59e-05	1.74e-05
 2.69963e+19	8.79e-01	1.21e-01	3.84e-05	0.00e+00	0.00e+00	0.00e+00	0.00e+00	0.00e+00	0.00e+00	8.79e-01	1.57e-05	1.71e-05
 2.78240e+19	8.83e-01	1.17e-01	3.44e-05	0.00e+00	0.00e+00	0.00e+00	0.00e+00	0.00e+00	0.00e+00	8.83e-01	1.54e-05	1.68e-05
 2.87109e+19	8.87e-01	1.13e-01	3.08e-05	0.00e+00	0.00e+00	0.00e+00	0.00e+00	0.00e+00	0.00e+00	8.87e-01	1.52e-05	1.66e-05
 2.96668e+19	8.91e-01	1.09e-01	2.76e-05	0.00e+00	0.00e+00	0.00e+00	0.00e+00	0.00e+00	0.00e+00	8.91e-01	1.50e-05	1.63e-05
 3.07046e+19	8.95e-01	1.05e-01	2.47e-05	0.00e+00	0.00e+00	0.00e+00	0.00e+00	0.00e+00	0.00e+00	8.95e-01	1.48e-05	1.61e-05
 3.18337e+19	8.98e-01	1.02e-01	2.22e-05	0.00e+00	0.00e+00	0.00e+00	0.00e+00	0.00e+00	0.00e+00	8.98e-01	1.46e-05	1.59e-05
 3.30648e+19	9.02e-01	9.83e-02	2.00e-05	0.00e+00	0.00e+00	0.00e+00	0.00e+00	0.00e+00	0.00e+00	9.02e-01	1.44e-05	1.56e-05
 3.44080e+19	9.05e-01	9.50e-02	1.80e-05	0.00e+00	0.00e+00	0.00e+00	0.00e+00	0.00e+00	0.00e+00	9.05e-01	1.42e-05	1.54e-05
 3.58735e+19	9.08e-01	9.19e-02	1.62e-05	0.00e+00	0.00e+00	0.00e+00	0.00e+00	0.00e+00	0.00e+00	9.08e-01	1.40e-05	1.52e-05
 3.74709e+19	9.11e-01	8.88e-02	1.46e-05	0.00e+00	0.00e+00	0.00e+00	0.00e+00	0.00e+00	0.00e+00	9.11e-01	1.38e-05	1.50e-05
 3.92066e+19	9.14e-01	8.58e-02	1.31e-05	0.00e+00	0.00e+00	0.00e+00	0.00e+00	0.00e+00	0.00e+00	9.14e-01	1.36e-05	1.48e-05
 4.10834e+19	9.17e-01	8.29e-02	1.18e-05	0.00e+00	0.00e+00	0.00e+00	0.00e+00	0.00e+00	0.00e+00	9.17e-01	1.35e-05	1.46e-05
 4.31007e+19	9.20e-01	8.01e-02	1.07e-05	0.00e+00	0.00e+00	0.00e+00	0.00e+00	0.00e+00	0.00e+00	9.20e-01	1.33e-05	1.44e-05
 4.52571e+19	9.23e-01	7.74e-02	9.63e-06	0.00e+00	0.00e+00	0.00e+00	0.00e+00	0.00e+00	0.00e+00	9.23e-01	1.31e-05	1.42e-05
 4.75504e+19	9.25e-01	7.47e-02	8.70e-06	0.00e+00	0.00e+00	0.00e+00	0.00e+00	0.00e+00	0.00e+00	9.25e-01	1.29e-05	1.40e-05
 4.99782e+19	9.28e-01	7.21e-02	7.87e-06	0.00e+00	0.00e+00	0.00e+00	0.00e+00	0.00e+00	0.00e+00	9.28e-01	1.28e-05	1.38e-05
 5.25377e+19	9.30e-01	6.96e-02	7.14e-06	0.00e+00	0.00e+00	0.00e+00	0.00e+00	0.00e+00	0.00e+00	9.30e-01	1.26e-05	1.36e-05
 5.52274e+19	9.33e-01	6.72e-02	6.48e-06	0.00e+00	0.00e+00	0.00e+00	0.00e+00	0.00e+00	0.00e+00	9.33e-01	1.25e-05	1.35e-05
 5.80498e+19	9.35e-01	6.49e-02	5.89e-06	0.00e+00	0.00e+00	0.00e+00	0.00e+00	0.00e+00	0.00e+00	9.35e-01	1.23e-05	1.33e-05
 6.09895e+19	9.37e-01	6.26e-02	5.37e-06	0.00e+00	0.00e+00	0.00e+00	0.00e+00	0.00e+00	0.00e+00	9.37e-01	1.21e-05	1.31e-05
 6.40587e+19	9.40e-01	6.04e-02	4.91e-06	0.00e+00	0.00e+00	0.00e+00	0.00e+00	0.00e+00	0.00e+00	9.40e-01	1.20e-05	1.30e-05
 6.72773e+19	9.42e-01	5.83e-02	4.50e-06	0.00e+00	0.00e+00	0.00e+00	0.00e+00	0.00e+00	0.00e+00	9.42e-01	1.19e-05	1.28e-05
 7.06274e+19	9.44e-01	5.62e-02	4.13e-06	0.00e+00	0.00e+00	0.00e+00	0.00e+00	0.00e+00	0.00e+00	9.44e-01	1.17e-05	1.26e-05
 7.41063e+19	9.46e-01	5.42e-02	3.80e-06	0.00e+00	0.00e+00	0.00e+00	0.00e+00	0.00e+00	0.00e+00	9.46e-01	1.16e-05	1.25e-05
 7.77191e+19	9.48e-01	5.22e-02	3.51e-06	0.00e+00	0.00e+00	0.00e+00	0.00e+00	0.00e+00	0.00e+00	9.48e-01	1.14e-05	1.23e-05
 8.14693e+19	9.50e-01	5.04e-02	3.25e-06	0.00e+00	0.00e+00	0.00e+00	0.00e+00	0.00e+00	0.00e+00	9.50e-01	1.13e-05	1.21e-05
 8.53632e+19	9.51e-01	4.86e-02	3.02e-06	0.00e+00	0.00e+00	0.00e+00	0.00e+00	0.00e+00	0.00e+00	9.51e-01	1.11e-05	1.19e-05
 8.94002e+19	9.53e-01	4.68e-02	2.82e-06	0.00e+00	0.00e+00	0.00e+00	0.00e+00	0.00e+00	0.00e+00	9.53e-01	1.10e-05	1.17e-05
 9.35775e+19	9.55e-01	4.51e-02	2.64e-06	0.00e+00	0.00e+00	0.00e+00	0.00e+00	0.00e+00	0.00e+00	9.55e-01	1.09e-05	1.16e-05
 9.79115e+19	9.57e-01	4.35e-02	2.47e-06	0.00e+00	0.00e+00	0.00e+00	0.00e+00	0.00e+00	0.00e+00	9.56e-01	1.08e-05	1.14e-05
 1.02419e+20	9.58e-01	4.19e-02	2.33e-06	0.00e+00	0.00e+00	0.00e+00	0.00e+00	0.00e+00	0.00e+00	9.58e-01	1.06e-05	1.12e-05
 1.07095e+20	9.60e-01	4.04e-02	2.20e-06	0.00e+00	0.00e+00	0.00e+00	0.00e+00	0.00e+00	0.00e+00	9.60e-01	1.05e-05	1.11e-05
 1.11942e+20	9.61e-01	3.89e-02	2.08e-06	0.00e+00	0.00e+00	0.00e+00	0.00e+00	0.00e+00	0.00e+00	9.61e-01	1.04e-05	1.09e-05
 1.16973e+20	9.63e-01	3.75e-02	1.98e-06	0.00e+00	0.00e+00	0.00e+00	0.00e+00	0.00e+00	0.00e+00	9.62e-01	1.03e-05	1.07e-05
 1.22196e+20	9.64e-01	3.61e-02	1.89e-06	0.00e+00	0.00e+00	0.00e+00	0.00e+00	0.00e+00	0.00e+00	9.64e-01	1.02e-05	1.06e-05
 1.27625e+20	9.65e-01	3.48e-02	1.81e-06	0.00e+00	0.00e+00	0.00e+00	0.00e+00	0.00e+00	0.00e+00	9.65e-01	1.01e-05	1.05e-05
 1.33298e+20	9.67e-01	3.35e-02	1.73e-06	0.00e+00	0.00e+00	0.00e+00	0.00e+00	0.00e+00	0.00e+00	9.66e-01	9.95e-06	1.03e-05
 1.39198e+20	9.68e-01	3.22e-02	1.67e-06	0.00e+00	0.00e+00	0.00e+00	0.00e+00	0.00e+00	0.00e+00	9.68e-01	9.85e-06	1.02e-05
 1.45284e+20	9.69e-01	3.11e-02	1.61e-06	0.00e+00	0.00e+00	0.00e+00	0.00e+00	0.00e+00	0.00e+00	9.69e-01	9.76e-06	1.01e-05
 1.51591e+20	9.70e-01	2.99e-02	1.56e-06	0.00e+00	0.00e+00	0.00e+00	0.00e+00	0.00e+00	0.00e+00	9.70e-01	9.66e-06	9.95e-06
 1.58062e+20	9.71e-01	2.88e-02	1.52e-06	0.00e+00	0.00e+00	0.00e+00	0.00e+00	0.00e+00	0.00e+00	9.71e-01	9.57e-06	9.83e-06
 1.64511e+20	9.72e-01	2.78e-02	1.48e-06	0.00e+00	0.00e+00	0.00e+00	0.00e+00	0.00e+00	0.00e+00	9.72e-01	9.48e-06	9.72e-06
 1.70820e+20	9.73e-01	2.69e-02	1.45e-06	0.00e+00	0.00e+00	0.00e+00	0.00e+00	0.00e+00	0.00e+00	9.73e-01	9.40e-06	9.62e-06
 1.77002e+20	9.74e-01	2.60e-02	1.43e-06	0.00e+00	0.00e+00	0.00e+00	0.00e+00	0.00e+00	0.00e+00	9.74e-01	9.32e-06	9.52e-06
 1.83068e+20	9.75e-01	2.52e-02	1.41e-06	0.00e+00	0.00e+00	0.00e+00	0.00e+00	0.00e+00	0.00e+00	9.75e-01	9.24e-06	9.43e-06
 1.88970e+20	9.76e-01	2.44e-02	1.39e-06	0.00e+00	0.00e+00	0.00e+00	0.00e+00	0.00e+00	0.00e+00	9.76e-01	9.17e-06	9.35e-06
 1.94663e+20	9.76e-01	2.37e-02	1.38e-06	0.00e+00	0.00e+00	0.00e+00	0.00e+00	0.00e+00	0.00e+00	9.76e-01	9.10e-06	9.26e-06
 2.00123e+20	9.77e-01	2.31e-02	1.37e-06	0.00e+00	0.00e+00	0.00e+00	0.00e+00	0.00e+00	0.00e+00	9.77e-01	9.03e-06	9.19e-06
 2.05344e+20	9.78e-01	2.25e-02	1.36e-06	0.00e+00	0.00e+00	0.00e+00	0.00e+00	0.00e+00	0.00e+00	9.77e-01	8.97e-06	9.11e-06
 2.10331e+20	9.78e-01	2.19e-02	1.35e-06	0.00e+00	0.00e+00	0.00e+00	0.00e+00	0.00e+00	0.00e+00	9.78e-01	8.91e-06	9.04e-06
