#depth	N	N+	N+2	N+3	N+4	N+5	N+6	N+7
 2.00863e+16	5.09e-07	1.42e-03	2.11e-01	5.80e-01	1.80e-01	2.81e-02	2.52e-05	0.00e+00
 1.20518e+17	5.07e-07	1.42e-03	2.11e-01	5.80e-01	1.80e-01	2.80e-02	2.52e-05	0.00e+00
 5.22244e+17	5.03e-07	1.41e-03	2.11e-01	5.80e-01	1.79e-01	2.78e-02	2.50e-05	0.00e+00
 2.12915e+18	4.93e-07	1.40e-03	2.15e-01	5.81e-01	1.76e-01	2.70e-02	2.42e-05	0.00e+00
 5.08585e+18	4.59e-07	1.36e-03	2.18e-01	5.83e-01	1.72e-01	2.59e-02	2.31e-05	0.00e+00
 8.92956e+18	4.50e-07	1.35e-03	2.26e-01	5.83e-01	1.65e-01	2.43e-02	2.16e-05	0.00e+00
 1.39264e+19	4.61e-07	1.39e-03	2.38e-01	5.83e-01	1.56e-01	2.23e-02	1.97e-05	0.00e+00
 2.04223e+19	4.96e-07	1.49e-03	2.57e-01	5.79e-01	1.44e-01	1.96e-02	1.71e-05	0.00e+00
 2.76014e+19	5.45e-07	1.61e-03	2.80e-01	5.72e-01	1.30e-01	1.68e-02	1.46e-05	0.00e+00
 3.40041e+19	6.04e-07	1.76e-03	3.05e-01	5.62e-01	1.16e-01	1.45e-02	1.26e-05	0.00e+00
 3.91940e+19	6.67e-07	1.92e-03	3.28e-01	5.52e-01	1.05e-01	1.26e-02	1.09e-05	0.00e+00
 4.34291e+19	7.33e-07	2.07e-03	3.49e-01	5.42e-01	9.59e-02	1.11e-02	9.63e-06	0.00e+00
 4.71580e+19	8.03e-07	2.23e-03	3.68e-01	5.32e-01	8.75e-02	9.83e-03	8.51e-06	0.00e+00
 5.06504e+19	8.78e-07	2.40e-03	3.87e-01	5.22e-01	7.95e-02	8.66e-03	7.49e-06	0.00e+00
 5.39709e+19	9.58e-07	2.57e-03	4.05e-01	5.13e-01	7.20e-02	7.60e-03	6.57e-06	0.00e+00
 5.71150e+19	1.04e-06	2.75e-03	4.22e-01	5.03e-01	6.49e-02	6.65e-03	5.75e-06	0.00e+00
 6.00924e+19	1.13e-06	2.93e-03	4.39e-01	4.94e-01	5.84e-02	5.80e-03	5.01e-06	0.00e+00
 6.29473e+19	1.23e-06	3.11e-03	4.54e-01	4.86e-01	5.23e-02	5.04e-03	4.35e-06	0.00e+00
 6.57342e+19	1.33e-06	3.31e-03	4.68e-01	4.77e-01	4.67e-02	4.37e-03	3.75e-06	0.00e+00
 6.84967e+19	1.44e-06	3.51e-03	4.82e-01	4.69e-01	4.13e-02	3.76e-03	3.21e-06	0.00e+00
 7.16713e+19	1.59e-06	3.76e-03	4.97e-01	4.60e-01	3.56e-02	3.13e-03	2.65e-06	0.00e+00
 7.49114e+19	1.74e-06	4.02e-03	5.11e-01	4.52e-01	3.05e-02	2.62e-03	2.19e-06	0.00e+00
 7.75409e+19	1.88e-06	4.24e-03	5.22e-01	4.45e-01	2.68e-02	2.27e-03	1.87e-06	0.00e+00
 8.02634e+19	2.05e-06	4.49e-03	5.33e-01	4.37e-01	2.33e-02	1.95e-03	1.58e-06	0.00e+00
 8.32700e+19	2.24e-06	4.77e-03	5.44e-01	4.29e-01	2.01e-02	1.68e-03	1.33e-06	0.00e+00
 8.61196e+19	2.44e-06	5.04e-03	5.54e-01	4.22e-01	1.74e-02	1.47e-03	1.13e-06	0.00e+00
 8.92977e+19	2.71e-06	5.38e-03	5.64e-01	4.14e-01	1.49e-02	1.28e-03	9.56e-07	0.00e+00
 9.28698e+19	3.02e-06	5.75e-03	5.75e-01	4.06e-01	1.27e-02	1.11e-03	8.07e-07	0.00e+00
 9.67328e+19	3.41e-06	6.17e-03	5.85e-01	3.97e-01	1.07e-02	9.77e-04	6.81e-07	0.00e+00
 1.01225e+20	3.91e-06	6.68e-03	5.96e-01	3.87e-01	8.95e-03	8.56e-04	5.70e-07	0.00e+00
 1.06329e+20	4.55e-06	7.29e-03	6.08e-01	3.77e-01	7.44e-03	7.52e-04	4.77e-07	0.00e+00
 1.12222e+20	5.41e-06	8.03e-03	6.20e-01	3.65e-01	6.15e-03	6.59e-04	3.94e-07	0.00e+00
 1.19566e+20	6.71e-06	9.04e-03	6.34e-01	3.51e-01	4.99e-03	5.67e-04	3.16e-07	0.00e+00
 1.27327e+20	8.37e-06	1.02e-02	6.48e-01	3.37e-01	4.15e-03	4.91e-04	2.55e-07	0.00e+00
 1.34308e+20	1.03e-05	1.15e-02	6.60e-01	3.24e-01	3.57e-03	4.30e-04	2.08e-07	0.00e+00
 1.42061e+20	1.32e-05	1.32e-02	6.75e-01	3.09e-01	3.05e-03	3.69e-04	1.64e-07	0.00e+00
 1.48612e+20	1.62e-05	1.49e-02	6.86e-01	2.96e-01	2.72e-03	3.22e-04	1.33e-07	0.00e+00
 1.52074e+20	1.82e-05	1.59e-02	6.93e-01	2.88e-01	2.56e-03	2.98e-04	0.00e+00	0.00e+00
 1.55047e+20	2.03e-05	1.70e-02	6.99e-01	2.81e-01	2.42e-03	2.77e-04	0.00e+00	0.00e+00
 1.58912e+20	2.36e-05	1.86e-02	7.07e-01	2.72e-01	2.25e-03	2.51e-04	0.00e+00	0.00e+00
 1.63053e+20	2.78e-05	2.05e-02	7.16e-01	2.61e-01	2.09e-03	2.25e-04	0.00e+00	0.00e+00
 1.66586e+20	3.21e-05	2.24e-02	7.24e-01	2.52e-01	1.96e-03	2.03e-04	0.00e+00	0.00e+00
 1.69632e+20	3.67e-05	2.42e-02	7.31e-01	2.43e-01	1.85e-03	1.85e-04	0.00e+00	0.00e+00
 1.73007e+20	4.30e-05	2.67e-02	7.39e-01	2.33e-01	1.73e-03	1.65e-04	0.00e+00	0.00e+00
 1.76562e+20	5.10e-05	2.97e-02	7.47e-01	2.22e-01	1.61e-03	1.46e-04	0.00e+00	0.00e+00
 1.79550e+20	5.93e-05	3.26e-02	7.54e-01	2.12e-01	1.52e-03	1.31e-04	0.00e+00	0.00e+00
 1.82150e+20	6.82e-05	3.56e-02	7.60e-01	2.03e-01	1.43e-03	1.18e-04	0.00e+00	0.00e+00
 1.85049e+20	8.05e-05	3.95e-02	7.67e-01	1.92e-01	1.34e-03	1.04e-04	0.00e+00	0.00e+00
 1.88126e+20	9.64e-05	4.42e-02	7.73e-01	1.81e-01	1.25e-03	9.06e-05	0.00e+00	0.00e+00
 1.90736e+20	1.13e-04	4.90e-02	7.78e-01	1.71e-01	1.17e-03	7.98e-05	0.00e+00	0.00e+00
 1.93011e+20	1.32e-04	5.38e-02	7.83e-01	1.62e-01	1.10e-03	7.08e-05	0.00e+00	0.00e+00
 1.95551e+20	1.58e-04	6.02e-02	7.87e-01	1.52e-01	1.02e-03	6.13e-05	0.00e+00	0.00e+00
 1.98250e+20	1.91e-04	6.80e-02	7.90e-01	1.41e-01	9.45e-04	5.22e-05	0.00e+00	0.00e+00
 2.00566e+20	2.28e-04	7.59e-02	7.92e-01	1.31e-01	8.79e-04	4.51e-05	0.00e+00	0.00e+00
 2.02611e+20	2.69e-04	8.40e-02	7.93e-01	1.22e-01	8.21e-04	3.92e-05	0.00e+00	0.00e+00
 2.04895e+20	3.28e-04	9.51e-02	7.92e-01	1.12e-01	7.54e-04	3.29e-05	0.00e+00	0.00e+00
 2.07309e+20	4.05e-04	1.08e-01	7.89e-01	1.01e-01	6.87e-04	2.73e-05	0.00e+00	0.00e+00
 2.09358e+20	4.91e-04	1.22e-01	7.85e-01	9.23e-02	6.31e-04	2.29e-05	0.00e+00	0.00e+00
 2.11132e+20	5.85e-04	1.36e-01	7.79e-01	8.44e-02	5.82e-04	1.94e-05	0.00e+00	0.00e+00
 2.13085e+20	7.18e-04	1.54e-01	7.69e-01	7.56e-02	5.28e-04	1.59e-05	0.00e+00	0.00e+00
 2.15131e+20	8.94e-04	1.75e-01	7.56e-01	6.68e-02	4.73e-04	1.27e-05	0.00e+00	0.00e+00
 2.16825e+20	1.08e-03	1.97e-01	7.42e-01	5.96e-02	4.29e-04	1.04e-05	0.00e+00	0.00e+00
 2.18279e+20	1.28e-03	2.17e-01	7.27e-01	5.35e-02	3.91e-04	8.69e-06	0.00e+00	0.00e+00
 2.19892e+20	1.57e-03	2.45e-01	7.06e-01	4.67e-02	3.48e-04	6.91e-06	0.00e+00	0.00e+00
 2.21587e+20	1.95e-03	2.77e-01	6.81e-01	4.01e-02	3.05e-04	5.37e-06	0.00e+00	0.00e+00
 2.23010e+20	2.35e-03	3.08e-01	6.55e-01	3.47e-02	2.71e-04	4.27e-06	0.00e+00	0.00e+00
 2.24256e+20	2.79e-03	3.38e-01	6.28e-01	3.02e-02	2.41e-04	3.42e-06	0.00e+00	0.00e+00
 2.25651e+20	3.41e-03	3.77e-01	5.94e-01	2.53e-02	2.08e-04	2.61e-06	0.00e+00	0.00e+00
 2.27136e+20	4.22e-03	4.21e-01	5.54e-01	2.07e-02	1.76e-04	1.92e-06	0.00e+00	0.00e+00
 2.28397e+20	5.11e-03	4.63e-01	5.15e-01	1.70e-02	1.49e-04	1.43e-06	0.00e+00	0.00e+00
 2.29484e+20	6.04e-03	5.02e-01	4.78e-01	1.41e-02	1.28e-04	1.09e-06	0.00e+00	0.00e+00
 2.30684e+20	7.32e-03	5.48e-01	4.33e-01	1.12e-02	1.05e-04	7.78e-07	0.00e+00	0.00e+00
 2.31978e+20	9.00e-03	5.99e-01	3.83e-01	8.49e-03	8.35e-05	5.26e-07	0.00e+00	0.00e+00
 2.33002e+20	1.06e-02	6.40e-01	3.42e-01	6.67e-03	6.82e-05	3.75e-07	0.00e+00	0.00e+00
 2.33742e+20	1.20e-02	6.70e-01	3.12e-01	5.52e-03	5.82e-05	2.89e-07	0.00e+00	0.00e+00
 2.34502e+20	1.37e-02	7.02e-01	2.80e-01	4.43e-03	4.84e-05	2.14e-07	0.00e+00	0.00e+00
 2.35355e+20	1.59e-02	7.35e-01	2.45e-01	3.41e-03	3.88e-05	1.50e-07	0.00e+00	0.00e+00
 2.36130e+20	1.83e-02	7.64e-01	2.15e-01	2.65e-03	3.12e-05	0.00e+00	0.00e+00	0.00e+00
 2.36800e+20	2.05e-02	7.88e-01	1.89e-01	2.10e-03	2.57e-05	0.00e+00	0.00e+00	0.00e+00
 2.37530e+20	2.36e-02	8.13e-01	1.62e-01	1.59e-03	2.02e-05	0.00e+00	0.00e+00	0.00e+00
 2.38302e+20	2.72e-02	8.35e-01	1.36e-01	1.17e-03	1.54e-05	0.00e+00	0.00e+00	0.00e+00
 2.38951e+20	3.09e-02	8.52e-01	1.16e-01	8.82e-04	1.21e-05	0.00e+00	0.00e+00	0.00e+00
 2.39505e+20	3.45e-02	8.65e-01	9.99e-02	6.90e-04	9.73e-06	0.00e+00	0.00e+00	0.00e+00
 2.40116e+20	3.92e-02	8.77e-01	8.34e-02	5.14e-04	7.46e-06	0.00e+00	0.00e+00	0.00e+00
 2.40779e+20	4.52e-02	8.87e-01	6.79e-02	3.72e-04	5.55e-06	0.00e+00	0.00e+00	0.00e+00
 2.41370e+20	5.14e-02	8.92e-01	5.59e-02	2.78e-04	4.20e-06	0.00e+00	0.00e+00	0.00e+00
 2.41904e+20	5.80e-02	8.96e-01	4.62e-02	2.12e-04	3.22e-06	0.00e+00	0.00e+00	0.00e+00
 2.42507e+20	6.70e-02	8.96e-01	3.67e-02	1.55e-04	2.33e-06	0.00e+00	0.00e+00	0.00e+00
 2.43160e+20	7.87e-02	8.93e-01	2.82e-02	1.13e-04	1.63e-06	0.00e+00	0.00e+00	0.00e+00
 2.43744e+20	9.15e-02	8.87e-01	2.19e-02	8.54e-05	1.16e-06	0.00e+00	0.00e+00	0.00e+00
 2.44261e+20	1.05e-01	8.78e-01	1.73e-02	6.78e-05	8.48e-07	0.00e+00	0.00e+00	0.00e+00
 2.44751e+20	1.20e-01	8.66e-01	1.36e-02	5.51e-05	6.20e-07	0.00e+00	0.00e+00	0.00e+00
 2.45228e+20	1.37e-01	8.52e-01	1.07e-02	4.59e-05	4.55e-07	0.00e+00	0.00e+00	0.00e+00
 2.45676e+20	1.56e-01	8.35e-01	8.44e-03	3.91e-05	3.36e-07	0.00e+00	0.00e+00	0.00e+00
 2.46097e+20	1.77e-01	8.17e-01	6.69e-03	3.41e-05	2.51e-07	0.00e+00	0.00e+00	0.00e+00
 2.46480e+20	1.97e-01	7.97e-01	5.38e-03	3.03e-05	1.92e-07	0.00e+00	0.00e+00	0.00e+00
 2.46817e+20	2.18e-01	7.78e-01	4.40e-03	2.75e-05	1.50e-07	0.00e+00	0.00e+00	0.00e+00
 2.47133e+20	2.39e-01	7.57e-01	3.62e-03	2.52e-05	0.00e+00	0.00e+00	0.00e+00	0.00e+00
 2.47438e+20	2.61e-01	7.36e-01	2.99e-03	2.31e-05	0.00e+00	0.00e+00	0.00e+00	0.00e+00
 2.47671e+20	2.78e-01	7.19e-01	2.59e-03	2.18e-05	0.00e+00	0.00e+00	0.00e+00	0.00e+00
 2.47824e+20	2.90e-01	7.07e-01	2.35e-03	2.10e-05	0.00e+00	0.00e+00	0.00e+00	0.00e+00
 2.47969e+20	3.03e-01	6.95e-01	2.13e-03	2.02e-05	0.00e+00	0.00e+00	0.00e+00	0.00e+00
 2.48136e+20	3.18e-01	6.80e-01	1.90e-03	1.93e-05	0.00e+00	0.00e+00	0.00e+00	0.00e+00
 2.48312e+20	3.34e-01	6.65e-01	1.69e-03	1.84e-05	0.00e+00	0.00e+00	0.00e+00	0.00e+00
 2.48481e+20	3.49e-01	6.49e-01	1.50e-03	1.76e-05	0.00e+00	0.00e+00	0.00e+00	0.00e+00
 2.48646e+20	3.65e-01	6.34e-01	1.34e-03	1.68e-05	0.00e+00	0.00e+00	0.00e+00	0.00e+00
 2.48811e+20	3.81e-01	6.18e-01	1.19e-03	1.61e-05	0.00e+00	0.00e+00	0.00e+00	0.00e+00
 2.48975e+20	3.97e-01	6.02e-01	1.06e-03	1.54e-05	0.00e+00	0.00e+00	0.00e+00	0.00e+00
 2.49138e+20	4.14e-01	5.85e-01	9.48e-04	1.47e-05	0.00e+00	0.00e+00	0.00e+00	0.00e+00
 2.49300e+20	4.31e-01	5.68e-01	8.46e-04	1.41e-05	0.00e+00	0.00e+00	0.00e+00	0.00e+00
 2.49461e+20	4.48e-01	5.52e-01	7.53e-04	1.35e-05	0.00e+00	0.00e+00	0.00e+00	0.00e+00
 2.49623e+20	4.64e-01	5.35e-01	6.73e-04	1.29e-05	0.00e+00	0.00e+00	0.00e+00	0.00e+00
 2.49785e+20	4.82e-01	5.17e-01	5.99e-04	1.23e-05	0.00e+00	0.00e+00	0.00e+00	0.00e+00
 2.49945e+20	4.99e-01	5.01e-01	5.36e-04	1.17e-05	0.00e+00	0.00e+00	0.00e+00	0.00e+00
 2.50104e+20	5.16e-01	4.84e-01	4.79e-04	1.12e-05	0.00e+00	0.00e+00	0.00e+00	0.00e+00
 2.50264e+20	5.32e-01	4.67e-01	4.30e-04	1.07e-05	0.00e+00	0.00e+00	0.00e+00	0.00e+00
 2.50426e+20	5.49e-01	4.50e-01	3.85e-04	1.02e-05	0.00e+00	0.00e+00	0.00e+00	0.00e+00
 2.50587e+20	5.66e-01	4.34e-01	3.47e-04	9.74e-06	0.00e+00	0.00e+00	0.00e+00	0.00e+00
 2.50747e+20	5.82e-01	4.18e-01	3.13e-04	9.29e-06	0.00e+00	0.00e+00	0.00e+00	0.00e+00
 2.50910e+20	5.98e-01	4.02e-01	2.83e-04	8.86e-06	0.00e+00	0.00e+00	0.00e+00	0.00e+00
 2.51075e+20	6.14e-01	3.86e-01	2.56e-04	8.44e-06	0.00e+00	0.00e+00	0.00e+00	0.00e+00
 2.51240e+20	6.28e-01	3.71e-01	2.33e-04	8.05e-06	0.00e+00	0.00e+00	0.00e+00	0.00e+00
 2.51405e+20	6.43e-01	3.56e-01	2.13e-04	7.67e-06	0.00e+00	0.00e+00	0.00e+00	0.00e+00
 2.51571e+20	6.57e-01	3.42e-01	1.96e-04	7.32e-06	0.00e+00	0.00e+00	0.00e+00	0.00e+00
 2.51738e+20	6.71e-01	3.29e-01	1.81e-04	6.99e-06	0.00e+00	0.00e+00	0.00e+00	0.00e+00
 2.51906e+20	6.84e-01	3.16e-01	1.68e-04	6.68e-06	0.00e+00	0.00e+00	0.00e+00	0.00e+00
 2.52074e+20	6.96e-01	3.04e-01	1.56e-04	6.39e-06	0.00e+00	0.00e+00	0.00e+00	0.00e+00
 2.52246e+20	7.08e-01	2.92e-01	1.46e-04	6.12e-06	0.00e+00	0.00e+00	0.00e+00	0.00e+00
 2.52420e+20	7.19e-01	2.81e-01	1.38e-04	5.87e-06	0.00e+00	0.00e+00	0.00e+00	0.00e+00
 2.52596e+20	7.29e-01	2.71e-01	1.31e-04	5.63e-06	0.00e+00	0.00e+00	0.00e+00	0.00e+00
 2.52775e+20	7.39e-01	2.61e-01	1.24e-04	5.42e-06	0.00e+00	0.00e+00	0.00e+00	0.00e+00
 2.52962e+20	7.48e-01	2.52e-01	1.19e-04	5.21e-06	0.00e+00	0.00e+00	0.00e+00	0.00e+00
 2.53156e+20	7.56e-01	2.43e-01	1.14e-04	5.02e-06	0.00e+00	0.00e+00	0.00e+00	0.00e+00
 2.53360e+20	7.64e-01	2.36e-01	1.09e-04	4.85e-06	0.00e+00	0.00e+00	0.00e+00	0.00e+00
 2.53575e+20	7.72e-01	2.28e-01	1.06e-04	4.69e-06	0.00e+00	0.00e+00	0.00e+00	0.00e+00
 2.53805e+20	7.79e-01	2.21e-01	1.02e-04	4.54e-06	0.00e+00	0.00e+00	0.00e+00	0.00e+00
 2.54058e+20	7.85e-01	2.15e-01	9.95e-05	4.40e-06	0.00e+00	0.00e+00	0.00e+00	0.00e+00
 2.54341e+20	7.91e-01	2.09e-01	9.69e-05	4.27e-06	0.00e+00	0.00e+00	0.00e+00	0.00e+00
 2.54663e+20	7.97e-01	2.03e-01	9.47e-05	4.16e-06	0.00e+00	0.00e+00	0.00e+00	0.00e+00
 2.55026e+20	8.02e-01	1.98e-01	9.29e-05	4.06e-06	0.00e+00	0.00e+00	0.00e+00	0.00e+00
 2.55406e+20	8.05e-01	1.95e-01	9.15e-05	3.98e-06	0.00e+00	0.00e+00	0.00e+00	0.00e+00
 2.55782e+20	8.08e-01	1.92e-01	9.05e-05	3.93e-06	0.00e+00	0.00e+00	0.00e+00	0.00e+00
 2.56155e+20	8.10e-01	1.90e-01	8.97e-05	3.88e-06	0.00e+00	0.00e+00	0.00e+00	0.00e+00
 2.56525e+20	8.12e-01	1.88e-01	8.92e-05	3.85e-06	0.00e+00	0.00e+00	0.00e+00	0.00e+00
 2.56894e+20	8.13e-01	1.86e-01	8.87e-05	3.81e-06	0.00e+00	0.00e+00	0.00e+00	0.00e+00
 2.57262e+20	8.14e-01	1.86e-01	8.83e-05	3.80e-06	0.00e+00	0.00e+00	0.00e+00	0.00e+00
 2.57684e+20	8.16e-01	1.84e-01	8.79e-05	3.77e-06	0.00e+00	0.00e+00	0.00e+00	0.00e+00
 2.58233e+20	8.16e-01	1.84e-01	8.76e-05	3.75e-06	0.00e+00	0.00e+00	0.00e+00	0.00e+00
 2.58947e+20	8.17e-01	1.83e-01	8.72e-05	3.73e-06	0.00e+00	0.00e+00	0.00e+00	0.00e+00
 2.59874e+20	8.19e-01	1.81e-01	8.67e-05	3.70e-06	0.00e+00	0.00e+00	0.00e+00	0.00e+00
 2.61080e+20	8.20e-01	1.80e-01	8.61e-05	3.67e-06	0.00e+00	0.00e+00	0.00e+00	0.00e+00
 2.62648e+20	8.22e-01	1.78e-01	8.55e-05	3.62e-06	0.00e+00	0.00e+00	0.00e+00	0.00e+00
 2.64685e+20	8.24e-01	1.76e-01	8.46e-05	3.57e-06	0.00e+00	0.00e+00	0.00e+00	0.00e+00
 2.67335e+20	8.26e-01	1.74e-01	8.36e-05	3.51e-06	0.00e+00	0.00e+00	0.00e+00	0.00e+00
 2.70779e+20	8.30e-01	1.70e-01	8.23e-05	3.43e-06	0.00e+00	0.00e+00	0.00e+00	0.00e+00
 2.75256e+20	8.34e-01	1.66e-01	8.07e-05	3.33e-06	0.00e+00	0.00e+00	0.00e+00	0.00e+00
 2.81076e+20	8.39e-01	1.61e-01	7.88e-05	3.21e-06	0.00e+00	0.00e+00	0.00e+00	0.00e+00
 2.88642e+20	8.45e-01	1.55e-01	7.65e-05	3.06e-06	0.00e+00	0.00e+00	0.00e+00	0.00e+00
 2.97423e+20	8.51e-01	1.49e-01	7.42e-05	2.91e-06	0.00e+00	0.00e+00	0.00e+00	0.00e+00
 3.06354e+20	8.57e-01	1.43e-01	7.20e-05	2.78e-06	0.00e+00	0.00e+00	0.00e+00	0.00e+00
 3.15316e+20	8.62e-01	1.38e-01	7.00e-05	2.65e-06	0.00e+00	0.00e+00	0.00e+00	0.00e+00
 3.24657e+20	8.67e-01	1.33e-01	6.81e-05	2.53e-06	0.00e+00	0.00e+00	0.00e+00	0.00e+00
 3.34530e+20	8.73e-01	1.27e-01	6.62e-05	2.41e-06	0.00e+00	0.00e+00	0.00e+00	0.00e+00
 3.44857e+20	8.78e-01	1.22e-01	6.44e-05	2.29e-06	0.00e+00	0.00e+00	0.00e+00	0.00e+00
 3.55562e+20	8.83e-01	1.17e-01	6.26e-05	2.18e-06	0.00e+00	0.00e+00	0.00e+00	0.00e+00
 3.66668e+20	8.88e-01	1.12e-01	6.08e-05	2.08e-06	0.00e+00	0.00e+00	0.00e+00	0.00e+00
 3.78209e+20	8.92e-01	1.08e-01	5.91e-05	1.97e-06	0.00e+00	0.00e+00	0.00e+00	0.00e+00
 3.90202e+20	8.97e-01	1.03e-01	5.74e-05	1.87e-06	0.00e+00	0.00e+00	0.00e+00	0.00e+00
 4.02656e+20	9.02e-01	9.84e-02	5.58e-05	1.78e-06	0.00e+00	0.00e+00	0.00e+00	0.00e+00
 4.15583e+20	9.06e-01	9.39e-02	5.42e-05	1.68e-06	0.00e+00	0.00e+00	0.00e+00	0.00e+00
 4.29144e+20	9.10e-01	8.95e-02	5.26e-05	1.59e-06	0.00e+00	0.00e+00	0.00e+00	0.00e+00
 4.43271e+20	9.15e-01	8.51e-02	5.10e-05	1.51e-06	0.00e+00	0.00e+00	0.00e+00	0.00e+00
 4.57792e+20	9.19e-01	8.09e-02	4.95e-05	1.42e-06	0.00e+00	0.00e+00	0.00e+00	0.00e+00
 4.72729e+20	9.23e-01	7.68e-02	4.80e-05	1.34e-06	0.00e+00	0.00e+00	0.00e+00	0.00e+00
 4.88205e+20	9.27e-01	7.28e-02	4.65e-05	1.26e-06	0.00e+00	0.00e+00	0.00e+00	0.00e+00
 5.04366e+20	9.31e-01	6.89e-02	4.50e-05	1.19e-06	0.00e+00	0.00e+00	0.00e+00	0.00e+00
 5.21186e+20	9.35e-01	6.52e-02	4.35e-05	1.11e-06	0.00e+00	0.00e+00	0.00e+00	0.00e+00
 5.38614e+20	9.38e-01	6.15e-02	4.21e-05	1.05e-06	0.00e+00	0.00e+00	0.00e+00	0.00e+00
 5.56671e+20	9.42e-01	5.80e-02	4.07e-05	9.78e-07	0.00e+00	0.00e+00	0.00e+00	0.00e+00
 5.75413e+20	9.45e-01	5.46e-02	3.93e-05	9.14e-07	0.00e+00	0.00e+00	0.00e+00	0.00e+00
 5.94707e+20	9.49e-01	5.13e-02	3.79e-05	8.54e-07	0.00e+00	0.00e+00	0.00e+00	0.00e+00
 6.14016e+20	9.52e-01	4.82e-02	3.66e-05	7.99e-07	0.00e+00	0.00e+00	0.00e+00	0.00e+00
 6.32818e+20	9.55e-01	4.54e-02	3.54e-05	7.49e-07	0.00e+00	0.00e+00	0.00e+00	0.00e+00
 6.51036e+20	9.57e-01	4.29e-02	3.43e-05	7.04e-07	0.00e+00	0.00e+00	0.00e+00	0.00e+00
 6.68804e+20	9.59e-01	4.05e-02	3.32e-05	6.64e-07	0.00e+00	0.00e+00	0.00e+00	0.00e+00
 6.86123e+20	9.62e-01	3.83e-02	3.23e-05	6.27e-07	0.00e+00	0.00e+00	0.00e+00	0.00e+00
 7.02783e+20	9.64e-01	3.63e-02	3.14e-05	5.94e-07	0.00e+00	0.00e+00	0.00e+00	0.00e+00
 7.18622e+20	9.65e-01	3.45e-02	3.06e-05	5.65e-07	0.00e+00	0.00e+00	0.00e+00	0.00e+00
 7.33630e+20	9.67e-01	3.28e-02	2.98e-05	5.38e-07	0.00e+00	0.00e+00	0.00e+00	0.00e+00
 7.47873e+20	9.69e-01	3.12e-02	2.91e-05	5.15e-07	0.00e+00	0.00e+00	0.00e+00	0.00e+00
 7.61431e+20	9.70e-01	2.98e-02	2.85e-05	4.94e-07	0.00e+00	0.00e+00	0.00e+00	0.00e+00
