#depth	He	He+	He+2
 1.45566e+18	1.82e-05	3.14e-02	9.69e-01
 8.73397e+18	1.82e-05	3.14e-02	9.69e-01
 3.78472e+19	1.81e-05	3.15e-02	9.68e-01
 1.54300e+20	1.79e-05	3.20e-02	9.68e-01
 3.68574e+20	1.68e-05	3.17e-02	9.68e-01
 6.47129e+20	1.68e-05	3.25e-02	9.67e-01
 1.00925e+21	1.76e-05	3.46e-02	9.65e-01
 1.48001e+21	1.95e-05	3.86e-02	9.61e-01
 1.94318e+21	2.16e-05	4.34e-02	9.57e-01
 2.29431e+21	2.42e-05	4.86e-02	9.51e-01
 2.59642e+21	2.75e-05	5.46e-02	9.45e-01
 2.93698e+21	3.27e-05	6.34e-02	9.37e-01
 3.28704e+21	3.91e-05	7.48e-02	9.25e-01
 3.56854e+21	4.60e-05	8.68e-02	9.13e-01
 3.80721e+21	5.37e-05	9.95e-02	9.00e-01
 4.07114e+21	6.48e-05	1.17e-01	8.83e-01
 4.33994e+21	7.87e-05	1.39e-01	8.61e-01
 4.53784e+21	9.11e-05	1.59e-01	8.41e-01
 4.68631e+21	1.03e-04	1.76e-01	8.24e-01
 4.84774e+21	1.18e-04	1.98e-01	8.02e-01
 5.02297e+21	1.35e-04	2.24e-01	7.76e-01
 5.21612e+21	1.62e-04	2.57e-01	7.43e-01
 5.39372e+21	1.87e-04	2.90e-01	7.10e-01
 5.52346e+21	2.08e-04	3.17e-01	6.83e-01
 5.66445e+21	2.36e-04	3.49e-01	6.51e-01
 5.82260e+21	2.68e-04	3.85e-01	6.15e-01
 5.96483e+21	3.00e-04	4.19e-01	5.81e-01
 6.08545e+21	3.30e-04	4.49e-01	5.51e-01
 6.21620e+21	3.67e-04	4.83e-01	5.16e-01
 6.35817e+21	4.06e-04	5.18e-01	4.81e-01
 6.47467e+21	4.40e-04	5.47e-01	4.53e-01
 6.56504e+21	4.69e-04	5.68e-01	4.31e-01
 6.66149e+21	5.01e-04	5.92e-01	4.07e-01
 6.78687e+21	5.47e-04	6.22e-01	3.77e-01
 6.91216e+21	5.90e-04	6.49e-01	3.50e-01
 7.01460e+21	6.27e-04	6.71e-01	3.29e-01
 7.12505e+21	6.71e-04	6.93e-01	3.06e-01
 7.26864e+21	7.29e-04	7.21e-01	2.78e-01
 7.41587e+21	7.88e-04	7.46e-01	2.54e-01
 7.54218e+21	8.41e-04	7.65e-01	2.34e-01
 7.68071e+21	9.03e-04	7.86e-01	2.13e-01
 7.86079e+21	9.88e-04	8.10e-01	1.89e-01
 8.05364e+21	1.08e-03	8.31e-01	1.68e-01
 8.23196e+21	1.17e-03	8.48e-01	1.50e-01
 8.43265e+21	1.29e-03	8.66e-01	1.33e-01
 8.69355e+21	1.46e-03	8.85e-01	1.13e-01
 8.96683e+21	1.66e-03	9.01e-01	9.74e-02
 9.19380e+21	1.86e-03	9.12e-01	8.62e-02
 9.34094e+21	2.01e-03	9.18e-01	8.02e-02
 9.41861e+21	2.10e-03	9.21e-01	7.71e-02
 9.49148e+21	2.19e-03	9.24e-01	7.41e-02
 9.58621e+21	2.33e-03	9.27e-01	7.04e-02
 9.69157e+21	2.49e-03	9.31e-01	6.67e-02
 9.78642e+21	2.65e-03	9.34e-01	6.36e-02
 9.86709e+21	2.80e-03	9.36e-01	6.12e-02
 9.94236e+21	2.96e-03	9.38e-01	5.89e-02
 1.00289e+22	3.18e-03	9.41e-01	5.63e-02
 1.01178e+22	3.42e-03	9.43e-01	5.39e-02
 1.01884e+22	3.64e-03	9.44e-01	5.21e-02
 1.02477e+22	3.85e-03	9.46e-01	5.06e-02
 1.03136e+22	4.11e-03	9.47e-01	4.90e-02
 1.03845e+22	4.42e-03	9.48e-01	4.73e-02
 1.04454e+22	4.73e-03	9.49e-01	4.60e-02
 1.04974e+22	5.03e-03	9.50e-01	4.48e-02
 1.05544e+22	5.40e-03	9.51e-01	4.35e-02
 1.06150e+22	5.85e-03	9.52e-01	4.23e-02
 1.06659e+22	6.28e-03	9.52e-01	4.13e-02
 1.07097e+22	6.71e-03	9.53e-01	4.04e-02
 1.07583e+22	7.25e-03	9.53e-01	3.94e-02
 1.08101e+22	7.91e-03	9.54e-01	3.84e-02
 1.08542e+22	8.56e-03	9.54e-01	3.76e-02
 1.08926e+22	9.21e-03	9.54e-01	3.69e-02
 1.09354e+22	1.01e-02	9.54e-01	3.61e-02
 1.09811e+22	1.11e-02	9.54e-01	3.54e-02
 1.10206e+22	1.21e-02	9.53e-01	3.47e-02
 1.10554e+22	1.32e-02	9.53e-01	3.41e-02
 1.10942e+22	1.47e-02	9.52e-01	3.35e-02
 1.11331e+22	1.63e-02	9.51e-01	3.29e-02
 1.11626e+22	1.78e-02	9.50e-01	3.25e-02
 1.11871e+22	1.93e-02	9.49e-01	3.21e-02
 1.12145e+22	2.11e-02	9.47e-01	3.17e-02
 1.12450e+22	2.35e-02	9.45e-01	3.13e-02
 1.12727e+22	2.61e-02	9.43e-01	3.10e-02
 1.12970e+22	2.87e-02	9.41e-01	3.07e-02
 1.13235e+22	3.21e-02	9.37e-01	3.05e-02
 1.13525e+22	3.64e-02	9.33e-01	3.02e-02
 1.13788e+22	4.13e-02	9.29e-01	3.01e-02
 1.14031e+22	4.67e-02	9.23e-01	3.00e-02
 1.14306e+22	5.40e-02	9.16e-01	3.00e-02
 1.14581e+22	6.30e-02	9.07e-01	3.00e-02
 1.14785e+22	7.11e-02	8.99e-01	3.02e-02
 1.14949e+22	7.87e-02	8.91e-01	3.04e-02
 1.15128e+22	8.88e-02	8.81e-01	3.06e-02
 1.15320e+22	1.01e-01	8.68e-01	3.10e-02
 1.15489e+22	1.13e-01	8.56e-01	3.14e-02
 1.15638e+22	1.25e-01	8.43e-01	3.18e-02
 1.15777e+22	1.39e-01	8.29e-01	3.22e-02
 1.15910e+22	1.53e-01	8.14e-01	3.26e-02
 1.16035e+22	1.68e-01	7.99e-01	3.31e-02
 1.16148e+22	1.83e-01	7.84e-01	3.35e-02
 1.16254e+22	1.98e-01	7.68e-01	3.38e-02
 1.16341e+22	2.11e-01	7.55e-01	3.41e-02
 1.16401e+22	2.21e-01	7.45e-01	3.43e-02
 1.16460e+22	2.31e-01	7.35e-01	3.45e-02
 1.16526e+22	2.43e-01	7.23e-01	3.46e-02
 1.16596e+22	2.56e-01	7.09e-01	3.48e-02
 1.16666e+22	2.70e-01	6.95e-01	3.49e-02
 1.16735e+22	2.84e-01	6.81e-01	3.50e-02
 1.16805e+22	2.99e-01	6.65e-01	3.51e-02
 1.16877e+22	3.15e-01	6.50e-01	3.52e-02
 1.16951e+22	3.33e-01	6.32e-01	3.51e-02
 1.17026e+22	3.50e-01	6.14e-01	3.51e-02
 1.17104e+22	3.70e-01	5.95e-01	3.49e-02
 1.17185e+22	3.90e-01	5.75e-01	3.46e-02
 1.17269e+22	4.12e-01	5.54e-01	3.43e-02
 1.17359e+22	4.34e-01	5.32e-01	3.39e-02
 1.17455e+22	4.59e-01	5.08e-01	3.33e-02
 1.17558e+22	4.84e-01	4.83e-01	3.27e-02
 1.17669e+22	5.10e-01	4.58e-01	3.19e-02
 1.17791e+22	5.36e-01	4.33e-01	3.10e-02
 1.17927e+22	5.62e-01	4.08e-01	2.99e-02
 1.18077e+22	5.87e-01	3.85e-01	2.89e-02
 1.18232e+22	6.07e-01	3.66e-01	2.79e-02
 1.18382e+22	6.22e-01	3.51e-01	2.71e-02
 1.18531e+22	6.34e-01	3.40e-01	2.64e-02
 1.18677e+22	6.43e-01	3.32e-01	2.59e-02
 1.18822e+22	6.49e-01	3.25e-01	2.55e-02
 1.18965e+22	6.54e-01	3.21e-01	2.51e-02
 1.19130e+22	6.59e-01	3.16e-01	2.47e-02
 1.19344e+22	6.64e-01	3.12e-01	2.43e-02
 1.19622e+22	6.69e-01	3.08e-01	2.38e-02
 1.19984e+22	6.71e-01	3.05e-01	2.35e-02
 1.20454e+22	6.75e-01	3.02e-01	2.29e-02
 1.21066e+22	6.79e-01	2.98e-01	2.23e-02
 1.21861e+22	6.85e-01	2.94e-01	2.15e-02
 1.22894e+22	6.91e-01	2.88e-01	2.06e-02
 1.24237e+22	6.99e-01	2.81e-01	1.94e-02
 1.25983e+22	7.10e-01	2.72e-01	1.80e-02
 1.28253e+22	7.22e-01	2.62e-01	1.64e-02
 1.31121e+22	7.36e-01	2.49e-01	1.47e-02
 1.34341e+22	7.50e-01	2.37e-01	1.31e-02
 1.37580e+22	7.63e-01	2.25e-01	1.17e-02
 1.40851e+22	7.75e-01	2.14e-01	1.04e-02
 1.44302e+22	7.87e-01	2.04e-01	9.33e-03
 1.47974e+22	7.98e-01	1.93e-01	8.32e-03
 1.51852e+22	8.09e-01	1.83e-01	7.40e-03
 1.55908e+22	8.20e-01	1.74e-01	6.60e-03
 1.60156e+22	8.30e-01	1.64e-01	5.86e-03
 1.64640e+22	8.39e-01	1.56e-01	5.21e-03
 1.69355e+22	8.48e-01	1.47e-01	4.63e-03
 1.74340e+22	8.57e-01	1.39e-01	4.10e-03
 1.79616e+22	8.65e-01	1.31e-01	3.63e-03
 1.85169e+22	8.73e-01	1.23e-01	3.21e-03
 1.91038e+22	8.81e-01	1.16e-01	2.84e-03
 1.97261e+22	8.88e-01	1.10e-01	2.51e-03
 2.03879e+22	8.95e-01	1.03e-01	2.21e-03
 2.10934e+22	9.01e-01	9.68e-02	1.94e-03
 2.18472e+22	9.07e-01	9.09e-02	1.71e-03
 2.26546e+22	9.13e-01	8.53e-02	1.50e-03
 2.34615e+22	9.18e-01	8.04e-02	1.33e-03
 2.42011e+22	9.22e-01	7.64e-02	1.20e-03
 2.48666e+22	9.26e-01	7.31e-02	1.10e-03
 2.54656e+22	9.29e-01	7.04e-02	1.02e-03
 2.60048e+22	9.31e-01	6.81e-02	9.53e-04
 2.64900e+22	9.33e-01	6.63e-02	9.00e-04
 2.69266e+22	9.34e-01	6.47e-02	8.57e-04
 2.73197e+22	9.36e-01	6.33e-02	8.21e-04
 2.76734e+22	9.37e-01	6.21e-02	7.92e-04
 2.79952e+22	9.38e-01	6.11e-02	7.66e-04
 2.83038e+22	9.39e-01	6.02e-02	7.42e-04
 2.86123e+22	9.40e-01	5.93e-02	7.20e-04
 2.89209e+22	9.41e-01	5.84e-02	6.99e-04
 2.92295e+22	9.42e-01	5.76e-02	6.79e-04
 2.95380e+22	9.43e-01	5.68e-02	6.61e-04
 2.98466e+22	9.43e-01	5.60e-02	6.44e-04
 3.01552e+22	9.44e-01	5.53e-02	6.26e-04
 3.04637e+22	9.45e-01	5.46e-02	6.11e-04
 3.07374e+22	9.45e-01	5.40e-02	5.99e-04
