#depth	He	He+	He+2
 8.80464e+16	3.40e-05	4.99e-02	9.50e-01
 5.28278e+17	3.39e-05	4.99e-02	9.50e-01
 2.28921e+18	3.39e-05	5.00e-02	9.50e-01
 9.33291e+18	3.40e-05	5.08e-02	9.49e-01
 2.22933e+19	3.32e-05	5.07e-02	9.49e-01
 3.91419e+19	3.38e-05	5.20e-02	9.48e-01
 6.10450e+19	3.57e-05	5.51e-02	9.45e-01
 8.95191e+19	3.99e-05	6.11e-02	9.39e-01
 1.20399e+20	4.57e-05	6.95e-02	9.30e-01
 1.47519e+20	5.30e-05	8.00e-02	9.20e-01
 1.70841e+20	6.18e-05	9.23e-02	9.08e-01
 1.90807e+20	7.16e-05	1.06e-01	8.94e-01
 2.07790e+20	8.24e-05	1.21e-01	8.79e-01
 2.22811e+20	9.41e-05	1.37e-01	8.63e-01
 2.36390e+20	1.07e-04	1.54e-01	8.46e-01
 2.49343e+20	1.22e-04	1.74e-01	8.26e-01
 2.64041e+20	1.43e-04	2.01e-01	7.99e-01
 2.78646e+20	1.67e-04	2.32e-01	7.68e-01
 2.89795e+20	1.90e-04	2.59e-01	7.40e-01
 2.98892e+20	2.11e-04	2.85e-01	7.15e-01
 3.08654e+20	2.37e-04	3.15e-01	6.85e-01
 3.19672e+20	2.69e-04	3.52e-01	6.48e-01
 3.29960e+20	3.02e-04	3.88e-01	6.12e-01
 3.39108e+20	3.34e-04	4.22e-01	5.78e-01
 3.47796e+20	3.67e-04	4.56e-01	5.44e-01
 3.57752e+20	4.09e-04	4.95e-01	5.04e-01
 3.68024e+20	4.52e-04	5.35e-01	4.65e-01
 3.76604e+20	4.90e-04	5.67e-01	4.32e-01
 3.85658e+20	5.34e-04	6.02e-01	3.98e-01
 3.95490e+20	5.79e-04	6.36e-01	3.63e-01
 4.04573e+20	6.24e-04	6.66e-01	3.33e-01
 4.14619e+20	6.75e-04	6.98e-01	3.01e-01
 4.25643e+20	7.30e-04	7.30e-01	2.70e-01
 4.36049e+20	7.83e-04	7.56e-01	2.43e-01
 4.47687e+20	8.46e-04	7.84e-01	2.16e-01
 4.62817e+20	9.27e-04	8.14e-01	1.85e-01
 4.78624e+20	1.01e-03	8.40e-01	1.59e-01
 4.92942e+20	1.09e-03	8.60e-01	1.39e-01
 5.09186e+20	1.18e-03	8.79e-01	1.20e-01
 5.27529e+20	1.29e-03	8.96e-01	1.03e-01
 5.41472e+20	1.36e-03	9.06e-01	9.26e-02
 5.49800e+20	1.41e-03	9.12e-01	8.70e-02
 5.57962e+20	1.47e-03	9.17e-01	8.15e-02
 5.68573e+20	1.55e-03	9.23e-01	7.51e-02
 5.80000e+20	1.63e-03	9.29e-01	6.94e-02
 5.89878e+20	1.71e-03	9.33e-01	6.49e-02
 5.98569e+20	1.78e-03	9.37e-01	6.13e-02
 6.08328e+20	1.87e-03	9.41e-01	5.73e-02
 6.18829e+20	1.98e-03	9.44e-01	5.37e-02
 6.27878e+20	2.07e-03	9.47e-01	5.09e-02
 6.35776e+20	2.17e-03	9.49e-01	4.85e-02
 6.44592e+20	2.28e-03	9.52e-01	4.60e-02
 6.54027e+20	2.41e-03	9.54e-01	4.36e-02
 6.62185e+20	2.54e-03	9.56e-01	4.17e-02
 6.69397e+20	2.66e-03	9.57e-01	4.00e-02
 6.77461e+20	2.82e-03	9.59e-01	3.82e-02
 6.86059e+20	3.00e-03	9.60e-01	3.66e-02
 6.93388e+20	3.17e-03	9.62e-01	3.52e-02
 6.99814e+20	3.34e-03	9.63e-01	3.40e-02
 7.07030e+20	3.56e-03	9.64e-01	3.27e-02
 7.14773e+20	3.82e-03	9.65e-01	3.15e-02
 7.21501e+20	4.08e-03	9.65e-01	3.05e-02
 7.27402e+20	4.33e-03	9.66e-01	2.96e-02
 7.33929e+20	4.65e-03	9.67e-01	2.86e-02
 7.40775e+20	5.04e-03	9.67e-01	2.77e-02
 7.46402e+20	5.40e-03	9.68e-01	2.70e-02
 7.51160e+20	5.75e-03	9.68e-01	2.64e-02
 7.56427e+20	6.20e-03	9.68e-01	2.57e-02
 7.62025e+20	6.73e-03	9.68e-01	2.50e-02
 7.66812e+20	7.27e-03	9.68e-01	2.44e-02
 7.70992e+20	7.80e-03	9.68e-01	2.39e-02
 7.75625e+20	8.49e-03	9.68e-01	2.34e-02
 7.80533e+20	9.33e-03	9.68e-01	2.28e-02
 7.84672e+20	1.02e-02	9.67e-01	2.24e-02
 7.88261e+20	1.10e-02	9.67e-01	2.21e-02
 7.92262e+20	1.21e-02	9.66e-01	2.16e-02
 7.96544e+20	1.35e-02	9.65e-01	2.12e-02
 8.00240e+20	1.49e-02	9.64e-01	2.08e-02
 8.03176e+20	1.61e-02	9.63e-01	2.06e-02
 8.05637e+20	1.74e-02	9.62e-01	2.03e-02
 8.08399e+20	1.91e-02	9.61e-01	2.00e-02
 8.11332e+20	2.11e-02	9.59e-01	1.98e-02
 8.13831e+20	2.30e-02	9.57e-01	1.96e-02
 8.16020e+20	2.51e-02	9.55e-01	1.95e-02
 8.18462e+20	2.77e-02	9.53e-01	1.93e-02
 8.21045e+20	3.10e-02	9.50e-01	1.91e-02
 8.23229e+20	3.41e-02	9.47e-01	1.90e-02
 8.25172e+20	3.75e-02	9.44e-01	1.89e-02
 8.27382e+20	4.20e-02	9.39e-01	1.88e-02
 8.29770e+20	4.75e-02	9.34e-01	1.88e-02
 8.31915e+20	5.38e-02	9.27e-01	1.88e-02
 8.33868e+20	6.02e-02	9.21e-01	1.89e-02
 8.36045e+20	6.90e-02	9.12e-01	1.90e-02
 8.38278e+20	7.97e-02	9.01e-01	1.92e-02
 8.40048e+20	8.98e-02	8.91e-01	1.94e-02
 8.41527e+20	9.97e-02	8.81e-01	1.96e-02
 8.43000e+20	1.11e-01	8.69e-01	1.98e-02
 8.44511e+20	1.24e-01	8.56e-01	2.01e-02
 8.45878e+20	1.38e-01	8.42e-01	2.04e-02
 8.47033e+20	1.51e-01	8.29e-01	2.07e-02
 8.48095e+20	1.64e-01	8.15e-01	2.10e-02
 8.49128e+20	1.78e-01	8.01e-01	2.12e-02
 8.50134e+20	1.93e-01	7.86e-01	2.15e-02
 8.50929e+20	2.05e-01	7.73e-01	2.17e-02
 8.51465e+20	2.14e-01	7.64e-01	2.19e-02
 8.51967e+20	2.23e-01	7.55e-01	2.20e-02
 8.52539e+20	2.34e-01	7.44e-01	2.22e-02
 8.53153e+20	2.46e-01	7.32e-01	2.23e-02
 8.53759e+20	2.58e-01	7.20e-01	2.25e-02
 8.54350e+20	2.70e-01	7.07e-01	2.26e-02
 8.54945e+20	2.84e-01	6.93e-01	2.27e-02
 8.55544e+20	2.98e-01	6.79e-01	2.29e-02
 8.56149e+20	3.13e-01	6.65e-01	2.29e-02
 8.56758e+20	3.28e-01	6.49e-01	2.30e-02
 8.57379e+20	3.44e-01	6.33e-01	2.30e-02
 8.58005e+20	3.61e-01	6.16e-01	2.30e-02
 8.58638e+20	3.79e-01	5.98e-01	2.30e-02
 8.59293e+20	3.97e-01	5.80e-01	2.30e-02
 8.59971e+20	4.17e-01	5.60e-01	2.29e-02
 8.60663e+20	4.37e-01	5.40e-01	2.27e-02
 8.61373e+20	4.58e-01	5.19e-01	2.25e-02
 8.62124e+20	4.81e-01	4.97e-01	2.22e-02
 8.62914e+20	5.04e-01	4.74e-01	2.19e-02
 8.63738e+20	5.28e-01	4.51e-01	2.14e-02
 8.64599e+20	5.52e-01	4.27e-01	2.10e-02
 8.65501e+20	5.76e-01	4.04e-01	2.04e-02
 8.66469e+20	5.99e-01	3.81e-01	1.98e-02
 8.67540e+20	6.23e-01	3.58e-01	1.91e-02
 8.68743e+20	6.46e-01	3.36e-01	1.84e-02
 8.70080e+20	6.67e-01	3.15e-01	1.76e-02
 8.71468e+20	6.84e-01	2.99e-01	1.70e-02
 8.72831e+20	6.98e-01	2.86e-01	1.64e-02
 8.74175e+20	7.07e-01	2.77e-01	1.60e-02
 8.75506e+20	7.15e-01	2.69e-01	1.56e-02
 8.76826e+20	7.22e-01	2.63e-01	1.53e-02
 8.78340e+20	7.26e-01	2.59e-01	1.51e-02
 8.80307e+20	7.31e-01	2.55e-01	1.48e-02
 8.82865e+20	7.35e-01	2.51e-01	1.45e-02
 8.86190e+20	7.39e-01	2.47e-01	1.42e-02
 8.90513e+20	7.42e-01	2.44e-01	1.38e-02
 8.96132e+20	7.46e-01	2.40e-01	1.34e-02
 9.03437e+20	7.51e-01	2.36e-01	1.28e-02
 9.12934e+20	7.57e-01	2.31e-01	1.22e-02
 9.25279e+20	7.65e-01	2.24e-01	1.14e-02
 9.41329e+20	7.73e-01	2.16e-01	1.05e-02
 9.62193e+20	7.84e-01	2.06e-01	9.47e-03
 9.86911e+20	7.96e-01	1.96e-01	8.44e-03
 1.01256e+21	8.07e-01	1.86e-01	7.53e-03
 1.03818e+21	8.17e-01	1.77e-01	6.76e-03
 1.06440e+21	8.26e-01	1.68e-01	6.07e-03
 1.09191e+21	8.35e-01	1.60e-01	5.44e-03
 1.12083e+21	8.44e-01	1.52e-01	4.87e-03
 1.15080e+21	8.52e-01	1.44e-01	4.37e-03
 1.18160e+21	8.59e-01	1.37e-01	3.92e-03
 1.21360e+21	8.67e-01	1.30e-01	3.52e-03
 1.24700e+21	8.74e-01	1.23e-01	3.16e-03
 1.28130e+21	8.80e-01	1.17e-01	2.84e-03
 1.31677e+21	8.86e-01	1.11e-01	2.55e-03
 1.35384e+21	8.92e-01	1.06e-01	2.29e-03
 1.39231e+21	8.98e-01	1.00e-01	2.06e-03
 1.43179e+21	9.03e-01	9.54e-02	1.86e-03
 1.47243e+21	9.08e-01	9.07e-02	1.67e-03
 1.51430e+21	9.12e-01	8.61e-02	1.51e-03
 1.55806e+21	9.17e-01	8.18e-02	1.36e-03
 1.60381e+21	9.21e-01	7.77e-02	1.22e-03
 1.65065e+21	9.25e-01	7.39e-02	1.10e-03
 1.69875e+21	9.29e-01	7.03e-02	9.93e-04
 1.74859e+21	9.32e-01	6.68e-02	8.97e-04
 1.80002e+21	9.36e-01	6.36e-02	8.11e-04
 1.85288e+21	9.39e-01	6.06e-02	7.33e-04
 1.90735e+21	9.42e-01	5.77e-02	6.63e-04
 1.96362e+21	9.44e-01	5.49e-02	6.01e-04
 2.02198e+21	9.47e-01	5.23e-02	5.43e-04
 2.08297e+21	9.50e-01	4.98e-02	4.91e-04
 2.14616e+21	9.52e-01	4.74e-02	4.45e-04
 2.21081e+21	9.54e-01	4.52e-02	4.03e-04
 2.27745e+21	9.56e-01	4.31e-02	3.66e-04
 2.34641e+21	9.58e-01	4.12e-02	3.33e-04
 2.41787e+21	9.60e-01	3.93e-02	3.02e-04
 2.49211e+21	9.62e-01	3.75e-02	2.75e-04
 2.56905e+21	9.64e-01	3.58e-02	2.50e-04
 2.64873e+21	9.66e-01	3.41e-02	2.27e-04
 2.73140e+21	9.67e-01	3.26e-02	2.07e-04
 2.81712e+21	9.69e-01	3.11e-02	1.88e-04
 2.90520e+21	9.70e-01	2.98e-02	1.72e-04
 2.99336e+21	9.71e-01	2.85e-02	1.57e-04
 3.07950e+21	9.72e-01	2.74e-02	1.45e-04
 3.16324e+21	9.73e-01	2.64e-02	1.34e-04
 3.24459e+21	9.74e-01	2.55e-02	1.25e-04
 3.32307e+21	9.75e-01	2.47e-02	1.16e-04
 3.39791e+21	9.76e-01	2.40e-02	1.10e-04
 3.46861e+21	9.77e-01	2.34e-02	1.04e-04
 3.53529e+21	9.77e-01	2.29e-02	1.00e-04
