#depth	O	O+	O+2	O+3	O+4	O+5	O+6	O+7	O+8	O[1]	O[2]	O[3]
 4.67699e+15	1.07e-03	1.19e-01	6.35e-01	2.24e-01	2.12e-02	2.79e-04	2.72e-06	0.00e+00	0.00e+00	1.07e-03	2.53e-07	2.82e-07
 2.80619e+16	1.06e-03	1.18e-01	6.36e-01	2.24e-01	2.12e-02	2.79e-04	2.72e-06	0.00e+00	0.00e+00	1.06e-03	2.50e-07	2.80e-07
 1.21602e+17	1.03e-03	1.16e-01	6.38e-01	2.24e-01	2.12e-02	2.80e-04	2.74e-06	0.00e+00	0.00e+00	1.03e-03	2.43e-07	2.72e-07
 4.95761e+17	9.36e-04	1.08e-01	6.46e-01	2.23e-01	2.09e-02	2.80e-04	2.77e-06	0.00e+00	0.00e+00	9.36e-04	2.21e-07	2.47e-07
 1.18421e+18	7.12e-04	9.09e-02	6.55e-01	2.32e-01	2.13e-02	3.05e-04	3.14e-06	0.00e+00	0.00e+00	7.12e-04	1.68e-07	1.88e-07
 2.07920e+18	5.83e-04	8.03e-02	6.65e-01	2.33e-01	2.10e-02	3.14e-04	3.33e-06	0.00e+00	0.00e+00	5.83e-04	1.37e-07	1.54e-07
 3.24269e+18	4.95e-04	7.25e-02	6.78e-01	2.28e-01	1.99e-02	3.08e-04	3.35e-06	0.00e+00	0.00e+00	4.95e-04	1.16e-07	1.31e-07
 4.75522e+18	4.50e-04	6.86e-02	6.96e-01	2.16e-01	1.81e-02	2.84e-04	3.15e-06	0.00e+00	0.00e+00	4.49e-04	1.06e-07	1.19e-07
 6.72151e+18	4.43e-04	6.87e-02	7.20e-01	1.95e-01	1.54e-02	2.41e-04	2.69e-06	0.00e+00	0.00e+00	4.43e-04	1.04e-07	1.17e-07
 9.13861e+18	4.81e-04	7.33e-02	7.48e-01	1.66e-01	1.22e-02	1.85e-04	2.07e-06	0.00e+00	0.00e+00	4.81e-04	1.13e-07	1.27e-07
 1.20923e+19	6.13e-04	8.63e-02	7.76e-01	1.28e-01	8.48e-03	1.20e-04	1.31e-06	0.00e+00	0.00e+00	6.13e-04	1.44e-07	1.62e-07
 1.49089e+19	8.11e-04	1.03e-01	7.94e-01	9.64e-02	5.76e-03	7.48e-05	7.92e-07	0.00e+00	0.00e+00	8.10e-04	1.91e-07	2.14e-07
 1.68021e+19	1.04e-03	1.20e-01	7.98e-01	7.68e-02	4.27e-03	5.12e-05	5.26e-07	0.00e+00	0.00e+00	1.04e-03	2.46e-07	2.75e-07
 1.80360e+19	1.27e-03	1.35e-01	7.96e-01	6.51e-02	3.45e-03	3.86e-05	3.88e-07	0.00e+00	0.00e+00	1.27e-03	2.99e-07	3.34e-07
 1.90166e+19	1.50e-03	1.48e-01	7.91e-01	5.64e-02	2.88e-03	3.04e-05	2.99e-07	0.00e+00	0.00e+00	1.50e-03	3.56e-07	3.96e-07
 2.01006e+19	1.85e-03	1.67e-01	7.82e-01	4.75e-02	2.33e-03	2.27e-05	2.18e-07	0.00e+00	0.00e+00	1.85e-03	4.39e-07	4.88e-07
 2.12416e+19	2.30e-03	1.87e-01	7.69e-01	3.96e-02	1.87e-03	1.68e-05	1.57e-07	0.00e+00	0.00e+00	2.30e-03	5.47e-07	6.04e-07
 2.22105e+19	2.77e-03	2.07e-01	7.55e-01	3.37e-02	1.54e-03	1.28e-05	1.18e-07	0.00e+00	0.00e+00	2.77e-03	6.63e-07	7.29e-07
 2.30762e+19	3.32e-03	2.27e-01	7.40e-01	2.89e-02	1.29e-03	9.93e-06	0.00e+00	0.00e+00	0.00e+00	3.31e-03	7.96e-07	8.71e-07
 2.40538e+19	4.10e-03	2.52e-01	7.19e-01	2.40e-02	1.05e-03	7.31e-06	0.00e+00	0.00e+00	0.00e+00	4.10e-03	9.91e-07	1.08e-06
 2.50730e+19	5.10e-03	2.80e-01	6.94e-01	1.97e-02	8.46e-04	5.33e-06	0.00e+00	0.00e+00	0.00e+00	5.10e-03	1.24e-06	1.34e-06
 2.59229e+19	6.14e-03	3.06e-01	6.71e-01	1.66e-02	7.07e-04	4.06e-06	0.00e+00	0.00e+00	0.00e+00	6.14e-03	1.51e-06	1.61e-06
 2.66803e+19	7.31e-03	3.31e-01	6.47e-01	1.41e-02	5.99e-04	3.14e-06	0.00e+00	0.00e+00	0.00e+00	7.30e-03	1.81e-06	1.91e-06
 2.75407e+19	8.95e-03	3.62e-01	6.17e-01	1.16e-02	4.93e-04	2.32e-06	0.00e+00	0.00e+00	0.00e+00	8.94e-03	2.24e-06	2.33e-06
 2.84605e+19	1.11e-02	3.97e-01	5.82e-01	9.29e-03	4.02e-04	1.66e-06	0.00e+00	0.00e+00	0.00e+00	1.11e-02	2.81e-06	2.89e-06
 2.92511e+19	1.34e-02	4.29e-01	5.49e-01	7.61e-03	3.36e-04	1.24e-06	0.00e+00	0.00e+00	0.00e+00	1.34e-02	3.43e-06	3.49e-06
 2.99497e+19	1.60e-02	4.59e-01	5.18e-01	6.30e-03	2.85e-04	9.42e-07	0.00e+00	0.00e+00	0.00e+00	1.60e-02	4.12e-06	4.14e-06
 3.07355e+19	1.95e-02	4.95e-01	4.80e-01	5.02e-03	2.36e-04	6.82e-07	0.00e+00	0.00e+00	0.00e+00	1.95e-02	5.08e-06	5.03e-06
 3.15843e+19	2.42e-02	5.34e-01	4.38e-01	3.88e-03	1.91e-04	4.77e-07	0.00e+00	0.00e+00	0.00e+00	2.41e-02	6.37e-06	6.20e-06
 3.23271e+19	2.92e-02	5.68e-01	4.00e-01	3.05e-03	1.58e-04	3.43e-07	0.00e+00	0.00e+00	0.00e+00	2.92e-02	7.76e-06	7.47e-06
 3.29885e+19	3.47e-02	5.99e-01	3.64e-01	2.43e-03	1.32e-04	2.52e-07	0.00e+00	0.00e+00	0.00e+00	3.47e-02	9.29e-06	8.84e-06
 3.37320e+19	4.24e-02	6.33e-01	3.23e-01	1.83e-03	1.07e-04	1.74e-07	0.00e+00	0.00e+00	0.00e+00	4.23e-02	1.14e-05	1.07e-05
 3.45346e+19	5.22e-02	6.66e-01	2.80e-01	1.34e-03	8.45e-05	1.16e-07	0.00e+00	0.00e+00	0.00e+00	5.22e-02	1.41e-05	1.31e-05
 3.52220e+19	6.28e-02	6.92e-01	2.44e-01	1.00e-03	6.77e-05	0.00e+00	0.00e+00	0.00e+00	0.00e+00	6.28e-02	1.70e-05	1.56e-05
 3.57852e+19	7.30e-02	7.11e-01	2.15e-01	7.76e-04	5.59e-05	0.00e+00	0.00e+00	0.00e+00	0.00e+00	7.30e-02	1.97e-05	1.80e-05
 3.62965e+19	8.39e-02	7.26e-01	1.89e-01	6.08e-04	4.64e-05	0.00e+00	0.00e+00	0.00e+00	0.00e+00	8.38e-02	2.26e-05	2.05e-05
 3.68785e+19	9.82e-02	7.40e-01	1.61e-01	4.53e-04	3.70e-05	0.00e+00	0.00e+00	0.00e+00	0.00e+00	9.81e-02	2.63e-05	2.38e-05
 3.74828e+19	1.15e-01	7.49e-01	1.35e-01	3.32e-04	2.89e-05	0.00e+00	0.00e+00	0.00e+00	0.00e+00	1.15e-01	3.06e-05	2.75e-05
 3.79692e+19	1.30e-01	7.53e-01	1.16e-01	2.56e-04	2.36e-05	0.00e+00	0.00e+00	0.00e+00	0.00e+00	1.30e-01	3.44e-05	3.07e-05
 3.83793e+19	1.45e-01	7.54e-01	1.01e-01	2.03e-04	1.95e-05	0.00e+00	0.00e+00	0.00e+00	0.00e+00	1.45e-01	3.79e-05	3.38e-05
 3.88369e+19	1.64e-01	7.51e-01	8.53e-02	1.56e-04	1.56e-05	0.00e+00	0.00e+00	0.00e+00	0.00e+00	1.64e-01	4.22e-05	3.75e-05
 3.93324e+19	1.85e-01	7.44e-01	7.05e-02	1.17e-04	1.22e-05	0.00e+00	0.00e+00	0.00e+00	0.00e+00	1.85e-01	4.70e-05	4.17e-05
 3.97648e+19	2.06e-01	7.35e-01	5.92e-02	9.06e-05	9.68e-06	0.00e+00	0.00e+00	0.00e+00	0.00e+00	2.06e-01	5.14e-05	4.55e-05
 4.01451e+19	2.26e-01	7.24e-01	5.02e-02	7.19e-05	7.83e-06	0.00e+00	0.00e+00	0.00e+00	0.00e+00	2.26e-01	5.54e-05	4.90e-05
 4.05703e+19	2.50e-01	7.09e-01	4.12e-02	5.52e-05	6.09e-06	0.00e+00	0.00e+00	0.00e+00	0.00e+00	2.50e-01	6.01e-05	5.30e-05
 4.10340e+19	2.77e-01	6.90e-01	3.32e-02	4.19e-05	4.64e-06	0.00e+00	0.00e+00	0.00e+00	0.00e+00	2.77e-01	6.50e-05	5.73e-05
 4.14591e+19	3.04e-01	6.69e-01	2.68e-02	3.25e-05	3.56e-06	0.00e+00	0.00e+00	0.00e+00	0.00e+00	3.04e-01	6.95e-05	6.11e-05
 4.18615e+19	3.30e-01	6.48e-01	2.18e-02	2.57e-05	2.76e-06	0.00e+00	0.00e+00	0.00e+00	0.00e+00	3.30e-01	7.34e-05	6.46e-05
 4.23117e+19	3.61e-01	6.22e-01	1.71e-02	1.98e-05	2.05e-06	0.00e+00	0.00e+00	0.00e+00	0.00e+00	3.61e-01	7.78e-05	6.83e-05
 4.28367e+19	3.98e-01	5.89e-01	1.27e-02	1.49e-05	1.44e-06	0.00e+00	0.00e+00	0.00e+00	0.00e+00	3.98e-01	8.21e-05	7.21e-05
 4.33438e+19	4.34e-01	5.57e-01	9.53e-03	1.14e-05	1.02e-06	0.00e+00	0.00e+00	0.00e+00	0.00e+00	4.34e-01	8.57e-05	7.52e-05
 4.37639e+19	4.64e-01	5.29e-01	7.44e-03	9.30e-06	7.63e-07	0.00e+00	0.00e+00	0.00e+00	0.00e+00	4.64e-01	8.82e-05	7.72e-05
 4.41274e+19	4.90e-01	5.04e-01	5.99e-03	7.85e-06	5.92e-07	0.00e+00	0.00e+00	0.00e+00	0.00e+00	4.90e-01	8.99e-05	7.87e-05
 4.44792e+19	5.14e-01	4.81e-01	4.84e-03	6.71e-06	4.63e-07	0.00e+00	0.00e+00	0.00e+00	0.00e+00	5.14e-01	9.11e-05	7.97e-05
 4.48312e+19	5.39e-01	4.58e-01	3.90e-03	5.79e-06	3.63e-07	0.00e+00	0.00e+00	0.00e+00	0.00e+00	5.38e-01	9.20e-05	8.04e-05
 4.51760e+19	5.61e-01	4.36e-01	3.17e-03	5.05e-06	2.87e-07	0.00e+00	0.00e+00	0.00e+00	0.00e+00	5.61e-01	9.25e-05	8.08e-05
 4.55075e+19	5.82e-01	4.15e-01	2.60e-03	4.47e-06	2.29e-07	0.00e+00	0.00e+00	0.00e+00	0.00e+00	5.82e-01	9.27e-05	8.10e-05
 4.57695e+19	5.98e-01	4.00e-01	2.24e-03	4.09e-06	1.94e-07	0.00e+00	0.00e+00	0.00e+00	0.00e+00	5.97e-01	9.27e-05	8.09e-05
 4.59522e+19	6.08e-01	3.90e-01	2.02e-03	3.85e-06	1.73e-07	0.00e+00	0.00e+00	0.00e+00	0.00e+00	6.08e-01	9.25e-05	8.08e-05
 4.61314e+19	6.19e-01	3.79e-01	1.81e-03	3.63e-06	1.54e-07	0.00e+00	0.00e+00	0.00e+00	0.00e+00	6.19e-01	9.24e-05	8.06e-05
 4.63407e+19	6.31e-01	3.68e-01	1.61e-03	3.39e-06	1.35e-07	0.00e+00	0.00e+00	0.00e+00	0.00e+00	6.31e-01	9.21e-05	8.03e-05
 4.65679e+19	6.43e-01	3.56e-01	1.41e-03	3.17e-06	0.00e+00	0.00e+00	0.00e+00	0.00e+00	0.00e+00	6.43e-01	9.17e-05	7.99e-05
 4.67962e+19	6.54e-01	3.45e-01	1.25e-03	2.97e-06	0.00e+00	0.00e+00	0.00e+00	0.00e+00	0.00e+00	6.54e-01	9.12e-05	7.95e-05
 4.70289e+19	6.66e-01	3.33e-01	1.10e-03	2.78e-06	0.00e+00	0.00e+00	0.00e+00	0.00e+00	0.00e+00	6.65e-01	9.07e-05	7.90e-05
 4.72684e+19	6.76e-01	3.23e-01	9.76e-04	2.62e-06	0.00e+00	0.00e+00	0.00e+00	0.00e+00	0.00e+00	6.76e-01	9.01e-05	7.84e-05
 4.75184e+19	6.87e-01	3.12e-01	8.62e-04	2.46e-06	0.00e+00	0.00e+00	0.00e+00	0.00e+00	0.00e+00	6.87e-01	8.94e-05	7.78e-05
 4.77803e+19	6.97e-01	3.02e-01	7.63e-04	2.33e-06	0.00e+00	0.00e+00	0.00e+00	0.00e+00	0.00e+00	6.97e-01	8.87e-05	7.72e-05
 4.80576e+19	7.08e-01	2.92e-01	6.74e-04	2.19e-06	0.00e+00	0.00e+00	0.00e+00	0.00e+00	0.00e+00	7.07e-01	8.79e-05	7.65e-05
 4.83532e+19	7.17e-01	2.82e-01	5.96e-04	2.07e-06	0.00e+00	0.00e+00	0.00e+00	0.00e+00	0.00e+00	7.17e-01	8.71e-05	7.57e-05
 4.86654e+19	7.27e-01	2.72e-01	5.28e-04	1.95e-06	0.00e+00	0.00e+00	0.00e+00	0.00e+00	0.00e+00	7.27e-01	8.62e-05	7.49e-05
 4.89995e+19	7.36e-01	2.63e-01	4.70e-04	1.85e-06	0.00e+00	0.00e+00	0.00e+00	0.00e+00	0.00e+00	7.36e-01	8.53e-05	7.42e-05
 4.93675e+19	7.45e-01	2.55e-01	4.18e-04	1.76e-06	0.00e+00	0.00e+00	0.00e+00	0.00e+00	0.00e+00	7.45e-01	8.44e-05	7.33e-05
 4.97807e+19	7.53e-01	2.46e-01	3.73e-04	1.67e-06	0.00e+00	0.00e+00	0.00e+00	0.00e+00	0.00e+00	7.53e-01	8.35e-05	7.25e-05
 5.02508e+19	7.62e-01	2.38e-01	3.33e-04	1.59e-06	0.00e+00	0.00e+00	0.00e+00	0.00e+00	0.00e+00	7.61e-01	8.26e-05	7.17e-05
 5.07854e+19	7.69e-01	2.31e-01	3.00e-04	1.51e-06	0.00e+00	0.00e+00	0.00e+00	0.00e+00	0.00e+00	7.69e-01	8.17e-05	7.09e-05
 5.13426e+19	7.75e-01	2.24e-01	2.74e-04	1.45e-06	0.00e+00	0.00e+00	0.00e+00	0.00e+00	0.00e+00	7.75e-01	8.09e-05	7.01e-05
 5.18859e+19	7.80e-01	2.20e-01	2.56e-04	1.41e-06	0.00e+00	0.00e+00	0.00e+00	0.00e+00	0.00e+00	7.80e-01	8.03e-05	6.96e-05
 5.24183e+19	7.84e-01	2.15e-01	2.41e-04	1.37e-06	0.00e+00	0.00e+00	0.00e+00	0.00e+00	0.00e+00	7.84e-01	7.97e-05	6.91e-05
 5.30250e+19	7.88e-01	2.12e-01	2.27e-04	1.33e-06	0.00e+00	0.00e+00	0.00e+00	0.00e+00	0.00e+00	7.88e-01	7.92e-05	6.86e-05
 5.38137e+19	7.93e-01	2.07e-01	2.13e-04	1.29e-06	0.00e+00	0.00e+00	0.00e+00	0.00e+00	0.00e+00	7.93e-01	7.85e-05	6.80e-05
 5.48390e+19	7.98e-01	2.02e-01	1.98e-04	1.25e-06	0.00e+00	0.00e+00	0.00e+00	0.00e+00	0.00e+00	7.97e-01	7.79e-05	6.74e-05
 5.61719e+19	8.03e-01	1.97e-01	1.83e-04	1.20e-06	0.00e+00	0.00e+00	0.00e+00	0.00e+00	0.00e+00	8.03e-01	7.71e-05	6.67e-05
 5.79046e+19	8.09e-01	1.91e-01	1.67e-04	1.15e-06	0.00e+00	0.00e+00	0.00e+00	0.00e+00	0.00e+00	8.09e-01	7.62e-05	6.59e-05
 6.00889e+19	8.16e-01	1.84e-01	1.50e-04	1.09e-06	0.00e+00	0.00e+00	0.00e+00	0.00e+00	0.00e+00	8.16e-01	7.51e-05	6.49e-05
 6.25767e+19	8.23e-01	1.77e-01	1.35e-04	1.04e-06	0.00e+00	0.00e+00	0.00e+00	0.00e+00	0.00e+00	8.23e-01	7.40e-05	6.39e-05
 6.51601e+19	8.29e-01	1.71e-01	1.23e-04	9.90e-07	0.00e+00	0.00e+00	0.00e+00	0.00e+00	0.00e+00	8.29e-01	7.30e-05	6.30e-05
 6.78201e+19	8.35e-01	1.65e-01	1.12e-04	9.44e-07	0.00e+00	0.00e+00	0.00e+00	0.00e+00	0.00e+00	8.35e-01	7.20e-05	6.21e-05
 7.06440e+19	8.41e-01	1.59e-01	1.02e-04	9.00e-07	0.00e+00	0.00e+00	0.00e+00	0.00e+00	0.00e+00	8.41e-01	7.10e-05	6.12e-05
 7.36625e+19	8.47e-01	1.53e-01	9.38e-05	8.58e-07	0.00e+00	0.00e+00	0.00e+00	0.00e+00	0.00e+00	8.47e-01	7.00e-05	6.03e-05
 7.68526e+19	8.52e-01	1.48e-01	8.64e-05	8.19e-07	0.00e+00	0.00e+00	0.00e+00	0.00e+00	0.00e+00	8.52e-01	6.90e-05	5.93e-05
 8.02173e+19	8.57e-01	1.42e-01	7.98e-05	7.82e-07	0.00e+00	0.00e+00	0.00e+00	0.00e+00	0.00e+00	8.57e-01	6.79e-05	5.84e-05
 8.37755e+19	8.62e-01	1.37e-01	7.40e-05	7.47e-07	0.00e+00	0.00e+00	0.00e+00	0.00e+00	0.00e+00	8.62e-01	6.69e-05	5.75e-05
 8.75428e+19	8.67e-01	1.33e-01	6.89e-05	7.14e-07	0.00e+00	0.00e+00	0.00e+00	0.00e+00	0.00e+00	8.67e-01	6.59e-05	5.66e-05
 9.15310e+19	8.72e-01	1.28e-01	6.44e-05	6.82e-07	0.00e+00	0.00e+00	0.00e+00	0.00e+00	0.00e+00	8.72e-01	6.50e-05	5.57e-05
 9.57484e+19	8.77e-01	1.23e-01	6.04e-05	6.52e-07	0.00e+00	0.00e+00	0.00e+00	0.00e+00	0.00e+00	8.76e-01	6.40e-05	5.49e-05
 1.00206e+20	8.81e-01	1.19e-01	5.68e-05	6.24e-07	0.00e+00	0.00e+00	0.00e+00	0.00e+00	0.00e+00	8.81e-01	6.31e-05	5.40e-05
 1.04919e+20	8.85e-01	1.15e-01	5.36e-05	5.96e-07	0.00e+00	0.00e+00	0.00e+00	0.00e+00	0.00e+00	8.85e-01	6.22e-05	5.32e-05
 1.09905e+20	8.89e-01	1.11e-01	5.08e-05	5.70e-07	0.00e+00	0.00e+00	0.00e+00	0.00e+00	0.00e+00	8.89e-01	6.13e-05	5.24e-05
 1.15176e+20	8.93e-01	1.07e-01	4.83e-05	5.45e-07	0.00e+00	0.00e+00	0.00e+00	0.00e+00	0.00e+00	8.93e-01	6.05e-05	5.16e-05
 1.20746e+20	8.97e-01	1.03e-01	4.61e-05	5.21e-07	0.00e+00	0.00e+00	0.00e+00	0.00e+00	0.00e+00	8.97e-01	5.96e-05	5.09e-05
 1.26630e+20	9.00e-01	9.95e-02	4.40e-05	4.99e-07	0.00e+00	0.00e+00	0.00e+00	0.00e+00	0.00e+00	9.00e-01	5.88e-05	5.01e-05
 1.32845e+20	9.04e-01	9.60e-02	4.22e-05	4.77e-07	0.00e+00	0.00e+00	0.00e+00	0.00e+00	0.00e+00	9.04e-01	5.81e-05	4.94e-05
 1.39408e+20	9.07e-01	9.26e-02	4.06e-05	4.56e-07	0.00e+00	0.00e+00	0.00e+00	0.00e+00	0.00e+00	9.07e-01	5.73e-05	4.87e-05
 1.46338e+20	9.11e-01	8.94e-02	3.92e-05	4.36e-07	0.00e+00	0.00e+00	0.00e+00	0.00e+00	0.00e+00	9.10e-01	5.66e-05	4.80e-05
 1.53653e+20	9.14e-01	8.62e-02	3.78e-05	4.17e-07	0.00e+00	0.00e+00	0.00e+00	0.00e+00	0.00e+00	9.14e-01	5.59e-05	4.73e-05
 1.61372e+20	9.17e-01	8.32e-02	3.66e-05	3.99e-07	0.00e+00	0.00e+00	0.00e+00	0.00e+00	0.00e+00	9.17e-01	5.52e-05	4.67e-05
 1.69517e+20	9.20e-01	8.03e-02	3.55e-05	3.81e-07	0.00e+00	0.00e+00	0.00e+00	0.00e+00	0.00e+00	9.20e-01	5.45e-05	4.60e-05
 1.78108e+20	9.22e-01	7.75e-02	3.45e-05	3.64e-07	0.00e+00	0.00e+00	0.00e+00	0.00e+00	0.00e+00	9.22e-01	5.39e-05	4.54e-05
 1.87143e+20	9.25e-01	7.47e-02	3.36e-05	3.48e-07	0.00e+00	0.00e+00	0.00e+00	0.00e+00	0.00e+00	9.25e-01	5.32e-05	4.48e-05
 1.96654e+20	9.28e-01	7.21e-02	3.28e-05	3.33e-07	0.00e+00	0.00e+00	0.00e+00	0.00e+00	0.00e+00	9.28e-01	5.26e-05	4.43e-05
 2.06737e+20	9.30e-01	6.96e-02	3.20e-05	3.18e-07	0.00e+00	0.00e+00	0.00e+00	0.00e+00	0.00e+00	9.30e-01	5.20e-05	4.37e-05
 2.17361e+20	9.33e-01	6.71e-02	3.13e-05	3.03e-07	0.00e+00	0.00e+00	0.00e+00	0.00e+00	0.00e+00	9.33e-01	5.15e-05	4.31e-05
 2.28524e+20	9.35e-01	6.47e-02	3.06e-05	2.89e-07	0.00e+00	0.00e+00	0.00e+00	0.00e+00	0.00e+00	9.35e-01	5.09e-05	4.26e-05
 2.40340e+20	9.38e-01	6.25e-02	2.99e-05	2.76e-07	0.00e+00	0.00e+00	0.00e+00	0.00e+00	0.00e+00	9.37e-01	5.04e-05	4.21e-05
 2.52727e+20	9.40e-01	6.02e-02	2.93e-05	2.63e-07	0.00e+00	0.00e+00	0.00e+00	0.00e+00	0.00e+00	9.40e-01	4.99e-05	4.16e-05
 2.65695e+20	9.42e-01	5.82e-02	2.88e-05	2.51e-07	0.00e+00	0.00e+00	0.00e+00	0.00e+00	0.00e+00	9.42e-01	4.94e-05	4.11e-05
 2.79348e+20	9.44e-01	5.61e-02	2.82e-05	2.39e-07	0.00e+00	0.00e+00	0.00e+00	0.00e+00	0.00e+00	9.44e-01	4.90e-05	4.06e-05
 2.93806e+20	9.46e-01	5.41e-02	2.77e-05	2.28e-07	0.00e+00	0.00e+00	0.00e+00	0.00e+00	0.00e+00	9.46e-01	4.85e-05	4.02e-05
 3.09049e+20	9.48e-01	5.22e-02	2.72e-05	2.17e-07	0.00e+00	0.00e+00	0.00e+00	0.00e+00	0.00e+00	9.48e-01	4.81e-05	3.97e-05
 3.24984e+20	9.50e-01	5.04e-02	2.67e-05	2.07e-07	0.00e+00	0.00e+00	0.00e+00	0.00e+00	0.00e+00	9.50e-01	4.77e-05	3.93e-05
 3.41699e+20	9.51e-01	4.86e-02	2.62e-05	1.97e-07	0.00e+00	0.00e+00	0.00e+00	0.00e+00	0.00e+00	9.51e-01	4.73e-05	3.89e-05
 3.59319e+20	9.53e-01	4.69e-02	2.57e-05	1.87e-07	0.00e+00	0.00e+00	0.00e+00	0.00e+00	0.00e+00	9.53e-01	4.69e-05	3.85e-05
 3.77867e+20	9.55e-01	4.52e-02	2.52e-05	1.78e-07	0.00e+00	0.00e+00	0.00e+00	0.00e+00	0.00e+00	9.55e-01	4.66e-05	3.81e-05
 3.97306e+20	9.56e-01	4.36e-02	2.47e-05	1.69e-07	0.00e+00	0.00e+00	0.00e+00	0.00e+00	0.00e+00	9.56e-01	4.62e-05	3.77e-05
 4.17799e+20	9.58e-01	4.20e-02	2.43e-05	1.60e-07	0.00e+00	0.00e+00	0.00e+00	0.00e+00	0.00e+00	9.58e-01	4.59e-05	3.73e-05
 4.39385e+20	9.59e-01	4.06e-02	2.38e-05	1.52e-07	0.00e+00	0.00e+00	0.00e+00	0.00e+00	0.00e+00	9.59e-01	4.56e-05	3.70e-05
 4.61967e+20	9.61e-01	3.91e-02	2.33e-05	1.44e-07	0.00e+00	0.00e+00	0.00e+00	0.00e+00	0.00e+00	9.61e-01	4.53e-05	3.66e-05
 4.85666e+20	9.62e-01	3.77e-02	2.29e-05	1.36e-07	0.00e+00	0.00e+00	0.00e+00	0.00e+00	0.00e+00	9.62e-01	4.50e-05	3.63e-05
 5.10582e+20	9.64e-01	3.64e-02	2.24e-05	1.29e-07	0.00e+00	0.00e+00	0.00e+00	0.00e+00	0.00e+00	9.64e-01	4.48e-05	3.60e-05
 5.36718e+20	9.65e-01	3.51e-02	2.19e-05	1.22e-07	0.00e+00	0.00e+00	0.00e+00	0.00e+00	0.00e+00	9.65e-01	4.45e-05	3.57e-05
 5.64304e+20	9.66e-01	3.38e-02	2.14e-05	0.00e+00	0.00e+00	0.00e+00	0.00e+00	0.00e+00	0.00e+00	9.66e-01	4.43e-05	3.53e-05
 5.93370e+20	9.67e-01	3.26e-02	2.10e-05	0.00e+00	0.00e+00	0.00e+00	0.00e+00	0.00e+00	0.00e+00	9.67e-01	4.40e-05	3.51e-05
 6.23756e+20	9.69e-01	3.15e-02	2.05e-05	0.00e+00	0.00e+00	0.00e+00	0.00e+00	0.00e+00	0.00e+00	9.68e-01	4.38e-05	3.48e-05
 6.55650e+20	9.70e-01	3.04e-02	2.00e-05	0.00e+00	0.00e+00	0.00e+00	0.00e+00	0.00e+00	0.00e+00	9.70e-01	4.36e-05	3.45e-05
 6.89188e+20	9.71e-01	2.93e-02	1.95e-05	0.00e+00	0.00e+00	0.00e+00	0.00e+00	0.00e+00	0.00e+00	9.71e-01	4.34e-05	3.42e-05
 7.24338e+20	9.72e-01	2.82e-02	1.90e-05	0.00e+00	0.00e+00	0.00e+00	0.00e+00	0.00e+00	0.00e+00	9.72e-01	4.33e-05	3.40e-05
 7.61484e+20	9.73e-01	2.72e-02	1.85e-05	0.00e+00	0.00e+00	0.00e+00	0.00e+00	0.00e+00	0.00e+00	9.73e-01	4.31e-05	3.37e-05
 8.00716e+20	9.74e-01	2.62e-02	1.79e-05	0.00e+00	0.00e+00	0.00e+00	0.00e+00	0.00e+00	0.00e+00	9.74e-01	4.29e-05	3.35e-05
 8.41796e+20	9.75e-01	2.53e-02	1.74e-05	0.00e+00	0.00e+00	0.00e+00	0.00e+00	0.00e+00	0.00e+00	9.75e-01	4.28e-05	3.32e-05
 8.84939e+20	9.76e-01	2.44e-02	1.69e-05	0.00e+00	0.00e+00	0.00e+00	0.00e+00	0.00e+00	0.00e+00	9.76e-01	4.26e-05	3.30e-05
 9.30351e+20	9.76e-01	2.35e-02	1.63e-05	0.00e+00	0.00e+00	0.00e+00	0.00e+00	0.00e+00	0.00e+00	9.76e-01	4.25e-05	3.28e-05
 9.78034e+20	9.77e-01	2.27e-02	1.58e-05	0.00e+00	0.00e+00	0.00e+00	0.00e+00	0.00e+00	0.00e+00	9.77e-01	4.24e-05	3.26e-05
 1.02815e+21	9.78e-01	2.18e-02	1.53e-05	0.00e+00	0.00e+00	0.00e+00	0.00e+00	0.00e+00	0.00e+00	9.78e-01	4.22e-05	3.23e-05
 1.08088e+21	9.79e-01	2.11e-02	1.47e-05	0.00e+00	0.00e+00	0.00e+00	0.00e+00	0.00e+00	0.00e+00	9.79e-01	4.21e-05	3.21e-05
 1.13641e+21	9.80e-01	2.03e-02	1.42e-05	0.00e+00	0.00e+00	0.00e+00	0.00e+00	0.00e+00	0.00e+00	9.80e-01	4.20e-05	3.18e-05
 1.19481e+21	9.80e-01	1.96e-02	1.37e-05	0.00e+00	0.00e+00	0.00e+00	0.00e+00	0.00e+00	0.00e+00	9.80e-01	4.18e-05	3.16e-05
 1.25558e+21	9.81e-01	1.89e-02	1.31e-05	0.00e+00	0.00e+00	0.00e+00	0.00e+00	0.00e+00	0.00e+00	9.81e-01	4.17e-05	3.14e-05
 1.31954e+21	9.82e-01	1.82e-02	1.26e-05	0.00e+00	0.00e+00	0.00e+00	0.00e+00	0.00e+00	0.00e+00	9.82e-01	4.15e-05	3.12e-05
 1.38748e+21	9.82e-01	1.75e-02	1.21e-05	0.00e+00	0.00e+00	0.00e+00	0.00e+00	0.00e+00	0.00e+00	9.82e-01	4.14e-05	3.09e-05
 1.45867e+21	9.83e-01	1.69e-02	1.16e-05	0.00e+00	0.00e+00	0.00e+00	0.00e+00	0.00e+00	0.00e+00	9.83e-01	4.12e-05	3.07e-05
 1.53298e+21	9.84e-01	1.63e-02	1.11e-05	0.00e+00	0.00e+00	0.00e+00	0.00e+00	0.00e+00	0.00e+00	9.84e-01	4.10e-05	3.05e-05
 1.61032e+21	9.84e-01	1.57e-02	1.06e-05	0.00e+00	0.00e+00	0.00e+00	0.00e+00	0.00e+00	0.00e+00	9.84e-01	4.08e-05	3.03e-05
 1.69095e+21	9.85e-01	1.51e-02	1.01e-05	0.00e+00	0.00e+00	0.00e+00	0.00e+00	0.00e+00	0.00e+00	9.85e-01	4.06e-05	3.00e-05
 1.77611e+21	9.85e-01	1.45e-02	9.65e-06	0.00e+00	0.00e+00	0.00e+00	0.00e+00	0.00e+00	0.00e+00	9.85e-01	4.03e-05	2.98e-05
 1.86548e+21	9.86e-01	1.39e-02	9.20e-06	0.00e+00	0.00e+00	0.00e+00	0.00e+00	0.00e+00	0.00e+00	9.86e-01	4.01e-05	2.96e-05
 1.95798e+21	9.87e-01	1.34e-02	8.77e-06	0.00e+00	0.00e+00	0.00e+00	0.00e+00	0.00e+00	0.00e+00	9.87e-01	3.97e-05	2.94e-05
 2.04997e+21	9.87e-01	1.29e-02	8.38e-06	0.00e+00	0.00e+00	0.00e+00	0.00e+00	0.00e+00	0.00e+00	9.87e-01	3.94e-05	2.91e-05
 2.13693e+21	9.87e-01	1.25e-02	8.03e-06	0.00e+00	0.00e+00	0.00e+00	0.00e+00	0.00e+00	0.00e+00	9.87e-01	3.90e-05	2.89e-05
 2.21916e+21	9.88e-01	1.21e-02	7.72e-06	0.00e+00	0.00e+00	0.00e+00	0.00e+00	0.00e+00	0.00e+00	9.88e-01	3.86e-05	2.88e-05
 2.29874e+21	9.88e-01	1.18e-02	7.44e-06	0.00e+00	0.00e+00	0.00e+00	0.00e+00	0.00e+00	0.00e+00	9.88e-01	3.82e-05	2.86e-05
 2.37642e+21	9.89e-01	1.14e-02	7.18e-06	0.00e+00	0.00e+00	0.00e+00	0.00e+00	0.00e+00	0.00e+00	9.88e-01	3.78e-05	2.84e-05
 2.45167e+21	9.89e-01	1.11e-02	6.95e-06	0.00e+00	0.00e+00	0.00e+00	0.00e+00	0.00e+00	0.00e+00	9.89e-01	3.74e-05	2.83e-05
 2.52412e+21	9.89e-01	1.09e-02	6.73e-06	0.00e+00	0.00e+00	0.00e+00	0.00e+00	0.00e+00	0.00e+00	9.89e-01	3.69e-05	2.81e-05
 2.59354e+21	9.89e-01	1.06e-02	6.54e-06	0.00e+00	0.00e+00	0.00e+00	0.00e+00	0.00e+00	0.00e+00	9.89e-01	3.64e-05	2.80e-05
 2.66002e+21	9.90e-01	1.03e-02	6.37e-06	0.00e+00	0.00e+00	0.00e+00	0.00e+00	0.00e+00	0.00e+00	9.90e-01	3.59e-05	2.78e-05
 2.72331e+21	9.90e-01	1.01e-02	6.21e-06	0.00e+00	0.00e+00	0.00e+00	0.00e+00	0.00e+00	0.00e+00	9.90e-01	3.54e-05	2.77e-05
 2.78331e+21	9.90e-01	9.84e-03	6.07e-06	0.00e+00	0.00e+00	0.00e+00	0.00e+00	0.00e+00	0.00e+00	9.90e-01	3.49e-05	2.75e-05
 2.84040e+21	9.90e-01	9.60e-03	5.94e-06	0.00e+00	0.00e+00	0.00e+00	0.00e+00	0.00e+00	0.00e+00	9.90e-01	3.44e-05	2.74e-05
 2.89422e+21	9.91e-01	9.34e-03	5.83e-06	0.00e+00	0.00e+00	0.00e+00	0.00e+00	0.00e+00	0.00e+00	9.91e-01	3.39e-05	2.72e-05
