#depth	He	He+	He+2
 1.73990e+16	7.01e-02	8.38e-01	9.16e-02
 1.04394e+17	7.06e-02	8.38e-01	9.10e-02
 4.52375e+17	7.08e-02	8.39e-01	9.07e-02
 1.84430e+18	7.11e-02	8.39e-01	9.00e-02
 4.40544e+18	7.12e-02	8.39e-01	8.98e-02
 7.73492e+18	7.17e-02	8.39e-01	8.90e-02
 1.20632e+19	7.28e-02	8.40e-01	8.76e-02
 1.76901e+19	7.44e-02	8.40e-01	8.56e-02
 2.45420e+19	7.67e-02	8.40e-01	8.29e-02
 3.18111e+19	7.94e-02	8.40e-01	8.03e-02
 3.97013e+19	8.34e-02	8.40e-01	7.68e-02
 4.86200e+19	8.89e-02	8.38e-01	7.28e-02
 5.71074e+19	9.50e-02	8.35e-01	6.95e-02
 6.47681e+19	1.02e-01	8.32e-01	6.62e-02
 7.21919e+19	1.10e-01	8.27e-01	6.36e-02
 7.92177e+19	1.19e-01	8.20e-01	6.11e-02
 8.55710e+19	1.28e-01	8.13e-01	5.91e-02
 9.11574e+19	1.37e-01	8.06e-01	5.74e-02
 9.60926e+19	1.46e-01	7.98e-01	5.61e-02
 1.00420e+20	1.54e-01	7.91e-01	5.51e-02
 1.04357e+20	1.62e-01	7.83e-01	5.41e-02
 1.08149e+20	1.71e-01	7.76e-01	5.33e-02
 1.11724e+20	1.80e-01	7.68e-01	5.24e-02
 1.15146e+20	1.88e-01	7.60e-01	5.18e-02
 1.18510e+20	1.97e-01	7.52e-01	5.10e-02
 1.21757e+20	2.06e-01	7.44e-01	5.03e-02
 1.24985e+20	2.16e-01	7.35e-01	4.96e-02
 1.28235e+20	2.25e-01	7.26e-01	4.89e-02
 1.30902e+20	2.33e-01	7.18e-01	4.83e-02
 1.32790e+20	2.39e-01	7.13e-01	4.79e-02
 1.34640e+20	2.46e-01	7.07e-01	4.73e-02
 1.36764e+20	2.53e-01	7.00e-01	4.68e-02
 1.39087e+20	2.61e-01	6.93e-01	4.62e-02
 1.41450e+20	2.69e-01	6.85e-01	4.56e-02
 1.43805e+20	2.78e-01	6.77e-01	4.49e-02
 1.46190e+20	2.86e-01	6.70e-01	4.43e-02
 1.48688e+20	2.95e-01	6.61e-01	4.36e-02
 1.51301e+20	3.05e-01	6.52e-01	4.28e-02
 1.53933e+20	3.15e-01	6.42e-01	4.21e-02
 1.56620e+20	3.26e-01	6.33e-01	4.13e-02
 1.59436e+20	3.37e-01	6.23e-01	4.04e-02
 1.62317e+20	3.48e-01	6.12e-01	3.97e-02
 1.65273e+20	3.60e-01	6.01e-01	3.87e-02
 1.68311e+20	3.72e-01	5.90e-01	3.79e-02
 1.71423e+20	3.85e-01	5.78e-01	3.69e-02
 1.74647e+20	3.98e-01	5.66e-01	3.60e-02
 1.77985e+20	4.11e-01	5.54e-01	3.51e-02
 1.81421e+20	4.25e-01	5.41e-01	3.41e-02
 1.84904e+20	4.39e-01	5.28e-01	3.31e-02
 1.88481e+20	4.53e-01	5.15e-01	3.21e-02
 1.92211e+20	4.68e-01	5.01e-01	3.10e-02
 1.96048e+20	4.83e-01	4.87e-01	3.00e-02
 2.00007e+20	4.99e-01	4.73e-01	2.90e-02
 2.04107e+20	5.14e-01	4.58e-01	2.79e-02
 2.08299e+20	5.30e-01	4.44e-01	2.68e-02
 2.12612e+20	5.45e-01	4.29e-01	2.58e-02
 2.17054e+20	5.61e-01	4.15e-01	2.47e-02
 2.21604e+20	5.76e-01	4.00e-01	2.37e-02
 2.26275e+20	5.92e-01	3.86e-01	2.27e-02
 2.31136e+20	6.07e-01	3.72e-01	2.16e-02
 2.36209e+20	6.22e-01	3.57e-01	2.06e-02
 2.41455e+20	6.37e-01	3.43e-01	1.96e-02
 2.46917e+20	6.52e-01	3.30e-01	1.86e-02
 2.52695e+20	6.66e-01	3.16e-01	1.76e-02
 2.58814e+20	6.81e-01	3.02e-01	1.66e-02
 2.65309e+20	6.95e-01	2.89e-01	1.56e-02
 2.72208e+20	7.09e-01	2.76e-01	1.46e-02
 2.79627e+20	7.23e-01	2.63e-01	1.37e-02
 2.87724e+20	7.37e-01	2.50e-01	1.27e-02
 2.96514e+20	7.50e-01	2.38e-01	1.17e-02
 3.06150e+20	7.63e-01	2.26e-01	1.08e-02
 3.16842e+20	7.76e-01	2.14e-01	9.89e-03
 3.28715e+20	7.88e-01	2.03e-01	9.00e-03
 3.41984e+20	8.00e-01	1.92e-01	8.15e-03
 3.56875e+20	8.12e-01	1.81e-01	7.32e-03
 3.73669e+20	8.23e-01	1.70e-01	6.54e-03
 3.92573e+20	8.34e-01	1.60e-01	5.79e-03
 4.13766e+20	8.44e-01	1.50e-01	5.12e-03
 4.37456e+20	8.55e-01	1.41e-01	4.48e-03
 4.64095e+20	8.64e-01	1.32e-01	3.91e-03
 4.93845e+20	8.74e-01	1.23e-01	3.39e-03
 5.26833e+20	8.83e-01	1.14e-01	2.93e-03
 5.63542e+20	8.91e-01	1.06e-01	2.53e-03
 6.04597e+20	8.99e-01	9.87e-02	2.17e-03
 6.50824e+20	9.07e-01	9.14e-02	1.86e-03
 7.02998e+20	9.14e-01	8.45e-02	1.58e-03
 7.62311e+20	9.21e-01	7.79e-02	1.34e-03
 8.30608e+20	9.27e-01	7.17e-02	1.14e-03
 9.10395e+20	9.33e-01	6.59e-02	9.59e-04
 1.00118e+21	9.39e-01	6.07e-02	8.12e-04
 1.10130e+21	9.43e-01	5.61e-02	6.93e-04
 1.21143e+21	9.47e-01	5.22e-02	5.98e-04
 1.33257e+21	9.51e-01	4.88e-02	5.22e-04
 1.46583e+21	9.54e-01	4.59e-02	4.61e-04
 1.61241e+21	9.56e-01	4.34e-02	4.11e-04
 1.77365e+21	9.58e-01	4.13e-02	3.71e-04
 1.95102e+21	9.60e-01	3.95e-02	3.39e-04
 2.14612e+21	9.62e-01	3.79e-02	3.13e-04
 2.36073e+21	9.63e-01	3.66e-02	2.91e-04
 2.59681e+21	9.64e-01	3.56e-02	2.73e-04
 2.85649e+21	9.65e-01	3.46e-02	2.59e-04
 3.14214e+21	9.66e-01	3.39e-02	2.47e-04
 3.45635e+21	9.67e-01	3.32e-02	2.37e-04
 3.80199e+21	9.67e-01	3.27e-02	2.29e-04
 4.18219e+21	9.68e-01	3.22e-02	2.22e-04
 4.60040e+21	9.68e-01	3.19e-02	2.17e-04
 5.06044e+21	9.68e-01	3.15e-02	2.12e-04
 5.56649e+21	9.69e-01	3.13e-02	2.08e-04
 6.12314e+21	9.69e-01	3.11e-02	2.05e-04
 6.73545e+21	9.69e-01	3.09e-02	2.03e-04
 7.40900e+21	9.69e-01	3.07e-02	2.00e-04
 8.09673e+21	9.69e-01	3.06e-02	1.98e-04
 8.74421e+21	9.69e-01	3.05e-02	1.97e-04
 9.46307e+21	9.69e-01	3.05e-02	1.96e-04
 1.02420e+22	9.69e-01	3.04e-02	1.95e-04
 1.09346e+22	9.69e-01	3.03e-02	1.94e-04
 1.15702e+22	9.69e-01	3.03e-02	1.94e-04
 1.22963e+22	9.70e-01	3.03e-02	1.93e-04
 1.31079e+22	9.70e-01	3.02e-02	1.92e-04
 1.38670e+22	9.70e-01	3.02e-02	1.92e-04
 1.45774e+22	9.70e-01	3.02e-02	1.91e-04
 1.53883e+22	9.70e-01	3.01e-02	1.91e-04
 1.62972e+22	9.70e-01	3.01e-02	1.90e-04
 1.71582e+22	9.70e-01	3.01e-02	1.90e-04
 1.81023e+22	9.70e-01	3.01e-02	1.89e-04
 1.91614e+22	9.70e-01	3.00e-02	1.89e-04
 2.01862e+22	9.70e-01	3.00e-02	1.88e-04
 2.11941e+22	9.70e-01	3.00e-02	1.88e-04
 2.21604e+22	9.70e-01	3.00e-02	1.88e-04
 2.30300e+22	9.70e-01	3.00e-02	1.87e-04
 2.38127e+22	9.70e-01	3.00e-02	1.87e-04
 2.45171e+22	9.70e-01	2.99e-02	1.87e-04
 2.51511e+22	9.70e-01	2.99e-02	1.87e-04
 2.57216e+22	9.70e-01	2.99e-02	1.87e-04
 2.62352e+22	9.70e-01	2.99e-02	1.87e-04
 2.66973e+22	9.70e-01	2.99e-02	1.87e-04
 2.71133e+22	9.70e-01	2.99e-02	1.87e-04
 2.74876e+22	9.70e-01	3.00e-02	1.87e-04
 2.78245e+22	9.70e-01	3.00e-02	1.87e-04
 2.81384e+22	9.70e-01	3.00e-02	1.88e-04
 2.84470e+22	9.70e-01	3.00e-02	1.88e-04
 2.87555e+22	9.70e-01	3.01e-02	1.89e-04
 2.90641e+22	9.70e-01	3.01e-02	1.90e-04
 2.93727e+22	9.70e-01	3.02e-02	1.91e-04
 2.96812e+22	9.70e-01	3.02e-02	1.92e-04
 2.99898e+22	9.69e-01	3.03e-02	1.94e-04
 3.02984e+22	9.69e-01	3.04e-02	1.96e-04
 3.06070e+22	9.69e-01	3.05e-02	1.98e-04
 3.08090e+22	9.69e-01	3.06e-02	1.99e-04
