#depth	O	O+	O+2	O+3	O+4	O+5	O+6	O+7	O+8	O[1]	O[2]	O[3]
 1.65315e+15	8.16e-02	8.63e-01	5.50e-02	1.15e-04	4.96e-07	0.00e+00	0.00e+00	0.00e+00	0.00e+00	8.16e-02	5.22e-06	6.04e-06
 9.91890e+15	8.12e-02	8.63e-01	5.53e-02	1.16e-04	5.02e-07	0.00e+00	0.00e+00	0.00e+00	0.00e+00	8.12e-02	5.19e-06	6.01e-06
 4.29819e+16	8.09e-02	8.63e-01	5.56e-02	1.17e-04	5.05e-07	0.00e+00	0.00e+00	0.00e+00	0.00e+00	8.09e-02	5.17e-06	5.99e-06
 1.75234e+17	8.05e-02	8.63e-01	5.63e-02	1.17e-04	5.07e-07	0.00e+00	0.00e+00	0.00e+00	0.00e+00	8.05e-02	5.15e-06	5.96e-06
 4.18577e+17	7.73e-02	8.63e-01	5.95e-02	1.25e-04	5.38e-07	0.00e+00	0.00e+00	0.00e+00	0.00e+00	7.73e-02	4.93e-06	5.71e-06
 7.34924e+17	7.66e-02	8.63e-01	6.02e-02	1.24e-04	5.37e-07	0.00e+00	0.00e+00	0.00e+00	0.00e+00	7.66e-02	4.87e-06	5.64e-06
 1.14617e+18	7.81e-02	8.63e-01	5.90e-02	1.16e-04	5.11e-07	0.00e+00	0.00e+00	0.00e+00	0.00e+00	7.80e-02	4.94e-06	5.73e-06
 1.68080e+18	8.20e-02	8.62e-01	5.55e-02	9.93e-05	4.60e-07	0.00e+00	0.00e+00	0.00e+00	0.00e+00	8.20e-02	5.17e-06	6.00e-06
 2.31336e+18	8.85e-02	8.61e-01	5.04e-02	7.97e-05	3.95e-07	0.00e+00	0.00e+00	0.00e+00	0.00e+00	8.85e-02	5.56e-06	6.44e-06
 2.95139e+18	9.77e-02	8.58e-01	4.44e-02	6.09e-05	3.28e-07	0.00e+00	0.00e+00	0.00e+00	0.00e+00	9.77e-02	6.10e-06	7.07e-06
 3.61443e+18	1.11e-01	8.52e-01	3.73e-02	4.32e-05	2.57e-07	0.00e+00	0.00e+00	0.00e+00	0.00e+00	1.11e-01	6.89e-06	7.98e-06
 4.37482e+18	1.31e-01	8.39e-01	2.96e-02	2.75e-05	1.88e-07	0.00e+00	0.00e+00	0.00e+00	0.00e+00	1.31e-01	8.05e-06	9.31e-06
 5.12793e+18	1.57e-01	8.20e-01	2.27e-02	1.68e-05	1.33e-07	0.00e+00	0.00e+00	0.00e+00	0.00e+00	1.57e-01	9.50e-06	1.10e-05
 5.74363e+18	1.84e-01	7.98e-01	1.77e-02	1.08e-05	0.00e+00	0.00e+00	0.00e+00	0.00e+00	0.00e+00	1.84e-01	1.10e-05	1.27e-05
 6.24184e+18	2.12e-01	7.74e-01	1.42e-02	7.32e-06	0.00e+00	0.00e+00	0.00e+00	0.00e+00	0.00e+00	2.11e-01	1.24e-05	1.42e-05
 6.70232e+18	2.41e-01	7.48e-01	1.14e-02	5.04e-06	0.00e+00	0.00e+00	0.00e+00	0.00e+00	0.00e+00	2.41e-01	1.37e-05	1.58e-05
 7.23098e+18	2.79e-01	7.13e-01	8.70e-03	3.25e-06	0.00e+00	0.00e+00	0.00e+00	0.00e+00	0.00e+00	2.79e-01	1.54e-05	1.77e-05
 7.80437e+18	3.25e-01	6.69e-01	6.45e-03	2.03e-06	0.00e+00	0.00e+00	0.00e+00	0.00e+00	0.00e+00	3.24e-01	1.72e-05	1.97e-05
 8.28568e+18	3.67e-01	6.28e-01	4.97e-03	1.37e-06	0.00e+00	0.00e+00	0.00e+00	0.00e+00	0.00e+00	3.67e-01	1.86e-05	2.13e-05
 8.65247e+18	4.00e-01	5.95e-01	4.07e-03	1.02e-06	0.00e+00	0.00e+00	0.00e+00	0.00e+00	0.00e+00	4.00e-01	1.95e-05	2.24e-05
 8.95763e+18	4.29e-01	5.68e-01	3.43e-03	8.08e-07	0.00e+00	0.00e+00	0.00e+00	0.00e+00	0.00e+00	4.29e-01	2.02e-05	2.31e-05
 9.25171e+18	4.57e-01	5.40e-01	2.91e-03	6.46e-07	0.00e+00	0.00e+00	0.00e+00	0.00e+00	0.00e+00	4.57e-01	2.07e-05	2.38e-05
 9.54823e+18	4.84e-01	5.13e-01	2.47e-03	5.20e-07	0.00e+00	0.00e+00	0.00e+00	0.00e+00	0.00e+00	4.84e-01	2.12e-05	2.43e-05
 9.83440e+18	5.10e-01	4.87e-01	2.10e-03	4.25e-07	0.00e+00	0.00e+00	0.00e+00	0.00e+00	0.00e+00	5.10e-01	2.15e-05	2.46e-05
 1.01058e+19	5.35e-01	4.63e-01	1.81e-03	3.54e-07	0.00e+00	0.00e+00	0.00e+00	0.00e+00	0.00e+00	5.35e-01	2.17e-05	2.48e-05
 1.03707e+19	5.58e-01	4.41e-01	1.56e-03	2.98e-07	0.00e+00	0.00e+00	0.00e+00	0.00e+00	0.00e+00	5.58e-01	2.18e-05	2.50e-05
 1.06307e+19	5.79e-01	4.19e-01	1.36e-03	2.53e-07	0.00e+00	0.00e+00	0.00e+00	0.00e+00	0.00e+00	5.79e-01	2.19e-05	2.50e-05
 1.08348e+19	5.94e-01	4.04e-01	1.23e-03	2.26e-07	0.00e+00	0.00e+00	0.00e+00	0.00e+00	0.00e+00	5.94e-01	2.19e-05	2.50e-05
 1.09750e+19	6.05e-01	3.94e-01	1.14e-03	2.09e-07	0.00e+00	0.00e+00	0.00e+00	0.00e+00	0.00e+00	6.05e-01	2.18e-05	2.49e-05
 1.11117e+19	6.16e-01	3.83e-01	1.06e-03	1.93e-07	0.00e+00	0.00e+00	0.00e+00	0.00e+00	0.00e+00	6.16e-01	2.18e-05	2.49e-05
 1.12674e+19	6.27e-01	3.72e-01	9.76e-04	1.77e-07	0.00e+00	0.00e+00	0.00e+00	0.00e+00	0.00e+00	6.27e-01	2.17e-05	2.48e-05
 1.14393e+19	6.40e-01	3.59e-01	8.90e-04	1.61e-07	0.00e+00	0.00e+00	0.00e+00	0.00e+00	0.00e+00	6.40e-01	2.16e-05	2.47e-05
 1.16131e+19	6.51e-01	3.48e-01	8.15e-04	1.47e-07	0.00e+00	0.00e+00	0.00e+00	0.00e+00	0.00e+00	6.51e-01	2.15e-05	2.46e-05
 1.17845e+19	6.63e-01	3.36e-01	7.46e-04	1.35e-07	0.00e+00	0.00e+00	0.00e+00	0.00e+00	0.00e+00	6.63e-01	2.14e-05	2.44e-05
 1.19582e+19	6.73e-01	3.26e-01	6.84e-04	1.24e-07	0.00e+00	0.00e+00	0.00e+00	0.00e+00	0.00e+00	6.73e-01	2.13e-05	2.42e-05
 1.21394e+19	6.85e-01	3.15e-01	6.24e-04	0.00e+00	0.00e+00	0.00e+00	0.00e+00	0.00e+00	0.00e+00	6.85e-01	2.11e-05	2.40e-05
 1.23281e+19	6.96e-01	3.04e-01	5.68e-04	0.00e+00	0.00e+00	0.00e+00	0.00e+00	0.00e+00	0.00e+00	6.95e-01	2.09e-05	2.38e-05
 1.25173e+19	7.06e-01	2.93e-01	5.18e-04	0.00e+00	0.00e+00	0.00e+00	0.00e+00	0.00e+00	0.00e+00	7.06e-01	2.07e-05	2.36e-05
 1.27099e+19	7.16e-01	2.83e-01	4.71e-04	0.00e+00	0.00e+00	0.00e+00	0.00e+00	0.00e+00	0.00e+00	7.16e-01	2.05e-05	2.33e-05
 1.29074e+19	7.26e-01	2.73e-01	4.29e-04	0.00e+00	0.00e+00	0.00e+00	0.00e+00	0.00e+00	0.00e+00	7.26e-01	2.03e-05	2.31e-05
 1.31123e+19	7.36e-01	2.63e-01	3.89e-04	0.00e+00	0.00e+00	0.00e+00	0.00e+00	0.00e+00	0.00e+00	7.36e-01	2.00e-05	2.28e-05
 1.33227e+19	7.46e-01	2.54e-01	3.52e-04	0.00e+00	0.00e+00	0.00e+00	0.00e+00	0.00e+00	0.00e+00	7.46e-01	1.98e-05	2.25e-05
 1.35390e+19	7.55e-01	2.44e-01	3.19e-04	0.00e+00	0.00e+00	0.00e+00	0.00e+00	0.00e+00	0.00e+00	7.55e-01	1.95e-05	2.22e-05
 1.37607e+19	7.64e-01	2.36e-01	2.88e-04	0.00e+00	0.00e+00	0.00e+00	0.00e+00	0.00e+00	0.00e+00	7.64e-01	1.93e-05	2.19e-05
 1.39904e+19	7.73e-01	2.27e-01	2.60e-04	0.00e+00	0.00e+00	0.00e+00	0.00e+00	0.00e+00	0.00e+00	7.73e-01	1.90e-05	2.16e-05
 1.42289e+19	7.82e-01	2.18e-01	2.33e-04	0.00e+00	0.00e+00	0.00e+00	0.00e+00	0.00e+00	0.00e+00	7.82e-01	1.88e-05	2.13e-05
 1.44681e+19	7.90e-01	2.09e-01	2.10e-04	0.00e+00	0.00e+00	0.00e+00	0.00e+00	0.00e+00	0.00e+00	7.90e-01	1.85e-05	2.10e-05
 1.47130e+19	7.98e-01	2.01e-01	1.89e-04	0.00e+00	0.00e+00	0.00e+00	0.00e+00	0.00e+00	0.00e+00	7.98e-01	1.82e-05	2.07e-05
 1.49696e+19	8.07e-01	1.93e-01	1.69e-04	0.00e+00	0.00e+00	0.00e+00	0.00e+00	0.00e+00	0.00e+00	8.06e-01	1.79e-05	2.03e-05
 1.52322e+19	8.14e-01	1.86e-01	1.52e-04	0.00e+00	0.00e+00	0.00e+00	0.00e+00	0.00e+00	0.00e+00	8.14e-01	1.76e-05	2.00e-05
 1.55013e+19	8.22e-01	1.78e-01	1.35e-04	0.00e+00	0.00e+00	0.00e+00	0.00e+00	0.00e+00	0.00e+00	8.22e-01	1.74e-05	1.96e-05
 1.57795e+19	8.29e-01	1.71e-01	1.21e-04	0.00e+00	0.00e+00	0.00e+00	0.00e+00	0.00e+00	0.00e+00	8.29e-01	1.71e-05	1.93e-05
 1.60626e+19	8.36e-01	1.64e-01	1.08e-04	0.00e+00	0.00e+00	0.00e+00	0.00e+00	0.00e+00	0.00e+00	8.36e-01	1.68e-05	1.90e-05
 1.63528e+19	8.43e-01	1.57e-01	9.62e-05	0.00e+00	0.00e+00	0.00e+00	0.00e+00	0.00e+00	0.00e+00	8.43e-01	1.65e-05	1.87e-05
 1.66530e+19	8.49e-01	1.51e-01	8.56e-05	0.00e+00	0.00e+00	0.00e+00	0.00e+00	0.00e+00	0.00e+00	8.49e-01	1.62e-05	1.83e-05
 1.69624e+19	8.55e-01	1.44e-01	7.61e-05	0.00e+00	0.00e+00	0.00e+00	0.00e+00	0.00e+00	0.00e+00	8.55e-01	1.59e-05	1.80e-05
 1.72794e+19	8.62e-01	1.38e-01	6.76e-05	0.00e+00	0.00e+00	0.00e+00	0.00e+00	0.00e+00	0.00e+00	8.62e-01	1.57e-05	1.77e-05
 1.76038e+19	8.67e-01	1.33e-01	6.01e-05	0.00e+00	0.00e+00	0.00e+00	0.00e+00	0.00e+00	0.00e+00	8.67e-01	1.54e-05	1.74e-05
 1.79344e+19	8.73e-01	1.27e-01	5.35e-05	0.00e+00	0.00e+00	0.00e+00	0.00e+00	0.00e+00	0.00e+00	8.73e-01	1.51e-05	1.71e-05
 1.82706e+19	8.78e-01	1.22e-01	4.76e-05	0.00e+00	0.00e+00	0.00e+00	0.00e+00	0.00e+00	0.00e+00	8.78e-01	1.49e-05	1.68e-05
 1.86139e+19	8.83e-01	1.17e-01	4.25e-05	0.00e+00	0.00e+00	0.00e+00	0.00e+00	0.00e+00	0.00e+00	8.83e-01	1.46e-05	1.65e-05
 1.89640e+19	8.88e-01	1.12e-01	3.79e-05	0.00e+00	0.00e+00	0.00e+00	0.00e+00	0.00e+00	0.00e+00	8.88e-01	1.44e-05	1.62e-05
 1.93222e+19	8.92e-01	1.08e-01	3.38e-05	0.00e+00	0.00e+00	0.00e+00	0.00e+00	0.00e+00	0.00e+00	8.92e-01	1.42e-05	1.59e-05
 1.96884e+19	8.97e-01	1.03e-01	3.03e-05	0.00e+00	0.00e+00	0.00e+00	0.00e+00	0.00e+00	0.00e+00	8.97e-01	1.39e-05	1.57e-05
 2.00639e+19	9.01e-01	9.91e-02	2.71e-05	0.00e+00	0.00e+00	0.00e+00	0.00e+00	0.00e+00	0.00e+00	9.01e-01	1.37e-05	1.54e-05
 2.04495e+19	9.05e-01	9.52e-02	2.43e-05	0.00e+00	0.00e+00	0.00e+00	0.00e+00	0.00e+00	0.00e+00	9.05e-01	1.35e-05	1.52e-05
 2.08442e+19	9.09e-01	9.14e-02	2.19e-05	0.00e+00	0.00e+00	0.00e+00	0.00e+00	0.00e+00	0.00e+00	9.09e-01	1.33e-05	1.49e-05
 2.12528e+19	9.12e-01	8.79e-02	1.97e-05	0.00e+00	0.00e+00	0.00e+00	0.00e+00	0.00e+00	0.00e+00	9.12e-01	1.31e-05	1.47e-05
 2.16776e+19	9.15e-01	8.45e-02	1.77e-05	0.00e+00	0.00e+00	0.00e+00	0.00e+00	0.00e+00	0.00e+00	9.15e-01	1.29e-05	1.45e-05
 2.21164e+19	9.19e-01	8.13e-02	1.60e-05	0.00e+00	0.00e+00	0.00e+00	0.00e+00	0.00e+00	0.00e+00	9.19e-01	1.27e-05	1.43e-05
 2.25713e+19	9.22e-01	7.82e-02	1.45e-05	0.00e+00	0.00e+00	0.00e+00	0.00e+00	0.00e+00	0.00e+00	9.22e-01	1.26e-05	1.41e-05
 2.30461e+19	9.25e-01	7.53e-02	1.31e-05	0.00e+00	0.00e+00	0.00e+00	0.00e+00	0.00e+00	0.00e+00	9.25e-01	1.24e-05	1.39e-05
 2.35425e+19	9.27e-01	7.25e-02	1.19e-05	0.00e+00	0.00e+00	0.00e+00	0.00e+00	0.00e+00	0.00e+00	9.27e-01	1.22e-05	1.37e-05
 2.40616e+19	9.30e-01	6.99e-02	1.08e-05	0.00e+00	0.00e+00	0.00e+00	0.00e+00	0.00e+00	0.00e+00	9.30e-01	1.21e-05	1.35e-05
 2.46067e+19	9.33e-01	6.74e-02	9.86e-06	0.00e+00	0.00e+00	0.00e+00	0.00e+00	0.00e+00	0.00e+00	9.33e-01	1.19e-05	1.33e-05
 2.51823e+19	9.35e-01	6.50e-02	9.01e-06	0.00e+00	0.00e+00	0.00e+00	0.00e+00	0.00e+00	0.00e+00	9.35e-01	1.18e-05	1.31e-05
 2.57930e+19	9.37e-01	6.27e-02	8.24e-06	0.00e+00	0.00e+00	0.00e+00	0.00e+00	0.00e+00	0.00e+00	9.37e-01	1.16e-05	1.29e-05
 2.64382e+19	9.39e-01	6.05e-02	7.56e-06	0.00e+00	0.00e+00	0.00e+00	0.00e+00	0.00e+00	0.00e+00	9.39e-01	1.15e-05	1.27e-05
 2.71219e+19	9.42e-01	5.84e-02	6.95e-06	0.00e+00	0.00e+00	0.00e+00	0.00e+00	0.00e+00	0.00e+00	9.42e-01	1.13e-05	1.25e-05
 2.78544e+19	9.44e-01	5.64e-02	6.40e-06	0.00e+00	0.00e+00	0.00e+00	0.00e+00	0.00e+00	0.00e+00	9.44e-01	1.12e-05	1.23e-05
 2.86402e+19	9.45e-01	5.45e-02	5.91e-06	0.00e+00	0.00e+00	0.00e+00	0.00e+00	0.00e+00	0.00e+00	9.45e-01	1.10e-05	1.21e-05
 2.94821e+19	9.47e-01	5.27e-02	5.47e-06	0.00e+00	0.00e+00	0.00e+00	0.00e+00	0.00e+00	0.00e+00	9.47e-01	1.09e-05	1.19e-05
 3.03846e+19	9.49e-01	5.09e-02	5.07e-06	0.00e+00	0.00e+00	0.00e+00	0.00e+00	0.00e+00	0.00e+00	9.49e-01	1.08e-05	1.17e-05
 3.13524e+19	9.51e-01	4.91e-02	4.71e-06	0.00e+00	0.00e+00	0.00e+00	0.00e+00	0.00e+00	0.00e+00	9.51e-01	1.06e-05	1.15e-05
 3.23897e+19	9.53e-01	4.75e-02	4.39e-06	0.00e+00	0.00e+00	0.00e+00	0.00e+00	0.00e+00	0.00e+00	9.52e-01	1.05e-05	1.14e-05
 3.35003e+19	9.54e-01	4.59e-02	4.10e-06	0.00e+00	0.00e+00	0.00e+00	0.00e+00	0.00e+00	0.00e+00	9.54e-01	1.04e-05	1.12e-05
 3.46830e+19	9.56e-01	4.43e-02	3.84e-06	0.00e+00	0.00e+00	0.00e+00	0.00e+00	0.00e+00	0.00e+00	9.56e-01	1.03e-05	1.10e-05
 3.59524e+19	9.57e-01	4.28e-02	3.60e-06	0.00e+00	0.00e+00	0.00e+00	0.00e+00	0.00e+00	0.00e+00	9.57e-01	1.01e-05	1.09e-05
 3.73067e+19	9.59e-01	4.13e-02	3.38e-06	0.00e+00	0.00e+00	0.00e+00	0.00e+00	0.00e+00	0.00e+00	9.59e-01	1.00e-05	1.07e-05
 3.86960e+19	9.60e-01	3.99e-02	3.20e-06	0.00e+00	0.00e+00	0.00e+00	0.00e+00	0.00e+00	0.00e+00	9.60e-01	9.91e-06	1.05e-05
 4.00698e+19	9.61e-01	3.86e-02	3.04e-06	0.00e+00	0.00e+00	0.00e+00	0.00e+00	0.00e+00	0.00e+00	9.61e-01	9.80e-06	1.04e-05
 4.14097e+19	9.63e-01	3.74e-02	2.91e-06	0.00e+00	0.00e+00	0.00e+00	0.00e+00	0.00e+00	0.00e+00	9.63e-01	9.71e-06	1.03e-05
 4.27209e+19	9.64e-01	3.63e-02	2.79e-06	0.00e+00	0.00e+00	0.00e+00	0.00e+00	0.00e+00	0.00e+00	9.64e-01	9.61e-06	1.01e-05
 4.40081e+19	9.65e-01	3.53e-02	2.70e-06	0.00e+00	0.00e+00	0.00e+00	0.00e+00	0.00e+00	0.00e+00	9.65e-01	9.52e-06	1.00e-05
 4.52657e+19	9.66e-01	3.44e-02	2.61e-06	0.00e+00	0.00e+00	0.00e+00	0.00e+00	0.00e+00	0.00e+00	9.66e-01	9.43e-06	9.90e-06
 4.64810e+19	9.67e-01	3.35e-02	2.54e-06	0.00e+00	0.00e+00	0.00e+00	0.00e+00	0.00e+00	0.00e+00	9.67e-01	9.35e-06	9.79e-06
 4.76449e+19	9.67e-01	3.26e-02	2.48e-06	0.00e+00	0.00e+00	0.00e+00	0.00e+00	0.00e+00	0.00e+00	9.67e-01	9.27e-06	9.69e-06
 4.87540e+19	9.68e-01	3.19e-02	2.42e-06	0.00e+00	0.00e+00	0.00e+00	0.00e+00	0.00e+00	0.00e+00	9.68e-01	9.19e-06	9.59e-06
 4.98077e+19	9.69e-01	3.11e-02	2.38e-06	0.00e+00	0.00e+00	0.00e+00	0.00e+00	0.00e+00	0.00e+00	9.69e-01	9.12e-06	9.49e-06
 5.08002e+19	9.70e-01	3.04e-02	2.34e-06	0.00e+00	0.00e+00	0.00e+00	0.00e+00	0.00e+00	0.00e+00	9.70e-01	9.05e-06	9.41e-06
 5.17429e+19	9.70e-01	2.97e-02	2.30e-06	0.00e+00	0.00e+00	0.00e+00	0.00e+00	0.00e+00	0.00e+00	9.70e-01	8.98e-06	9.32e-06
