#depth	He	He+	He+2
 1.16425e+16	1.15e-04	1.20e-01	8.80e-01
 6.98550e+16	1.15e-04	1.20e-01	8.80e-01
 3.02705e+17	1.16e-04	1.20e-01	8.80e-01
 1.23411e+18	1.18e-04	1.23e-01	8.77e-01
 2.94788e+18	1.21e-04	1.25e-01	8.75e-01
 4.79632e+18	1.25e-04	1.28e-01	8.71e-01
 6.58147e+18	1.31e-04	1.34e-01	8.66e-01
 8.66380e+18	1.40e-04	1.42e-01	8.58e-01
 1.13708e+19	1.54e-04	1.55e-01	8.45e-01
 1.48900e+19	1.77e-04	1.77e-01	8.23e-01
 1.86292e+19	2.07e-04	2.06e-01	7.94e-01
 2.18054e+19	2.41e-04	2.38e-01	7.61e-01
 2.44442e+19	2.76e-04	2.72e-01	7.27e-01
 2.68224e+19	3.15e-04	3.09e-01	6.90e-01
 2.91197e+19	3.60e-04	3.52e-01	6.48e-01
 3.17229e+19	4.24e-04	4.07e-01	5.92e-01
 3.42709e+19	4.91e-04	4.68e-01	5.32e-01
 3.62845e+19	5.54e-04	5.20e-01	4.80e-01
 3.84393e+19	6.28e-04	5.77e-01	4.22e-01
 4.08283e+19	7.11e-04	6.38e-01	3.61e-01
 4.31064e+19	7.93e-04	6.93e-01	3.07e-01
 4.56526e+19	8.87e-04	7.47e-01	2.53e-01
 4.83731e+19	9.78e-04	7.93e-01	2.06e-01
 5.08500e+19	1.06e-03	8.28e-01	1.71e-01
 5.35350e+19	1.14e-03	8.58e-01	1.41e-01
 5.68327e+19	1.24e-03	8.87e-01	1.12e-01
 6.05311e+19	1.34e-03	9.10e-01	8.85e-02
 6.45693e+19	1.45e-03	9.29e-01	6.99e-02
 6.88201e+19	1.56e-03	9.42e-01	5.61e-02
 7.36569e+19	1.68e-03	9.54e-01	4.44e-02
 7.89511e+19	1.82e-03	9.62e-01	3.57e-02
 8.29053e+19	1.92e-03	9.67e-01	3.12e-02
 8.53590e+19	1.98e-03	9.69e-01	2.87e-02
 8.77967e+19	2.06e-03	9.72e-01	2.64e-02
 9.09657e+19	2.16e-03	9.74e-01	2.37e-02
 9.42175e+19	2.27e-03	9.76e-01	2.16e-02
 9.68308e+19	2.36e-03	9.77e-01	2.02e-02
 9.90885e+19	2.45e-03	9.79e-01	1.90e-02
 1.01630e+20	2.55e-03	9.80e-01	1.77e-02
 1.04340e+20	2.68e-03	9.81e-01	1.66e-02
 1.06653e+20	2.79e-03	9.81e-01	1.57e-02
 1.08668e+20	2.90e-03	9.82e-01	1.51e-02
 1.10913e+20	3.03e-03	9.83e-01	1.43e-02
 1.13287e+20	3.18e-03	9.83e-01	1.36e-02
 1.15302e+20	3.32e-03	9.84e-01	1.31e-02
 1.17075e+20	3.46e-03	9.84e-01	1.26e-02
 1.19062e+20	3.64e-03	9.84e-01	1.22e-02
 1.21172e+20	3.84e-03	9.84e-01	1.17e-02
 1.22981e+20	4.03e-03	9.85e-01	1.13e-02
 1.24586e+20	4.22e-03	9.85e-01	1.10e-02
 1.26386e+20	4.47e-03	9.85e-01	1.06e-02
 1.28300e+20	4.75e-03	9.85e-01	1.03e-02
 1.29954e+20	5.03e-03	9.85e-01	1.01e-02
 1.31429e+20	5.31e-03	9.85e-01	9.83e-03
 1.33083e+20	5.68e-03	9.85e-01	9.55e-03
 1.34789e+20	6.09e-03	9.85e-01	9.32e-03
 1.36181e+20	6.48e-03	9.84e-01	9.14e-03
 1.37385e+20	6.87e-03	9.84e-01	8.98e-03
 1.38730e+20	7.37e-03	9.84e-01	8.81e-03
 1.40157e+20	7.97e-03	9.83e-01	8.62e-03
 1.41361e+20	8.56e-03	9.83e-01	8.48e-03
 1.42407e+20	9.14e-03	9.82e-01	8.37e-03
 1.43578e+20	9.90e-03	9.82e-01	8.24e-03
 1.44821e+20	1.08e-02	9.81e-01	8.11e-03
 1.45872e+20	1.17e-02	9.80e-01	8.01e-03
 1.46787e+20	1.27e-02	9.79e-01	7.92e-03
 1.47809e+20	1.39e-02	9.78e-01	7.81e-03
 1.48901e+20	1.55e-02	9.77e-01	7.70e-03
 1.49838e+20	1.71e-02	9.75e-01	7.62e-03
 1.50570e+20	1.86e-02	9.74e-01	7.57e-03
 1.51168e+20	2.00e-02	9.73e-01	7.52e-03
 1.51834e+20	2.18e-02	9.71e-01	7.46e-03
 1.52536e+20	2.40e-02	9.69e-01	7.41e-03
 1.53122e+20	2.61e-02	9.67e-01	7.37e-03
 1.53618e+20	2.82e-02	9.64e-01	7.34e-03
 1.54162e+20	3.08e-02	9.62e-01	7.30e-03
 1.54740e+20	3.39e-02	9.59e-01	7.29e-03
 1.55237e+20	3.70e-02	9.56e-01	7.29e-03
 1.55676e+20	4.02e-02	9.53e-01	7.27e-03
 1.56164e+20	4.43e-02	9.48e-01	7.28e-03
 1.56685e+20	4.92e-02	9.43e-01	7.29e-03
 1.57132e+20	5.41e-02	9.39e-01	7.32e-03
 1.57528e+20	5.90e-02	9.34e-01	7.36e-03
 1.57976e+20	6.55e-02	9.27e-01	7.42e-03
 1.58469e+20	7.36e-02	9.19e-01	7.49e-03
 1.58921e+20	8.22e-02	9.10e-01	7.57e-03
 1.59338e+20	9.18e-02	9.01e-01	7.66e-03
 1.59778e+20	1.03e-01	8.89e-01	7.80e-03
 1.60205e+20	1.15e-01	8.77e-01	7.94e-03
 1.60563e+20	1.27e-01	8.65e-01	8.08e-03
 1.60876e+20	1.39e-01	8.53e-01	8.22e-03
 1.61170e+20	1.51e-01	8.41e-01	8.34e-03
 1.61458e+20	1.64e-01	8.28e-01	8.50e-03
 1.61729e+20	1.77e-01	8.14e-01	8.63e-03
 1.61930e+20	1.87e-01	8.04e-01	8.74e-03
 1.62064e+20	1.94e-01	7.97e-01	8.82e-03
 1.62194e+20	2.02e-01	7.89e-01	8.90e-03
 1.62347e+20	2.11e-01	7.80e-01	8.98e-03
 1.62509e+20	2.22e-01	7.69e-01	9.05e-03
 1.62661e+20	2.31e-01	7.59e-01	9.16e-03
 1.62809e+20	2.42e-01	7.49e-01	9.24e-03
 1.62959e+20	2.52e-01	7.38e-01	9.33e-03
 1.63110e+20	2.64e-01	7.26e-01	9.40e-03
 1.63260e+20	2.75e-01	7.15e-01	9.51e-03
 1.63411e+20	2.88e-01	7.02e-01	9.58e-03
 1.63563e+20	3.01e-01	6.89e-01	9.65e-03
 1.63712e+20	3.14e-01	6.76e-01	9.73e-03
 1.63861e+20	3.28e-01	6.62e-01	9.79e-03
 1.64012e+20	3.42e-01	6.48e-01	9.86e-03
 1.64163e+20	3.57e-01	6.33e-01	9.91e-03
 1.64315e+20	3.72e-01	6.18e-01	9.97e-03
 1.64468e+20	3.88e-01	6.02e-01	9.99e-03
 1.64622e+20	4.04e-01	5.86e-01	1.00e-02
 1.64778e+20	4.21e-01	5.69e-01	1.00e-02
 1.64938e+20	4.39e-01	5.51e-01	1.00e-02
 1.65096e+20	4.57e-01	5.33e-01	1.00e-02
 1.65257e+20	4.76e-01	5.14e-01	1.00e-02
 1.65422e+20	4.95e-01	4.95e-01	9.95e-03
 1.65591e+20	5.15e-01	4.75e-01	9.88e-03
 1.65760e+20	5.35e-01	4.56e-01	9.79e-03
 1.65928e+20	5.54e-01	4.36e-01	9.68e-03
 1.66099e+20	5.74e-01	4.16e-01	9.54e-03
 1.66273e+20	5.94e-01	3.96e-01	9.39e-03
 1.66452e+20	6.14e-01	3.76e-01	9.20e-03
 1.66637e+20	6.34e-01	3.57e-01	9.00e-03
 1.66828e+20	6.54e-01	3.37e-01	8.76e-03
 1.67027e+20	6.74e-01	3.18e-01	8.51e-03
 1.67238e+20	6.94e-01	2.98e-01	8.22e-03
 1.67467e+20	7.13e-01	2.79e-01	7.91e-03
 1.67713e+20	7.32e-01	2.60e-01	7.58e-03
 1.67985e+20	7.51e-01	2.42e-01	7.23e-03
 1.68294e+20	7.69e-01	2.24e-01	6.86e-03
 1.68652e+20	7.86e-01	2.08e-01	6.50e-03
 1.69036e+20	8.00e-01	1.94e-01	6.17e-03
 1.69415e+20	8.10e-01	1.84e-01	5.91e-03
 1.69790e+20	8.18e-01	1.76e-01	5.70e-03
 1.70163e+20	8.24e-01	1.71e-01	5.54e-03
 1.70534e+20	8.28e-01	1.67e-01	5.40e-03
 1.70903e+20	8.31e-01	1.63e-01	5.30e-03
 1.71328e+20	8.35e-01	1.60e-01	5.16e-03
 1.71879e+20	8.37e-01	1.58e-01	5.08e-03
 1.72596e+20	8.40e-01	1.55e-01	4.98e-03
 1.73527e+20	8.42e-01	1.53e-01	4.85e-03
 1.74739e+20	8.45e-01	1.51e-01	4.71e-03
 1.76313e+20	8.47e-01	1.48e-01	4.55e-03
 1.78361e+20	8.51e-01	1.45e-01	4.35e-03
 1.81022e+20	8.55e-01	1.41e-01	4.11e-03
 1.84481e+20	8.60e-01	1.37e-01	3.82e-03
 1.88979e+20	8.65e-01	1.31e-01	3.49e-03
 1.94826e+20	8.73e-01	1.24e-01	3.12e-03
 2.01591e+20	8.80e-01	1.18e-01	2.77e-03
 2.08434e+20	8.86e-01	1.11e-01	2.48e-03
 2.15267e+20	8.92e-01	1.06e-01	2.22e-03
 2.22371e+20	8.97e-01	1.01e-01	2.00e-03
 2.29896e+20	9.03e-01	9.57e-02	1.80e-03
 2.37772e+20	9.07e-01	9.10e-02	1.62e-03
 2.45950e+20	9.12e-01	8.65e-02	1.45e-03
 2.54498e+20	9.16e-01	8.23e-02	1.31e-03
 2.63461e+20	9.21e-01	7.82e-02	1.18e-03
 2.72821e+20	9.25e-01	7.44e-02	1.06e-03
 2.82563e+20	9.28e-01	7.08e-02	9.59e-04
 2.92704e+20	9.32e-01	6.74e-02	8.66e-04
 3.03266e+20	9.35e-01	6.42e-02	7.83e-04
 3.14254e+20	9.38e-01	6.11e-02	7.08e-04
 3.25661e+20	9.41e-01	5.82e-02	6.41e-04
 3.37291e+20	9.44e-01	5.56e-02	5.82e-04
 3.48833e+20	9.46e-01	5.32e-02	5.32e-04
 3.60177e+20	9.49e-01	5.10e-02	4.88e-04
 3.71328e+20	9.51e-01	4.90e-02	4.50e-04
 3.82250e+20	9.52e-01	4.72e-02	4.17e-04
 3.92866e+20	9.54e-01	4.57e-02	3.89e-04
 4.03106e+20	9.55e-01	4.43e-02	3.65e-04
 4.12941e+20	9.57e-01	4.30e-02	3.45e-04
