#depth	He	He+	He+2
 1.15921e+16	3.20e-03	3.94e-01	6.02e-01
 6.95525e+16	3.19e-03	3.94e-01	6.03e-01
 3.01394e+17	3.18e-03	3.95e-01	6.02e-01
 1.22876e+18	3.17e-03	3.99e-01	5.98e-01
 2.93511e+18	3.09e-03	4.00e-01	5.97e-01
 5.15337e+18	3.08e-03	4.07e-01	5.90e-01
 8.03711e+18	3.14e-03	4.22e-01	5.75e-01
 1.17860e+19	3.30e-03	4.48e-01	5.49e-01
 1.66595e+19	3.62e-03	4.88e-01	5.08e-01
 2.29951e+19	4.19e-03	5.49e-01	4.47e-01
 3.00402e+19	4.97e-03	6.21e-01	3.74e-01
 3.56408e+19	5.65e-03	6.77e-01	3.18e-01
 3.93187e+19	6.17e-03	7.11e-01	2.83e-01
 4.23236e+19	6.64e-03	7.37e-01	2.56e-01
 4.56897e+19	7.21e-03	7.64e-01	2.28e-01
 4.92905e+19	7.83e-03	7.89e-01	2.03e-01
 5.22681e+19	8.35e-03	8.07e-01	1.85e-01
 5.47688e+19	8.82e-03	8.21e-01	1.71e-01
 5.75774e+19	9.41e-03	8.35e-01	1.56e-01
 6.05996e+19	1.01e-02	8.48e-01	1.42e-01
 6.32361e+19	1.07e-02	8.57e-01	1.32e-01
 6.55640e+19	1.13e-02	8.65e-01	1.23e-01
 6.81536e+19	1.21e-02	8.73e-01	1.15e-01
 7.09144e+19	1.29e-02	8.81e-01	1.07e-01
 7.32689e+19	1.38e-02	8.86e-01	1.00e-01
 7.53298e+19	1.47e-02	8.90e-01	9.53e-02
 7.76377e+19	1.58e-02	8.95e-01	8.96e-02
 8.01047e+19	1.72e-02	8.98e-01	8.44e-02
 8.22343e+19	1.85e-02	9.01e-01	8.03e-02
 8.41236e+19	2.00e-02	9.03e-01	7.68e-02
 8.62449e+19	2.19e-02	9.05e-01	7.31e-02
 8.84402e+19	2.42e-02	9.06e-01	6.97e-02
 9.01786e+19	2.65e-02	9.06e-01	6.71e-02
 9.15583e+19	2.86e-02	9.06e-01	6.52e-02
 9.30249e+19	3.12e-02	9.06e-01	6.30e-02
 9.45735e+19	3.43e-02	9.05e-01	6.12e-02
 9.58726e+19	3.73e-02	9.03e-01	5.97e-02
 9.69777e+19	4.02e-02	9.01e-01	5.86e-02
 9.81865e+19	4.40e-02	8.99e-01	5.72e-02
 9.94609e+19	4.85e-02	8.96e-01	5.59e-02
 1.00523e+20	5.26e-02	8.92e-01	5.51e-02
 1.01454e+20	5.68e-02	8.89e-01	5.44e-02
 1.02512e+20	6.22e-02	8.84e-01	5.35e-02
 1.03653e+20	6.87e-02	8.79e-01	5.28e-02
 1.04658e+20	7.52e-02	8.73e-01	5.22e-02
 1.05561e+20	8.15e-02	8.67e-01	5.18e-02
 1.06581e+20	8.98e-02	8.59e-01	5.12e-02
 1.07714e+20	9.98e-02	8.49e-01	5.08e-02
 1.08783e+20	1.11e-01	8.39e-01	5.04e-02
 1.09806e+20	1.22e-01	8.28e-01	5.02e-02
 1.10794e+20	1.34e-01	8.16e-01	4.99e-02
 1.11726e+20	1.46e-01	8.04e-01	4.98e-02
 1.12604e+20	1.59e-01	7.91e-01	4.95e-02
 1.13452e+20	1.72e-01	7.78e-01	4.95e-02
 1.14265e+20	1.86e-01	7.64e-01	4.93e-02
 1.14890e+20	1.97e-01	7.54e-01	4.92e-02
 1.15322e+20	2.05e-01	7.46e-01	4.91e-02
 1.15752e+20	2.13e-01	7.38e-01	4.90e-02
 1.16249e+20	2.23e-01	7.28e-01	4.88e-02
 1.16775e+20	2.34e-01	7.17e-01	4.87e-02
 1.17300e+20	2.45e-01	7.06e-01	4.85e-02
 1.17818e+20	2.56e-01	6.95e-01	4.83e-02
 1.18340e+20	2.69e-01	6.83e-01	4.81e-02
 1.18879e+20	2.81e-01	6.71e-01	4.79e-02
 1.19433e+20	2.94e-01	6.58e-01	4.75e-02
 1.19994e+20	3.08e-01	6.45e-01	4.72e-02
 1.20565e+20	3.23e-01	6.31e-01	4.68e-02
 1.21156e+20	3.37e-01	6.16e-01	4.64e-02
 1.21768e+20	3.54e-01	6.00e-01	4.59e-02
 1.22396e+20	3.70e-01	5.85e-01	4.53e-02
 1.23045e+20	3.87e-01	5.68e-01	4.47e-02
 1.23727e+20	4.05e-01	5.51e-01	4.40e-02
 1.24447e+20	4.24e-01	5.33e-01	4.32e-02
 1.25201e+20	4.43e-01	5.15e-01	4.23e-02
 1.26000e+20	4.63e-01	4.96e-01	4.13e-02
 1.26866e+20	4.83e-01	4.77e-01	4.02e-02
 1.27804e+20	5.04e-01	4.57e-01	3.90e-02
 1.28826e+20	5.25e-01	4.37e-01	3.77e-02
 1.29937e+20	5.46e-01	4.18e-01	3.63e-02
 1.31169e+20	5.66e-01	3.99e-01	3.49e-02
 1.32560e+20	5.86e-01	3.81e-01	3.33e-02
 1.34038e+20	6.02e-01	3.66e-01	3.19e-02
 1.35506e+20	6.16e-01	3.53e-01	3.05e-02
 1.36952e+20	6.27e-01	3.43e-01	2.94e-02
 1.38602e+20	6.39e-01	3.33e-01	2.81e-02
 1.40748e+20	6.50e-01	3.23e-01	2.67e-02
 1.43537e+20	6.62e-01	3.12e-01	2.51e-02
 1.47163e+20	6.75e-01	3.01e-01	2.33e-02
 1.51811e+20	6.89e-01	2.89e-01	2.13e-02
 1.57207e+20	7.03e-01	2.77e-01	1.93e-02
 1.62894e+20	7.17e-01	2.66e-01	1.75e-02
 1.68815e+20	7.30e-01	2.55e-01	1.58e-02
 1.74999e+20	7.42e-01	2.44e-01	1.44e-02
 1.81447e+20	7.54e-01	2.33e-01	1.30e-02
 1.88194e+20	7.65e-01	2.23e-01	1.18e-02
 1.95262e+20	7.76e-01	2.13e-01	1.07e-02
 2.02643e+20	7.86e-01	2.04e-01	9.68e-03
 2.10341e+20	7.96e-01	1.95e-01	8.77e-03
 2.18378e+20	8.06e-01	1.86e-01	7.94e-03
 2.26777e+20	8.15e-01	1.78e-01	7.18e-03
 2.35548e+20	8.24e-01	1.69e-01	6.50e-03
 2.44706e+20	8.32e-01	1.62e-01	5.88e-03
 2.54266e+20	8.41e-01	1.54e-01	5.32e-03
 2.64242e+20	8.48e-01	1.47e-01	4.81e-03
 2.74649e+20	8.56e-01	1.40e-01	4.34e-03
 2.85509e+20	8.63e-01	1.33e-01	3.92e-03
 2.96833e+20	8.69e-01	1.27e-01	3.55e-03
 3.08623e+20	8.76e-01	1.21e-01	3.20e-03
 3.20904e+20	8.82e-01	1.15e-01	2.90e-03
 3.33601e+20	8.88e-01	1.10e-01	2.62e-03
 3.46791e+20	8.93e-01	1.05e-01	2.36e-03
 3.60607e+20	8.98e-01	9.95e-02	2.14e-03
 3.74957e+20	9.03e-01	9.48e-02	1.93e-03
 3.89803e+20	9.08e-01	9.02e-02	1.74e-03
 4.05182e+20	9.13e-01	8.59e-02	1.57e-03
 4.21128e+20	9.17e-01	8.18e-02	1.42e-03
 4.37613e+20	9.21e-01	7.79e-02	1.28e-03
 4.54606e+20	9.25e-01	7.41e-02	1.16e-03
 4.72322e+20	9.28e-01	7.06e-02	1.05e-03
 4.90751e+20	9.32e-01	6.72e-02	9.45e-04
 5.09665e+20	9.35e-01	6.40e-02	8.55e-04
 5.29151e+20	9.38e-01	6.10e-02	7.73e-04
 5.49341e+20	9.41e-01	5.81e-02	7.00e-04
 5.70218e+20	9.44e-01	5.54e-02	6.33e-04
 5.91814e+20	9.47e-01	5.28e-02	5.73e-04
 6.14228e+20	9.49e-01	5.02e-02	5.18e-04
 6.37454e+20	9.52e-01	4.79e-02	4.68e-04
 6.61463e+20	9.54e-01	4.56e-02	4.24e-04
 6.86255e+20	9.56e-01	4.34e-02	3.84e-04
 7.11846e+20	9.58e-01	4.14e-02	3.47e-04
 7.37788e+20	9.60e-01	3.95e-02	3.16e-04
 7.63402e+20	9.62e-01	3.78e-02	2.88e-04
 7.88539e+20	9.63e-01	3.63e-02	2.64e-04
 8.13282e+20	9.65e-01	3.49e-02	2.43e-04
 8.37541e+20	9.66e-01	3.36e-02	2.25e-04
 8.61132e+20	9.67e-01	3.24e-02	2.09e-04
 8.83918e+20	9.68e-01	3.14e-02	1.95e-04
 9.05838e+20	9.69e-01	3.04e-02	1.83e-04
 9.26833e+20	9.70e-01	2.96e-02	1.72e-04
