#depth	N	N+	N+2	N+3	N+4	N+5	N+6	N+7
 2.53693e+16	5.45e-07	1.55e-03	1.92e-01	6.04e-01	1.69e-01	3.32e-02	3.66e-05	0.00e+00
 1.52216e+17	5.42e-07	1.54e-03	1.92e-01	6.04e-01	1.69e-01	3.32e-02	3.66e-05	0.00e+00
 6.59602e+17	5.37e-07	1.53e-03	1.92e-01	6.05e-01	1.69e-01	3.30e-02	3.65e-05	0.00e+00
 2.68915e+18	5.19e-07	1.50e-03	1.94e-01	6.05e-01	1.66e-01	3.24e-02	3.59e-05	0.00e+00
 6.42351e+18	4.65e-07	1.39e-03	1.95e-01	6.08e-01	1.64e-01	3.18e-02	3.55e-05	0.00e+00
 1.12782e+19	4.39e-07	1.34e-03	1.98e-01	6.11e-01	1.59e-01	3.08e-02	3.46e-05	0.00e+00
 1.75892e+19	4.25e-07	1.32e-03	2.05e-01	6.11e-01	1.53e-01	2.92e-02	3.30e-05	0.00e+00
 2.57936e+19	4.29e-07	1.34e-03	2.18e-01	6.10e-01	1.43e-01	2.70e-02	3.07e-05	0.00e+00
 3.64594e+19	4.62e-07	1.44e-03	2.38e-01	6.06e-01	1.30e-01	2.38e-02	2.73e-05	0.00e+00
 4.75114e+19	5.06e-07	1.57e-03	2.63e-01	5.99e-01	1.16e-01	2.07e-02	2.40e-05	0.00e+00
 5.63321e+19	5.69e-07	1.73e-03	2.87e-01	5.90e-01	1.03e-01	1.80e-02	2.12e-05	0.00e+00
 6.32746e+19	6.44e-07	1.91e-03	3.08e-01	5.81e-01	9.24e-02	1.58e-02	1.87e-05	0.00e+00
 6.91916e+19	7.27e-07	2.10e-03	3.28e-01	5.73e-01	8.28e-02	1.38e-02	1.66e-05	0.00e+00
 7.45044e+19	8.09e-07	2.28e-03	3.46e-01	5.65e-01	7.43e-02	1.21e-02	1.46e-05	0.00e+00
 7.94737e+19	9.07e-07	2.49e-03	3.63e-01	5.57e-01	6.61e-02	1.06e-02	1.29e-05	0.00e+00
 8.42111e+19	1.00e-06	2.69e-03	3.79e-01	5.50e-01	5.86e-02	9.15e-03	1.12e-05	0.00e+00
 8.87581e+19	1.09e-06	2.88e-03	3.94e-01	5.44e-01	5.16e-02	7.88e-03	9.73e-06	0.00e+00
 9.30666e+19	1.18e-06	3.05e-03	4.06e-01	5.38e-01	4.54e-02	6.79e-03	8.43e-06	0.00e+00
 9.70783e+19	1.24e-06	3.19e-03	4.17e-01	5.34e-01	4.00e-02	5.88e-03	7.32e-06	0.00e+00
 1.00868e+20	1.29e-06	3.31e-03	4.26e-01	5.30e-01	3.53e-02	5.12e-03	6.37e-06	0.00e+00
 1.04448e+20	1.32e-06	3.40e-03	4.34e-01	5.26e-01	3.13e-02	4.50e-03	5.58e-06	0.00e+00
 1.07822e+20	1.34e-06	3.47e-03	4.41e-01	5.23e-01	2.79e-02	3.99e-03	4.93e-06	0.00e+00
 1.11082e+20	1.35e-06	3.53e-03	4.47e-01	5.21e-01	2.50e-02	3.58e-03	4.38e-06	0.00e+00
 1.14804e+20	1.35e-06	3.58e-03	4.54e-01	5.17e-01	2.20e-02	3.17e-03	3.84e-06	0.00e+00
 1.18696e+20	1.35e-06	3.62e-03	4.60e-01	5.14e-01	1.94e-02	2.84e-03	3.40e-06	0.00e+00
 1.22107e+20	1.34e-06	3.65e-03	4.65e-01	5.11e-01	1.74e-02	2.60e-03	3.07e-06	0.00e+00
 1.25836e+20	1.34e-06	3.69e-03	4.71e-01	5.08e-01	1.55e-02	2.38e-03	2.76e-06	0.00e+00
 1.30684e+20	1.35e-06	3.74e-03	4.78e-01	5.03e-01	1.34e-02	2.15e-03	2.43e-06	0.00e+00
 1.35789e+20	1.36e-06	3.79e-03	4.84e-01	4.99e-01	1.18e-02	1.98e-03	2.18e-06	0.00e+00
 1.41190e+20	1.38e-06	3.86e-03	4.90e-01	4.94e-01	1.03e-02	1.82e-03	1.96e-06	0.00e+00
 1.47989e+20	1.42e-06	3.96e-03	4.98e-01	4.88e-01	8.79e-03	1.67e-03	1.74e-06	0.00e+00
 1.55925e+20	1.49e-06	4.10e-03	5.06e-01	4.81e-01	7.51e-03	1.54e-03	1.55e-06	0.00e+00
 1.64810e+20	1.59e-06	4.26e-03	5.14e-01	4.74e-01	6.44e-03	1.43e-03	1.39e-06	0.00e+00
 1.75252e+20	1.73e-06	4.49e-03	5.23e-01	4.66e-01	5.51e-03	1.32e-03	1.23e-06	0.00e+00
 1.88392e+20	1.95e-06	4.80e-03	5.33e-01	4.56e-01	4.66e-03	1.21e-03	1.07e-06	0.00e+00
 2.05435e+20	2.33e-06	5.28e-03	5.47e-01	4.43e-01	3.90e-03	1.08e-03	9.08e-07	0.00e+00
 2.25822e+20	2.94e-06	5.96e-03	5.62e-01	4.28e-01	3.27e-03	9.48e-04	7.40e-07	0.00e+00
 2.45663e+20	3.78e-06	6.80e-03	5.78e-01	4.11e-01	2.84e-03	8.24e-04	5.95e-07	0.00e+00
 2.61900e+20	4.79e-06	7.71e-03	5.93e-01	3.96e-01	2.56e-03	7.23e-04	4.84e-07	0.00e+00
 2.75254e+20	5.98e-06	8.70e-03	6.07e-01	3.81e-01	2.35e-03	6.35e-04	3.95e-07	0.00e+00
 2.87311e+20	7.48e-06	9.85e-03	6.21e-01	3.66e-01	2.17e-03	5.56e-04	3.20e-07	0.00e+00
 2.98782e+20	9.51e-06	1.13e-02	6.36e-01	3.50e-01	2.01e-03	4.80e-04	2.54e-07	0.00e+00
 3.09601e+20	1.23e-05	1.30e-02	6.53e-01	3.32e-01	1.86e-03	4.08e-04	1.97e-07	0.00e+00
 3.19430e+20	1.59e-05	1.51e-02	6.69e-01	3.14e-01	1.72e-03	3.45e-04	1.51e-07	0.00e+00
 3.28240e+20	2.06e-05	1.77e-02	6.85e-01	2.95e-01	1.59e-03	2.89e-04	0.00e+00	0.00e+00
 3.36273e+20	2.69e-05	2.07e-02	7.01e-01	2.76e-01	1.47e-03	2.41e-04	0.00e+00	0.00e+00
 3.43718e+20	3.54e-05	2.45e-02	7.17e-01	2.57e-01	1.35e-03	1.98e-04	0.00e+00	0.00e+00
 3.49630e+20	4.48e-05	2.82e-02	7.30e-01	2.40e-01	1.26e-03	1.67e-04	0.00e+00	0.00e+00
 3.53712e+20	5.36e-05	3.15e-02	7.39e-01	2.28e-01	1.19e-03	1.47e-04	0.00e+00	0.00e+00
 3.57769e+20	6.52e-05	3.56e-02	7.49e-01	2.14e-01	1.12e-03	1.26e-04	0.00e+00	0.00e+00
 3.62174e+20	8.14e-05	4.08e-02	7.58e-01	2.00e-01	1.05e-03	1.07e-04	0.00e+00	0.00e+00
 3.65987e+20	9.99e-05	4.63e-02	7.66e-01	1.86e-01	9.79e-04	9.10e-05	0.00e+00	0.00e+00
 3.69174e+20	1.20e-04	5.19e-02	7.72e-01	1.75e-01	9.20e-04	7.87e-05	0.00e+00	0.00e+00
 3.72131e+20	1.44e-04	5.81e-02	7.78e-01	1.63e-01	8.64e-04	6.79e-05	0.00e+00	0.00e+00
 3.75006e+20	1.73e-04	6.53e-02	7.82e-01	1.52e-01	8.09e-04	5.83e-05	0.00e+00	0.00e+00
 3.77738e+20	2.09e-04	7.34e-02	7.84e-01	1.41e-01	7.56e-04	4.98e-05	0.00e+00	0.00e+00
 3.80304e+20	2.52e-04	8.23e-02	7.86e-01	1.31e-01	7.06e-04	4.25e-05	0.00e+00	0.00e+00
 3.82726e+20	3.03e-04	9.24e-02	7.86e-01	1.21e-01	6.57e-04	3.61e-05	0.00e+00	0.00e+00
 3.85037e+20	3.65e-04	1.04e-01	7.84e-01	1.11e-01	6.10e-04	3.06e-05	0.00e+00	0.00e+00
 3.87248e+20	4.40e-04	1.16e-01	7.81e-01	1.02e-01	5.65e-04	2.58e-05	0.00e+00	0.00e+00
 3.89357e+20	5.30e-04	1.30e-01	7.76e-01	9.27e-02	5.22e-04	2.17e-05	0.00e+00	0.00e+00
 3.91368e+20	6.38e-04	1.46e-01	7.69e-01	8.42e-02	4.80e-04	1.81e-05	0.00e+00	0.00e+00
 3.93288e+20	7.69e-04	1.64e-01	7.59e-01	7.61e-02	4.41e-04	1.51e-05	0.00e+00	0.00e+00
 3.95126e+20	9.26e-04	1.83e-01	7.47e-01	6.84e-02	4.03e-04	1.24e-05	0.00e+00	0.00e+00
 3.96888e+20	1.11e-03	2.04e-01	7.33e-01	6.12e-02	3.67e-04	1.02e-05	0.00e+00	0.00e+00
 3.98586e+20	1.34e-03	2.28e-01	7.16e-01	5.43e-02	3.32e-04	8.34e-06	0.00e+00	0.00e+00
 4.00215e+20	1.61e-03	2.54e-01	6.96e-01	4.80e-02	2.99e-04	6.77e-06	0.00e+00	0.00e+00
 4.01773e+20	1.94e-03	2.83e-01	6.73e-01	4.20e-02	2.68e-04	5.44e-06	0.00e+00	0.00e+00
 4.03278e+20	2.33e-03	3.13e-01	6.48e-01	3.66e-02	2.39e-04	4.34e-06	0.00e+00	0.00e+00
 4.04740e+20	2.79e-03	3.46e-01	6.19e-01	3.15e-02	2.11e-04	3.42e-06	0.00e+00	0.00e+00
 4.06160e+20	3.36e-03	3.82e-01	5.87e-01	2.68e-02	1.85e-04	2.66e-06	0.00e+00	0.00e+00
 4.07530e+20	4.02e-03	4.20e-01	5.53e-01	2.26e-02	1.60e-04	2.05e-06	0.00e+00	0.00e+00
 4.08853e+20	4.82e-03	4.60e-01	5.16e-01	1.88e-02	1.37e-04	1.55e-06	0.00e+00	0.00e+00
 4.10141e+20	5.76e-03	5.02e-01	4.76e-01	1.54e-02	1.17e-04	1.16e-06	0.00e+00	0.00e+00
 4.11398e+20	6.89e-03	5.45e-01	4.35e-01	1.24e-02	9.77e-05	8.50e-07	0.00e+00	0.00e+00
 4.12630e+20	8.25e-03	5.90e-01	3.92e-01	9.83e-03	8.04e-05	6.08e-07	0.00e+00	0.00e+00
 4.13713e+20	9.63e-03	6.28e-01	3.54e-01	7.90e-03	6.71e-05	4.47e-07	0.00e+00	0.00e+00
 4.14602e+20	1.10e-02	6.61e-01	3.22e-01	6.46e-03	5.68e-05	3.38e-07	0.00e+00	0.00e+00
 4.15560e+20	1.28e-02	6.97e-01	2.85e-01	5.06e-03	4.63e-05	2.42e-07	0.00e+00	0.00e+00
 4.16566e+20	1.49e-02	7.32e-01	2.49e-01	3.87e-03	3.70e-05	1.68e-07	0.00e+00	0.00e+00
 4.17405e+20	1.70e-02	7.60e-01	2.20e-01	3.05e-03	3.03e-05	0.00e+00	0.00e+00	0.00e+00
 4.18142e+20	1.92e-02	7.84e-01	1.94e-01	2.42e-03	2.50e-05	0.00e+00	0.00e+00	0.00e+00
 4.18974e+20	2.20e-02	8.10e-01	1.67e-01	1.82e-03	1.97e-05	0.00e+00	0.00e+00	0.00e+00
 4.19857e+20	2.55e-02	8.33e-01	1.40e-01	1.33e-03	1.51e-05	0.00e+00	0.00e+00	0.00e+00
 4.20603e+20	2.91e-02	8.51e-01	1.19e-01	1.00e-03	1.18e-05	0.00e+00	0.00e+00	0.00e+00
 4.21242e+20	3.26e-02	8.64e-01	1.02e-01	7.76e-04	9.50e-06	0.00e+00	0.00e+00	0.00e+00
 4.21943e+20	3.73e-02	8.77e-01	8.50e-02	5.71e-04	7.27e-06	0.00e+00	0.00e+00	0.00e+00
 4.22704e+20	4.31e-02	8.88e-01	6.89e-02	4.08e-04	5.39e-06	0.00e+00	0.00e+00	0.00e+00
 4.23379e+20	4.93e-02	8.94e-01	5.65e-02	2.99e-04	4.06e-06	0.00e+00	0.00e+00	0.00e+00
 4.23990e+20	5.59e-02	8.97e-01	4.65e-02	2.25e-04	3.10e-06	0.00e+00	0.00e+00	0.00e+00
 4.24681e+20	6.52e-02	8.98e-01	3.65e-02	1.61e-04	2.22e-06	0.00e+00	0.00e+00	0.00e+00
 4.25410e+20	7.68e-02	8.95e-01	2.80e-02	1.15e-04	1.55e-06	0.00e+00	0.00e+00	0.00e+00
 4.26018e+20	8.86e-02	8.89e-01	2.21e-02	8.72e-05	1.13e-06	0.00e+00	0.00e+00	0.00e+00
 4.26526e+20	1.00e-01	8.82e-01	1.79e-02	7.00e-05	8.53e-07	0.00e+00	0.00e+00	0.00e+00
 4.27066e+20	1.16e-01	8.70e-01	1.40e-02	5.59e-05	6.21e-07	0.00e+00	0.00e+00	0.00e+00
 4.27627e+20	1.34e-01	8.55e-01	1.08e-02	4.54e-05	4.45e-07	0.00e+00	0.00e+00	0.00e+00
 4.28106e+20	1.52e-01	8.39e-01	8.56e-03	3.86e-05	3.31e-07	0.00e+00	0.00e+00	0.00e+00
 4.28528e+20	1.71e-01	8.22e-01	6.89e-03	3.37e-05	2.52e-07	0.00e+00	0.00e+00	0.00e+00
 4.28931e+20	1.91e-01	8.03e-01	5.54e-03	2.98e-05	1.93e-07	0.00e+00	0.00e+00	0.00e+00
 4.29318e+20	2.13e-01	7.83e-01	4.47e-03	2.68e-05	1.48e-07	0.00e+00	0.00e+00	0.00e+00
 4.29673e+20	2.35e-01	7.61e-01	3.63e-03	2.43e-05	0.00e+00	0.00e+00	0.00e+00	0.00e+00
 4.29999e+20	2.57e-01	7.40e-01	2.99e-03	2.24e-05	0.00e+00	0.00e+00	0.00e+00	0.00e+00
 4.30250e+20	2.74e-01	7.23e-01	2.59e-03	2.10e-05	0.00e+00	0.00e+00	0.00e+00	0.00e+00
 4.30414e+20	2.87e-01	7.11e-01	2.34e-03	2.02e-05	0.00e+00	0.00e+00	0.00e+00	0.00e+00
 4.30566e+20	2.99e-01	6.99e-01	2.12e-03	1.94e-05	0.00e+00	0.00e+00	0.00e+00	0.00e+00
 4.30737e+20	3.14e-01	6.84e-01	1.89e-03	1.86e-05	0.00e+00	0.00e+00	0.00e+00	0.00e+00
 4.30921e+20	3.30e-01	6.69e-01	1.68e-03	1.77e-05	0.00e+00	0.00e+00	0.00e+00	0.00e+00
 4.31101e+20	3.46e-01	6.53e-01	1.49e-03	1.69e-05	0.00e+00	0.00e+00	0.00e+00	0.00e+00
 4.31271e+20	3.61e-01	6.38e-01	1.33e-03	1.62e-05	0.00e+00	0.00e+00	0.00e+00	0.00e+00
 4.31440e+20	3.77e-01	6.21e-01	1.18e-03	1.55e-05	0.00e+00	0.00e+00	0.00e+00	0.00e+00
 4.31608e+20	3.93e-01	6.05e-01	1.06e-03	1.48e-05	0.00e+00	0.00e+00	0.00e+00	0.00e+00
 4.31775e+20	4.10e-01	5.89e-01	9.39e-04	1.42e-05	0.00e+00	0.00e+00	0.00e+00	0.00e+00
 4.31941e+20	4.27e-01	5.72e-01	8.37e-04	1.36e-05	0.00e+00	0.00e+00	0.00e+00	0.00e+00
 4.32106e+20	4.44e-01	5.55e-01	7.44e-04	1.30e-05	0.00e+00	0.00e+00	0.00e+00	0.00e+00
 4.32271e+20	4.61e-01	5.38e-01	6.63e-04	1.24e-05	0.00e+00	0.00e+00	0.00e+00	0.00e+00
 4.32431e+20	4.78e-01	5.22e-01	5.92e-04	1.18e-05	0.00e+00	0.00e+00	0.00e+00	0.00e+00
 4.32591e+20	4.95e-01	5.04e-01	5.29e-04	1.13e-05	0.00e+00	0.00e+00	0.00e+00	0.00e+00
 4.32750e+20	5.12e-01	4.88e-01	4.73e-04	1.08e-05	0.00e+00	0.00e+00	0.00e+00	0.00e+00
 4.32908e+20	5.29e-01	4.71e-01	4.23e-04	1.03e-05	0.00e+00	0.00e+00	0.00e+00	0.00e+00
 4.33067e+20	5.45e-01	4.54e-01	3.80e-04	9.83e-06	0.00e+00	0.00e+00	0.00e+00	0.00e+00
 4.33223e+20	5.62e-01	4.38e-01	3.41e-04	9.38e-06	0.00e+00	0.00e+00	0.00e+00	0.00e+00
 4.33377e+20	5.78e-01	4.22e-01	3.08e-04	8.95e-06	0.00e+00	0.00e+00	0.00e+00	0.00e+00
 4.33530e+20	5.94e-01	4.06e-01	2.79e-04	8.54e-06	0.00e+00	0.00e+00	0.00e+00	0.00e+00
 4.33685e+20	6.09e-01	3.91e-01	2.53e-04	8.14e-06	0.00e+00	0.00e+00	0.00e+00	0.00e+00
 4.33840e+20	6.25e-01	3.75e-01	2.30e-04	7.76e-06	0.00e+00	0.00e+00	0.00e+00	0.00e+00
 4.33995e+20	6.39e-01	3.60e-01	2.10e-04	7.39e-06	0.00e+00	0.00e+00	0.00e+00	0.00e+00
 4.34148e+20	6.54e-01	3.46e-01	1.92e-04	7.05e-06	0.00e+00	0.00e+00	0.00e+00	0.00e+00
 4.34299e+20	6.67e-01	3.32e-01	1.77e-04	6.73e-06	0.00e+00	0.00e+00	0.00e+00	0.00e+00
 4.34449e+20	6.81e-01	3.19e-01	1.64e-04	6.42e-06	0.00e+00	0.00e+00	0.00e+00	0.00e+00
 4.34599e+20	6.93e-01	3.07e-01	1.53e-04	6.13e-06	0.00e+00	0.00e+00	0.00e+00	0.00e+00
 4.34746e+20	7.05e-01	2.95e-01	1.43e-04	5.86e-06	0.00e+00	0.00e+00	0.00e+00	0.00e+00
 4.34892e+20	7.16e-01	2.83e-01	1.35e-04	5.61e-06	0.00e+00	0.00e+00	0.00e+00	0.00e+00
 4.35037e+20	7.27e-01	2.73e-01	1.27e-04	5.38e-06	0.00e+00	0.00e+00	0.00e+00	0.00e+00
 4.35180e+20	7.37e-01	2.63e-01	1.21e-04	5.16e-06	0.00e+00	0.00e+00	0.00e+00	0.00e+00
 4.35325e+20	7.47e-01	2.53e-01	1.15e-04	4.95e-06	0.00e+00	0.00e+00	0.00e+00	0.00e+00
 4.35470e+20	7.56e-01	2.44e-01	1.10e-04	4.76e-06	0.00e+00	0.00e+00	0.00e+00	0.00e+00
 4.35615e+20	7.64e-01	2.36e-01	1.06e-04	4.58e-06	0.00e+00	0.00e+00	0.00e+00	0.00e+00
 4.35762e+20	7.72e-01	2.27e-01	1.02e-04	4.41e-06	0.00e+00	0.00e+00	0.00e+00	0.00e+00
 4.35909e+20	7.80e-01	2.20e-01	9.87e-05	4.25e-06	0.00e+00	0.00e+00	0.00e+00	0.00e+00
 4.36060e+20	7.87e-01	2.13e-01	9.57e-05	4.10e-06	0.00e+00	0.00e+00	0.00e+00	0.00e+00
 4.36215e+20	7.94e-01	2.06e-01	9.31e-05	3.96e-06	0.00e+00	0.00e+00	0.00e+00	0.00e+00
 4.36373e+20	8.00e-01	1.99e-01	9.07e-05	3.83e-06	0.00e+00	0.00e+00	0.00e+00	0.00e+00
 4.36536e+20	8.06e-01	1.94e-01	8.86e-05	3.71e-06	0.00e+00	0.00e+00	0.00e+00	0.00e+00
 4.36707e+20	8.12e-01	1.88e-01	8.68e-05	3.60e-06	0.00e+00	0.00e+00	0.00e+00	0.00e+00
 4.36886e+20	8.17e-01	1.83e-01	8.51e-05	3.50e-06	0.00e+00	0.00e+00	0.00e+00	0.00e+00
 4.37074e+20	8.22e-01	1.78e-01	8.36e-05	3.40e-06	0.00e+00	0.00e+00	0.00e+00	0.00e+00
 4.37277e+20	8.27e-01	1.73e-01	8.23e-05	3.31e-06	0.00e+00	0.00e+00	0.00e+00	0.00e+00
 4.37497e+20	8.31e-01	1.69e-01	8.11e-05	3.23e-06	0.00e+00	0.00e+00	0.00e+00	0.00e+00
 4.37741e+20	8.35e-01	1.65e-01	8.01e-05	3.15e-06	0.00e+00	0.00e+00	0.00e+00	0.00e+00
 4.38016e+20	8.39e-01	1.61e-01	7.91e-05	3.08e-06	0.00e+00	0.00e+00	0.00e+00	0.00e+00
 4.38336e+20	8.42e-01	1.58e-01	7.83e-05	3.01e-06	0.00e+00	0.00e+00	0.00e+00	0.00e+00
 4.38689e+20	8.45e-01	1.55e-01	7.76e-05	2.96e-06	0.00e+00	0.00e+00	0.00e+00	0.00e+00
 4.39047e+20	8.47e-01	1.53e-01	7.71e-05	2.92e-06	0.00e+00	0.00e+00	0.00e+00	0.00e+00
 4.39402e+20	8.48e-01	1.52e-01	7.68e-05	2.89e-06	0.00e+00	0.00e+00	0.00e+00	0.00e+00
 4.39756e+20	8.50e-01	1.50e-01	7.65e-05	2.87e-06	0.00e+00	0.00e+00	0.00e+00	0.00e+00
 4.40108e+20	8.50e-01	1.50e-01	7.63e-05	2.86e-06	0.00e+00	0.00e+00	0.00e+00	0.00e+00
 4.40460e+20	8.51e-01	1.49e-01	7.61e-05	2.84e-06	0.00e+00	0.00e+00	0.00e+00	0.00e+00
 4.40810e+20	8.52e-01	1.48e-01	7.59e-05	2.83e-06	0.00e+00	0.00e+00	0.00e+00	0.00e+00
 4.41160e+20	8.52e-01	1.48e-01	7.59e-05	2.82e-06	0.00e+00	0.00e+00	0.00e+00	0.00e+00
 4.41563e+20	8.52e-01	1.48e-01	7.57e-05	2.81e-06	0.00e+00	0.00e+00	0.00e+00	0.00e+00
 4.42086e+20	8.53e-01	1.47e-01	7.56e-05	2.80e-06	0.00e+00	0.00e+00	0.00e+00	0.00e+00
 4.42766e+20	8.53e-01	1.47e-01	7.55e-05	2.79e-06	0.00e+00	0.00e+00	0.00e+00	0.00e+00
 4.43650e+20	8.54e-01	1.46e-01	7.53e-05	2.78e-06	0.00e+00	0.00e+00	0.00e+00	0.00e+00
 4.44800e+20	8.54e-01	1.46e-01	7.51e-05	2.77e-06	0.00e+00	0.00e+00	0.00e+00	0.00e+00
 4.46294e+20	8.55e-01	1.45e-01	7.48e-05	2.75e-06	0.00e+00	0.00e+00	0.00e+00	0.00e+00
 4.48237e+20	8.56e-01	1.44e-01	7.45e-05	2.73e-06	0.00e+00	0.00e+00	0.00e+00	0.00e+00
 4.50762e+20	8.57e-01	1.43e-01	7.41e-05	2.70e-06	0.00e+00	0.00e+00	0.00e+00	0.00e+00
 4.54045e+20	8.58e-01	1.42e-01	7.36e-05	2.67e-06	0.00e+00	0.00e+00	0.00e+00	0.00e+00
 4.58313e+20	8.60e-01	1.40e-01	7.29e-05	2.63e-06	0.00e+00	0.00e+00	0.00e+00	0.00e+00
 4.63861e+20	8.62e-01	1.38e-01	7.21e-05	2.57e-06	0.00e+00	0.00e+00	0.00e+00	0.00e+00
 4.71074e+20	8.64e-01	1.36e-01	7.10e-05	2.50e-06	0.00e+00	0.00e+00	0.00e+00	0.00e+00
 4.80451e+20	8.67e-01	1.32e-01	6.97e-05	2.42e-06	0.00e+00	0.00e+00	0.00e+00	0.00e+00
 4.92640e+20	8.71e-01	1.29e-01	6.80e-05	2.32e-06	0.00e+00	0.00e+00	0.00e+00	0.00e+00
 5.08422e+20	8.76e-01	1.24e-01	6.61e-05	2.19e-06	0.00e+00	0.00e+00	0.00e+00	0.00e+00
 5.26426e+20	8.81e-01	1.19e-01	6.40e-05	2.07e-06	0.00e+00	0.00e+00	0.00e+00	0.00e+00
 5.44583e+20	8.85e-01	1.15e-01	6.21e-05	1.96e-06	0.00e+00	0.00e+00	0.00e+00	0.00e+00
 5.62941e+20	8.89e-01	1.11e-01	6.03e-05	1.86e-06	0.00e+00	0.00e+00	0.00e+00	0.00e+00
 5.82469e+20	8.93e-01	1.07e-01	5.85e-05	1.76e-06	0.00e+00	0.00e+00	0.00e+00	0.00e+00
 6.03752e+20	8.96e-01	1.03e-01	5.66e-05	1.66e-06	0.00e+00	0.00e+00	0.00e+00	0.00e+00
 6.26561e+20	9.00e-01	9.96e-02	5.47e-05	1.56e-06	0.00e+00	0.00e+00	0.00e+00	0.00e+00
 6.50721e+20	9.04e-01	9.59e-02	5.28e-05	1.46e-06	0.00e+00	0.00e+00	0.00e+00	0.00e+00
 6.76410e+20	9.08e-01	9.22e-02	5.09e-05	1.37e-06	0.00e+00	0.00e+00	0.00e+00	0.00e+00
 7.03870e+20	9.11e-01	8.85e-02	4.89e-05	1.28e-06	0.00e+00	0.00e+00	0.00e+00	0.00e+00
 7.33265e+20	9.15e-01	8.50e-02	4.70e-05	1.19e-06	0.00e+00	0.00e+00	0.00e+00	0.00e+00
 7.64698e+20	9.19e-01	8.14e-02	4.50e-05	1.11e-06	0.00e+00	0.00e+00	0.00e+00	0.00e+00
 7.98368e+20	9.22e-01	7.80e-02	4.31e-05	1.03e-06	0.00e+00	0.00e+00	0.00e+00	0.00e+00
 8.34437e+20	9.25e-01	7.46e-02	4.11e-05	9.46e-07	0.00e+00	0.00e+00	0.00e+00	0.00e+00
 8.73067e+20	9.29e-01	7.13e-02	3.91e-05	8.70e-07	0.00e+00	0.00e+00	0.00e+00	0.00e+00
 9.14829e+20	9.32e-01	6.80e-02	3.72e-05	7.96e-07	0.00e+00	0.00e+00	0.00e+00	0.00e+00
 9.59925e+20	9.35e-01	6.48e-02	3.52e-05	7.26e-07	0.00e+00	0.00e+00	0.00e+00	0.00e+00
 1.00822e+21	9.38e-01	6.16e-02	3.32e-05	6.60e-07	0.00e+00	0.00e+00	0.00e+00	0.00e+00
 1.06021e+21	9.41e-01	5.85e-02	3.13e-05	5.97e-07	0.00e+00	0.00e+00	0.00e+00	0.00e+00
 1.11638e+21	9.44e-01	5.55e-02	2.93e-05	5.37e-07	0.00e+00	0.00e+00	0.00e+00	0.00e+00
 1.17753e+21	9.47e-01	5.25e-02	2.74e-05	4.81e-07	0.00e+00	0.00e+00	0.00e+00	0.00e+00
 1.24362e+21	9.50e-01	4.97e-02	2.55e-05	4.29e-07	0.00e+00	0.00e+00	0.00e+00	0.00e+00
 1.31463e+21	9.53e-01	4.69e-02	2.37e-05	3.80e-07	0.00e+00	0.00e+00	0.00e+00	0.00e+00
 1.39169e+21	9.56e-01	4.42e-02	2.19e-05	3.36e-07	0.00e+00	0.00e+00	0.00e+00	0.00e+00
 1.47540e+21	9.58e-01	4.16e-02	2.02e-05	2.94e-07	0.00e+00	0.00e+00	0.00e+00	0.00e+00
 1.56663e+21	9.61e-01	3.91e-02	1.85e-05	2.57e-07	0.00e+00	0.00e+00	0.00e+00	0.00e+00
 1.66551e+21	9.63e-01	3.67e-02	1.69e-05	2.23e-07	0.00e+00	0.00e+00	0.00e+00	0.00e+00
 1.77229e+21	9.66e-01	3.44e-02	1.54e-05	1.93e-07	0.00e+00	0.00e+00	0.00e+00	0.00e+00
 1.88792e+21	9.68e-01	3.22e-02	1.40e-05	1.66e-07	0.00e+00	0.00e+00	0.00e+00	0.00e+00
 2.01339e+21	9.70e-01	3.01e-02	1.26e-05	1.43e-07	0.00e+00	0.00e+00	0.00e+00	0.00e+00
 2.14774e+21	9.72e-01	2.82e-02	1.14e-05	1.22e-07	0.00e+00	0.00e+00	0.00e+00	0.00e+00
 2.29299e+21	9.74e-01	2.63e-02	1.02e-05	0.00e+00	0.00e+00	0.00e+00	0.00e+00	0.00e+00
 2.45105e+21	9.76e-01	2.44e-02	9.19e-06	0.00e+00	0.00e+00	0.00e+00	0.00e+00	0.00e+00
 2.60869e+21	9.77e-01	2.28e-02	8.32e-06	0.00e+00	0.00e+00	0.00e+00	0.00e+00	0.00e+00
 2.75340e+21	9.79e-01	2.15e-02	7.62e-06	0.00e+00	0.00e+00	0.00e+00	0.00e+00	0.00e+00
 2.88973e+21	9.80e-01	2.03e-02	7.04e-06	0.00e+00	0.00e+00	0.00e+00	0.00e+00	0.00e+00
 3.04487e+21	9.81e-01	1.90e-02	6.44e-06	0.00e+00	0.00e+00	0.00e+00	0.00e+00	0.00e+00
 3.21308e+21	9.82e-01	1.77e-02	5.90e-06	0.00e+00	0.00e+00	0.00e+00	0.00e+00	0.00e+00
 3.35915e+21	9.83e-01	1.67e-02	5.49e-06	0.00e+00	0.00e+00	0.00e+00	0.00e+00	0.00e+00
 3.48627e+21	9.84e-01	1.58e-02	5.17e-06	0.00e+00	0.00e+00	0.00e+00	0.00e+00	0.00e+00
 3.62786e+21	9.85e-01	1.49e-02	4.83e-06	0.00e+00	0.00e+00	0.00e+00	0.00e+00	0.00e+00
 3.78696e+21	9.86e-01	1.39e-02	4.50e-06	0.00e+00	0.00e+00	0.00e+00	0.00e+00	0.00e+00
 3.93338e+21	9.87e-01	1.31e-02	4.23e-06	0.00e+00	0.00e+00	0.00e+00	0.00e+00	0.00e+00
 4.06276e+21	9.88e-01	1.25e-02	4.01e-06	0.00e+00	0.00e+00	0.00e+00	0.00e+00	0.00e+00
 4.20545e+21	9.88e-01	1.17e-02	3.78e-06	0.00e+00	0.00e+00	0.00e+00	0.00e+00	0.00e+00
 4.36361e+21	9.89e-01	1.10e-02	3.55e-06	0.00e+00	0.00e+00	0.00e+00	0.00e+00	0.00e+00
 4.50654e+21	9.90e-01	1.04e-02	3.37e-06	0.00e+00	0.00e+00	0.00e+00	0.00e+00	0.00e+00
 4.63296e+21	9.90e-01	9.88e-03	3.22e-06	0.00e+00	0.00e+00	0.00e+00	0.00e+00	0.00e+00
 4.77327e+21	9.91e-01	9.31e-03	3.06e-06	0.00e+00	0.00e+00	0.00e+00	0.00e+00	0.00e+00
 4.92920e+21	9.91e-01	8.74e-03	2.90e-06	0.00e+00	0.00e+00	0.00e+00	0.00e+00	0.00e+00
 5.07087e+21	9.92e-01	8.25e-03	2.77e-06	0.00e+00	0.00e+00	0.00e+00	0.00e+00	0.00e+00
 5.19671e+21	9.92e-01	7.82e-03	2.66e-06	0.00e+00	0.00e+00	0.00e+00	0.00e+00	0.00e+00
 5.33654e+21	9.93e-01	7.35e-03	2.54e-06	0.00e+00	0.00e+00	0.00e+00	0.00e+00	0.00e+00
 5.49121e+21	9.93e-01	6.86e-03	2.42e-06	0.00e+00	0.00e+00	0.00e+00	0.00e+00	0.00e+00
 5.63150e+21	9.94e-01	6.43e-03	2.32e-06	0.00e+00	0.00e+00	0.00e+00	0.00e+00	0.00e+00
 5.75781e+21	9.94e-01	6.04e-03	2.24e-06	0.00e+00	0.00e+00	0.00e+00	0.00e+00	0.00e+00
 5.89496e+21	9.94e-01	5.60e-03	2.15e-06	0.00e+00	0.00e+00	0.00e+00	0.00e+00	0.00e+00
 6.04533e+21	9.95e-01	5.14e-03	2.06e-06	0.00e+00	0.00e+00	0.00e+00	0.00e+00	0.00e+00
