#depth	He	He+	He+2
 5.97947e+17	4.74e-05	7.83e-02	9.22e-01
 3.58768e+18	4.73e-05	7.83e-02	9.22e-01
 1.55466e+19	4.73e-05	7.85e-02	9.22e-01
 6.33824e+19	4.77e-05	7.97e-02	9.20e-01
 1.51400e+20	4.67e-05	7.95e-02	9.20e-01
 2.65823e+20	4.73e-05	8.17e-02	9.18e-01
 4.14573e+20	4.97e-05	8.67e-02	9.13e-01
 6.07949e+20	5.49e-05	9.64e-02	9.03e-01
 8.59336e+20	6.55e-05	1.15e-01	8.85e-01
 1.11033e+21	8.05e-05	1.42e-01	8.58e-01
 1.29967e+21	9.87e-05	1.74e-01	8.26e-01
 1.44112e+21	1.17e-04	2.06e-01	7.94e-01
 1.56056e+21	1.38e-04	2.40e-01	7.60e-01
 1.66810e+21	1.61e-04	2.77e-01	7.23e-01
 1.76195e+21	1.85e-04	3.16e-01	6.84e-01
 1.86481e+21	2.17e-04	3.65e-01	6.35e-01
 1.97313e+21	2.55e-04	4.22e-01	5.78e-01
 2.07181e+21	2.94e-04	4.79e-01	5.21e-01
 2.16793e+21	3.34e-04	5.36e-01	4.64e-01
 2.27745e+21	3.82e-04	6.01e-01	3.99e-01
 2.39161e+21	4.31e-04	6.62e-01	3.37e-01
 2.48823e+21	4.71e-04	7.09e-01	2.90e-01
 2.59025e+21	5.14e-04	7.54e-01	2.46e-01
 2.70402e+21	5.57e-04	7.95e-01	2.05e-01
 2.81532e+21	5.96e-04	8.28e-01	1.72e-01
 2.94227e+21	6.39e-04	8.59e-01	1.41e-01
 3.10730e+21	6.89e-04	8.90e-01	1.10e-01
 3.28950e+21	7.36e-04	9.14e-01	8.56e-02
 3.48194e+21	7.83e-04	9.32e-01	6.69e-02
 3.71489e+21	8.36e-04	9.48e-01	5.09e-02
 4.00394e+21	8.98e-04	9.61e-01	3.76e-02
 4.36343e+21	9.72e-04	9.72e-01	2.71e-02
 4.79145e+21	1.06e-03	9.80e-01	1.93e-02
 5.27059e+21	1.17e-03	9.85e-01	1.40e-02
 5.75211e+21	1.29e-03	9.88e-01	1.06e-02
 6.17239e+21	1.42e-03	9.90e-01	8.52e-03
 6.52185e+21	1.55e-03	9.91e-01	7.23e-03
 6.82558e+21	1.67e-03	9.92e-01	6.31e-03
 7.10397e+21	1.81e-03	9.93e-01	5.61e-03
 7.36234e+21	1.97e-03	9.93e-01	5.05e-03
 7.57903e+21	2.13e-03	9.93e-01	4.65e-03
 7.74631e+21	2.27e-03	9.93e-01	4.36e-03
 7.89052e+21	2.41e-03	9.93e-01	4.13e-03
 8.02919e+21	2.57e-03	9.94e-01	3.91e-03
 8.16198e+21	2.74e-03	9.94e-01	3.73e-03
 8.28262e+21	2.92e-03	9.94e-01	3.56e-03
 8.39002e+21	3.11e-03	9.93e-01	3.43e-03
 8.48759e+21	3.30e-03	9.93e-01	3.30e-03
 8.57859e+21	3.51e-03	9.93e-01	3.20e-03
 8.66383e+21	3.73e-03	9.93e-01	3.10e-03
 8.73998e+21	3.95e-03	9.93e-01	3.01e-03
 8.80636e+21	4.17e-03	9.93e-01	2.94e-03
 8.86868e+21	4.40e-03	9.93e-01	2.87e-03
 8.92981e+21	4.66e-03	9.93e-01	2.80e-03
 8.98888e+21	4.94e-03	9.92e-01	2.74e-03
 9.04450e+21	5.24e-03	9.92e-01	2.68e-03
 9.09651e+21	5.55e-03	9.92e-01	2.63e-03
 9.14575e+21	5.89e-03	9.92e-01	2.58e-03
 9.19291e+21	6.26e-03	9.91e-01	2.53e-03
 9.23804e+21	6.67e-03	9.91e-01	2.49e-03
 9.28104e+21	7.10e-03	9.90e-01	2.44e-03
 9.32207e+21	7.57e-03	9.90e-01	2.40e-03
 9.36136e+21	8.08e-03	9.90e-01	2.37e-03
 9.39922e+21	8.66e-03	9.89e-01	2.33e-03
 9.43571e+21	9.29e-03	9.88e-01	2.30e-03
 9.47058e+21	9.97e-03	9.88e-01	2.26e-03
 9.50426e+21	1.07e-02	9.87e-01	2.23e-03
 9.53706e+21	1.16e-02	9.86e-01	2.20e-03
 9.56896e+21	1.26e-02	9.85e-01	2.17e-03
 9.59998e+21	1.37e-02	9.84e-01	2.15e-03
 9.63024e+21	1.49e-02	9.83e-01	2.12e-03
 9.65979e+21	1.64e-02	9.82e-01	2.09e-03
 9.68553e+21	1.78e-02	9.80e-01	2.08e-03
 9.70637e+21	1.92e-02	9.79e-01	2.06e-03
 9.72568e+21	2.06e-02	9.77e-01	2.05e-03
 9.74787e+21	2.25e-02	9.75e-01	2.03e-03
 9.77092e+21	2.48e-02	9.73e-01	2.02e-03
 9.78955e+21	2.68e-02	9.71e-01	2.01e-03
 9.80535e+21	2.89e-02	9.69e-01	2.01e-03
 9.82302e+21	3.15e-02	9.66e-01	2.00e-03
 9.84188e+21	3.46e-02	9.63e-01	1.99e-03
 9.85809e+21	3.77e-02	9.60e-01	2.00e-03
 9.87251e+21	4.09e-02	9.57e-01	1.99e-03
 9.88880e+21	4.50e-02	9.53e-01	2.00e-03
 9.90617e+21	4.98e-02	9.48e-01	2.01e-03
 9.92125e+21	5.47e-02	9.43e-01	2.02e-03
 9.93486e+21	5.98e-02	9.38e-01	2.03e-03
 9.95023e+21	6.65e-02	9.31e-01	2.05e-03
 9.96683e+21	7.47e-02	9.23e-01	2.07e-03
 9.98160e+21	8.30e-02	9.15e-01	2.11e-03
 9.99624e+21	9.29e-02	9.05e-01	2.14e-03
 1.00116e+22	1.04e-01	8.93e-01	2.19e-03
 1.00257e+22	1.17e-01	8.81e-01	2.24e-03
 1.00380e+22	1.29e-01	8.68e-01	2.29e-03
 1.00491e+22	1.42e-01	8.56e-01	2.34e-03
 1.00593e+22	1.54e-01	8.43e-01	2.40e-03
 1.00689e+22	1.68e-01	8.30e-01	2.45e-03
 1.00780e+22	1.81e-01	8.16e-01	2.51e-03
 1.00851e+22	1.92e-01	8.05e-01	2.55e-03
 1.00897e+22	2.00e-01	7.97e-01	2.59e-03
 1.00940e+22	2.08e-01	7.90e-01	2.62e-03
 1.00990e+22	2.17e-01	7.80e-01	2.65e-03
 1.01043e+22	2.28e-01	7.70e-01	2.69e-03
 1.01095e+22	2.38e-01	7.59e-01	2.73e-03
 1.01144e+22	2.49e-01	7.49e-01	2.77e-03
 1.01193e+22	2.60e-01	7.37e-01	2.80e-03
 1.01242e+22	2.71e-01	7.26e-01	2.85e-03
 1.01290e+22	2.83e-01	7.14e-01	2.89e-03
 1.01339e+22	2.96e-01	7.01e-01	2.93e-03
 1.01387e+22	3.09e-01	6.88e-01	2.97e-03
 1.01436e+22	3.22e-01	6.75e-01	3.01e-03
 1.01483e+22	3.36e-01	6.61e-01	3.05e-03
 1.01530e+22	3.49e-01	6.47e-01	3.09e-03
 1.01577e+22	3.64e-01	6.33e-01	3.13e-03
 1.01625e+22	3.79e-01	6.18e-01	3.16e-03
 1.01672e+22	3.95e-01	6.02e-01	3.20e-03
 1.01718e+22	4.10e-01	5.87e-01	3.23e-03
 1.01765e+22	4.26e-01	5.71e-01	3.26e-03
 1.01811e+22	4.42e-01	5.54e-01	3.30e-03
 1.01859e+22	4.60e-01	5.37e-01	3.32e-03
 1.01905e+22	4.77e-01	5.20e-01	3.34e-03
 1.01952e+22	4.94e-01	5.03e-01	3.36e-03
 1.01999e+22	5.12e-01	4.85e-01	3.38e-03
 1.02046e+22	5.30e-01	4.67e-01	3.39e-03
 1.02092e+22	5.47e-01	4.49e-01	3.40e-03
 1.02138e+22	5.65e-01	4.31e-01	3.40e-03
 1.02183e+22	5.83e-01	4.14e-01	3.40e-03
 1.02229e+22	6.00e-01	3.96e-01	3.39e-03
 1.02274e+22	6.18e-01	3.79e-01	3.38e-03
 1.02319e+22	6.35e-01	3.62e-01	3.35e-03
 1.02365e+22	6.52e-01	3.44e-01	3.32e-03
 1.02411e+22	6.70e-01	3.27e-01	3.29e-03
 1.02458e+22	6.87e-01	3.10e-01	3.24e-03
 1.02505e+22	7.03e-01	2.93e-01	3.19e-03
 1.02554e+22	7.20e-01	2.77e-01	3.13e-03
 1.02604e+22	7.37e-01	2.60e-01	3.06e-03
 1.02655e+22	7.53e-01	2.44e-01	2.98e-03
 1.02709e+22	7.69e-01	2.28e-01	2.89e-03
 1.02766e+22	7.85e-01	2.12e-01	2.79e-03
 1.02826e+22	8.01e-01	1.96e-01	2.68e-03
 1.02891e+22	8.16e-01	1.81e-01	2.56e-03
 1.02961e+22	8.31e-01	1.66e-01	2.43e-03
 1.03040e+22	8.46e-01	1.52e-01	2.30e-03
 1.03129e+22	8.60e-01	1.38e-01	2.15e-03
 1.03233e+22	8.74e-01	1.24e-01	2.00e-03
 1.03347e+22	8.85e-01	1.13e-01	1.87e-03
 1.03460e+22	8.93e-01	1.05e-01	1.77e-03
 1.03572e+22	8.99e-01	9.91e-02	1.69e-03
 1.03684e+22	9.04e-01	9.47e-02	1.63e-03
 1.03795e+22	9.07e-01	9.14e-02	1.58e-03
 1.03906e+22	9.10e-01	8.88e-02	1.53e-03
 1.04017e+22	9.11e-01	8.72e-02	1.51e-03
 1.04128e+22	9.13e-01	8.58e-02	1.49e-03
 1.04238e+22	9.14e-01	8.48e-02	1.47e-03
 1.04365e+22	9.15e-01	8.39e-02	1.45e-03
 1.04530e+22	9.15e-01	8.32e-02	1.44e-03
 1.04745e+22	9.16e-01	8.24e-02	1.42e-03
 1.05024e+22	9.17e-01	8.19e-02	1.41e-03
 1.05387e+22	9.18e-01	8.10e-02	1.38e-03
 1.05859e+22	9.18e-01	8.05e-02	1.37e-03
 1.06472e+22	9.19e-01	7.97e-02	1.34e-03
 1.07269e+22	9.20e-01	7.87e-02	1.30e-03
 1.08305e+22	9.21e-01	7.75e-02	1.26e-03
 1.09652e+22	9.23e-01	7.58e-02	1.21e-03
 1.11404e+22	9.25e-01	7.39e-02	1.15e-03
 1.13680e+22	9.27e-01	7.15e-02	1.07e-03
 1.16640e+22	9.30e-01	6.87e-02	9.87e-04
 1.20487e+22	9.34e-01	6.55e-02	8.97e-04
 1.25489e+22	9.37e-01	6.17e-02	7.94e-04
 1.31991e+22	9.42e-01	5.77e-02	6.93e-04
 1.40444e+22	9.46e-01	5.35e-02	5.93e-04
 1.51205e+22	9.50e-01	4.92e-02	5.02e-04
 1.64456e+22	9.54e-01	4.53e-02	4.25e-04
 1.78565e+22	9.57e-01	4.23e-02	3.69e-04
 1.91566e+22	9.59e-01	4.02e-02	3.33e-04
 2.03266e+22	9.61e-01	3.86e-02	3.07e-04
 2.13796e+22	9.62e-01	3.75e-02	2.89e-04
 2.23273e+22	9.63e-01	3.66e-02	2.75e-04
 2.31803e+22	9.64e-01	3.59e-02	2.65e-04
 2.39479e+22	9.64e-01	3.53e-02	2.56e-04
 2.46388e+22	9.65e-01	3.49e-02	2.50e-04
 2.52606e+22	9.65e-01	3.46e-02	2.45e-04
 2.58202e+22	9.65e-01	3.43e-02	2.41e-04
 2.63239e+22	9.66e-01	3.40e-02	2.38e-04
 2.67772e+22	9.66e-01	3.38e-02	2.35e-04
 2.71851e+22	9.66e-01	3.36e-02	2.32e-04
 2.75523e+22	9.66e-01	3.35e-02	2.31e-04
 2.78827e+22	9.66e-01	3.34e-02	2.29e-04
 2.81935e+22	9.66e-01	3.33e-02	2.28e-04
 2.85021e+22	9.67e-01	3.32e-02	2.26e-04
 2.88107e+22	9.67e-01	3.31e-02	2.25e-04
 2.91193e+22	9.67e-01	3.30e-02	2.24e-04
 2.94278e+22	9.67e-01	3.29e-02	2.23e-04
 2.97364e+22	9.67e-01	3.29e-02	2.22e-04
 3.00450e+22	9.67e-01	3.28e-02	2.21e-04
 3.03535e+22	9.67e-01	3.27e-02	2.20e-04
 3.06621e+22	9.67e-01	3.26e-02	2.19e-04
 3.08366e+22	9.67e-01	3.26e-02	2.20e-04
