#depth	O	O+	O+2	O+3	O+4	O+5	O+6	O+7	O+8	O[1]	O[2]	O[3]
 9.62115e+15	1.15e-03	1.44e-01	7.10e-01	1.40e-01	4.42e-03	1.88e-05	0.00e+00	0.00e+00	0.00e+00	1.15e-03	8.50e-08	9.60e-08
 5.77269e+16	1.14e-03	1.43e-01	7.11e-01	1.40e-01	4.42e-03	1.89e-05	0.00e+00	0.00e+00	0.00e+00	1.14e-03	8.48e-08	9.53e-08
 2.50150e+17	1.12e-03	1.42e-01	7.13e-01	1.40e-01	4.39e-03	1.88e-05	0.00e+00	0.00e+00	0.00e+00	1.12e-03	8.32e-08	9.36e-08
 1.01984e+18	1.07e-03	1.37e-01	7.21e-01	1.36e-01	4.21e-03	1.81e-05	0.00e+00	0.00e+00	0.00e+00	1.07e-03	7.97e-08	8.98e-08
 2.43608e+18	9.31e-04	1.25e-01	7.35e-01	1.35e-01	4.04e-03	1.79e-05	0.00e+00	0.00e+00	0.00e+00	9.31e-04	6.91e-08	7.80e-08
 4.27718e+18	8.41e-04	1.17e-01	7.49e-01	1.30e-01	3.74e-03	1.70e-05	0.00e+00	0.00e+00	0.00e+00	8.41e-04	6.23e-08	7.06e-08
 6.67061e+18	7.85e-04	1.12e-01	7.63e-01	1.21e-01	3.32e-03	1.53e-05	0.00e+00	0.00e+00	0.00e+00	7.85e-04	5.80e-08	6.58e-08
 9.78208e+18	7.66e-04	1.10e-01	7.79e-01	1.07e-01	2.78e-03	1.29e-05	0.00e+00	0.00e+00	0.00e+00	7.66e-04	5.66e-08	6.43e-08
 1.38270e+19	7.97e-04	1.14e-01	7.93e-01	8.99e-02	2.14e-03	9.90e-06	0.00e+00	0.00e+00	0.00e+00	7.97e-04	5.89e-08	6.69e-08
 1.90854e+19	9.16e-04	1.25e-01	8.04e-01	6.84e-02	1.47e-03	6.58e-06	0.00e+00	0.00e+00	0.00e+00	9.16e-04	6.78e-08	7.68e-08
 2.56843e+19	1.18e-03	1.46e-01	8.05e-01	4.63e-02	8.68e-04	3.68e-06	0.00e+00	0.00e+00	0.00e+00	1.18e-03	8.77e-08	9.88e-08
 3.16692e+19	1.51e-03	1.69e-01	7.97e-01	3.20e-02	5.37e-04	2.14e-06	0.00e+00	0.00e+00	0.00e+00	1.51e-03	1.12e-07	1.26e-07
 3.57299e+19	1.84e-03	1.89e-01	7.84e-01	2.45e-02	3.84e-04	1.44e-06	0.00e+00	0.00e+00	0.00e+00	1.84e-03	1.38e-07	1.54e-07
 3.89642e+19	2.20e-03	2.07e-01	7.70e-01	1.97e-02	2.94e-04	1.04e-06	0.00e+00	0.00e+00	0.00e+00	2.20e-03	1.65e-07	1.83e-07
 4.24869e+19	2.70e-03	2.31e-01	7.51e-01	1.53e-02	2.18e-04	7.16e-07	0.00e+00	0.00e+00	0.00e+00	2.70e-03	2.04e-07	2.25e-07
 4.62044e+19	3.36e-03	2.56e-01	7.28e-01	1.18e-02	1.64e-04	4.89e-07	0.00e+00	0.00e+00	0.00e+00	3.36e-03	2.55e-07	2.80e-07
 4.93592e+19	4.07e-03	2.80e-01	7.06e-01	9.39e-03	1.29e-04	3.53e-07	0.00e+00	0.00e+00	0.00e+00	4.07e-03	3.10e-07	3.38e-07
 5.21398e+19	4.85e-03	3.04e-01	6.83e-01	7.64e-03	1.06e-04	2.63e-07	0.00e+00	0.00e+00	0.00e+00	4.85e-03	3.72e-07	4.03e-07
 5.52500e+19	5.98e-03	3.34e-01	6.54e-01	5.98e-03	8.46e-05	1.86e-07	0.00e+00	0.00e+00	0.00e+00	5.98e-03	4.60e-07	4.96e-07
 5.85186e+19	7.48e-03	3.67e-01	6.20e-01	4.62e-03	6.80e-05	1.30e-07	0.00e+00	0.00e+00	0.00e+00	7.47e-03	5.77e-07	6.19e-07
 6.12389e+19	9.08e-03	3.98e-01	5.89e-01	3.69e-03	5.71e-05	0.00e+00	0.00e+00	0.00e+00	0.00e+00	9.08e-03	7.03e-07	7.50e-07
 6.35777e+19	1.08e-02	4.27e-01	5.59e-01	3.00e-03	4.90e-05	0.00e+00	0.00e+00	0.00e+00	0.00e+00	1.08e-02	8.39e-07	8.92e-07
 6.61749e+19	1.33e-02	4.62e-01	5.22e-01	2.33e-03	4.12e-05	0.00e+00	0.00e+00	0.00e+00	0.00e+00	1.33e-02	1.03e-06	1.09e-06
 6.89338e+19	1.65e-02	5.01e-01	4.81e-01	1.78e-03	3.45e-05	0.00e+00	0.00e+00	0.00e+00	0.00e+00	1.65e-02	1.28e-06	1.35e-06
 7.12841e+19	2.01e-02	5.36e-01	4.42e-01	1.38e-03	2.95e-05	0.00e+00	0.00e+00	0.00e+00	0.00e+00	2.01e-02	1.56e-06	1.64e-06
 7.33262e+19	2.39e-02	5.68e-01	4.07e-01	1.09e-03	2.55e-05	0.00e+00	0.00e+00	0.00e+00	0.00e+00	2.39e-02	1.86e-06	1.95e-06
 7.55866e+19	2.93e-02	6.04e-01	3.66e-01	8.22e-04	2.15e-05	0.00e+00	0.00e+00	0.00e+00	0.00e+00	2.93e-02	2.27e-06	2.37e-06
 7.80026e+19	3.65e-02	6.42e-01	3.21e-01	5.95e-04	1.76e-05	0.00e+00	0.00e+00	0.00e+00	0.00e+00	3.65e-02	2.81e-06	2.94e-06
 8.00679e+19	4.42e-02	6.73e-01	2.83e-01	4.42e-04	1.47e-05	0.00e+00	0.00e+00	0.00e+00	0.00e+00	4.42e-02	3.39e-06	3.54e-06
 8.18710e+19	5.26e-02	6.98e-01	2.49e-01	3.32e-04	1.23e-05	0.00e+00	0.00e+00	0.00e+00	0.00e+00	5.26e-02	4.02e-06	4.18e-06
 8.36212e+19	6.25e-02	7.21e-01	2.16e-01	2.47e-04	1.02e-05	0.00e+00	0.00e+00	0.00e+00	0.00e+00	6.25e-02	4.74e-06	4.93e-06
 8.53182e+19	7.41e-02	7.40e-01	1.86e-01	1.82e-04	8.35e-06	0.00e+00	0.00e+00	0.00e+00	0.00e+00	7.41e-02	5.57e-06	5.79e-06
 8.68722e+19	8.67e-02	7.54e-01	1.59e-01	1.35e-04	6.84e-06	0.00e+00	0.00e+00	0.00e+00	0.00e+00	8.67e-02	6.46e-06	6.71e-06
 8.82670e+19	1.00e-01	7.63e-01	1.37e-01	1.02e-04	5.61e-06	0.00e+00	0.00e+00	0.00e+00	0.00e+00	1.00e-01	7.39e-06	7.67e-06
 8.95486e+19	1.15e-01	7.68e-01	1.17e-01	7.70e-05	4.60e-06	0.00e+00	0.00e+00	0.00e+00	0.00e+00	1.15e-01	8.35e-06	8.68e-06
 9.07507e+19	1.30e-01	7.69e-01	1.00e-01	5.85e-05	3.76e-06	0.00e+00	0.00e+00	0.00e+00	0.00e+00	1.30e-01	9.38e-06	9.74e-06
 9.18807e+19	1.46e-01	7.68e-01	8.61e-02	4.52e-05	3.10e-06	0.00e+00	0.00e+00	0.00e+00	0.00e+00	1.46e-01	1.04e-05	1.08e-05
 9.29709e+19	1.64e-01	7.63e-01	7.34e-02	3.47e-05	2.53e-06	0.00e+00	0.00e+00	0.00e+00	0.00e+00	1.64e-01	1.15e-05	1.19e-05
 9.40332e+19	1.83e-01	7.55e-01	6.21e-02	2.67e-05	2.04e-06	0.00e+00	0.00e+00	0.00e+00	0.00e+00	1.83e-01	1.26e-05	1.31e-05
 9.50285e+19	2.03e-01	7.45e-01	5.27e-02	2.07e-05	1.66e-06	0.00e+00	0.00e+00	0.00e+00	0.00e+00	2.03e-01	1.37e-05	1.42e-05
 9.59650e+19	2.23e-01	7.33e-01	4.47e-02	1.63e-05	1.35e-06	0.00e+00	0.00e+00	0.00e+00	0.00e+00	2.23e-01	1.48e-05	1.54e-05
 9.68775e+19	2.44e-01	7.18e-01	3.79e-02	1.29e-05	1.09e-06	0.00e+00	0.00e+00	0.00e+00	0.00e+00	2.44e-01	1.59e-05	1.65e-05
 9.77782e+19	2.66e-01	7.02e-01	3.19e-02	1.02e-05	8.85e-07	0.00e+00	0.00e+00	0.00e+00	0.00e+00	2.66e-01	1.70e-05	1.76e-05
 9.86686e+19	2.89e-01	6.84e-01	2.67e-02	8.08e-06	7.08e-07	0.00e+00	0.00e+00	0.00e+00	0.00e+00	2.89e-01	1.80e-05	1.87e-05
 9.95378e+19	3.13e-01	6.65e-01	2.23e-02	6.46e-06	5.68e-07	0.00e+00	0.00e+00	0.00e+00	0.00e+00	3.13e-01	1.90e-05	1.98e-05
 1.00386e+20	3.37e-01	6.44e-01	1.86e-02	5.20e-06	4.55e-07	0.00e+00	0.00e+00	0.00e+00	0.00e+00	3.37e-01	2.00e-05	2.07e-05
 1.01356e+20	3.66e-01	6.19e-01	1.50e-02	4.07e-06	3.49e-07	0.00e+00	0.00e+00	0.00e+00	0.00e+00	3.66e-01	2.10e-05	2.18e-05
 1.02386e+20	3.97e-01	5.91e-01	1.19e-02	3.17e-06	2.63e-07	0.00e+00	0.00e+00	0.00e+00	0.00e+00	3.97e-01	2.20e-05	2.28e-05
 1.03274e+20	4.24e-01	5.67e-01	9.65e-03	2.58e-06	2.05e-07	0.00e+00	0.00e+00	0.00e+00	0.00e+00	4.24e-01	2.27e-05	2.35e-05
 1.04117e+20	4.51e-01	5.41e-01	7.83e-03	2.11e-06	1.60e-07	0.00e+00	0.00e+00	0.00e+00	0.00e+00	4.51e-01	2.33e-05	2.42e-05
 1.05042e+20	4.80e-01	5.14e-01	6.21e-03	1.72e-06	0.00e+00	0.00e+00	0.00e+00	0.00e+00	0.00e+00	4.80e-01	2.39e-05	2.47e-05
 1.05950e+20	5.08e-01	4.87e-01	4.93e-03	1.42e-06	0.00e+00	0.00e+00	0.00e+00	0.00e+00	0.00e+00	5.08e-01	2.43e-05	2.52e-05
 1.06742e+20	5.33e-01	4.63e-01	4.01e-03	1.21e-06	0.00e+00	0.00e+00	0.00e+00	0.00e+00	0.00e+00	5.33e-01	2.45e-05	2.54e-05
 1.07472e+20	5.55e-01	4.41e-01	3.30e-03	1.05e-06	0.00e+00	0.00e+00	0.00e+00	0.00e+00	0.00e+00	5.55e-01	2.47e-05	2.56e-05
 1.08185e+20	5.77e-01	4.20e-01	2.71e-03	9.16e-07	0.00e+00	0.00e+00	0.00e+00	0.00e+00	0.00e+00	5.77e-01	2.48e-05	2.56e-05
 1.08749e+20	5.93e-01	4.05e-01	2.34e-03	8.32e-07	0.00e+00	0.00e+00	0.00e+00	0.00e+00	0.00e+00	5.93e-01	2.47e-05	2.56e-05
 1.09130e+20	6.04e-01	3.94e-01	2.11e-03	7.79e-07	0.00e+00	0.00e+00	0.00e+00	0.00e+00	0.00e+00	6.04e-01	2.47e-05	2.56e-05
 1.09494e+20	6.15e-01	3.83e-01	1.90e-03	7.29e-07	0.00e+00	0.00e+00	0.00e+00	0.00e+00	0.00e+00	6.15e-01	2.47e-05	2.55e-05
 1.09908e+20	6.27e-01	3.71e-01	1.69e-03	6.79e-07	0.00e+00	0.00e+00	0.00e+00	0.00e+00	0.00e+00	6.27e-01	2.46e-05	2.54e-05
 1.10350e+20	6.39e-01	3.60e-01	1.49e-03	6.31e-07	0.00e+00	0.00e+00	0.00e+00	0.00e+00	0.00e+00	6.39e-01	2.45e-05	2.53e-05
 1.10794e+20	6.51e-01	3.47e-01	1.31e-03	5.86e-07	0.00e+00	0.00e+00	0.00e+00	0.00e+00	0.00e+00	6.51e-01	2.44e-05	2.52e-05
 1.11226e+20	6.63e-01	3.36e-01	1.16e-03	5.48e-07	0.00e+00	0.00e+00	0.00e+00	0.00e+00	0.00e+00	6.63e-01	2.42e-05	2.50e-05
 1.11657e+20	6.74e-01	3.25e-01	1.03e-03	5.12e-07	0.00e+00	0.00e+00	0.00e+00	0.00e+00	0.00e+00	6.74e-01	2.41e-05	2.49e-05
 1.12097e+20	6.86e-01	3.14e-01	9.04e-04	4.78e-07	0.00e+00	0.00e+00	0.00e+00	0.00e+00	0.00e+00	6.85e-01	2.39e-05	2.47e-05
 1.12533e+20	6.96e-01	3.03e-01	7.97e-04	4.48e-07	0.00e+00	0.00e+00	0.00e+00	0.00e+00	0.00e+00	6.96e-01	2.37e-05	2.44e-05
 1.12970e+20	7.07e-01	2.92e-01	7.02e-04	4.21e-07	0.00e+00	0.00e+00	0.00e+00	0.00e+00	0.00e+00	7.07e-01	2.35e-05	2.42e-05
 1.13417e+20	7.18e-01	2.82e-01	6.16e-04	3.94e-07	0.00e+00	0.00e+00	0.00e+00	0.00e+00	0.00e+00	7.18e-01	2.32e-05	2.39e-05
 1.13867e+20	7.28e-01	2.72e-01	5.41e-04	3.71e-07	0.00e+00	0.00e+00	0.00e+00	0.00e+00	0.00e+00	7.28e-01	2.29e-05	2.37e-05
 1.14318e+20	7.38e-01	2.62e-01	4.75e-04	3.48e-07	0.00e+00	0.00e+00	0.00e+00	0.00e+00	0.00e+00	7.38e-01	2.26e-05	2.33e-05
 1.14774e+20	7.47e-01	2.52e-01	4.17e-04	3.28e-07	0.00e+00	0.00e+00	0.00e+00	0.00e+00	0.00e+00	7.47e-01	2.24e-05	2.31e-05
 1.15238e+20	7.57e-01	2.43e-01	3.65e-04	3.09e-07	0.00e+00	0.00e+00	0.00e+00	0.00e+00	0.00e+00	7.57e-01	2.20e-05	2.27e-05
 1.15711e+20	7.67e-01	2.33e-01	3.19e-04	2.91e-07	0.00e+00	0.00e+00	0.00e+00	0.00e+00	0.00e+00	7.66e-01	2.17e-05	2.24e-05
 1.16182e+20	7.75e-01	2.24e-01	2.79e-04	2.74e-07	0.00e+00	0.00e+00	0.00e+00	0.00e+00	0.00e+00	7.75e-01	2.14e-05	2.21e-05
 1.16658e+20	7.84e-01	2.16e-01	2.45e-04	2.59e-07	0.00e+00	0.00e+00	0.00e+00	0.00e+00	0.00e+00	7.84e-01	2.11e-05	2.17e-05
 1.17149e+20	7.93e-01	2.07e-01	2.14e-04	2.45e-07	0.00e+00	0.00e+00	0.00e+00	0.00e+00	0.00e+00	7.92e-01	2.08e-05	2.14e-05
 1.17650e+20	8.01e-01	1.99e-01	1.87e-04	2.31e-07	0.00e+00	0.00e+00	0.00e+00	0.00e+00	0.00e+00	8.00e-01	2.04e-05	2.10e-05
 1.18161e+20	8.09e-01	1.91e-01	1.64e-04	2.19e-07	0.00e+00	0.00e+00	0.00e+00	0.00e+00	0.00e+00	8.09e-01	2.01e-05	2.07e-05
 1.18684e+20	8.16e-01	1.84e-01	1.43e-04	2.07e-07	0.00e+00	0.00e+00	0.00e+00	0.00e+00	0.00e+00	8.16e-01	1.98e-05	2.03e-05
 1.19218e+20	8.23e-01	1.77e-01	1.25e-04	1.96e-07	0.00e+00	0.00e+00	0.00e+00	0.00e+00	0.00e+00	8.23e-01	1.95e-05	2.00e-05
 1.19773e+20	8.30e-01	1.69e-01	1.10e-04	1.86e-07	0.00e+00	0.00e+00	0.00e+00	0.00e+00	0.00e+00	8.30e-01	1.91e-05	1.96e-05
 1.20346e+20	8.37e-01	1.63e-01	9.64e-05	1.76e-07	0.00e+00	0.00e+00	0.00e+00	0.00e+00	0.00e+00	8.37e-01	1.88e-05	1.93e-05
 1.20932e+20	8.43e-01	1.56e-01	8.49e-05	1.68e-07	0.00e+00	0.00e+00	0.00e+00	0.00e+00	0.00e+00	8.43e-01	1.85e-05	1.90e-05
 1.21528e+20	8.49e-01	1.50e-01	7.51e-05	1.60e-07	0.00e+00	0.00e+00	0.00e+00	0.00e+00	0.00e+00	8.49e-01	1.82e-05	1.87e-05
 1.22144e+20	8.55e-01	1.45e-01	6.67e-05	1.52e-07	0.00e+00	0.00e+00	0.00e+00	0.00e+00	0.00e+00	8.55e-01	1.79e-05	1.84e-05
 1.22788e+20	8.60e-01	1.40e-01	5.94e-05	1.45e-07	0.00e+00	0.00e+00	0.00e+00	0.00e+00	0.00e+00	8.60e-01	1.77e-05	1.81e-05
 1.23465e+20	8.65e-01	1.35e-01	5.32e-05	1.39e-07	0.00e+00	0.00e+00	0.00e+00	0.00e+00	0.00e+00	8.65e-01	1.74e-05	1.78e-05
 1.24183e+20	8.70e-01	1.30e-01	4.78e-05	1.33e-07	0.00e+00	0.00e+00	0.00e+00	0.00e+00	0.00e+00	8.70e-01	1.71e-05	1.75e-05
 1.24952e+20	8.74e-01	1.26e-01	4.31e-05	1.28e-07	0.00e+00	0.00e+00	0.00e+00	0.00e+00	0.00e+00	8.74e-01	1.69e-05	1.73e-05
 1.25785e+20	8.78e-01	1.22e-01	3.90e-05	1.23e-07	0.00e+00	0.00e+00	0.00e+00	0.00e+00	0.00e+00	8.78e-01	1.67e-05	1.70e-05
 1.26703e+20	8.82e-01	1.18e-01	3.55e-05	0.00e+00	0.00e+00	0.00e+00	0.00e+00	0.00e+00	0.00e+00	8.82e-01	1.65e-05	1.68e-05
 1.27731e+20	8.86e-01	1.14e-01	3.25e-05	0.00e+00	0.00e+00	0.00e+00	0.00e+00	0.00e+00	0.00e+00	8.86e-01	1.62e-05	1.66e-05
 1.28904e+20	8.89e-01	1.11e-01	2.98e-05	0.00e+00	0.00e+00	0.00e+00	0.00e+00	0.00e+00	0.00e+00	8.89e-01	1.61e-05	1.64e-05
 1.30174e+20	8.92e-01	1.08e-01	2.77e-05	0.00e+00	0.00e+00	0.00e+00	0.00e+00	0.00e+00	0.00e+00	8.92e-01	1.59e-05	1.62e-05
 1.31447e+20	8.94e-01	1.06e-01	2.60e-05	0.00e+00	0.00e+00	0.00e+00	0.00e+00	0.00e+00	0.00e+00	8.94e-01	1.57e-05	1.61e-05
 1.32707e+20	8.96e-01	1.04e-01	2.47e-05	0.00e+00	0.00e+00	0.00e+00	0.00e+00	0.00e+00	0.00e+00	8.96e-01	1.56e-05	1.59e-05
 1.34150e+20	8.98e-01	1.02e-01	2.35e-05	0.00e+00	0.00e+00	0.00e+00	0.00e+00	0.00e+00	0.00e+00	8.98e-01	1.55e-05	1.58e-05
 1.36025e+20	9.01e-01	9.94e-02	2.22e-05	0.00e+00	0.00e+00	0.00e+00	0.00e+00	0.00e+00	0.00e+00	9.01e-01	1.54e-05	1.56e-05
 1.38462e+20	9.03e-01	9.69e-02	2.09e-05	0.00e+00	0.00e+00	0.00e+00	0.00e+00	0.00e+00	0.00e+00	9.03e-01	1.52e-05	1.55e-05
 1.41631e+20	9.06e-01	9.41e-02	1.95e-05	0.00e+00	0.00e+00	0.00e+00	0.00e+00	0.00e+00	0.00e+00	9.06e-01	1.50e-05	1.53e-05
 1.45729e+20	9.09e-01	9.10e-02	1.80e-05	0.00e+00	0.00e+00	0.00e+00	0.00e+00	0.00e+00	0.00e+00	9.09e-01	1.48e-05	1.51e-05
 1.50552e+20	9.12e-01	8.78e-02	1.66e-05	0.00e+00	0.00e+00	0.00e+00	0.00e+00	0.00e+00	0.00e+00	9.12e-01	1.46e-05	1.49e-05
 1.55655e+20	9.15e-01	8.45e-02	1.54e-05	0.00e+00	0.00e+00	0.00e+00	0.00e+00	0.00e+00	0.00e+00	9.15e-01	1.44e-05	1.46e-05
 1.60945e+20	9.18e-01	8.16e-02	1.43e-05	0.00e+00	0.00e+00	0.00e+00	0.00e+00	0.00e+00	0.00e+00	9.18e-01	1.42e-05	1.44e-05
 1.66442e+20	9.21e-01	7.87e-02	1.33e-05	0.00e+00	0.00e+00	0.00e+00	0.00e+00	0.00e+00	0.00e+00	9.21e-01	1.40e-05	1.42e-05
 1.72171e+20	9.24e-01	7.59e-02	1.25e-05	0.00e+00	0.00e+00	0.00e+00	0.00e+00	0.00e+00	0.00e+00	9.24e-01	1.39e-05	1.40e-05
 1.78196e+20	9.27e-01	7.32e-02	1.17e-05	0.00e+00	0.00e+00	0.00e+00	0.00e+00	0.00e+00	0.00e+00	9.27e-01	1.37e-05	1.38e-05
 1.84500e+20	9.29e-01	7.06e-02	1.10e-05	0.00e+00	0.00e+00	0.00e+00	0.00e+00	0.00e+00	0.00e+00	9.29e-01	1.35e-05	1.37e-05
 1.91069e+20	9.32e-01	6.80e-02	1.05e-05	0.00e+00	0.00e+00	0.00e+00	0.00e+00	0.00e+00	0.00e+00	9.32e-01	1.33e-05	1.35e-05
 1.97908e+20	9.34e-01	6.56e-02	9.92e-06	0.00e+00	0.00e+00	0.00e+00	0.00e+00	0.00e+00	0.00e+00	9.34e-01	1.32e-05	1.33e-05
 2.05049e+20	9.37e-01	6.33e-02	9.46e-06	0.00e+00	0.00e+00	0.00e+00	0.00e+00	0.00e+00	0.00e+00	9.37e-01	1.30e-05	1.31e-05
 2.12439e+20	9.39e-01	6.10e-02	9.05e-06	0.00e+00	0.00e+00	0.00e+00	0.00e+00	0.00e+00	0.00e+00	9.39e-01	1.29e-05	1.30e-05
 2.20131e+20	9.41e-01	5.88e-02	8.68e-06	0.00e+00	0.00e+00	0.00e+00	0.00e+00	0.00e+00	0.00e+00	9.41e-01	1.27e-05	1.28e-05
 2.28223e+20	9.43e-01	5.67e-02	8.35e-06	0.00e+00	0.00e+00	0.00e+00	0.00e+00	0.00e+00	0.00e+00	9.43e-01	1.26e-05	1.26e-05
 2.36650e+20	9.45e-01	5.47e-02	8.07e-06	0.00e+00	0.00e+00	0.00e+00	0.00e+00	0.00e+00	0.00e+00	9.45e-01	1.24e-05	1.24e-05
 2.45397e+20	9.47e-01	5.27e-02	7.82e-06	0.00e+00	0.00e+00	0.00e+00	0.00e+00	0.00e+00	0.00e+00	9.47e-01	1.23e-05	1.23e-05
 2.54498e+20	9.49e-01	5.08e-02	7.59e-06	0.00e+00	0.00e+00	0.00e+00	0.00e+00	0.00e+00	0.00e+00	9.49e-01	1.21e-05	1.21e-05
 2.63986e+20	9.51e-01	4.89e-02	7.40e-06	0.00e+00	0.00e+00	0.00e+00	0.00e+00	0.00e+00	0.00e+00	9.51e-01	1.20e-05	1.19e-05
 2.73931e+20	9.53e-01	4.72e-02	7.23e-06	0.00e+00	0.00e+00	0.00e+00	0.00e+00	0.00e+00	0.00e+00	9.53e-01	1.18e-05	1.17e-05
 2.84304e+20	9.55e-01	4.54e-02	7.08e-06	0.00e+00	0.00e+00	0.00e+00	0.00e+00	0.00e+00	0.00e+00	9.55e-01	1.17e-05	1.15e-05
 2.95028e+20	9.56e-01	4.38e-02	6.95e-06	0.00e+00	0.00e+00	0.00e+00	0.00e+00	0.00e+00	0.00e+00	9.56e-01	1.16e-05	1.13e-05
 3.06138e+20	9.58e-01	4.22e-02	6.84e-06	0.00e+00	0.00e+00	0.00e+00	0.00e+00	0.00e+00	0.00e+00	9.58e-01	1.14e-05	1.12e-05
 3.17726e+20	9.59e-01	4.07e-02	6.74e-06	0.00e+00	0.00e+00	0.00e+00	0.00e+00	0.00e+00	0.00e+00	9.59e-01	1.13e-05	1.10e-05
 3.29860e+20	9.61e-01	3.92e-02	6.66e-06	0.00e+00	0.00e+00	0.00e+00	0.00e+00	0.00e+00	0.00e+00	9.61e-01	1.12e-05	1.09e-05
 3.42531e+20	9.62e-01	3.78e-02	6.59e-06	0.00e+00	0.00e+00	0.00e+00	0.00e+00	0.00e+00	0.00e+00	9.62e-01	1.11e-05	1.07e-05
 3.55713e+20	9.64e-01	3.64e-02	6.53e-06	0.00e+00	0.00e+00	0.00e+00	0.00e+00	0.00e+00	0.00e+00	9.64e-01	1.10e-05	1.06e-05
 3.69461e+20	9.65e-01	3.51e-02	6.48e-06	0.00e+00	0.00e+00	0.00e+00	0.00e+00	0.00e+00	0.00e+00	9.65e-01	1.08e-05	1.04e-05
 3.83864e+20	9.66e-01	3.38e-02	6.43e-06	0.00e+00	0.00e+00	0.00e+00	0.00e+00	0.00e+00	0.00e+00	9.66e-01	1.07e-05	1.03e-05
 3.98922e+20	9.67e-01	3.26e-02	6.39e-06	0.00e+00	0.00e+00	0.00e+00	0.00e+00	0.00e+00	0.00e+00	9.67e-01	1.06e-05	1.02e-05
 4.14642e+20	9.69e-01	3.14e-02	6.36e-06	0.00e+00	0.00e+00	0.00e+00	0.00e+00	0.00e+00	0.00e+00	9.69e-01	1.05e-05	1.01e-05
 4.31050e+20	9.70e-01	3.02e-02	6.34e-06	0.00e+00	0.00e+00	0.00e+00	0.00e+00	0.00e+00	0.00e+00	9.70e-01	1.04e-05	9.95e-06
 4.48171e+20	9.71e-01	2.91e-02	6.32e-06	0.00e+00	0.00e+00	0.00e+00	0.00e+00	0.00e+00	0.00e+00	9.71e-01	1.03e-05	9.84e-06
 4.66022e+20	9.72e-01	2.80e-02	6.31e-06	0.00e+00	0.00e+00	0.00e+00	0.00e+00	0.00e+00	0.00e+00	9.72e-01	1.02e-05	9.73e-06
 4.84342e+20	9.73e-01	2.70e-02	6.30e-06	0.00e+00	0.00e+00	0.00e+00	0.00e+00	0.00e+00	0.00e+00	9.73e-01	1.01e-05	9.62e-06
 5.02698e+20	9.74e-01	2.60e-02	6.30e-06	0.00e+00	0.00e+00	0.00e+00	0.00e+00	0.00e+00	0.00e+00	9.74e-01	1.00e-05	9.52e-06
 5.20884e+20	9.75e-01	2.51e-02	6.30e-06	0.00e+00	0.00e+00	0.00e+00	0.00e+00	0.00e+00	0.00e+00	9.75e-01	9.92e-06	9.43e-06
 5.38861e+20	9.76e-01	2.43e-02	6.31e-06	0.00e+00	0.00e+00	0.00e+00	0.00e+00	0.00e+00	0.00e+00	9.76e-01	9.83e-06	9.34e-06
 5.56584e+20	9.76e-01	2.35e-02	6.31e-06	0.00e+00	0.00e+00	0.00e+00	0.00e+00	0.00e+00	0.00e+00	9.76e-01	9.74e-06	9.25e-06
 5.73941e+20	9.77e-01	2.28e-02	6.33e-06	0.00e+00	0.00e+00	0.00e+00	0.00e+00	0.00e+00	0.00e+00	9.77e-01	9.65e-06	9.17e-06
 5.90815e+20	9.78e-01	2.21e-02	6.34e-06	0.00e+00	0.00e+00	0.00e+00	0.00e+00	0.00e+00	0.00e+00	9.78e-01	9.56e-06	9.10e-06
 6.07111e+20	9.79e-01	2.14e-02	6.36e-06	0.00e+00	0.00e+00	0.00e+00	0.00e+00	0.00e+00	0.00e+00	9.79e-01	9.47e-06	9.02e-06
