#depth	N	N+	N+2	N+3	N+4	N+5	N+6	N+7
 1.45566e+18	3.98e-07	6.72e-04	8.11e-02	4.24e-01	3.02e-01	1.91e-01	1.13e-03	9.51e-07
 8.73397e+18	3.96e-07	6.70e-04	8.10e-02	4.24e-01	3.02e-01	1.91e-01	1.13e-03	9.49e-07
 3.78472e+19	3.89e-07	6.66e-04	8.14e-02	4.25e-01	3.01e-01	1.91e-01	1.13e-03	9.45e-07
 1.54300e+20	3.67e-07	6.54e-04	8.36e-02	4.30e-01	2.98e-01	1.87e-01	1.10e-03	9.23e-07
 3.68574e+20	3.11e-07	6.08e-04	8.46e-02	4.36e-01	2.92e-01	1.85e-01	1.11e-03	9.32e-07
 6.47129e+20	2.94e-07	6.02e-04	8.85e-02	4.45e-01	2.85e-01	1.79e-01	1.07e-03	8.92e-07
 1.00925e+21	3.02e-07	6.27e-04	9.58e-02	4.58e-01	2.76e-01	1.69e-01	9.92e-04	8.17e-07
 1.48001e+21	3.36e-07	6.96e-04	1.08e-01	4.73e-01	2.63e-01	1.54e-01	8.81e-04	7.08e-07
 1.94318e+21	3.71e-07	7.67e-04	1.22e-01	4.87e-01	2.49e-01	1.40e-01	7.91e-04	6.24e-07
 2.29431e+21	4.18e-07	8.54e-04	1.36e-01	4.97e-01	2.37e-01	1.29e-01	7.15e-04	5.55e-07
 2.59642e+21	4.81e-07	9.62e-04	1.50e-01	5.05e-01	2.25e-01	1.18e-01	6.44e-04	4.91e-07
 2.93698e+21	5.85e-07	1.13e-03	1.69e-01	5.13e-01	2.11e-01	1.05e-01	5.60e-04	4.19e-07
 3.28704e+21	7.06e-07	1.32e-03	1.91e-01	5.19e-01	1.95e-01	9.30e-02	4.86e-04	3.57e-07
 3.56854e+21	8.38e-07	1.51e-03	2.11e-01	5.22e-01	1.81e-01	8.32e-02	4.28e-04	3.10e-07
 3.80721e+21	9.83e-07	1.71e-03	2.31e-01	5.24e-01	1.68e-01	7.47e-02	3.79e-04	2.71e-07
 4.07114e+21	1.20e-06	2.00e-03	2.54e-01	5.24e-01	1.54e-01	6.52e-02	3.25e-04	2.29e-07
 4.33994e+21	1.45e-06	2.30e-03	2.79e-01	5.23e-01	1.38e-01	5.64e-02	2.76e-04	1.93e-07
 4.53784e+21	1.66e-06	2.56e-03	2.99e-01	5.21e-01	1.27e-01	5.02e-02	2.44e-04	1.69e-07
 4.68631e+21	1.84e-06	2.77e-03	3.14e-01	5.19e-01	1.19e-01	4.56e-02	2.19e-04	1.51e-07
 4.84774e+21	2.09e-06	3.05e-03	3.31e-01	5.16e-01	1.09e-01	4.07e-02	1.93e-04	1.32e-07
 5.02297e+21	2.27e-06	3.26e-03	3.48e-01	5.12e-01	9.97e-02	3.61e-02	1.69e-04	0.00e+00
 5.21612e+21	2.71e-06	3.70e-03	3.69e-01	5.07e-01	8.93e-02	3.09e-02	1.41e-04	0.00e+00
 5.39372e+21	3.01e-06	4.01e-03	3.86e-01	5.02e-01	8.06e-02	2.71e-02	1.22e-04	0.00e+00
 5.52346e+21	3.26e-06	4.25e-03	3.99e-01	4.98e-01	7.45e-02	2.44e-02	1.08e-04	0.00e+00
 5.66445e+21	3.52e-06	4.52e-03	4.13e-01	4.93e-01	6.82e-02	2.16e-02	9.37e-05	0.00e+00
 5.82260e+21	3.86e-06	4.85e-03	4.27e-01	4.87e-01	6.17e-02	1.89e-02	8.06e-05	0.00e+00
 5.96483e+21	4.13e-06	5.11e-03	4.40e-01	4.82e-01	5.64e-02	1.69e-02	7.00e-05	0.00e+00
 6.08545e+21	4.36e-06	5.34e-03	4.50e-01	4.77e-01	5.24e-02	1.52e-02	6.19e-05	0.00e+00
 6.21620e+21	4.64e-06	5.61e-03	4.62e-01	4.71e-01	4.81e-02	1.36e-02	5.37e-05	0.00e+00
 6.35817e+21	4.96e-06	5.91e-03	4.74e-01	4.64e-01	4.40e-02	1.21e-02	4.66e-05	0.00e+00
 6.47467e+21	5.18e-06	6.13e-03	4.83e-01	4.59e-01	4.11e-02	1.11e-02	4.13e-05	0.00e+00
 6.56504e+21	5.38e-06	6.33e-03	4.90e-01	4.54e-01	3.89e-02	1.03e-02	3.76e-05	0.00e+00
 6.66149e+21	5.64e-06	6.56e-03	4.98e-01	4.49e-01	3.66e-02	9.51e-03	3.39e-05	0.00e+00
 6.78687e+21	5.96e-06	6.87e-03	5.08e-01	4.42e-01	3.40e-02	8.57e-03	2.94e-05	0.00e+00
 6.91216e+21	6.29e-06	7.17e-03	5.18e-01	4.35e-01	3.17e-02	7.79e-03	2.58e-05	0.00e+00
 7.01460e+21	6.59e-06	7.43e-03	5.26e-01	4.30e-01	2.99e-02	7.21e-03	2.32e-05	0.00e+00
 7.12505e+21	6.97e-06	7.77e-03	5.35e-01	4.23e-01	2.81e-02	6.60e-03	2.05e-05	0.00e+00
 7.26864e+21	7.53e-06	8.24e-03	5.47e-01	4.13e-01	2.59e-02	5.90e-03	1.74e-05	0.00e+00
 7.41587e+21	8.15e-06	8.74e-03	5.58e-01	4.04e-01	2.39e-02	5.28e-03	1.49e-05	0.00e+00
 7.54218e+21	8.77e-06	9.22e-03	5.68e-01	3.96e-01	2.24e-02	4.80e-03	1.29e-05	0.00e+00
 7.68071e+21	9.62e-06	9.85e-03	5.79e-01	3.86e-01	2.08e-02	4.31e-03	1.10e-05	0.00e+00
 7.86079e+21	1.09e-05	1.08e-02	5.94e-01	3.72e-01	1.89e-02	3.73e-03	8.86e-06	0.00e+00
 8.05364e+21	1.26e-05	1.19e-02	6.10e-01	3.58e-01	1.71e-02	3.20e-03	7.01e-06	0.00e+00
 8.23196e+21	1.47e-05	1.32e-02	6.25e-01	3.43e-01	1.56e-02	2.76e-03	5.60e-06	0.00e+00
 8.43265e+21	1.78e-05	1.50e-02	6.43e-01	3.26e-01	1.40e-02	2.32e-03	4.26e-06	0.00e+00
 8.69355e+21	2.33e-05	1.79e-02	6.66e-01	3.02e-01	1.22e-02	1.82e-03	2.93e-06	0.00e+00
 8.96683e+21	3.22e-05	2.21e-02	6.91e-01	2.75e-01	1.04e-02	1.37e-03	1.90e-06	0.00e+00
 9.19380e+21	4.40e-05	2.70e-02	7.12e-01	2.51e-01	9.05e-03	1.06e-03	1.26e-06	0.00e+00
 9.34094e+21	5.50e-05	3.12e-02	7.26e-01	2.34e-01	8.22e-03	8.74e-04	9.40e-07	0.00e+00
 9.41861e+21	6.24e-05	3.39e-02	7.33e-01	2.25e-01	7.79e-03	7.86e-04	7.97e-07	0.00e+00
 9.49148e+21	7.07e-05	3.67e-02	7.40e-01	2.16e-01	7.37e-03	7.08e-04	6.78e-07	0.00e+00
 9.58621e+21	8.38e-05	4.09e-02	7.48e-01	2.04e-01	6.85e-03	6.13e-04	5.43e-07	0.00e+00
 9.69157e+21	1.02e-04	4.64e-02	7.57e-01	1.90e-01	6.28e-03	5.18e-04	4.20e-07	0.00e+00
 9.78642e+21	1.23e-04	5.23e-02	7.64e-01	1.78e-01	5.79e-03	4.40e-04	3.27e-07	0.00e+00
 9.86709e+21	1.46e-04	5.82e-02	7.69e-01	1.67e-01	5.37e-03	3.80e-04	2.61e-07	0.00e+00
 9.94236e+21	1.73e-04	6.47e-02	7.74e-01	1.56e-01	4.99e-03	3.28e-04	2.09e-07	0.00e+00
 1.00289e+22	2.12e-04	7.37e-02	7.77e-01	1.44e-01	4.55e-03	2.73e-04	1.59e-07	0.00e+00
 1.01178e+22	2.63e-04	8.45e-02	7.80e-01	1.31e-01	4.12e-03	2.24e-04	1.18e-07	0.00e+00
 1.01884e+22	3.16e-04	9.48e-02	7.80e-01	1.21e-01	3.79e-03	1.90e-04	0.00e+00	0.00e+00
 1.02477e+22	3.72e-04	1.05e-01	7.79e-01	1.12e-01	3.51e-03	1.63e-04	0.00e+00	0.00e+00
 1.03136e+22	4.50e-04	1.18e-01	7.75e-01	1.03e-01	3.20e-03	1.36e-04	0.00e+00	0.00e+00
 1.03845e+22	5.57e-04	1.35e-01	7.69e-01	9.25e-02	2.88e-03	1.10e-04	0.00e+00	0.00e+00
 1.04454e+22	6.74e-04	1.51e-01	7.62e-01	8.38e-02	2.61e-03	9.13e-05	0.00e+00	0.00e+00
 1.04974e+22	7.99e-04	1.68e-01	7.53e-01	7.63e-02	2.38e-03	7.66e-05	0.00e+00	0.00e+00
 1.05544e+22	9.74e-04	1.89e-01	7.40e-01	6.81e-02	2.14e-03	6.22e-05	0.00e+00	0.00e+00
 1.06150e+22	1.21e-03	2.15e-01	7.22e-01	5.98e-02	1.89e-03	4.92e-05	0.00e+00	0.00e+00
 1.06659e+22	1.46e-03	2.40e-01	7.04e-01	5.30e-02	1.69e-03	3.97e-05	0.00e+00	0.00e+00
 1.07097e+22	1.72e-03	2.65e-01	6.85e-01	4.72e-02	1.52e-03	3.26e-05	0.00e+00	0.00e+00
 1.07583e+22	2.10e-03	2.96e-01	6.59e-01	4.09e-02	1.33e-03	2.57e-05	0.00e+00	0.00e+00
 1.08101e+22	2.59e-03	3.33e-01	6.28e-01	3.48e-02	1.15e-03	1.96e-05	0.00e+00	0.00e+00
 1.08542e+22	3.12e-03	3.69e-01	5.98e-01	2.98e-02	9.98e-04	1.53e-05	0.00e+00	0.00e+00
 1.08926e+22	3.69e-03	4.03e-01	5.67e-01	2.56e-02	8.72e-04	1.21e-05	0.00e+00	0.00e+00
 1.09354e+22	4.48e-03	4.45e-01	5.29e-01	2.13e-02	7.39e-04	9.03e-06	0.00e+00	0.00e+00
 1.09811e+22	5.51e-03	4.92e-01	4.85e-01	1.72e-02	6.09e-04	6.51e-06	0.00e+00	0.00e+00
 1.10206e+22	6.62e-03	5.36e-01	4.43e-01	1.39e-02	5.05e-04	4.77e-06	0.00e+00	0.00e+00
 1.10554e+22	7.82e-03	5.77e-01	4.04e-01	1.14e-02	4.20e-04	3.54e-06	0.00e+00	0.00e+00
 1.10942e+22	9.44e-03	6.23e-01	3.58e-01	8.87e-03	3.36e-04	2.47e-06	0.00e+00	0.00e+00
 1.11331e+22	1.14e-02	6.69e-01	3.12e-01	6.78e-03	2.63e-04	1.68e-06	0.00e+00	0.00e+00
 1.11626e+22	1.32e-02	7.04e-01	2.77e-01	5.42e-03	2.14e-04	1.22e-06	0.00e+00	0.00e+00
 1.11871e+22	1.50e-02	7.33e-01	2.48e-01	4.43e-03	1.77e-04	9.25e-07	0.00e+00	0.00e+00
 1.12145e+22	1.73e-02	7.63e-01	2.16e-01	3.49e-03	1.42e-04	6.63e-07	0.00e+00	0.00e+00
 1.12450e+22	2.02e-02	7.94e-01	1.83e-01	2.65e-03	1.08e-04	4.51e-07	0.00e+00	0.00e+00
 1.12727e+22	2.35e-02	8.20e-01	1.54e-01	2.02e-03	8.31e-05	3.10e-07	0.00e+00	0.00e+00
 1.12970e+22	2.68e-02	8.40e-01	1.31e-01	1.59e-03	6.49e-05	2.22e-07	0.00e+00	0.00e+00
 1.13235e+22	3.12e-02	8.60e-01	1.08e-01	1.20e-03	4.84e-05	1.50e-07	0.00e+00	0.00e+00
 1.13525e+22	3.69e-02	8.77e-01	8.55e-02	8.90e-04	3.44e-05	0.00e+00	0.00e+00	0.00e+00
 1.13788e+22	4.33e-02	8.88e-01	6.80e-02	6.77e-04	2.47e-05	0.00e+00	0.00e+00	0.00e+00
 1.14031e+22	5.06e-02	8.95e-01	5.39e-02	5.27e-04	1.77e-05	0.00e+00	0.00e+00	0.00e+00
 1.14306e+22	6.06e-02	8.98e-01	4.07e-02	4.03e-04	1.20e-05	0.00e+00	0.00e+00	0.00e+00
 1.14581e+22	7.30e-02	8.97e-01	3.02e-02	3.15e-04	7.94e-06	0.00e+00	0.00e+00	0.00e+00
 1.14785e+22	8.45e-02	8.91e-01	2.38e-02	2.65e-04	5.74e-06	0.00e+00	0.00e+00	0.00e+00
 1.14949e+22	9.53e-02	8.85e-01	1.94e-02	2.33e-04	4.39e-06	0.00e+00	0.00e+00	0.00e+00
 1.15128e+22	1.09e-01	8.75e-01	1.53e-02	2.03e-04	3.22e-06	0.00e+00	0.00e+00	0.00e+00
 1.15320e+22	1.26e-01	8.61e-01	1.19e-02	1.78e-04	2.32e-06	0.00e+00	0.00e+00	0.00e+00
 1.15489e+22	1.44e-01	8.46e-01	9.47e-03	1.59e-04	1.73e-06	0.00e+00	0.00e+00	0.00e+00
 1.15638e+22	1.61e-01	8.31e-01	7.69e-03	1.44e-04	1.33e-06	0.00e+00	0.00e+00	0.00e+00
 1.15777e+22	1.80e-01	8.14e-01	6.30e-03	1.32e-04	1.04e-06	0.00e+00	0.00e+00	0.00e+00
 1.15910e+22	1.99e-01	7.96e-01	5.20e-03	1.22e-04	8.21e-07	0.00e+00	0.00e+00	0.00e+00
 1.16035e+22	2.18e-01	7.77e-01	4.35e-03	1.13e-04	6.61e-07	0.00e+00	0.00e+00	0.00e+00
 1.16148e+22	2.37e-01	7.59e-01	3.69e-03	1.06e-04	5.44e-07	0.00e+00	0.00e+00	0.00e+00
 1.16254e+22	2.56e-01	7.41e-01	3.17e-03	9.93e-05	4.54e-07	0.00e+00	0.00e+00	0.00e+00
 1.16341e+22	2.71e-01	7.27e-01	2.83e-03	9.47e-05	3.97e-07	0.00e+00	0.00e+00	0.00e+00
 1.16401e+22	2.81e-01	7.16e-01	2.61e-03	9.16e-05	3.60e-07	0.00e+00	0.00e+00	0.00e+00
 1.16460e+22	2.93e-01	7.05e-01	2.41e-03	8.85e-05	3.28e-07	0.00e+00	0.00e+00	0.00e+00
 1.16526e+22	3.05e-01	6.92e-01	2.20e-03	8.52e-05	2.96e-07	0.00e+00	0.00e+00	0.00e+00
 1.16596e+22	3.19e-01	6.79e-01	2.01e-03	8.20e-05	2.66e-07	0.00e+00	0.00e+00	0.00e+00
 1.16666e+22	3.32e-01	6.66e-01	1.84e-03	7.89e-05	2.40e-07	0.00e+00	0.00e+00	0.00e+00
 1.16735e+22	3.45e-01	6.53e-01	1.69e-03	7.60e-05	2.18e-07	0.00e+00	0.00e+00	0.00e+00
 1.16805e+22	3.58e-01	6.40e-01	1.56e-03	7.32e-05	1.98e-07	0.00e+00	0.00e+00	0.00e+00
 1.16877e+22	3.72e-01	6.27e-01	1.44e-03	7.06e-05	1.81e-07	0.00e+00	0.00e+00	0.00e+00
 1.16951e+22	3.85e-01	6.14e-01	1.33e-03	6.80e-05	1.66e-07	0.00e+00	0.00e+00	0.00e+00
 1.17026e+22	3.98e-01	6.01e-01	1.23e-03	6.55e-05	1.52e-07	0.00e+00	0.00e+00	0.00e+00
 1.17104e+22	4.12e-01	5.87e-01	1.15e-03	6.32e-05	1.40e-07	0.00e+00	0.00e+00	0.00e+00
 1.17185e+22	4.24e-01	5.74e-01	1.07e-03	6.09e-05	1.29e-07	0.00e+00	0.00e+00	0.00e+00
 1.17269e+22	4.37e-01	5.62e-01	1.00e-03	5.88e-05	0.00e+00	0.00e+00	0.00e+00	0.00e+00
 1.17359e+22	4.50e-01	5.49e-01	9.40e-04	5.68e-05	0.00e+00	0.00e+00	0.00e+00	0.00e+00
 1.17455e+22	4.62e-01	5.37e-01	8.84e-04	5.48e-05	0.00e+00	0.00e+00	0.00e+00	0.00e+00
 1.17558e+22	4.74e-01	5.25e-01	8.36e-04	5.30e-05	0.00e+00	0.00e+00	0.00e+00	0.00e+00
 1.17669e+22	4.85e-01	5.14e-01	7.93e-04	5.13e-05	0.00e+00	0.00e+00	0.00e+00	0.00e+00
 1.17791e+22	4.95e-01	5.04e-01	7.57e-04	4.98e-05	0.00e+00	0.00e+00	0.00e+00	0.00e+00
 1.17927e+22	5.05e-01	4.94e-01	7.25e-04	4.84e-05	0.00e+00	0.00e+00	0.00e+00	0.00e+00
 1.18077e+22	5.13e-01	4.86e-01	6.99e-04	4.72e-05	0.00e+00	0.00e+00	0.00e+00	0.00e+00
 1.18232e+22	5.20e-01	4.80e-01	6.80e-04	4.63e-05	0.00e+00	0.00e+00	0.00e+00	0.00e+00
 1.18382e+22	5.25e-01	4.75e-01	6.66e-04	4.56e-05	0.00e+00	0.00e+00	0.00e+00	0.00e+00
 1.18531e+22	5.28e-01	4.71e-01	6.56e-04	4.51e-05	0.00e+00	0.00e+00	0.00e+00	0.00e+00
 1.18677e+22	5.31e-01	4.68e-01	6.48e-04	4.46e-05	0.00e+00	0.00e+00	0.00e+00	0.00e+00
 1.18822e+22	5.33e-01	4.66e-01	6.42e-04	4.43e-05	0.00e+00	0.00e+00	0.00e+00	0.00e+00
 1.18965e+22	5.35e-01	4.64e-01	6.37e-04	4.41e-05	0.00e+00	0.00e+00	0.00e+00	0.00e+00
 1.19130e+22	5.37e-01	4.62e-01	6.32e-04	4.38e-05	0.00e+00	0.00e+00	0.00e+00	0.00e+00
 1.19344e+22	5.39e-01	4.61e-01	6.26e-04	4.35e-05	0.00e+00	0.00e+00	0.00e+00	0.00e+00
 1.19622e+22	5.41e-01	4.58e-01	6.20e-04	4.30e-05	0.00e+00	0.00e+00	0.00e+00	0.00e+00
 1.19984e+22	5.43e-01	4.56e-01	6.14e-04	4.27e-05	0.00e+00	0.00e+00	0.00e+00	0.00e+00
 1.20454e+22	5.45e-01	4.54e-01	6.07e-04	4.23e-05	0.00e+00	0.00e+00	0.00e+00	0.00e+00
 1.21066e+22	5.49e-01	4.51e-01	5.98e-04	4.17e-05	0.00e+00	0.00e+00	0.00e+00	0.00e+00
 1.21861e+22	5.53e-01	4.47e-01	5.87e-04	4.10e-05	0.00e+00	0.00e+00	0.00e+00	0.00e+00
 1.22894e+22	5.58e-01	4.42e-01	5.73e-04	4.01e-05	0.00e+00	0.00e+00	0.00e+00	0.00e+00
 1.24237e+22	5.64e-01	4.35e-01	5.56e-04	3.89e-05	0.00e+00	0.00e+00	0.00e+00	0.00e+00
 1.25983e+22	5.72e-01	4.27e-01	5.35e-04	3.75e-05	0.00e+00	0.00e+00	0.00e+00	0.00e+00
 1.28253e+22	5.82e-01	4.17e-01	5.11e-04	3.58e-05	0.00e+00	0.00e+00	0.00e+00	0.00e+00
 1.31121e+22	5.94e-01	4.05e-01	4.83e-04	3.38e-05	0.00e+00	0.00e+00	0.00e+00	0.00e+00
 1.34341e+22	6.06e-01	3.93e-01	4.56e-04	3.18e-05	0.00e+00	0.00e+00	0.00e+00	0.00e+00
 1.37580e+22	6.17e-01	3.82e-01	4.32e-04	3.00e-05	0.00e+00	0.00e+00	0.00e+00	0.00e+00
 1.40851e+22	6.28e-01	3.71e-01	4.10e-04	2.82e-05	0.00e+00	0.00e+00	0.00e+00	0.00e+00
 1.44302e+22	6.39e-01	3.60e-01	3.89e-04	2.66e-05	0.00e+00	0.00e+00	0.00e+00	0.00e+00
 1.47974e+22	6.50e-01	3.49e-01	3.68e-04	2.49e-05	0.00e+00	0.00e+00	0.00e+00	0.00e+00
 1.51852e+22	6.61e-01	3.38e-01	3.49e-04	2.33e-05	0.00e+00	0.00e+00	0.00e+00	0.00e+00
 1.55908e+22	6.72e-01	3.28e-01	3.30e-04	2.18e-05	0.00e+00	0.00e+00	0.00e+00	0.00e+00
 1.60156e+22	6.83e-01	3.17e-01	3.12e-04	2.03e-05	0.00e+00	0.00e+00	0.00e+00	0.00e+00
 1.64640e+22	6.93e-01	3.07e-01	2.95e-04	1.89e-05	0.00e+00	0.00e+00	0.00e+00	0.00e+00
 1.69355e+22	7.04e-01	2.96e-01	2.79e-04	1.75e-05	0.00e+00	0.00e+00	0.00e+00	0.00e+00
 1.74340e+22	7.14e-01	2.86e-01	2.63e-04	1.62e-05	0.00e+00	0.00e+00	0.00e+00	0.00e+00
 1.79616e+22	7.25e-01	2.75e-01	2.48e-04	1.49e-05	0.00e+00	0.00e+00	0.00e+00	0.00e+00
 1.85169e+22	7.35e-01	2.65e-01	2.33e-04	1.37e-05	0.00e+00	0.00e+00	0.00e+00	0.00e+00
 1.91038e+22	7.45e-01	2.55e-01	2.19e-04	1.26e-05	0.00e+00	0.00e+00	0.00e+00	0.00e+00
 1.97261e+22	7.55e-01	2.44e-01	2.05e-04	1.15e-05	0.00e+00	0.00e+00	0.00e+00	0.00e+00
 2.03879e+22	7.66e-01	2.34e-01	1.91e-04	1.05e-05	0.00e+00	0.00e+00	0.00e+00	0.00e+00
 2.10934e+22	7.76e-01	2.24e-01	1.79e-04	9.46e-06	0.00e+00	0.00e+00	0.00e+00	0.00e+00
 2.18472e+22	7.86e-01	2.14e-01	1.66e-04	8.52e-06	0.00e+00	0.00e+00	0.00e+00	0.00e+00
 2.26546e+22	7.96e-01	2.04e-01	1.54e-04	7.64e-06	0.00e+00	0.00e+00	0.00e+00	0.00e+00
 2.34615e+22	8.05e-01	1.95e-01	1.43e-04	6.86e-06	0.00e+00	0.00e+00	0.00e+00	0.00e+00
 2.42011e+22	8.12e-01	1.87e-01	1.34e-04	6.24e-06	0.00e+00	0.00e+00	0.00e+00	0.00e+00
 2.48666e+22	8.19e-01	1.81e-01	1.26e-04	5.74e-06	0.00e+00	0.00e+00	0.00e+00	0.00e+00
 2.54656e+22	8.24e-01	1.76e-01	1.20e-04	5.32e-06	0.00e+00	0.00e+00	0.00e+00	0.00e+00
 2.60048e+22	8.29e-01	1.71e-01	1.15e-04	4.98e-06	0.00e+00	0.00e+00	0.00e+00	0.00e+00
 2.64900e+22	8.33e-01	1.67e-01	1.10e-04	4.69e-06	0.00e+00	0.00e+00	0.00e+00	0.00e+00
 2.69266e+22	8.37e-01	1.63e-01	1.06e-04	4.45e-06	0.00e+00	0.00e+00	0.00e+00	0.00e+00
 2.73197e+22	8.40e-01	1.60e-01	1.03e-04	4.25e-06	0.00e+00	0.00e+00	0.00e+00	0.00e+00
 2.76734e+22	8.42e-01	1.58e-01	9.98e-05	4.07e-06	0.00e+00	0.00e+00	0.00e+00	0.00e+00
 2.79952e+22	8.45e-01	1.55e-01	9.72e-05	3.92e-06	0.00e+00	0.00e+00	0.00e+00	0.00e+00
 2.83038e+22	8.47e-01	1.53e-01	9.49e-05	3.78e-06	0.00e+00	0.00e+00	0.00e+00	0.00e+00
 2.86123e+22	8.49e-01	1.51e-01	9.25e-05	3.65e-06	0.00e+00	0.00e+00	0.00e+00	0.00e+00
 2.89209e+22	8.51e-01	1.49e-01	9.02e-05	3.52e-06	0.00e+00	0.00e+00	0.00e+00	0.00e+00
 2.92295e+22	8.53e-01	1.47e-01	8.80e-05	3.39e-06	0.00e+00	0.00e+00	0.00e+00	0.00e+00
 2.95380e+22	8.55e-01	1.45e-01	8.59e-05	3.27e-06	0.00e+00	0.00e+00	0.00e+00	0.00e+00
 2.98466e+22	8.57e-01	1.43e-01	8.38e-05	3.16e-06	0.00e+00	0.00e+00	0.00e+00	0.00e+00
 3.01552e+22	8.59e-01	1.41e-01	8.18e-05	3.05e-06	0.00e+00	0.00e+00	0.00e+00	0.00e+00
 3.04637e+22	8.61e-01	1.39e-01	7.98e-05	2.94e-06	0.00e+00	0.00e+00	0.00e+00	0.00e+00
 3.07374e+22	8.63e-01	1.37e-01	7.82e-05	2.85e-06	0.00e+00	0.00e+00	0.00e+00	0.00e+00
