#depth	O	O+	O+2	O+3	O+4	O+5	O+6	O+7	O+8	O[1]	O[2]	O[3]
 3.81377e+14	1.11e-01	8.30e-01	5.95e-02	2.46e-04	2.50e-06	0.00e+00	0.00e+00	0.00e+00	0.00e+00	1.10e-01	2.38e-05	2.63e-05
 2.28826e+15	1.10e-01	8.30e-01	5.99e-02	2.49e-04	2.53e-06	0.00e+00	0.00e+00	0.00e+00	0.00e+00	1.10e-01	2.37e-05	2.62e-05
 9.91581e+15	1.10e-01	8.30e-01	6.03e-02	2.51e-04	2.55e-06	0.00e+00	0.00e+00	0.00e+00	0.00e+00	1.10e-01	2.36e-05	2.60e-05
 4.04260e+16	1.09e-01	8.30e-01	6.13e-02	2.54e-04	2.59e-06	0.00e+00	0.00e+00	0.00e+00	0.00e+00	1.09e-01	2.34e-05	2.59e-05
 9.65648e+16	1.03e-01	8.30e-01	6.67e-02	2.85e-04	2.88e-06	0.00e+00	0.00e+00	0.00e+00	0.00e+00	1.03e-01	2.22e-05	2.46e-05
 1.69545e+17	1.01e-01	8.30e-01	6.91e-02	2.96e-04	2.98e-06	0.00e+00	0.00e+00	0.00e+00	0.00e+00	1.01e-01	2.17e-05	2.40e-05
 2.64420e+17	1.01e-01	8.29e-01	6.97e-02	2.93e-04	2.95e-06	0.00e+00	0.00e+00	0.00e+00	0.00e+00	1.01e-01	2.16e-05	2.39e-05
 3.87756e+17	1.03e-01	8.28e-01	6.81e-02	2.72e-04	2.77e-06	0.00e+00	0.00e+00	0.00e+00	0.00e+00	1.03e-01	2.20e-05	2.44e-05
 5.38673e+17	1.08e-01	8.27e-01	6.46e-02	2.40e-04	2.48e-06	0.00e+00	0.00e+00	0.00e+00	0.00e+00	1.08e-01	2.30e-05	2.55e-05
 7.10038e+17	1.17e-01	8.24e-01	5.89e-02	1.96e-04	2.09e-06	0.00e+00	0.00e+00	0.00e+00	0.00e+00	1.17e-01	2.47e-05	2.73e-05
 9.11126e+17	1.31e-01	8.18e-01	5.08e-02	1.46e-04	1.62e-06	0.00e+00	0.00e+00	0.00e+00	0.00e+00	1.31e-01	2.75e-05	3.04e-05
 1.15032e+18	1.53e-01	8.06e-01	4.10e-02	9.70e-05	1.14e-06	0.00e+00	0.00e+00	0.00e+00	0.00e+00	1.53e-01	3.17e-05	3.50e-05
 1.39948e+18	1.82e-01	7.86e-01	3.18e-02	6.05e-05	7.68e-07	0.00e+00	0.00e+00	0.00e+00	0.00e+00	1.82e-01	3.70e-05	4.08e-05
 1.61743e+18	2.14e-01	7.61e-01	2.47e-02	3.86e-05	5.25e-07	0.00e+00	0.00e+00	0.00e+00	0.00e+00	2.14e-01	4.25e-05	4.68e-05
 1.79824e+18	2.45e-01	7.35e-01	1.97e-02	2.62e-05	3.77e-07	0.00e+00	0.00e+00	0.00e+00	0.00e+00	2.45e-01	4.75e-05	5.22e-05
 1.98926e+18	2.80e-01	7.04e-01	1.54e-02	1.74e-05	2.66e-07	0.00e+00	0.00e+00	0.00e+00	0.00e+00	2.80e-01	5.26e-05	5.78e-05
 2.20191e+18	3.22e-01	6.66e-01	1.17e-02	1.11e-05	1.81e-07	0.00e+00	0.00e+00	0.00e+00	0.00e+00	3.22e-01	5.80e-05	6.37e-05
 2.39697e+18	3.62e-01	6.29e-01	9.12e-03	7.53e-06	1.29e-07	0.00e+00	0.00e+00	0.00e+00	0.00e+00	3.62e-01	6.25e-05	6.85e-05
 2.56202e+18	3.96e-01	5.97e-01	7.40e-03	5.50e-06	0.00e+00	0.00e+00	0.00e+00	0.00e+00	0.00e+00	3.95e-01	6.57e-05	7.20e-05
 2.70727e+18	4.25e-01	5.69e-01	6.17e-03	4.21e-06	0.00e+00	0.00e+00	0.00e+00	0.00e+00	0.00e+00	4.25e-01	6.80e-05	7.45e-05
 2.84866e+18	4.53e-01	5.42e-01	5.18e-03	3.28e-06	0.00e+00	0.00e+00	0.00e+00	0.00e+00	0.00e+00	4.52e-01	6.99e-05	7.66e-05
 2.99205e+18	4.80e-01	5.16e-01	4.35e-03	2.58e-06	0.00e+00	0.00e+00	0.00e+00	0.00e+00	0.00e+00	4.80e-01	7.14e-05	7.82e-05
 3.13527e+18	5.06e-01	4.90e-01	3.67e-03	2.06e-06	0.00e+00	0.00e+00	0.00e+00	0.00e+00	0.00e+00	5.06e-01	7.25e-05	7.94e-05
 3.27591e+18	5.30e-01	4.67e-01	3.11e-03	1.67e-06	0.00e+00	0.00e+00	0.00e+00	0.00e+00	0.00e+00	5.30e-01	7.32e-05	8.01e-05
 3.41592e+18	5.53e-01	4.44e-01	2.65e-03	1.37e-06	0.00e+00	0.00e+00	0.00e+00	0.00e+00	0.00e+00	5.53e-01	7.36e-05	8.06e-05
 3.55616e+18	5.74e-01	4.23e-01	2.27e-03	1.13e-06	0.00e+00	0.00e+00	0.00e+00	0.00e+00	0.00e+00	5.74e-01	7.38e-05	8.07e-05
 3.69508e+18	5.94e-01	4.04e-01	1.95e-03	9.52e-07	0.00e+00	0.00e+00	0.00e+00	0.00e+00	0.00e+00	5.94e-01	7.37e-05	8.06e-05
 3.80890e+18	6.09e-01	3.90e-01	1.74e-03	8.38e-07	0.00e+00	0.00e+00	0.00e+00	0.00e+00	0.00e+00	6.09e-01	7.36e-05	8.04e-05
 3.89202e+18	6.19e-01	3.79e-01	1.60e-03	7.63e-07	0.00e+00	0.00e+00	0.00e+00	0.00e+00	0.00e+00	6.19e-01	7.34e-05	8.02e-05
 3.97445e+18	6.30e-01	3.68e-01	1.46e-03	6.95e-07	0.00e+00	0.00e+00	0.00e+00	0.00e+00	0.00e+00	6.30e-01	7.31e-05	7.99e-05
 4.06783e+18	6.41e-01	3.58e-01	1.33e-03	6.30e-07	0.00e+00	0.00e+00	0.00e+00	0.00e+00	0.00e+00	6.41e-01	7.28e-05	7.95e-05
 4.17228e+18	6.53e-01	3.45e-01	1.20e-03	5.65e-07	0.00e+00	0.00e+00	0.00e+00	0.00e+00	0.00e+00	6.53e-01	7.23e-05	7.90e-05
 4.27930e+18	6.64e-01	3.34e-01	1.08e-03	5.11e-07	0.00e+00	0.00e+00	0.00e+00	0.00e+00	0.00e+00	6.64e-01	7.19e-05	7.85e-05
 4.38607e+18	6.76e-01	3.23e-01	9.71e-04	4.62e-07	0.00e+00	0.00e+00	0.00e+00	0.00e+00	0.00e+00	6.75e-01	7.13e-05	7.79e-05
 4.49683e+18	6.87e-01	3.13e-01	8.73e-04	4.19e-07	0.00e+00	0.00e+00	0.00e+00	0.00e+00	0.00e+00	6.86e-01	7.07e-05	7.72e-05
 4.61027e+18	6.97e-01	3.02e-01	7.85e-04	3.81e-07	0.00e+00	0.00e+00	0.00e+00	0.00e+00	0.00e+00	6.97e-01	7.01e-05	7.65e-05
 4.72739e+18	7.07e-01	2.92e-01	7.04e-04	3.47e-07	0.00e+00	0.00e+00	0.00e+00	0.00e+00	0.00e+00	7.07e-01	6.95e-05	7.58e-05
 4.84958e+18	7.18e-01	2.82e-01	6.30e-04	3.17e-07	0.00e+00	0.00e+00	0.00e+00	0.00e+00	0.00e+00	7.18e-01	6.87e-05	7.49e-05
 4.97645e+18	7.28e-01	2.72e-01	5.63e-04	2.90e-07	0.00e+00	0.00e+00	0.00e+00	0.00e+00	0.00e+00	7.27e-01	6.80e-05	7.41e-05
 5.10796e+18	7.37e-01	2.62e-01	5.02e-04	2.65e-07	0.00e+00	0.00e+00	0.00e+00	0.00e+00	0.00e+00	7.37e-01	6.72e-05	7.32e-05
 5.24344e+18	7.47e-01	2.53e-01	4.47e-04	2.43e-07	0.00e+00	0.00e+00	0.00e+00	0.00e+00	0.00e+00	7.47e-01	6.63e-05	7.23e-05
 5.38332e+18	7.56e-01	2.43e-01	3.98e-04	2.24e-07	0.00e+00	0.00e+00	0.00e+00	0.00e+00	0.00e+00	7.56e-01	6.55e-05	7.13e-05
 5.52920e+18	7.65e-01	2.34e-01	3.54e-04	2.06e-07	0.00e+00	0.00e+00	0.00e+00	0.00e+00	0.00e+00	7.65e-01	6.46e-05	7.03e-05
 5.68123e+18	7.74e-01	2.26e-01	3.15e-04	1.91e-07	0.00e+00	0.00e+00	0.00e+00	0.00e+00	0.00e+00	7.74e-01	6.37e-05	6.93e-05
 5.83965e+18	7.83e-01	2.17e-01	2.79e-04	1.76e-07	0.00e+00	0.00e+00	0.00e+00	0.00e+00	0.00e+00	7.82e-01	6.28e-05	6.83e-05
 6.00371e+18	7.91e-01	2.09e-01	2.47e-04	1.64e-07	0.00e+00	0.00e+00	0.00e+00	0.00e+00	0.00e+00	7.91e-01	6.19e-05	6.73e-05
 6.17460e+18	7.99e-01	2.01e-01	2.19e-04	1.52e-07	0.00e+00	0.00e+00	0.00e+00	0.00e+00	0.00e+00	7.99e-01	6.09e-05	6.62e-05
 6.35473e+18	8.07e-01	1.93e-01	1.94e-04	1.42e-07	0.00e+00	0.00e+00	0.00e+00	0.00e+00	0.00e+00	8.06e-01	6.00e-05	6.52e-05
 6.54439e+18	8.14e-01	1.86e-01	1.72e-04	1.32e-07	0.00e+00	0.00e+00	0.00e+00	0.00e+00	0.00e+00	8.14e-01	5.90e-05	6.41e-05
 6.74430e+18	8.21e-01	1.78e-01	1.52e-04	1.24e-07	0.00e+00	0.00e+00	0.00e+00	0.00e+00	0.00e+00	8.21e-01	5.81e-05	6.30e-05
 6.95452e+18	8.28e-01	1.72e-01	1.35e-04	0.00e+00	0.00e+00	0.00e+00	0.00e+00	0.00e+00	0.00e+00	8.28e-01	5.72e-05	6.20e-05
 7.17644e+18	8.35e-01	1.65e-01	1.19e-04	0.00e+00	0.00e+00	0.00e+00	0.00e+00	0.00e+00	0.00e+00	8.35e-01	5.62e-05	6.10e-05
 7.41211e+18	8.41e-01	1.59e-01	1.06e-04	0.00e+00	0.00e+00	0.00e+00	0.00e+00	0.00e+00	0.00e+00	8.41e-01	5.53e-05	5.99e-05
 7.66056e+18	8.47e-01	1.53e-01	9.42e-05	0.00e+00	0.00e+00	0.00e+00	0.00e+00	0.00e+00	0.00e+00	8.47e-01	5.44e-05	5.89e-05
 7.92262e+18	8.53e-01	1.47e-01	8.40e-05	0.00e+00	0.00e+00	0.00e+00	0.00e+00	0.00e+00	0.00e+00	8.53e-01	5.36e-05	5.80e-05
 8.20134e+18	8.58e-01	1.41e-01	7.50e-05	0.00e+00	0.00e+00	0.00e+00	0.00e+00	0.00e+00	0.00e+00	8.58e-01	5.27e-05	5.70e-05
 8.49925e+18	8.64e-01	1.36e-01	6.71e-05	0.00e+00	0.00e+00	0.00e+00	0.00e+00	0.00e+00	0.00e+00	8.64e-01	5.19e-05	5.61e-05
 8.81905e+18	8.69e-01	1.31e-01	6.02e-05	0.00e+00	0.00e+00	0.00e+00	0.00e+00	0.00e+00	0.00e+00	8.68e-01	5.11e-05	5.52e-05
 9.16312e+18	8.73e-01	1.27e-01	5.42e-05	0.00e+00	0.00e+00	0.00e+00	0.00e+00	0.00e+00	0.00e+00	8.73e-01	5.03e-05	5.44e-05
 9.53420e+18	8.78e-01	1.22e-01	4.88e-05	0.00e+00	0.00e+00	0.00e+00	0.00e+00	0.00e+00	0.00e+00	8.77e-01	4.96e-05	5.35e-05
 9.93645e+18	8.82e-01	1.18e-01	4.40e-05	0.00e+00	0.00e+00	0.00e+00	0.00e+00	0.00e+00	0.00e+00	8.82e-01	4.88e-05	5.27e-05
 1.03739e+19	8.86e-01	1.14e-01	3.98e-05	0.00e+00	0.00e+00	0.00e+00	0.00e+00	0.00e+00	0.00e+00	8.86e-01	4.81e-05	5.19e-05
 1.08493e+19	8.90e-01	1.10e-01	3.61e-05	0.00e+00	0.00e+00	0.00e+00	0.00e+00	0.00e+00	0.00e+00	8.90e-01	4.74e-05	5.11e-05
 1.13645e+19	8.94e-01	1.06e-01	3.27e-05	0.00e+00	0.00e+00	0.00e+00	0.00e+00	0.00e+00	0.00e+00	8.94e-01	4.67e-05	5.03e-05
 1.19212e+19	8.97e-01	1.03e-01	2.97e-05	0.00e+00	0.00e+00	0.00e+00	0.00e+00	0.00e+00	0.00e+00	8.97e-01	4.60e-05	4.95e-05
 1.25175e+19	9.01e-01	9.92e-02	2.71e-05	0.00e+00	0.00e+00	0.00e+00	0.00e+00	0.00e+00	0.00e+00	9.01e-01	4.53e-05	4.88e-05
 1.31572e+19	9.04e-01	9.57e-02	2.47e-05	0.00e+00	0.00e+00	0.00e+00	0.00e+00	0.00e+00	0.00e+00	9.04e-01	4.46e-05	4.80e-05
 1.38440e+19	9.08e-01	9.24e-02	2.25e-05	0.00e+00	0.00e+00	0.00e+00	0.00e+00	0.00e+00	0.00e+00	9.08e-01	4.40e-05	4.73e-05
 1.45727e+19	9.11e-01	8.91e-02	2.06e-05	0.00e+00	0.00e+00	0.00e+00	0.00e+00	0.00e+00	0.00e+00	9.11e-01	4.33e-05	4.65e-05
 1.53413e+19	9.14e-01	8.60e-02	1.89e-05	0.00e+00	0.00e+00	0.00e+00	0.00e+00	0.00e+00	0.00e+00	9.14e-01	4.26e-05	4.58e-05
 1.61505e+19	9.17e-01	8.29e-02	1.74e-05	0.00e+00	0.00e+00	0.00e+00	0.00e+00	0.00e+00	0.00e+00	9.17e-01	4.20e-05	4.51e-05
 1.70008e+19	9.20e-01	8.00e-02	1.61e-05	0.00e+00	0.00e+00	0.00e+00	0.00e+00	0.00e+00	0.00e+00	9.20e-01	4.13e-05	4.43e-05
 1.78912e+19	9.23e-01	7.71e-02	1.49e-05	0.00e+00	0.00e+00	0.00e+00	0.00e+00	0.00e+00	0.00e+00	9.23e-01	4.07e-05	4.33e-05
 1.88180e+19	9.26e-01	7.44e-02	1.38e-05	0.00e+00	0.00e+00	0.00e+00	0.00e+00	0.00e+00	0.00e+00	9.26e-01	4.00e-05	4.24e-05
 1.97836e+19	9.28e-01	7.17e-02	1.29e-05	0.00e+00	0.00e+00	0.00e+00	0.00e+00	0.00e+00	0.00e+00	9.28e-01	3.93e-05	4.16e-05
 2.07925e+19	9.31e-01	6.90e-02	1.21e-05	0.00e+00	0.00e+00	0.00e+00	0.00e+00	0.00e+00	0.00e+00	9.31e-01	3.87e-05	4.07e-05
 2.18509e+19	9.33e-01	6.65e-02	1.13e-05	0.00e+00	0.00e+00	0.00e+00	0.00e+00	0.00e+00	0.00e+00	9.33e-01	3.81e-05	3.98e-05
 2.29533e+19	9.36e-01	6.41e-02	1.06e-05	0.00e+00	0.00e+00	0.00e+00	0.00e+00	0.00e+00	0.00e+00	9.36e-01	3.75e-05	3.90e-05
 2.40895e+19	9.38e-01	6.17e-02	1.00e-05	0.00e+00	0.00e+00	0.00e+00	0.00e+00	0.00e+00	0.00e+00	9.38e-01	3.69e-05	3.83e-05
 2.52663e+19	9.41e-01	5.95e-02	9.49e-06	0.00e+00	0.00e+00	0.00e+00	0.00e+00	0.00e+00	0.00e+00	9.40e-01	3.64e-05	3.75e-05
 2.64863e+19	9.43e-01	5.73e-02	9.01e-06	0.00e+00	0.00e+00	0.00e+00	0.00e+00	0.00e+00	0.00e+00	9.43e-01	3.58e-05	3.68e-05
 2.77540e+19	9.45e-01	5.52e-02	8.58e-06	0.00e+00	0.00e+00	0.00e+00	0.00e+00	0.00e+00	0.00e+00	9.45e-01	3.53e-05	3.61e-05
 2.90659e+19	9.47e-01	5.31e-02	8.20e-06	0.00e+00	0.00e+00	0.00e+00	0.00e+00	0.00e+00	0.00e+00	9.47e-01	3.48e-05	3.55e-05
 3.03885e+19	9.49e-01	5.12e-02	7.87e-06	0.00e+00	0.00e+00	0.00e+00	0.00e+00	0.00e+00	0.00e+00	9.49e-01	3.43e-05	3.49e-05
 3.16920e+19	9.51e-01	4.94e-02	7.60e-06	0.00e+00	0.00e+00	0.00e+00	0.00e+00	0.00e+00	0.00e+00	9.51e-01	3.39e-05	3.43e-05
 3.29721e+19	9.52e-01	4.77e-02	7.36e-06	0.00e+00	0.00e+00	0.00e+00	0.00e+00	0.00e+00	0.00e+00	9.52e-01	3.35e-05	3.38e-05
 3.42330e+19	9.54e-01	4.62e-02	7.15e-06	0.00e+00	0.00e+00	0.00e+00	0.00e+00	0.00e+00	0.00e+00	9.54e-01	3.31e-05	3.33e-05
 3.54729e+19	9.55e-01	4.47e-02	6.98e-06	0.00e+00	0.00e+00	0.00e+00	0.00e+00	0.00e+00	0.00e+00	9.55e-01	3.27e-05	3.28e-05
 3.66861e+19	9.57e-01	4.34e-02	6.83e-06	0.00e+00	0.00e+00	0.00e+00	0.00e+00	0.00e+00	0.00e+00	9.57e-01	3.23e-05	3.23e-05
 3.78653e+19	9.58e-01	4.21e-02	6.70e-06	0.00e+00	0.00e+00	0.00e+00	0.00e+00	0.00e+00	0.00e+00	9.58e-01	3.19e-05	3.19e-05
 3.90035e+19	9.59e-01	4.09e-02	6.59e-06	0.00e+00	0.00e+00	0.00e+00	0.00e+00	0.00e+00	0.00e+00	9.59e-01	3.16e-05	3.15e-05
 4.00970e+19	9.60e-01	3.98e-02	6.50e-06	0.00e+00	0.00e+00	0.00e+00	0.00e+00	0.00e+00	0.00e+00	9.60e-01	3.13e-05	3.11e-05
 4.11433e+19	9.61e-01	3.87e-02	6.43e-06	0.00e+00	0.00e+00	0.00e+00	0.00e+00	0.00e+00	0.00e+00	9.61e-01	3.09e-05	3.08e-05
 4.21405e+19	9.62e-01	3.78e-02	6.37e-06	0.00e+00	0.00e+00	0.00e+00	0.00e+00	0.00e+00	0.00e+00	9.62e-01	3.07e-05	3.04e-05
 4.30849e+19	9.63e-01	3.68e-02	6.32e-06	0.00e+00	0.00e+00	0.00e+00	0.00e+00	0.00e+00	0.00e+00	9.63e-01	3.04e-05	3.01e-05
