#depth	O	O+	O+2	O+3	O+4	O+5	O+6	O+7	O+8	O[1]	O[2]	O[3]
 1.27122e+17	1.32e-03	1.28e-01	6.46e-01	2.06e-01	1.81e-02	2.17e-04	1.97e-06	0.00e+00	0.00e+00	1.32e-03	1.03e-08	1.10e-08
 7.62734e+17	1.31e-03	1.27e-01	6.46e-01	2.07e-01	1.81e-02	2.19e-04	1.98e-06	0.00e+00	0.00e+00	1.31e-03	1.03e-08	1.09e-08
 3.30518e+18	1.27e-03	1.25e-01	6.49e-01	2.07e-01	1.81e-02	2.19e-04	1.99e-06	0.00e+00	0.00e+00	1.27e-03	1.01e-08	1.06e-08
 1.34750e+19	1.18e-03	1.18e-01	6.57e-01	2.06e-01	1.78e-02	2.17e-04	1.99e-06	0.00e+00	0.00e+00	1.18e-03	9.27e-09	9.85e-09
 3.21874e+19	9.39e-04	1.02e-01	6.68e-01	2.11e-01	1.78e-02	2.30e-04	2.16e-06	0.00e+00	0.00e+00	9.39e-04	7.30e-09	7.86e-09
 5.65135e+19	8.00e-04	9.27e-02	6.79e-01	2.10e-01	1.72e-02	2.30e-04	2.20e-06	0.00e+00	0.00e+00	8.00e-04	6.17e-09	6.70e-09
 8.81374e+19	7.14e-04	8.62e-02	6.94e-01	2.03e-01	1.60e-02	2.17e-04	2.12e-06	0.00e+00	0.00e+00	7.14e-04	5.48e-09	5.98e-09
 1.29249e+20	6.89e-04	8.48e-02	7.12e-01	1.88e-01	1.41e-02	1.92e-04	1.88e-06	0.00e+00	0.00e+00	6.89e-04	5.28e-09	5.77e-09
 1.82693e+20	7.20e-04	8.76e-02	7.34e-01	1.65e-01	1.16e-02	1.54e-04	1.51e-06	0.00e+00	0.00e+00	7.20e-04	5.53e-09	6.03e-09
 2.46213e+20	8.20e-04	9.56e-02	7.57e-01	1.37e-01	8.88e-03	1.12e-04	1.09e-06	0.00e+00	0.00e+00	8.20e-04	6.33e-09	6.87e-09
 3.20697e+20	1.10e-03	1.15e-01	7.74e-01	1.04e-01	6.05e-03	6.94e-05	6.53e-07	0.00e+00	0.00e+00	1.10e-03	8.60e-09	9.18e-09
 3.81727e+20	1.39e-03	1.33e-01	7.80e-01	8.10e-02	4.39e-03	4.62e-05	4.24e-07	0.00e+00	0.00e+00	1.39e-03	1.11e-08	1.16e-08
 4.14546e+20	1.67e-03	1.48e-01	7.78e-01	6.90e-02	3.58e-03	3.54e-05	3.19e-07	0.00e+00	0.00e+00	1.67e-03	1.34e-08	1.39e-08
 4.40215e+20	1.92e-03	1.60e-01	7.74e-01	6.05e-02	3.03e-03	2.84e-05	2.52e-07	0.00e+00	0.00e+00	1.92e-03	1.55e-08	1.60e-08
 4.69446e+20	2.39e-03	1.81e-01	7.63e-01	5.05e-02	2.43e-03	2.10e-05	1.82e-07	0.00e+00	0.00e+00	2.39e-03	1.98e-08	2.00e-08
 4.99434e+20	2.87e-03	2.00e-01	7.52e-01	4.27e-02	1.98e-03	1.58e-05	1.35e-07	0.00e+00	0.00e+00	2.87e-03	2.39e-08	2.39e-08
 5.26357e+20	3.56e-03	2.24e-01	7.35e-01	3.56e-02	1.60e-03	1.17e-05	0.00e+00	0.00e+00	0.00e+00	3.56e-03	3.03e-08	2.96e-08
 5.51138e+20	4.25e-03	2.46e-01	7.18e-01	3.02e-02	1.33e-03	8.98e-06	0.00e+00	0.00e+00	0.00e+00	4.25e-03	3.67e-08	3.53e-08
 5.77181e+20	5.21e-03	2.73e-01	6.95e-01	2.50e-02	1.07e-03	6.60e-06	0.00e+00	0.00e+00	0.00e+00	5.21e-03	4.57e-08	4.33e-08
 6.04889e+20	6.45e-03	3.04e-01	6.69e-01	2.04e-02	8.56e-04	4.76e-06	0.00e+00	0.00e+00	0.00e+00	6.45e-03	5.72e-08	5.35e-08
 6.28798e+20	7.83e-03	3.32e-01	6.42e-01	1.69e-02	7.01e-04	3.54e-06	0.00e+00	0.00e+00	0.00e+00	7.83e-03	7.07e-08	6.47e-08
 6.49970e+20	9.29e-03	3.60e-01	6.16e-01	1.42e-02	5.86e-04	2.71e-06	0.00e+00	0.00e+00	0.00e+00	9.29e-03	8.47e-08	7.66e-08
 6.73544e+20	1.13e-02	3.93e-01	5.84e-01	1.15e-02	4.75e-04	1.96e-06	0.00e+00	0.00e+00	0.00e+00	1.13e-02	1.05e-07	9.34e-08
 6.98915e+20	1.40e-02	4.30e-01	5.46e-01	9.11e-03	3.80e-04	1.39e-06	0.00e+00	0.00e+00	0.00e+00	1.40e-02	1.30e-07	1.15e-07
 7.21246e+20	1.69e-02	4.64e-01	5.11e-01	7.34e-03	3.11e-04	1.01e-06	0.00e+00	0.00e+00	0.00e+00	1.69e-02	1.59e-07	1.39e-07
 7.41377e+20	2.01e-02	4.96e-01	4.78e-01	5.98e-03	2.58e-04	7.53e-07	0.00e+00	0.00e+00	0.00e+00	2.01e-02	1.89e-07	1.64e-07
 7.64021e+20	2.46e-02	5.34e-01	4.37e-01	4.64e-03	2.07e-04	5.26e-07	0.00e+00	0.00e+00	0.00e+00	2.46e-02	2.33e-07	2.00e-07
 7.88237e+20	3.04e-02	5.73e-01	3.93e-01	3.50e-03	1.63e-04	3.56e-07	0.00e+00	0.00e+00	0.00e+00	3.04e-02	2.88e-07	2.46e-07
 8.09295e+20	3.65e-02	6.07e-01	3.53e-01	2.70e-03	1.32e-04	2.52e-07	0.00e+00	0.00e+00	0.00e+00	3.65e-02	3.47e-07	2.94e-07
 8.28483e+20	4.35e-02	6.37e-01	3.17e-01	2.09e-03	1.08e-04	1.78e-07	0.00e+00	0.00e+00	0.00e+00	4.35e-02	4.12e-07	3.48e-07
 8.50442e+20	5.32e-02	6.71e-01	2.75e-01	1.52e-03	8.36e-05	1.17e-07	0.00e+00	0.00e+00	0.00e+00	5.32e-02	5.03e-07	4.23e-07
 8.73314e+20	6.53e-02	7.00e-01	2.33e-01	1.08e-03	6.41e-05	0.00e+00	0.00e+00	0.00e+00	0.00e+00	6.53e-02	6.13e-07	5.13e-07
 8.91859e+20	7.70e-02	7.21e-01	2.01e-01	8.06e-04	5.11e-05	0.00e+00	0.00e+00	0.00e+00	0.00e+00	7.70e-02	7.18e-07	6.00e-07
 9.07242e+20	8.88e-02	7.35e-01	1.75e-01	6.18e-04	4.14e-05	0.00e+00	0.00e+00	0.00e+00	0.00e+00	8.88e-02	8.22e-07	6.86e-07
 9.21716e+20	1.01e-01	7.46e-01	1.53e-01	4.78e-04	3.39e-05	0.00e+00	0.00e+00	0.00e+00	0.00e+00	1.01e-01	9.29e-07	7.74e-07
 9.38224e+20	1.18e-01	7.54e-01	1.28e-01	3.50e-04	2.65e-05	0.00e+00	0.00e+00	0.00e+00	0.00e+00	1.18e-01	1.07e-06	8.88e-07
 9.55327e+20	1.37e-01	7.57e-01	1.06e-01	2.52e-04	2.03e-05	0.00e+00	0.00e+00	0.00e+00	0.00e+00	1.37e-01	1.23e-06	1.02e-06
 9.69021e+20	1.55e-01	7.55e-01	8.94e-02	1.90e-04	1.61e-05	0.00e+00	0.00e+00	0.00e+00	0.00e+00	1.55e-01	1.37e-06	1.14e-06
 9.80274e+20	1.71e-01	7.52e-01	7.75e-02	1.52e-04	1.33e-05	0.00e+00	0.00e+00	0.00e+00	0.00e+00	1.71e-01	1.49e-06	1.23e-06
 9.92537e+20	1.91e-01	7.44e-01	6.53e-02	1.16e-04	1.06e-05	0.00e+00	0.00e+00	0.00e+00	0.00e+00	1.91e-01	1.63e-06	1.35e-06
 1.00611e+21	2.14e-01	7.33e-01	5.37e-02	8.71e-05	8.18e-06	0.00e+00	0.00e+00	0.00e+00	0.00e+00	2.14e-01	1.79e-06	1.49e-06
 1.01852e+21	2.37e-01	7.19e-01	4.45e-02	6.68e-05	6.42e-06	0.00e+00	0.00e+00	0.00e+00	0.00e+00	2.37e-01	1.94e-06	1.61e-06
 1.02980e+21	2.58e-01	7.04e-01	3.73e-02	5.25e-05	5.12e-06	0.00e+00	0.00e+00	0.00e+00	0.00e+00	2.58e-01	2.08e-06	1.72e-06
 1.04249e+21	2.86e-01	6.84e-01	3.01e-02	3.98e-05	3.91e-06	0.00e+00	0.00e+00	0.00e+00	0.00e+00	2.86e-01	2.24e-06	1.85e-06
 1.05639e+21	3.16e-01	6.60e-01	2.37e-02	2.97e-05	2.90e-06	0.00e+00	0.00e+00	0.00e+00	0.00e+00	3.16e-01	2.40e-06	1.99e-06
 1.06912e+21	3.46e-01	6.35e-01	1.89e-02	2.28e-05	2.18e-06	0.00e+00	0.00e+00	0.00e+00	0.00e+00	3.46e-01	2.55e-06	2.11e-06
 1.08253e+21	3.77e-01	6.08e-01	1.47e-02	1.75e-05	1.61e-06	0.00e+00	0.00e+00	0.00e+00	0.00e+00	3.77e-01	2.68e-06	2.22e-06
 1.09693e+21	4.12e-01	5.77e-01	1.12e-02	1.33e-05	1.16e-06	0.00e+00	0.00e+00	0.00e+00	0.00e+00	4.12e-01	2.81e-06	2.32e-06
 1.11015e+21	4.44e-01	5.47e-01	8.67e-03	1.05e-05	8.54e-07	0.00e+00	0.00e+00	0.00e+00	0.00e+00	4.44e-01	2.91e-06	2.40e-06
 1.12186e+21	4.72e-01	5.21e-01	6.88e-03	8.59e-06	6.50e-07	0.00e+00	0.00e+00	0.00e+00	0.00e+00	4.72e-01	2.98e-06	2.46e-06
 1.13268e+21	4.98e-01	4.96e-01	5.54e-03	7.21e-06	5.05e-07	0.00e+00	0.00e+00	0.00e+00	0.00e+00	4.98e-01	3.03e-06	2.50e-06
 1.14327e+21	5.23e-01	4.72e-01	4.48e-03	6.13e-06	3.95e-07	0.00e+00	0.00e+00	0.00e+00	0.00e+00	5.23e-01	3.07e-06	2.53e-06
 1.15370e+21	5.46e-01	4.50e-01	3.64e-03	5.28e-06	3.11e-07	0.00e+00	0.00e+00	0.00e+00	0.00e+00	5.46e-01	3.09e-06	2.55e-06
 1.16383e+21	5.69e-01	4.28e-01	2.98e-03	4.60e-06	2.47e-07	0.00e+00	0.00e+00	0.00e+00	0.00e+00	5.69e-01	3.11e-06	2.56e-06
 1.17381e+21	5.89e-01	4.08e-01	2.45e-03	4.07e-06	1.99e-07	0.00e+00	0.00e+00	0.00e+00	0.00e+00	5.89e-01	3.11e-06	2.56e-06
 1.18201e+21	6.05e-01	3.93e-01	2.11e-03	3.71e-06	1.68e-07	0.00e+00	0.00e+00	0.00e+00	0.00e+00	6.05e-01	3.10e-06	2.56e-06
 1.18777e+21	6.15e-01	3.83e-01	1.89e-03	3.48e-06	1.49e-07	0.00e+00	0.00e+00	0.00e+00	0.00e+00	6.15e-01	3.10e-06	2.55e-06
 1.19329e+21	6.26e-01	3.72e-01	1.71e-03	3.27e-06	1.33e-07	0.00e+00	0.00e+00	0.00e+00	0.00e+00	6.26e-01	3.09e-06	2.55e-06
 1.19973e+21	6.37e-01	3.61e-01	1.51e-03	3.06e-06	0.00e+00	0.00e+00	0.00e+00	0.00e+00	0.00e+00	6.37e-01	3.08e-06	2.54e-06
 1.20687e+21	6.49e-01	3.49e-01	1.33e-03	2.85e-06	0.00e+00	0.00e+00	0.00e+00	0.00e+00	0.00e+00	6.49e-01	3.07e-06	2.52e-06
 1.21412e+21	6.61e-01	3.38e-01	1.18e-03	2.66e-06	0.00e+00	0.00e+00	0.00e+00	0.00e+00	0.00e+00	6.61e-01	3.05e-06	2.51e-06
 1.22132e+21	6.72e-01	3.27e-01	1.04e-03	2.50e-06	0.00e+00	0.00e+00	0.00e+00	0.00e+00	0.00e+00	6.72e-01	3.03e-06	2.49e-06
 1.22885e+21	6.83e-01	3.16e-01	9.23e-04	2.35e-06	0.00e+00	0.00e+00	0.00e+00	0.00e+00	0.00e+00	6.83e-01	3.01e-06	2.47e-06
 1.23684e+21	6.93e-01	3.06e-01	8.17e-04	2.21e-06	0.00e+00	0.00e+00	0.00e+00	0.00e+00	0.00e+00	6.93e-01	2.98e-06	2.45e-06
 1.24530e+21	7.03e-01	2.96e-01	7.21e-04	2.07e-06	0.00e+00	0.00e+00	0.00e+00	0.00e+00	0.00e+00	7.03e-01	2.96e-06	2.43e-06
 1.25420e+21	7.13e-01	2.86e-01	6.39e-04	1.96e-06	0.00e+00	0.00e+00	0.00e+00	0.00e+00	0.00e+00	7.13e-01	2.93e-06	2.41e-06
 1.26367e+21	7.23e-01	2.77e-01	5.66e-04	1.84e-06	0.00e+00	0.00e+00	0.00e+00	0.00e+00	0.00e+00	7.23e-01	2.90e-06	2.38e-06
 1.27398e+21	7.32e-01	2.68e-01	5.03e-04	1.74e-06	0.00e+00	0.00e+00	0.00e+00	0.00e+00	0.00e+00	7.32e-01	2.88e-06	2.36e-06
 1.28534e+21	7.41e-01	2.58e-01	4.45e-04	1.65e-06	0.00e+00	0.00e+00	0.00e+00	0.00e+00	0.00e+00	7.41e-01	2.85e-06	2.33e-06
 1.29779e+21	7.50e-01	2.50e-01	3.97e-04	1.56e-06	0.00e+00	0.00e+00	0.00e+00	0.00e+00	0.00e+00	7.50e-01	2.82e-06	2.31e-06
 1.31173e+21	7.58e-01	2.42e-01	3.54e-04	1.48e-06	0.00e+00	0.00e+00	0.00e+00	0.00e+00	0.00e+00	7.58e-01	2.78e-06	2.28e-06
 1.32790e+21	7.66e-01	2.34e-01	3.17e-04	1.41e-06	0.00e+00	0.00e+00	0.00e+00	0.00e+00	0.00e+00	7.66e-01	2.75e-06	2.25e-06
 1.34529e+21	7.73e-01	2.27e-01	2.87e-04	1.34e-06	0.00e+00	0.00e+00	0.00e+00	0.00e+00	0.00e+00	7.73e-01	2.73e-06	2.23e-06
 1.36250e+21	7.78e-01	2.22e-01	2.65e-04	1.29e-06	0.00e+00	0.00e+00	0.00e+00	0.00e+00	0.00e+00	7.78e-01	2.70e-06	2.21e-06
 1.37934e+21	7.82e-01	2.17e-01	2.48e-04	1.25e-06	0.00e+00	0.00e+00	0.00e+00	0.00e+00	0.00e+00	7.82e-01	2.68e-06	2.19e-06
 1.39852e+21	7.87e-01	2.13e-01	2.31e-04	1.21e-06	0.00e+00	0.00e+00	0.00e+00	0.00e+00	0.00e+00	7.87e-01	2.66e-06	2.18e-06
 1.42345e+21	7.92e-01	2.08e-01	2.14e-04	1.17e-06	0.00e+00	0.00e+00	0.00e+00	0.00e+00	0.00e+00	7.92e-01	2.64e-06	2.16e-06
 1.45585e+21	7.98e-01	2.02e-01	1.97e-04	1.12e-06	0.00e+00	0.00e+00	0.00e+00	0.00e+00	0.00e+00	7.98e-01	2.62e-06	2.13e-06
 1.49798e+21	8.04e-01	1.96e-01	1.79e-04	1.07e-06	0.00e+00	0.00e+00	0.00e+00	0.00e+00	0.00e+00	8.04e-01	2.59e-06	2.11e-06
 1.55194e+21	8.11e-01	1.89e-01	1.61e-04	1.01e-06	0.00e+00	0.00e+00	0.00e+00	0.00e+00	0.00e+00	8.11e-01	2.55e-06	2.08e-06
 1.61489e+21	8.18e-01	1.82e-01	1.44e-04	9.59e-07	0.00e+00	0.00e+00	0.00e+00	0.00e+00	0.00e+00	8.18e-01	2.52e-06	2.05e-06
 1.68130e+21	8.24e-01	1.76e-01	1.29e-04	9.08e-07	0.00e+00	0.00e+00	0.00e+00	0.00e+00	0.00e+00	8.24e-01	2.49e-06	2.02e-06
 1.74994e+21	8.30e-01	1.69e-01	1.17e-04	8.61e-07	0.00e+00	0.00e+00	0.00e+00	0.00e+00	0.00e+00	8.30e-01	2.45e-06	1.98e-06
 1.82258e+21	8.36e-01	1.63e-01	1.06e-04	8.16e-07	0.00e+00	0.00e+00	0.00e+00	0.00e+00	0.00e+00	8.36e-01	2.42e-06	1.95e-06
 1.90023e+21	8.42e-01	1.58e-01	9.60e-05	7.74e-07	0.00e+00	0.00e+00	0.00e+00	0.00e+00	0.00e+00	8.42e-01	2.38e-06	1.92e-06
 1.98245e+21	8.48e-01	1.52e-01	8.74e-05	7.34e-07	0.00e+00	0.00e+00	0.00e+00	0.00e+00	0.00e+00	8.48e-01	2.35e-06	1.89e-06
 2.06892e+21	8.53e-01	1.47e-01	7.98e-05	6.96e-07	0.00e+00	0.00e+00	0.00e+00	0.00e+00	0.00e+00	8.53e-01	2.32e-06	1.86e-06
 2.16014e+21	8.58e-01	1.41e-01	7.31e-05	6.61e-07	0.00e+00	0.00e+00	0.00e+00	0.00e+00	0.00e+00	8.58e-01	2.29e-06	1.83e-06
 2.25672e+21	8.63e-01	1.37e-01	6.72e-05	6.27e-07	0.00e+00	0.00e+00	0.00e+00	0.00e+00	0.00e+00	8.63e-01	2.25e-06	1.80e-06
 2.35890e+21	8.68e-01	1.32e-01	6.20e-05	5.95e-07	0.00e+00	0.00e+00	0.00e+00	0.00e+00	0.00e+00	8.68e-01	2.23e-06	1.78e-06
 2.46698e+21	8.73e-01	1.27e-01	5.73e-05	5.64e-07	0.00e+00	0.00e+00	0.00e+00	0.00e+00	0.00e+00	8.73e-01	2.20e-06	1.75e-06
 2.58137e+21	8.77e-01	1.23e-01	5.32e-05	5.35e-07	0.00e+00	0.00e+00	0.00e+00	0.00e+00	0.00e+00	8.77e-01	2.17e-06	1.72e-06
 2.70251e+21	8.82e-01	1.18e-01	4.95e-05	5.07e-07	0.00e+00	0.00e+00	0.00e+00	0.00e+00	0.00e+00	8.82e-01	2.14e-06	1.70e-06
 2.83078e+21	8.86e-01	1.14e-01	4.62e-05	4.81e-07	0.00e+00	0.00e+00	0.00e+00	0.00e+00	0.00e+00	8.86e-01	2.12e-06	1.67e-06
 2.96660e+21	8.90e-01	1.10e-01	4.32e-05	4.56e-07	0.00e+00	0.00e+00	0.00e+00	0.00e+00	0.00e+00	8.90e-01	2.09e-06	1.64e-06
 3.11087e+21	8.93e-01	1.07e-01	4.05e-05	4.32e-07	0.00e+00	0.00e+00	0.00e+00	0.00e+00	0.00e+00	8.93e-01	2.07e-06	1.62e-06
 3.26386e+21	8.97e-01	1.03e-01	3.81e-05	4.09e-07	0.00e+00	0.00e+00	0.00e+00	0.00e+00	0.00e+00	8.97e-01	2.04e-06	1.60e-06
 3.42612e+21	9.01e-01	9.94e-02	3.59e-05	3.87e-07	0.00e+00	0.00e+00	0.00e+00	0.00e+00	0.00e+00	9.01e-01	2.02e-06	1.57e-06
 3.59843e+21	9.04e-01	9.59e-02	3.39e-05	3.66e-07	0.00e+00	0.00e+00	0.00e+00	0.00e+00	0.00e+00	9.04e-01	2.00e-06	1.55e-06
 3.78165e+21	9.07e-01	9.27e-02	3.21e-05	3.45e-07	0.00e+00	0.00e+00	0.00e+00	0.00e+00	0.00e+00	9.07e-01	1.98e-06	1.53e-06
 3.97614e+21	9.10e-01	8.95e-02	3.05e-05	3.26e-07	0.00e+00	0.00e+00	0.00e+00	0.00e+00	0.00e+00	9.10e-01	1.96e-06	1.51e-06
 4.18341e+21	9.14e-01	8.64e-02	2.89e-05	3.08e-07	0.00e+00	0.00e+00	0.00e+00	0.00e+00	0.00e+00	9.14e-01	1.94e-06	1.49e-06
 4.40533e+21	9.16e-01	8.35e-02	2.75e-05	2.90e-07	0.00e+00	0.00e+00	0.00e+00	0.00e+00	0.00e+00	9.16e-01	1.93e-06	1.47e-06
 4.64181e+21	9.19e-01	8.07e-02	2.62e-05	2.73e-07	0.00e+00	0.00e+00	0.00e+00	0.00e+00	0.00e+00	9.19e-01	1.91e-06	1.45e-06
 4.89459e+21	9.22e-01	7.80e-02	2.49e-05	2.57e-07	0.00e+00	0.00e+00	0.00e+00	0.00e+00	0.00e+00	9.22e-01	1.89e-06	1.43e-06
 5.16585e+21	9.25e-01	7.53e-02	2.37e-05	2.41e-07	0.00e+00	0.00e+00	0.00e+00	0.00e+00	0.00e+00	9.25e-01	1.88e-06	1.41e-06
 5.45752e+21	9.27e-01	7.28e-02	2.26e-05	2.26e-07	0.00e+00	0.00e+00	0.00e+00	0.00e+00	0.00e+00	9.27e-01	1.87e-06	1.40e-06
 5.77148e+21	9.30e-01	7.03e-02	2.15e-05	2.11e-07	0.00e+00	0.00e+00	0.00e+00	0.00e+00	0.00e+00	9.30e-01	1.85e-06	1.38e-06
 6.11082e+21	9.32e-01	6.81e-02	2.05e-05	1.97e-07	0.00e+00	0.00e+00	0.00e+00	0.00e+00	0.00e+00	9.32e-01	1.84e-06	1.36e-06
 6.47891e+21	9.34e-01	6.58e-02	1.95e-05	1.84e-07	0.00e+00	0.00e+00	0.00e+00	0.00e+00	0.00e+00	9.34e-01	1.83e-06	1.35e-06
 6.88176e+21	9.36e-01	6.36e-02	1.85e-05	1.71e-07	0.00e+00	0.00e+00	0.00e+00	0.00e+00	0.00e+00	9.36e-01	1.82e-06	1.33e-06
 7.32084e+21	9.38e-01	6.15e-02	1.75e-05	1.58e-07	0.00e+00	0.00e+00	0.00e+00	0.00e+00	0.00e+00	9.38e-01	1.81e-06	1.31e-06
 7.80234e+21	9.40e-01	5.96e-02	1.65e-05	1.46e-07	0.00e+00	0.00e+00	0.00e+00	0.00e+00	0.00e+00	9.40e-01	1.81e-06	1.30e-06
 8.34243e+21	9.42e-01	5.77e-02	1.56e-05	1.34e-07	0.00e+00	0.00e+00	0.00e+00	0.00e+00	0.00e+00	9.42e-01	1.80e-06	1.29e-06
 8.94720e+21	9.44e-01	5.58e-02	1.46e-05	1.23e-07	0.00e+00	0.00e+00	0.00e+00	0.00e+00	0.00e+00	9.44e-01	1.80e-06	1.27e-06
 9.62739e+21	9.46e-01	5.41e-02	1.36e-05	0.00e+00	0.00e+00	0.00e+00	0.00e+00	0.00e+00	0.00e+00	9.46e-01	1.79e-06	1.26e-06
 1.04087e+22	9.48e-01	5.25e-02	1.25e-05	0.00e+00	0.00e+00	0.00e+00	0.00e+00	0.00e+00	0.00e+00	9.48e-01	1.79e-06	1.25e-06
 1.12421e+22	9.49e-01	5.10e-02	1.15e-05	0.00e+00	0.00e+00	0.00e+00	0.00e+00	0.00e+00	0.00e+00	9.49e-01	1.79e-06	1.24e-06
 1.20203e+22	9.50e-01	5.00e-02	1.07e-05	0.00e+00	0.00e+00	0.00e+00	0.00e+00	0.00e+00	0.00e+00	9.50e-01	1.79e-06	1.23e-06
 1.27203e+22	9.51e-01	4.92e-02	1.01e-05	0.00e+00	0.00e+00	0.00e+00	0.00e+00	0.00e+00	0.00e+00	9.51e-01	1.79e-06	1.23e-06
 1.34919e+22	9.52e-01	4.83e-02	9.36e-06	0.00e+00	0.00e+00	0.00e+00	0.00e+00	0.00e+00	0.00e+00	9.52e-01	1.79e-06	1.22e-06
 1.43423e+22	9.52e-01	4.76e-02	8.67e-06	0.00e+00	0.00e+00	0.00e+00	0.00e+00	0.00e+00	0.00e+00	9.52e-01	1.79e-06	1.22e-06
 1.50986e+22	9.53e-01	4.71e-02	8.13e-06	0.00e+00	0.00e+00	0.00e+00	0.00e+00	0.00e+00	0.00e+00	9.53e-01	1.79e-06	1.21e-06
 1.57549e+22	9.53e-01	4.67e-02	7.68e-06	0.00e+00	0.00e+00	0.00e+00	0.00e+00	0.00e+00	0.00e+00	9.53e-01	1.79e-06	1.21e-06
 1.64775e+22	9.54e-01	4.62e-02	7.21e-06	0.00e+00	0.00e+00	0.00e+00	0.00e+00	0.00e+00	0.00e+00	9.54e-01	1.79e-06	1.21e-06
 1.74168e+22	9.54e-01	4.58e-02	6.65e-06	0.00e+00	0.00e+00	0.00e+00	0.00e+00	0.00e+00	0.00e+00	9.54e-01	1.78e-06	1.20e-06
 1.83562e+22	9.55e-01	4.54e-02	6.16e-06	0.00e+00	0.00e+00	0.00e+00	0.00e+00	0.00e+00	0.00e+00	9.55e-01	1.78e-06	1.20e-06
 1.90656e+22	9.55e-01	4.52e-02	5.81e-06	0.00e+00	0.00e+00	0.00e+00	0.00e+00	0.00e+00	0.00e+00	9.55e-01	1.77e-06	1.20e-06
 1.97578e+22	9.55e-01	4.50e-02	5.49e-06	0.00e+00	0.00e+00	0.00e+00	0.00e+00	0.00e+00	0.00e+00	9.55e-01	1.76e-06	1.20e-06
 2.06575e+22	9.55e-01	4.47e-02	5.10e-06	0.00e+00	0.00e+00	0.00e+00	0.00e+00	0.00e+00	0.00e+00	9.55e-01	1.75e-06	1.19e-06
 2.15949e+22	9.55e-01	4.45e-02	4.74e-06	0.00e+00	0.00e+00	0.00e+00	0.00e+00	0.00e+00	0.00e+00	9.55e-01	1.74e-06	1.19e-06
 2.23625e+22	9.56e-01	4.44e-02	4.47e-06	0.00e+00	0.00e+00	0.00e+00	0.00e+00	0.00e+00	0.00e+00	9.56e-01	1.73e-06	1.19e-06
 2.30374e+22	9.56e-01	4.42e-02	4.25e-06	0.00e+00	0.00e+00	0.00e+00	0.00e+00	0.00e+00	0.00e+00	9.56e-01	1.71e-06	1.19e-06
 2.37478e+22	9.56e-01	4.40e-02	4.02e-06	0.00e+00	0.00e+00	0.00e+00	0.00e+00	0.00e+00	0.00e+00	9.56e-01	1.70e-06	1.19e-06
 2.44587e+22	9.56e-01	4.39e-02	3.81e-06	0.00e+00	0.00e+00	0.00e+00	0.00e+00	0.00e+00	0.00e+00	9.56e-01	1.68e-06	1.19e-06
 2.50985e+22	9.56e-01	4.38e-02	3.63e-06	0.00e+00	0.00e+00	0.00e+00	0.00e+00	0.00e+00	0.00e+00	9.56e-01	1.67e-06	1.19e-06
 2.56744e+22	9.56e-01	4.39e-02	3.48e-06	0.00e+00	0.00e+00	0.00e+00	0.00e+00	0.00e+00	0.00e+00	9.56e-01	1.65e-06	1.19e-06
 2.61926e+22	9.56e-01	4.38e-02	3.35e-06	0.00e+00	0.00e+00	0.00e+00	0.00e+00	0.00e+00	0.00e+00	9.56e-01	1.64e-06	1.19e-06
 2.66590e+22	9.56e-01	4.37e-02	3.24e-06	0.00e+00	0.00e+00	0.00e+00	0.00e+00	0.00e+00	0.00e+00	9.56e-01	1.62e-06	1.19e-06
 2.70788e+22	9.56e-01	4.36e-02	3.14e-06	0.00e+00	0.00e+00	0.00e+00	0.00e+00	0.00e+00	0.00e+00	9.56e-01	1.61e-06	1.19e-06
 2.74566e+22	9.56e-01	4.35e-02	3.06e-06	0.00e+00	0.00e+00	0.00e+00	0.00e+00	0.00e+00	0.00e+00	9.56e-01	1.60e-06	1.19e-06
 2.77966e+22	9.57e-01	4.34e-02	2.98e-06	0.00e+00	0.00e+00	0.00e+00	0.00e+00	0.00e+00	0.00e+00	9.57e-01	1.59e-06	1.19e-06
 2.81120e+22	9.57e-01	4.33e-02	2.91e-06	0.00e+00	0.00e+00	0.00e+00	0.00e+00	0.00e+00	0.00e+00	9.57e-01	1.58e-06	1.18e-06
 2.84205e+22	9.57e-01	4.32e-02	2.85e-06	0.00e+00	0.00e+00	0.00e+00	0.00e+00	0.00e+00	0.00e+00	9.57e-01	1.56e-06	1.18e-06
 2.87291e+22	9.57e-01	4.31e-02	2.79e-06	0.00e+00	0.00e+00	0.00e+00	0.00e+00	0.00e+00	0.00e+00	9.57e-01	1.55e-06	1.18e-06
 2.90377e+22	9.57e-01	4.29e-02	2.72e-06	0.00e+00	0.00e+00	0.00e+00	0.00e+00	0.00e+00	0.00e+00	9.57e-01	1.54e-06	1.18e-06
 2.93462e+22	9.57e-01	4.27e-02	2.66e-06	0.00e+00	0.00e+00	0.00e+00	0.00e+00	0.00e+00	0.00e+00	9.57e-01	1.53e-06	1.18e-06
 2.96548e+22	9.57e-01	4.26e-02	2.60e-06	0.00e+00	0.00e+00	0.00e+00	0.00e+00	0.00e+00	0.00e+00	9.57e-01	1.52e-06	1.18e-06
 2.99634e+22	9.58e-01	4.23e-02	2.55e-06	0.00e+00	0.00e+00	0.00e+00	0.00e+00	0.00e+00	0.00e+00	9.58e-01	1.50e-06	1.18e-06
 3.02719e+22	9.58e-01	4.21e-02	2.49e-06	0.00e+00	0.00e+00	0.00e+00	0.00e+00	0.00e+00	0.00e+00	9.58e-01	1.49e-06	1.18e-06
 3.05805e+22	9.58e-01	4.18e-02	2.44e-06	0.00e+00	0.00e+00	0.00e+00	0.00e+00	0.00e+00	0.00e+00	9.58e-01	1.48e-06	1.17e-06
 3.07958e+22	9.58e-01	4.16e-02	2.40e-06	0.00e+00	0.00e+00	0.00e+00	0.00e+00	0.00e+00	0.00e+00	9.58e-01	1.46e-06	1.17e-06
