#depth	He	He+	He+2
 2.78307e+16	3.40e-05	4.99e-02	9.50e-01
 1.66984e+17	3.40e-05	4.99e-02	9.50e-01
 7.23599e+17	3.39e-05	5.00e-02	9.50e-01
 2.95006e+18	3.40e-05	5.08e-02	9.49e-01
 7.04674e+18	3.31e-05	5.07e-02	9.49e-01
 1.23724e+19	3.36e-05	5.20e-02	9.48e-01
 1.92958e+19	3.55e-05	5.50e-02	9.45e-01
 2.82962e+19	3.95e-05	6.08e-02	9.39e-01
 3.81527e+19	4.51e-05	6.92e-02	9.31e-01
 4.69258e+19	5.22e-05	7.97e-02	9.20e-01
 5.44695e+19	6.09e-05	9.22e-02	9.08e-01
 6.08893e+19	7.06e-05	1.06e-01	8.94e-01
 6.63322e+19	8.12e-05	1.21e-01	8.79e-01
 7.11428e+19	9.27e-05	1.37e-01	8.63e-01
 7.54920e+19	1.05e-04	1.54e-01	8.46e-01
 7.96375e+19	1.20e-04	1.74e-01	8.26e-01
 8.43384e+19	1.40e-04	2.01e-01	7.99e-01
 8.90079e+19	1.64e-04	2.33e-01	7.67e-01
 9.25706e+19	1.87e-04	2.61e-01	7.39e-01
 9.54750e+19	2.07e-04	2.86e-01	7.14e-01
 9.85895e+19	2.33e-04	3.16e-01	6.84e-01
 1.02108e+20	2.64e-04	3.53e-01	6.47e-01
 1.05445e+20	2.97e-04	3.90e-01	6.10e-01
 1.08424e+20	3.29e-04	4.25e-01	5.75e-01
 1.11187e+20	3.61e-04	4.58e-01	5.42e-01
 1.14318e+20	4.01e-04	4.97e-01	5.02e-01
 1.17568e+20	4.43e-04	5.36e-01	4.63e-01
 1.20311e+20	4.79e-04	5.69e-01	4.31e-01
 1.23214e+20	5.22e-04	6.03e-01	3.96e-01
 1.26357e+20	5.66e-04	6.38e-01	3.62e-01
 1.29251e+20	6.08e-04	6.67e-01	3.32e-01
 1.32451e+20	6.59e-04	6.99e-01	3.00e-01
 1.35944e+20	7.13e-04	7.30e-01	2.69e-01
 1.39238e+20	7.64e-04	7.56e-01	2.43e-01
 1.42941e+20	8.24e-04	7.84e-01	2.16e-01
 1.47755e+20	9.03e-04	8.14e-01	1.85e-01
 1.52789e+20	9.83e-04	8.40e-01	1.59e-01
 1.57358e+20	1.06e-03	8.59e-01	1.40e-01
 1.62545e+20	1.15e-03	8.79e-01	1.20e-01
 1.68399e+20	1.25e-03	8.96e-01	1.03e-01
 1.72852e+20	1.32e-03	9.06e-01	9.30e-02
 1.75523e+20	1.38e-03	9.11e-01	8.74e-02
 1.78140e+20	1.43e-03	9.17e-01	8.19e-02
 1.81543e+20	1.50e-03	9.23e-01	7.55e-02
 1.85207e+20	1.58e-03	9.29e-01	6.98e-02
 1.88379e+20	1.66e-03	9.33e-01	6.53e-02
 1.91174e+20	1.73e-03	9.37e-01	6.16e-02
 1.94311e+20	1.82e-03	9.41e-01	5.76e-02
 1.97684e+20	1.92e-03	9.44e-01	5.40e-02
 2.00590e+20	2.01e-03	9.47e-01	5.12e-02
 2.03129e+20	2.10e-03	9.49e-01	4.88e-02
 2.05964e+20	2.21e-03	9.52e-01	4.62e-02
 2.08997e+20	2.34e-03	9.54e-01	4.38e-02
 2.11615e+20	2.46e-03	9.56e-01	4.19e-02
 2.13947e+20	2.57e-03	9.57e-01	4.03e-02
 2.16577e+20	2.73e-03	9.59e-01	3.85e-02
 2.19348e+20	2.90e-03	9.60e-01	3.68e-02
 2.21687e+20	3.07e-03	9.62e-01	3.54e-02
 2.23770e+20	3.23e-03	9.62e-01	3.43e-02
 2.26137e+20	3.45e-03	9.64e-01	3.29e-02
 2.28643e+20	3.70e-03	9.65e-01	3.17e-02
 2.30777e+20	3.94e-03	9.65e-01	3.07e-02
 2.32653e+20	4.19e-03	9.66e-01	2.98e-02
 2.34751e+20	4.50e-03	9.67e-01	2.88e-02
 2.36944e+20	4.87e-03	9.67e-01	2.79e-02
 2.38754e+20	5.21e-03	9.68e-01	2.72e-02
 2.40306e+20	5.56e-03	9.68e-01	2.65e-02
 2.42029e+20	6.00e-03	9.68e-01	2.58e-02
 2.43844e+20	6.52e-03	9.68e-01	2.52e-02
 2.45373e+20	7.03e-03	9.68e-01	2.46e-02
 2.46708e+20	7.54e-03	9.68e-01	2.41e-02
 2.48194e+20	8.20e-03	9.68e-01	2.36e-02
 2.49766e+20	9.00e-03	9.68e-01	2.30e-02
 2.51092e+20	9.80e-03	9.68e-01	2.26e-02
 2.52246e+20	1.06e-02	9.67e-01	2.22e-02
 2.53533e+20	1.16e-02	9.67e-01	2.18e-02
 2.54907e+20	1.30e-02	9.66e-01	2.14e-02
 2.56088e+20	1.43e-02	9.65e-01	2.10e-02
 2.57028e+20	1.55e-02	9.64e-01	2.08e-02
 2.57824e+20	1.68e-02	9.63e-01	2.05e-02
 2.58718e+20	1.84e-02	9.61e-01	2.02e-02
 2.59666e+20	2.03e-02	9.60e-01	2.00e-02
 2.60473e+20	2.22e-02	9.58e-01	1.98e-02
 2.61169e+20	2.41e-02	9.56e-01	1.96e-02
 2.61930e+20	2.65e-02	9.54e-01	1.95e-02
 2.62750e+20	2.95e-02	9.51e-01	1.93e-02
 2.63463e+20	3.27e-02	9.48e-01	1.92e-02
 2.64089e+20	3.58e-02	9.45e-01	1.91e-02
 2.64785e+20	4.00e-02	9.41e-01	1.90e-02
 2.65545e+20	4.52e-02	9.36e-01	1.90e-02
 2.66232e+20	5.10e-02	9.30e-01	1.90e-02
 2.66864e+20	5.74e-02	9.24e-01	1.90e-02
 2.67480e+20	6.44e-02	9.17e-01	1.91e-02
 2.68085e+20	7.28e-02	9.08e-01	1.92e-02
 2.68660e+20	8.22e-02	8.98e-01	1.94e-02
 2.69184e+20	9.19e-02	8.88e-01	1.96e-02
 2.69672e+20	1.03e-01	8.78e-01	1.99e-02
 2.70144e+20	1.15e-01	8.65e-01	2.01e-02
 2.70604e+20	1.28e-01	8.52e-01	2.04e-02
 2.71016e+20	1.41e-01	8.38e-01	2.08e-02
 2.71369e+20	1.54e-01	8.25e-01	2.10e-02
 2.71700e+20	1.67e-01	8.12e-01	2.13e-02
 2.72022e+20	1.81e-01	7.98e-01	2.16e-02
 2.72277e+20	1.92e-01	7.86e-01	2.18e-02
 2.72448e+20	2.01e-01	7.77e-01	2.20e-02
 2.72607e+20	2.09e-01	7.69e-01	2.21e-02
 2.72788e+20	2.19e-01	7.58e-01	2.23e-02
 2.72986e+20	2.31e-01	7.47e-01	2.25e-02
 2.73181e+20	2.43e-01	7.35e-01	2.26e-02
 2.73367e+20	2.54e-01	7.23e-01	2.28e-02
 2.73553e+20	2.67e-01	7.10e-01	2.29e-02
 2.73742e+20	2.80e-01	6.97e-01	2.31e-02
 2.73934e+20	2.94e-01	6.83e-01	2.31e-02
 2.74126e+20	3.09e-01	6.68e-01	2.32e-02
 2.74319e+20	3.24e-01	6.53e-01	2.33e-02
 2.74516e+20	3.40e-01	6.37e-01	2.34e-02
 2.74718e+20	3.57e-01	6.19e-01	2.34e-02
 2.74922e+20	3.75e-01	6.02e-01	2.34e-02
 2.75128e+20	3.93e-01	5.84e-01	2.33e-02
 2.75342e+20	4.13e-01	5.64e-01	2.32e-02
 2.75565e+20	4.34e-01	5.43e-01	2.30e-02
 2.75794e+20	4.55e-01	5.22e-01	2.28e-02
 2.76031e+20	4.77e-01	5.00e-01	2.25e-02
 2.76283e+20	5.01e-01	4.77e-01	2.22e-02
 2.76545e+20	5.25e-01	4.54e-01	2.18e-02
 2.76819e+20	5.49e-01	4.30e-01	2.13e-02
 2.77109e+20	5.73e-01	4.07e-01	2.07e-02
 2.77420e+20	5.97e-01	3.83e-01	2.01e-02
 2.77761e+20	6.21e-01	3.60e-01	1.94e-02
 2.78146e+20	6.44e-01	3.38e-01	1.86e-02
 2.78574e+20	6.65e-01	3.17e-01	1.79e-02
 2.79013e+20	6.82e-01	3.01e-01	1.72e-02
 2.79445e+20	6.95e-01	2.88e-01	1.67e-02
 2.79871e+20	7.05e-01	2.79e-01	1.62e-02
 2.80293e+20	7.14e-01	2.71e-01	1.57e-02
 2.80711e+20	7.19e-01	2.65e-01	1.55e-02
 2.81190e+20	7.23e-01	2.61e-01	1.53e-02
 2.81812e+20	7.28e-01	2.57e-01	1.50e-02
 2.82622e+20	7.33e-01	2.52e-01	1.46e-02
 2.83674e+20	7.36e-01	2.50e-01	1.44e-02
 2.85042e+20	7.40e-01	2.46e-01	1.40e-02
 2.86821e+20	7.44e-01	2.43e-01	1.36e-02
 2.89133e+20	7.48e-01	2.38e-01	1.31e-02
 2.92138e+20	7.54e-01	2.33e-01	1.24e-02
 2.96045e+20	7.62e-01	2.27e-01	1.17e-02
 3.01125e+20	7.71e-01	2.19e-01	1.07e-02
 3.07728e+20	7.82e-01	2.09e-01	9.70e-03
 3.15596e+20	7.93e-01	1.98e-01	8.65e-03
 3.23844e+20	8.04e-01	1.88e-01	7.72e-03
 3.32125e+20	8.14e-01	1.79e-01	6.93e-03
 3.40586e+20	8.24e-01	1.70e-01	6.22e-03
 3.49443e+20	8.33e-01	1.62e-01	5.58e-03
 3.58750e+20	8.41e-01	1.54e-01	4.99e-03
 3.68405e+20	8.50e-01	1.46e-01	4.48e-03
 3.78374e+20	8.57e-01	1.39e-01	4.02e-03
 3.88654e+20	8.65e-01	1.32e-01	3.61e-03
 3.99335e+20	8.72e-01	1.25e-01	3.24e-03
 4.10431e+20	8.78e-01	1.19e-01	2.92e-03
 4.21839e+20	8.84e-01	1.13e-01	2.62e-03
 4.33636e+20	8.90e-01	1.07e-01	2.36e-03
 4.45871e+20	8.96e-01	1.02e-01	2.12e-03
 4.58620e+20	9.01e-01	9.69e-02	1.91e-03
 4.71832e+20	9.06e-01	9.21e-02	1.72e-03
 4.85271e+20	9.11e-01	8.76e-02	1.55e-03
 4.99067e+20	9.15e-01	8.34e-02	1.40e-03
 5.13414e+20	9.19e-01	7.93e-02	1.27e-03
 5.28271e+20	9.23e-01	7.54e-02	1.14e-03
 5.43634e+20	9.27e-01	7.18e-02	1.03e-03
 5.59320e+20	9.31e-01	6.83e-02	9.34e-04
 5.75272e+20	9.34e-01	6.51e-02	8.46e-04
 5.91776e+20	9.37e-01	6.21e-02	7.67e-04
 6.08869e+20	9.40e-01	5.91e-02	6.93e-04
 6.26623e+20	9.43e-01	5.63e-02	6.28e-04
 6.44902e+20	9.46e-01	5.37e-02	5.69e-04
 6.63502e+20	9.48e-01	5.12e-02	5.17e-04
 6.82440e+20	9.51e-01	4.89e-02	4.70e-04
 7.01859e+20	9.53e-01	4.67e-02	4.28e-04
 7.21964e+20	9.55e-01	4.46e-02	3.89e-04
 7.42706e+20	9.57e-01	4.26e-02	3.54e-04
 7.63985e+20	9.59e-01	4.07e-02	3.23e-04
 7.85789e+20	9.61e-01	3.89e-02	2.94e-04
 8.08131e+20	9.63e-01	3.72e-02	2.68e-04
 8.30543e+20	9.64e-01	3.56e-02	2.45e-04
 8.52334e+20	9.66e-01	3.42e-02	2.26e-04
 8.73345e+20	9.67e-01	3.29e-02	2.08e-04
 8.93717e+20	9.68e-01	3.18e-02	1.94e-04
 9.13475e+20	9.69e-01	3.07e-02	1.81e-04
 9.32461e+20	9.70e-01	2.98e-02	1.69e-04
 9.50489e+20	9.71e-01	2.89e-02	1.60e-04
 9.67505e+20	9.72e-01	2.82e-02	1.51e-04
 9.83579e+20	9.72e-01	2.76e-02	1.45e-04
 9.98838e+20	9.73e-01	2.71e-02	1.39e-04
