#depth	He	He+	He+2
 2.12996e+15	7.01e-02	8.56e-01	7.35e-02
 1.27798e+16	7.03e-02	8.56e-01	7.33e-02
 5.53789e+16	7.04e-02	8.56e-01	7.31e-02
 2.25776e+17	7.07e-02	8.57e-01	7.26e-02
 5.39306e+17	7.03e-02	8.57e-01	7.29e-02
 9.46894e+17	7.06e-02	8.57e-01	7.23e-02
 1.47676e+18	7.16e-02	8.57e-01	7.10e-02
 2.16559e+18	7.34e-02	8.58e-01	6.88e-02
 3.00589e+18	7.62e-02	8.58e-01	6.58e-02
 3.87868e+18	7.97e-02	8.58e-01	6.27e-02
 4.78375e+18	8.47e-02	8.56e-01	5.88e-02
 5.81730e+18	9.20e-02	8.54e-01	5.43e-02
 6.88883e+18	1.01e-01	8.49e-01	5.01e-02
 7.81815e+18	1.11e-01	8.42e-01	4.67e-02
 8.54904e+18	1.21e-01	8.35e-01	4.41e-02
 9.15677e+18	1.30e-01	8.28e-01	4.22e-02
 9.72326e+18	1.39e-01	8.20e-01	4.06e-02
 1.02829e+19	1.50e-01	8.11e-01	3.92e-02
 1.08050e+19	1.61e-01	8.01e-01	3.81e-02
 1.12442e+19	1.71e-01	7.92e-01	3.72e-02
 1.16061e+19	1.80e-01	7.83e-01	3.66e-02
 1.19331e+19	1.89e-01	7.75e-01	3.61e-02
 1.22517e+19	1.97e-01	7.67e-01	3.56e-02
 1.25667e+19	2.07e-01	7.58e-01	3.52e-02
 1.28719e+19	2.16e-01	7.49e-01	3.48e-02
 1.31555e+19	2.25e-01	7.41e-01	3.45e-02
 1.34269e+19	2.34e-01	7.32e-01	3.41e-02
 1.37064e+19	2.43e-01	7.23e-01	3.38e-02
 1.39386e+19	2.51e-01	7.15e-01	3.35e-02
 1.40981e+19	2.57e-01	7.10e-01	3.33e-02
 1.42494e+19	2.62e-01	7.05e-01	3.31e-02
 1.44258e+19	2.69e-01	6.98e-01	3.28e-02
 1.46195e+19	2.76e-01	6.91e-01	3.25e-02
 1.48145e+19	2.84e-01	6.84e-01	3.22e-02
 1.50094e+19	2.92e-01	6.76e-01	3.19e-02
 1.52089e+19	3.00e-01	6.69e-01	3.16e-02
 1.54155e+19	3.08e-01	6.60e-01	3.13e-02
 1.56288e+19	3.17e-01	6.52e-01	3.09e-02
 1.58479e+19	3.27e-01	6.43e-01	3.05e-02
 1.60732e+19	3.36e-01	6.34e-01	3.01e-02
 1.63053e+19	3.46e-01	6.24e-01	2.97e-02
 1.65445e+19	3.57e-01	6.14e-01	2.92e-02
 1.67911e+19	3.68e-01	6.04e-01	2.87e-02
 1.70460e+19	3.79e-01	5.93e-01	2.82e-02
 1.73090e+19	3.91e-01	5.81e-01	2.77e-02
 1.75770e+19	4.03e-01	5.70e-01	2.71e-02
 1.78538e+19	4.15e-01	5.58e-01	2.65e-02
 1.81399e+19	4.28e-01	5.46e-01	2.60e-02
 1.84350e+19	4.42e-01	5.33e-01	2.53e-02
 1.87379e+19	4.55e-01	5.20e-01	2.47e-02
 1.90510e+19	4.69e-01	5.07e-01	2.40e-02
 1.93759e+19	4.83e-01	4.93e-01	2.34e-02
 1.97056e+19	4.97e-01	4.80e-01	2.27e-02
 2.00444e+19	5.12e-01	4.66e-01	2.20e-02
 2.03970e+19	5.27e-01	4.52e-01	2.13e-02
 2.07602e+19	5.42e-01	4.38e-01	2.06e-02
 2.11284e+19	5.56e-01	4.24e-01	1.99e-02
 2.15043e+19	5.71e-01	4.10e-01	1.92e-02
 2.18885e+19	5.86e-01	3.96e-01	1.85e-02
 2.22824e+19	6.00e-01	3.82e-01	1.78e-02
 2.26878e+19	6.14e-01	3.69e-01	1.71e-02
 2.31008e+19	6.28e-01	3.55e-01	1.65e-02
 2.35238e+19	6.42e-01	3.42e-01	1.58e-02
 2.39642e+19	6.56e-01	3.29e-01	1.51e-02
 2.44233e+19	6.69e-01	3.16e-01	1.44e-02
 2.48961e+19	6.82e-01	3.04e-01	1.38e-02
 2.53862e+19	6.95e-01	2.91e-01	1.31e-02
 2.59028e+19	7.08e-01	2.79e-01	1.25e-02
 2.64481e+19	7.21e-01	2.67e-01	1.18e-02
 2.70199e+19	7.33e-01	2.56e-01	1.12e-02
 2.76236e+19	7.45e-01	2.45e-01	1.06e-02
 2.82704e+19	7.56e-01	2.34e-01	9.94e-03
 2.89639e+19	7.68e-01	2.23e-01	9.32e-03
 2.97094e+19	7.79e-01	2.12e-01	8.71e-03
 3.05157e+19	7.90e-01	2.02e-01	8.11e-03
 3.13941e+19	8.00e-01	1.93e-01	7.53e-03
 3.23519e+19	8.10e-01	1.83e-01	6.95e-03
 3.34036e+19	8.20e-01	1.74e-01	6.40e-03
 3.45642e+19	8.29e-01	1.65e-01	5.85e-03
 3.58465e+19	8.38e-01	1.56e-01	5.33e-03
 3.72612e+19	8.47e-01	1.48e-01	4.84e-03
 3.88183e+19	8.55e-01	1.40e-01	4.37e-03
 4.05291e+19	8.63e-01	1.33e-01	3.93e-03
 4.23957e+19	8.71e-01	1.25e-01	3.52e-03
 4.44220e+19	8.78e-01	1.18e-01	3.15e-03
 4.66118e+19	8.85e-01	1.12e-01	2.81e-03
 4.89669e+19	8.92e-01	1.05e-01	2.50e-03
 5.14875e+19	8.98e-01	9.93e-02	2.23e-03
 5.41765e+19	9.04e-01	9.35e-02	1.98e-03
 5.70399e+19	9.10e-01	8.81e-02	1.76e-03
 6.00850e+19	9.16e-01	8.29e-02	1.56e-03
 6.33203e+19	9.21e-01	7.80e-02	1.38e-03
 6.67595e+19	9.25e-01	7.34e-02	1.23e-03
 7.04070e+19	9.30e-01	6.90e-02	1.09e-03
 7.42771e+19	9.34e-01	6.49e-02	9.64e-04
 7.83960e+19	9.38e-01	6.10e-02	8.54e-04
 8.27812e+19	9.42e-01	5.73e-02	7.56e-04
 8.74538e+19	9.46e-01	5.38e-02	6.69e-04
 9.24386e+19	9.49e-01	5.05e-02	5.92e-04
 9.77653e+19	9.52e-01	4.74e-02	5.23e-04
 1.03472e+20	9.55e-01	4.45e-02	4.62e-04
 1.09603e+20	9.58e-01	4.17e-02	4.07e-04
 1.16210e+20	9.61e-01	3.90e-02	3.59e-04
 1.23350e+20	9.63e-01	3.65e-02	3.16e-04
 1.31097e+20	9.66e-01	3.41e-02	2.77e-04
 1.39541e+20	9.68e-01	3.19e-02	2.43e-04
 1.48788e+20	9.70e-01	2.98e-02	2.12e-04
 1.58970e+20	9.72e-01	2.77e-02	1.85e-04
 1.70242e+20	9.74e-01	2.58e-02	1.61e-04
 1.82813e+20	9.76e-01	2.40e-02	1.40e-04
 1.96954e+20	9.78e-01	2.23e-02	1.21e-04
 2.12993e+20	9.79e-01	2.07e-02	1.05e-04
 2.31318e+20	9.81e-01	1.92e-02	9.03e-05
 2.52514e+20	9.82e-01	1.77e-02	7.75e-05
 2.77123e+20	9.84e-01	1.64e-02	6.66e-05
 3.04835e+20	9.85e-01	1.52e-02	5.76e-05
 3.35318e+20	9.86e-01	1.42e-02	5.02e-05
 3.68850e+20	9.87e-01	1.33e-02	4.43e-05
 4.05735e+20	9.87e-01	1.26e-02	3.94e-05
 4.46309e+20	9.88e-01	1.19e-02	3.54e-05
 4.90940e+20	9.89e-01	1.14e-02	3.21e-05
 5.40034e+20	9.89e-01	1.09e-02	2.94e-05
 5.94037e+20	9.90e-01	1.04e-02	2.72e-05
 6.53441e+20	9.90e-01	1.01e-02	2.53e-05
 7.18785e+20	9.90e-01	9.77e-03	2.37e-05
 7.90663e+20	9.90e-01	9.49e-03	2.24e-05
 8.69730e+20	9.91e-01	9.26e-03	2.13e-05
 9.56703e+20	9.91e-01	9.05e-03	2.04e-05
 1.05237e+21	9.91e-01	8.88e-03	1.96e-05
 1.15761e+21	9.91e-01	8.72e-03	1.89e-05
 1.27337e+21	9.91e-01	8.59e-03	1.83e-05
 1.40071e+21	9.92e-01	8.47e-03	1.78e-05
 1.54078e+21	9.92e-01	8.37e-03	1.73e-05
 1.69486e+21	9.92e-01	8.28e-03	1.70e-05
 1.86434e+21	9.92e-01	8.20e-03	1.66e-05
 2.05078e+21	9.92e-01	8.13e-03	1.63e-05
 2.25585e+21	9.92e-01	8.07e-03	1.61e-05
 2.48144e+21	9.92e-01	8.02e-03	1.58e-05
 2.72958e+21	9.92e-01	7.97e-03	1.56e-05
 3.00254e+21	9.92e-01	7.93e-03	1.54e-05
 3.30280e+21	9.92e-01	7.89e-03	1.53e-05
 3.63308e+21	9.92e-01	7.86e-03	1.51e-05
 3.99638e+21	9.92e-01	7.82e-03	1.50e-05
 4.36648e+21	9.92e-01	7.80e-03	1.49e-05
 4.71409e+21	9.92e-01	7.78e-03	1.48e-05
 5.10005e+21	9.92e-01	7.76e-03	1.47e-05
 5.51574e+21	9.92e-01	7.74e-03	1.46e-05
 5.87731e+21	9.92e-01	7.72e-03	1.45e-05
 6.20175e+21	9.92e-01	7.71e-03	1.45e-05
 6.57070e+21	9.92e-01	7.70e-03	1.44e-05
 6.98137e+21	9.92e-01	7.69e-03	1.43e-05
 7.35918e+21	9.92e-01	7.67e-03	1.43e-05
 7.70293e+21	9.92e-01	7.67e-03	1.42e-05
 8.08951e+21	9.92e-01	7.66e-03	1.42e-05
 8.51664e+21	9.92e-01	7.65e-03	1.41e-05
 8.90641e+21	9.92e-01	7.64e-03	1.41e-05
 9.26384e+21	9.92e-01	7.63e-03	1.41e-05
 9.66932e+21	9.92e-01	7.63e-03	1.40e-05
 1.01198e+22	9.92e-01	7.62e-03	1.40e-05
 1.05355e+22	9.92e-01	7.61e-03	1.40e-05
 1.09216e+22	9.92e-01	7.61e-03	1.39e-05
 1.13625e+22	9.92e-01	7.60e-03	1.39e-05
 1.18558e+22	9.92e-01	7.59e-03	1.39e-05
 1.23205e+22	9.92e-01	7.59e-03	1.39e-05
 1.28281e+22	9.92e-01	7.58e-03	1.38e-05
 1.33953e+22	9.92e-01	7.58e-03	1.38e-05
 1.39373e+22	9.92e-01	7.57e-03	1.38e-05
 1.45393e+22	9.92e-01	7.56e-03	1.37e-05
 1.53219e+22	9.92e-01	7.56e-03	1.37e-05
 1.61933e+22	9.92e-01	7.55e-03	1.37e-05
 1.71801e+22	9.92e-01	7.54e-03	1.36e-05
 1.83938e+22	9.92e-01	7.53e-03	1.36e-05
 1.96401e+22	9.92e-01	7.52e-03	1.36e-05
 2.07618e+22	9.92e-01	7.52e-03	1.35e-05
 2.17713e+22	9.92e-01	7.51e-03	1.35e-05
 2.26798e+22	9.92e-01	7.50e-03	1.35e-05
 2.34975e+22	9.92e-01	7.50e-03	1.35e-05
 2.42334e+22	9.92e-01	7.50e-03	1.35e-05
 2.48958e+22	9.92e-01	7.50e-03	1.35e-05
 2.54919e+22	9.92e-01	7.49e-03	1.34e-05
 2.60284e+22	9.92e-01	7.49e-03	1.34e-05
 2.65112e+22	9.92e-01	7.49e-03	1.34e-05
 2.69458e+22	9.92e-01	7.49e-03	1.34e-05
 2.73369e+22	9.92e-01	7.49e-03	1.34e-05
 2.76889e+22	9.92e-01	7.49e-03	1.34e-05
 2.80099e+22	9.92e-01	7.49e-03	1.34e-05
 2.83184e+22	9.92e-01	7.49e-03	1.35e-05
 2.86270e+22	9.92e-01	7.50e-03	1.35e-05
 2.89356e+22	9.92e-01	7.50e-03	1.35e-05
 2.92441e+22	9.92e-01	7.51e-03	1.35e-05
 2.95527e+22	9.92e-01	7.52e-03	1.36e-05
 2.98613e+22	9.92e-01	7.53e-03	1.37e-05
 3.01525e+22	9.92e-01	7.54e-03	1.37e-05
 3.03995e+22	9.92e-01	7.57e-03	1.39e-05
 3.05987e+22	9.92e-01	7.61e-03	1.41e-05
 3.07723e+22	9.92e-01	7.65e-03	1.42e-05
