#depth	O	O+	O+2	O+3	O+4	O+5	O+6	O+7	O+8	O[1]	O[2]	O[3]
 3.04173e+15	1.15e-03	1.44e-01	7.10e-01	1.40e-01	4.42e-03	1.88e-05	0.00e+00	0.00e+00	0.00e+00	1.15e-03	2.67e-07	3.03e-07
 1.82504e+16	1.14e-03	1.44e-01	7.11e-01	1.40e-01	4.42e-03	1.89e-05	0.00e+00	0.00e+00	0.00e+00	1.14e-03	2.66e-07	3.01e-07
 7.90851e+16	1.12e-03	1.42e-01	7.13e-01	1.40e-01	4.39e-03	1.88e-05	0.00e+00	0.00e+00	0.00e+00	1.12e-03	2.62e-07	2.96e-07
 3.22424e+17	1.07e-03	1.37e-01	7.21e-01	1.36e-01	4.21e-03	1.81e-05	0.00e+00	0.00e+00	0.00e+00	1.07e-03	2.51e-07	2.84e-07
 7.70167e+17	9.33e-04	1.25e-01	7.35e-01	1.35e-01	4.03e-03	1.79e-05	0.00e+00	0.00e+00	0.00e+00	9.33e-04	2.18e-07	2.47e-07
 1.35223e+18	8.46e-04	1.17e-01	7.49e-01	1.29e-01	3.73e-03	1.69e-05	0.00e+00	0.00e+00	0.00e+00	8.45e-04	1.97e-07	2.24e-07
 2.10892e+18	7.90e-04	1.12e-01	7.63e-01	1.20e-01	3.30e-03	1.52e-05	0.00e+00	0.00e+00	0.00e+00	7.90e-04	1.84e-07	2.09e-07
 3.09261e+18	7.73e-04	1.11e-01	7.79e-01	1.07e-01	2.76e-03	1.28e-05	0.00e+00	0.00e+00	0.00e+00	7.73e-04	1.80e-07	2.05e-07
 4.37141e+18	8.07e-04	1.14e-01	7.93e-01	8.95e-02	2.13e-03	9.81e-06	0.00e+00	0.00e+00	0.00e+00	8.06e-04	1.87e-07	2.14e-07
 6.03385e+18	9.29e-04	1.25e-01	8.04e-01	6.80e-02	1.46e-03	6.50e-06	0.00e+00	0.00e+00	0.00e+00	9.29e-04	2.16e-07	2.46e-07
 8.11072e+18	1.20e-03	1.47e-01	8.05e-01	4.61e-02	8.64e-04	3.64e-06	0.00e+00	0.00e+00	0.00e+00	1.20e-03	2.79e-07	3.17e-07
 9.98321e+18	1.53e-03	1.70e-01	7.96e-01	3.20e-02	5.37e-04	2.13e-06	0.00e+00	0.00e+00	0.00e+00	1.53e-03	3.58e-07	4.04e-07
 1.12510e+19	1.87e-03	1.90e-01	7.84e-01	2.45e-02	3.85e-04	1.44e-06	0.00e+00	0.00e+00	0.00e+00	1.87e-03	4.38e-07	4.93e-07
 1.22645e+19	2.23e-03	2.08e-01	7.70e-01	1.97e-02	2.95e-04	1.04e-06	0.00e+00	0.00e+00	0.00e+00	2.22e-03	5.24e-07	5.87e-07
 1.33706e+19	2.74e-03	2.31e-01	7.51e-01	1.53e-02	2.19e-04	7.14e-07	0.00e+00	0.00e+00	0.00e+00	2.74e-03	6.48e-07	7.22e-07
 1.45360e+19	3.40e-03	2.57e-01	7.28e-01	1.18e-02	1.65e-04	4.89e-07	0.00e+00	0.00e+00	0.00e+00	3.40e-03	8.06e-07	8.94e-07
 1.55267e+19	4.11e-03	2.81e-01	7.05e-01	9.43e-03	1.30e-04	3.53e-07	0.00e+00	0.00e+00	0.00e+00	4.11e-03	9.79e-07	1.08e-06
 1.64052e+19	4.91e-03	3.05e-01	6.83e-01	7.66e-03	1.06e-04	2.63e-07	0.00e+00	0.00e+00	0.00e+00	4.91e-03	1.17e-06	1.29e-06
 1.73893e+19	6.06e-03	3.35e-01	6.53e-01	5.99e-03	8.49e-05	1.86e-07	0.00e+00	0.00e+00	0.00e+00	6.06e-03	1.45e-06	1.59e-06
 1.84202e+19	7.58e-03	3.68e-01	6.19e-01	4.62e-03	6.83e-05	1.29e-07	0.00e+00	0.00e+00	0.00e+00	7.58e-03	1.82e-06	1.98e-06
 1.92743e+19	9.20e-03	3.99e-01	5.88e-01	3.69e-03	5.73e-05	0.00e+00	0.00e+00	0.00e+00	0.00e+00	9.19e-03	2.21e-06	2.40e-06
 2.00095e+19	1.10e-02	4.28e-01	5.58e-01	3.00e-03	4.92e-05	0.00e+00	0.00e+00	0.00e+00	0.00e+00	1.10e-02	2.64e-06	2.85e-06
 2.08272e+19	1.35e-02	4.63e-01	5.21e-01	2.33e-03	4.13e-05	0.00e+00	0.00e+00	0.00e+00	0.00e+00	1.34e-02	3.23e-06	3.49e-06
 2.16959e+19	1.67e-02	5.02e-01	4.79e-01	1.78e-03	3.46e-05	0.00e+00	0.00e+00	0.00e+00	0.00e+00	1.67e-02	4.02e-06	4.33e-06
 2.24363e+19	2.03e-02	5.37e-01	4.41e-01	1.38e-03	2.95e-05	0.00e+00	0.00e+00	0.00e+00	0.00e+00	2.03e-02	4.88e-06	5.24e-06
 2.30802e+19	2.42e-02	5.69e-01	4.06e-01	1.09e-03	2.55e-05	0.00e+00	0.00e+00	0.00e+00	0.00e+00	2.42e-02	5.81e-06	6.23e-06
 2.37929e+19	2.97e-02	6.05e-01	3.65e-01	8.20e-04	2.15e-05	0.00e+00	0.00e+00	0.00e+00	0.00e+00	2.96e-02	7.09e-06	7.59e-06
 2.45546e+19	3.69e-02	6.42e-01	3.20e-01	5.93e-04	1.76e-05	0.00e+00	0.00e+00	0.00e+00	0.00e+00	3.69e-02	8.80e-06	9.39e-06
 2.52056e+19	4.48e-02	6.73e-01	2.81e-01	4.40e-04	1.47e-05	0.00e+00	0.00e+00	0.00e+00	0.00e+00	4.47e-02	1.06e-05	1.13e-05
 2.57740e+19	5.33e-02	6.99e-01	2.47e-01	3.31e-04	1.23e-05	0.00e+00	0.00e+00	0.00e+00	0.00e+00	5.32e-02	1.25e-05	1.34e-05
 2.63256e+19	6.33e-02	7.21e-01	2.15e-01	2.46e-04	1.02e-05	0.00e+00	0.00e+00	0.00e+00	0.00e+00	6.32e-02	1.48e-05	1.58e-05
 2.68597e+19	7.50e-02	7.40e-01	1.85e-01	1.81e-04	8.32e-06	0.00e+00	0.00e+00	0.00e+00	0.00e+00	7.49e-02	1.74e-05	1.85e-05
 2.73485e+19	8.76e-02	7.54e-01	1.59e-01	1.35e-04	6.82e-06	0.00e+00	0.00e+00	0.00e+00	0.00e+00	8.75e-02	2.01e-05	2.14e-05
 2.77883e+19	1.01e-01	7.63e-01	1.36e-01	1.01e-04	5.60e-06	0.00e+00	0.00e+00	0.00e+00	0.00e+00	1.01e-01	2.30e-05	2.44e-05
 2.81938e+19	1.16e-01	7.67e-01	1.17e-01	7.67e-05	4.58e-06	0.00e+00	0.00e+00	0.00e+00	0.00e+00	1.16e-01	2.60e-05	2.77e-05
 2.85725e+19	1.32e-01	7.69e-01	9.98e-02	5.83e-05	3.74e-06	0.00e+00	0.00e+00	0.00e+00	0.00e+00	1.32e-01	2.92e-05	3.10e-05
 2.89265e+19	1.47e-01	7.67e-01	8.58e-02	4.51e-05	3.09e-06	0.00e+00	0.00e+00	0.00e+00	0.00e+00	1.47e-01	3.23e-05	3.43e-05
 2.93197e+19	1.68e-01	7.61e-01	7.12e-02	3.33e-05	2.44e-06	0.00e+00	0.00e+00	0.00e+00	0.00e+00	1.68e-01	3.62e-05	3.84e-05
 2.97218e+19	1.91e-01	7.50e-01	5.83e-02	2.43e-05	1.89e-06	0.00e+00	0.00e+00	0.00e+00	0.00e+00	1.91e-01	4.03e-05	4.29e-05
 3.00388e+19	2.12e-01	7.39e-01	4.92e-02	1.89e-05	1.53e-06	0.00e+00	0.00e+00	0.00e+00	0.00e+00	2.12e-01	4.39e-05	4.66e-05
 3.03036e+19	2.30e-01	7.27e-01	4.25e-02	1.52e-05	1.27e-06	0.00e+00	0.00e+00	0.00e+00	0.00e+00	2.30e-01	4.69e-05	4.98e-05
 3.05970e+19	2.53e-01	7.12e-01	3.56e-02	1.19e-05	1.02e-06	0.00e+00	0.00e+00	0.00e+00	0.00e+00	2.53e-01	5.04e-05	5.36e-05
 3.09158e+19	2.78e-01	6.92e-01	2.93e-02	9.15e-06	7.96e-07	0.00e+00	0.00e+00	0.00e+00	0.00e+00	2.78e-01	5.41e-05	5.75e-05
 3.12002e+19	3.02e-01	6.73e-01	2.45e-02	7.26e-06	6.37e-07	0.00e+00	0.00e+00	0.00e+00	0.00e+00	3.02e-01	5.73e-05	6.09e-05
 3.14585e+19	3.24e-01	6.55e-01	2.07e-02	5.91e-06	5.18e-07	0.00e+00	0.00e+00	0.00e+00	0.00e+00	3.24e-01	6.01e-05	6.39e-05
 3.17506e+19	3.52e-01	6.31e-01	1.68e-02	4.65e-06	4.03e-07	0.00e+00	0.00e+00	0.00e+00	0.00e+00	3.52e-01	6.33e-05	6.72e-05
 3.20643e+19	3.81e-01	6.05e-01	1.35e-02	3.64e-06	3.08e-07	0.00e+00	0.00e+00	0.00e+00	0.00e+00	3.81e-01	6.63e-05	7.04e-05
 3.23418e+19	4.08e-01	5.81e-01	1.10e-02	2.94e-06	2.41e-07	0.00e+00	0.00e+00	0.00e+00	0.00e+00	4.08e-01	6.88e-05	7.30e-05
 3.25990e+19	4.33e-01	5.58e-01	9.09e-03	2.44e-06	1.91e-07	0.00e+00	0.00e+00	0.00e+00	0.00e+00	4.33e-01	7.07e-05	7.51e-05
 3.28663e+19	4.60e-01	5.33e-01	7.37e-03	2.01e-06	1.49e-07	0.00e+00	0.00e+00	0.00e+00	0.00e+00	4.60e-01	7.25e-05	7.70e-05
 3.31511e+19	4.88e-01	5.06e-01	5.87e-03	1.65e-06	0.00e+00	0.00e+00	0.00e+00	0.00e+00	0.00e+00	4.88e-01	7.40e-05	7.86e-05
 3.34289e+19	5.16e-01	4.80e-01	4.68e-03	1.37e-06	0.00e+00	0.00e+00	0.00e+00	0.00e+00	0.00e+00	5.16e-01	7.52e-05	7.98e-05
 3.36802e+19	5.40e-01	4.56e-01	3.80e-03	1.17e-06	0.00e+00	0.00e+00	0.00e+00	0.00e+00	0.00e+00	5.40e-01	7.58e-05	8.05e-05
 3.39114e+19	5.63e-01	4.34e-01	3.12e-03	1.01e-06	0.00e+00	0.00e+00	0.00e+00	0.00e+00	0.00e+00	5.63e-01	7.62e-05	8.09e-05
 3.41361e+19	5.84e-01	4.13e-01	2.57e-03	8.87e-07	0.00e+00	0.00e+00	0.00e+00	0.00e+00	0.00e+00	5.84e-01	7.63e-05	8.09e-05
 3.43181e+19	6.00e-01	3.98e-01	2.21e-03	8.03e-07	0.00e+00	0.00e+00	0.00e+00	0.00e+00	0.00e+00	6.00e-01	7.63e-05	8.09e-05
 3.44415e+19	6.11e-01	3.87e-01	1.99e-03	7.51e-07	0.00e+00	0.00e+00	0.00e+00	0.00e+00	0.00e+00	6.11e-01	7.61e-05	8.07e-05
 3.45563e+19	6.22e-01	3.76e-01	1.80e-03	7.05e-07	0.00e+00	0.00e+00	0.00e+00	0.00e+00	0.00e+00	6.22e-01	7.59e-05	8.05e-05
 3.46873e+19	6.34e-01	3.65e-01	1.59e-03	6.56e-07	0.00e+00	0.00e+00	0.00e+00	0.00e+00	0.00e+00	6.34e-01	7.57e-05	8.02e-05
 3.48287e+19	6.46e-01	3.52e-01	1.40e-03	6.09e-07	0.00e+00	0.00e+00	0.00e+00	0.00e+00	0.00e+00	6.46e-01	7.53e-05	7.98e-05
 3.49681e+19	6.58e-01	3.41e-01	1.24e-03	5.68e-07	0.00e+00	0.00e+00	0.00e+00	0.00e+00	0.00e+00	6.58e-01	7.49e-05	7.93e-05
 3.51046e+19	6.69e-01	3.30e-01	1.09e-03	5.31e-07	0.00e+00	0.00e+00	0.00e+00	0.00e+00	0.00e+00	6.69e-01	7.44e-05	7.88e-05
 3.52427e+19	6.81e-01	3.18e-01	9.64e-04	4.96e-07	0.00e+00	0.00e+00	0.00e+00	0.00e+00	0.00e+00	6.81e-01	7.39e-05	7.82e-05
 3.53815e+19	6.92e-01	3.07e-01	8.51e-04	4.64e-07	0.00e+00	0.00e+00	0.00e+00	0.00e+00	0.00e+00	6.92e-01	7.33e-05	7.75e-05
 3.55210e+19	7.03e-01	2.96e-01	7.48e-04	4.35e-07	0.00e+00	0.00e+00	0.00e+00	0.00e+00	0.00e+00	7.03e-01	7.26e-05	7.68e-05
 3.56614e+19	7.13e-01	2.86e-01	6.58e-04	4.08e-07	0.00e+00	0.00e+00	0.00e+00	0.00e+00	0.00e+00	7.13e-01	7.19e-05	7.60e-05
 3.58025e+19	7.24e-01	2.76e-01	5.78e-04	3.83e-07	0.00e+00	0.00e+00	0.00e+00	0.00e+00	0.00e+00	7.24e-01	7.10e-05	7.51e-05
 3.59456e+19	7.34e-01	2.66e-01	5.08e-04	3.60e-07	0.00e+00	0.00e+00	0.00e+00	0.00e+00	0.00e+00	7.33e-01	7.02e-05	7.42e-05
 3.60908e+19	7.44e-01	2.56e-01	4.44e-04	3.38e-07	0.00e+00	0.00e+00	0.00e+00	0.00e+00	0.00e+00	7.44e-01	6.93e-05	7.32e-05
 3.62364e+19	7.53e-01	2.46e-01	3.90e-04	3.19e-07	0.00e+00	0.00e+00	0.00e+00	0.00e+00	0.00e+00	7.53e-01	6.84e-05	7.22e-05
 3.63828e+19	7.63e-01	2.37e-01	3.42e-04	3.00e-07	0.00e+00	0.00e+00	0.00e+00	0.00e+00	0.00e+00	7.62e-01	6.74e-05	7.12e-05
 3.65326e+19	7.72e-01	2.28e-01	2.99e-04	2.83e-07	0.00e+00	0.00e+00	0.00e+00	0.00e+00	0.00e+00	7.71e-01	6.64e-05	7.02e-05
 3.66856e+19	7.81e-01	2.19e-01	2.61e-04	2.67e-07	0.00e+00	0.00e+00	0.00e+00	0.00e+00	0.00e+00	7.81e-01	6.54e-05	6.91e-05
 3.68397e+19	7.89e-01	2.11e-01	2.29e-04	2.52e-07	0.00e+00	0.00e+00	0.00e+00	0.00e+00	0.00e+00	7.89e-01	6.44e-05	6.80e-05
 3.69957e+19	7.97e-01	2.02e-01	2.00e-04	2.38e-07	0.00e+00	0.00e+00	0.00e+00	0.00e+00	0.00e+00	7.97e-01	6.34e-05	6.69e-05
 3.71564e+19	8.05e-01	1.95e-01	1.75e-04	2.25e-07	0.00e+00	0.00e+00	0.00e+00	0.00e+00	0.00e+00	8.05e-01	6.24e-05	6.58e-05
 3.73221e+19	8.13e-01	1.87e-01	1.53e-04	2.13e-07	0.00e+00	0.00e+00	0.00e+00	0.00e+00	0.00e+00	8.13e-01	6.14e-05	6.47e-05
 3.74911e+19	8.20e-01	1.79e-01	1.34e-04	2.02e-07	0.00e+00	0.00e+00	0.00e+00	0.00e+00	0.00e+00	8.20e-01	6.04e-05	6.36e-05
 3.76632e+19	8.28e-01	1.72e-01	1.17e-04	1.91e-07	0.00e+00	0.00e+00	0.00e+00	0.00e+00	0.00e+00	8.27e-01	5.94e-05	6.25e-05
 3.78413e+19	8.34e-01	1.65e-01	1.03e-04	1.81e-07	0.00e+00	0.00e+00	0.00e+00	0.00e+00	0.00e+00	8.34e-01	5.84e-05	6.15e-05
 3.80256e+19	8.41e-01	1.59e-01	9.04e-05	1.72e-07	0.00e+00	0.00e+00	0.00e+00	0.00e+00	0.00e+00	8.41e-01	5.74e-05	6.04e-05
 3.82144e+19	8.47e-01	1.53e-01	7.98e-05	1.64e-07	0.00e+00	0.00e+00	0.00e+00	0.00e+00	0.00e+00	8.47e-01	5.65e-05	5.94e-05
 3.84073e+19	8.53e-01	1.47e-01	7.07e-05	1.56e-07	0.00e+00	0.00e+00	0.00e+00	0.00e+00	0.00e+00	8.53e-01	5.56e-05	5.85e-05
 3.86074e+19	8.58e-01	1.42e-01	6.30e-05	1.49e-07	0.00e+00	0.00e+00	0.00e+00	0.00e+00	0.00e+00	8.58e-01	5.48e-05	5.75e-05
 3.88173e+19	8.63e-01	1.37e-01	5.62e-05	1.42e-07	0.00e+00	0.00e+00	0.00e+00	0.00e+00	0.00e+00	8.63e-01	5.39e-05	5.66e-05
 3.90391e+19	8.68e-01	1.32e-01	5.04e-05	1.36e-07	0.00e+00	0.00e+00	0.00e+00	0.00e+00	0.00e+00	8.68e-01	5.31e-05	5.58e-05
 3.92754e+19	8.72e-01	1.27e-01	4.54e-05	1.31e-07	0.00e+00	0.00e+00	0.00e+00	0.00e+00	0.00e+00	8.72e-01	5.24e-05	5.50e-05
 3.95303e+19	8.77e-01	1.23e-01	4.11e-05	1.26e-07	0.00e+00	0.00e+00	0.00e+00	0.00e+00	0.00e+00	8.77e-01	5.17e-05	5.42e-05
 3.98088e+19	8.81e-01	1.19e-01	3.73e-05	0.00e+00	0.00e+00	0.00e+00	0.00e+00	0.00e+00	0.00e+00	8.81e-01	5.10e-05	5.34e-05
 4.01181e+19	8.84e-01	1.16e-01	3.40e-05	0.00e+00	0.00e+00	0.00e+00	0.00e+00	0.00e+00	0.00e+00	8.84e-01	5.03e-05	5.27e-05
 4.04680e+19	8.88e-01	1.12e-01	3.12e-05	0.00e+00	0.00e+00	0.00e+00	0.00e+00	0.00e+00	0.00e+00	8.88e-01	4.97e-05	5.20e-05
 4.08582e+19	8.91e-01	1.09e-01	2.88e-05	0.00e+00	0.00e+00	0.00e+00	0.00e+00	0.00e+00	0.00e+00	8.91e-01	4.91e-05	5.14e-05
 4.12635e+19	8.93e-01	1.06e-01	2.69e-05	0.00e+00	0.00e+00	0.00e+00	0.00e+00	0.00e+00	0.00e+00	8.93e-01	4.87e-05	5.09e-05
 4.16642e+19	8.96e-01	1.04e-01	2.55e-05	0.00e+00	0.00e+00	0.00e+00	0.00e+00	0.00e+00	0.00e+00	8.96e-01	4.83e-05	5.05e-05
 4.20611e+19	8.97e-01	1.03e-01	2.43e-05	0.00e+00	0.00e+00	0.00e+00	0.00e+00	0.00e+00	0.00e+00	8.97e-01	4.79e-05	5.01e-05
 4.25158e+19	8.99e-01	1.01e-01	2.32e-05	0.00e+00	0.00e+00	0.00e+00	0.00e+00	0.00e+00	0.00e+00	8.99e-01	4.75e-05	4.97e-05
 4.31068e+19	9.02e-01	9.85e-02	2.20e-05	0.00e+00	0.00e+00	0.00e+00	0.00e+00	0.00e+00	0.00e+00	9.01e-01	4.71e-05	4.93e-05
 4.38751e+19	9.04e-01	9.61e-02	2.07e-05	0.00e+00	0.00e+00	0.00e+00	0.00e+00	0.00e+00	0.00e+00	9.04e-01	4.67e-05	4.88e-05
 4.48740e+19	9.07e-01	9.35e-02	1.94e-05	0.00e+00	0.00e+00	0.00e+00	0.00e+00	0.00e+00	0.00e+00	9.06e-01	4.62e-05	4.82e-05
 4.61659e+19	9.10e-01	9.03e-02	1.79e-05	0.00e+00	0.00e+00	0.00e+00	0.00e+00	0.00e+00	0.00e+00	9.10e-01	4.56e-05	4.75e-05
 4.77022e+19	9.13e-01	8.70e-02	1.65e-05	0.00e+00	0.00e+00	0.00e+00	0.00e+00	0.00e+00	0.00e+00	9.13e-01	4.49e-05	4.68e-05
 4.93318e+19	9.16e-01	8.39e-02	1.53e-05	0.00e+00	0.00e+00	0.00e+00	0.00e+00	0.00e+00	0.00e+00	9.16e-01	4.43e-05	4.61e-05
 5.09859e+19	9.19e-01	8.09e-02	1.43e-05	0.00e+00	0.00e+00	0.00e+00	0.00e+00	0.00e+00	0.00e+00	9.19e-01	4.37e-05	4.55e-05
 5.27021e+19	9.22e-01	7.80e-02	1.33e-05	0.00e+00	0.00e+00	0.00e+00	0.00e+00	0.00e+00	0.00e+00	9.22e-01	4.31e-05	4.48e-05
 5.45098e+19	9.25e-01	7.52e-02	1.25e-05	0.00e+00	0.00e+00	0.00e+00	0.00e+00	0.00e+00	0.00e+00	9.25e-01	4.25e-05	4.42e-05
 5.63973e+19	9.28e-01	7.25e-02	1.18e-05	0.00e+00	0.00e+00	0.00e+00	0.00e+00	0.00e+00	0.00e+00	9.27e-01	4.20e-05	4.36e-05
 5.83562e+19	9.30e-01	6.98e-02	1.11e-05	0.00e+00	0.00e+00	0.00e+00	0.00e+00	0.00e+00	0.00e+00	9.30e-01	4.14e-05	4.30e-05
 6.03916e+19	9.33e-01	6.74e-02	1.05e-05	0.00e+00	0.00e+00	0.00e+00	0.00e+00	0.00e+00	0.00e+00	9.33e-01	4.09e-05	4.24e-05
 6.24962e+19	9.35e-01	6.49e-02	1.00e-05	0.00e+00	0.00e+00	0.00e+00	0.00e+00	0.00e+00	0.00e+00	9.35e-01	4.04e-05	4.18e-05
 6.46831e+19	9.37e-01	6.26e-02	9.56e-06	0.00e+00	0.00e+00	0.00e+00	0.00e+00	0.00e+00	0.00e+00	9.37e-01	3.99e-05	4.13e-05
 6.69713e+19	9.40e-01	6.03e-02	9.16e-06	0.00e+00	0.00e+00	0.00e+00	0.00e+00	0.00e+00	0.00e+00	9.40e-01	3.94e-05	4.07e-05
 6.93443e+19	9.42e-01	5.81e-02	8.81e-06	0.00e+00	0.00e+00	0.00e+00	0.00e+00	0.00e+00	0.00e+00	9.42e-01	3.89e-05	4.02e-05
 7.17975e+19	9.44e-01	5.60e-02	8.50e-06	0.00e+00	0.00e+00	0.00e+00	0.00e+00	0.00e+00	0.00e+00	9.44e-01	3.84e-05	3.96e-05
 7.43345e+19	9.46e-01	5.40e-02	8.22e-06	0.00e+00	0.00e+00	0.00e+00	0.00e+00	0.00e+00	0.00e+00	9.46e-01	3.79e-05	3.90e-05
 7.69670e+19	9.48e-01	5.20e-02	7.99e-06	0.00e+00	0.00e+00	0.00e+00	0.00e+00	0.00e+00	0.00e+00	9.48e-01	3.74e-05	3.83e-05
 7.97168e+19	9.50e-01	5.01e-02	7.78e-06	0.00e+00	0.00e+00	0.00e+00	0.00e+00	0.00e+00	0.00e+00	9.50e-01	3.70e-05	3.77e-05
 8.25640e+19	9.52e-01	4.82e-02	7.60e-06	0.00e+00	0.00e+00	0.00e+00	0.00e+00	0.00e+00	0.00e+00	9.52e-01	3.65e-05	3.71e-05
 8.54763e+19	9.54e-01	4.64e-02	7.44e-06	0.00e+00	0.00e+00	0.00e+00	0.00e+00	0.00e+00	0.00e+00	9.53e-01	3.60e-05	3.65e-05
 8.84752e+19	9.55e-01	4.47e-02	7.31e-06	0.00e+00	0.00e+00	0.00e+00	0.00e+00	0.00e+00	0.00e+00	9.55e-01	3.56e-05	3.59e-05
 9.15852e+19	9.57e-01	4.31e-02	7.20e-06	0.00e+00	0.00e+00	0.00e+00	0.00e+00	0.00e+00	0.00e+00	9.57e-01	3.52e-05	3.54e-05
 9.48067e+19	9.59e-01	4.15e-02	7.10e-06	0.00e+00	0.00e+00	0.00e+00	0.00e+00	0.00e+00	0.00e+00	9.58e-01	3.48e-05	3.48e-05
 9.81247e+19	9.60e-01	3.99e-02	7.02e-06	0.00e+00	0.00e+00	0.00e+00	0.00e+00	0.00e+00	0.00e+00	9.60e-01	3.43e-05	3.43e-05
 1.01546e+20	9.62e-01	3.84e-02	6.95e-06	0.00e+00	0.00e+00	0.00e+00	0.00e+00	0.00e+00	0.00e+00	9.61e-01	3.40e-05	3.38e-05
 1.05090e+20	9.63e-01	3.70e-02	6.90e-06	0.00e+00	0.00e+00	0.00e+00	0.00e+00	0.00e+00	0.00e+00	9.63e-01	3.36e-05	3.34e-05
 1.08755e+20	9.64e-01	3.56e-02	6.86e-06	0.00e+00	0.00e+00	0.00e+00	0.00e+00	0.00e+00	0.00e+00	9.64e-01	3.32e-05	3.29e-05
 1.12530e+20	9.66e-01	3.43e-02	6.83e-06	0.00e+00	0.00e+00	0.00e+00	0.00e+00	0.00e+00	0.00e+00	9.66e-01	3.28e-05	3.24e-05
 1.16414e+20	9.67e-01	3.30e-02	6.81e-06	0.00e+00	0.00e+00	0.00e+00	0.00e+00	0.00e+00	0.00e+00	9.67e-01	3.25e-05	3.20e-05
 1.20351e+20	9.68e-01	3.18e-02	6.80e-06	0.00e+00	0.00e+00	0.00e+00	0.00e+00	0.00e+00	0.00e+00	9.68e-01	3.21e-05	3.16e-05
 1.24236e+20	9.69e-01	3.06e-02	6.79e-06	0.00e+00	0.00e+00	0.00e+00	0.00e+00	0.00e+00	0.00e+00	9.69e-01	3.18e-05	3.12e-05
 1.28026e+20	9.70e-01	2.96e-02	6.80e-06	0.00e+00	0.00e+00	0.00e+00	0.00e+00	0.00e+00	0.00e+00	9.70e-01	3.15e-05	3.09e-05
 1.31740e+20	9.71e-01	2.86e-02	6.81e-06	0.00e+00	0.00e+00	0.00e+00	0.00e+00	0.00e+00	0.00e+00	9.71e-01	3.12e-05	3.05e-05
 1.35390e+20	9.72e-01	2.76e-02	6.83e-06	0.00e+00	0.00e+00	0.00e+00	0.00e+00	0.00e+00	0.00e+00	9.72e-01	3.09e-05	3.02e-05
 1.38945e+20	9.73e-01	2.68e-02	6.85e-06	0.00e+00	0.00e+00	0.00e+00	0.00e+00	0.00e+00	0.00e+00	9.73e-01	3.06e-05	2.99e-05
 1.42379e+20	9.74e-01	2.59e-02	6.88e-06	0.00e+00	0.00e+00	0.00e+00	0.00e+00	0.00e+00	0.00e+00	9.74e-01	3.04e-05	2.96e-05
 1.45677e+20	9.75e-01	2.52e-02	6.91e-06	0.00e+00	0.00e+00	0.00e+00	0.00e+00	0.00e+00	0.00e+00	9.75e-01	3.01e-05	2.94e-05
 1.48833e+20	9.76e-01	2.45e-02	6.95e-06	0.00e+00	0.00e+00	0.00e+00	0.00e+00	0.00e+00	0.00e+00	9.75e-01	2.98e-05	2.91e-05
 1.51841e+20	9.76e-01	2.38e-02	6.99e-06	0.00e+00	0.00e+00	0.00e+00	0.00e+00	0.00e+00	0.00e+00	9.76e-01	2.96e-05	2.89e-05
