#depth	O	O+	O+2	O+3	O+4	O+5	O+6	O+7	O+8	O[1]	O[2]	O[3]
 4.08564e+15	8.98e-04	1.23e-01	6.67e-01	1.97e-01	1.23e-02	1.03e-04	5.63e-07	0.00e+00	0.00e+00	8.98e-04	2.12e-07	2.38e-07
 2.45139e+16	8.94e-04	1.22e-01	6.68e-01	1.96e-01	1.22e-02	1.03e-04	5.61e-07	0.00e+00	0.00e+00	8.94e-04	2.10e-07	2.36e-07
 1.06227e+17	8.74e-04	1.20e-01	6.70e-01	1.96e-01	1.22e-02	1.03e-04	5.61e-07	0.00e+00	0.00e+00	8.73e-04	2.06e-07	2.31e-07
 4.33078e+17	8.10e-04	1.14e-01	6.80e-01	1.94e-01	1.19e-02	1.01e-04	5.56e-07	0.00e+00	0.00e+00	8.09e-04	1.90e-07	2.14e-07
 1.03448e+18	6.51e-04	9.88e-02	6.91e-01	1.97e-01	1.18e-02	1.05e-04	5.98e-07	0.00e+00	0.00e+00	6.51e-04	1.53e-07	1.72e-07
 1.81631e+18	5.53e-04	8.91e-02	7.04e-01	1.95e-01	1.14e-02	1.04e-04	6.06e-07	0.00e+00	0.00e+00	5.53e-04	1.30e-07	1.47e-07
 2.83269e+18	4.85e-04	8.22e-02	7.19e-01	1.88e-01	1.06e-02	9.88e-05	5.88e-07	0.00e+00	0.00e+00	4.85e-04	1.14e-07	1.29e-07
 4.15398e+18	4.47e-04	7.84e-02	7.38e-01	1.74e-01	9.32e-03	8.80e-05	5.33e-07	0.00e+00	0.00e+00	4.46e-04	1.05e-07	1.18e-07
 5.87166e+18	4.39e-04	7.83e-02	7.60e-01	1.54e-01	7.68e-03	7.20e-05	4.41e-07	0.00e+00	0.00e+00	4.39e-04	1.03e-07	1.16e-07
 8.10464e+18	4.78e-04	8.39e-02	7.85e-01	1.25e-01	5.71e-03	5.17e-05	3.17e-07	0.00e+00	0.00e+00	4.78e-04	1.12e-07	1.27e-07
 1.08432e+19	5.85e-04	9.67e-02	8.06e-01	9.28e-02	3.72e-03	3.16e-05	1.92e-07	0.00e+00	0.00e+00	5.85e-04	1.37e-07	1.55e-07
 1.35392e+19	7.64e-04	1.15e-01	8.16e-01	6.60e-02	2.32e-03	1.80e-05	0.00e+00	0.00e+00	0.00e+00	7.63e-04	1.79e-07	2.02e-07
 1.55585e+19	9.77e-04	1.34e-01	8.14e-01	4.98e-02	1.58e-03	1.12e-05	0.00e+00	0.00e+00	0.00e+00	9.76e-04	2.29e-07	2.58e-07
 1.69326e+19	1.18e-03	1.49e-01	8.07e-01	4.07e-02	1.20e-03	7.97e-06	0.00e+00	0.00e+00	0.00e+00	1.18e-03	2.78e-07	3.13e-07
 1.80466e+19	1.41e-03	1.64e-01	7.99e-01	3.42e-02	9.52e-04	5.92e-06	0.00e+00	0.00e+00	0.00e+00	1.41e-03	3.31e-07	3.71e-07
 1.92885e+19	1.73e-03	1.84e-01	7.86e-01	2.79e-02	7.27e-04	4.17e-06	0.00e+00	0.00e+00	0.00e+00	1.73e-03	4.08e-07	4.57e-07
 2.05988e+19	2.15e-03	2.06e-01	7.69e-01	2.25e-02	5.54e-04	2.90e-06	0.00e+00	0.00e+00	0.00e+00	2.15e-03	5.08e-07	5.67e-07
 2.17086e+19	2.60e-03	2.26e-01	7.52e-01	1.87e-02	4.40e-04	2.11e-06	0.00e+00	0.00e+00	0.00e+00	2.60e-03	6.15e-07	6.85e-07
 2.26899e+19	3.10e-03	2.46e-01	7.35e-01	1.57e-02	3.58e-04	1.59e-06	0.00e+00	0.00e+00	0.00e+00	3.10e-03	7.35e-07	8.15e-07
 2.37938e+19	3.82e-03	2.72e-01	7.12e-01	1.28e-02	2.81e-04	1.13e-06	0.00e+00	0.00e+00	0.00e+00	3.82e-03	9.10e-07	1.00e-06
 2.49537e+19	4.78e-03	3.01e-01	6.84e-01	1.03e-02	2.20e-04	7.90e-07	0.00e+00	0.00e+00	0.00e+00	4.77e-03	1.14e-06	1.25e-06
 2.59189e+19	5.79e-03	3.27e-01	6.58e-01	8.50e-03	1.80e-04	5.82e-07	0.00e+00	0.00e+00	0.00e+00	5.79e-03	1.39e-06	1.52e-06
 2.67524e+19	6.89e-03	3.53e-01	6.33e-01	7.13e-03	1.51e-04	4.42e-07	0.00e+00	0.00e+00	0.00e+00	6.88e-03	1.67e-06	1.80e-06
 2.76823e+19	8.44e-03	3.84e-01	6.02e-01	5.77e-03	1.23e-04	3.19e-07	0.00e+00	0.00e+00	0.00e+00	8.44e-03	2.05e-06	2.20e-06
 2.86746e+19	1.05e-02	4.19e-01	5.66e-01	4.56e-03	9.88e-05	2.24e-07	0.00e+00	0.00e+00	0.00e+00	1.05e-02	2.58e-06	2.74e-06
 2.95182e+19	1.28e-02	4.52e-01	5.32e-01	3.69e-03	8.21e-05	1.64e-07	0.00e+00	0.00e+00	0.00e+00	1.28e-02	3.16e-06	3.32e-06
 3.02473e+19	1.52e-02	4.82e-01	5.00e-01	3.03e-03	6.95e-05	1.23e-07	0.00e+00	0.00e+00	0.00e+00	1.52e-02	3.79e-06	3.95e-06
 3.10572e+19	1.86e-02	5.17e-01	4.62e-01	2.38e-03	5.73e-05	0.00e+00	0.00e+00	0.00e+00	0.00e+00	1.86e-02	4.66e-06	4.82e-06
 3.19250e+19	2.32e-02	5.55e-01	4.20e-01	1.82e-03	4.64e-05	0.00e+00	0.00e+00	0.00e+00	0.00e+00	2.32e-02	5.84e-06	5.97e-06
 3.26703e+19	2.81e-02	5.89e-01	3.81e-01	1.41e-03	3.84e-05	0.00e+00	0.00e+00	0.00e+00	0.00e+00	2.81e-02	7.12e-06	7.21e-06
 3.33201e+19	3.35e-02	6.19e-01	3.46e-01	1.11e-03	3.22e-05	0.00e+00	0.00e+00	0.00e+00	0.00e+00	3.35e-02	8.51e-06	8.55e-06
 3.40436e+19	4.09e-02	6.52e-01	3.06e-01	8.35e-04	2.61e-05	0.00e+00	0.00e+00	0.00e+00	0.00e+00	4.09e-02	1.04e-05	1.04e-05
 3.48221e+19	5.07e-02	6.84e-01	2.65e-01	6.02e-04	2.07e-05	0.00e+00	0.00e+00	0.00e+00	0.00e+00	5.06e-02	1.29e-05	1.28e-05
 3.55011e+19	6.15e-02	7.10e-01	2.28e-01	4.39e-04	1.64e-05	0.00e+00	0.00e+00	0.00e+00	0.00e+00	6.15e-02	1.57e-05	1.53e-05
 3.60610e+19	7.23e-02	7.29e-01	1.99e-01	3.33e-04	1.34e-05	0.00e+00	0.00e+00	0.00e+00	0.00e+00	7.23e-02	1.83e-05	1.79e-05
 3.65398e+19	8.31e-02	7.42e-01	1.75e-01	2.59e-04	1.12e-05	0.00e+00	0.00e+00	0.00e+00	0.00e+00	8.30e-02	2.10e-05	2.04e-05
 3.70656e+19	9.73e-02	7.54e-01	1.49e-01	1.92e-04	8.93e-06	0.00e+00	0.00e+00	0.00e+00	0.00e+00	9.73e-02	2.44e-05	2.36e-05
 3.76070e+19	1.14e-01	7.61e-01	1.25e-01	1.40e-04	7.06e-06	0.00e+00	0.00e+00	0.00e+00	0.00e+00	1.14e-01	2.82e-05	2.72e-05
 3.80422e+19	1.29e-01	7.63e-01	1.08e-01	1.07e-04	5.75e-06	0.00e+00	0.00e+00	0.00e+00	0.00e+00	1.29e-01	3.17e-05	3.05e-05
 3.84100e+19	1.44e-01	7.63e-01	9.36e-02	8.49e-05	4.78e-06	0.00e+00	0.00e+00	0.00e+00	0.00e+00	1.44e-01	3.49e-05	3.36e-05
 3.88163e+19	1.62e-01	7.59e-01	7.93e-02	6.47e-05	3.85e-06	0.00e+00	0.00e+00	0.00e+00	0.00e+00	1.62e-01	3.88e-05	3.72e-05
 3.92506e+19	1.83e-01	7.51e-01	6.60e-02	4.82e-05	3.02e-06	0.00e+00	0.00e+00	0.00e+00	0.00e+00	1.83e-01	4.32e-05	4.13e-05
 3.96192e+19	2.03e-01	7.41e-01	5.58e-02	3.73e-05	2.43e-06	0.00e+00	0.00e+00	0.00e+00	0.00e+00	2.03e-01	4.71e-05	4.50e-05
 3.99345e+19	2.22e-01	7.30e-01	4.79e-02	2.97e-05	1.99e-06	0.00e+00	0.00e+00	0.00e+00	0.00e+00	2.22e-01	5.06e-05	4.83e-05
 4.02823e+19	2.44e-01	7.16e-01	4.01e-02	2.30e-05	1.59e-06	0.00e+00	0.00e+00	0.00e+00	0.00e+00	2.44e-01	5.46e-05	5.21e-05
 4.06611e+19	2.69e-01	6.98e-01	3.29e-02	1.75e-05	1.24e-06	0.00e+00	0.00e+00	0.00e+00	0.00e+00	2.69e-01	5.89e-05	5.61e-05
 4.09978e+19	2.92e-01	6.80e-01	2.74e-02	1.38e-05	9.88e-07	0.00e+00	0.00e+00	0.00e+00	0.00e+00	2.92e-01	6.25e-05	5.95e-05
 4.13054e+19	3.15e-01	6.62e-01	2.29e-02	1.09e-05	7.91e-07	0.00e+00	0.00e+00	0.00e+00	0.00e+00	3.15e-01	6.59e-05	6.27e-05
 4.16575e+19	3.43e-01	6.38e-01	1.85e-02	8.43e-06	6.07e-07	0.00e+00	0.00e+00	0.00e+00	0.00e+00	3.43e-01	6.97e-05	6.63e-05
 4.20373e+19	3.73e-01	6.12e-01	1.47e-02	6.46e-06	4.58e-07	0.00e+00	0.00e+00	0.00e+00	0.00e+00	3.73e-01	7.33e-05	6.96e-05
 4.23821e+19	4.01e-01	5.87e-01	1.18e-02	5.08e-06	3.51e-07	0.00e+00	0.00e+00	0.00e+00	0.00e+00	4.01e-01	7.63e-05	7.24e-05
 4.27251e+19	4.31e-01	5.60e-01	9.36e-03	4.01e-06	2.67e-07	0.00e+00	0.00e+00	0.00e+00	0.00e+00	4.31e-01	7.89e-05	7.49e-05
 4.30881e+19	4.61e-01	5.32e-01	7.31e-03	3.16e-06	1.99e-07	0.00e+00	0.00e+00	0.00e+00	0.00e+00	4.61e-01	8.13e-05	7.71e-05
 4.34344e+19	4.91e-01	5.04e-01	5.73e-03	2.54e-06	1.50e-07	0.00e+00	0.00e+00	0.00e+00	0.00e+00	4.91e-01	8.31e-05	7.87e-05
 4.37425e+19	5.17e-01	4.79e-01	4.60e-03	2.11e-06	0.00e+00	0.00e+00	0.00e+00	0.00e+00	0.00e+00	5.16e-01	8.42e-05	7.98e-05
 4.40258e+19	5.40e-01	4.56e-01	3.74e-03	1.79e-06	0.00e+00	0.00e+00	0.00e+00	0.00e+00	0.00e+00	5.40e-01	8.50e-05	8.05e-05
 4.42996e+19	5.63e-01	4.34e-01	3.05e-03	1.53e-06	0.00e+00	0.00e+00	0.00e+00	0.00e+00	0.00e+00	5.63e-01	8.54e-05	8.09e-05
 4.45691e+19	5.84e-01	4.13e-01	2.49e-03	1.33e-06	0.00e+00	0.00e+00	0.00e+00	0.00e+00	0.00e+00	5.84e-01	8.55e-05	8.10e-05
 4.47812e+19	6.00e-01	3.98e-01	2.14e-03	1.20e-06	0.00e+00	0.00e+00	0.00e+00	0.00e+00	0.00e+00	6.00e-01	8.55e-05	8.09e-05
 4.49254e+19	6.11e-01	3.87e-01	1.93e-03	1.12e-06	0.00e+00	0.00e+00	0.00e+00	0.00e+00	0.00e+00	6.11e-01	8.53e-05	8.07e-05
 4.50648e+19	6.22e-01	3.77e-01	1.73e-03	1.04e-06	0.00e+00	0.00e+00	0.00e+00	0.00e+00	0.00e+00	6.21e-01	8.52e-05	8.05e-05
 4.52233e+19	6.33e-01	3.65e-01	1.53e-03	9.68e-07	0.00e+00	0.00e+00	0.00e+00	0.00e+00	0.00e+00	6.33e-01	8.49e-05	8.02e-05
 4.53931e+19	6.45e-01	3.53e-01	1.35e-03	8.97e-07	0.00e+00	0.00e+00	0.00e+00	0.00e+00	0.00e+00	6.45e-01	8.45e-05	7.98e-05
 4.55647e+19	6.58e-01	3.41e-01	1.18e-03	8.31e-07	0.00e+00	0.00e+00	0.00e+00	0.00e+00	0.00e+00	6.57e-01	8.40e-05	7.94e-05
 4.57333e+19	6.69e-01	3.30e-01	1.04e-03	7.75e-07	0.00e+00	0.00e+00	0.00e+00	0.00e+00	0.00e+00	6.69e-01	8.35e-05	7.88e-05
 4.59016e+19	6.80e-01	3.19e-01	9.17e-04	7.22e-07	0.00e+00	0.00e+00	0.00e+00	0.00e+00	0.00e+00	6.80e-01	8.29e-05	7.83e-05
 4.60742e+19	6.91e-01	3.08e-01	8.07e-04	6.75e-07	0.00e+00	0.00e+00	0.00e+00	0.00e+00	0.00e+00	6.91e-01	8.22e-05	7.76e-05
 4.62512e+19	7.02e-01	2.97e-01	7.07e-04	6.30e-07	0.00e+00	0.00e+00	0.00e+00	0.00e+00	0.00e+00	7.02e-01	8.15e-05	7.69e-05
 4.64304e+19	7.12e-01	2.87e-01	6.21e-04	5.90e-07	0.00e+00	0.00e+00	0.00e+00	0.00e+00	0.00e+00	7.12e-01	8.07e-05	7.61e-05
 4.66120e+19	7.22e-01	2.77e-01	5.44e-04	5.53e-07	0.00e+00	0.00e+00	0.00e+00	0.00e+00	0.00e+00	7.22e-01	7.99e-05	7.53e-05
 4.67989e+19	7.32e-01	2.67e-01	4.77e-04	5.20e-07	0.00e+00	0.00e+00	0.00e+00	0.00e+00	0.00e+00	7.32e-01	7.91e-05	7.45e-05
 4.69918e+19	7.42e-01	2.57e-01	4.17e-04	4.88e-07	0.00e+00	0.00e+00	0.00e+00	0.00e+00	0.00e+00	7.42e-01	7.81e-05	7.36e-05
 4.71890e+19	7.51e-01	2.48e-01	3.66e-04	4.59e-07	0.00e+00	0.00e+00	0.00e+00	0.00e+00	0.00e+00	7.51e-01	7.72e-05	7.27e-05
 4.73914e+19	7.61e-01	2.39e-01	3.20e-04	4.32e-07	0.00e+00	0.00e+00	0.00e+00	0.00e+00	0.00e+00	7.60e-01	7.63e-05	7.18e-05
 4.76031e+19	7.69e-01	2.30e-01	2.81e-04	4.08e-07	0.00e+00	0.00e+00	0.00e+00	0.00e+00	0.00e+00	7.69e-01	7.53e-05	7.08e-05
 4.78255e+19	7.78e-01	2.22e-01	2.45e-04	3.85e-07	0.00e+00	0.00e+00	0.00e+00	0.00e+00	0.00e+00	7.78e-01	7.43e-05	6.98e-05
 4.80572e+19	7.86e-01	2.14e-01	2.15e-04	3.64e-07	0.00e+00	0.00e+00	0.00e+00	0.00e+00	0.00e+00	7.86e-01	7.33e-05	6.89e-05
 4.83006e+19	7.94e-01	2.06e-01	1.89e-04	3.44e-07	0.00e+00	0.00e+00	0.00e+00	0.00e+00	0.00e+00	7.94e-01	7.22e-05	6.79e-05
 4.85625e+19	8.02e-01	1.98e-01	1.66e-04	3.26e-07	0.00e+00	0.00e+00	0.00e+00	0.00e+00	0.00e+00	8.02e-01	7.12e-05	6.69e-05
 4.88427e+19	8.09e-01	1.91e-01	1.46e-04	3.09e-07	0.00e+00	0.00e+00	0.00e+00	0.00e+00	0.00e+00	8.09e-01	7.02e-05	6.59e-05
 4.91433e+19	8.16e-01	1.84e-01	1.29e-04	2.94e-07	0.00e+00	0.00e+00	0.00e+00	0.00e+00	0.00e+00	8.16e-01	6.93e-05	6.50e-05
 4.94682e+19	8.22e-01	1.78e-01	1.15e-04	2.80e-07	0.00e+00	0.00e+00	0.00e+00	0.00e+00	0.00e+00	8.22e-01	6.83e-05	6.41e-05
 4.98221e+19	8.28e-01	1.72e-01	1.03e-04	2.68e-07	0.00e+00	0.00e+00	0.00e+00	0.00e+00	0.00e+00	8.28e-01	6.74e-05	6.32e-05
 5.02173e+19	8.33e-01	1.66e-01	9.25e-05	2.57e-07	0.00e+00	0.00e+00	0.00e+00	0.00e+00	0.00e+00	8.33e-01	6.66e-05	6.24e-05
 5.06615e+19	8.38e-01	1.62e-01	8.39e-05	2.47e-07	0.00e+00	0.00e+00	0.00e+00	0.00e+00	0.00e+00	8.38e-01	6.58e-05	6.16e-05
 5.11250e+19	8.42e-01	1.57e-01	7.73e-05	2.39e-07	0.00e+00	0.00e+00	0.00e+00	0.00e+00	0.00e+00	8.42e-01	6.51e-05	6.10e-05
 5.15805e+19	8.46e-01	1.54e-01	7.23e-05	2.32e-07	0.00e+00	0.00e+00	0.00e+00	0.00e+00	0.00e+00	8.46e-01	6.45e-05	6.04e-05
 5.20295e+19	8.48e-01	1.52e-01	6.84e-05	2.27e-07	0.00e+00	0.00e+00	0.00e+00	0.00e+00	0.00e+00	8.48e-01	6.40e-05	5.99e-05
 5.25427e+19	8.51e-01	1.49e-01	6.47e-05	2.22e-07	0.00e+00	0.00e+00	0.00e+00	0.00e+00	0.00e+00	8.51e-01	6.36e-05	5.95e-05
 5.32098e+19	8.54e-01	1.46e-01	6.08e-05	2.16e-07	0.00e+00	0.00e+00	0.00e+00	0.00e+00	0.00e+00	8.54e-01	6.30e-05	5.89e-05
 5.40770e+19	8.57e-01	1.43e-01	5.68e-05	2.10e-07	0.00e+00	0.00e+00	0.00e+00	0.00e+00	0.00e+00	8.57e-01	6.24e-05	5.84e-05
 5.52044e+19	8.61e-01	1.39e-01	5.26e-05	2.03e-07	0.00e+00	0.00e+00	0.00e+00	0.00e+00	0.00e+00	8.61e-01	6.17e-05	5.77e-05
 5.66701e+19	8.65e-01	1.35e-01	4.82e-05	1.95e-07	0.00e+00	0.00e+00	0.00e+00	0.00e+00	0.00e+00	8.65e-01	6.09e-05	5.70e-05
 5.85344e+19	8.70e-01	1.30e-01	4.35e-05	1.87e-07	0.00e+00	0.00e+00	0.00e+00	0.00e+00	0.00e+00	8.70e-01	6.00e-05	5.61e-05
 6.06721e+19	8.75e-01	1.25e-01	3.92e-05	1.78e-07	0.00e+00	0.00e+00	0.00e+00	0.00e+00	0.00e+00	8.75e-01	5.91e-05	5.52e-05
 6.28737e+19	8.79e-01	1.21e-01	3.55e-05	1.70e-07	0.00e+00	0.00e+00	0.00e+00	0.00e+00	0.00e+00	8.79e-01	5.82e-05	5.43e-05
 6.51087e+19	8.83e-01	1.17e-01	3.24e-05	1.63e-07	0.00e+00	0.00e+00	0.00e+00	0.00e+00	0.00e+00	8.83e-01	5.74e-05	5.35e-05
 6.74499e+19	8.88e-01	1.12e-01	2.95e-05	1.56e-07	0.00e+00	0.00e+00	0.00e+00	0.00e+00	0.00e+00	8.87e-01	5.65e-05	5.27e-05
 6.99366e+19	8.92e-01	1.08e-01	2.70e-05	1.49e-07	0.00e+00	0.00e+00	0.00e+00	0.00e+00	0.00e+00	8.91e-01	5.57e-05	5.19e-05
 7.25501e+19	8.95e-01	1.05e-01	2.48e-05	1.43e-07	0.00e+00	0.00e+00	0.00e+00	0.00e+00	0.00e+00	8.95e-01	5.49e-05	5.11e-05
 7.52790e+19	8.99e-01	1.01e-01	2.28e-05	1.37e-07	0.00e+00	0.00e+00	0.00e+00	0.00e+00	0.00e+00	8.99e-01	5.42e-05	5.04e-05
 7.81315e+19	9.03e-01	9.73e-02	2.11e-05	1.31e-07	0.00e+00	0.00e+00	0.00e+00	0.00e+00	0.00e+00	9.03e-01	5.34e-05	4.96e-05
 8.11242e+19	9.06e-01	9.39e-02	1.96e-05	1.26e-07	0.00e+00	0.00e+00	0.00e+00	0.00e+00	0.00e+00	9.06e-01	5.27e-05	4.89e-05
 8.42637e+19	9.09e-01	9.05e-02	1.82e-05	1.20e-07	0.00e+00	0.00e+00	0.00e+00	0.00e+00	0.00e+00	9.09e-01	5.20e-05	4.82e-05
 8.75561e+19	9.13e-01	8.74e-02	1.70e-05	0.00e+00	0.00e+00	0.00e+00	0.00e+00	0.00e+00	0.00e+00	9.13e-01	5.13e-05	4.75e-05
 9.10046e+19	9.16e-01	8.42e-02	1.59e-05	0.00e+00	0.00e+00	0.00e+00	0.00e+00	0.00e+00	0.00e+00	9.16e-01	5.06e-05	4.69e-05
 9.46280e+19	9.19e-01	8.13e-02	1.50e-05	0.00e+00	0.00e+00	0.00e+00	0.00e+00	0.00e+00	0.00e+00	9.19e-01	5.00e-05	4.62e-05
 9.84324e+19	9.22e-01	7.84e-02	1.41e-05	0.00e+00	0.00e+00	0.00e+00	0.00e+00	0.00e+00	0.00e+00	9.22e-01	4.93e-05	4.56e-05
 1.02408e+20	9.24e-01	7.57e-02	1.34e-05	0.00e+00	0.00e+00	0.00e+00	0.00e+00	0.00e+00	0.00e+00	9.24e-01	4.87e-05	4.50e-05
 1.06567e+20	9.27e-01	7.29e-02	1.27e-05	0.00e+00	0.00e+00	0.00e+00	0.00e+00	0.00e+00	0.00e+00	9.27e-01	4.81e-05	4.44e-05
 1.10939e+20	9.30e-01	7.04e-02	1.21e-05	0.00e+00	0.00e+00	0.00e+00	0.00e+00	0.00e+00	0.00e+00	9.29e-01	4.76e-05	4.39e-05
 1.15526e+20	9.32e-01	6.79e-02	1.16e-05	0.00e+00	0.00e+00	0.00e+00	0.00e+00	0.00e+00	0.00e+00	9.32e-01	4.70e-05	4.33e-05
 1.20348e+20	9.34e-01	6.55e-02	1.11e-05	0.00e+00	0.00e+00	0.00e+00	0.00e+00	0.00e+00	0.00e+00	9.34e-01	4.65e-05	4.28e-05
 1.25404e+20	9.37e-01	6.32e-02	1.07e-05	0.00e+00	0.00e+00	0.00e+00	0.00e+00	0.00e+00	0.00e+00	9.37e-01	4.59e-05	4.22e-05
 1.30677e+20	9.39e-01	6.10e-02	1.03e-05	0.00e+00	0.00e+00	0.00e+00	0.00e+00	0.00e+00	0.00e+00	9.39e-01	4.55e-05	4.17e-05
 1.36192e+20	9.41e-01	5.88e-02	9.94e-06	0.00e+00	0.00e+00	0.00e+00	0.00e+00	0.00e+00	0.00e+00	9.41e-01	4.50e-05	4.12e-05
 1.42005e+20	9.43e-01	5.67e-02	9.63e-06	0.00e+00	0.00e+00	0.00e+00	0.00e+00	0.00e+00	0.00e+00	9.43e-01	4.45e-05	4.08e-05
 1.48117e+20	9.45e-01	5.47e-02	9.35e-06	0.00e+00	0.00e+00	0.00e+00	0.00e+00	0.00e+00	0.00e+00	9.45e-01	4.40e-05	4.03e-05
 1.54492e+20	9.47e-01	5.28e-02	9.09e-06	0.00e+00	0.00e+00	0.00e+00	0.00e+00	0.00e+00	0.00e+00	9.47e-01	4.36e-05	3.99e-05
 1.61153e+20	9.49e-01	5.09e-02	8.86e-06	0.00e+00	0.00e+00	0.00e+00	0.00e+00	0.00e+00	0.00e+00	9.49e-01	4.32e-05	3.94e-05
 1.68149e+20	9.51e-01	4.92e-02	8.65e-06	0.00e+00	0.00e+00	0.00e+00	0.00e+00	0.00e+00	0.00e+00	9.51e-01	4.28e-05	3.90e-05
 1.75492e+20	9.53e-01	4.74e-02	8.46e-06	0.00e+00	0.00e+00	0.00e+00	0.00e+00	0.00e+00	0.00e+00	9.53e-01	4.24e-05	3.86e-05
 1.83195e+20	9.54e-01	4.57e-02	8.29e-06	0.00e+00	0.00e+00	0.00e+00	0.00e+00	0.00e+00	0.00e+00	9.54e-01	4.20e-05	3.82e-05
 1.91286e+20	9.56e-01	4.41e-02	8.12e-06	0.00e+00	0.00e+00	0.00e+00	0.00e+00	0.00e+00	0.00e+00	9.56e-01	4.16e-05	3.78e-05
 1.99770e+20	9.57e-01	4.26e-02	7.98e-06	0.00e+00	0.00e+00	0.00e+00	0.00e+00	0.00e+00	0.00e+00	9.57e-01	4.13e-05	3.75e-05
 2.08636e+20	9.59e-01	4.10e-02	7.84e-06	0.00e+00	0.00e+00	0.00e+00	0.00e+00	0.00e+00	0.00e+00	9.59e-01	4.09e-05	3.71e-05
 2.17906e+20	9.60e-01	3.96e-02	7.71e-06	0.00e+00	0.00e+00	0.00e+00	0.00e+00	0.00e+00	0.00e+00	9.60e-01	4.06e-05	3.68e-05
 2.27636e+20	9.62e-01	3.82e-02	7.59e-06	0.00e+00	0.00e+00	0.00e+00	0.00e+00	0.00e+00	0.00e+00	9.62e-01	4.03e-05	3.64e-05
 2.37874e+20	9.63e-01	3.69e-02	7.48e-06	0.00e+00	0.00e+00	0.00e+00	0.00e+00	0.00e+00	0.00e+00	9.63e-01	4.00e-05	3.61e-05
 2.48619e+20	9.64e-01	3.55e-02	7.37e-06	0.00e+00	0.00e+00	0.00e+00	0.00e+00	0.00e+00	0.00e+00	9.64e-01	3.97e-05	3.58e-05
 2.59949e+20	9.66e-01	3.43e-02	7.27e-06	0.00e+00	0.00e+00	0.00e+00	0.00e+00	0.00e+00	0.00e+00	9.66e-01	3.94e-05	3.55e-05
 2.71860e+20	9.67e-01	3.31e-02	7.17e-06	0.00e+00	0.00e+00	0.00e+00	0.00e+00	0.00e+00	0.00e+00	9.67e-01	3.91e-05	3.52e-05
 2.84299e+20	9.68e-01	3.19e-02	7.07e-06	0.00e+00	0.00e+00	0.00e+00	0.00e+00	0.00e+00	0.00e+00	9.68e-01	3.89e-05	3.49e-05
 2.97359e+20	9.69e-01	3.08e-02	6.98e-06	0.00e+00	0.00e+00	0.00e+00	0.00e+00	0.00e+00	0.00e+00	9.69e-01	3.86e-05	3.46e-05
 3.11132e+20	9.70e-01	2.97e-02	6.89e-06	0.00e+00	0.00e+00	0.00e+00	0.00e+00	0.00e+00	0.00e+00	9.70e-01	3.84e-05	3.43e-05
 3.25643e+20	9.71e-01	2.87e-02	6.80e-06	0.00e+00	0.00e+00	0.00e+00	0.00e+00	0.00e+00	0.00e+00	9.71e-01	3.82e-05	3.41e-05
 3.40998e+20	9.72e-01	2.76e-02	6.72e-06	0.00e+00	0.00e+00	0.00e+00	0.00e+00	0.00e+00	0.00e+00	9.72e-01	3.79e-05	3.38e-05
 3.57188e+20	9.73e-01	2.67e-02	6.63e-06	0.00e+00	0.00e+00	0.00e+00	0.00e+00	0.00e+00	0.00e+00	9.73e-01	3.77e-05	3.36e-05
 3.74158e+20	9.74e-01	2.57e-02	6.54e-06	0.00e+00	0.00e+00	0.00e+00	0.00e+00	0.00e+00	0.00e+00	9.74e-01	3.75e-05	3.34e-05
 3.92092e+20	9.75e-01	2.48e-02	6.46e-06	0.00e+00	0.00e+00	0.00e+00	0.00e+00	0.00e+00	0.00e+00	9.75e-01	3.73e-05	3.31e-05
 4.11110e+20	9.76e-01	2.40e-02	6.37e-06	0.00e+00	0.00e+00	0.00e+00	0.00e+00	0.00e+00	0.00e+00	9.76e-01	3.72e-05	3.29e-05
 4.31240e+20	9.77e-01	2.31e-02	6.28e-06	0.00e+00	0.00e+00	0.00e+00	0.00e+00	0.00e+00	0.00e+00	9.77e-01	3.70e-05	3.27e-05
 4.52547e+20	9.78e-01	2.23e-02	6.19e-06	0.00e+00	0.00e+00	0.00e+00	0.00e+00	0.00e+00	0.00e+00	9.78e-01	3.68e-05	3.25e-05
 4.75102e+20	9.78e-01	2.15e-02	6.10e-06	0.00e+00	0.00e+00	0.00e+00	0.00e+00	0.00e+00	0.00e+00	9.78e-01	3.66e-05	3.23e-05
 4.98862e+20	9.79e-01	2.08e-02	6.01e-06	0.00e+00	0.00e+00	0.00e+00	0.00e+00	0.00e+00	0.00e+00	9.79e-01	3.65e-05	3.20e-05
 5.24433e+20	9.80e-01	2.00e-02	5.92e-06	0.00e+00	0.00e+00	0.00e+00	0.00e+00	0.00e+00	0.00e+00	9.80e-01	3.63e-05	3.18e-05
 5.51777e+20	9.81e-01	1.93e-02	5.82e-06	0.00e+00	0.00e+00	0.00e+00	0.00e+00	0.00e+00	0.00e+00	9.81e-01	3.62e-05	3.16e-05
 5.80813e+20	9.81e-01	1.86e-02	5.73e-06	0.00e+00	0.00e+00	0.00e+00	0.00e+00	0.00e+00	0.00e+00	9.81e-01	3.60e-05	3.14e-05
 6.11909e+20	9.82e-01	1.80e-02	5.62e-06	0.00e+00	0.00e+00	0.00e+00	0.00e+00	0.00e+00	0.00e+00	9.82e-01	3.59e-05	3.11e-05
 6.44736e+20	9.83e-01	1.73e-02	5.52e-06	0.00e+00	0.00e+00	0.00e+00	0.00e+00	0.00e+00	0.00e+00	9.83e-01	3.57e-05	3.09e-05
 6.79647e+20	9.83e-01	1.67e-02	5.42e-06	0.00e+00	0.00e+00	0.00e+00	0.00e+00	0.00e+00	0.00e+00	9.83e-01	3.56e-05	3.07e-05
 7.17168e+20	9.84e-01	1.61e-02	5.31e-06	0.00e+00	0.00e+00	0.00e+00	0.00e+00	0.00e+00	0.00e+00	9.84e-01	3.54e-05	3.05e-05
 7.57401e+20	9.84e-01	1.56e-02	5.21e-06	0.00e+00	0.00e+00	0.00e+00	0.00e+00	0.00e+00	0.00e+00	9.84e-01	3.53e-05	3.03e-05
 8.00305e+20	9.85e-01	1.50e-02	5.10e-06	0.00e+00	0.00e+00	0.00e+00	0.00e+00	0.00e+00	0.00e+00	9.85e-01	3.51e-05	3.01e-05
 8.46002e+20	9.86e-01	1.45e-02	4.99e-06	0.00e+00	0.00e+00	0.00e+00	0.00e+00	0.00e+00	0.00e+00	9.85e-01	3.50e-05	2.99e-05
 8.95362e+20	9.86e-01	1.39e-02	4.88e-06	0.00e+00	0.00e+00	0.00e+00	0.00e+00	0.00e+00	0.00e+00	9.86e-01	3.48e-05	2.97e-05
 9.48394e+20	9.87e-01	1.34e-02	4.76e-06	0.00e+00	0.00e+00	0.00e+00	0.00e+00	0.00e+00	0.00e+00	9.87e-01	3.46e-05	2.95e-05
 1.00477e+21	9.87e-01	1.29e-02	4.65e-06	0.00e+00	0.00e+00	0.00e+00	0.00e+00	0.00e+00	0.00e+00	9.87e-01	3.44e-05	2.93e-05
 1.06342e+21	9.88e-01	1.25e-02	4.53e-06	0.00e+00	0.00e+00	0.00e+00	0.00e+00	0.00e+00	0.00e+00	9.87e-01	3.43e-05	2.91e-05
 1.12163e+21	9.88e-01	1.21e-02	4.42e-06	0.00e+00	0.00e+00	0.00e+00	0.00e+00	0.00e+00	0.00e+00	9.88e-01	3.40e-05	2.89e-05
 1.17819e+21	9.88e-01	1.17e-02	4.32e-06	0.00e+00	0.00e+00	0.00e+00	0.00e+00	0.00e+00	0.00e+00	9.88e-01	3.38e-05	2.87e-05
 1.23368e+21	9.89e-01	1.14e-02	4.23e-06	0.00e+00	0.00e+00	0.00e+00	0.00e+00	0.00e+00	0.00e+00	9.89e-01	3.36e-05	2.85e-05
 1.28873e+21	9.89e-01	1.10e-02	4.14e-06	0.00e+00	0.00e+00	0.00e+00	0.00e+00	0.00e+00	0.00e+00	9.89e-01	3.34e-05	2.84e-05
 1.34320e+21	9.89e-01	1.08e-02	4.05e-06	0.00e+00	0.00e+00	0.00e+00	0.00e+00	0.00e+00	0.00e+00	9.89e-01	3.32e-05	2.82e-05
 1.39675e+21	9.90e-01	1.05e-02	3.97e-06	0.00e+00	0.00e+00	0.00e+00	0.00e+00	0.00e+00	0.00e+00	9.89e-01	3.29e-05	2.81e-05
 1.44926e+21	9.90e-01	1.02e-02	3.89e-06	0.00e+00	0.00e+00	0.00e+00	0.00e+00	0.00e+00	0.00e+00	9.90e-01	3.26e-05	2.79e-05
 1.50053e+21	9.90e-01	9.97e-03	3.82e-06	0.00e+00	0.00e+00	0.00e+00	0.00e+00	0.00e+00	0.00e+00	9.90e-01	3.23e-05	2.78e-05
 1.55003e+21	9.90e-01	9.76e-03	3.76e-06	0.00e+00	0.00e+00	0.00e+00	0.00e+00	0.00e+00	0.00e+00	9.90e-01	3.20e-05	2.76e-05
 1.59681e+21	9.90e-01	9.53e-03	3.70e-06	0.00e+00	0.00e+00	0.00e+00	0.00e+00	0.00e+00	0.00e+00	9.90e-01	3.17e-05	2.75e-05
 1.64094e+21	9.91e-01	9.31e-03	3.65e-06	0.00e+00	0.00e+00	0.00e+00	0.00e+00	0.00e+00	0.00e+00	9.91e-01	3.14e-05	2.74e-05
 1.68309e+21	9.91e-01	9.08e-03	3.61e-06	0.00e+00	0.00e+00	0.00e+00	0.00e+00	0.00e+00	0.00e+00	9.91e-01	3.11e-05	2.72e-05
