#depth	O	O+	O+2	O+3	O+4	O+5	O+6	O+7	O+8	O[1]	O[2]	O[3]
 1.40406e+16	9.53e-02	8.43e-01	6.18e-02	2.12e-04	1.12e-06	0.00e+00	0.00e+00	0.00e+00	0.00e+00	9.53e-02	9.80e-07	7.19e-07
 8.42439e+16	9.46e-02	8.43e-01	6.23e-02	2.15e-04	1.14e-06	0.00e+00	0.00e+00	0.00e+00	0.00e+00	9.46e-02	9.73e-07	7.13e-07
 3.65057e+17	9.41e-02	8.43e-01	6.28e-02	2.17e-04	1.16e-06	0.00e+00	0.00e+00	0.00e+00	0.00e+00	9.41e-02	9.68e-07	7.10e-07
 1.48831e+18	9.35e-02	8.42e-01	6.38e-02	2.19e-04	1.17e-06	0.00e+00	0.00e+00	0.00e+00	0.00e+00	9.35e-02	9.62e-07	7.05e-07
 3.55509e+18	8.87e-02	8.42e-01	6.89e-02	2.44e-04	1.29e-06	0.00e+00	0.00e+00	0.00e+00	0.00e+00	8.87e-02	9.11e-07	6.68e-07
 6.24191e+18	8.68e-02	8.42e-01	7.11e-02	2.51e-04	1.32e-06	0.00e+00	0.00e+00	0.00e+00	0.00e+00	8.68e-02	8.89e-07	6.53e-07
 9.73477e+18	8.71e-02	8.41e-01	7.12e-02	2.43e-04	1.28e-06	0.00e+00	0.00e+00	0.00e+00	0.00e+00	8.71e-02	8.90e-07	6.54e-07
 1.42755e+19	8.98e-02	8.41e-01	6.89e-02	2.21e-04	1.16e-06	0.00e+00	0.00e+00	0.00e+00	0.00e+00	8.98e-02	9.15e-07	6.72e-07
 1.98014e+19	9.52e-02	8.40e-01	6.44e-02	1.88e-04	9.92e-07	0.00e+00	0.00e+00	0.00e+00	0.00e+00	9.52e-02	9.66e-07	7.10e-07
 2.60123e+19	1.04e-01	8.38e-01	5.76e-02	1.47e-04	7.87e-07	0.00e+00	0.00e+00	0.00e+00	0.00e+00	1.04e-01	1.05e-06	7.73e-07
 3.32475e+19	1.19e-01	8.32e-01	4.85e-02	1.04e-04	5.70e-07	0.00e+00	0.00e+00	0.00e+00	0.00e+00	1.19e-01	1.19e-06	8.74e-07
 4.13396e+19	1.41e-01	8.21e-01	3.85e-02	6.66e-05	3.79e-07	0.00e+00	0.00e+00	0.00e+00	0.00e+00	1.41e-01	1.39e-06	1.02e-06
 4.89978e+19	1.67e-01	8.03e-01	2.99e-02	4.13e-05	2.47e-07	0.00e+00	0.00e+00	0.00e+00	0.00e+00	1.67e-01	1.64e-06	1.19e-06
 5.54064e+19	1.96e-01	7.81e-01	2.35e-02	2.66e-05	1.67e-07	0.00e+00	0.00e+00	0.00e+00	0.00e+00	1.96e-01	1.88e-06	1.37e-06
 6.08110e+19	2.24e-01	7.57e-01	1.88e-02	1.80e-05	0.00e+00	0.00e+00	0.00e+00	0.00e+00	0.00e+00	2.24e-01	2.10e-06	1.53e-06
 6.66671e+19	2.59e-01	7.27e-01	1.46e-02	1.16e-05	0.00e+00	0.00e+00	0.00e+00	0.00e+00	0.00e+00	2.59e-01	2.36e-06	1.71e-06
 7.31286e+19	3.01e-01	6.88e-01	1.10e-02	7.18e-06	0.00e+00	0.00e+00	0.00e+00	0.00e+00	0.00e+00	3.01e-01	2.64e-06	1.91e-06
 7.90157e+19	3.42e-01	6.49e-01	8.44e-03	4.65e-06	0.00e+00	0.00e+00	0.00e+00	0.00e+00	0.00e+00	3.42e-01	2.88e-06	2.08e-06
 8.40231e+19	3.78e-01	6.15e-01	6.73e-03	3.25e-06	0.00e+00	0.00e+00	0.00e+00	0.00e+00	0.00e+00	3.78e-01	3.06e-06	2.21e-06
 8.82857e+19	4.10e-01	5.85e-01	5.55e-03	2.41e-06	0.00e+00	0.00e+00	0.00e+00	0.00e+00	0.00e+00	4.10e-01	3.19e-06	2.31e-06
 9.22219e+19	4.39e-01	5.57e-01	4.65e-03	1.84e-06	0.00e+00	0.00e+00	0.00e+00	0.00e+00	0.00e+00	4.39e-01	3.30e-06	2.38e-06
 9.60982e+19	4.66e-01	5.30e-01	3.91e-03	1.43e-06	0.00e+00	0.00e+00	0.00e+00	0.00e+00	0.00e+00	4.66e-01	3.38e-06	2.44e-06
 9.99207e+19	4.94e-01	5.03e-01	3.30e-03	1.11e-06	0.00e+00	0.00e+00	0.00e+00	0.00e+00	0.00e+00	4.94e-01	3.44e-06	2.48e-06
 1.03737e+20	5.19e-01	4.78e-01	2.80e-03	8.80e-07	0.00e+00	0.00e+00	0.00e+00	0.00e+00	0.00e+00	5.19e-01	3.49e-06	2.51e-06
 1.07478e+20	5.43e-01	4.54e-01	2.39e-03	7.07e-07	0.00e+00	0.00e+00	0.00e+00	0.00e+00	0.00e+00	5.43e-01	3.52e-06	2.53e-06
 1.11031e+20	5.65e-01	4.33e-01	2.06e-03	5.79e-07	0.00e+00	0.00e+00	0.00e+00	0.00e+00	0.00e+00	5.65e-01	3.53e-06	2.54e-06
 1.14510e+20	5.85e-01	4.13e-01	1.78e-03	4.80e-07	0.00e+00	0.00e+00	0.00e+00	0.00e+00	0.00e+00	5.85e-01	3.53e-06	2.54e-06
 1.17367e+20	6.00e-01	3.99e-01	1.60e-03	4.17e-07	0.00e+00	0.00e+00	0.00e+00	0.00e+00	0.00e+00	6.00e-01	3.53e-06	2.54e-06
 1.19425e+20	6.11e-01	3.88e-01	1.47e-03	3.76e-07	0.00e+00	0.00e+00	0.00e+00	0.00e+00	0.00e+00	6.11e-01	3.52e-06	2.53e-06
 1.21427e+20	6.21e-01	3.77e-01	1.36e-03	3.39e-07	0.00e+00	0.00e+00	0.00e+00	0.00e+00	0.00e+00	6.21e-01	3.51e-06	2.52e-06
 1.23703e+20	6.32e-01	3.67e-01	1.24e-03	3.04e-07	0.00e+00	0.00e+00	0.00e+00	0.00e+00	0.00e+00	6.32e-01	3.50e-06	2.52e-06
 1.26255e+20	6.45e-01	3.54e-01	1.12e-03	2.69e-07	0.00e+00	0.00e+00	0.00e+00	0.00e+00	0.00e+00	6.45e-01	3.48e-06	2.50e-06
 1.28856e+20	6.56e-01	3.43e-01	1.02e-03	2.40e-07	0.00e+00	0.00e+00	0.00e+00	0.00e+00	0.00e+00	6.56e-01	3.46e-06	2.49e-06
 1.31436e+20	6.67e-01	3.32e-01	9.22e-04	2.14e-07	0.00e+00	0.00e+00	0.00e+00	0.00e+00	0.00e+00	6.67e-01	3.44e-06	2.47e-06
 1.34102e+20	6.78e-01	3.21e-01	8.34e-04	1.91e-07	0.00e+00	0.00e+00	0.00e+00	0.00e+00	0.00e+00	6.78e-01	3.42e-06	2.45e-06
 1.36834e+20	6.89e-01	3.10e-01	7.54e-04	1.71e-07	0.00e+00	0.00e+00	0.00e+00	0.00e+00	0.00e+00	6.89e-01	3.39e-06	2.43e-06
 1.39651e+20	7.00e-01	3.00e-01	6.81e-04	1.53e-07	0.00e+00	0.00e+00	0.00e+00	0.00e+00	0.00e+00	7.00e-01	3.36e-06	2.41e-06
 1.42576e+20	7.10e-01	2.89e-01	6.13e-04	1.37e-07	0.00e+00	0.00e+00	0.00e+00	0.00e+00	0.00e+00	7.10e-01	3.33e-06	2.38e-06
 1.45602e+20	7.20e-01	2.79e-01	5.51e-04	1.23e-07	0.00e+00	0.00e+00	0.00e+00	0.00e+00	0.00e+00	7.20e-01	3.29e-06	2.36e-06
 1.48730e+20	7.30e-01	2.69e-01	4.94e-04	0.00e+00	0.00e+00	0.00e+00	0.00e+00	0.00e+00	0.00e+00	7.30e-01	3.26e-06	2.33e-06
 1.51946e+20	7.40e-01	2.60e-01	4.43e-04	0.00e+00	0.00e+00	0.00e+00	0.00e+00	0.00e+00	0.00e+00	7.40e-01	3.22e-06	2.30e-06
 1.55257e+20	7.49e-01	2.50e-01	3.96e-04	0.00e+00	0.00e+00	0.00e+00	0.00e+00	0.00e+00	0.00e+00	7.49e-01	3.18e-06	2.27e-06
 1.58692e+20	7.59e-01	2.41e-01	3.54e-04	0.00e+00	0.00e+00	0.00e+00	0.00e+00	0.00e+00	0.00e+00	7.59e-01	3.14e-06	2.24e-06
 1.62252e+20	7.68e-01	2.32e-01	3.16e-04	0.00e+00	0.00e+00	0.00e+00	0.00e+00	0.00e+00	0.00e+00	7.68e-01	3.10e-06	2.21e-06
 1.65939e+20	7.76e-01	2.23e-01	2.81e-04	0.00e+00	0.00e+00	0.00e+00	0.00e+00	0.00e+00	0.00e+00	7.76e-01	3.05e-06	2.18e-06
 1.69731e+20	7.85e-01	2.15e-01	2.50e-04	0.00e+00	0.00e+00	0.00e+00	0.00e+00	0.00e+00	0.00e+00	7.85e-01	3.01e-06	2.15e-06
 1.73667e+20	7.93e-01	2.07e-01	2.22e-04	0.00e+00	0.00e+00	0.00e+00	0.00e+00	0.00e+00	0.00e+00	7.93e-01	2.97e-06	2.11e-06
 1.77749e+20	8.01e-01	1.99e-01	1.97e-04	0.00e+00	0.00e+00	0.00e+00	0.00e+00	0.00e+00	0.00e+00	8.01e-01	2.92e-06	2.08e-06
 1.81991e+20	8.09e-01	1.91e-01	1.74e-04	0.00e+00	0.00e+00	0.00e+00	0.00e+00	0.00e+00	0.00e+00	8.09e-01	2.88e-06	2.05e-06
 1.86395e+20	8.16e-01	1.84e-01	1.54e-04	0.00e+00	0.00e+00	0.00e+00	0.00e+00	0.00e+00	0.00e+00	8.16e-01	2.84e-06	2.02e-06
 1.91012e+20	8.24e-01	1.76e-01	1.36e-04	0.00e+00	0.00e+00	0.00e+00	0.00e+00	0.00e+00	0.00e+00	8.24e-01	2.79e-06	1.98e-06
 1.95871e+20	8.31e-01	1.69e-01	1.20e-04	0.00e+00	0.00e+00	0.00e+00	0.00e+00	0.00e+00	0.00e+00	8.31e-01	2.74e-06	1.95e-06
 2.00882e+20	8.37e-01	1.62e-01	1.06e-04	0.00e+00	0.00e+00	0.00e+00	0.00e+00	0.00e+00	0.00e+00	8.37e-01	2.70e-06	1.92e-06
 2.06121e+20	8.44e-01	1.56e-01	9.35e-05	0.00e+00	0.00e+00	0.00e+00	0.00e+00	0.00e+00	0.00e+00	8.44e-01	2.66e-06	1.88e-06
 2.11625e+20	8.50e-01	1.50e-01	8.26e-05	0.00e+00	0.00e+00	0.00e+00	0.00e+00	0.00e+00	0.00e+00	8.50e-01	2.61e-06	1.85e-06
 2.17360e+20	8.56e-01	1.44e-01	7.30e-05	0.00e+00	0.00e+00	0.00e+00	0.00e+00	0.00e+00	0.00e+00	8.56e-01	2.57e-06	1.82e-06
 2.23326e+20	8.61e-01	1.38e-01	6.46e-05	0.00e+00	0.00e+00	0.00e+00	0.00e+00	0.00e+00	0.00e+00	8.61e-01	2.53e-06	1.79e-06
 2.29580e+20	8.67e-01	1.33e-01	5.74e-05	0.00e+00	0.00e+00	0.00e+00	0.00e+00	0.00e+00	0.00e+00	8.67e-01	2.49e-06	1.76e-06
 2.36167e+20	8.72e-01	1.28e-01	5.10e-05	0.00e+00	0.00e+00	0.00e+00	0.00e+00	0.00e+00	0.00e+00	8.72e-01	2.46e-06	1.73e-06
 2.43132e+20	8.76e-01	1.24e-01	4.54e-05	0.00e+00	0.00e+00	0.00e+00	0.00e+00	0.00e+00	0.00e+00	8.76e-01	2.42e-06	1.71e-06
 2.50548e+20	8.81e-01	1.19e-01	4.04e-05	0.00e+00	0.00e+00	0.00e+00	0.00e+00	0.00e+00	0.00e+00	8.81e-01	2.39e-06	1.68e-06
 2.58479e+20	8.85e-01	1.15e-01	3.61e-05	0.00e+00	0.00e+00	0.00e+00	0.00e+00	0.00e+00	0.00e+00	8.85e-01	2.35e-06	1.66e-06
 2.66995e+20	8.89e-01	1.11e-01	3.22e-05	0.00e+00	0.00e+00	0.00e+00	0.00e+00	0.00e+00	0.00e+00	8.89e-01	2.32e-06	1.63e-06
 2.76189e+20	8.93e-01	1.07e-01	2.89e-05	0.00e+00	0.00e+00	0.00e+00	0.00e+00	0.00e+00	0.00e+00	8.93e-01	2.29e-06	1.61e-06
 2.86182e+20	8.96e-01	1.04e-01	2.58e-05	0.00e+00	0.00e+00	0.00e+00	0.00e+00	0.00e+00	0.00e+00	8.96e-01	2.26e-06	1.58e-06
 2.97078e+20	9.00e-01	1.00e-01	2.32e-05	0.00e+00	0.00e+00	0.00e+00	0.00e+00	0.00e+00	0.00e+00	9.00e-01	2.23e-06	1.56e-06
 3.08979e+20	9.03e-01	9.69e-02	2.08e-05	0.00e+00	0.00e+00	0.00e+00	0.00e+00	0.00e+00	0.00e+00	9.03e-01	2.20e-06	1.54e-06
 3.22030e+20	9.06e-01	9.38e-02	1.87e-05	0.00e+00	0.00e+00	0.00e+00	0.00e+00	0.00e+00	0.00e+00	9.06e-01	2.18e-06	1.52e-06
 3.36392e+20	9.09e-01	9.08e-02	1.68e-05	0.00e+00	0.00e+00	0.00e+00	0.00e+00	0.00e+00	0.00e+00	9.09e-01	2.15e-06	1.50e-06
 3.52191e+20	9.12e-01	8.78e-02	1.51e-05	0.00e+00	0.00e+00	0.00e+00	0.00e+00	0.00e+00	0.00e+00	9.12e-01	2.12e-06	1.48e-06
 3.69514e+20	9.15e-01	8.50e-02	1.35e-05	0.00e+00	0.00e+00	0.00e+00	0.00e+00	0.00e+00	0.00e+00	9.15e-01	2.10e-06	1.46e-06
 3.88450e+20	9.18e-01	8.23e-02	1.22e-05	0.00e+00	0.00e+00	0.00e+00	0.00e+00	0.00e+00	0.00e+00	9.18e-01	2.07e-06	1.44e-06
 4.09094e+20	9.20e-01	7.96e-02	1.09e-05	0.00e+00	0.00e+00	0.00e+00	0.00e+00	0.00e+00	0.00e+00	9.20e-01	2.05e-06	1.42e-06
 4.31519e+20	9.23e-01	7.70e-02	9.82e-06	0.00e+00	0.00e+00	0.00e+00	0.00e+00	0.00e+00	0.00e+00	9.23e-01	2.03e-06	1.40e-06
 4.55798e+20	9.25e-01	7.45e-02	8.83e-06	0.00e+00	0.00e+00	0.00e+00	0.00e+00	0.00e+00	0.00e+00	9.25e-01	2.00e-06	1.39e-06
 4.82029e+20	9.28e-01	7.22e-02	7.94e-06	0.00e+00	0.00e+00	0.00e+00	0.00e+00	0.00e+00	0.00e+00	9.28e-01	1.98e-06	1.37e-06
 5.10100e+20	9.30e-01	6.98e-02	7.14e-06	0.00e+00	0.00e+00	0.00e+00	0.00e+00	0.00e+00	0.00e+00	9.30e-01	1.96e-06	1.35e-06
 5.40272e+20	9.32e-01	6.76e-02	6.43e-06	0.00e+00	0.00e+00	0.00e+00	0.00e+00	0.00e+00	0.00e+00	9.32e-01	1.94e-06	1.33e-06
 5.72939e+20	9.35e-01	6.54e-02	5.79e-06	0.00e+00	0.00e+00	0.00e+00	0.00e+00	0.00e+00	0.00e+00	9.35e-01	1.93e-06	1.32e-06
 6.08091e+20	9.37e-01	6.33e-02	5.22e-06	0.00e+00	0.00e+00	0.00e+00	0.00e+00	0.00e+00	0.00e+00	9.37e-01	1.91e-06	1.30e-06
 6.45896e+20	9.39e-01	6.12e-02	4.70e-06	0.00e+00	0.00e+00	0.00e+00	0.00e+00	0.00e+00	0.00e+00	9.39e-01	1.89e-06	1.28e-06
 6.86681e+20	9.41e-01	5.93e-02	4.25e-06	0.00e+00	0.00e+00	0.00e+00	0.00e+00	0.00e+00	0.00e+00	9.41e-01	1.87e-06	1.26e-06
 7.30847e+20	9.43e-01	5.74e-02	3.84e-06	0.00e+00	0.00e+00	0.00e+00	0.00e+00	0.00e+00	0.00e+00	9.43e-01	1.86e-06	1.24e-06
 7.78856e+20	9.44e-01	5.56e-02	3.47e-06	0.00e+00	0.00e+00	0.00e+00	0.00e+00	0.00e+00	0.00e+00	9.44e-01	1.84e-06	1.23e-06
 8.31106e+20	9.46e-01	5.38e-02	3.14e-06	0.00e+00	0.00e+00	0.00e+00	0.00e+00	0.00e+00	0.00e+00	9.46e-01	1.83e-06	1.21e-06
 8.88557e+20	9.48e-01	5.22e-02	2.84e-06	0.00e+00	0.00e+00	0.00e+00	0.00e+00	0.00e+00	0.00e+00	9.48e-01	1.82e-06	1.20e-06
 9.51996e+20	9.49e-01	5.06e-02	2.58e-06	0.00e+00	0.00e+00	0.00e+00	0.00e+00	0.00e+00	0.00e+00	9.49e-01	1.81e-06	1.18e-06
 1.02219e+21	9.51e-01	4.90e-02	2.34e-06	0.00e+00	0.00e+00	0.00e+00	0.00e+00	0.00e+00	0.00e+00	9.51e-01	1.80e-06	1.17e-06
 1.10045e+21	9.52e-01	4.76e-02	2.12e-06	0.00e+00	0.00e+00	0.00e+00	0.00e+00	0.00e+00	0.00e+00	9.52e-01	1.79e-06	1.16e-06
 1.18855e+21	9.54e-01	4.62e-02	1.93e-06	0.00e+00	0.00e+00	0.00e+00	0.00e+00	0.00e+00	0.00e+00	9.54e-01	1.79e-06	1.15e-06
 1.28913e+21	9.55e-01	4.48e-02	1.76e-06	0.00e+00	0.00e+00	0.00e+00	0.00e+00	0.00e+00	0.00e+00	9.55e-01	1.79e-06	1.14e-06
 1.40514e+21	9.56e-01	4.35e-02	1.60e-06	0.00e+00	0.00e+00	0.00e+00	0.00e+00	0.00e+00	0.00e+00	9.56e-01	1.78e-06	1.13e-06
 1.54055e+21	9.58e-01	4.23e-02	1.45e-06	0.00e+00	0.00e+00	0.00e+00	0.00e+00	0.00e+00	0.00e+00	9.58e-01	1.79e-06	1.12e-06
 1.69441e+21	9.59e-01	4.12e-02	1.33e-06	0.00e+00	0.00e+00	0.00e+00	0.00e+00	0.00e+00	0.00e+00	9.59e-01	1.79e-06	1.11e-06
 1.86385e+21	9.60e-01	4.03e-02	1.22e-06	0.00e+00	0.00e+00	0.00e+00	0.00e+00	0.00e+00	0.00e+00	9.60e-01	1.80e-06	1.11e-06
 2.05024e+21	9.61e-01	3.94e-02	1.13e-06	0.00e+00	0.00e+00	0.00e+00	0.00e+00	0.00e+00	0.00e+00	9.61e-01	1.81e-06	1.10e-06
 2.25526e+21	9.61e-01	3.87e-02	1.04e-06	0.00e+00	0.00e+00	0.00e+00	0.00e+00	0.00e+00	0.00e+00	9.61e-01	1.83e-06	1.10e-06
 2.48079e+21	9.62e-01	3.81e-02	9.72e-07	0.00e+00	0.00e+00	0.00e+00	0.00e+00	0.00e+00	0.00e+00	9.62e-01	1.85e-06	1.09e-06
 2.72887e+21	9.62e-01	3.75e-02	9.07e-07	0.00e+00	0.00e+00	0.00e+00	0.00e+00	0.00e+00	0.00e+00	9.62e-01	1.87e-06	1.09e-06
 3.00175e+21	9.63e-01	3.71e-02	8.49e-07	0.00e+00	0.00e+00	0.00e+00	0.00e+00	0.00e+00	0.00e+00	9.63e-01	1.89e-06	1.09e-06
 3.30193e+21	9.63e-01	3.67e-02	7.96e-07	0.00e+00	0.00e+00	0.00e+00	0.00e+00	0.00e+00	0.00e+00	9.63e-01	1.92e-06	1.08e-06
 3.63212e+21	9.64e-01	3.63e-02	7.46e-07	0.00e+00	0.00e+00	0.00e+00	0.00e+00	0.00e+00	0.00e+00	9.64e-01	1.95e-06	1.08e-06
 3.99533e+21	9.64e-01	3.61e-02	7.00e-07	0.00e+00	0.00e+00	0.00e+00	0.00e+00	0.00e+00	0.00e+00	9.64e-01	1.98e-06	1.08e-06
 4.39487e+21	9.64e-01	3.58e-02	6.56e-07	0.00e+00	0.00e+00	0.00e+00	0.00e+00	0.00e+00	0.00e+00	9.64e-01	2.01e-06	1.08e-06
 4.79703e+21	9.64e-01	3.56e-02	6.19e-07	0.00e+00	0.00e+00	0.00e+00	0.00e+00	0.00e+00	0.00e+00	9.64e-01	2.05e-06	1.08e-06
 5.16471e+21	9.64e-01	3.55e-02	5.88e-07	0.00e+00	0.00e+00	0.00e+00	0.00e+00	0.00e+00	0.00e+00	9.64e-01	2.08e-06	1.08e-06
 5.51375e+21	9.65e-01	3.54e-02	5.61e-07	0.00e+00	0.00e+00	0.00e+00	0.00e+00	0.00e+00	0.00e+00	9.65e-01	2.11e-06	1.08e-06
 5.91450e+21	9.65e-01	3.53e-02	5.32e-07	0.00e+00	0.00e+00	0.00e+00	0.00e+00	0.00e+00	0.00e+00	9.65e-01	2.14e-06	1.08e-06
 6.34993e+21	9.65e-01	3.52e-02	5.05e-07	0.00e+00	0.00e+00	0.00e+00	0.00e+00	0.00e+00	0.00e+00	9.65e-01	2.17e-06	1.08e-06
 6.73492e+21	9.65e-01	3.52e-02	4.83e-07	0.00e+00	0.00e+00	0.00e+00	0.00e+00	0.00e+00	0.00e+00	9.65e-01	2.20e-06	1.08e-06
 7.08159e+21	9.65e-01	3.51e-02	4.64e-07	0.00e+00	0.00e+00	0.00e+00	0.00e+00	0.00e+00	0.00e+00	9.65e-01	2.23e-06	1.08e-06
 7.47395e+21	9.65e-01	3.51e-02	4.43e-07	0.00e+00	0.00e+00	0.00e+00	0.00e+00	0.00e+00	0.00e+00	9.65e-01	2.25e-06	1.08e-06
 7.91313e+21	9.65e-01	3.50e-02	4.23e-07	0.00e+00	0.00e+00	0.00e+00	0.00e+00	0.00e+00	0.00e+00	9.65e-01	2.28e-06	1.08e-06
 8.32173e+21	9.65e-01	3.50e-02	4.05e-07	0.00e+00	0.00e+00	0.00e+00	0.00e+00	0.00e+00	0.00e+00	9.65e-01	2.31e-06	1.08e-06
 8.69796e+21	9.65e-01	3.50e-02	3.90e-07	0.00e+00	0.00e+00	0.00e+00	0.00e+00	0.00e+00	0.00e+00	9.65e-01	2.33e-06	1.08e-06
 9.12352e+21	9.65e-01	3.50e-02	3.73e-07	0.00e+00	0.00e+00	0.00e+00	0.00e+00	0.00e+00	0.00e+00	9.65e-01	2.35e-06	1.08e-06
 9.60053e+21	9.65e-01	3.49e-02	3.56e-07	0.00e+00	0.00e+00	0.00e+00	0.00e+00	0.00e+00	0.00e+00	9.65e-01	2.37e-06	1.08e-06
 1.00497e+22	9.65e-01	3.49e-02	3.41e-07	0.00e+00	0.00e+00	0.00e+00	0.00e+00	0.00e+00	0.00e+00	9.65e-01	2.40e-06	1.08e-06
 1.05390e+22	9.65e-01	3.49e-02	3.25e-07	0.00e+00	0.00e+00	0.00e+00	0.00e+00	0.00e+00	0.00e+00	9.65e-01	2.42e-06	1.08e-06
 1.10875e+22	9.65e-01	3.49e-02	3.09e-07	0.00e+00	0.00e+00	0.00e+00	0.00e+00	0.00e+00	0.00e+00	9.65e-01	2.44e-06	1.08e-06
 1.16151e+22	9.65e-01	3.49e-02	2.95e-07	0.00e+00	0.00e+00	0.00e+00	0.00e+00	0.00e+00	0.00e+00	9.65e-01	2.46e-06	1.07e-06
 1.22033e+22	9.65e-01	3.49e-02	2.80e-07	0.00e+00	0.00e+00	0.00e+00	0.00e+00	0.00e+00	0.00e+00	9.65e-01	2.47e-06	1.07e-06
 1.29679e+22	9.65e-01	3.49e-02	2.62e-07	0.00e+00	0.00e+00	0.00e+00	0.00e+00	0.00e+00	0.00e+00	9.65e-01	2.49e-06	1.07e-06
 1.39618e+22	9.65e-01	3.49e-02	2.40e-07	0.00e+00	0.00e+00	0.00e+00	0.00e+00	0.00e+00	0.00e+00	9.65e-01	2.51e-06	1.07e-06
 1.51711e+22	9.65e-01	3.49e-02	2.18e-07	0.00e+00	0.00e+00	0.00e+00	0.00e+00	0.00e+00	0.00e+00	9.65e-01	2.52e-06	1.07e-06
 1.64029e+22	9.65e-01	3.50e-02	1.99e-07	0.00e+00	0.00e+00	0.00e+00	0.00e+00	0.00e+00	0.00e+00	9.65e-01	2.53e-06	1.08e-06
 1.75353e+22	9.65e-01	3.50e-02	1.84e-07	0.00e+00	0.00e+00	0.00e+00	0.00e+00	0.00e+00	0.00e+00	9.65e-01	2.52e-06	1.08e-06
 1.87222e+22	9.65e-01	3.50e-02	1.69e-07	0.00e+00	0.00e+00	0.00e+00	0.00e+00	0.00e+00	0.00e+00	9.65e-01	2.50e-06	1.08e-06
 1.99357e+22	9.65e-01	3.51e-02	1.57e-07	0.00e+00	0.00e+00	0.00e+00	0.00e+00	0.00e+00	0.00e+00	9.65e-01	2.47e-06	1.08e-06
 2.10278e+22	9.65e-01	3.51e-02	1.47e-07	0.00e+00	0.00e+00	0.00e+00	0.00e+00	0.00e+00	0.00e+00	9.65e-01	2.43e-06	1.08e-06
 2.20107e+22	9.65e-01	3.51e-02	1.39e-07	0.00e+00	0.00e+00	0.00e+00	0.00e+00	0.00e+00	0.00e+00	9.65e-01	2.38e-06	1.08e-06
 2.28953e+22	9.65e-01	3.51e-02	1.32e-07	0.00e+00	0.00e+00	0.00e+00	0.00e+00	0.00e+00	0.00e+00	9.65e-01	2.34e-06	1.08e-06
 2.36914e+22	9.65e-01	3.51e-02	1.27e-07	0.00e+00	0.00e+00	0.00e+00	0.00e+00	0.00e+00	0.00e+00	9.65e-01	2.29e-06	1.08e-06
 2.44080e+22	9.65e-01	3.51e-02	1.23e-07	0.00e+00	0.00e+00	0.00e+00	0.00e+00	0.00e+00	0.00e+00	9.65e-01	2.23e-06	1.08e-06
 2.50529e+22	9.65e-01	3.52e-02	1.19e-07	0.00e+00	0.00e+00	0.00e+00	0.00e+00	0.00e+00	0.00e+00	9.65e-01	2.19e-06	1.08e-06
 2.56332e+22	9.65e-01	3.52e-02	1.16e-07	0.00e+00	0.00e+00	0.00e+00	0.00e+00	0.00e+00	0.00e+00	9.65e-01	2.14e-06	1.08e-06
 2.61556e+22	9.65e-01	3.52e-02	1.13e-07	0.00e+00	0.00e+00	0.00e+00	0.00e+00	0.00e+00	0.00e+00	9.65e-01	2.09e-06	1.08e-06
 2.66257e+22	9.65e-01	3.52e-02	1.11e-07	0.00e+00	0.00e+00	0.00e+00	0.00e+00	0.00e+00	0.00e+00	9.65e-01	2.05e-06	1.08e-06
 2.70488e+22	9.65e-01	3.52e-02	1.09e-07	0.00e+00	0.00e+00	0.00e+00	0.00e+00	0.00e+00	0.00e+00	9.65e-01	2.01e-06	1.08e-06
 2.74296e+22	9.65e-01	3.52e-02	1.07e-07	0.00e+00	0.00e+00	0.00e+00	0.00e+00	0.00e+00	0.00e+00	9.65e-01	1.97e-06	1.08e-06
 2.77723e+22	9.65e-01	3.52e-02	1.06e-07	0.00e+00	0.00e+00	0.00e+00	0.00e+00	0.00e+00	0.00e+00	9.65e-01	1.94e-06	1.08e-06
 2.80890e+22	9.65e-01	3.52e-02	1.04e-07	0.00e+00	0.00e+00	0.00e+00	0.00e+00	0.00e+00	0.00e+00	9.65e-01	1.90e-06	1.08e-06
 2.83975e+22	9.65e-01	3.52e-02	1.03e-07	0.00e+00	0.00e+00	0.00e+00	0.00e+00	0.00e+00	0.00e+00	9.65e-01	1.87e-06	1.08e-06
 2.87061e+22	9.65e-01	3.52e-02	1.02e-07	0.00e+00	0.00e+00	0.00e+00	0.00e+00	0.00e+00	0.00e+00	9.65e-01	1.84e-06	1.08e-06
 2.90147e+22	9.65e-01	3.51e-02	1.01e-07	0.00e+00	0.00e+00	0.00e+00	0.00e+00	0.00e+00	0.00e+00	9.65e-01	1.81e-06	1.08e-06
 2.93232e+22	9.65e-01	3.51e-02	9.94e-08	0.00e+00	0.00e+00	0.00e+00	0.00e+00	0.00e+00	0.00e+00	9.65e-01	1.77e-06	1.08e-06
 2.96318e+22	9.65e-01	3.50e-02	9.81e-08	0.00e+00	0.00e+00	0.00e+00	0.00e+00	0.00e+00	0.00e+00	9.65e-01	1.74e-06	1.08e-06
 2.99404e+22	9.65e-01	3.49e-02	9.68e-08	0.00e+00	0.00e+00	0.00e+00	0.00e+00	0.00e+00	0.00e+00	9.65e-01	1.70e-06	1.08e-06
 3.02489e+22	9.65e-01	3.47e-02	9.55e-08	0.00e+00	0.00e+00	0.00e+00	0.00e+00	0.00e+00	0.00e+00	9.65e-01	1.66e-06	1.08e-06
 3.05208e+22	9.66e-01	3.44e-02	9.42e-08	0.00e+00	0.00e+00	0.00e+00	0.00e+00	0.00e+00	0.00e+00	9.66e-01	1.62e-06	1.07e-06
 3.06906e+22	9.66e-01	3.41e-02	9.33e-08	0.00e+00	0.00e+00	0.00e+00	0.00e+00	0.00e+00	0.00e+00	9.66e-01	1.59e-06	1.07e-06
 3.07624e+22	9.66e-01	3.40e-02	9.28e-08	0.00e+00	0.00e+00	0.00e+00	0.00e+00	0.00e+00	0.00e+00	9.66e-01	1.58e-06	1.07e-06
 3.07966e+22	9.66e-01	3.40e-02	9.26e-08	0.00e+00	0.00e+00	0.00e+00	0.00e+00	0.00e+00	0.00e+00	9.66e-01	1.57e-06	1.07e-06
 3.08302e+22	9.66e-01	3.39e-02	9.24e-08	0.00e+00	0.00e+00	0.00e+00	0.00e+00	0.00e+00	0.00e+00	9.66e-01	1.57e-06	1.07e-06
 3.08530e+22	9.66e-01	3.38e-02	9.18e-08	0.00e+00	0.00e+00	0.00e+00	0.00e+00	0.00e+00	0.00e+00	9.66e-01	1.56e-06	1.07e-06
