#depth	O	O+	O+2	O+3	O+4	O+5	O+6	O+7	O+8	O[1]	O[2]	O[3]
 8.60823e+16	1.52e-03	1.58e-01	7.14e-01	1.23e-01	3.45e-03	1.31e-05	0.00e+00	0.00e+00	0.00e+00	1.52e-03	1.30e-08	1.24e-08
 5.16494e+17	1.51e-03	1.57e-01	7.14e-01	1.23e-01	3.45e-03	1.32e-05	0.00e+00	0.00e+00	0.00e+00	1.51e-03	1.31e-08	1.23e-08
 2.23814e+18	1.49e-03	1.55e-01	7.17e-01	1.23e-01	3.42e-03	1.31e-05	0.00e+00	0.00e+00	0.00e+00	1.49e-03	1.29e-08	1.21e-08
 9.12472e+18	1.44e-03	1.52e-01	7.24e-01	1.19e-01	3.26e-03	1.25e-05	0.00e+00	0.00e+00	0.00e+00	1.44e-03	1.25e-08	1.18e-08
 2.17960e+19	1.28e-03	1.40e-01	7.38e-01	1.17e-01	3.09e-03	1.22e-05	0.00e+00	0.00e+00	0.00e+00	1.28e-03	1.08e-08	1.04e-08
 3.82687e+19	1.18e-03	1.33e-01	7.51e-01	1.12e-01	2.82e-03	1.14e-05	0.00e+00	0.00e+00	0.00e+00	1.18e-03	9.85e-09	9.51e-09
 5.96833e+19	1.13e-03	1.30e-01	7.64e-01	1.03e-01	2.46e-03	1.00e-05	0.00e+00	0.00e+00	0.00e+00	1.13e-03	9.35e-09	9.07e-09
 8.75221e+19	1.14e-03	1.30e-01	7.76e-01	9.00e-02	2.02e-03	8.19e-06	0.00e+00	0.00e+00	0.00e+00	1.14e-03	9.41e-09	9.12e-09
 1.23713e+20	1.25e-03	1.38e-01	7.86e-01	7.32e-02	1.51e-03	5.98e-06	0.00e+00	0.00e+00	0.00e+00	1.25e-03	1.03e-08	9.92e-09
 1.70760e+20	1.52e-03	1.55e-01	7.89e-01	5.38e-02	9.95e-04	3.75e-06	0.00e+00	0.00e+00	0.00e+00	1.52e-03	1.28e-08	1.20e-08
 2.19499e+20	1.90e-03	1.77e-01	7.82e-01	3.83e-02	6.39e-04	2.26e-06	0.00e+00	0.00e+00	0.00e+00	1.90e-03	1.65e-08	1.50e-08
 2.58263e+20	2.37e-03	2.00e-01	7.69e-01	2.85e-02	4.41e-04	1.46e-06	0.00e+00	0.00e+00	0.00e+00	2.37e-03	2.11e-08	1.87e-08
 2.88360e+20	2.88e-03	2.22e-01	7.53e-01	2.23e-02	3.28e-04	1.01e-06	0.00e+00	0.00e+00	0.00e+00	2.88e-03	2.62e-08	2.27e-08
 3.14317e+20	3.45e-03	2.43e-01	7.35e-01	1.79e-02	2.53e-04	7.30e-07	0.00e+00	0.00e+00	0.00e+00	3.45e-03	3.20e-08	2.72e-08
 3.43016e+20	4.28e-03	2.71e-01	7.11e-01	1.38e-02	1.88e-04	4.97e-07	0.00e+00	0.00e+00	0.00e+00	4.28e-03	4.05e-08	3.38e-08
 3.72734e+20	5.33e-03	3.00e-01	6.83e-01	1.06e-02	1.41e-04	3.37e-07	0.00e+00	0.00e+00	0.00e+00	5.33e-03	5.16e-08	4.22e-08
 3.97220e+20	6.44e-03	3.28e-01	6.57e-01	8.46e-03	1.12e-04	2.43e-07	0.00e+00	0.00e+00	0.00e+00	6.44e-03	6.34e-08	5.10e-08
 4.18781e+20	7.65e-03	3.54e-01	6.31e-01	6.87e-03	9.16e-05	1.80e-07	0.00e+00	0.00e+00	0.00e+00	7.65e-03	7.62e-08	6.07e-08
 4.43094e+20	9.42e-03	3.88e-01	5.98e-01	5.33e-03	7.27e-05	1.26e-07	0.00e+00	0.00e+00	0.00e+00	9.42e-03	9.55e-08	7.49e-08
 4.68777e+20	1.17e-02	4.24e-01	5.60e-01	4.08e-03	5.78e-05	0.00e+00	0.00e+00	0.00e+00	0.00e+00	1.17e-02	1.20e-07	9.32e-08
 4.90620e+20	1.42e-02	4.58e-01	5.24e-01	3.20e-03	4.76e-05	0.00e+00	0.00e+00	0.00e+00	0.00e+00	1.42e-02	1.48e-07	1.13e-07
 5.09848e+20	1.69e-02	4.90e-01	4.90e-01	2.55e-03	4.00e-05	0.00e+00	0.00e+00	0.00e+00	0.00e+00	1.69e-02	1.78e-07	1.35e-07
 5.31298e+20	2.07e-02	5.28e-01	4.49e-01	1.93e-03	3.27e-05	0.00e+00	0.00e+00	0.00e+00	0.00e+00	2.07e-02	2.20e-07	1.66e-07
 5.54189e+20	2.57e-02	5.68e-01	4.04e-01	1.43e-03	2.66e-05	0.00e+00	0.00e+00	0.00e+00	0.00e+00	2.57e-02	2.75e-07	2.06e-07
 5.73891e+20	3.11e-02	6.04e-01	3.64e-01	1.08e-03	2.20e-05	0.00e+00	0.00e+00	0.00e+00	0.00e+00	3.11e-02	3.35e-07	2.49e-07
 5.91340e+20	3.71e-02	6.35e-01	3.27e-01	8.20e-04	1.84e-05	0.00e+00	0.00e+00	0.00e+00	0.00e+00	3.71e-02	4.02e-07	2.98e-07
 6.10924e+20	4.53e-02	6.70e-01	2.85e-01	5.91e-04	1.49e-05	0.00e+00	0.00e+00	0.00e+00	0.00e+00	4.53e-02	4.91e-07	3.62e-07
 6.32066e+20	5.64e-02	7.03e-01	2.40e-01	4.05e-04	1.16e-05	0.00e+00	0.00e+00	0.00e+00	0.00e+00	5.64e-02	6.09e-07	4.47e-07
 6.50028e+20	6.84e-02	7.28e-01	2.03e-01	2.85e-04	9.25e-06	0.00e+00	0.00e+00	0.00e+00	0.00e+00	6.84e-02	7.33e-07	5.37e-07
 6.64499e+20	7.97e-02	7.44e-01	1.76e-01	2.12e-04	7.60e-06	0.00e+00	0.00e+00	0.00e+00	0.00e+00	7.97e-02	8.49e-07	6.21e-07
 6.79636e+20	9.42e-02	7.58e-01	1.47e-01	1.51e-04	6.03e-06	0.00e+00	0.00e+00	0.00e+00	0.00e+00	9.42e-02	9.94e-07	7.26e-07
 6.95369e+20	1.12e-01	7.67e-01	1.21e-01	1.05e-04	4.67e-06	0.00e+00	0.00e+00	0.00e+00	0.00e+00	1.12e-01	1.17e-06	8.49e-07
 7.07984e+20	1.29e-01	7.70e-01	1.02e-01	7.64e-05	3.73e-06	0.00e+00	0.00e+00	0.00e+00	0.00e+00	1.29e-01	1.33e-06	9.64e-07
 7.18196e+20	1.44e-01	7.68e-01	8.72e-02	5.86e-05	3.06e-06	0.00e+00	0.00e+00	0.00e+00	0.00e+00	1.44e-01	1.47e-06	1.07e-06
 7.29176e+20	1.64e-01	7.63e-01	7.28e-02	4.33e-05	2.43e-06	0.00e+00	0.00e+00	0.00e+00	0.00e+00	1.64e-01	1.64e-06	1.19e-06
 7.40869e+20	1.86e-01	7.54e-01	5.97e-02	3.13e-05	1.89e-06	0.00e+00	0.00e+00	0.00e+00	0.00e+00	1.86e-01	1.83e-06	1.33e-06
 7.50721e+20	2.08e-01	7.42e-01	4.98e-02	2.35e-05	1.50e-06	0.00e+00	0.00e+00	0.00e+00	0.00e+00	2.08e-01	2.01e-06	1.46e-06
 7.58982e+20	2.28e-01	7.30e-01	4.24e-02	1.85e-05	1.23e-06	0.00e+00	0.00e+00	0.00e+00	0.00e+00	2.28e-01	2.16e-06	1.57e-06
 7.67947e+20	2.51e-01	7.13e-01	3.52e-02	1.41e-05	9.69e-07	0.00e+00	0.00e+00	0.00e+00	0.00e+00	2.51e-01	2.33e-06	1.69e-06
 7.77617e+20	2.78e-01	6.93e-01	2.87e-02	1.06e-05	7.51e-07	0.00e+00	0.00e+00	0.00e+00	0.00e+00	2.78e-01	2.52e-06	1.82e-06
 7.86067e+20	3.03e-01	6.73e-01	2.39e-02	8.24e-06	5.96e-07	0.00e+00	0.00e+00	0.00e+00	0.00e+00	3.03e-01	2.67e-06	1.93e-06
 7.93597e+20	3.26e-01	6.54e-01	2.01e-02	6.59e-06	4.82e-07	0.00e+00	0.00e+00	0.00e+00	0.00e+00	3.26e-01	2.81e-06	2.03e-06
 8.02069e+20	3.54e-01	6.30e-01	1.64e-02	5.11e-06	3.74e-07	0.00e+00	0.00e+00	0.00e+00	0.00e+00	3.54e-01	2.96e-06	2.14e-06
 8.11194e+20	3.83e-01	6.04e-01	1.32e-02	3.96e-06	2.87e-07	0.00e+00	0.00e+00	0.00e+00	0.00e+00	3.83e-01	3.10e-06	2.24e-06
 8.19381e+20	4.11e-01	5.78e-01	1.07e-02	3.15e-06	2.23e-07	0.00e+00	0.00e+00	0.00e+00	0.00e+00	4.11e-01	3.22e-06	2.32e-06
 8.26993e+20	4.37e-01	5.54e-01	8.78e-03	2.56e-06	1.76e-07	0.00e+00	0.00e+00	0.00e+00	0.00e+00	4.37e-01	3.31e-06	2.39e-06
 8.35072e+20	4.66e-01	5.27e-01	7.07e-03	2.06e-06	1.36e-07	0.00e+00	0.00e+00	0.00e+00	0.00e+00	4.66e-01	3.40e-06	2.45e-06
