#depth	N	N+	N+2	N+3	N+4	N+5	N+6	N+7
 9.35236e+17	8.97e-07	5.82e-04	8.84e-02	4.11e-01	3.34e-01	1.65e-01	7.83e-04	5.33e-07
 5.61142e+18	8.93e-07	5.82e-04	8.85e-02	4.11e-01	3.34e-01	1.65e-01	7.80e-04	5.30e-07
 2.43161e+19	8.79e-07	5.84e-04	8.94e-02	4.13e-01	3.33e-01	1.63e-01	7.69e-04	5.21e-07
 9.91350e+19	8.54e-07	5.94e-04	9.31e-02	4.20e-01	3.29e-01	1.57e-01	7.30e-04	4.89e-07
 2.36802e+20	7.92e-07	5.92e-04	9.68e-02	4.27e-01	3.25e-01	1.50e-01	6.92e-04	4.57e-07
 4.10805e+20	8.29e-07	6.30e-04	1.04e-01	4.38e-01	3.18e-01	1.39e-01	6.24e-04	4.01e-07
 6.24550e+20	9.29e-07	7.07e-04	1.15e-01	4.52e-01	3.07e-01	1.25e-01	5.38e-04	3.33e-07
 8.52056e+20	1.06e-06	8.05e-04	1.28e-01	4.66e-01	2.94e-01	1.10e-01	4.57e-04	2.72e-07
 1.05903e+21	1.21e-06	9.22e-04	1.41e-01	4.78e-01	2.81e-01	9.81e-02	3.91e-04	2.24e-07
 1.24710e+21	1.39e-06	1.06e-03	1.57e-01	4.87e-01	2.68e-01	8.72e-02	3.34e-04	1.85e-07
 1.42262e+21	1.59e-06	1.22e-03	1.73e-01	4.94e-01	2.54e-01	7.74e-02	2.86e-04	1.53e-07
 1.58464e+21	1.83e-06	1.39e-03	1.90e-01	4.99e-01	2.41e-01	6.89e-02	2.45e-04	1.27e-07
 1.73486e+21	2.08e-06	1.58e-03	2.07e-01	5.03e-01	2.27e-01	6.12e-02	2.11e-04	0.00e+00
 1.87707e+21	2.37e-06	1.80e-03	2.26e-01	5.04e-01	2.14e-01	5.44e-02	1.81e-04	0.00e+00
 2.00548e+21	2.66e-06	2.02e-03	2.44e-01	5.04e-01	2.01e-01	4.86e-02	1.57e-04	0.00e+00
 2.11880e+21	2.97e-06	2.25e-03	2.61e-01	5.03e-01	1.90e-01	4.36e-02	1.37e-04	0.00e+00
 2.24405e+21	3.38e-06	2.56e-03	2.83e-01	5.00e-01	1.76e-01	3.83e-02	1.17e-04	0.00e+00
 2.36602e+21	3.81e-06	2.88e-03	3.05e-01	4.95e-01	1.63e-01	3.37e-02	9.96e-05	0.00e+00
 2.45642e+21	4.17e-06	3.15e-03	3.22e-01	4.91e-01	1.54e-01	3.05e-02	8.80e-05	0.00e+00
 2.54662e+21	4.56e-06	3.45e-03	3.40e-01	4.85e-01	1.44e-01	2.73e-02	7.68e-05	0.00e+00
 2.64664e+21	5.17e-06	3.88e-03	3.62e-01	4.78e-01	1.33e-01	2.39e-02	6.54e-05	0.00e+00
 2.73287e+21	5.60e-06	4.21e-03	3.80e-01	4.71e-01	1.24e-01	2.14e-02	5.72e-05	0.00e+00
 2.81843e+21	6.32e-06	4.69e-03	4.00e-01	4.62e-01	1.14e-01	1.88e-02	4.87e-05	0.00e+00
 2.90521e+21	6.99e-06	5.15e-03	4.20e-01	4.53e-01	1.05e-01	1.66e-02	4.17e-05	0.00e+00
 2.97736e+21	7.57e-06	5.55e-03	4.37e-01	4.45e-01	9.74e-02	1.49e-02	3.66e-05	0.00e+00
 3.05495e+21	8.39e-06	6.09e-03	4.56e-01	4.35e-01	8.93e-02	1.30e-02	3.12e-05	0.00e+00
 3.13734e+21	9.36e-06	6.72e-03	4.76e-01	4.25e-01	8.13e-02	1.13e-02	2.62e-05	0.00e+00
 3.20790e+21	1.03e-05	7.33e-03	4.93e-01	4.15e-01	7.47e-02	1.00e-02	2.24e-05	0.00e+00
 3.27034e+21	1.13e-05	7.93e-03	5.09e-01	4.06e-01	6.90e-02	8.90e-03	1.94e-05	0.00e+00
 3.34030e+21	1.28e-05	8.78e-03	5.27e-01	3.94e-01	6.26e-02	7.70e-03	1.61e-05	0.00e+00
 3.41245e+21	1.43e-05	9.63e-03	5.44e-01	3.83e-01	5.68e-02	6.69e-03	1.35e-05	0.00e+00
 3.47446e+21	1.58e-05	1.04e-02	5.59e-01	3.73e-01	5.21e-02	5.91e-03	1.15e-05	0.00e+00
 3.54210e+21	1.78e-05	1.15e-02	5.75e-01	3.61e-01	4.71e-02	5.11e-03	9.56e-06	0.00e+00
 3.61460e+21	2.01e-05	1.27e-02	5.92e-01	3.49e-01	4.23e-02	4.39e-03	7.84e-06	0.00e+00
 3.67916e+21	2.25e-05	1.39e-02	6.07e-01	3.37e-01	3.84e-02	3.83e-03	6.55e-06	0.00e+00
 3.74879e+21	2.58e-05	1.54e-02	6.23e-01	3.24e-01	3.43e-02	3.27e-03	5.30e-06	0.00e+00
 3.82321e+21	2.97e-05	1.72e-02	6.38e-01	3.11e-01	3.06e-02	2.78e-03	4.26e-06	0.00e+00
 3.87799e+21	3.29e-05	1.86e-02	6.49e-01	3.02e-01	2.82e-02	2.48e-03	3.65e-06	0.00e+00
 3.91458e+21	3.55e-05	1.97e-02	6.57e-01	2.95e-01	2.66e-02	2.28e-03	3.25e-06	0.00e+00
 3.95336e+21	3.83e-05	2.08e-02	6.64e-01	2.88e-01	2.50e-02	2.09e-03	2.89e-06	0.00e+00
 4.00378e+21	4.31e-05	2.27e-02	6.75e-01	2.77e-01	2.29e-02	1.85e-03	2.43e-06	0.00e+00
 4.05467e+21	4.81e-05	2.46e-02	6.85e-01	2.68e-01	2.11e-02	1.65e-03	2.08e-06	0.00e+00
 4.09707e+21	5.28e-05	2.63e-02	6.92e-01	2.60e-01	1.97e-02	1.50e-03	1.81e-06	0.00e+00
 4.14309e+21	5.89e-05	2.84e-02	7.01e-01	2.51e-01	1.83e-02	1.34e-03	1.55e-06	0.00e+00
 4.19352e+21	6.58e-05	3.08e-02	7.09e-01	2.42e-01	1.69e-02	1.20e-03	1.32e-06	0.00e+00
 4.24105e+21	7.44e-05	3.35e-02	7.18e-01	2.32e-01	1.56e-02	1.07e-03	1.11e-06	0.00e+00
 4.28451e+21	8.22e-05	3.59e-02	7.24e-01	2.24e-01	1.45e-02	9.65e-04	9.66e-07	0.00e+00
 4.33130e+21	9.27e-05	3.90e-02	7.31e-01	2.15e-01	1.34e-02	8.60e-04	8.18e-07	0.00e+00
 4.38291e+21	1.06e-04	4.27e-02	7.39e-01	2.05e-01	1.23e-02	7.58e-04	6.81e-07	0.00e+00
 4.43025e+21	1.21e-04	4.67e-02	7.45e-01	1.96e-01	1.13e-02	6.69e-04	5.68e-07	0.00e+00
 4.47247e+21	1.35e-04	5.03e-02	7.50e-01	1.88e-01	1.06e-02	6.04e-04	4.89e-07	0.00e+00
 4.51855e+21	1.54e-04	5.51e-02	7.56e-01	1.79e-01	9.74e-03	5.31e-04	4.06e-07	0.00e+00
 4.56865e+21	1.78e-04	6.06e-02	7.61e-01	1.69e-01	8.93e-03	4.65e-04	3.34e-07	0.00e+00
 4.61490e+21	2.04e-04	6.63e-02	7.65e-01	1.60e-01	8.24e-03	4.09e-04	2.78e-07	0.00e+00
 4.65924e+21	2.33e-04	7.24e-02	7.68e-01	1.52e-01	7.61e-03	3.61e-04	2.31e-07	0.00e+00
 4.71014e+21	2.73e-04	8.00e-02	7.70e-01	1.42e-01	6.94e-03	3.12e-04	1.87e-07	0.00e+00
 4.76563e+21	3.25e-04	8.97e-02	7.72e-01	1.31e-01	6.27e-03	2.65e-04	1.47e-07	0.00e+00
 4.81458e+21	3.83e-04	9.97e-02	7.72e-01	1.22e-01	5.69e-03	2.26e-04	0.00e+00	0.00e+00
 4.85690e+21	4.43e-04	1.09e-01	7.71e-01	1.14e-01	5.24e-03	1.97e-04	0.00e+00	0.00e+00
 4.90317e+21	5.20e-04	1.21e-01	7.68e-01	1.06e-01	4.78e-03	1.69e-04	0.00e+00	0.00e+00
 4.96331e+21	6.46e-04	1.38e-01	7.62e-01	9.46e-02	4.20e-03	1.36e-04	0.00e+00	0.00e+00
 5.02277e+21	8.10e-04	1.59e-01	7.52e-01	8.37e-02	3.67e-03	1.08e-04	0.00e+00	0.00e+00
 5.06684e+21	9.62e-04	1.77e-01	7.43e-01	7.61e-02	3.31e-03	9.04e-05	0.00e+00	0.00e+00
 5.10963e+21	1.15e-03	1.97e-01	7.30e-01	6.86e-02	2.97e-03	7.50e-05	0.00e+00	0.00e+00
 5.16526e+21	1.45e-03	2.26e-01	7.10e-01	5.92e-02	2.56e-03	5.79e-05	0.00e+00	0.00e+00
 5.21970e+21	1.83e-03	2.59e-01	6.86e-01	5.07e-02	2.20e-03	4.44e-05	0.00e+00	0.00e+00
 5.25970e+21	2.18e-03	2.87e-01	6.64e-01	4.46e-02	1.94e-03	3.59e-05	0.00e+00	0.00e+00
 5.29366e+21	2.54e-03	3.13e-01	6.43e-01	3.98e-02	1.74e-03	2.98e-05	0.00e+00	0.00e+00
 5.33262e+21	3.06e-03	3.47e-01	6.14e-01	3.41e-02	1.51e-03	2.33e-05	0.00e+00	0.00e+00
 5.37496e+21	3.76e-03	3.87e-01	5.79e-01	2.86e-02	1.28e-03	1.76e-05	0.00e+00	0.00e+00
 5.41255e+21	4.53e-03	4.26e-01	5.44e-01	2.41e-02	1.09e-03	1.35e-05	0.00e+00	0.00e+00
 5.44614e+21	5.34e-03	4.63e-01	5.10e-01	2.04e-02	9.36e-04	1.05e-05	0.00e+00	0.00e+00
 5.48362e+21	6.50e-03	5.09e-01	4.67e-01	1.65e-02	7.71e-04	7.64e-06	0.00e+00	0.00e+00
 5.52358e+21	8.01e-03	5.60e-01	4.18e-01	1.28e-02	6.12e-04	5.28e-06	0.00e+00	0.00e+00
 5.55739e+21	9.61e-03	6.05e-01	3.74e-01	1.02e-02	4.93e-04	3.76e-06	0.00e+00	0.00e+00
 5.58672e+21	1.13e-02	6.45e-01	3.35e-01	8.13e-03	4.01e-04	2.74e-06	0.00e+00	0.00e+00
 5.61471e+21	1.32e-02	6.83e-01	2.97e-01	6.46e-03	3.23e-04	1.97e-06	0.00e+00	0.00e+00
 5.64170e+21	1.54e-02	7.20e-01	2.60e-01	5.08e-03	2.56e-04	1.40e-06	0.00e+00	0.00e+00
 5.66754e+21	1.79e-02	7.53e-01	2.25e-01	3.97e-03	2.01e-04	9.88e-07	0.00e+00	0.00e+00
 5.69223e+21	2.07e-02	7.82e-01	1.94e-01	3.10e-03	1.57e-04	6.96e-07	0.00e+00	0.00e+00
 5.71636e+21	2.39e-02	8.09e-01	1.64e-01	2.40e-03	1.21e-04	4.85e-07	0.00e+00	0.00e+00
 5.74023e+21	2.75e-02	8.32e-01	1.38e-01	1.86e-03	9.20e-05	3.38e-07	0.00e+00	0.00e+00
 5.76755e+21	3.26e-02	8.56e-01	1.10e-01	1.37e-03	6.53e-05	2.18e-07	0.00e+00	0.00e+00
 5.79617e+21	3.91e-02	8.74e-01	8.55e-02	9.97e-04	4.45e-05	1.37e-07	0.00e+00	0.00e+00
 5.82023e+21	4.59e-02	8.86e-01	6.74e-02	7.64e-04	3.13e-05	0.00e+00	0.00e+00	0.00e+00
 5.84116e+21	5.29e-02	8.92e-01	5.41e-02	6.12e-04	2.27e-05	0.00e+00	0.00e+00	0.00e+00
 5.86431e+21	6.25e-02	8.95e-01	4.15e-02	4.82e-04	1.56e-05	0.00e+00	0.00e+00	0.00e+00
 5.88843e+21	7.42e-02	8.94e-01	3.13e-02	3.85e-04	1.05e-05	0.00e+00	0.00e+00	0.00e+00
 5.90833e+21	8.62e-02	8.89e-01	2.43e-02	3.23e-04	7.43e-06	0.00e+00	0.00e+00	0.00e+00
 5.92522e+21	9.77e-02	8.82e-01	1.96e-02	2.82e-04	5.55e-06	0.00e+00	0.00e+00	0.00e+00
 5.94234e+21	1.12e-01	8.73e-01	1.56e-02	2.47e-04	4.08e-06	0.00e+00	0.00e+00	0.00e+00
 5.96175e+21	1.29e-01	8.59e-01	1.20e-02	2.15e-04	2.90e-06	0.00e+00	0.00e+00	0.00e+00
 5.98054e+21	1.48e-01	8.42e-01	9.34e-03	1.90e-04	2.10e-06	0.00e+00	0.00e+00	0.00e+00
 5.99600e+21	1.66e-01	8.26e-01	7.59e-03	1.73e-04	1.61e-06	0.00e+00	0.00e+00	0.00e+00
 6.00953e+21	1.83e-01	8.11e-01	6.34e-03	1.59e-04	1.29e-06	0.00e+00	0.00e+00	0.00e+00
 6.02277e+21	2.00e-01	7.94e-01	5.33e-03	1.47e-04	1.04e-06	0.00e+00	0.00e+00	0.00e+00
 6.03618e+21	2.18e-01	7.77e-01	4.50e-03	1.37e-04	8.43e-07	0.00e+00	0.00e+00	0.00e+00
 6.04934e+21	2.36e-01	7.60e-01	3.85e-03	1.28e-04	6.97e-07	0.00e+00	0.00e+00	0.00e+00
 6.06183e+21	2.54e-01	7.42e-01	3.33e-03	1.20e-04	5.86e-07	0.00e+00	0.00e+00	0.00e+00
 6.07169e+21	2.67e-01	7.30e-01	3.01e-03	1.15e-04	5.19e-07	0.00e+00	0.00e+00	0.00e+00
 6.07901e+21	2.77e-01	7.20e-01	2.79e-03	1.11e-04	4.74e-07	0.00e+00	0.00e+00	0.00e+00
 6.08667e+21	2.88e-01	7.09e-01	2.58e-03	1.07e-04	4.33e-07	0.00e+00	0.00e+00	0.00e+00
 6.09576e+21	3.00e-01	6.97e-01	2.37e-03	1.03e-04	3.91e-07	0.00e+00	0.00e+00	0.00e+00
 6.10569e+21	3.13e-01	6.85e-01	2.18e-03	9.95e-05	3.53e-07	0.00e+00	0.00e+00	0.00e+00
 6.11573e+21	3.25e-01	6.73e-01	2.01e-03	9.59e-05	3.22e-07	0.00e+00	0.00e+00	0.00e+00
 6.12627e+21	3.37e-01	6.61e-01	1.86e-03	9.25e-05	2.94e-07	0.00e+00	0.00e+00	0.00e+00
 6.13776e+21	3.49e-01	6.50e-01	1.73e-03	8.92e-05	2.69e-07	0.00e+00	0.00e+00	0.00e+00
 6.15046e+21	3.61e-01	6.37e-01	1.61e-03	8.61e-05	2.47e-07	0.00e+00	0.00e+00	0.00e+00
 6.16463e+21	3.72e-01	6.26e-01	1.50e-03	8.31e-05	2.28e-07	0.00e+00	0.00e+00	0.00e+00
 6.18096e+21	3.84e-01	6.14e-01	1.40e-03	8.03e-05	2.10e-07	0.00e+00	0.00e+00	0.00e+00
 6.19943e+21	3.94e-01	6.04e-01	1.33e-03	7.79e-05	1.96e-07	0.00e+00	0.00e+00	0.00e+00
 6.21825e+21	4.03e-01	5.96e-01	1.27e-03	7.59e-05	1.85e-07	0.00e+00	0.00e+00	0.00e+00
 6.23655e+21	4.09e-01	5.89e-01	1.22e-03	7.44e-05	1.77e-07	0.00e+00	0.00e+00	0.00e+00
 6.25443e+21	4.15e-01	5.84e-01	1.19e-03	7.32e-05	1.71e-07	0.00e+00	0.00e+00	0.00e+00
 6.27201e+21	4.19e-01	5.80e-01	1.16e-03	7.23e-05	1.66e-07	0.00e+00	0.00e+00	0.00e+00
 6.29206e+21	4.23e-01	5.76e-01	1.14e-03	7.13e-05	1.62e-07	0.00e+00	0.00e+00	0.00e+00
 6.31814e+21	4.27e-01	5.71e-01	1.11e-03	7.02e-05	1.57e-07	0.00e+00	0.00e+00	0.00e+00
 6.35203e+21	4.32e-01	5.67e-01	1.08e-03	6.91e-05	1.51e-07	0.00e+00	0.00e+00	0.00e+00
 6.39609e+21	4.38e-01	5.61e-01	1.05e-03	6.77e-05	1.45e-07	0.00e+00	0.00e+00	0.00e+00
 6.45338e+21	4.45e-01	5.54e-01	1.01e-03	6.61e-05	1.38e-07	0.00e+00	0.00e+00	0.00e+00
 6.52784e+21	4.53e-01	5.46e-01	9.73e-04	6.42e-05	1.31e-07	0.00e+00	0.00e+00	0.00e+00
 6.62465e+21	4.62e-01	5.37e-01	9.24e-04	6.20e-05	1.21e-07	0.00e+00	0.00e+00	0.00e+00
 6.75050e+21	4.75e-01	5.24e-01	8.66e-04	5.91e-05	0.00e+00	0.00e+00	0.00e+00	0.00e+00
 6.90634e+21	4.89e-01	5.10e-01	8.04e-04	5.59e-05	0.00e+00	0.00e+00	0.00e+00	0.00e+00
 7.07848e+21	5.04e-01	4.96e-01	7.47e-04	5.28e-05	0.00e+00	0.00e+00	0.00e+00	0.00e+00
 7.25263e+21	5.17e-01	4.82e-01	6.97e-04	5.00e-05	0.00e+00	0.00e+00	0.00e+00	0.00e+00
 7.42817e+21	5.31e-01	4.69e-01	6.53e-04	4.73e-05	0.00e+00	0.00e+00	0.00e+00	0.00e+00
 7.60926e+21	5.44e-01	4.56e-01	6.12e-04	4.47e-05	0.00e+00	0.00e+00	0.00e+00	0.00e+00
 7.79817e+21	5.57e-01	4.43e-01	5.75e-04	4.22e-05	0.00e+00	0.00e+00	0.00e+00	0.00e+00
 7.99516e+21	5.69e-01	4.30e-01	5.40e-04	3.98e-05	0.00e+00	0.00e+00	0.00e+00	0.00e+00
 8.19875e+21	5.82e-01	4.17e-01	5.08e-04	3.76e-05	0.00e+00	0.00e+00	0.00e+00	0.00e+00
 8.40825e+21	5.95e-01	4.05e-01	4.79e-04	3.54e-05	0.00e+00	0.00e+00	0.00e+00	0.00e+00
 8.62486e+21	6.07e-01	3.93e-01	4.51e-04	3.33e-05	0.00e+00	0.00e+00	0.00e+00	0.00e+00
 8.84906e+21	6.19e-01	3.81e-01	4.25e-04	3.13e-05	0.00e+00	0.00e+00	0.00e+00	0.00e+00
 9.08078e+21	6.31e-01	3.69e-01	4.01e-04	2.94e-05	0.00e+00	0.00e+00	0.00e+00	0.00e+00
 9.32001e+21	6.43e-01	3.57e-01	3.79e-04	2.76e-05	0.00e+00	0.00e+00	0.00e+00	0.00e+00
 9.56708e+21	6.54e-01	3.45e-01	3.58e-04	2.59e-05	0.00e+00	0.00e+00	0.00e+00	0.00e+00
 9.82221e+21	6.66e-01	3.34e-01	3.38e-04	2.43e-05	0.00e+00	0.00e+00	0.00e+00	0.00e+00
 1.00866e+22	6.77e-01	3.23e-01	3.19e-04	2.27e-05	0.00e+00	0.00e+00	0.00e+00	0.00e+00
 1.03596e+22	6.88e-01	3.11e-01	3.02e-04	2.12e-05	0.00e+00	0.00e+00	0.00e+00	0.00e+00
 1.06404e+22	7.00e-01	3.00e-01	2.85e-04	1.98e-05	0.00e+00	0.00e+00	0.00e+00	0.00e+00
 1.09304e+22	7.11e-01	2.89e-01	2.70e-04	1.84e-05	0.00e+00	0.00e+00	0.00e+00	0.00e+00
 1.12304e+22	7.22e-01	2.78e-01	2.55e-04	1.71e-05	0.00e+00	0.00e+00	0.00e+00	0.00e+00
 1.15411e+22	7.33e-01	2.67e-01	2.41e-04	1.58e-05	0.00e+00	0.00e+00	0.00e+00	0.00e+00
 1.18625e+22	7.44e-01	2.56e-01	2.28e-04	1.46e-05	0.00e+00	0.00e+00	0.00e+00	0.00e+00
 1.21937e+22	7.54e-01	2.45e-01	2.15e-04	1.35e-05	0.00e+00	0.00e+00	0.00e+00	0.00e+00
 1.25363e+22	7.65e-01	2.35e-01	2.03e-04	1.25e-05	0.00e+00	0.00e+00	0.00e+00	0.00e+00
 1.28923e+22	7.75e-01	2.24e-01	1.92e-04	1.15e-05	0.00e+00	0.00e+00	0.00e+00	0.00e+00
 1.32626e+22	7.86e-01	2.14e-01	1.80e-04	1.05e-05	0.00e+00	0.00e+00	0.00e+00	0.00e+00
 1.36471e+22	7.96e-01	2.04e-01	1.70e-04	9.61e-06	0.00e+00	0.00e+00	0.00e+00	0.00e+00
 1.40432e+22	8.05e-01	1.95e-01	1.60e-04	8.78e-06	0.00e+00	0.00e+00	0.00e+00	0.00e+00
 1.44550e+22	8.15e-01	1.85e-01	1.50e-04	8.00e-06	0.00e+00	0.00e+00	0.00e+00	0.00e+00
 1.48883e+22	8.24e-01	1.76e-01	1.41e-04	7.26e-06	0.00e+00	0.00e+00	0.00e+00	0.00e+00
 1.53411e+22	8.33e-01	1.67e-01	1.32e-04	6.57e-06	0.00e+00	0.00e+00	0.00e+00	0.00e+00
 1.58139e+22	8.42e-01	1.58e-01	1.23e-04	5.92e-06	0.00e+00	0.00e+00	0.00e+00	0.00e+00
 1.63095e+22	8.50e-01	1.50e-01	1.15e-04	5.32e-06	0.00e+00	0.00e+00	0.00e+00	0.00e+00
 1.68098e+22	8.58e-01	1.42e-01	1.07e-04	4.78e-06	0.00e+00	0.00e+00	0.00e+00	0.00e+00
 1.72902e+22	8.65e-01	1.35e-01	1.01e-04	4.32e-06	0.00e+00	0.00e+00	0.00e+00	0.00e+00
 1.77579e+22	8.72e-01	1.28e-01	9.46e-05	3.92e-06	0.00e+00	0.00e+00	0.00e+00	0.00e+00
 1.82950e+22	8.79e-01	1.21e-01	8.80e-05	3.50e-06	0.00e+00	0.00e+00	0.00e+00	0.00e+00
 1.88920e+22	8.86e-01	1.14e-01	8.14e-05	3.10e-06	0.00e+00	0.00e+00	0.00e+00	0.00e+00
 1.94293e+22	8.91e-01	1.09e-01	7.61e-05	2.79e-06	0.00e+00	0.00e+00	0.00e+00	0.00e+00
 1.99010e+22	8.96e-01	1.04e-01	7.17e-05	2.54e-06	0.00e+00	0.00e+00	0.00e+00	0.00e+00
 2.04249e+22	9.01e-01	9.91e-02	6.70e-05	2.29e-06	0.00e+00	0.00e+00	0.00e+00	0.00e+00
 2.11059e+22	9.07e-01	9.32e-02	6.14e-05	2.00e-06	0.00e+00	0.00e+00	0.00e+00	0.00e+00
 2.18246e+22	9.12e-01	8.76e-02	5.63e-05	1.74e-06	0.00e+00	0.00e+00	0.00e+00	0.00e+00
 2.24294e+22	9.16e-01	8.36e-02	5.24e-05	1.56e-06	0.00e+00	0.00e+00	0.00e+00	0.00e+00
 2.30529e+22	9.20e-01	7.97e-02	4.85e-05	1.39e-06	0.00e+00	0.00e+00	0.00e+00	0.00e+00
 2.37779e+22	9.24e-01	7.56e-02	4.44e-05	1.22e-06	0.00e+00	0.00e+00	0.00e+00	0.00e+00
 2.44858e+22	9.28e-01	7.18e-02	4.09e-05	1.08e-06	0.00e+00	0.00e+00	0.00e+00	0.00e+00
 2.51229e+22	9.31e-01	6.90e-02	3.80e-05	9.68e-07	0.00e+00	0.00e+00	0.00e+00	0.00e+00
 2.56963e+22	9.33e-01	6.65e-02	3.56e-05	8.79e-07	0.00e+00	0.00e+00	0.00e+00	0.00e+00
 2.62123e+22	9.35e-01	6.45e-02	3.36e-05	8.08e-07	0.00e+00	0.00e+00	0.00e+00	0.00e+00
 2.66768e+22	9.37e-01	6.29e-02	3.18e-05	7.50e-07	0.00e+00	0.00e+00	0.00e+00	0.00e+00
 2.70948e+22	9.39e-01	6.14e-02	3.04e-05	7.01e-07	0.00e+00	0.00e+00	0.00e+00	0.00e+00
 2.74710e+22	9.40e-01	6.02e-02	2.91e-05	6.61e-07	0.00e+00	0.00e+00	0.00e+00	0.00e+00
 2.78096e+22	9.41e-01	5.92e-02	2.80e-05	6.27e-07	0.00e+00	0.00e+00	0.00e+00	0.00e+00
 2.81242e+22	9.42e-01	5.82e-02	2.71e-05	5.96e-07	0.00e+00	0.00e+00	0.00e+00	0.00e+00
 2.84328e+22	9.43e-01	5.74e-02	2.61e-05	5.68e-07	0.00e+00	0.00e+00	0.00e+00	0.00e+00
 2.87414e+22	9.43e-01	5.66e-02	2.53e-05	5.42e-07	0.00e+00	0.00e+00	0.00e+00	0.00e+00
 2.90499e+22	9.44e-01	5.56e-02	2.44e-05	5.16e-07	0.00e+00	0.00e+00	0.00e+00	0.00e+00
 2.93585e+22	9.45e-01	5.49e-02	2.36e-05	4.93e-07	0.00e+00	0.00e+00	0.00e+00	0.00e+00
 2.96671e+22	9.46e-01	5.40e-02	2.28e-05	4.69e-07	0.00e+00	0.00e+00	0.00e+00	0.00e+00
 2.99756e+22	9.47e-01	5.33e-02	2.20e-05	4.47e-07	0.00e+00	0.00e+00	0.00e+00	0.00e+00
 3.02842e+22	9.48e-01	5.25e-02	2.13e-05	4.26e-07	0.00e+00	0.00e+00	0.00e+00	0.00e+00
 3.05536e+22	9.48e-01	5.17e-02	2.07e-05	4.08e-07	0.00e+00	0.00e+00	0.00e+00	0.00e+00
 3.07215e+22	9.49e-01	5.11e-02	2.03e-05	3.97e-07	0.00e+00	0.00e+00	0.00e+00	0.00e+00
 3.07972e+22	9.49e-01	5.10e-02	2.02e-05	3.92e-07	0.00e+00	0.00e+00	0.00e+00	0.00e+00
 3.08384e+22	9.49e-01	5.08e-02	2.01e-05	3.89e-07	0.00e+00	0.00e+00	0.00e+00	0.00e+00
