#depth	O	O+	O+2	O+3	O+4	O+5	O+6	O+7	O+8	O[1]	O[2]	O[3]
 1.33372e+16	9.99e-02	8.39e-01	6.12e-02	2.72e-04	2.82e-06	0.00e+00	0.00e+00	0.00e+00	0.00e+00	9.99e-02	9.30e-07	7.73e-07
 8.00231e+16	9.94e-02	8.39e-01	6.16e-02	2.75e-04	2.86e-06	0.00e+00	0.00e+00	0.00e+00	0.00e+00	9.94e-02	9.27e-07	7.69e-07
 3.46767e+17	9.89e-02	8.39e-01	6.20e-02	2.77e-04	2.88e-06	0.00e+00	0.00e+00	0.00e+00	0.00e+00	9.89e-02	9.22e-07	7.66e-07
 1.41374e+18	9.80e-02	8.38e-01	6.33e-02	2.82e-04	2.94e-06	0.00e+00	0.00e+00	0.00e+00	0.00e+00	9.80e-02	9.15e-07	7.59e-07
 3.37698e+18	9.17e-02	8.38e-01	6.98e-02	3.25e-04	3.36e-06	0.00e+00	0.00e+00	0.00e+00	0.00e+00	9.17e-02	8.60e-07	7.14e-07
 5.92918e+18	8.85e-02	8.38e-01	7.32e-02	3.45e-04	3.56e-06	0.00e+00	0.00e+00	0.00e+00	0.00e+00	8.85e-02	8.31e-07	6.91e-07
 9.24704e+18	8.76e-02	8.37e-01	7.47e-02	3.47e-04	3.58e-06	0.00e+00	0.00e+00	0.00e+00	0.00e+00	8.76e-02	8.23e-07	6.84e-07
 1.35603e+19	8.89e-02	8.37e-01	7.39e-02	3.29e-04	3.41e-06	0.00e+00	0.00e+00	0.00e+00	0.00e+00	8.89e-02	8.34e-07	6.94e-07
 1.89594e+19	9.29e-02	8.36e-01	7.06e-02	2.92e-04	3.06e-06	0.00e+00	0.00e+00	0.00e+00	0.00e+00	9.29e-02	8.69e-07	7.22e-07
 2.51310e+19	1.00e-01	8.35e-01	6.50e-02	2.41e-04	2.59e-06	0.00e+00	0.00e+00	0.00e+00	0.00e+00	1.00e-01	9.31e-07	7.73e-07
 3.23053e+19	1.12e-01	8.31e-01	5.64e-02	1.80e-04	2.00e-06	0.00e+00	0.00e+00	0.00e+00	0.00e+00	1.12e-01	1.04e-06	8.60e-07
 4.09774e+19	1.32e-01	8.22e-01	4.56e-02	1.18e-04	1.39e-06	0.00e+00	0.00e+00	0.00e+00	0.00e+00	1.32e-01	1.20e-06	9.97e-07
 4.98587e+19	1.60e-01	8.05e-01	3.51e-02	7.24e-05	9.14e-07	0.00e+00	0.00e+00	0.00e+00	0.00e+00	1.60e-01	1.43e-06	1.18e-06
 5.80153e+19	1.93e-01	7.81e-01	2.67e-02	4.41e-05	5.99e-07	0.00e+00	0.00e+00	0.00e+00	0.00e+00	1.93e-01	1.67e-06	1.38e-06
 6.58652e+19	2.31e-01	7.49e-01	2.00e-02	2.67e-05	3.89e-07	0.00e+00	0.00e+00	0.00e+00	0.00e+00	2.31e-01	1.93e-06	1.59e-06
 7.31946e+19	2.71e-01	7.14e-01	1.51e-02	1.66e-05	2.60e-07	0.00e+00	0.00e+00	0.00e+00	0.00e+00	2.71e-01	2.18e-06	1.80e-06
 7.97642e+19	3.10e-01	6.78e-01	1.17e-02	1.10e-05	1.81e-07	0.00e+00	0.00e+00	0.00e+00	0.00e+00	3.10e-01	2.40e-06	1.97e-06
 8.57400e+19	3.47e-01	6.44e-01	9.27e-03	7.60e-06	1.31e-07	0.00e+00	0.00e+00	0.00e+00	0.00e+00	3.47e-01	2.58e-06	2.12e-06
 9.13057e+19	3.82e-01	6.11e-01	7.47e-03	5.48e-06	0.00e+00	0.00e+00	0.00e+00	0.00e+00	0.00e+00	3.82e-01	2.73e-06	2.24e-06
 9.66096e+19	4.13e-01	5.80e-01	6.12e-03	4.10e-06	0.00e+00	0.00e+00	0.00e+00	0.00e+00	0.00e+00	4.13e-01	2.84e-06	2.34e-06
 1.01520e+20	4.43e-01	5.52e-01	5.09e-03	3.16e-06	0.00e+00	0.00e+00	0.00e+00	0.00e+00	0.00e+00	4.43e-01	2.93e-06	2.41e-06
 1.06209e+20	4.69e-01	5.26e-01	4.29e-03	2.50e-06	0.00e+00	0.00e+00	0.00e+00	0.00e+00	0.00e+00	4.69e-01	3.00e-06	2.46e-06
 1.10895e+20	4.95e-01	5.01e-01	3.63e-03	2.00e-06	0.00e+00	0.00e+00	0.00e+00	0.00e+00	0.00e+00	4.95e-01	3.05e-06	2.51e-06
 1.15494e+20	5.19e-01	4.78e-01	3.08e-03	1.63e-06	0.00e+00	0.00e+00	0.00e+00	0.00e+00	0.00e+00	5.19e-01	3.09e-06	2.53e-06
 1.20103e+20	5.42e-01	4.55e-01	2.63e-03	1.34e-06	0.00e+00	0.00e+00	0.00e+00	0.00e+00	0.00e+00	5.42e-01	3.12e-06	2.55e-06
 1.24760e+20	5.64e-01	4.34e-01	2.25e-03	1.11e-06	0.00e+00	0.00e+00	0.00e+00	0.00e+00	0.00e+00	5.64e-01	3.13e-06	2.56e-06
 1.29452e+20	5.84e-01	4.14e-01	1.92e-03	9.28e-07	0.00e+00	0.00e+00	0.00e+00	0.00e+00	0.00e+00	5.84e-01	3.13e-06	2.57e-06
 1.33258e+20	5.99e-01	3.99e-01	1.71e-03	8.17e-07	0.00e+00	0.00e+00	0.00e+00	0.00e+00	0.00e+00	5.99e-01	3.13e-06	2.56e-06
 1.35954e+20	6.09e-01	3.89e-01	1.57e-03	7.46e-07	0.00e+00	0.00e+00	0.00e+00	0.00e+00	0.00e+00	6.09e-01	3.13e-06	2.56e-06
 1.38656e+20	6.20e-01	3.78e-01	1.44e-03	6.80e-07	0.00e+00	0.00e+00	0.00e+00	0.00e+00	0.00e+00	6.20e-01	3.12e-06	2.55e-06
 1.41767e+20	6.31e-01	3.67e-01	1.31e-03	6.17e-07	0.00e+00	0.00e+00	0.00e+00	0.00e+00	0.00e+00	6.31e-01	3.11e-06	2.54e-06
 1.45229e+20	6.44e-01	3.55e-01	1.17e-03	5.54e-07	0.00e+00	0.00e+00	0.00e+00	0.00e+00	0.00e+00	6.44e-01	3.10e-06	2.53e-06
 1.48783e+20	6.55e-01	3.44e-01	1.06e-03	5.02e-07	0.00e+00	0.00e+00	0.00e+00	0.00e+00	0.00e+00	6.55e-01	3.08e-06	2.52e-06
 1.52348e+20	6.66e-01	3.33e-01	9.49e-04	4.55e-07	0.00e+00	0.00e+00	0.00e+00	0.00e+00	0.00e+00	6.66e-01	3.06e-06	2.50e-06
 1.56039e+20	6.77e-01	3.22e-01	8.51e-04	4.13e-07	0.00e+00	0.00e+00	0.00e+00	0.00e+00	0.00e+00	6.77e-01	3.04e-06	2.48e-06
 1.59805e+20	6.88e-01	3.11e-01	7.64e-04	3.76e-07	0.00e+00	0.00e+00	0.00e+00	0.00e+00	0.00e+00	6.88e-01	3.02e-06	2.46e-06
 1.63711e+20	6.98e-01	3.01e-01	6.85e-04	3.43e-07	0.00e+00	0.00e+00	0.00e+00	0.00e+00	0.00e+00	6.98e-01	2.99e-06	2.44e-06
 1.67831e+20	7.09e-01	2.90e-01	6.10e-04	3.13e-07	0.00e+00	0.00e+00	0.00e+00	0.00e+00	0.00e+00	7.09e-01	2.96e-06	2.42e-06
 1.72075e+20	7.19e-01	2.80e-01	5.45e-04	2.87e-07	0.00e+00	0.00e+00	0.00e+00	0.00e+00	0.00e+00	7.19e-01	2.94e-06	2.39e-06
 1.76458e+20	7.29e-01	2.70e-01	4.84e-04	2.63e-07	0.00e+00	0.00e+00	0.00e+00	0.00e+00	0.00e+00	7.29e-01	2.91e-06	2.37e-06
 1.81009e+20	7.39e-01	2.61e-01	4.31e-04	2.42e-07	0.00e+00	0.00e+00	0.00e+00	0.00e+00	0.00e+00	7.39e-01	2.87e-06	2.34e-06
 1.85765e+20	7.48e-01	2.51e-01	3.82e-04	2.23e-07	0.00e+00	0.00e+00	0.00e+00	0.00e+00	0.00e+00	7.48e-01	2.84e-06	2.31e-06
 1.90750e+20	7.58e-01	2.42e-01	3.38e-04	2.05e-07	0.00e+00	0.00e+00	0.00e+00	0.00e+00	0.00e+00	7.58e-01	2.81e-06	2.28e-06
 1.95857e+20	7.66e-01	2.33e-01	3.00e-04	1.90e-07	0.00e+00	0.00e+00	0.00e+00	0.00e+00	0.00e+00	7.66e-01	2.77e-06	2.25e-06
 2.01171e+20	7.75e-01	2.25e-01	2.66e-04	1.77e-07	0.00e+00	0.00e+00	0.00e+00	0.00e+00	0.00e+00	7.75e-01	2.73e-06	2.22e-06
 2.06819e+20	7.84e-01	2.16e-01	2.34e-04	1.64e-07	0.00e+00	0.00e+00	0.00e+00	0.00e+00	0.00e+00	7.84e-01	2.69e-06	2.19e-06
 2.12733e+20	7.92e-01	2.08e-01	2.07e-04	1.53e-07	0.00e+00	0.00e+00	0.00e+00	0.00e+00	0.00e+00	7.92e-01	2.65e-06	2.16e-06
 2.18947e+20	8.00e-01	2.00e-01	1.83e-04	1.42e-07	0.00e+00	0.00e+00	0.00e+00	0.00e+00	0.00e+00	8.00e-01	2.61e-06	2.12e-06
 2.25526e+20	8.07e-01	1.93e-01	1.61e-04	1.33e-07	0.00e+00	0.00e+00	0.00e+00	0.00e+00	0.00e+00	8.07e-01	2.58e-06	2.09e-06
 2.32532e+20	8.15e-01	1.85e-01	1.42e-04	1.25e-07	0.00e+00	0.00e+00	0.00e+00	0.00e+00	0.00e+00	8.15e-01	2.53e-06	2.06e-06
 2.39981e+20	8.21e-01	1.78e-01	1.25e-04	0.00e+00	0.00e+00	0.00e+00	0.00e+00	0.00e+00	0.00e+00	8.21e-01	2.50e-06	2.02e-06
 2.47799e+20	8.28e-01	1.72e-01	1.11e-04	0.00e+00	0.00e+00	0.00e+00	0.00e+00	0.00e+00	0.00e+00	8.28e-01	2.46e-06	1.99e-06
 2.56129e+20	8.34e-01	1.65e-01	9.81e-05	0.00e+00	0.00e+00	0.00e+00	0.00e+00	0.00e+00	0.00e+00	8.34e-01	2.42e-06	1.96e-06
 2.65107e+20	8.41e-01	1.59e-01	8.69e-05	0.00e+00	0.00e+00	0.00e+00	0.00e+00	0.00e+00	0.00e+00	8.41e-01	2.38e-06	1.93e-06
 2.74755e+20	8.46e-01	1.54e-01	7.72e-05	0.00e+00	0.00e+00	0.00e+00	0.00e+00	0.00e+00	0.00e+00	8.46e-01	2.35e-06	1.90e-06
 2.85097e+20	8.52e-01	1.48e-01	6.86e-05	0.00e+00	0.00e+00	0.00e+00	0.00e+00	0.00e+00	0.00e+00	8.52e-01	2.31e-06	1.87e-06
 2.96321e+20	8.57e-01	1.43e-01	6.12e-05	0.00e+00	0.00e+00	0.00e+00	0.00e+00	0.00e+00	0.00e+00	8.57e-01	2.28e-06	1.84e-06
 3.08587e+20	8.62e-01	1.38e-01	5.47e-05	0.00e+00	0.00e+00	0.00e+00	0.00e+00	0.00e+00	0.00e+00	8.62e-01	2.25e-06	1.81e-06
 3.22034e+20	8.66e-01	1.34e-01	4.89e-05	0.00e+00	0.00e+00	0.00e+00	0.00e+00	0.00e+00	0.00e+00	8.66e-01	2.22e-06	1.79e-06
 3.36829e+20	8.71e-01	1.29e-01	4.38e-05	0.00e+00	0.00e+00	0.00e+00	0.00e+00	0.00e+00	0.00e+00	8.71e-01	2.19e-06	1.76e-06
 3.53195e+20	8.75e-01	1.25e-01	3.93e-05	0.00e+00	0.00e+00	0.00e+00	0.00e+00	0.00e+00	0.00e+00	8.75e-01	2.16e-06	1.74e-06
 3.71318e+20	8.79e-01	1.21e-01	3.52e-05	0.00e+00	0.00e+00	0.00e+00	0.00e+00	0.00e+00	0.00e+00	8.79e-01	2.13e-06	1.71e-06
 3.91367e+20	8.83e-01	1.17e-01	3.16e-05	0.00e+00	0.00e+00	0.00e+00	0.00e+00	0.00e+00	0.00e+00	8.83e-01	2.10e-06	1.69e-06
 4.13483e+20	8.87e-01	1.13e-01	2.84e-05	0.00e+00	0.00e+00	0.00e+00	0.00e+00	0.00e+00	0.00e+00	8.87e-01	2.07e-06	1.66e-06
 4.37746e+20	8.90e-01	1.10e-01	2.55e-05	0.00e+00	0.00e+00	0.00e+00	0.00e+00	0.00e+00	0.00e+00	8.90e-01	2.04e-06	1.64e-06
 4.64267e+20	8.94e-01	1.06e-01	2.29e-05	0.00e+00	0.00e+00	0.00e+00	0.00e+00	0.00e+00	0.00e+00	8.94e-01	2.02e-06	1.62e-06
 4.93134e+20	8.97e-01	1.03e-01	2.06e-05	0.00e+00	0.00e+00	0.00e+00	0.00e+00	0.00e+00	0.00e+00	8.97e-01	1.99e-06	1.60e-06
 5.24439e+20	9.01e-01	9.92e-02	1.86e-05	0.00e+00	0.00e+00	0.00e+00	0.00e+00	0.00e+00	0.00e+00	9.01e-01	1.97e-06	1.57e-06
 5.58274e+20	9.04e-01	9.60e-02	1.68e-05	0.00e+00	0.00e+00	0.00e+00	0.00e+00	0.00e+00	0.00e+00	9.04e-01	1.94e-06	1.55e-06
 5.94808e+20	9.07e-01	9.29e-02	1.52e-05	0.00e+00	0.00e+00	0.00e+00	0.00e+00	0.00e+00	0.00e+00	9.07e-01	1.92e-06	1.53e-06
 6.34164e+20	9.10e-01	8.98e-02	1.37e-05	0.00e+00	0.00e+00	0.00e+00	0.00e+00	0.00e+00	0.00e+00	9.10e-01	1.90e-06	1.51e-06
 6.76554e+20	9.13e-01	8.69e-02	1.25e-05	0.00e+00	0.00e+00	0.00e+00	0.00e+00	0.00e+00	0.00e+00	9.13e-01	1.88e-06	1.49e-06
 7.22344e+20	9.16e-01	8.41e-02	1.13e-05	0.00e+00	0.00e+00	0.00e+00	0.00e+00	0.00e+00	0.00e+00	9.16e-01	1.85e-06	1.47e-06
 7.71760e+20	9.19e-01	8.14e-02	1.03e-05	0.00e+00	0.00e+00	0.00e+00	0.00e+00	0.00e+00	0.00e+00	9.19e-01	1.83e-06	1.45e-06
 8.25073e+20	9.21e-01	7.88e-02	9.42e-06	0.00e+00	0.00e+00	0.00e+00	0.00e+00	0.00e+00	0.00e+00	9.21e-01	1.81e-06	1.44e-06
 8.82855e+20	9.24e-01	7.62e-02	8.63e-06	0.00e+00	0.00e+00	0.00e+00	0.00e+00	0.00e+00	0.00e+00	9.24e-01	1.80e-06	1.42e-06
 9.45663e+20	9.26e-01	7.38e-02	7.92e-06	0.00e+00	0.00e+00	0.00e+00	0.00e+00	0.00e+00	0.00e+00	9.26e-01	1.78e-06	1.40e-06
 1.01402e+21	9.29e-01	7.14e-02	7.28e-06	0.00e+00	0.00e+00	0.00e+00	0.00e+00	0.00e+00	0.00e+00	9.29e-01	1.76e-06	1.39e-06
 1.08864e+21	9.31e-01	6.91e-02	6.72e-06	0.00e+00	0.00e+00	0.00e+00	0.00e+00	0.00e+00	0.00e+00	9.31e-01	1.74e-06	1.37e-06
 1.17041e+21	9.33e-01	6.70e-02	6.21e-06	0.00e+00	0.00e+00	0.00e+00	0.00e+00	0.00e+00	0.00e+00	9.33e-01	1.73e-06	1.35e-06
 1.26048e+21	9.35e-01	6.49e-02	5.76e-06	0.00e+00	0.00e+00	0.00e+00	0.00e+00	0.00e+00	0.00e+00	9.35e-01	1.71e-06	1.34e-06
 1.36011e+21	9.37e-01	6.29e-02	5.35e-06	0.00e+00	0.00e+00	0.00e+00	0.00e+00	0.00e+00	0.00e+00	9.37e-01	1.70e-06	1.33e-06
 1.47108e+21	9.39e-01	6.09e-02	4.98e-06	0.00e+00	0.00e+00	0.00e+00	0.00e+00	0.00e+00	0.00e+00	9.39e-01	1.69e-06	1.31e-06
 1.59554e+21	9.41e-01	5.91e-02	4.64e-06	0.00e+00	0.00e+00	0.00e+00	0.00e+00	0.00e+00	0.00e+00	9.41e-01	1.68e-06	1.30e-06
 1.73606e+21	9.43e-01	5.73e-02	4.34e-06	0.00e+00	0.00e+00	0.00e+00	0.00e+00	0.00e+00	0.00e+00	9.43e-01	1.67e-06	1.29e-06
 1.89613e+21	9.44e-01	5.56e-02	4.06e-06	0.00e+00	0.00e+00	0.00e+00	0.00e+00	0.00e+00	0.00e+00	9.44e-01	1.66e-06	1.27e-06
 2.08040e+21	9.46e-01	5.40e-02	3.80e-06	0.00e+00	0.00e+00	0.00e+00	0.00e+00	0.00e+00	0.00e+00	9.46e-01	1.65e-06	1.26e-06
 2.28821e+21	9.47e-01	5.25e-02	3.56e-06	0.00e+00	0.00e+00	0.00e+00	0.00e+00	0.00e+00	0.00e+00	9.47e-01	1.64e-06	1.25e-06
 2.51704e+21	9.49e-01	5.12e-02	3.35e-06	0.00e+00	0.00e+00	0.00e+00	0.00e+00	0.00e+00	0.00e+00	9.49e-01	1.64e-06	1.24e-06
 2.76874e+21	9.50e-01	5.00e-02	3.16e-06	0.00e+00	0.00e+00	0.00e+00	0.00e+00	0.00e+00	0.00e+00	9.50e-01	1.64e-06	1.23e-06
 3.04561e+21	9.51e-01	4.89e-02	2.99e-06	0.00e+00	0.00e+00	0.00e+00	0.00e+00	0.00e+00	0.00e+00	9.51e-01	1.64e-06	1.23e-06
 3.35018e+21	9.52e-01	4.80e-02	2.82e-06	0.00e+00	0.00e+00	0.00e+00	0.00e+00	0.00e+00	0.00e+00	9.52e-01	1.64e-06	1.22e-06
 3.68519e+21	9.53e-01	4.72e-02	2.67e-06	0.00e+00	0.00e+00	0.00e+00	0.00e+00	0.00e+00	0.00e+00	9.53e-01	1.64e-06	1.21e-06
 4.05371e+21	9.54e-01	4.64e-02	2.52e-06	0.00e+00	0.00e+00	0.00e+00	0.00e+00	0.00e+00	0.00e+00	9.54e-01	1.64e-06	1.21e-06
 4.45908e+21	9.54e-01	4.58e-02	2.38e-06	0.00e+00	0.00e+00	0.00e+00	0.00e+00	0.00e+00	0.00e+00	9.54e-01	1.65e-06	1.20e-06
 4.90499e+21	9.55e-01	4.52e-02	2.25e-06	0.00e+00	0.00e+00	0.00e+00	0.00e+00	0.00e+00	0.00e+00	9.55e-01	1.66e-06	1.20e-06
 5.39549e+21	9.55e-01	4.47e-02	2.12e-06	0.00e+00	0.00e+00	0.00e+00	0.00e+00	0.00e+00	0.00e+00	9.55e-01	1.67e-06	1.20e-06
 5.93504e+21	9.56e-01	4.43e-02	1.99e-06	0.00e+00	0.00e+00	0.00e+00	0.00e+00	0.00e+00	0.00e+00	9.56e-01	1.68e-06	1.19e-06
 6.52854e+21	9.56e-01	4.39e-02	1.86e-06	0.00e+00	0.00e+00	0.00e+00	0.00e+00	0.00e+00	0.00e+00	9.56e-01	1.69e-06	1.19e-06
 7.18140e+21	9.56e-01	4.36e-02	1.73e-06	0.00e+00	0.00e+00	0.00e+00	0.00e+00	0.00e+00	0.00e+00	9.56e-01	1.70e-06	1.19e-06
 7.89954e+21	9.57e-01	4.34e-02	1.61e-06	0.00e+00	0.00e+00	0.00e+00	0.00e+00	0.00e+00	0.00e+00	9.57e-01	1.71e-06	1.19e-06
 8.63776e+21	9.57e-01	4.32e-02	1.50e-06	0.00e+00	0.00e+00	0.00e+00	0.00e+00	0.00e+00	0.00e+00	9.57e-01	1.73e-06	1.18e-06
 9.33825e+21	9.57e-01	4.30e-02	1.40e-06	0.00e+00	0.00e+00	0.00e+00	0.00e+00	0.00e+00	0.00e+00	9.57e-01	1.74e-06	1.18e-06
 1.01166e+22	9.57e-01	4.27e-02	1.30e-06	0.00e+00	0.00e+00	0.00e+00	0.00e+00	0.00e+00	0.00e+00	9.57e-01	1.75e-06	1.18e-06
 1.09498e+22	9.57e-01	4.28e-02	1.20e-06	0.00e+00	0.00e+00	0.00e+00	0.00e+00	0.00e+00	0.00e+00	9.57e-01	1.76e-06	1.18e-06
 1.16903e+22	9.57e-01	4.27e-02	1.13e-06	0.00e+00	0.00e+00	0.00e+00	0.00e+00	0.00e+00	0.00e+00	9.57e-01	1.77e-06	1.18e-06
 1.23843e+22	9.57e-01	4.27e-02	1.06e-06	0.00e+00	0.00e+00	0.00e+00	0.00e+00	0.00e+00	0.00e+00	9.57e-01	1.78e-06	1.18e-06
 1.31821e+22	9.57e-01	4.26e-02	9.90e-07	0.00e+00	0.00e+00	0.00e+00	0.00e+00	0.00e+00	0.00e+00	9.57e-01	1.78e-06	1.18e-06
 1.40763e+22	9.57e-01	4.26e-02	9.18e-07	0.00e+00	0.00e+00	0.00e+00	0.00e+00	0.00e+00	0.00e+00	9.57e-01	1.79e-06	1.18e-06
 1.49271e+22	9.57e-01	4.25e-02	8.57e-07	0.00e+00	0.00e+00	0.00e+00	0.00e+00	0.00e+00	0.00e+00	9.57e-01	1.79e-06	1.18e-06
 1.57415e+22	9.57e-01	4.26e-02	8.02e-07	0.00e+00	0.00e+00	0.00e+00	0.00e+00	0.00e+00	0.00e+00	9.57e-01	1.79e-06	1.18e-06
 1.66771e+22	9.57e-01	4.26e-02	7.44e-07	0.00e+00	0.00e+00	0.00e+00	0.00e+00	0.00e+00	0.00e+00	9.57e-01	1.79e-06	1.18e-06
 1.78884e+22	9.57e-01	4.26e-02	6.76e-07	0.00e+00	0.00e+00	0.00e+00	0.00e+00	0.00e+00	0.00e+00	9.57e-01	1.79e-06	1.18e-06
 1.91637e+22	9.57e-01	4.26e-02	6.15e-07	0.00e+00	0.00e+00	0.00e+00	0.00e+00	0.00e+00	0.00e+00	9.57e-01	1.78e-06	1.18e-06
 2.03057e+22	9.57e-01	4.26e-02	5.66e-07	0.00e+00	0.00e+00	0.00e+00	0.00e+00	0.00e+00	0.00e+00	9.57e-01	1.77e-06	1.18e-06
 2.13551e+22	9.57e-01	4.26e-02	5.25e-07	0.00e+00	0.00e+00	0.00e+00	0.00e+00	0.00e+00	0.00e+00	9.57e-01	1.75e-06	1.18e-06
 2.23053e+22	9.57e-01	4.26e-02	4.92e-07	0.00e+00	0.00e+00	0.00e+00	0.00e+00	0.00e+00	0.00e+00	9.57e-01	1.74e-06	1.18e-06
 2.31604e+22	9.57e-01	4.26e-02	4.64e-07	0.00e+00	0.00e+00	0.00e+00	0.00e+00	0.00e+00	0.00e+00	9.57e-01	1.72e-06	1.18e-06
 2.39301e+22	9.57e-01	4.27e-02	4.41e-07	0.00e+00	0.00e+00	0.00e+00	0.00e+00	0.00e+00	0.00e+00	9.57e-01	1.71e-06	1.18e-06
 2.46227e+22	9.57e-01	4.27e-02	4.21e-07	0.00e+00	0.00e+00	0.00e+00	0.00e+00	0.00e+00	0.00e+00	9.57e-01	1.69e-06	1.18e-06
 2.52461e+22	9.57e-01	4.27e-02	4.04e-07	0.00e+00	0.00e+00	0.00e+00	0.00e+00	0.00e+00	0.00e+00	9.57e-01	1.68e-06	1.18e-06
 2.58072e+22	9.57e-01	4.27e-02	3.90e-07	0.00e+00	0.00e+00	0.00e+00	0.00e+00	0.00e+00	0.00e+00	9.57e-01	1.66e-06	1.18e-06
 2.63122e+22	9.57e-01	4.27e-02	3.78e-07	0.00e+00	0.00e+00	0.00e+00	0.00e+00	0.00e+00	0.00e+00	9.57e-01	1.65e-06	1.18e-06
 2.67666e+22	9.57e-01	4.26e-02	3.67e-07	0.00e+00	0.00e+00	0.00e+00	0.00e+00	0.00e+00	0.00e+00	9.57e-01	1.63e-06	1.18e-06
 2.71756e+22	9.57e-01	4.26e-02	3.58e-07	0.00e+00	0.00e+00	0.00e+00	0.00e+00	0.00e+00	0.00e+00	9.57e-01	1.62e-06	1.18e-06
 2.75438e+22	9.57e-01	4.25e-02	3.49e-07	0.00e+00	0.00e+00	0.00e+00	0.00e+00	0.00e+00	0.00e+00	9.57e-01	1.61e-06	1.18e-06
 2.78751e+22	9.58e-01	4.25e-02	3.42e-07	0.00e+00	0.00e+00	0.00e+00	0.00e+00	0.00e+00	0.00e+00	9.58e-01	1.59e-06	1.18e-06
 2.81863e+22	9.58e-01	4.24e-02	3.36e-07	0.00e+00	0.00e+00	0.00e+00	0.00e+00	0.00e+00	0.00e+00	9.58e-01	1.58e-06	1.18e-06
 2.84948e+22	9.58e-01	4.23e-02	3.29e-07	0.00e+00	0.00e+00	0.00e+00	0.00e+00	0.00e+00	0.00e+00	9.58e-01	1.57e-06	1.18e-06
 2.88034e+22	9.58e-01	4.22e-02	3.23e-07	0.00e+00	0.00e+00	0.00e+00	0.00e+00	0.00e+00	0.00e+00	9.58e-01	1.56e-06	1.18e-06
 2.91120e+22	9.58e-01	4.20e-02	3.17e-07	0.00e+00	0.00e+00	0.00e+00	0.00e+00	0.00e+00	0.00e+00	9.58e-01	1.55e-06	1.18e-06
 2.94205e+22	9.58e-01	4.19e-02	3.11e-07	0.00e+00	0.00e+00	0.00e+00	0.00e+00	0.00e+00	0.00e+00	9.58e-01	1.54e-06	1.18e-06
 2.97291e+22	9.58e-01	4.17e-02	3.05e-07	0.00e+00	0.00e+00	0.00e+00	0.00e+00	0.00e+00	0.00e+00	9.58e-01	1.52e-06	1.17e-06
 3.00377e+22	9.58e-01	4.15e-02	2.99e-07	0.00e+00	0.00e+00	0.00e+00	0.00e+00	0.00e+00	0.00e+00	9.58e-01	1.51e-06	1.17e-06
 3.03462e+22	9.59e-01	4.13e-02	2.93e-07	0.00e+00	0.00e+00	0.00e+00	0.00e+00	0.00e+00	0.00e+00	9.59e-01	1.50e-06	1.17e-06
 3.06548e+22	9.59e-01	4.11e-02	2.87e-07	0.00e+00	0.00e+00	0.00e+00	0.00e+00	0.00e+00	0.00e+00	9.59e-01	1.48e-06	1.17e-06
 3.08329e+22	9.59e-01	4.08e-02	2.85e-07	0.00e+00	0.00e+00	0.00e+00	0.00e+00	0.00e+00	0.00e+00	9.59e-01	1.47e-06	1.17e-06
