#depth	He	He+	He+2
 8.02690e+16	3.31e-05	5.81e-02	9.42e-01
 4.81614e+17	3.31e-05	5.80e-02	9.42e-01
 2.08700e+18	3.30e-05	5.81e-02	9.42e-01
 8.50852e+18	3.29e-05	5.89e-02	9.41e-01
 2.03241e+19	3.16e-05	5.84e-02	9.42e-01
 3.56844e+19	3.13e-05	5.94e-02	9.41e-01
 5.56528e+19	3.22e-05	6.24e-02	9.38e-01
 8.16117e+19	3.45e-05	6.85e-02	9.31e-01
 1.15358e+20	3.98e-05	8.02e-02	9.20e-01
 1.50040e+20	4.73e-05	9.75e-02	9.02e-01
 1.77358e+20	5.68e-05	1.18e-01	8.82e-01
 1.98784e+20	6.77e-05	1.42e-01	8.58e-01
 2.17141e+20	8.04e-05	1.68e-01	8.32e-01
 2.33755e+20	9.54e-05	1.98e-01	8.02e-01
 2.49348e+20	1.13e-04	2.34e-01	7.66e-01
 2.64270e+20	1.34e-04	2.76e-01	7.24e-01
 2.78541e+20	1.59e-04	3.23e-01	6.77e-01
 2.92039e+20	1.86e-04	3.75e-01	6.25e-01
 3.04605e+20	2.14e-04	4.27e-01	5.72e-01
 3.16440e+20	2.43e-04	4.80e-01	5.20e-01
 3.27658e+20	2.72e-04	5.30e-01	4.69e-01
 3.38261e+20	3.00e-04	5.78e-01	4.22e-01
 3.48540e+20	3.28e-04	6.22e-01	3.78e-01
 3.60269e+20	3.60e-04	6.70e-01	3.30e-01
 3.72519e+20	3.91e-04	7.13e-01	2.86e-01
 3.83249e+20	4.17e-04	7.48e-01	2.52e-01
 3.94999e+20	4.46e-04	7.82e-01	2.17e-01
 4.10275e+20	4.81e-04	8.19e-01	1.80e-01
 4.26371e+20	5.12e-04	8.50e-01	1.50e-01
 4.43518e+20	5.45e-04	8.77e-01	1.23e-01
 4.65250e+20	5.82e-04	9.03e-01	9.68e-02
 4.89306e+20	6.17e-04	9.23e-01	7.64e-02
 5.15757e+20	6.53e-04	9.39e-01	5.99e-02
 5.48653e+20	6.94e-04	9.54e-01	4.56e-02
 5.90680e+20	7.44e-04	9.66e-01	3.34e-02
 6.44894e+20	8.07e-04	9.75e-01	2.37e-02
 7.09314e+20	8.83e-04	9.82e-01	1.68e-02
 7.70651e+20	9.62e-04	9.86e-01	1.28e-02
 8.19572e+20	1.04e-03	9.88e-01	1.06e-02
 8.59405e+20	1.12e-03	9.90e-01	9.13e-03
 8.95758e+20	1.20e-03	9.91e-01	8.03e-03
 9.31005e+20	1.29e-03	9.92e-01	7.14e-03
 9.64276e+20	1.40e-03	9.92e-01	6.43e-03
 9.94238e+20	1.51e-03	9.93e-01	5.87e-03
 1.02086e+21	1.64e-03	9.93e-01	5.42e-03
 1.04510e+21	1.77e-03	9.93e-01	5.05e-03
 1.06474e+21	1.90e-03	9.93e-01	4.79e-03
 1.07890e+21	2.01e-03	9.93e-01	4.60e-03
 1.09316e+21	2.15e-03	9.93e-01	4.41e-03
 1.10833e+21	2.30e-03	9.93e-01	4.22e-03
 1.12099e+21	2.45e-03	9.93e-01	4.08e-03
 1.13143e+21	2.60e-03	9.93e-01	3.96e-03
 1.14118e+21	2.75e-03	9.93e-01	3.85e-03
 1.15089e+21	2.92e-03	9.93e-01	3.75e-03
 1.16007e+21	3.10e-03	9.93e-01	3.65e-03
 1.16839e+21	3.29e-03	9.93e-01	3.57e-03
 1.17614e+21	3.49e-03	9.93e-01	3.49e-03
 1.18361e+21	3.70e-03	9.93e-01	3.41e-03
 1.19082e+21	3.94e-03	9.93e-01	3.34e-03
 1.19770e+21	4.19e-03	9.93e-01	3.27e-03
 1.20420e+21	4.46e-03	9.92e-01	3.21e-03
 1.21038e+21	4.75e-03	9.92e-01	3.15e-03
 1.21630e+21	5.07e-03	9.92e-01	3.10e-03
 1.22200e+21	5.42e-03	9.92e-01	3.05e-03
 1.22746e+21	5.80e-03	9.91e-01	3.00e-03
 1.23267e+21	6.21e-03	9.91e-01	2.95e-03
 1.23768e+21	6.66e-03	9.90e-01	2.90e-03
 1.24252e+21	7.15e-03	9.90e-01	2.86e-03
 1.24719e+21	7.69e-03	9.89e-01	2.82e-03
 1.25172e+21	8.29e-03	9.89e-01	2.78e-03
 1.25611e+21	8.97e-03	9.88e-01	2.74e-03
 1.26035e+21	9.71e-03	9.88e-01	2.71e-03
 1.26446e+21	1.06e-02	9.87e-01	2.67e-03
 1.26845e+21	1.15e-02	9.86e-01	2.64e-03
 1.27236e+21	1.26e-02	9.85e-01	2.61e-03
 1.27619e+21	1.38e-02	9.84e-01	2.58e-03
 1.27957e+21	1.50e-02	9.82e-01	2.55e-03
 1.28233e+21	1.62e-02	9.81e-01	2.53e-03
 1.28523e+21	1.76e-02	9.80e-01	2.51e-03
 1.28834e+21	1.94e-02	9.78e-01	2.49e-03
 1.29100e+21	2.11e-02	9.76e-01	2.47e-03
 1.29330e+21	2.28e-02	9.75e-01	2.46e-03
 1.29586e+21	2.51e-02	9.72e-01	2.44e-03
 1.29856e+21	2.78e-02	9.70e-01	2.43e-03
 1.30084e+21	3.04e-02	9.67e-01	2.43e-03
 1.30285e+21	3.32e-02	9.64e-01	2.42e-03
 1.30511e+21	3.67e-02	9.61e-01	2.42e-03
 1.30754e+21	4.11e-02	9.56e-01	2.42e-03
 1.30968e+21	4.58e-02	9.52e-01	2.42e-03
 1.31155e+21	5.04e-02	9.47e-01	2.43e-03
 1.31362e+21	5.67e-02	9.41e-01	2.45e-03
 1.31585e+21	6.44e-02	9.33e-01	2.47e-03
 1.31776e+21	7.23e-02	9.25e-01	2.49e-03
 1.31938e+21	8.01e-02	9.17e-01	2.52e-03
 1.32107e+21	8.99e-02	9.08e-01	2.56e-03
 1.32280e+21	1.01e-01	8.96e-01	2.61e-03
 1.32430e+21	1.12e-01	8.85e-01	2.66e-03
 1.32562e+21	1.24e-01	8.73e-01	2.70e-03
 1.32689e+21	1.36e-01	8.61e-01	2.76e-03
 1.32809e+21	1.50e-01	8.48e-01	2.81e-03
 1.32918e+21	1.63e-01	8.34e-01	2.87e-03
 1.33018e+21	1.76e-01	8.21e-01	2.92e-03
 1.33094e+21	1.87e-01	8.10e-01	2.97e-03
 1.33146e+21	1.95e-01	8.02e-01	3.00e-03
 1.33194e+21	2.03e-01	7.94e-01	3.03e-03
 1.33248e+21	2.12e-01	7.85e-01	3.06e-03
 1.33305e+21	2.22e-01	7.75e-01	3.10e-03
 1.33361e+21	2.33e-01	7.64e-01	3.13e-03
 1.33415e+21	2.43e-01	7.54e-01	3.17e-03
 1.33468e+21	2.55e-01	7.42e-01	3.21e-03
 1.33521e+21	2.66e-01	7.31e-01	3.25e-03
 1.33573e+21	2.78e-01	7.19e-01	3.28e-03
 1.33625e+21	2.90e-01	7.07e-01	3.32e-03
 1.33677e+21	3.03e-01	6.94e-01	3.36e-03
 1.33728e+21	3.16e-01	6.80e-01	3.39e-03
 1.33779e+21	3.30e-01	6.67e-01	3.43e-03
 1.33829e+21	3.44e-01	6.53e-01	3.46e-03
 1.33879e+21	3.58e-01	6.38e-01	3.50e-03
 1.33928e+21	3.73e-01	6.23e-01	3.53e-03
 1.33978e+21	3.88e-01	6.08e-01	3.56e-03
 1.34026e+21	4.04e-01	5.93e-01	3.59e-03
 1.34075e+21	4.19e-01	5.77e-01	3.62e-03
 1.34124e+21	4.36e-01	5.60e-01	3.64e-03
 1.34172e+21	4.52e-01	5.44e-01	3.66e-03
 1.34220e+21	4.69e-01	5.27e-01	3.68e-03
 1.34269e+21	4.86e-01	5.10e-01	3.70e-03
 1.34317e+21	5.04e-01	4.92e-01	3.70e-03
 1.34364e+21	5.21e-01	4.75e-01	3.71e-03
 1.34411e+21	5.39e-01	4.58e-01	3.71e-03
 1.34458e+21	5.56e-01	4.41e-01	3.71e-03
 1.34504e+21	5.73e-01	4.23e-01	3.71e-03
 1.34550e+21	5.90e-01	4.06e-01	3.70e-03
 1.34595e+21	6.07e-01	3.90e-01	3.68e-03
 1.34641e+21	6.23e-01	3.73e-01	3.65e-03
 1.34686e+21	6.40e-01	3.56e-01	3.63e-03
 1.34732e+21	6.56e-01	3.40e-01	3.59e-03
 1.34777e+21	6.73e-01	3.24e-01	3.55e-03
 1.34824e+21	6.88e-01	3.08e-01	3.50e-03
 1.34871e+21	7.04e-01	2.92e-01	3.45e-03
 1.34919e+21	7.20e-01	2.77e-01	3.39e-03
 1.34967e+21	7.35e-01	2.61e-01	3.32e-03
 1.35017e+21	7.50e-01	2.46e-01	3.24e-03
 1.35069e+21	7.65e-01	2.31e-01	3.16e-03
 1.35124e+21	7.80e-01	2.17e-01	3.07e-03
 1.35181e+21	7.94e-01	2.03e-01	2.96e-03
 1.35242e+21	8.08e-01	1.89e-01	2.86e-03
 1.35307e+21	8.22e-01	1.75e-01	2.74e-03
 1.35378e+21	8.36e-01	1.62e-01	2.62e-03
 1.35457e+21	8.49e-01	1.49e-01	2.48e-03
 1.35547e+21	8.61e-01	1.37e-01	2.35e-03
 1.35652e+21	8.73e-01	1.25e-01	2.21e-03
 1.35766e+21	8.82e-01	1.16e-01	2.09e-03
 1.35879e+21	8.89e-01	1.09e-01	1.99e-03
 1.35991e+21	8.95e-01	1.03e-01	1.92e-03
 1.36103e+21	8.99e-01	9.96e-02	1.87e-03
 1.36214e+21	9.01e-01	9.68e-02	1.82e-03
 1.36325e+21	9.04e-01	9.46e-02	1.79e-03
 1.36436e+21	9.05e-01	9.29e-02	1.75e-03
 1.36547e+21	9.06e-01	9.18e-02	1.73e-03
 1.36674e+21	9.08e-01	9.08e-02	1.72e-03
 1.36839e+21	9.08e-01	8.99e-02	1.70e-03
 1.37054e+21	9.09e-01	8.90e-02	1.68e-03
 1.37334e+21	9.10e-01	8.82e-02	1.66e-03
 1.37697e+21	9.11e-01	8.78e-02	1.64e-03
 1.38169e+21	9.11e-01	8.71e-02	1.62e-03
 1.38783e+21	9.12e-01	8.63e-02	1.59e-03
 1.39581e+21	9.13e-01	8.53e-02	1.55e-03
 1.40619e+21	9.15e-01	8.40e-02	1.51e-03
 1.41968e+21	9.16e-01	8.24e-02	1.45e-03
 1.43721e+21	9.18e-01	8.04e-02	1.38e-03
 1.46001e+21	9.21e-01	7.79e-02	1.29e-03
 1.48964e+21	9.24e-01	7.48e-02	1.19e-03
 1.52817e+21	9.28e-01	7.12e-02	1.08e-03
 1.57697e+21	9.32e-01	6.71e-02	9.59e-04
 1.63227e+21	9.36e-01	6.30e-02	8.46e-04
 1.68971e+21	9.40e-01	5.94e-02	7.51e-04
 1.74906e+21	9.43e-01	5.59e-02	6.68e-04
 1.81210e+21	9.47e-01	5.27e-02	5.93e-04
 1.88059e+21	9.50e-01	4.96e-02	5.26e-04
 1.95450e+21	9.53e-01	4.66e-02	4.65e-04
 2.03361e+21	9.56e-01	4.38e-02	4.12e-04
 2.11839e+21	9.58e-01	4.12e-02	3.64e-04
 2.20989e+21	9.61e-01	3.87e-02	3.22e-04
 2.30889e+21	9.63e-01	3.64e-02	2.85e-04
 2.41605e+21	9.66e-01	3.41e-02	2.51e-04
 2.53232e+21	9.68e-01	3.20e-02	2.22e-04
 2.65882e+21	9.70e-01	3.00e-02	1.96e-04
 2.79691e+21	9.72e-01	2.82e-02	1.72e-04
 2.94814e+21	9.73e-01	2.64e-02	1.52e-04
 3.11430e+21	9.75e-01	2.48e-02	1.34e-04
 3.29748e+21	9.77e-01	2.32e-02	1.18e-04
 3.50024e+21	9.78e-01	2.17e-02	1.03e-04
 3.72553e+21	9.80e-01	2.03e-02	9.09e-05
 3.97707e+21	9.81e-01	1.90e-02	8.00e-05
 4.25882e+21	9.82e-01	1.78e-02	7.03e-05
 4.57663e+21	9.83e-01	1.67e-02	6.19e-05
 4.93650e+21	9.84e-01	1.56e-02	5.44e-05
 5.35054e+21	9.85e-01	1.46e-02	4.79e-05
 5.82582e+21	9.86e-01	1.37e-02	4.22e-05
 6.29687e+21	9.87e-01	1.30e-02	3.80e-05
 6.70031e+21	9.87e-01	1.25e-02	3.52e-05
 7.06514e+21	9.88e-01	1.21e-02	3.29e-05
 7.47983e+21	9.88e-01	1.17e-02	3.08e-05
 7.93830e+21	9.89e-01	1.13e-02	2.88e-05
 8.34841e+21	9.89e-01	1.10e-02	2.74e-05
 8.70683e+21	9.89e-01	1.07e-02	2.63e-05
 9.10333e+21	9.89e-01	1.05e-02	2.52e-05
 9.54467e+21	9.90e-01	1.03e-02	2.42e-05
 9.94728e+21	9.90e-01	1.01e-02	2.34e-05
 1.03037e+22	9.90e-01	9.96e-03	2.28e-05
 1.06971e+22	9.90e-01	9.80e-03	2.21e-05
 1.11326e+22	9.90e-01	9.66e-03	2.15e-05
 1.15280e+22	9.90e-01	9.53e-03	2.09e-05
 1.18796e+22	9.91e-01	9.43e-03	2.05e-05
 1.22691e+22	9.91e-01	9.33e-03	2.01e-05
 1.27033e+22	9.91e-01	9.22e-03	1.97e-05
 1.30997e+22	9.91e-01	9.13e-03	1.93e-05
 1.34516e+22	9.91e-01	9.06e-03	1.90e-05
 1.38417e+22	9.91e-01	8.98e-03	1.87e-05
 1.42750e+22	9.91e-01	8.91e-03	1.84e-05
 1.46702e+22	9.91e-01	8.81e-03	1.80e-05
 1.50193e+22	9.91e-01	8.78e-03	1.80e-05
 1.54027e+22	9.91e-01	8.70e-03	1.76e-05
 1.58282e+22	9.91e-01	8.64e-03	1.74e-05
 1.62210e+22	9.91e-01	8.62e-03	1.73e-05
 1.65856e+22	9.91e-01	8.56e-03	1.71e-05
 1.70012e+22	9.91e-01	8.53e-03	1.70e-05
 1.74572e+22	9.92e-01	8.46e-03	1.67e-05
 1.78577e+22	9.92e-01	8.44e-03	1.67e-05
 1.82123e+22	9.92e-01	8.39e-03	1.65e-05
 1.86152e+22	9.92e-01	8.37e-03	1.64e-05
 1.90687e+22	9.92e-01	8.31e-03	1.62e-05
 1.94852e+22	9.92e-01	8.28e-03	1.61e-05
 1.98578e+22	9.92e-01	8.25e-03	1.60e-05
 2.02762e+22	9.92e-01	8.22e-03	1.59e-05
 2.07452e+22	9.92e-01	8.20e-03	1.58e-05
 2.11838e+22	9.92e-01	8.16e-03	1.56e-05
 2.15849e+22	9.92e-01	8.15e-03	1.56e-05
 2.20334e+22	9.92e-01	8.11e-03	1.55e-05
 2.25363e+22	9.92e-01	8.08e-03	1.54e-05
 2.30109e+22	9.92e-01	8.06e-03	1.53e-05
 2.34603e+22	9.92e-01	8.04e-03	1.52e-05
 2.39764e+22	9.92e-01	8.02e-03	1.52e-05
 2.45976e+22	9.92e-01	8.00e-03	1.51e-05
 2.52217e+22	9.92e-01	7.96e-03	1.49e-05
 2.57834e+22	9.92e-01	7.95e-03	1.49e-05
 2.62907e+22	9.92e-01	7.93e-03	1.48e-05
 2.67473e+22	9.92e-01	7.92e-03	1.48e-05
 2.71583e+22	9.92e-01	7.90e-03	1.47e-05
 2.75281e+22	9.92e-01	7.89e-03	1.47e-05
 2.78610e+22	9.92e-01	7.88e-03	1.47e-05
 2.81729e+22	9.92e-01	7.88e-03	1.47e-05
 2.84815e+22	9.92e-01	7.87e-03	1.47e-05
 2.87901e+22	9.92e-01	7.87e-03	1.47e-05
 2.90986e+22	9.92e-01	7.86e-03	1.47e-05
 2.94072e+22	9.92e-01	7.86e-03	1.47e-05
 2.97158e+22	9.92e-01	7.87e-03	1.47e-05
 3.00243e+22	9.92e-01	7.87e-03	1.48e-05
 3.03143e+22	9.92e-01	7.89e-03	1.49e-05
 3.05568e+22	9.92e-01	7.92e-03	1.51e-05
 3.07602e+22	9.92e-01	7.99e-03	1.54e-05
