#depth	N	N+	N+2	N+3	N+4	N+5	N+6	N+7
 8.80464e+16	4.93e-07	9.19e-04	1.38e-01	5.10e-01	2.67e-01	8.40e-02	1.12e-04	0.00e+00
 5.28278e+17	4.90e-07	9.15e-04	1.38e-01	5.10e-01	2.67e-01	8.39e-02	1.11e-04	0.00e+00
 2.28921e+18	4.83e-07	9.11e-04	1.38e-01	5.11e-01	2.66e-01	8.35e-02	1.11e-04	0.00e+00
 9.33291e+18	4.62e-07	8.99e-04	1.41e-01	5.14e-01	2.63e-01	8.13e-02	1.08e-04	0.00e+00
 2.22933e+19	4.08e-07	8.54e-04	1.43e-01	5.18e-01	2.59e-01	7.92e-02	1.05e-04	0.00e+00
 3.91419e+19	3.93e-07	8.50e-04	1.48e-01	5.23e-01	2.52e-01	7.54e-02	9.98e-05	0.00e+00
 6.10450e+19	4.01e-07	8.80e-04	1.58e-01	5.29e-01	2.43e-01	6.98e-02	9.18e-05	0.00e+00
 8.95191e+19	4.35e-07	9.57e-04	1.73e-01	5.35e-01	2.29e-01	6.22e-02	8.07e-05	0.00e+00
 1.20399e+20	4.82e-07	1.06e-03	1.92e-01	5.39e-01	2.12e-01	5.46e-02	7.01e-05	0.00e+00
 1.47519e+20	5.41e-07	1.18e-03	2.13e-01	5.41e-01	1.97e-01	4.80e-02	6.11e-05	0.00e+00
 1.70841e+20	6.14e-07	1.32e-03	2.34e-01	5.41e-01	1.82e-01	4.21e-02	5.32e-05	0.00e+00
 1.90807e+20	6.91e-07	1.47e-03	2.55e-01	5.38e-01	1.68e-01	3.73e-02	4.68e-05	0.00e+00
 2.07790e+20	7.73e-07	1.61e-03	2.74e-01	5.35e-01	1.56e-01	3.31e-02	4.13e-05	0.00e+00
 2.22811e+20	8.58e-07	1.76e-03	2.92e-01	5.32e-01	1.45e-01	2.95e-02	3.67e-05	0.00e+00
 2.36390e+20	9.47e-07	1.92e-03	3.10e-01	5.27e-01	1.34e-01	2.64e-02	3.26e-05	0.00e+00
 2.49343e+20	1.03e-06	2.05e-03	3.28e-01	5.23e-01	1.24e-01	2.35e-02	2.89e-05	0.00e+00
 2.64041e+20	1.15e-06	2.26e-03	3.49e-01	5.16e-01	1.12e-01	2.02e-02	2.46e-05	0.00e+00
 2.78646e+20	1.29e-06	2.48e-03	3.70e-01	5.09e-01	1.01e-01	1.73e-02	2.09e-05	0.00e+00
 2.89795e+20	1.44e-06	2.69e-03	3.87e-01	5.03e-01	9.25e-02	1.51e-02	1.83e-05	0.00e+00
 2.98892e+20	1.55e-06	2.85e-03	4.00e-01	4.98e-01	8.56e-02	1.35e-02	1.62e-05	0.00e+00
 3.08654e+20	1.68e-06	3.05e-03	4.15e-01	4.92e-01	7.82e-02	1.18e-02	1.41e-05	0.00e+00
 3.19672e+20	1.84e-06	3.27e-03	4.30e-01	4.86e-01	7.05e-02	1.01e-02	1.20e-05	0.00e+00
 3.29960e+20	2.00e-06	3.49e-03	4.45e-01	4.79e-01	6.36e-02	8.75e-03	1.02e-05	0.00e+00
 3.39108e+20	2.16e-06	3.69e-03	4.57e-01	4.74e-01	5.79e-02	7.63e-03	8.81e-06	0.00e+00
 3.47796e+20	2.32e-06	3.89e-03	4.69e-01	4.68e-01	5.27e-02	6.67e-03	7.61e-06	0.00e+00
 3.57752e+20	2.53e-06	4.16e-03	4.82e-01	4.61e-01	4.71e-02	5.68e-03	6.37e-06	0.00e+00
 3.68024e+20	2.75e-06	4.42e-03	4.95e-01	4.54e-01	4.20e-02	4.86e-03	5.34e-06	0.00e+00
 3.76604e+20	2.93e-06	4.63e-03	5.05e-01	4.48e-01	3.81e-02	4.27e-03	4.61e-06	0.00e+00
 3.85658e+20	3.20e-06	4.93e-03	5.16e-01	4.41e-01	3.43e-02	3.69e-03	3.90e-06	0.00e+00
 3.95490e+20	3.48e-06	5.23e-03	5.27e-01	4.34e-01	3.06e-02	3.20e-03	3.30e-06	0.00e+00
 4.04573e+20	3.78e-06	5.54e-03	5.37e-01	4.27e-01	2.76e-02	2.81e-03	2.82e-06	0.00e+00
 4.14619e+20	4.15e-06	5.91e-03	5.48e-01	4.19e-01	2.46e-02	2.43e-03	2.37e-06	0.00e+00
 4.25643e+20	4.60e-06	6.33e-03	5.59e-01	4.11e-01	2.18e-02	2.11e-03	1.98e-06	0.00e+00
 4.36049e+20	5.08e-06	6.76e-03	5.69e-01	4.03e-01	1.95e-02	1.85e-03	1.68e-06	0.00e+00
 4.47687e+20	5.71e-06	7.31e-03	5.81e-01	3.93e-01	1.71e-02	1.61e-03	1.40e-06	0.00e+00
 4.62817e+20	6.67e-06	8.09e-03	5.95e-01	3.81e-01	1.46e-02	1.36e-03	1.11e-06	0.00e+00
 4.78624e+20	7.84e-06	8.96e-03	6.09e-01	3.69e-01	1.26e-02	1.16e-03	8.93e-07	0.00e+00
 4.92942e+20	9.13e-06	9.88e-03	6.21e-01	3.57e-01	1.10e-02	1.01e-03	7.32e-07	0.00e+00
 5.09186e+20	1.10e-05	1.11e-02	6.35e-01	3.43e-01	9.48e-03	8.58e-04	5.82e-07	0.00e+00
 5.27529e+20	1.35e-05	1.27e-02	6.51e-01	3.28e-01	8.10e-03	7.23e-04	4.52e-07	0.00e+00
 5.41472e+20	1.59e-05	1.40e-02	6.62e-01	3.16e-01	7.27e-03	6.39e-04	3.76e-07	0.00e+00
 5.49800e+20	1.76e-05	1.49e-02	6.69e-01	3.09e-01	6.80e-03	5.91e-04	3.33e-07	0.00e+00
 5.57962e+20	1.95e-05	1.59e-02	6.76e-01	3.01e-01	6.35e-03	5.45e-04	2.95e-07	0.00e+00
 5.68573e+20	2.25e-05	1.74e-02	6.85e-01	2.91e-01	5.81e-03	4.90e-04	2.51e-07	0.00e+00
 5.80000e+20	2.62e-05	1.92e-02	6.95e-01	2.80e-01	5.31e-03	4.36e-04	2.10e-07	0.00e+00
 5.89878e+20	3.01e-05	2.09e-02	7.03e-01	2.70e-01	4.91e-03	3.94e-04	1.79e-07	0.00e+00
 5.98569e+20	3.42e-05	2.26e-02	7.11e-01	2.61e-01	4.57e-03	3.58e-04	1.55e-07	0.00e+00
 6.08328e+20	3.97e-05	2.49e-02	7.20e-01	2.51e-01	4.21e-03	3.20e-04	1.30e-07	0.00e+00
 6.18829e+20	4.68e-05	2.76e-02	7.29e-01	2.39e-01	3.86e-03	2.82e-04	0.00e+00	0.00e+00
 6.27878e+20	5.43e-05	3.04e-02	7.37e-01	2.29e-01	3.58e-03	2.52e-04	0.00e+00	0.00e+00
 6.35776e+20	6.23e-05	3.31e-02	7.44e-01	2.20e-01	3.34e-03	2.27e-04	0.00e+00	0.00e+00
 6.44592e+20	7.32e-05	3.67e-02	7.51e-01	2.09e-01	3.08e-03	2.01e-04	0.00e+00	0.00e+00
 6.54027e+20	8.72e-05	4.10e-02	7.59e-01	1.97e-01	2.83e-03	1.75e-04	0.00e+00	0.00e+00
 6.62185e+20	1.02e-04	4.54e-02	7.65e-01	1.87e-01	2.62e-03	1.54e-04	0.00e+00	0.00e+00
 6.69397e+20	1.19e-04	4.98e-02	7.70e-01	1.77e-01	2.44e-03	1.37e-04	0.00e+00	0.00e+00
 6.77461e+20	1.41e-04	5.57e-02	7.75e-01	1.66e-01	2.24e-03	1.19e-04	0.00e+00	0.00e+00
 6.86059e+20	1.72e-04	6.29e-02	7.80e-01	1.55e-01	2.05e-03	1.02e-04	0.00e+00	0.00e+00
 6.93388e+20	2.04e-04	7.02e-02	7.83e-01	1.45e-01	1.88e-03	8.82e-05	0.00e+00	0.00e+00
 6.99814e+20	2.39e-04	7.76e-02	7.85e-01	1.35e-01	1.75e-03	7.71e-05	0.00e+00	0.00e+00
 7.07030e+20	2.89e-04	8.74e-02	7.86e-01	1.25e-01	1.59e-03	6.55e-05	0.00e+00	0.00e+00
 7.14773e+20	3.56e-04	9.96e-02	7.85e-01	1.14e-01	1.44e-03	5.45e-05	0.00e+00	0.00e+00
 7.21501e+20	4.32e-04	1.12e-01	7.82e-01	1.04e-01	1.31e-03	4.59e-05	0.00e+00	0.00e+00
 7.27402e+20	5.14e-04	1.25e-01	7.78e-01	9.57e-02	1.20e-03	3.91e-05	0.00e+00	0.00e+00
 7.33929e+20	6.33e-04	1.42e-01	7.70e-01	8.61e-02	1.08e-03	3.21e-05	0.00e+00	0.00e+00
 7.40775e+20	7.91e-04	1.63e-01	7.59e-01	7.62e-02	9.60e-04	2.58e-05	0.00e+00	0.00e+00
 7.46402e+20	9.60e-04	1.83e-01	7.47e-01	6.83e-02	8.64e-04	2.12e-05	0.00e+00	0.00e+00
 7.51160e+20	1.14e-03	2.02e-01	7.34e-01	6.18e-02	7.86e-04	1.78e-05	0.00e+00	0.00e+00
 7.56427e+20	1.39e-03	2.27e-01	7.16e-01	5.43e-02	6.98e-04	1.43e-05	0.00e+00	0.00e+00
 7.62025e+20	1.72e-03	2.58e-01	6.93e-01	4.70e-02	6.12e-04	1.12e-05	0.00e+00	0.00e+00
 7.66812e+20	2.09e-03	2.87e-01	6.69e-01	4.09e-02	5.41e-04	8.96e-06	0.00e+00	0.00e+00
 7.70992e+20	2.48e-03	3.17e-01	6.44e-01	3.57e-02	4.80e-04	7.23e-06	0.00e+00	0.00e+00
 7.75625e+20	3.04e-03	3.54e-01	6.12e-01	3.02e-02	4.15e-04	5.56e-06	0.00e+00	0.00e+00
 7.80533e+20	3.78e-03	3.97e-01	5.74e-01	2.49e-02	3.50e-04	4.12e-06	0.00e+00	0.00e+00
 7.84672e+20	4.56e-03	4.38e-01	5.37e-01	2.07e-02	2.99e-04	3.13e-06	0.00e+00	0.00e+00
 7.88261e+20	5.39e-03	4.76e-01	5.01e-01	1.74e-02	2.57e-04	2.41e-06	0.00e+00	0.00e+00
 7.92262e+20	6.56e-03	5.22e-01	4.58e-01	1.39e-02	2.12e-04	1.74e-06	0.00e+00	0.00e+00
 7.96544e+20	8.08e-03	5.73e-01	4.08e-01	1.07e-02	1.70e-04	1.20e-06	0.00e+00	0.00e+00
 8.00240e+20	9.74e-03	6.19e-01	3.63e-01	8.31e-03	1.36e-04	8.34e-07	0.00e+00	0.00e+00
 8.03176e+20	1.13e-02	6.55e-01	3.27e-01	6.69e-03	1.13e-04	6.17e-07	0.00e+00	0.00e+00
 8.05637e+20	1.29e-02	6.86e-01	2.95e-01	5.45e-03	9.46e-05	4.64e-07	0.00e+00	0.00e+00
 8.08399e+20	1.49e-02	7.21e-01	2.60e-01	4.23e-03	7.60e-05	3.29e-07	0.00e+00	0.00e+00
 8.11332e+20	1.75e-02	7.56e-01	2.24e-01	3.20e-03	5.96e-05	2.25e-07	0.00e+00	0.00e+00
 8.13831e+20	2.00e-02	7.83e-01	1.94e-01	2.48e-03	4.76e-05	1.60e-07	0.00e+00	0.00e+00
 8.16020e+20	2.26e-02	8.06e-01	1.69e-01	1.94e-03	3.83e-05	0.00e+00	0.00e+00	0.00e+00
 8.18462e+20	2.61e-02	8.30e-01	1.43e-01	1.45e-03	2.94e-05	0.00e+00	0.00e+00	0.00e+00
 8.21045e+20	3.04e-02	8.51e-01	1.18e-01	1.05e-03	2.19e-05	0.00e+00	0.00e+00	0.00e+00
 8.23229e+20	3.47e-02	8.66e-01	9.85e-02	7.95e-04	1.69e-05	0.00e+00	0.00e+00	0.00e+00
 8.25172e+20	3.93e-02	8.77e-01	8.27e-02	6.10e-04	1.30e-05	0.00e+00	0.00e+00	0.00e+00
 8.27382e+20	4.55e-02	8.87e-01	6.67e-02	4.47e-04	9.55e-06	0.00e+00	0.00e+00	0.00e+00
 8.29770e+20	5.33e-02	8.94e-01	5.23e-02	3.22e-04	6.76e-06	0.00e+00	0.00e+00	0.00e+00
 8.31915e+20	6.22e-02	8.96e-01	4.11e-02	2.40e-04	4.82e-06	0.00e+00	0.00e+00	0.00e+00
 8.33868e+20	7.17e-02	8.96e-01	3.26e-02	1.85e-04	3.50e-06	0.00e+00	0.00e+00	0.00e+00
 8.36045e+20	8.48e-02	8.90e-01	2.47e-02	1.41e-04	2.39e-06	0.00e+00	0.00e+00	0.00e+00
 8.38278e+20	1.01e-01	8.80e-01	1.83e-02	1.09e-04	1.61e-06	0.00e+00	0.00e+00	0.00e+00
 8.40048e+20	1.17e-01	8.69e-01	1.42e-02	9.05e-05	1.15e-06	0.00e+00	0.00e+00	0.00e+00
 8.41527e+20	1.32e-01	8.56e-01	1.14e-02	7.83e-05	8.63e-07	0.00e+00	0.00e+00	0.00e+00
 8.43000e+20	1.50e-01	8.41e-01	9.01e-03	6.83e-05	6.42e-07	0.00e+00	0.00e+00	0.00e+00
 8.44511e+20	1.71e-01	8.22e-01	7.06e-03	6.01e-05	4.73e-07	0.00e+00	0.00e+00	0.00e+00
 8.45878e+20	1.92e-01	8.02e-01	5.64e-03	5.39e-05	3.57e-07	0.00e+00	0.00e+00	0.00e+00
 8.47033e+20	2.12e-01	7.83e-01	4.63e-03	4.94e-05	2.81e-07	0.00e+00	0.00e+00	0.00e+00
 8.48095e+20	2.33e-01	7.64e-01	3.84e-03	4.56e-05	2.24e-07	0.00e+00	0.00e+00	0.00e+00
 8.49128e+20	2.54e-01	7.43e-01	3.20e-03	4.22e-05	1.80e-07	0.00e+00	0.00e+00	0.00e+00
 8.50134e+20	2.76e-01	7.22e-01	2.67e-03	3.93e-05	1.46e-07	0.00e+00	0.00e+00	0.00e+00
 8.50929e+20	2.93e-01	7.05e-01	2.33e-03	3.72e-05	1.24e-07	0.00e+00	0.00e+00	0.00e+00
 8.51465e+20	3.05e-01	6.93e-01	2.12e-03	3.58e-05	0.00e+00	0.00e+00	0.00e+00	0.00e+00
 8.51967e+20	3.18e-01	6.80e-01	1.93e-03	3.45e-05	0.00e+00	0.00e+00	0.00e+00	0.00e+00
 8.52539e+20	3.32e-01	6.66e-01	1.73e-03	3.31e-05	0.00e+00	0.00e+00	0.00e+00	0.00e+00
 8.53153e+20	3.48e-01	6.51e-01	1.55e-03	3.17e-05	0.00e+00	0.00e+00	0.00e+00	0.00e+00
 8.53759e+20	3.63e-01	6.35e-01	1.39e-03	3.03e-05	0.00e+00	0.00e+00	0.00e+00	0.00e+00
 8.54350e+20	3.78e-01	6.20e-01	1.25e-03	2.91e-05	0.00e+00	0.00e+00	0.00e+00	0.00e+00
 8.54945e+20	3.94e-01	6.05e-01	1.13e-03	2.79e-05	0.00e+00	0.00e+00	0.00e+00	0.00e+00
 8.55544e+20	4.10e-01	5.89e-01	1.02e-03	2.67e-05	0.00e+00	0.00e+00	0.00e+00	0.00e+00
 8.56149e+20	4.26e-01	5.73e-01	9.17e-04	2.56e-05	0.00e+00	0.00e+00	0.00e+00	0.00e+00
 8.56758e+20	4.42e-01	5.58e-01	8.30e-04	2.45e-05	0.00e+00	0.00e+00	0.00e+00	0.00e+00
 8.57379e+20	4.58e-01	5.41e-01	7.50e-04	2.35e-05	0.00e+00	0.00e+00	0.00e+00	0.00e+00
 8.58005e+20	4.74e-01	5.26e-01	6.81e-04	2.25e-05	0.00e+00	0.00e+00	0.00e+00	0.00e+00
 8.58638e+20	4.90e-01	5.10e-01	6.19e-04	2.16e-05	0.00e+00	0.00e+00	0.00e+00	0.00e+00
 8.59293e+20	5.05e-01	4.94e-01	5.64e-04	2.06e-05	0.00e+00	0.00e+00	0.00e+00	0.00e+00
 8.59971e+20	5.21e-01	4.78e-01	5.14e-04	1.98e-05	0.00e+00	0.00e+00	0.00e+00	0.00e+00
 8.60663e+20	5.36e-01	4.63e-01	4.72e-04	1.89e-05	0.00e+00	0.00e+00	0.00e+00	0.00e+00
 8.61373e+20	5.51e-01	4.49e-01	4.34e-04	1.81e-05	0.00e+00	0.00e+00	0.00e+00	0.00e+00
 8.62124e+20	5.66e-01	4.34e-01	4.01e-04	1.74e-05	0.00e+00	0.00e+00	0.00e+00	0.00e+00
 8.62914e+20	5.80e-01	4.20e-01	3.71e-04	1.66e-05	0.00e+00	0.00e+00	0.00e+00	0.00e+00
 8.63738e+20	5.93e-01	4.06e-01	3.46e-04	1.60e-05	0.00e+00	0.00e+00	0.00e+00	0.00e+00
 8.64599e+20	6.06e-01	3.94e-01	3.24e-04	1.54e-05	0.00e+00	0.00e+00	0.00e+00	0.00e+00
 8.65501e+20	6.18e-01	3.82e-01	3.06e-04	1.48e-05	0.00e+00	0.00e+00	0.00e+00	0.00e+00
 8.66469e+20	6.29e-01	3.71e-01	2.89e-04	1.43e-05	0.00e+00	0.00e+00	0.00e+00	0.00e+00
 8.67540e+20	6.38e-01	3.61e-01	2.76e-04	1.38e-05	0.00e+00	0.00e+00	0.00e+00	0.00e+00
 8.68743e+20	6.48e-01	3.52e-01	2.64e-04	1.34e-05	0.00e+00	0.00e+00	0.00e+00	0.00e+00
 8.70080e+20	6.56e-01	3.44e-01	2.54e-04	1.30e-05	0.00e+00	0.00e+00	0.00e+00	0.00e+00
 8.71468e+20	6.62e-01	3.38e-01	2.47e-04	1.27e-05	0.00e+00	0.00e+00	0.00e+00	0.00e+00
 8.72831e+20	6.67e-01	3.33e-01	2.42e-04	1.25e-05	0.00e+00	0.00e+00	0.00e+00	0.00e+00
 8.74175e+20	6.70e-01	3.30e-01	2.38e-04	1.24e-05	0.00e+00	0.00e+00	0.00e+00	0.00e+00
 8.75506e+20	6.73e-01	3.27e-01	2.35e-04	1.22e-05	0.00e+00	0.00e+00	0.00e+00	0.00e+00
 8.76826e+20	6.76e-01	3.24e-01	2.32e-04	1.21e-05	0.00e+00	0.00e+00	0.00e+00	0.00e+00
 8.78340e+20	6.77e-01	3.23e-01	2.30e-04	1.20e-05	0.00e+00	0.00e+00	0.00e+00	0.00e+00
 8.80307e+20	6.79e-01	3.21e-01	2.28e-04	1.19e-05	0.00e+00	0.00e+00	0.00e+00	0.00e+00
 8.82865e+20	6.81e-01	3.18e-01	2.26e-04	1.18e-05	0.00e+00	0.00e+00	0.00e+00	0.00e+00
 8.86190e+20	6.84e-01	3.16e-01	2.23e-04	1.17e-05	0.00e+00	0.00e+00	0.00e+00	0.00e+00
 8.90513e+20	6.86e-01	3.13e-01	2.20e-04	1.16e-05	0.00e+00	0.00e+00	0.00e+00	0.00e+00
 8.96132e+20	6.90e-01	3.10e-01	2.17e-04	1.14e-05	0.00e+00	0.00e+00	0.00e+00	0.00e+00
 9.03437e+20	6.94e-01	3.06e-01	2.13e-04	1.12e-05	0.00e+00	0.00e+00	0.00e+00	0.00e+00
 9.12934e+20	6.99e-01	3.01e-01	2.08e-04	1.10e-05	0.00e+00	0.00e+00	0.00e+00	0.00e+00
 9.25279e+20	7.05e-01	2.95e-01	2.02e-04	1.06e-05	0.00e+00	0.00e+00	0.00e+00	0.00e+00
 9.41329e+20	7.12e-01	2.87e-01	1.95e-04	1.03e-05	0.00e+00	0.00e+00	0.00e+00	0.00e+00
 9.62193e+20	7.22e-01	2.78e-01	1.86e-04	9.79e-06	0.00e+00	0.00e+00	0.00e+00	0.00e+00
 9.86911e+20	7.31e-01	2.68e-01	1.78e-04	9.31e-06	0.00e+00	0.00e+00	0.00e+00	0.00e+00
 1.01256e+21	7.41e-01	2.59e-01	1.70e-04	8.85e-06	0.00e+00	0.00e+00	0.00e+00	0.00e+00
 1.03818e+21	7.49e-01	2.51e-01	1.63e-04	8.44e-06	0.00e+00	0.00e+00	0.00e+00	0.00e+00
 1.06440e+21	7.57e-01	2.42e-01	1.57e-04	8.04e-06	0.00e+00	0.00e+00	0.00e+00	0.00e+00
 1.09191e+21	7.66e-01	2.34e-01	1.51e-04	7.65e-06	0.00e+00	0.00e+00	0.00e+00	0.00e+00
 1.12083e+21	7.74e-01	2.26e-01	1.45e-04	7.27e-06	0.00e+00	0.00e+00	0.00e+00	0.00e+00
 1.15080e+21	7.81e-01	2.18e-01	1.40e-04	6.91e-06	0.00e+00	0.00e+00	0.00e+00	0.00e+00
 1.18160e+21	7.89e-01	2.11e-01	1.34e-04	6.56e-06	0.00e+00	0.00e+00	0.00e+00	0.00e+00
 1.21360e+21	7.96e-01	2.03e-01	1.29e-04	6.22e-06	0.00e+00	0.00e+00	0.00e+00	0.00e+00
 1.24700e+21	8.04e-01	1.96e-01	1.25e-04	5.90e-06	0.00e+00	0.00e+00	0.00e+00	0.00e+00
 1.28130e+21	8.11e-01	1.89e-01	1.20e-04	5.60e-06	0.00e+00	0.00e+00	0.00e+00	0.00e+00
 1.31677e+21	8.17e-01	1.83e-01	1.16e-04	5.30e-06	0.00e+00	0.00e+00	0.00e+00	0.00e+00
 1.35384e+21	8.24e-01	1.76e-01	1.12e-04	5.01e-06	0.00e+00	0.00e+00	0.00e+00	0.00e+00
 1.39231e+21	8.31e-01	1.69e-01	1.07e-04	4.74e-06	0.00e+00	0.00e+00	0.00e+00	0.00e+00
 1.43179e+21	8.37e-01	1.63e-01	1.04e-04	4.48e-06	0.00e+00	0.00e+00	0.00e+00	0.00e+00
 1.47243e+21	8.43e-01	1.57e-01	9.97e-05	4.23e-06	0.00e+00	0.00e+00	0.00e+00	0.00e+00
 1.51430e+21	8.50e-01	1.50e-01	9.61e-05	3.98e-06	0.00e+00	0.00e+00	0.00e+00	0.00e+00
 1.55806e+21	8.56e-01	1.44e-01	9.24e-05	3.74e-06	0.00e+00	0.00e+00	0.00e+00	0.00e+00
 1.60381e+21	8.62e-01	1.38e-01	8.89e-05	3.51e-06	0.00e+00	0.00e+00	0.00e+00	0.00e+00
 1.65065e+21	8.68e-01	1.32e-01	8.55e-05	3.30e-06	0.00e+00	0.00e+00	0.00e+00	0.00e+00
 1.69875e+21	8.74e-01	1.26e-01	8.22e-05	3.09e-06	0.00e+00	0.00e+00	0.00e+00	0.00e+00
 1.74859e+21	8.79e-01	1.20e-01	7.90e-05	2.90e-06	0.00e+00	0.00e+00	0.00e+00	0.00e+00
 1.80002e+21	8.85e-01	1.15e-01	7.59e-05	2.71e-06	0.00e+00	0.00e+00	0.00e+00	0.00e+00
 1.85288e+21	8.91e-01	1.09e-01	7.29e-05	2.53e-06	0.00e+00	0.00e+00	0.00e+00	0.00e+00
 1.90735e+21	8.96e-01	1.04e-01	7.00e-05	2.36e-06	0.00e+00	0.00e+00	0.00e+00	0.00e+00
 1.96362e+21	9.01e-01	9.88e-02	6.71e-05	2.20e-06	0.00e+00	0.00e+00	0.00e+00	0.00e+00
 2.02198e+21	9.06e-01	9.37e-02	6.43e-05	2.04e-06	0.00e+00	0.00e+00	0.00e+00	0.00e+00
 2.08297e+21	9.11e-01	8.86e-02	6.16e-05	1.90e-06	0.00e+00	0.00e+00	0.00e+00	0.00e+00
 2.14616e+21	9.16e-01	8.38e-02	5.89e-05	1.76e-06	0.00e+00	0.00e+00	0.00e+00	0.00e+00
 2.21081e+21	9.21e-01	7.92e-02	5.63e-05	1.63e-06	0.00e+00	0.00e+00	0.00e+00	0.00e+00
 2.27745e+21	9.25e-01	7.47e-02	5.38e-05	1.50e-06	0.00e+00	0.00e+00	0.00e+00	0.00e+00
 2.34641e+21	9.30e-01	7.04e-02	5.13e-05	1.38e-06	0.00e+00	0.00e+00	0.00e+00	0.00e+00
 2.41787e+21	9.34e-01	6.62e-02	4.89e-05	1.27e-06	0.00e+00	0.00e+00	0.00e+00	0.00e+00
 2.49211e+21	9.38e-01	6.22e-02	4.66e-05	1.17e-06	0.00e+00	0.00e+00	0.00e+00	0.00e+00
 2.56905e+21	9.42e-01	5.83e-02	4.43e-05	1.07e-06	0.00e+00	0.00e+00	0.00e+00	0.00e+00
 2.64873e+21	9.45e-01	5.46e-02	4.20e-05	9.77e-07	0.00e+00	0.00e+00	0.00e+00	0.00e+00
 2.73140e+21	9.49e-01	5.10e-02	3.99e-05	8.90e-07	0.00e+00	0.00e+00	0.00e+00	0.00e+00
 2.81712e+21	9.52e-01	4.75e-02	3.78e-05	8.08e-07	0.00e+00	0.00e+00	0.00e+00	0.00e+00
 2.90520e+21	9.56e-01	4.42e-02	3.58e-05	7.33e-07	0.00e+00	0.00e+00	0.00e+00	0.00e+00
 2.99336e+21	9.59e-01	4.11e-02	3.39e-05	6.66e-07	0.00e+00	0.00e+00	0.00e+00	0.00e+00
 3.07950e+21	9.62e-01	3.84e-02	3.22e-05	6.06e-07	0.00e+00	0.00e+00	0.00e+00	0.00e+00
 3.16324e+21	9.64e-01	3.58e-02	3.06e-05	5.54e-07	0.00e+00	0.00e+00	0.00e+00	0.00e+00
 3.24459e+21	9.66e-01	3.35e-02	2.91e-05	5.08e-07	0.00e+00	0.00e+00	0.00e+00	0.00e+00
 3.32307e+21	9.69e-01	3.13e-02	2.78e-05	4.67e-07	0.00e+00	0.00e+00	0.00e+00	0.00e+00
 3.39791e+21	9.71e-01	2.94e-02	2.67e-05	4.32e-07	0.00e+00	0.00e+00	0.00e+00	0.00e+00
 3.46861e+21	9.72e-01	2.76e-02	2.56e-05	4.00e-07	0.00e+00	0.00e+00	0.00e+00	0.00e+00
 3.53529e+21	9.74e-01	2.60e-02	2.46e-05	3.73e-07	0.00e+00	0.00e+00	0.00e+00	0.00e+00
