#depth	He	He+	He+2
 1.20362e+17	2.51e-05	3.54e-02	9.65e-01
 7.22173e+17	2.51e-05	3.55e-02	9.65e-01
 3.12942e+18	2.50e-05	3.55e-02	9.64e-01
 1.27584e+19	2.47e-05	3.60e-02	9.64e-01
 3.04757e+19	2.36e-05	3.58e-02	9.64e-01
 5.35082e+19	2.38e-05	3.65e-02	9.63e-01
 8.34505e+19	2.51e-05	3.84e-02	9.62e-01
 1.22375e+20	2.78e-05	4.22e-02	9.58e-01
 1.63244e+20	3.13e-05	4.72e-02	9.53e-01
 1.97677e+20	3.57e-05	5.32e-02	9.47e-01
 2.27381e+20	4.09e-05	6.01e-02	9.40e-01
 2.54799e+20	4.72e-05	6.82e-02	9.32e-01
 2.80236e+20	5.46e-05	7.77e-02	9.22e-01
 3.03545e+20	6.33e-05	8.86e-02	9.11e-01
 3.25117e+20	7.33e-05	1.01e-01	8.99e-01
 3.45472e+20	8.49e-05	1.15e-01	8.85e-01
 3.63682e+20	9.72e-05	1.31e-01	8.69e-01
 3.79928e+20	1.11e-04	1.47e-01	8.53e-01
 3.94632e+20	1.26e-04	1.64e-01	8.36e-01
 4.07513e+20	1.42e-04	1.81e-01	8.19e-01
 4.19206e+20	1.57e-04	1.99e-01	8.01e-01
 4.31961e+20	1.77e-04	2.20e-01	7.80e-01
 4.45710e+20	2.01e-04	2.45e-01	7.55e-01
 4.57760e+20	2.25e-04	2.69e-01	7.31e-01
 4.68402e+20	2.50e-04	2.92e-01	7.07e-01
 4.78423e+20	2.74e-04	3.15e-01	6.84e-01
 4.89666e+20	3.06e-04	3.43e-01	6.56e-01
 5.01760e+20	3.42e-04	3.74e-01	6.25e-01
 5.12017e+20	3.74e-04	4.01e-01	5.99e-01
 5.20946e+20	4.05e-04	4.25e-01	5.74e-01
 5.31090e+20	4.45e-04	4.54e-01	5.46e-01
 5.41566e+20	4.86e-04	4.82e-01	5.17e-01
 5.50608e+20	5.22e-04	5.07e-01	4.93e-01
 5.60497e+20	5.69e-04	5.34e-01	4.65e-01
 5.70951e+20	6.17e-04	5.62e-01	4.38e-01
 5.80396e+20	6.62e-04	5.86e-01	4.14e-01
 5.90932e+20	7.21e-04	6.13e-01	3.87e-01
 6.02319e+20	7.82e-04	6.39e-01	3.60e-01
 6.12885e+20	8.40e-04	6.62e-01	3.37e-01
 6.24693e+20	9.15e-04	6.88e-01	3.11e-01
 6.37523e+20	9.96e-04	7.13e-01	2.86e-01
 6.49617e+20	1.08e-03	7.34e-01	2.65e-01
 6.59214e+20	1.14e-03	7.49e-01	2.50e-01
 6.65954e+20	1.19e-03	7.59e-01	2.39e-01
 6.73038e+20	1.25e-03	7.70e-01	2.28e-01
 6.82248e+20	1.33e-03	7.84e-01	2.15e-01
 6.91667e+20	1.41e-03	7.96e-01	2.03e-01
 6.99382e+20	1.48e-03	8.05e-01	1.94e-01
 7.07438e+20	1.55e-03	8.14e-01	1.84e-01
 7.16454e+20	1.65e-03	8.24e-01	1.74e-01
 7.24465e+20	1.74e-03	8.32e-01	1.66e-01
 7.31389e+20	1.82e-03	8.39e-01	1.60e-01
 7.39149e+20	1.92e-03	8.46e-01	1.52e-01
 7.47838e+20	2.04e-03	8.53e-01	1.45e-01
 7.55593e+20	2.15e-03	8.59e-01	1.39e-01
 7.62432e+20	2.26e-03	8.64e-01	1.34e-01
 7.70223e+20	2.40e-03	8.70e-01	1.28e-01
 7.78362e+20	2.55e-03	8.75e-01	1.22e-01
 7.85414e+20	2.70e-03	8.80e-01	1.18e-01
 7.91955e+20	2.85e-03	8.83e-01	1.14e-01
 7.99372e+20	3.04e-03	8.88e-01	1.09e-01
 8.07250e+20	3.27e-03	8.92e-01	1.05e-01
 8.13881e+20	3.48e-03	8.95e-01	1.01e-01
 8.19711e+20	3.68e-03	8.98e-01	9.83e-02
 8.26344e+20	3.95e-03	9.01e-01	9.48e-02
 8.33513e+20	4.27e-03	9.04e-01	9.15e-02
 8.39760e+20	4.58e-03	9.07e-01	8.87e-02
 8.45210e+20	4.89e-03	9.09e-01	8.64e-02
 8.51244e+20	5.30e-03	9.11e-01	8.37e-02
 8.57650e+20	5.78e-03	9.13e-01	8.11e-02
 8.62966e+20	6.23e-03	9.15e-01	7.91e-02
 8.67555e+20	6.67e-03	9.16e-01	7.74e-02
 8.72774e+20	7.27e-03	9.17e-01	7.53e-02
 8.78202e+20	7.98e-03	9.19e-01	7.33e-02
 8.82697e+20	8.65e-03	9.20e-01	7.18e-02
 8.86688e+20	9.35e-03	9.20e-01	7.04e-02
 8.91225e+20	1.03e-02	9.21e-01	6.88e-02
 8.96040e+20	1.14e-02	9.21e-01	6.72e-02
 9.00130e+20	1.25e-02	9.22e-01	6.59e-02
 9.03698e+20	1.37e-02	9.21e-01	6.49e-02
 9.07137e+20	1.50e-02	9.21e-01	6.38e-02
 9.10496e+20	1.65e-02	9.21e-01	6.27e-02
 9.13723e+20	1.81e-02	9.20e-01	6.19e-02
 9.17354e+20	2.03e-02	9.19e-01	6.09e-02
 9.21118e+20	2.31e-02	9.17e-01	6.00e-02
 9.24185e+20	2.59e-02	9.15e-01	5.91e-02
 9.26815e+20	2.86e-02	9.13e-01	5.87e-02
 9.29741e+20	3.24e-02	9.10e-01	5.81e-02
 9.33546e+20	3.83e-02	9.04e-01	5.75e-02
 9.37444e+20	4.61e-02	8.97e-01	5.71e-02
 9.40547e+20	5.42e-02	8.89e-01	5.71e-02
 9.42879e+20	6.17e-02	8.81e-01	5.72e-02
 9.44770e+20	6.89e-02	8.74e-01	5.73e-02
 9.46870e+20	7.83e-02	8.64e-01	5.76e-02
 9.49157e+20	9.02e-02	8.52e-01	5.81e-02
 9.51189e+20	1.03e-01	8.38e-01	5.87e-02
 9.52949e+20	1.16e-01	8.25e-01	5.92e-02
 9.54562e+20	1.29e-01	8.11e-01	5.98e-02
 9.56088e+20	1.44e-01	7.96e-01	6.03e-02
 9.57524e+20	1.59e-01	7.80e-01	6.09e-02
 9.58879e+20	1.75e-01	7.64e-01	6.13e-02
 9.60183e+20	1.91e-01	7.47e-01	6.18e-02
 9.61443e+20	2.09e-01	7.29e-01	6.20e-02
 9.62443e+20	2.24e-01	7.14e-01	6.23e-02
 9.63169e+20	2.35e-01	7.03e-01	6.23e-02
 9.63901e+20	2.47e-01	6.91e-01	6.23e-02
 9.64744e+20	2.62e-01	6.76e-01	6.21e-02
 9.65655e+20	2.78e-01	6.60e-01	6.20e-02
 9.66593e+20	2.95e-01	6.43e-01	6.17e-02
 9.67548e+20	3.13e-01	6.26e-01	6.13e-02
 9.68548e+20	3.32e-01	6.07e-01	6.08e-02
 9.69633e+20	3.53e-01	5.87e-01	6.01e-02
 9.70818e+20	3.76e-01	5.65e-01	5.92e-02
 9.72106e+20	3.99e-01	5.43e-01	5.81e-02
 9.73539e+20	4.24e-01	5.19e-01	5.68e-02
 9.75209e+20	4.50e-01	4.95e-01	5.52e-02
 9.77019e+20	4.74e-01	4.72e-01	5.36e-02
 9.78810e+20	4.93e-01	4.55e-01	5.23e-02
 9.80553e+20	5.08e-01	4.41e-01	5.10e-02
 9.82261e+20	5.19e-01	4.31e-01	4.99e-02
 9.83942e+20	5.29e-01	4.22e-01	4.88e-02
 9.85862e+20	5.36e-01	4.16e-01	4.82e-02
 9.88358e+20	5.43e-01	4.09e-01	4.73e-02
 9.91603e+20	5.50e-01	4.04e-01	4.63e-02
 9.95822e+20	5.56e-01	3.98e-01	4.52e-02
 1.00131e+21	5.62e-01	3.94e-01	4.40e-02
 1.00843e+21	5.69e-01	3.89e-01	4.24e-02
 1.01770e+21	5.77e-01	3.82e-01	4.06e-02
 1.02975e+21	5.87e-01	3.74e-01	3.84e-02
 1.04541e+21	6.00e-01	3.64e-01	3.57e-02
 1.06577e+21	6.15e-01	3.52e-01	3.27e-02
 1.09171e+21	6.33e-01	3.37e-01	2.93e-02
 1.12136e+21	6.52e-01	3.22e-01	2.61e-02
 1.15165e+21	6.69e-01	3.08e-01	2.33e-02
 1.18224e+21	6.85e-01	2.94e-01	2.09e-02
 1.21398e+21	7.01e-01	2.81e-01	1.87e-02
 1.24750e+21	7.16e-01	2.68e-01	1.67e-02
 1.28282e+21	7.30e-01	2.55e-01	1.49e-02
 1.31958e+21	7.44e-01	2.43e-01	1.33e-02
 1.35759e+21	7.57e-01	2.31e-01	1.19e-02
 1.39691e+21	7.69e-01	2.20e-01	1.07e-02
 1.43822e+21	7.81e-01	2.10e-01	9.58e-03
 1.48117e+21	7.92e-01	1.99e-01	8.59e-03
 1.52530e+21	8.03e-01	1.90e-01	7.70e-03
 1.57122e+21	8.13e-01	1.81e-01	6.92e-03
 1.61902e+21	8.22e-01	1.72e-01	6.21e-03
 1.66867e+21	8.31e-01	1.63e-01	5.58e-03
 1.72010e+21	8.40e-01	1.55e-01	5.00e-03
 1.77341e+21	8.48e-01	1.48e-01	4.51e-03
 1.82860e+21	8.56e-01	1.40e-01	4.05e-03
 1.88617e+21	8.63e-01	1.33e-01	3.64e-03
 1.94591e+21	8.70e-01	1.27e-01	3.27e-03
 2.00711e+21	8.76e-01	1.21e-01	2.95e-03
 2.07032e+21	8.83e-01	1.15e-01	2.66e-03
 2.13583e+21	8.88e-01	1.09e-01	2.40e-03
 2.20369e+21	8.94e-01	1.04e-01	2.16e-03
 2.27392e+21	8.99e-01	9.88e-02	1.96e-03
 2.34632e+21	9.04e-01	9.39e-02	1.76e-03
 2.42157e+21	9.09e-01	8.93e-02	1.59e-03
 2.49933e+21	9.14e-01	8.50e-02	1.44e-03
 2.57881e+21	9.18e-01	8.09e-02	1.30e-03
 2.66020e+21	9.22e-01	7.71e-02	1.18e-03
 2.74419e+21	9.26e-01	7.34e-02	1.07e-03
 2.83086e+21	9.29e-01	6.99e-02	9.71e-04
 2.91937e+21	9.32e-01	6.67e-02	8.81e-04
 3.01022e+21	9.36e-01	6.36e-02	8.01e-04
 3.10366e+21	9.39e-01	6.06e-02	7.28e-04
 3.19929e+21	9.42e-01	5.78e-02	6.62e-04
 3.29698e+21	9.44e-01	5.52e-02	6.02e-04
 3.39684e+21	9.47e-01	5.27e-02	5.48e-04
 3.49893e+21	9.49e-01	5.03e-02	5.00e-04
 3.60185e+21	9.51e-01	4.81e-02	4.56e-04
 3.70367e+21	9.54e-01	4.61e-02	4.18e-04
 3.80461e+21	9.55e-01	4.42e-02	3.84e-04
 3.91049e+21	9.57e-01	4.23e-02	3.51e-04
 4.02090e+21	9.59e-01	4.05e-02	3.22e-04
 4.12775e+21	9.61e-01	3.89e-02	2.97e-04
 4.23068e+21	9.62e-01	3.74e-02	2.74e-04
 4.34170e+21	9.64e-01	3.59e-02	2.52e-04
 4.46698e+21	9.65e-01	3.43e-02	2.29e-04
 4.59094e+21	9.67e-01	3.28e-02	2.10e-04
 4.70239e+21	9.68e-01	3.16e-02	1.95e-04
 4.81730e+21	9.69e-01	3.04e-02	1.79e-04
 4.94955e+21	9.71e-01	2.91e-02	1.64e-04
 5.08810e+21	9.72e-01	2.78e-02	1.50e-04
 5.22018e+21	9.73e-01	2.67e-02	1.38e-04
 5.34568e+21	9.74e-01	2.57e-02	1.28e-04
 5.46971e+21	9.75e-01	2.48e-02	1.18e-04
 5.59356e+21	9.76e-01	2.39e-02	1.10e-04
 5.71450e+21	9.77e-01	2.31e-02	1.02e-04
 5.83018e+21	9.78e-01	2.24e-02	9.60e-05
 5.93981e+21	9.78e-01	2.18e-02	9.09e-05
 6.03944e+21	9.79e-01	2.14e-02	8.74e-05
