#depth	He	He+	He+2
 1.47945e+16	2.09e-03	2.93e-01	7.05e-01
 8.87669e+16	2.09e-03	2.93e-01	7.05e-01
 3.84656e+17	2.08e-03	2.93e-01	7.04e-01
 1.56821e+18	2.04e-03	2.96e-01	7.02e-01
 3.74596e+18	1.91e-03	2.92e-01	7.06e-01
 6.57703e+18	1.84e-03	2.94e-01	7.04e-01
 1.02574e+19	1.80e-03	3.02e-01	6.96e-01
 1.50419e+19	1.84e-03	3.17e-01	6.81e-01
 2.12618e+19	1.96e-03	3.45e-01	6.53e-01
 2.89228e+19	2.21e-03	3.87e-01	6.11e-01
 3.82581e+19	2.68e-03	4.50e-01	5.47e-01
 4.72061e+19	3.26e-03	5.21e-01	4.76e-01
 5.32859e+19	3.76e-03	5.71e-01	4.25e-01
 5.72251e+19	4.15e-03	6.04e-01	3.92e-01
 6.03261e+19	4.49e-03	6.28e-01	3.67e-01
 6.37381e+19	4.92e-03	6.55e-01	3.40e-01
 6.73444e+19	5.38e-03	6.81e-01	3.13e-01
 7.04242e+19	5.79e-03	7.02e-01	2.92e-01
 7.31754e+19	6.21e-03	7.20e-01	2.74e-01
 7.62786e+19	6.73e-03	7.39e-01	2.54e-01
 7.95088e+19	7.29e-03	7.57e-01	2.36e-01
 8.21968e+19	7.79e-03	7.70e-01	2.22e-01
 8.45932e+19	8.28e-03	7.81e-01	2.10e-01
 8.73182e+19	8.93e-03	7.94e-01	1.97e-01
 9.02163e+19	9.65e-03	8.06e-01	1.85e-01
 9.27073e+19	1.03e-02	8.15e-01	1.75e-01
 9.49311e+19	1.10e-02	8.22e-01	1.67e-01
 9.74397e+19	1.19e-02	8.31e-01	1.57e-01
 1.00128e+20	1.30e-02	8.38e-01	1.49e-01
 1.02466e+20	1.40e-02	8.44e-01	1.42e-01
 1.04559e+20	1.51e-02	8.49e-01	1.36e-01
 1.06917e+20	1.66e-02	8.55e-01	1.29e-01
 1.09457e+20	1.84e-02	8.59e-01	1.22e-01
 1.11629e+20	2.02e-02	8.62e-01	1.17e-01
 1.13411e+20	2.20e-02	8.65e-01	1.13e-01
 1.15032e+20	2.38e-02	8.66e-01	1.10e-01
 1.16879e+20	2.62e-02	8.68e-01	1.06e-01
 1.18794e+20	2.91e-02	8.68e-01	1.02e-01
 1.20331e+20	3.19e-02	8.68e-01	9.98e-02
 1.21604e+20	3.44e-02	8.68e-01	9.78e-02
 1.22999e+20	3.76e-02	8.67e-01	9.55e-02
 1.24531e+20	4.15e-02	8.65e-01	9.33e-02
 1.25911e+20	4.57e-02	8.63e-01	9.13e-02
 1.27129e+20	4.97e-02	8.60e-01	8.99e-02
 1.28468e+20	5.50e-02	8.57e-01	8.81e-02
 1.29926e+20	6.14e-02	8.52e-01	8.66e-02
 1.31251e+20	6.77e-02	8.47e-01	8.55e-02
 1.32679e+20	7.60e-02	8.40e-01	8.41e-02
 1.34260e+20	8.61e-02	8.31e-01	8.31e-02
 1.35781e+20	9.74e-02	8.20e-01	8.21e-02
 1.37215e+20	1.10e-01	8.09e-01	8.14e-02
 1.38532e+20	1.22e-01	7.97e-01	8.07e-02
 1.39747e+20	1.35e-01	7.85e-01	8.02e-02
 1.40896e+20	1.48e-01	7.72e-01	7.97e-02
 1.41999e+20	1.62e-01	7.59e-01	7.92e-02
 1.43068e+20	1.77e-01	7.45e-01	7.87e-02
 1.44118e+20	1.92e-01	7.30e-01	7.83e-02
 1.44966e+20	2.04e-01	7.18e-01	7.79e-02
 1.45551e+20	2.13e-01	7.09e-01	7.75e-02
 1.46112e+20	2.23e-01	7.00e-01	7.71e-02
 1.46760e+20	2.34e-01	6.89e-01	7.67e-02
 1.47482e+20	2.47e-01	6.77e-01	7.61e-02
 1.48219e+20	2.60e-01	6.64e-01	7.54e-02
 1.48941e+20	2.74e-01	6.52e-01	7.48e-02
 1.49691e+20	2.88e-01	6.38e-01	7.40e-02
 1.50478e+20	3.03e-01	6.24e-01	7.31e-02
 1.51299e+20	3.19e-01	6.09e-01	7.21e-02
 1.52167e+20	3.36e-01	5.93e-01	7.11e-02
 1.53093e+20	3.54e-01	5.76e-01	6.98e-02
 1.54085e+20	3.72e-01	5.59e-01	6.84e-02
 1.55144e+20	3.92e-01	5.41e-01	6.68e-02
 1.56293e+20	4.12e-01	5.23e-01	6.51e-02
 1.57588e+20	4.33e-01	5.04e-01	6.31e-02
 1.59049e+20	4.54e-01	4.85e-01	6.09e-02
 1.60706e+20	4.75e-01	4.67e-01	5.86e-02
 1.62465e+20	4.93e-01	4.51e-01	5.63e-02
 1.64180e+20	5.08e-01	4.38e-01	5.44e-02
 1.65860e+20	5.20e-01	4.28e-01	5.26e-02
 1.67775e+20	5.32e-01	4.17e-01	5.07e-02
 1.70264e+20	5.45e-01	4.07e-01	4.84e-02
 1.73500e+20	5.58e-01	3.96e-01	4.58e-02
 1.77706e+20	5.72e-01	3.85e-01	4.29e-02
 1.83175e+20	5.88e-01	3.72e-01	3.95e-02
 1.90063e+20	6.05e-01	3.59e-01	3.59e-02
 1.97897e+20	6.23e-01	3.45e-01	3.25e-02
 2.06031e+20	6.39e-01	3.31e-01	2.94e-02
 2.14414e+20	6.55e-01	3.18e-01	2.67e-02
 2.23311e+20	6.70e-01	3.06e-01	2.42e-02
 2.32818e+20	6.85e-01	2.93e-01	2.19e-02
 2.42859e+20	6.99e-01	2.81e-01	1.98e-02
 2.53449e+20	7.13e-01	2.69e-01	1.79e-02
 2.64675e+20	7.27e-01	2.57e-01	1.62e-02
 2.76554e+20	7.39e-01	2.46e-01	1.46e-02
 2.89081e+20	7.52e-01	2.35e-01	1.32e-02
 3.02349e+20	7.64e-01	2.24e-01	1.19e-02
 3.16388e+20	7.75e-01	2.14e-01	1.07e-02
 3.31235e+20	7.86e-01	2.04e-01	9.70e-03
 3.46938e+20	7.97e-01	1.95e-01	8.74e-03
 3.63534e+20	8.07e-01	1.86e-01	7.88e-03
 3.81073e+20	8.16e-01	1.77e-01	7.09e-03
 3.99615e+20	8.25e-01	1.68e-01	6.39e-03
 4.19209e+20	8.34e-01	1.60e-01	5.75e-03
 4.39915e+20	8.43e-01	1.52e-01	5.17e-03
 4.61785e+20	8.51e-01	1.45e-01	4.65e-03
 4.84889e+20	8.58e-01	1.38e-01	4.19e-03
 5.09281e+20	8.66e-01	1.31e-01	3.76e-03
 5.35043e+20	8.73e-01	1.24e-01	3.38e-03
 5.62229e+20	8.79e-01	1.18e-01	3.03e-03
 5.90920e+20	8.86e-01	1.12e-01	2.73e-03
 6.21277e+20	8.92e-01	1.06e-01	2.45e-03
 6.53301e+20	8.97e-01	1.00e-01	2.20e-03
 6.86982e+20	9.03e-01	9.52e-02	1.97e-03
 7.22622e+20	9.08e-01	9.02e-02	1.77e-03
 7.60329e+20	9.13e-01	8.54e-02	1.58e-03
 8.00057e+20	9.18e-01	8.09e-02	1.42e-03
 8.41861e+20	9.22e-01	7.66e-02	1.27e-03
 8.85935e+20	9.26e-01	7.25e-02	1.14e-03
 9.32743e+20	9.30e-01	6.85e-02	1.02e-03
 9.82289e+20	9.34e-01	6.48e-02	9.11e-04
 1.03432e+21	9.38e-01	6.13e-02	8.14e-04
 1.08928e+21	9.41e-01	5.79e-02	7.29e-04
 1.14745e+21	9.45e-01	5.47e-02	6.51e-04
 1.20887e+21	9.48e-01	5.16e-02	5.81e-04
 1.27414e+21	9.51e-01	4.87e-02	5.18e-04
 1.34342e+21	9.54e-01	4.60e-02	4.62e-04
 1.41641e+21	9.56e-01	4.33e-02	4.12e-04
 1.49379e+21	9.59e-01	4.09e-02	3.67e-04
 1.57605e+21	9.61e-01	3.85e-02	3.26e-04
 1.66336e+21	9.63e-01	3.63e-02	2.90e-04
 1.75668e+21	9.66e-01	3.41e-02	2.58e-04
 1.85644e+21	9.68e-01	3.21e-02	2.29e-04
 1.96240e+21	9.70e-01	3.02e-02	2.03e-04
 2.07571e+21	9.71e-01	2.84e-02	1.80e-04
 2.19735e+21	9.73e-01	2.67e-02	1.60e-04
 2.32822e+21	9.75e-01	2.51e-02	1.41e-04
 2.46897e+21	9.76e-01	2.35e-02	1.25e-04
 2.62203e+21	9.78e-01	2.21e-02	1.10e-04
 2.78839e+21	9.79e-01	2.07e-02	9.73e-05
 2.96806e+21	9.80e-01	1.94e-02	8.59e-05
 3.16399e+21	9.82e-01	1.82e-02	7.57e-05
 3.38142e+21	9.83e-01	1.70e-02	6.66e-05
 3.62294e+21	9.84e-01	1.60e-02	5.86e-05
 3.89011e+21	9.85e-01	1.49e-02	5.15e-05
 4.18969e+21	9.86e-01	1.40e-02	4.53e-05
 4.53048e+21	9.87e-01	1.31e-02	3.98e-05
 4.92261e+21	9.88e-01	1.22e-02	3.50e-05
 5.37986e+21	9.88e-01	1.15e-02	3.08e-05
 5.85422e+21	9.89e-01	1.08e-02	2.77e-05
 6.26911e+21	9.90e-01	1.04e-02	2.55e-05
 6.62841e+21	9.90e-01	1.01e-02	2.40e-05
 7.02314e+21	9.90e-01	9.77e-03	2.26e-05
 7.46898e+21	9.90e-01	9.49e-03	2.13e-05
 7.87971e+21	9.91e-01	9.26e-03	2.03e-05
 8.23592e+21	9.91e-01	9.10e-03	1.96e-05
 8.62279e+21	9.91e-01	8.94e-03	1.89e-05
 9.05834e+21	9.91e-01	8.79e-03	1.83e-05
 9.45947e+21	9.91e-01	8.66e-03	1.78e-05
 9.81059e+21	9.91e-01	8.56e-03	1.74e-05
 1.01944e+22	9.92e-01	8.47e-03	1.71e-05
 1.06933e+22	9.92e-01	8.36e-03	1.66e-05
 1.11880e+22	9.92e-01	8.24e-03	1.62e-05
 1.15503e+22	9.92e-01	8.21e-03	1.61e-05
 1.18942e+22	9.92e-01	8.15e-03	1.58e-05
 1.23413e+22	9.92e-01	8.08e-03	1.56e-05
 1.28133e+22	9.92e-01	8.05e-03	1.55e-05
 1.32107e+22	9.92e-01	8.01e-03	1.53e-05
 1.35601e+22	9.92e-01	7.96e-03	1.51e-05
 1.39543e+22	9.92e-01	7.93e-03	1.50e-05
 1.44667e+22	9.92e-01	7.89e-03	1.48e-05
 1.49880e+22	9.92e-01	7.85e-03	1.47e-05
 1.53993e+22	9.92e-01	7.83e-03	1.46e-05
 1.58128e+22	9.92e-01	7.81e-03	1.45e-05
 1.63503e+22	9.92e-01	7.78e-03	1.44e-05
 1.69156e+22	9.92e-01	7.75e-03	1.43e-05
 1.73940e+22	9.92e-01	7.74e-03	1.43e-05
 1.78931e+22	9.92e-01	7.72e-03	1.42e-05
 1.85419e+22	9.92e-01	7.70e-03	1.42e-05
 1.92481e+22	9.92e-01	7.67e-03	1.40e-05
 1.99086e+22	9.92e-01	7.66e-03	1.40e-05
 2.06470e+22	9.92e-01	7.64e-03	1.39e-05
 2.15540e+22	9.92e-01	7.62e-03	1.38e-05
 2.24843e+22	9.92e-01	7.60e-03	1.38e-05
 2.33215e+22	9.92e-01	7.59e-03	1.37e-05
 2.40751e+22	9.92e-01	7.58e-03	1.37e-05
 2.47532e+22	9.92e-01	7.57e-03	1.37e-05
 2.53636e+22	9.92e-01	7.56e-03	1.37e-05
 2.59129e+22	9.92e-01	7.56e-03	1.36e-05
 2.64073e+22	9.92e-01	7.55e-03	1.36e-05
 2.68522e+22	9.92e-01	7.55e-03	1.36e-05
 2.72527e+22	9.92e-01	7.55e-03	1.36e-05
 2.76131e+22	9.92e-01	7.54e-03	1.36e-05
 2.79381e+22	9.92e-01	7.54e-03	1.36e-05
 2.82467e+22	9.92e-01	7.54e-03	1.36e-05
 2.85552e+22	9.92e-01	7.54e-03	1.36e-05
 2.88638e+22	9.92e-01	7.55e-03	1.36e-05
 2.91724e+22	9.92e-01	7.55e-03	1.37e-05
 2.94809e+22	9.92e-01	7.56e-03	1.37e-05
 2.97895e+22	9.92e-01	7.57e-03	1.38e-05
 3.00865e+22	9.92e-01	7.59e-03	1.39e-05
 3.03466e+22	9.92e-01	7.60e-03	1.39e-05
 3.05564e+22	9.92e-01	7.64e-03	1.41e-05
 3.07528e+22	9.92e-01	7.69e-03	1.44e-05
