#depth	O	O+	O+2	O+3	O+4	O+5	O+6	O+7	O+8	O[1]	O[2]	O[3]
 2.71028e+15	1.54e-03	1.59e-01	7.14e-01	1.22e-01	3.40e-03	1.29e-05	0.00e+00	0.00e+00	0.00e+00	1.54e-03	3.49e-07	3.96e-07
 1.62617e+16	1.53e-03	1.58e-01	7.14e-01	1.22e-01	3.40e-03	1.29e-05	0.00e+00	0.00e+00	0.00e+00	1.53e-03	3.48e-07	3.93e-07
 7.04673e+16	1.51e-03	1.56e-01	7.17e-01	1.22e-01	3.38e-03	1.28e-05	0.00e+00	0.00e+00	0.00e+00	1.51e-03	3.42e-07	3.86e-07
 2.87290e+17	1.47e-03	1.52e-01	7.24e-01	1.19e-01	3.22e-03	1.23e-05	0.00e+00	0.00e+00	0.00e+00	1.46e-03	3.31e-07	3.75e-07
 6.86243e+17	1.30e-03	1.41e-01	7.38e-01	1.17e-01	3.05e-03	1.20e-05	0.00e+00	0.00e+00	0.00e+00	1.30e-03	2.92e-07	3.31e-07
 1.19851e+18	1.21e-03	1.34e-01	7.51e-01	1.11e-01	2.79e-03	1.12e-05	0.00e+00	0.00e+00	0.00e+00	1.20e-03	2.67e-07	3.04e-07
 1.85808e+18	1.16e-03	1.30e-01	7.63e-01	1.02e-01	2.45e-03	9.88e-06	0.00e+00	0.00e+00	0.00e+00	1.16e-03	2.55e-07	2.91e-07
 2.71552e+18	1.17e-03	1.31e-01	7.76e-01	9.00e-02	2.02e-03	8.13e-06	0.00e+00	0.00e+00	0.00e+00	1.17e-03	2.57e-07	2.93e-07
 3.83019e+18	1.27e-03	1.38e-01	7.85e-01	7.38e-02	1.53e-03	6.02e-06	0.00e+00	0.00e+00	0.00e+00	1.27e-03	2.79e-07	3.17e-07
 5.27926e+18	1.53e-03	1.54e-01	7.89e-01	5.49e-02	1.02e-03	3.86e-06	0.00e+00	0.00e+00	0.00e+00	1.53e-03	3.35e-07	3.80e-07
 6.81520e+18	1.91e-03	1.75e-01	7.83e-01	3.93e-02	6.63e-04	2.35e-06	0.00e+00	0.00e+00	0.00e+00	1.91e-03	4.19e-07	4.73e-07
 8.07464e+18	2.38e-03	1.98e-01	7.70e-01	2.91e-02	4.56e-04	1.51e-06	0.00e+00	0.00e+00	0.00e+00	2.38e-03	5.24e-07	5.90e-07
 9.05554e+18	2.90e-03	2.20e-01	7.54e-01	2.27e-02	3.37e-04	1.04e-06	0.00e+00	0.00e+00	0.00e+00	2.90e-03	6.41e-07	7.18e-07
 9.89568e+18	3.48e-03	2.41e-01	7.37e-01	1.82e-02	2.60e-04	7.51e-07	0.00e+00	0.00e+00	0.00e+00	3.48e-03	7.71e-07	8.61e-07
 1.08198e+19	4.32e-03	2.68e-01	7.13e-01	1.40e-02	1.93e-04	5.11e-07	0.00e+00	0.00e+00	0.00e+00	4.32e-03	9.61e-07	1.07e-06
 1.17753e+19	5.38e-03	2.98e-01	6.86e-01	1.08e-02	1.45e-04	3.47e-07	0.00e+00	0.00e+00	0.00e+00	5.38e-03	1.20e-06	1.34e-06
 1.25608e+19	6.50e-03	3.25e-01	6.60e-01	8.58e-03	1.16e-04	2.51e-07	0.00e+00	0.00e+00	0.00e+00	6.50e-03	1.46e-06	1.62e-06
 1.32519e+19	7.76e-03	3.51e-01	6.34e-01	6.94e-03	9.41e-05	1.85e-07	0.00e+00	0.00e+00	0.00e+00	7.76e-03	1.75e-06	1.93e-06
 1.40310e+19	9.50e-03	3.84e-01	6.01e-01	5.41e-03	7.50e-05	1.31e-07	0.00e+00	0.00e+00	0.00e+00	9.50e-03	2.16e-06	2.37e-06
 1.48645e+19	1.19e-02	4.21e-01	5.63e-01	4.12e-03	5.95e-05	0.00e+00	0.00e+00	0.00e+00	0.00e+00	1.18e-02	2.70e-06	2.97e-06
 1.55747e+19	1.44e-02	4.55e-01	5.27e-01	3.23e-03	4.90e-05	0.00e+00	0.00e+00	0.00e+00	0.00e+00	1.44e-02	3.30e-06	3.62e-06
 1.61868e+19	1.71e-02	4.86e-01	4.94e-01	2.58e-03	4.13e-05	0.00e+00	0.00e+00	0.00e+00	0.00e+00	1.71e-02	3.95e-06	4.31e-06
 1.68653e+19	2.09e-02	5.24e-01	4.54e-01	1.97e-03	3.40e-05	0.00e+00	0.00e+00	0.00e+00	0.00e+00	2.09e-02	4.84e-06	5.28e-06
 1.75948e+19	2.60e-02	5.64e-01	4.09e-01	1.46e-03	2.77e-05	0.00e+00	0.00e+00	0.00e+00	0.00e+00	2.60e-02	6.02e-06	6.56e-06
 1.82285e+19	3.15e-02	5.99e-01	3.68e-01	1.10e-03	2.30e-05	0.00e+00	0.00e+00	0.00e+00	0.00e+00	3.15e-02	7.32e-06	7.96e-06
 1.87859e+19	3.75e-02	6.30e-01	3.31e-01	8.42e-04	1.93e-05	0.00e+00	0.00e+00	0.00e+00	0.00e+00	3.75e-02	8.72e-06	9.47e-06
 1.94065e+19	4.59e-02	6.65e-01	2.89e-01	6.07e-04	1.56e-05	0.00e+00	0.00e+00	0.00e+00	0.00e+00	4.58e-02	1.07e-05	1.16e-05
 2.00722e+19	5.68e-02	6.98e-01	2.45e-01	4.21e-04	1.23e-05	0.00e+00	0.00e+00	0.00e+00	0.00e+00	5.68e-02	1.31e-05	1.42e-05
 2.06404e+19	6.85e-02	7.22e-01	2.09e-01	3.00e-04	9.89e-06	0.00e+00	0.00e+00	0.00e+00	0.00e+00	6.85e-02	1.57e-05	1.70e-05
 2.11118e+19	8.02e-02	7.40e-01	1.80e-01	2.22e-04	8.11e-06	0.00e+00	0.00e+00	0.00e+00	0.00e+00	8.01e-02	1.82e-05	1.97e-05
 2.15416e+19	9.28e-02	7.52e-01	1.55e-01	1.65e-04	6.64e-06	0.00e+00	0.00e+00	0.00e+00	0.00e+00	9.28e-02	2.09e-05	2.26e-05
 2.19591e+19	1.07e-01	7.61e-01	1.32e-01	1.22e-04	5.39e-06	0.00e+00	0.00e+00	0.00e+00	0.00e+00	1.07e-01	2.39e-05	2.58e-05
 2.23566e+19	1.23e-01	7.65e-01	1.12e-01	9.06e-05	4.36e-06	0.00e+00	0.00e+00	0.00e+00	0.00e+00	1.23e-01	2.70e-05	2.92e-05
 2.27244e+19	1.40e-01	7.66e-01	9.46e-02	6.76e-05	3.52e-06	0.00e+00	0.00e+00	0.00e+00	0.00e+00	1.40e-01	3.03e-05	3.27e-05
 2.30640e+19	1.57e-01	7.62e-01	8.02e-02	5.11e-05	2.85e-06	0.00e+00	0.00e+00	0.00e+00	0.00e+00	1.57e-01	3.36e-05	3.63e-05
 2.33830e+19	1.76e-01	7.56e-01	6.80e-02	3.89e-05	2.31e-06	0.00e+00	0.00e+00	0.00e+00	0.00e+00	1.75e-01	3.70e-05	3.99e-05
 2.36897e+19	1.95e-01	7.47e-01	5.75e-02	2.97e-05	1.87e-06	0.00e+00	0.00e+00	0.00e+00	0.00e+00	1.95e-01	4.04e-05	4.36e-05
 2.39854e+19	2.16e-01	7.35e-01	4.83e-02	2.27e-05	1.50e-06	0.00e+00	0.00e+00	0.00e+00	0.00e+00	2.16e-01	4.40e-05	4.74e-05
 2.42657e+19	2.38e-01	7.21e-01	4.08e-02	1.76e-05	1.21e-06	0.00e+00	0.00e+00	0.00e+00	0.00e+00	2.38e-01	4.74e-05	5.11e-05
 2.45339e+19	2.60e-01	7.06e-01	3.44e-02	1.38e-05	9.76e-07	0.00e+00	0.00e+00	0.00e+00	0.00e+00	2.60e-01	5.07e-05	5.46e-05
 2.47985e+19	2.83e-01	6.88e-01	2.88e-02	1.08e-05	7.84e-07	0.00e+00	0.00e+00	0.00e+00	0.00e+00	2.83e-01	5.40e-05	5.82e-05
 2.50608e+19	3.07e-01	6.69e-01	2.40e-02	8.46e-06	6.26e-07	0.00e+00	0.00e+00	0.00e+00	0.00e+00	3.07e-01	5.71e-05	6.16e-05
 2.53186e+19	3.32e-01	6.48e-01	2.00e-02	6.68e-06	4.99e-07	0.00e+00	0.00e+00	0.00e+00	0.00e+00	3.32e-01	6.02e-05	6.48e-05
 2.55726e+19	3.57e-01	6.26e-01	1.66e-02	5.31e-06	3.97e-07	0.00e+00	0.00e+00	0.00e+00	0.00e+00	3.57e-01	6.30e-05	6.79e-05
 2.58632e+19	3.87e-01	6.00e-01	1.33e-02	4.09e-06	3.03e-07	0.00e+00	0.00e+00	0.00e+00	0.00e+00	3.87e-01	6.59e-05	7.10e-05
 2.61715e+19	4.19e-01	5.71e-01	1.04e-02	3.15e-06	2.27e-07	0.00e+00	0.00e+00	0.00e+00	0.00e+00	4.19e-01	6.87e-05	7.40e-05
 2.64365e+19	4.47e-01	5.45e-01	8.44e-03	2.52e-06	1.76e-07	0.00e+00	0.00e+00	0.00e+00	0.00e+00	4.47e-01	7.07e-05	7.62e-05
 2.66822e+19	4.74e-01	5.19e-01	6.87e-03	2.06e-06	1.38e-07	0.00e+00	0.00e+00	0.00e+00	0.00e+00	4.74e-01	7.23e-05	7.79e-05
 2.69382e+19	5.01e-01	4.93e-01	5.52e-03	1.69e-06	0.00e+00	0.00e+00	0.00e+00	0.00e+00	0.00e+00	5.01e-01	7.36e-05	7.92e-05
 2.71912e+19	5.28e-01	4.68e-01	4.44e-03	1.40e-06	0.00e+00	0.00e+00	0.00e+00	0.00e+00	0.00e+00	5.28e-01	7.46e-05	8.02e-05
 2.74224e+19	5.52e-01	4.44e-01	3.63e-03	1.19e-06	0.00e+00	0.00e+00	0.00e+00	0.00e+00	0.00e+00	5.52e-01	7.50e-05	8.07e-05
 2.76335e+19	5.73e-01	4.24e-01	3.01e-03	1.03e-06	0.00e+00	0.00e+00	0.00e+00	0.00e+00	0.00e+00	5.73e-01	7.51e-05	8.08e-05
 2.78325e+19	5.93e-01	4.04e-01	2.52e-03	9.03e-07	0.00e+00	0.00e+00	0.00e+00	0.00e+00	0.00e+00	5.93e-01	7.50e-05	8.06e-05
 2.79912e+19	6.08e-01	3.90e-01	2.20e-03	8.21e-07	0.00e+00	0.00e+00	0.00e+00	0.00e+00	0.00e+00	6.08e-01	7.48e-05	8.04e-05
 2.81055e+19	6.19e-01	3.79e-01	1.98e-03	7.66e-07	0.00e+00	0.00e+00	0.00e+00	0.00e+00	0.00e+00	6.18e-01	7.45e-05	8.01e-05
 2.82183e+19	6.29e-01	3.69e-01	1.78e-03	7.15e-07	0.00e+00	0.00e+00	0.00e+00	0.00e+00	0.00e+00	6.29e-01	7.43e-05	7.98e-05
 2.83468e+19	6.42e-01	3.57e-01	1.58e-03	6.62e-07	0.00e+00	0.00e+00	0.00e+00	0.00e+00	0.00e+00	6.41e-01	7.38e-05	7.94e-05
 2.84824e+19	6.54e-01	3.45e-01	1.39e-03	6.12e-07	0.00e+00	0.00e+00	0.00e+00	0.00e+00	0.00e+00	6.54e-01	7.34e-05	7.88e-05
 2.86136e+19	6.65e-01	3.33e-01	1.24e-03	5.70e-07	0.00e+00	0.00e+00	0.00e+00	0.00e+00	0.00e+00	6.65e-01	7.28e-05	7.82e-05
 2.87431e+19	6.77e-01	3.22e-01	1.10e-03	5.30e-07	0.00e+00	0.00e+00	0.00e+00	0.00e+00	0.00e+00	6.77e-01	7.22e-05	7.76e-05
 2.88745e+19	6.88e-01	3.11e-01	9.70e-04	4.95e-07	0.00e+00	0.00e+00	0.00e+00	0.00e+00	0.00e+00	6.87e-01	7.16e-05	7.69e-05
 2.90081e+19	6.99e-01	3.00e-01	8.55e-04	4.61e-07	0.00e+00	0.00e+00	0.00e+00	0.00e+00	0.00e+00	6.99e-01	7.09e-05	7.61e-05
 2.91425e+19	7.09e-01	2.90e-01	7.56e-04	4.32e-07	0.00e+00	0.00e+00	0.00e+00	0.00e+00	0.00e+00	7.09e-01	7.02e-05	7.54e-05
 2.92787e+19	7.20e-01	2.80e-01	6.66e-04	4.04e-07	0.00e+00	0.00e+00	0.00e+00	0.00e+00	0.00e+00	7.20e-01	6.94e-05	7.45e-05
 2.94177e+19	7.30e-01	2.69e-01	5.85e-04	3.78e-07	0.00e+00	0.00e+00	0.00e+00	0.00e+00	0.00e+00	7.30e-01	6.85e-05	7.35e-05
 2.95552e+19	7.40e-01	2.59e-01	5.16e-04	3.55e-07	0.00e+00	0.00e+00	0.00e+00	0.00e+00	0.00e+00	7.40e-01	6.77e-05	7.26e-05
 2.96937e+19	7.50e-01	2.50e-01	4.55e-04	3.33e-07	0.00e+00	0.00e+00	0.00e+00	0.00e+00	0.00e+00	7.49e-01	6.68e-05	7.17e-05
 2.98368e+19	7.59e-01	2.40e-01	3.99e-04	3.13e-07	0.00e+00	0.00e+00	0.00e+00	0.00e+00	0.00e+00	7.59e-01	6.59e-05	7.06e-05
 2.99818e+19	7.68e-01	2.31e-01	3.51e-04	2.95e-07	0.00e+00	0.00e+00	0.00e+00	0.00e+00	0.00e+00	7.68e-01	6.50e-05	6.96e-05
 3.01286e+19	7.77e-01	2.22e-01	3.08e-04	2.77e-07	0.00e+00	0.00e+00	0.00e+00	0.00e+00	0.00e+00	7.77e-01	6.40e-05	6.85e-05
 3.02779e+19	7.86e-01	2.14e-01	2.70e-04	2.61e-07	0.00e+00	0.00e+00	0.00e+00	0.00e+00	0.00e+00	7.86e-01	6.31e-05	6.75e-05
 3.04309e+19	7.94e-01	2.06e-01	2.37e-04	2.46e-07	0.00e+00	0.00e+00	0.00e+00	0.00e+00	0.00e+00	7.94e-01	6.21e-05	6.64e-05
 3.05885e+19	8.02e-01	1.97e-01	2.08e-04	2.32e-07	0.00e+00	0.00e+00	0.00e+00	0.00e+00	0.00e+00	8.02e-01	6.11e-05	6.53e-05
 3.07479e+19	8.10e-01	1.90e-01	1.82e-04	2.20e-07	0.00e+00	0.00e+00	0.00e+00	0.00e+00	0.00e+00	8.10e-01	6.01e-05	6.42e-05
 3.09115e+19	8.18e-01	1.82e-01	1.60e-04	2.08e-07	0.00e+00	0.00e+00	0.00e+00	0.00e+00	0.00e+00	8.17e-01	5.91e-05	6.32e-05
 3.10819e+19	8.25e-01	1.75e-01	1.41e-04	1.97e-07	0.00e+00	0.00e+00	0.00e+00	0.00e+00	0.00e+00	8.25e-01	5.81e-05	6.21e-05
 3.12594e+19	8.32e-01	1.68e-01	1.23e-04	1.86e-07	0.00e+00	0.00e+00	0.00e+00	0.00e+00	0.00e+00	8.32e-01	5.71e-05	6.10e-05
 3.14422e+19	8.39e-01	1.61e-01	1.09e-04	1.76e-07	0.00e+00	0.00e+00	0.00e+00	0.00e+00	0.00e+00	8.39e-01	5.62e-05	5.99e-05
 3.16296e+19	8.45e-01	1.55e-01	9.59e-05	1.67e-07	0.00e+00	0.00e+00	0.00e+00	0.00e+00	0.00e+00	8.45e-01	5.52e-05	5.89e-05
 3.18222e+19	8.51e-01	1.49e-01	8.50e-05	1.59e-07	0.00e+00	0.00e+00	0.00e+00	0.00e+00	0.00e+00	8.51e-01	5.44e-05	5.80e-05
 3.20219e+19	8.56e-01	1.44e-01	7.57e-05	1.52e-07	0.00e+00	0.00e+00	0.00e+00	0.00e+00	0.00e+00	8.56e-01	5.35e-05	5.70e-05
 3.22316e+19	8.62e-01	1.38e-01	6.76e-05	1.45e-07	0.00e+00	0.00e+00	0.00e+00	0.00e+00	0.00e+00	8.61e-01	5.27e-05	5.61e-05
 3.24537e+19	8.66e-01	1.33e-01	6.06e-05	1.39e-07	0.00e+00	0.00e+00	0.00e+00	0.00e+00	0.00e+00	8.66e-01	5.19e-05	5.52e-05
 3.26894e+19	8.71e-01	1.29e-01	5.46e-05	1.33e-07	0.00e+00	0.00e+00	0.00e+00	0.00e+00	0.00e+00	8.71e-01	5.11e-05	5.44e-05
 3.29421e+19	8.75e-01	1.24e-01	4.93e-05	1.27e-07	0.00e+00	0.00e+00	0.00e+00	0.00e+00	0.00e+00	8.75e-01	5.04e-05	5.36e-05
 3.32180e+19	8.80e-01	1.20e-01	4.48e-05	1.22e-07	0.00e+00	0.00e+00	0.00e+00	0.00e+00	0.00e+00	8.79e-01	4.96e-05	5.28e-05
 3.35233e+19	8.83e-01	1.17e-01	4.08e-05	0.00e+00	0.00e+00	0.00e+00	0.00e+00	0.00e+00	0.00e+00	8.83e-01	4.90e-05	5.20e-05
 3.38658e+19	8.87e-01	1.13e-01	3.74e-05	0.00e+00	0.00e+00	0.00e+00	0.00e+00	0.00e+00	0.00e+00	8.87e-01	4.83e-05	5.13e-05
 3.42524e+19	8.90e-01	1.09e-01	3.44e-05	0.00e+00	0.00e+00	0.00e+00	0.00e+00	0.00e+00	0.00e+00	8.90e-01	4.77e-05	5.06e-05
 3.46598e+19	8.93e-01	1.07e-01	3.20e-05	0.00e+00	0.00e+00	0.00e+00	0.00e+00	0.00e+00	0.00e+00	8.93e-01	4.71e-05	5.00e-05
 3.50622e+19	8.96e-01	1.04e-01	3.02e-05	0.00e+00	0.00e+00	0.00e+00	0.00e+00	0.00e+00	0.00e+00	8.96e-01	4.67e-05	4.95e-05
 3.55224e+19	8.98e-01	1.02e-01	2.84e-05	0.00e+00	0.00e+00	0.00e+00	0.00e+00	0.00e+00	0.00e+00	8.98e-01	4.62e-05	4.90e-05
 3.61207e+19	9.01e-01	9.89e-02	2.66e-05	0.00e+00	0.00e+00	0.00e+00	0.00e+00	0.00e+00	0.00e+00	9.01e-01	4.57e-05	4.84e-05
 3.68985e+19	9.04e-01	9.59e-02	2.47e-05	0.00e+00	0.00e+00	0.00e+00	0.00e+00	0.00e+00	0.00e+00	9.04e-01	4.51e-05	4.77e-05
 3.78613e+19	9.07e-01	9.26e-02	2.29e-05	0.00e+00	0.00e+00	0.00e+00	0.00e+00	0.00e+00	0.00e+00	9.07e-01	4.44e-05	4.70e-05
 3.89569e+19	9.11e-01	8.94e-02	2.12e-05	0.00e+00	0.00e+00	0.00e+00	0.00e+00	0.00e+00	0.00e+00	9.11e-01	4.37e-05	4.63e-05
 4.01379e+19	9.14e-01	8.61e-02	1.97e-05	0.00e+00	0.00e+00	0.00e+00	0.00e+00	0.00e+00	0.00e+00	9.14e-01	4.30e-05	4.53e-05
 4.13865e+19	9.17e-01	8.30e-02	1.84e-05	0.00e+00	0.00e+00	0.00e+00	0.00e+00	0.00e+00	0.00e+00	9.17e-01	4.23e-05	4.44e-05
 4.26890e+19	9.20e-01	8.00e-02	1.72e-05	0.00e+00	0.00e+00	0.00e+00	0.00e+00	0.00e+00	0.00e+00	9.20e-01	4.16e-05	4.34e-05
 4.40393e+19	9.23e-01	7.70e-02	1.61e-05	0.00e+00	0.00e+00	0.00e+00	0.00e+00	0.00e+00	0.00e+00	9.23e-01	4.09e-05	4.25e-05
 4.54498e+19	9.26e-01	7.41e-02	1.51e-05	0.00e+00	0.00e+00	0.00e+00	0.00e+00	0.00e+00	0.00e+00	9.26e-01	4.02e-05	4.16e-05
 4.69054e+19	9.29e-01	7.14e-02	1.43e-05	0.00e+00	0.00e+00	0.00e+00	0.00e+00	0.00e+00	0.00e+00	9.29e-01	3.96e-05	4.07e-05
 4.83984e+19	9.31e-01	6.87e-02	1.35e-05	0.00e+00	0.00e+00	0.00e+00	0.00e+00	0.00e+00	0.00e+00	9.31e-01	3.90e-05	3.99e-05
 4.99423e+19	9.34e-01	6.62e-02	1.29e-05	0.00e+00	0.00e+00	0.00e+00	0.00e+00	0.00e+00	0.00e+00	9.34e-01	3.84e-05	3.91e-05
 5.15239e+19	9.36e-01	6.37e-02	1.23e-05	0.00e+00	0.00e+00	0.00e+00	0.00e+00	0.00e+00	0.00e+00	9.36e-01	3.78e-05	3.84e-05
 5.31648e+19	9.39e-01	6.14e-02	1.17e-05	0.00e+00	0.00e+00	0.00e+00	0.00e+00	0.00e+00	0.00e+00	9.39e-01	3.72e-05	3.76e-05
 5.48585e+19	9.41e-01	5.91e-02	1.13e-05	0.00e+00	0.00e+00	0.00e+00	0.00e+00	0.00e+00	0.00e+00	9.41e-01	3.67e-05	3.69e-05
 5.65868e+19	9.43e-01	5.69e-02	1.09e-05	0.00e+00	0.00e+00	0.00e+00	0.00e+00	0.00e+00	0.00e+00	9.43e-01	3.61e-05	3.63e-05
 5.83729e+19	9.45e-01	5.47e-02	1.05e-05	0.00e+00	0.00e+00	0.00e+00	0.00e+00	0.00e+00	0.00e+00	9.45e-01	3.56e-05	3.56e-05
 6.02160e+19	9.47e-01	5.26e-02	1.02e-05	0.00e+00	0.00e+00	0.00e+00	0.00e+00	0.00e+00	0.00e+00	9.47e-01	3.51e-05	3.50e-05
 6.20908e+19	9.49e-01	5.07e-02	9.91e-06	0.00e+00	0.00e+00	0.00e+00	0.00e+00	0.00e+00	0.00e+00	9.49e-01	3.46e-05	3.44e-05
 6.39494e+19	9.51e-01	4.88e-02	9.68e-06	0.00e+00	0.00e+00	0.00e+00	0.00e+00	0.00e+00	0.00e+00	9.51e-01	3.42e-05	3.38e-05
 6.57620e+19	9.53e-01	4.71e-02	9.49e-06	0.00e+00	0.00e+00	0.00e+00	0.00e+00	0.00e+00	0.00e+00	9.53e-01	3.37e-05	3.33e-05
 6.75309e+19	9.54e-01	4.55e-02	9.33e-06	0.00e+00	0.00e+00	0.00e+00	0.00e+00	0.00e+00	0.00e+00	9.54e-01	3.33e-05	3.28e-05
 6.92607e+19	9.56e-01	4.40e-02	9.19e-06	0.00e+00	0.00e+00	0.00e+00	0.00e+00	0.00e+00	0.00e+00	9.56e-01	3.29e-05	3.23e-05
 7.09424e+19	9.57e-01	4.26e-02	9.09e-06	0.00e+00	0.00e+00	0.00e+00	0.00e+00	0.00e+00	0.00e+00	9.57e-01	3.25e-05	3.19e-05
 7.25636e+19	9.59e-01	4.13e-02	9.00e-06	0.00e+00	0.00e+00	0.00e+00	0.00e+00	0.00e+00	0.00e+00	9.59e-01	3.21e-05	3.15e-05
 7.41186e+19	9.60e-01	4.01e-02	8.94e-06	0.00e+00	0.00e+00	0.00e+00	0.00e+00	0.00e+00	0.00e+00	9.60e-01	3.18e-05	3.11e-05
 7.56061e+19	9.61e-01	3.90e-02	8.88e-06	0.00e+00	0.00e+00	0.00e+00	0.00e+00	0.00e+00	0.00e+00	9.61e-01	3.14e-05	3.07e-05
 7.70238e+19	9.62e-01	3.79e-02	8.85e-06	0.00e+00	0.00e+00	0.00e+00	0.00e+00	0.00e+00	0.00e+00	9.62e-01	3.11e-05	3.04e-05
