#depth	He	He+	He+2
 3.80486e+16	2.51e-05	3.55e-02	9.65e-01
 2.28292e+17	2.51e-05	3.55e-02	9.65e-01
 9.89265e+17	2.50e-05	3.55e-02	9.64e-01
 4.03316e+18	2.47e-05	3.60e-02	9.64e-01
 9.63392e+18	2.36e-05	3.57e-02	9.64e-01
 1.69149e+19	2.37e-05	3.64e-02	9.64e-01
 2.63802e+19	2.48e-05	3.82e-02	9.62e-01
 3.86851e+19	2.74e-05	4.19e-02	9.58e-01
 5.17927e+19	3.08e-05	4.69e-02	9.53e-01
 6.30671e+19	3.51e-05	5.29e-02	9.47e-01
 7.27906e+19	4.02e-05	5.99e-02	9.40e-01
 8.16831e+19	4.64e-05	6.82e-02	9.32e-01
 8.98904e+19	5.36e-05	7.78e-02	9.22e-01
 9.73996e+19	6.21e-05	8.88e-02	9.11e-01
 1.04354e+20	7.19e-05	1.01e-01	8.99e-01
 1.10911e+20	8.33e-05	1.16e-01	8.84e-01
 1.17216e+20	9.66e-05	1.33e-01	8.67e-01
 1.23018e+20	1.13e-04	1.51e-01	8.48e-01
 1.27565e+20	1.26e-04	1.68e-01	8.31e-01
 1.31833e+20	1.42e-04	1.87e-01	8.13e-01
 1.36447e+20	1.62e-04	2.09e-01	7.91e-01
 1.40527e+20	1.82e-04	2.31e-01	7.69e-01
 1.44144e+20	2.02e-04	2.53e-01	7.47e-01
 1.48146e+20	2.29e-04	2.79e-01	7.21e-01
 1.52202e+20	2.57e-04	3.07e-01	6.93e-01
 1.55569e+20	2.83e-04	3.32e-01	6.68e-01
 1.59189e+20	3.16e-04	3.61e-01	6.39e-01
 1.63061e+20	3.52e-04	3.92e-01	6.07e-01
 1.66307e+20	3.84e-04	4.19e-01	5.81e-01
 1.69120e+20	4.14e-04	4.43e-01	5.57e-01
 1.72327e+20	4.55e-04	4.71e-01	5.28e-01
 1.75655e+20	4.93e-04	4.99e-01	5.01e-01
 1.78631e+20	5.34e-04	5.24e-01	4.75e-01
 1.81498e+20	5.73e-04	5.48e-01	4.52e-01
 1.84733e+20	6.22e-04	5.75e-01	4.25e-01
 1.88244e+20	6.75e-04	6.02e-01	3.97e-01
 1.91494e+20	7.24e-04	6.26e-01	3.73e-01
 1.95097e+20	7.89e-04	6.52e-01	3.47e-01
 1.99007e+20	8.57e-04	6.78e-01	3.21e-01
 2.02719e+20	9.26e-04	7.01e-01	2.98e-01
 2.06945e+20	1.01e-03	7.26e-01	2.73e-01
 2.11490e+20	1.11e-03	7.50e-01	2.49e-01
 2.14769e+20	1.18e-03	7.64e-01	2.35e-01
 2.16792e+20	1.22e-03	7.73e-01	2.26e-01
 2.18866e+20	1.28e-03	7.82e-01	2.17e-01
 2.21561e+20	1.35e-03	7.94e-01	2.05e-01
 2.24453e+20	1.42e-03	8.04e-01	1.94e-01
 2.27058e+20	1.50e-03	8.14e-01	1.85e-01
 2.29467e+20	1.57e-03	8.22e-01	1.77e-01
 2.31778e+20	1.65e-03	8.29e-01	1.69e-01
 2.34394e+20	1.74e-03	8.37e-01	1.61e-01
 2.37145e+20	1.84e-03	8.45e-01	1.54e-01
 2.39572e+20	1.94e-03	8.51e-01	1.47e-01
 2.41849e+20	2.04e-03	8.57e-01	1.41e-01
 2.44431e+20	2.17e-03	8.63e-01	1.35e-01
 2.47161e+20	2.30e-03	8.69e-01	1.29e-01
 2.49485e+20	2.44e-03	8.74e-01	1.24e-01
 2.51519e+20	2.56e-03	8.78e-01	1.20e-01
 2.53775e+20	2.72e-03	8.82e-01	1.15e-01
 2.56260e+20	2.90e-03	8.87e-01	1.11e-01
 2.58510e+20	3.09e-03	8.90e-01	1.07e-01
 2.60526e+20	3.27e-03	8.93e-01	1.03e-01
 2.62773e+20	3.51e-03	8.97e-01	9.95e-02
 2.65181e+20	3.78e-03	9.00e-01	9.59e-02
 2.67256e+20	4.05e-03	9.03e-01	9.29e-02
 2.69065e+20	4.32e-03	9.05e-01	9.04e-02
 2.71072e+20	4.66e-03	9.08e-01	8.74e-02
 2.73203e+20	5.06e-03	9.10e-01	8.47e-02
 2.75018e+20	5.45e-03	9.12e-01	8.24e-02
 2.76595e+20	5.84e-03	9.14e-01	8.05e-02
 2.78340e+20	6.35e-03	9.15e-01	7.82e-02
 2.80159e+20	6.94e-03	9.17e-01	7.62e-02
 2.81677e+20	7.50e-03	9.18e-01	7.46e-02
 2.83028e+20	8.10e-03	9.19e-01	7.30e-02
 2.84559e+20	8.88e-03	9.20e-01	7.12e-02
 2.86168e+20	9.81e-03	9.21e-01	6.95e-02
 2.87513e+20	1.07e-02	9.21e-01	6.83e-02
 2.88696e+20	1.17e-02	9.21e-01	6.70e-02
 2.90034e+20	1.29e-02	9.21e-01	6.57e-02
 2.91462e+20	1.45e-02	9.21e-01	6.44e-02
 2.92636e+20	1.60e-02	9.21e-01	6.34e-02
 2.93590e+20	1.75e-02	9.20e-01	6.25e-02
 2.94629e+20	1.94e-02	9.19e-01	6.16e-02
 2.95771e+20	2.19e-02	9.17e-01	6.06e-02
 2.96794e+20	2.46e-02	9.16e-01	5.98e-02
 2.97690e+20	2.73e-02	9.13e-01	5.94e-02
 2.98675e+20	3.10e-02	9.10e-01	5.87e-02
 2.99773e+20	3.60e-02	9.06e-01	5.82e-02
 3.00809e+20	4.20e-02	9.00e-01	5.78e-02
 3.01776e+20	4.89e-02	8.93e-01	5.76e-02
 3.02709e+20	5.73e-02	8.85e-01	5.77e-02
 3.03510e+20	6.61e-02	8.76e-01	5.78e-02
 3.04133e+20	7.42e-02	8.68e-01	5.81e-02
 3.04751e+20	8.38e-02	8.58e-01	5.85e-02
 3.05419e+20	9.59e-02	8.45e-01	5.91e-02
 3.06048e+20	1.09e-01	8.31e-01	5.98e-02
 3.06603e+20	1.23e-01	8.17e-01	6.03e-02
 3.07093e+20	1.37e-01	8.02e-01	6.10e-02
 3.07548e+20	1.51e-01	7.87e-01	6.15e-02
 3.07985e+20	1.67e-01	7.71e-01	6.20e-02
 3.08411e+20	1.83e-01	7.54e-01	6.25e-02
 3.08820e+20	2.00e-01	7.37e-01	6.28e-02
 3.09143e+20	2.15e-01	7.22e-01	6.30e-02
 3.09371e+20	2.25e-01	7.11e-01	6.31e-02
 3.09597e+20	2.37e-01	7.00e-01	6.32e-02
 3.09865e+20	2.51e-01	6.86e-01	6.31e-02
 3.10156e+20	2.67e-01	6.70e-01	6.30e-02
 3.10446e+20	2.83e-01	6.54e-01	6.28e-02
 3.10744e+20	3.01e-01	6.37e-01	6.24e-02
 3.11058e+20	3.19e-01	6.19e-01	6.21e-02
 3.11396e+20	3.40e-01	5.99e-01	6.13e-02
 3.11757e+20	3.61e-01	5.78e-01	6.05e-02
 3.12146e+20	3.84e-01	5.56e-01	5.96e-02
 3.12586e+20	4.09e-01	5.33e-01	5.84e-02
 3.13094e+20	4.35e-01	5.08e-01	5.68e-02
 3.13661e+20	4.60e-01	4.85e-01	5.52e-02
 3.14238e+20	4.81e-01	4.65e-01	5.37e-02
 3.14798e+20	4.97e-01	4.50e-01	5.24e-02
 3.15345e+20	5.11e-01	4.38e-01	5.12e-02
 3.15883e+20	5.20e-01	4.30e-01	5.03e-02
 3.16413e+20	5.28e-01	4.23e-01	4.95e-02
 3.17020e+20	5.36e-01	4.16e-01	4.85e-02
 3.17809e+20	5.41e-01	4.11e-01	4.79e-02
 3.18834e+20	5.47e-01	4.06e-01	4.70e-02
 3.20167e+20	5.53e-01	4.01e-01	4.58e-02
 3.21901e+20	5.59e-01	3.97e-01	4.46e-02
 3.24154e+20	5.65e-01	3.92e-01	4.31e-02
 3.27082e+20	5.73e-01	3.86e-01	4.13e-02
 3.30890e+20	5.83e-01	3.78e-01	3.91e-02
 3.35840e+20	5.95e-01	3.68e-01	3.65e-02
 3.42274e+20	6.10e-01	3.56e-01	3.35e-02
 3.50605e+20	6.28e-01	3.42e-01	3.00e-02
 3.60287e+20	6.47e-01	3.26e-01	2.67e-02
 3.70205e+20	6.65e-01	3.11e-01	2.38e-02
 3.80189e+20	6.81e-01	2.97e-01	2.13e-02
 3.90535e+20	6.97e-01	2.84e-01	1.91e-02
 4.01474e+20	7.12e-01	2.71e-01	1.71e-02
 4.13024e+20	7.27e-01	2.58e-01	1.52e-02
 4.25057e+20	7.41e-01	2.46e-01	1.36e-02
 4.37507e+20	7.54e-01	2.34e-01	1.22e-02
 4.50415e+20	7.66e-01	2.23e-01	1.09e-02
 4.63893e+20	7.78e-01	2.12e-01	9.79e-03
 4.77955e+20	7.89e-01	2.02e-01	8.77e-03
 4.92558e+20	8.00e-01	1.92e-01	7.86e-03
 5.07712e+20	8.10e-01	1.83e-01	7.05e-03
 5.23456e+20	8.20e-01	1.74e-01	6.33e-03
 5.39810e+20	8.29e-01	1.65e-01	5.68e-03
 5.56796e+20	8.38e-01	1.57e-01	5.10e-03
 5.74424e+20	8.46e-01	1.49e-01	4.59e-03
 5.92708e+20	8.54e-01	1.42e-01	4.12e-03
 6.11666e+20	8.61e-01	1.35e-01	3.71e-03
 6.31290e+20	8.68e-01	1.28e-01	3.34e-03
 6.51618e+20	8.75e-01	1.22e-01	3.01e-03
 6.72629e+20	8.81e-01	1.16e-01	2.71e-03
 6.94524e+20	8.87e-01	1.10e-01	2.45e-03
 7.17194e+20	8.93e-01	1.05e-01	2.21e-03
 7.40426e+20	8.98e-01	9.99e-02	2.00e-03
 7.64467e+20	9.03e-01	9.51e-02	1.80e-03
 7.89358e+20	9.08e-01	9.05e-02	1.63e-03
 8.14984e+20	9.12e-01	8.61e-02	1.47e-03
 8.41554e+20	9.17e-01	8.20e-02	1.33e-03
 8.68966e+20	9.21e-01	7.81e-02	1.21e-03
 8.96630e+20	9.24e-01	7.45e-02	1.10e-03
 9.24974e+20	9.28e-01	7.10e-02	9.97e-04
 9.54452e+20	9.31e-01	6.77e-02	9.05e-04
 9.84672e+20	9.35e-01	6.45e-02	8.23e-04
 1.01541e+21	9.38e-01	6.16e-02	7.49e-04
 1.04672e+21	9.41e-01	5.88e-02	6.82e-04
 1.07870e+21	9.43e-01	5.62e-02	6.21e-04
 1.11131e+21	9.46e-01	5.37e-02	5.67e-04
 1.14434e+21	9.48e-01	5.13e-02	5.18e-04
 1.17737e+21	9.50e-01	4.91e-02	4.73e-04
 1.21013e+21	9.52e-01	4.71e-02	4.34e-04
 1.24379e+21	9.54e-01	4.51e-02	3.98e-04
 1.27922e+21	9.56e-01	4.32e-02	3.64e-04
 1.31461e+21	9.58e-01	4.14e-02	3.33e-04
 1.34849e+21	9.60e-01	3.98e-02	3.07e-04
 1.38320e+21	9.62e-01	3.82e-02	2.83e-04
 1.42062e+21	9.63e-01	3.65e-02	2.59e-04
 1.45852e+21	9.65e-01	3.50e-02	2.37e-04
 1.49502e+21	9.66e-01	3.36e-02	2.18e-04
 1.53101e+21	9.67e-01	3.23e-02	2.01e-04
 1.56711e+21	9.69e-01	3.11e-02	1.86e-04
 1.60234e+21	9.70e-01	3.00e-02	1.72e-04
 1.63605e+21	9.71e-01	2.89e-02	1.60e-04
 1.66846e+21	9.72e-01	2.80e-02	1.50e-04
 1.69978e+21	9.73e-01	2.71e-02	1.40e-04
 1.72975e+21	9.74e-01	2.63e-02	1.32e-04
 1.75807e+21	9.74e-01	2.56e-02	1.24e-04
 1.78461e+21	9.75e-01	2.50e-02	1.18e-04
 1.80930e+21	9.75e-01	2.45e-02	1.14e-04
 1.83083e+21	9.76e-01	2.42e-02	1.11e-04
