#depth	O	O+	O+2	O+3	O+4	O+5	O+6	O+7	O+8	O[1]	O[2]	O[3]
 6.09695e+14	6.91e-02	8.63e-01	6.74e-02	2.14e-04	8.26e-07	0.00e+00	0.00e+00	0.00e+00	0.00e+00	6.90e-02	1.54e-05	1.73e-05
 3.65817e+15	6.86e-02	8.63e-01	6.78e-02	2.16e-04	8.37e-07	0.00e+00	0.00e+00	0.00e+00	0.00e+00	6.86e-02	1.53e-05	1.72e-05
 1.58521e+16	6.83e-02	8.63e-01	6.84e-02	2.18e-04	8.44e-07	0.00e+00	0.00e+00	0.00e+00	0.00e+00	6.82e-02	1.53e-05	1.71e-05
 6.46276e+16	6.77e-02	8.62e-01	6.96e-02	2.20e-04	8.53e-07	0.00e+00	0.00e+00	0.00e+00	0.00e+00	6.77e-02	1.51e-05	1.70e-05
 1.54375e+17	6.37e-02	8.61e-01	7.55e-02	2.45e-04	9.46e-07	0.00e+00	0.00e+00	0.00e+00	0.00e+00	6.37e-02	1.43e-05	1.60e-05
 2.71046e+17	6.20e-02	8.60e-01	7.81e-02	2.52e-04	9.71e-07	0.00e+00	0.00e+00	0.00e+00	0.00e+00	6.20e-02	1.39e-05	1.56e-05
 4.22718e+17	6.19e-02	8.59e-01	7.85e-02	2.44e-04	9.41e-07	0.00e+00	0.00e+00	0.00e+00	0.00e+00	6.19e-02	1.39e-05	1.56e-05
 6.19893e+17	6.38e-02	8.60e-01	7.61e-02	2.19e-04	8.54e-07	0.00e+00	0.00e+00	0.00e+00	0.00e+00	6.38e-02	1.43e-05	1.61e-05
 8.61766e+17	6.80e-02	8.61e-01	7.11e-02	1.82e-04	7.24e-07	0.00e+00	0.00e+00	0.00e+00	0.00e+00	6.80e-02	1.52e-05	1.71e-05
 1.12040e+18	7.46e-02	8.61e-01	6.40e-02	1.42e-04	5.82e-07	0.00e+00	0.00e+00	0.00e+00	0.00e+00	7.46e-02	1.66e-05	1.86e-05
 1.40131e+18	8.57e-02	8.60e-01	5.43e-02	9.99e-05	4.28e-07	0.00e+00	0.00e+00	0.00e+00	0.00e+00	8.56e-02	1.89e-05	2.12e-05
 1.71790e+18	1.03e-01	8.54e-01	4.33e-02	6.26e-05	2.88e-07	0.00e+00	0.00e+00	0.00e+00	0.00e+00	1.03e-01	2.24e-05	2.51e-05
 2.01202e+18	1.25e-01	8.41e-01	3.37e-02	3.81e-05	1.91e-07	0.00e+00	0.00e+00	0.00e+00	0.00e+00	1.25e-01	2.67e-05	2.99e-05
 2.26387e+18	1.51e-01	8.23e-01	2.61e-02	2.33e-05	1.28e-07	0.00e+00	0.00e+00	0.00e+00	0.00e+00	1.51e-01	3.15e-05	3.53e-05
 2.50294e+18	1.82e-01	7.98e-01	1.98e-02	1.40e-05	0.00e+00	0.00e+00	0.00e+00	0.00e+00	0.00e+00	1.82e-01	3.71e-05	4.15e-05
 2.72795e+18	2.17e-01	7.68e-01	1.51e-02	8.54e-06	0.00e+00	0.00e+00	0.00e+00	0.00e+00	0.00e+00	2.17e-01	4.28e-05	4.79e-05
 2.93624e+18	2.56e-01	7.32e-01	1.14e-02	5.29e-06	0.00e+00	0.00e+00	0.00e+00	0.00e+00	0.00e+00	2.56e-01	4.87e-05	5.45e-05
 3.12798e+18	2.96e-01	6.95e-01	8.78e-03	3.39e-06	0.00e+00	0.00e+00	0.00e+00	0.00e+00	0.00e+00	2.96e-01	5.41e-05	6.05e-05
 3.30073e+18	3.35e-01	6.58e-01	6.88e-03	2.27e-06	0.00e+00	0.00e+00	0.00e+00	0.00e+00	0.00e+00	3.35e-01	5.87e-05	6.56e-05
 3.45383e+18	3.72e-01	6.23e-01	5.53e-03	1.61e-06	0.00e+00	0.00e+00	0.00e+00	0.00e+00	0.00e+00	3.71e-01	6.24e-05	6.98e-05
 3.58979e+18	4.04e-01	5.91e-01	4.55e-03	1.19e-06	0.00e+00	0.00e+00	0.00e+00	0.00e+00	0.00e+00	4.04e-01	6.53e-05	7.30e-05
 3.71503e+18	4.34e-01	5.62e-01	3.80e-03	9.11e-07	0.00e+00	0.00e+00	0.00e+00	0.00e+00	0.00e+00	4.34e-01	6.75e-05	7.55e-05
 3.83402e+18	4.62e-01	5.35e-01	3.21e-03	7.12e-07	0.00e+00	0.00e+00	0.00e+00	0.00e+00	0.00e+00	4.62e-01	6.92e-05	7.74e-05
 3.94915e+18	4.89e-01	5.09e-01	2.72e-03	5.65e-07	0.00e+00	0.00e+00	0.00e+00	0.00e+00	0.00e+00	4.88e-01	7.06e-05	7.89e-05
 4.06274e+18	5.13e-01	4.84e-01	2.32e-03	4.54e-07	0.00e+00	0.00e+00	0.00e+00	0.00e+00	0.00e+00	5.13e-01	7.15e-05	7.99e-05
 4.17277e+18	5.37e-01	4.61e-01	1.99e-03	3.70e-07	0.00e+00	0.00e+00	0.00e+00	0.00e+00	0.00e+00	5.37e-01	7.22e-05	8.06e-05
 4.28079e+18	5.59e-01	4.39e-01	1.72e-03	3.06e-07	0.00e+00	0.00e+00	0.00e+00	0.00e+00	0.00e+00	5.59e-01	7.25e-05	8.10e-05
 4.38848e+18	5.80e-01	4.19e-01	1.48e-03	2.55e-07	0.00e+00	0.00e+00	0.00e+00	0.00e+00	0.00e+00	5.80e-01	7.26e-05	8.11e-05
 4.47387e+18	5.95e-01	4.04e-01	1.33e-03	2.23e-07	0.00e+00	0.00e+00	0.00e+00	0.00e+00	0.00e+00	5.95e-01	7.26e-05	8.10e-05
 4.53371e+18	6.05e-01	3.94e-01	1.23e-03	2.03e-07	0.00e+00	0.00e+00	0.00e+00	0.00e+00	0.00e+00	6.05e-01	7.25e-05	8.09e-05
 4.59348e+18	6.16e-01	3.83e-01	1.14e-03	1.85e-07	0.00e+00	0.00e+00	0.00e+00	0.00e+00	0.00e+00	6.16e-01	7.24e-05	8.07e-05
 4.66351e+18	6.28e-01	3.71e-01	1.03e-03	1.66e-07	0.00e+00	0.00e+00	0.00e+00	0.00e+00	0.00e+00	6.28e-01	7.22e-05	8.05e-05
 4.73903e+18	6.40e-01	3.59e-01	9.37e-04	1.48e-07	0.00e+00	0.00e+00	0.00e+00	0.00e+00	0.00e+00	6.40e-01	7.18e-05	8.01e-05
 4.81475e+18	6.51e-01	3.48e-01	8.51e-04	1.34e-07	0.00e+00	0.00e+00	0.00e+00	0.00e+00	0.00e+00	6.51e-01	7.15e-05	7.97e-05
 4.89180e+18	6.63e-01	3.37e-01	7.70e-04	0.00e+00	0.00e+00	0.00e+00	0.00e+00	0.00e+00	0.00e+00	6.63e-01	7.11e-05	7.92e-05
 4.97056e+18	6.73e-01	3.26e-01	6.98e-04	0.00e+00	0.00e+00	0.00e+00	0.00e+00	0.00e+00	0.00e+00	6.73e-01	7.06e-05	7.86e-05
 5.05186e+18	6.85e-01	3.15e-01	6.30e-04	0.00e+00	0.00e+00	0.00e+00	0.00e+00	0.00e+00	0.00e+00	6.85e-01	7.01e-05	7.80e-05
 5.13539e+18	6.95e-01	3.04e-01	5.68e-04	0.00e+00	0.00e+00	0.00e+00	0.00e+00	0.00e+00	0.00e+00	6.95e-01	6.95e-05	7.74e-05
 5.22106e+18	7.06e-01	2.94e-01	5.11e-04	0.00e+00	0.00e+00	0.00e+00	0.00e+00	0.00e+00	0.00e+00	7.06e-01	6.89e-05	7.66e-05
 5.30953e+18	7.16e-01	2.84e-01	4.59e-04	0.00e+00	0.00e+00	0.00e+00	0.00e+00	0.00e+00	0.00e+00	7.16e-01	6.82e-05	7.59e-05
 5.40093e+18	7.26e-01	2.73e-01	4.11e-04	0.00e+00	0.00e+00	0.00e+00	0.00e+00	0.00e+00	0.00e+00	7.26e-01	6.75e-05	7.51e-05
 5.49529e+18	7.36e-01	2.63e-01	3.67e-04	0.00e+00	0.00e+00	0.00e+00	0.00e+00	0.00e+00	0.00e+00	7.36e-01	6.67e-05	7.42e-05
 5.59062e+18	7.46e-01	2.54e-01	3.28e-04	0.00e+00	0.00e+00	0.00e+00	0.00e+00	0.00e+00	0.00e+00	7.46e-01	6.59e-05	7.33e-05
 5.68813e+18	7.55e-01	2.45e-01	2.93e-04	0.00e+00	0.00e+00	0.00e+00	0.00e+00	0.00e+00	0.00e+00	7.55e-01	6.52e-05	7.24e-05
 5.78994e+18	7.64e-01	2.35e-01	2.60e-04	0.00e+00	0.00e+00	0.00e+00	0.00e+00	0.00e+00	0.00e+00	7.64e-01	6.43e-05	7.14e-05
 5.89416e+18	7.73e-01	2.27e-01	2.31e-04	0.00e+00	0.00e+00	0.00e+00	0.00e+00	0.00e+00	0.00e+00	7.73e-01	6.35e-05	7.04e-05
 6.00078e+18	7.82e-01	2.18e-01	2.05e-04	0.00e+00	0.00e+00	0.00e+00	0.00e+00	0.00e+00	0.00e+00	7.82e-01	6.25e-05	6.94e-05
 6.11017e+18	7.90e-01	2.10e-01	1.82e-04	0.00e+00	0.00e+00	0.00e+00	0.00e+00	0.00e+00	0.00e+00	7.90e-01	6.16e-05	6.84e-05
 6.22229e+18	7.98e-01	2.01e-01	1.60e-04	0.00e+00	0.00e+00	0.00e+00	0.00e+00	0.00e+00	0.00e+00	7.98e-01	6.07e-05	6.73e-05
 6.33783e+18	8.06e-01	1.94e-01	1.42e-04	0.00e+00	0.00e+00	0.00e+00	0.00e+00	0.00e+00	0.00e+00	8.06e-01	5.97e-05	6.62e-05
 6.45711e+18	8.14e-01	1.86e-01	1.25e-04	0.00e+00	0.00e+00	0.00e+00	0.00e+00	0.00e+00	0.00e+00	8.14e-01	5.87e-05	6.51e-05
 6.57901e+18	8.22e-01	1.78e-01	1.10e-04	0.00e+00	0.00e+00	0.00e+00	0.00e+00	0.00e+00	0.00e+00	8.21e-01	5.78e-05	6.40e-05
 6.70372e+18	8.29e-01	1.71e-01	9.69e-05	0.00e+00	0.00e+00	0.00e+00	0.00e+00	0.00e+00	0.00e+00	8.29e-01	5.68e-05	6.29e-05
 6.83322e+18	8.36e-01	1.64e-01	8.52e-05	0.00e+00	0.00e+00	0.00e+00	0.00e+00	0.00e+00	0.00e+00	8.35e-01	5.59e-05	6.18e-05
 6.96634e+18	8.42e-01	1.58e-01	7.48e-05	0.00e+00	0.00e+00	0.00e+00	0.00e+00	0.00e+00	0.00e+00	8.42e-01	5.49e-05	6.07e-05
 7.10240e+18	8.49e-01	1.51e-01	6.58e-05	0.00e+00	0.00e+00	0.00e+00	0.00e+00	0.00e+00	0.00e+00	8.49e-01	5.40e-05	5.97e-05
 7.24115e+18	8.55e-01	1.45e-01	5.80e-05	0.00e+00	0.00e+00	0.00e+00	0.00e+00	0.00e+00	0.00e+00	8.55e-01	5.31e-05	5.87e-05
 7.38321e+18	8.60e-01	1.39e-01	5.12e-05	0.00e+00	0.00e+00	0.00e+00	0.00e+00	0.00e+00	0.00e+00	8.60e-01	5.22e-05	5.77e-05
 7.52871e+18	8.66e-01	1.34e-01	4.51e-05	0.00e+00	0.00e+00	0.00e+00	0.00e+00	0.00e+00	0.00e+00	8.66e-01	5.14e-05	5.67e-05
 7.67881e+18	8.71e-01	1.29e-01	3.99e-05	0.00e+00	0.00e+00	0.00e+00	0.00e+00	0.00e+00	0.00e+00	8.71e-01	5.06e-05	5.58e-05
 7.83355e+18	8.76e-01	1.24e-01	3.53e-05	0.00e+00	0.00e+00	0.00e+00	0.00e+00	0.00e+00	0.00e+00	8.76e-01	4.97e-05	5.48e-05
 7.99339e+18	8.81e-01	1.19e-01	3.13e-05	0.00e+00	0.00e+00	0.00e+00	0.00e+00	0.00e+00	0.00e+00	8.81e-01	4.90e-05	5.40e-05
 8.15972e+18	8.85e-01	1.15e-01	2.78e-05	0.00e+00	0.00e+00	0.00e+00	0.00e+00	0.00e+00	0.00e+00	8.85e-01	4.82e-05	5.31e-05
 8.33159e+18	8.90e-01	1.10e-01	2.48e-05	0.00e+00	0.00e+00	0.00e+00	0.00e+00	0.00e+00	0.00e+00	8.89e-01	4.75e-05	5.23e-05
 8.51024e+18	8.94e-01	1.06e-01	2.21e-05	0.00e+00	0.00e+00	0.00e+00	0.00e+00	0.00e+00	0.00e+00	8.94e-01	4.68e-05	5.15e-05
 8.69930e+18	8.98e-01	1.02e-01	1.97e-05	0.00e+00	0.00e+00	0.00e+00	0.00e+00	0.00e+00	0.00e+00	8.97e-01	4.62e-05	5.08e-05
 8.89964e+18	9.01e-01	9.88e-02	1.76e-05	0.00e+00	0.00e+00	0.00e+00	0.00e+00	0.00e+00	0.00e+00	9.01e-01	4.55e-05	5.00e-05
 9.11014e+18	9.05e-01	9.54e-02	1.58e-05	0.00e+00	0.00e+00	0.00e+00	0.00e+00	0.00e+00	0.00e+00	9.04e-01	4.49e-05	4.93e-05
 9.33312e+18	9.08e-01	9.21e-02	1.41e-05	0.00e+00	0.00e+00	0.00e+00	0.00e+00	0.00e+00	0.00e+00	9.08e-01	4.43e-05	4.86e-05
 9.57330e+18	9.11e-01	8.90e-02	1.27e-05	0.00e+00	0.00e+00	0.00e+00	0.00e+00	0.00e+00	0.00e+00	9.11e-01	4.37e-05	4.80e-05
 9.83190e+18	9.14e-01	8.59e-02	1.14e-05	0.00e+00	0.00e+00	0.00e+00	0.00e+00	0.00e+00	0.00e+00	9.14e-01	4.32e-05	4.74e-05
 1.01108e+19	9.17e-01	8.31e-02	1.03e-05	0.00e+00	0.00e+00	0.00e+00	0.00e+00	0.00e+00	0.00e+00	9.17e-01	4.26e-05	4.68e-05
 1.04124e+19	9.20e-01	8.04e-02	9.26e-06	0.00e+00	0.00e+00	0.00e+00	0.00e+00	0.00e+00	0.00e+00	9.20e-01	4.21e-05	4.62e-05
 1.07415e+19	9.22e-01	7.78e-02	8.35e-06	0.00e+00	0.00e+00	0.00e+00	0.00e+00	0.00e+00	0.00e+00	9.22e-01	4.16e-05	4.56e-05
 1.11021e+19	9.25e-01	7.52e-02	7.54e-06	0.00e+00	0.00e+00	0.00e+00	0.00e+00	0.00e+00	0.00e+00	9.25e-01	4.11e-05	4.50e-05
 1.14976e+19	9.27e-01	7.28e-02	6.81e-06	0.00e+00	0.00e+00	0.00e+00	0.00e+00	0.00e+00	0.00e+00	9.27e-01	4.07e-05	4.45e-05
 1.19312e+19	9.30e-01	7.05e-02	6.15e-06	0.00e+00	0.00e+00	0.00e+00	0.00e+00	0.00e+00	0.00e+00	9.29e-01	4.02e-05	4.40e-05
 1.24047e+19	9.32e-01	6.82e-02	5.56e-06	0.00e+00	0.00e+00	0.00e+00	0.00e+00	0.00e+00	0.00e+00	9.32e-01	3.98e-05	4.35e-05
 1.29207e+19	9.34e-01	6.60e-02	5.03e-06	0.00e+00	0.00e+00	0.00e+00	0.00e+00	0.00e+00	0.00e+00	9.34e-01	3.93e-05	4.30e-05
 1.34804e+19	9.36e-01	6.39e-02	4.55e-06	0.00e+00	0.00e+00	0.00e+00	0.00e+00	0.00e+00	0.00e+00	9.36e-01	3.89e-05	4.25e-05
 1.40851e+19	9.38e-01	6.18e-02	4.12e-06	0.00e+00	0.00e+00	0.00e+00	0.00e+00	0.00e+00	0.00e+00	9.38e-01	3.85e-05	4.20e-05
 1.47348e+19	9.40e-01	5.97e-02	3.73e-06	0.00e+00	0.00e+00	0.00e+00	0.00e+00	0.00e+00	0.00e+00	9.40e-01	3.81e-05	4.15e-05
 1.54290e+19	9.42e-01	5.78e-02	3.38e-06	0.00e+00	0.00e+00	0.00e+00	0.00e+00	0.00e+00	0.00e+00	9.42e-01	3.77e-05	4.11e-05
 1.61669e+19	9.44e-01	5.58e-02	3.07e-06	0.00e+00	0.00e+00	0.00e+00	0.00e+00	0.00e+00	0.00e+00	9.44e-01	3.73e-05	4.06e-05
 1.69483e+19	9.46e-01	5.40e-02	2.80e-06	0.00e+00	0.00e+00	0.00e+00	0.00e+00	0.00e+00	0.00e+00	9.46e-01	3.69e-05	4.02e-05
 1.77735e+19	9.48e-01	5.22e-02	2.55e-06	0.00e+00	0.00e+00	0.00e+00	0.00e+00	0.00e+00	0.00e+00	9.48e-01	3.65e-05	3.97e-05
 1.86432e+19	9.50e-01	5.04e-02	2.33e-06	0.00e+00	0.00e+00	0.00e+00	0.00e+00	0.00e+00	0.00e+00	9.50e-01	3.61e-05	3.93e-05
 1.95580e+19	9.51e-01	4.87e-02	2.14e-06	0.00e+00	0.00e+00	0.00e+00	0.00e+00	0.00e+00	0.00e+00	9.51e-01	3.58e-05	3.89e-05
 2.05196e+19	9.53e-01	4.70e-02	1.96e-06	0.00e+00	0.00e+00	0.00e+00	0.00e+00	0.00e+00	0.00e+00	9.53e-01	3.54e-05	3.85e-05
 2.15281e+19	9.55e-01	4.54e-02	1.81e-06	0.00e+00	0.00e+00	0.00e+00	0.00e+00	0.00e+00	0.00e+00	9.54e-01	3.51e-05	3.81e-05
 2.25845e+19	9.56e-01	4.39e-02	1.67e-06	0.00e+00	0.00e+00	0.00e+00	0.00e+00	0.00e+00	0.00e+00	9.56e-01	3.48e-05	3.78e-05
 2.36937e+19	9.58e-01	4.24e-02	1.55e-06	0.00e+00	0.00e+00	0.00e+00	0.00e+00	0.00e+00	0.00e+00	9.58e-01	3.45e-05	3.74e-05
 2.48552e+19	9.59e-01	4.09e-02	1.44e-06	0.00e+00	0.00e+00	0.00e+00	0.00e+00	0.00e+00	0.00e+00	9.59e-01	3.42e-05	3.71e-05
 2.60692e+19	9.60e-01	3.95e-02	1.34e-06	0.00e+00	0.00e+00	0.00e+00	0.00e+00	0.00e+00	0.00e+00	9.60e-01	3.39e-05	3.67e-05
 2.73407e+19	9.62e-01	3.82e-02	1.26e-06	0.00e+00	0.00e+00	0.00e+00	0.00e+00	0.00e+00	0.00e+00	9.62e-01	3.36e-05	3.64e-05
 2.86730e+19	9.63e-01	3.68e-02	1.18e-06	0.00e+00	0.00e+00	0.00e+00	0.00e+00	0.00e+00	0.00e+00	9.63e-01	3.33e-05	3.61e-05
 3.00684e+19	9.64e-01	3.56e-02	1.11e-06	0.00e+00	0.00e+00	0.00e+00	0.00e+00	0.00e+00	0.00e+00	9.64e-01	3.30e-05	3.58e-05
 3.15294e+19	9.66e-01	3.43e-02	1.05e-06	0.00e+00	0.00e+00	0.00e+00	0.00e+00	0.00e+00	0.00e+00	9.66e-01	3.28e-05	3.55e-05
 3.30599e+19	9.67e-01	3.31e-02	1.00e-06	0.00e+00	0.00e+00	0.00e+00	0.00e+00	0.00e+00	0.00e+00	9.67e-01	3.25e-05	3.52e-05
 3.46641e+19	9.68e-01	3.20e-02	9.52e-07	0.00e+00	0.00e+00	0.00e+00	0.00e+00	0.00e+00	0.00e+00	9.68e-01	3.23e-05	3.49e-05
 3.63476e+19	9.69e-01	3.09e-02	9.09e-07	0.00e+00	0.00e+00	0.00e+00	0.00e+00	0.00e+00	0.00e+00	9.69e-01	3.20e-05	3.46e-05
 3.81137e+19	9.70e-01	2.98e-02	8.71e-07	0.00e+00	0.00e+00	0.00e+00	0.00e+00	0.00e+00	0.00e+00	9.70e-01	3.18e-05	3.44e-05
 3.99650e+19	9.71e-01	2.88e-02	8.37e-07	0.00e+00	0.00e+00	0.00e+00	0.00e+00	0.00e+00	0.00e+00	9.71e-01	3.16e-05	3.41e-05
 4.19071e+19	9.72e-01	2.78e-02	8.07e-07	0.00e+00	0.00e+00	0.00e+00	0.00e+00	0.00e+00	0.00e+00	9.72e-01	3.14e-05	3.38e-05
 4.39517e+19	9.73e-01	2.68e-02	7.80e-07	0.00e+00	0.00e+00	0.00e+00	0.00e+00	0.00e+00	0.00e+00	9.73e-01	3.12e-05	3.36e-05
 4.61032e+19	9.74e-01	2.59e-02	7.56e-07	0.00e+00	0.00e+00	0.00e+00	0.00e+00	0.00e+00	0.00e+00	9.74e-01	3.10e-05	3.34e-05
 4.83671e+19	9.75e-01	2.50e-02	7.34e-07	0.00e+00	0.00e+00	0.00e+00	0.00e+00	0.00e+00	0.00e+00	9.75e-01	3.08e-05	3.32e-05
 5.07487e+19	9.76e-01	2.41e-02	7.16e-07	0.00e+00	0.00e+00	0.00e+00	0.00e+00	0.00e+00	0.00e+00	9.76e-01	3.06e-05	3.29e-05
 5.32694e+19	9.77e-01	2.33e-02	6.99e-07	0.00e+00	0.00e+00	0.00e+00	0.00e+00	0.00e+00	0.00e+00	9.77e-01	3.04e-05	3.27e-05
 5.59357e+19	9.78e-01	2.24e-02	6.84e-07	0.00e+00	0.00e+00	0.00e+00	0.00e+00	0.00e+00	0.00e+00	9.77e-01	3.02e-05	3.25e-05
 5.87429e+19	9.78e-01	2.17e-02	6.71e-07	0.00e+00	0.00e+00	0.00e+00	0.00e+00	0.00e+00	0.00e+00	9.78e-01	3.00e-05	3.23e-05
 6.17054e+19	9.79e-01	2.09e-02	6.59e-07	0.00e+00	0.00e+00	0.00e+00	0.00e+00	0.00e+00	0.00e+00	9.79e-01	2.99e-05	3.21e-05
 6.48409e+19	9.80e-01	2.02e-02	6.49e-07	0.00e+00	0.00e+00	0.00e+00	0.00e+00	0.00e+00	0.00e+00	9.80e-01	2.97e-05	3.18e-05
 6.81673e+19	9.81e-01	1.95e-02	6.40e-07	0.00e+00	0.00e+00	0.00e+00	0.00e+00	0.00e+00	0.00e+00	9.80e-01	2.95e-05	3.16e-05
 7.16983e+19	9.81e-01	1.88e-02	6.33e-07	0.00e+00	0.00e+00	0.00e+00	0.00e+00	0.00e+00	0.00e+00	9.81e-01	2.94e-05	3.14e-05
 7.54445e+19	9.82e-01	1.81e-02	6.26e-07	0.00e+00	0.00e+00	0.00e+00	0.00e+00	0.00e+00	0.00e+00	9.82e-01	2.92e-05	3.12e-05
 7.94194e+19	9.82e-01	1.75e-02	6.21e-07	0.00e+00	0.00e+00	0.00e+00	0.00e+00	0.00e+00	0.00e+00	9.82e-01	2.91e-05	3.10e-05
 8.36256e+19	9.83e-01	1.69e-02	6.16e-07	0.00e+00	0.00e+00	0.00e+00	0.00e+00	0.00e+00	0.00e+00	9.83e-01	2.89e-05	3.08e-05
 8.80875e+19	9.84e-01	1.63e-02	6.13e-07	0.00e+00	0.00e+00	0.00e+00	0.00e+00	0.00e+00	0.00e+00	9.84e-01	2.87e-05	3.06e-05
 9.28480e+19	9.84e-01	1.57e-02	6.11e-07	0.00e+00	0.00e+00	0.00e+00	0.00e+00	0.00e+00	0.00e+00	9.84e-01	2.86e-05	3.04e-05
 9.79190e+19	9.85e-01	1.52e-02	6.09e-07	0.00e+00	0.00e+00	0.00e+00	0.00e+00	0.00e+00	0.00e+00	9.85e-01	2.84e-05	3.02e-05
 1.03311e+20	9.85e-01	1.46e-02	6.09e-07	0.00e+00	0.00e+00	0.00e+00	0.00e+00	0.00e+00	0.00e+00	9.85e-01	2.83e-05	3.00e-05
 1.09036e+20	9.86e-01	1.41e-02	6.09e-07	0.00e+00	0.00e+00	0.00e+00	0.00e+00	0.00e+00	0.00e+00	9.86e-01	2.81e-05	2.98e-05
 1.15139e+20	9.86e-01	1.36e-02	6.10e-07	0.00e+00	0.00e+00	0.00e+00	0.00e+00	0.00e+00	0.00e+00	9.86e-01	2.80e-05	2.96e-05
 1.21701e+20	9.87e-01	1.31e-02	6.12e-07	0.00e+00	0.00e+00	0.00e+00	0.00e+00	0.00e+00	0.00e+00	9.87e-01	2.78e-05	2.94e-05
 1.28728e+20	9.87e-01	1.27e-02	6.15e-07	0.00e+00	0.00e+00	0.00e+00	0.00e+00	0.00e+00	0.00e+00	9.87e-01	2.77e-05	2.92e-05
 1.36194e+20	9.88e-01	1.22e-02	6.18e-07	0.00e+00	0.00e+00	0.00e+00	0.00e+00	0.00e+00	0.00e+00	9.88e-01	2.75e-05	2.90e-05
 1.43892e+20	9.88e-01	1.18e-02	6.22e-07	0.00e+00	0.00e+00	0.00e+00	0.00e+00	0.00e+00	0.00e+00	9.88e-01	2.74e-05	2.88e-05
 1.51535e+20	9.89e-01	1.14e-02	6.26e-07	0.00e+00	0.00e+00	0.00e+00	0.00e+00	0.00e+00	0.00e+00	9.89e-01	2.73e-05	2.86e-05
 1.59128e+20	9.89e-01	1.11e-02	6.30e-07	0.00e+00	0.00e+00	0.00e+00	0.00e+00	0.00e+00	0.00e+00	9.89e-01	2.72e-05	2.85e-05
 1.66780e+20	9.89e-01	1.08e-02	6.34e-07	0.00e+00	0.00e+00	0.00e+00	0.00e+00	0.00e+00	0.00e+00	9.89e-01	2.70e-05	2.83e-05
 1.74519e+20	9.90e-01	1.05e-02	6.38e-07	0.00e+00	0.00e+00	0.00e+00	0.00e+00	0.00e+00	0.00e+00	9.89e-01	2.69e-05	2.82e-05
 1.82316e+20	9.90e-01	1.02e-02	6.42e-07	0.00e+00	0.00e+00	0.00e+00	0.00e+00	0.00e+00	0.00e+00	9.90e-01	2.68e-05	2.80e-05
 1.90139e+20	9.90e-01	9.94e-03	6.47e-07	0.00e+00	0.00e+00	0.00e+00	0.00e+00	0.00e+00	0.00e+00	9.90e-01	2.67e-05	2.79e-05
 1.97947e+20	9.90e-01	9.68e-03	6.51e-07	0.00e+00	0.00e+00	0.00e+00	0.00e+00	0.00e+00	0.00e+00	9.90e-01	2.66e-05	2.77e-05
 2.05708e+20	9.91e-01	9.46e-03	6.56e-07	0.00e+00	0.00e+00	0.00e+00	0.00e+00	0.00e+00	0.00e+00	9.90e-01	2.65e-05	2.76e-05
 2.13340e+20	9.91e-01	9.25e-03	6.61e-07	0.00e+00	0.00e+00	0.00e+00	0.00e+00	0.00e+00	0.00e+00	9.91e-01	2.64e-05	2.75e-05
 2.20661e+20	9.91e-01	9.05e-03	6.66e-07	0.00e+00	0.00e+00	0.00e+00	0.00e+00	0.00e+00	0.00e+00	9.91e-01	2.63e-05	2.73e-05
 2.27669e+20	9.91e-01	8.86e-03	6.71e-07	0.00e+00	0.00e+00	0.00e+00	0.00e+00	0.00e+00	0.00e+00	9.91e-01	2.62e-05	2.72e-05
