#depth	He	He+	He+2
 1.72719e+15	7.16e-02	8.39e-01	8.97e-02
 1.03631e+16	7.14e-02	8.39e-01	9.00e-02
 4.49068e+16	7.14e-02	8.39e-01	8.99e-02
 1.83082e+17	7.17e-02	8.39e-01	8.93e-02
 4.37323e+17	7.17e-02	8.39e-01	8.90e-02
 7.67838e+17	7.24e-02	8.39e-01	8.82e-02
 1.19751e+18	7.34e-02	8.40e-01	8.69e-02
 1.75608e+18	7.51e-02	8.40e-01	8.48e-02
 2.43259e+18	7.73e-02	8.40e-01	8.24e-02
 3.14714e+18	8.00e-02	8.40e-01	7.98e-02
 3.92298e+18	8.40e-02	8.40e-01	7.64e-02
 4.79961e+18	8.92e-02	8.38e-01	7.28e-02
 5.64515e+18	9.53e-02	8.35e-01	6.95e-02
 6.42142e+18	1.02e-01	8.31e-01	6.63e-02
 7.17055e+18	1.10e-01	8.26e-01	6.38e-02
 7.87347e+18	1.19e-01	8.20e-01	6.13e-02
 8.50694e+18	1.28e-01	8.13e-01	5.94e-02
 9.06430e+18	1.37e-01	8.05e-01	5.78e-02
 9.55468e+18	1.45e-01	7.98e-01	5.65e-02
 9.98237e+18	1.54e-01	7.91e-01	5.55e-02
 1.03725e+19	1.62e-01	7.83e-01	5.45e-02
 1.07507e+19	1.71e-01	7.76e-01	5.37e-02
 1.11164e+19	1.79e-01	7.68e-01	5.29e-02
 1.14542e+19	1.88e-01	7.60e-01	5.21e-02
 1.17830e+19	1.96e-01	7.52e-01	5.15e-02
 1.21144e+19	2.06e-01	7.44e-01	5.07e-02
 1.24388e+19	2.15e-01	7.35e-01	5.00e-02
 1.27612e+19	2.25e-01	7.26e-01	4.92e-02
 1.30224e+19	2.33e-01	7.19e-01	4.87e-02
 1.32100e+19	2.39e-01	7.13e-01	4.82e-02
 1.33985e+19	2.45e-01	7.07e-01	4.77e-02
 1.36151e+19	2.52e-01	7.01e-01	4.72e-02
 1.38492e+19	2.60e-01	6.93e-01	4.65e-02
 1.40829e+19	2.68e-01	6.86e-01	4.59e-02
 1.43185e+19	2.77e-01	6.78e-01	4.52e-02
 1.45603e+19	2.85e-01	6.70e-01	4.46e-02
 1.48106e+19	2.95e-01	6.61e-01	4.38e-02
 1.50678e+19	3.04e-01	6.53e-01	4.31e-02
 1.53311e+19	3.15e-01	6.43e-01	4.23e-02
 1.56027e+19	3.25e-01	6.34e-01	4.16e-02
 1.58834e+19	3.36e-01	6.24e-01	4.07e-02
 1.61727e+19	3.47e-01	6.13e-01	3.99e-02
 1.64649e+19	3.59e-01	6.02e-01	3.90e-02
 1.67635e+19	3.70e-01	5.91e-01	3.81e-02
 1.70746e+19	3.83e-01	5.80e-01	3.72e-02
 1.73925e+19	3.96e-01	5.68e-01	3.63e-02
 1.77176e+19	4.09e-01	5.56e-01	3.53e-02
 1.80514e+19	4.22e-01	5.44e-01	3.44e-02
 1.83954e+19	4.36e-01	5.31e-01	3.34e-02
 1.87505e+19	4.50e-01	5.18e-01	3.24e-02
 1.91098e+19	4.64e-01	5.04e-01	3.14e-02
 1.94777e+19	4.78e-01	4.91e-01	3.04e-02
 1.98603e+19	4.93e-01	4.77e-01	2.94e-02
 2.02531e+19	5.08e-01	4.64e-01	2.84e-02
 2.06530e+19	5.23e-01	4.50e-01	2.74e-02
 2.10649e+19	5.37e-01	4.36e-01	2.64e-02
 2.14867e+19	5.52e-01	4.22e-01	2.54e-02
 2.19187e+19	5.67e-01	4.09e-01	2.44e-02
 2.23603e+19	5.82e-01	3.95e-01	2.34e-02
 2.28134e+19	5.96e-01	3.82e-01	2.25e-02
 2.32815e+19	6.10e-01	3.68e-01	2.15e-02
 2.37615e+19	6.24e-01	3.55e-01	2.06e-02
 2.42558e+19	6.38e-01	3.42e-01	1.96e-02
 2.47731e+19	6.52e-01	3.30e-01	1.87e-02
 2.53132e+19	6.65e-01	3.17e-01	1.78e-02
 2.58734e+19	6.78e-01	3.05e-01	1.69e-02
 2.64627e+19	6.91e-01	2.93e-01	1.60e-02
 2.70884e+19	7.04e-01	2.81e-01	1.51e-02
 2.77507e+19	7.16e-01	2.69e-01	1.43e-02
 2.84534e+19	7.28e-01	2.58e-01	1.34e-02
 2.92020e+19	7.40e-01	2.47e-01	1.26e-02
 3.00047e+19	7.52e-01	2.37e-01	1.17e-02
 3.08713e+19	7.63e-01	2.26e-01	1.09e-02
 3.18097e+19	7.74e-01	2.16e-01	1.01e-02
 3.28237e+19	7.84e-01	2.06e-01	9.37e-03
 3.39219e+19	7.94e-01	1.97e-01	8.63e-03
 3.51162e+19	8.04e-01	1.88e-01	7.92e-03
 3.64128e+19	8.14e-01	1.79e-01	7.24e-03
 3.78168e+19	8.23e-01	1.71e-01	6.60e-03
 3.93307e+19	8.32e-01	1.62e-01	6.00e-03
 4.09566e+19	8.40e-01	1.55e-01	5.43e-03
 4.26948e+19	8.48e-01	1.47e-01	4.92e-03
 4.45377e+19	8.56e-01	1.40e-01	4.44e-03
 4.64864e+19	8.63e-01	1.33e-01	4.01e-03
 4.85456e+19	8.70e-01	1.27e-01	3.61e-03
 5.07068e+19	8.76e-01	1.20e-01	3.25e-03
 5.29659e+19	8.83e-01	1.14e-01	2.93e-03
 5.53232e+19	8.89e-01	1.09e-01	2.64e-03
 5.77716e+19	8.94e-01	1.03e-01	2.38e-03
 6.03159e+19	9.00e-01	9.83e-02	2.14e-03
 6.29671e+19	9.05e-01	9.35e-02	1.93e-03
 6.57206e+19	9.09e-01	8.89e-02	1.74e-03
 6.85743e+19	9.14e-01	8.46e-02	1.57e-03
 7.15350e+19	9.18e-01	8.04e-02	1.41e-03
 7.46361e+19	9.22e-01	7.65e-02	1.27e-03
 7.78691e+19	9.26e-01	7.28e-02	1.15e-03
 8.11970e+19	9.30e-01	6.92e-02	1.03e-03
 8.46420e+19	9.33e-01	6.58e-02	9.34e-04
 8.82319e+19	9.37e-01	6.26e-02	8.42e-04
 9.19156e+19	9.40e-01	5.96e-02	7.61e-04
 9.55991e+19	9.42e-01	5.69e-02	6.90e-04
 9.92449e+19	9.45e-01	5.44e-02	6.28e-04
 1.02856e+20	9.47e-01	5.21e-02	5.74e-04
 1.06441e+20	9.50e-01	5.00e-02	5.27e-04
 1.09983e+20	9.52e-01	4.80e-02	4.85e-04
 1.13438e+20	9.53e-01	4.62e-02	4.48e-04
 1.16785e+20	9.55e-01	4.46e-02	4.15e-04
 1.20022e+20	9.56e-01	4.31e-02	3.87e-04
 1.23133e+20	9.58e-01	4.18e-02	3.61e-04
 1.26094e+20	9.59e-01	4.05e-02	3.39e-04
