#depth	O	O+	O+2	O+3	O+4	O+5	O+6	O+7	O+8	O[1]	O[2]	O[3]
 8.85737e+17	2.83e-07	3.58e-04	6.04e-02	5.17e-01	3.47e-01	6.95e-02	5.87e-03	2.36e-06	0.00e+00	2.83e-07	2.16e-12	2.43e-12
 5.31442e+18	2.82e-07	3.58e-04	6.06e-02	5.17e-01	3.47e-01	6.93e-02	5.85e-03	2.36e-06	0.00e+00	2.82e-07	2.15e-12	2.41e-12
 2.30292e+19	2.79e-07	3.58e-04	6.15e-02	5.18e-01	3.45e-01	6.87e-02	5.78e-03	2.33e-06	0.00e+00	2.79e-07	2.13e-12	2.39e-12
 9.38881e+19	2.70e-07	3.59e-04	6.48e-02	5.23e-01	3.40e-01	6.66e-02	5.53e-03	2.21e-06	0.00e+00	2.70e-07	2.06e-12	2.31e-12
 2.24268e+20	2.43e-07	3.59e-04	7.02e-02	5.31e-01	3.29e-01	6.37e-02	5.18e-03	2.05e-06	0.00e+00	2.43e-07	1.85e-12	2.08e-12
 3.93763e+20	2.43e-07	3.82e-04	7.79e-02	5.41e-01	3.16e-01	5.96e-02	4.71e-03	1.83e-06	0.00e+00	2.43e-07	1.85e-12	2.08e-12
 6.14106e+20	2.63e-07	4.32e-04	8.98e-02	5.52e-01	2.99e-01	5.42e-02	4.12e-03	1.57e-06	0.00e+00	2.63e-07	1.99e-12	2.25e-12
 9.00552e+20	3.13e-07	5.28e-04	1.09e-01	5.64e-01	2.76e-01	4.73e-02	3.40e-03	1.25e-06	0.00e+00	3.13e-07	2.37e-12	2.67e-12
 1.18017e+21	3.64e-07	6.35e-04	1.31e-01	5.71e-01	2.54e-01	4.12e-02	2.83e-03	1.02e-06	0.00e+00	3.64e-07	2.75e-12	3.11e-12
 1.38809e+21	4.26e-07	7.49e-04	1.52e-01	5.73e-01	2.36e-01	3.66e-02	2.43e-03	8.58e-07	0.00e+00	4.26e-07	3.21e-12	3.63e-12
 1.55521e+21	4.96e-07	8.71e-04	1.72e-01	5.72e-01	2.20e-01	3.29e-02	2.12e-03	7.37e-07	0.00e+00	4.96e-07	3.75e-12	4.24e-12
 1.70591e+21	5.82e-07	1.01e-03	1.94e-01	5.69e-01	2.05e-01	2.95e-02	1.85e-03	6.34e-07	0.00e+00	5.82e-07	4.39e-12	4.96e-12
 1.84585e+21	6.79e-07	1.17e-03	2.17e-01	5.63e-01	1.91e-01	2.64e-02	1.61e-03	5.46e-07	0.00e+00	6.79e-07	5.12e-12	5.79e-12
 1.97298e+21	7.89e-07	1.34e-03	2.42e-01	5.55e-01	1.77e-01	2.36e-02	1.40e-03	4.71e-07	0.00e+00	7.89e-07	5.95e-12	6.73e-12
 2.09244e+21	9.21e-07	1.54e-03	2.68e-01	5.45e-01	1.63e-01	2.10e-02	1.22e-03	4.04e-07	0.00e+00	9.21e-07	6.94e-12	7.85e-12
 2.20686e+21	1.05e-06	1.73e-03	2.96e-01	5.33e-01	1.50e-01	1.86e-02	1.05e-03	3.46e-07	0.00e+00	1.05e-06	7.91e-12	8.95e-12
 2.33547e+21	1.31e-06	2.09e-03	3.33e-01	5.15e-01	1.33e-01	1.58e-02	8.66e-04	2.83e-07	0.00e+00	1.31e-06	9.87e-12	1.12e-11
 2.45886e+21	1.55e-06	2.42e-03	3.71e-01	4.94e-01	1.18e-01	1.34e-02	7.15e-04	2.32e-07	0.00e+00	1.55e-06	1.17e-11	1.32e-11
 2.55181e+21	1.75e-06	2.68e-03	4.03e-01	4.76e-01	1.07e-01	1.17e-02	6.08e-04	1.96e-07	0.00e+00	1.75e-06	1.32e-11	1.49e-11
 2.64900e+21	2.11e-06	3.11e-03	4.39e-01	4.53e-01	9.41e-02	9.85e-03	4.98e-04	1.59e-07	0.00e+00	2.11e-06	1.59e-11	1.80e-11
 2.74954e+21	2.49e-06	3.54e-03	4.78e-01	4.28e-01	8.20e-02	8.20e-03	4.02e-04	1.28e-07	0.00e+00	2.49e-06	1.87e-11	2.12e-11
 2.83646e+21	2.88e-06	3.96e-03	5.13e-01	4.04e-01	7.17e-02	6.88e-03	3.28e-04	0.00e+00	0.00e+00	2.88e-06	2.17e-11	2.45e-11
 2.93146e+21	3.42e-06	4.51e-03	5.53e-01	3.76e-01	6.08e-02	5.55e-03	2.56e-04	0.00e+00	0.00e+00	3.42e-06	2.57e-11	2.91e-11
 3.03063e+21	4.05e-06	5.11e-03	5.93e-01	3.46e-01	5.08e-02	4.40e-03	1.95e-04	0.00e+00	0.00e+00	4.05e-06	3.05e-11	3.45e-11
 3.11360e+21	4.67e-06	5.65e-03	6.26e-01	3.21e-01	4.32e-02	3.57e-03	1.53e-04	0.00e+00	0.00e+00	4.67e-06	3.51e-11	3.97e-11
 3.18773e+21	5.33e-06	6.19e-03	6.55e-01	2.98e-01	3.70e-02	2.92e-03	1.21e-04	0.00e+00	0.00e+00	5.33e-06	4.00e-11	4.53e-11
 3.27200e+21	6.23e-06	6.87e-03	6.88e-01	2.72e-01	3.06e-02	2.29e-03	9.14e-05	0.00e+00	0.00e+00	6.23e-06	4.67e-11	5.29e-11
 3.36169e+21	7.28e-06	7.60e-03	7.19e-01	2.46e-01	2.50e-02	1.77e-03	6.77e-05	0.00e+00	0.00e+00	7.28e-06	5.45e-11	6.18e-11
 3.44043e+21	8.33e-06	8.28e-03	7.45e-01	2.25e-01	2.08e-02	1.40e-03	5.15e-05	0.00e+00	0.00e+00	8.33e-06	6.23e-11	7.08e-11
 3.52481e+21	9.72e-06	9.09e-03	7.71e-01	2.02e-01	1.69e-02	1.07e-03	3.78e-05	0.00e+00	0.00e+00	9.72e-06	7.26e-11	8.25e-11
 3.61653e+21	1.14e-05	9.97e-03	7.95e-01	1.80e-01	1.36e-02	8.09e-04	2.72e-05	0.00e+00	0.00e+00	1.14e-05	8.48e-11	9.65e-11
 3.70093e+21	1.31e-05	1.08e-02	8.16e-01	1.62e-01	1.11e-02	6.24e-04	2.01e-05	0.00e+00	0.00e+00	1.31e-05	9.78e-11	1.11e-10
 3.79378e+21	1.55e-05	1.19e-02	8.36e-01	1.43e-01	8.81e-03	4.65e-04	1.42e-05	0.00e+00	0.00e+00	1.55e-05	1.15e-10	1.31e-10
 3.89719e+21	1.84e-05	1.30e-02	8.55e-01	1.25e-01	6.91e-03	3.40e-04	9.84e-06	0.00e+00	0.00e+00	1.84e-05	1.37e-10	1.56e-10
 3.99725e+21	2.18e-05	1.42e-02	8.70e-01	1.10e-01	5.49e-03	2.53e-04	6.94e-06	0.00e+00	0.00e+00	2.18e-05	1.62e-10	1.85e-10
 4.11025e+21	2.65e-05	1.57e-02	8.86e-01	9.40e-02	4.25e-03	1.82e-04	4.69e-06	0.00e+00	0.00e+00	2.65e-05	1.96e-10	2.24e-10
 4.25714e+21	3.40e-05	1.78e-02	9.02e-01	7.73e-02	3.11e-03	1.21e-04	2.88e-06	0.00e+00	0.00e+00	3.40e-05	2.52e-10	2.88e-10
 4.41124e+21	4.40e-05	2.01e-02	9.14e-01	6.35e-02	2.33e-03	8.17e-05	1.82e-06	0.00e+00	0.00e+00	4.40e-05	3.26e-10	3.73e-10
 4.51813e+21	5.23e-05	2.18e-02	9.20e-01	5.59e-02	1.97e-03	6.41e-05	1.36e-06	0.00e+00	0.00e+00	5.23e-05	3.86e-10	4.42e-10
 4.58325e+21	5.86e-05	2.31e-02	9.24e-01	5.15e-02	1.77e-03	5.50e-05	1.14e-06	0.00e+00	0.00e+00	5.86e-05	4.33e-10	4.96e-10
 4.65066e+21	6.62e-05	2.44e-02	9.27e-01	4.71e-02	1.59e-03	4.68e-05	9.45e-07	0.00e+00	0.00e+00	6.62e-05	4.89e-10	5.60e-10
 4.73829e+21	7.75e-05	2.63e-02	9.30e-01	4.20e-02	1.39e-03	3.82e-05	7.47e-07	0.00e+00	0.00e+00	7.75e-05	5.73e-10	6.55e-10
 4.83338e+21	9.23e-05	2.85e-02	9.33e-01	3.72e-02	1.22e-03	3.10e-05	5.89e-07	0.00e+00	0.00e+00	9.23e-05	6.83e-10	7.80e-10
 4.91668e+21	1.08e-04	3.07e-02	9.35e-01	3.35e-02	1.10e-03	2.59e-05	4.83e-07	0.00e+00	0.00e+00	1.08e-04	7.97e-10	9.10e-10
 4.99072e+21	1.24e-04	3.28e-02	9.36e-01	3.05e-02	1.01e-03	2.21e-05	4.07e-07	0.00e+00	0.00e+00	1.24e-04	9.19e-10	1.05e-09
 5.07419e+21	1.46e-04	3.54e-02	9.36e-01	2.73e-02	9.24e-04	1.84e-05	3.36e-07	0.00e+00	0.00e+00	1.46e-04	1.09e-09	1.24e-09
 5.16390e+21	1.76e-04	3.86e-02	9.36e-01	2.42e-02	8.44e-04	1.52e-05	2.76e-07	0.00e+00	0.00e+00	1.76e-04	1.30e-09	1.48e-09
 5.24166e+21	2.06e-04	4.16e-02	9.35e-01	2.19e-02	7.87e-04	1.30e-05	2.35e-07	0.00e+00	0.00e+00	2.06e-04	1.53e-09	1.74e-09
 5.31057e+21	2.39e-04	4.46e-02	9.34e-01	1.99e-02	7.42e-04	1.12e-05	2.04e-07	0.00e+00	0.00e+00	2.39e-04	1.78e-09	2.01e-09
 5.38802e+21	2.85e-04	4.86e-02	9.33e-01	1.78e-02	6.95e-04	9.43e-06	1.73e-07	0.00e+00	0.00e+00	2.85e-04	2.13e-09	2.40e-09
 5.47058e+21	3.44e-04	5.32e-02	9.30e-01	1.59e-02	6.53e-04	7.91e-06	1.47e-07	0.00e+00	0.00e+00	3.44e-04	2.58e-09	2.89e-09
 5.54177e+21	4.06e-04	5.77e-02	9.27e-01	1.44e-02	6.21e-04	6.78e-06	1.28e-07	0.00e+00	0.00e+00	4.06e-04	3.05e-09	3.42e-09
 5.60566e+21	4.76e-04	6.23e-02	9.24e-01	1.30e-02	5.95e-04	5.87e-06	0.00e+00	0.00e+00	0.00e+00	4.76e-04	3.60e-09	4.00e-09
 5.67810e+21	5.75e-04	6.84e-02	9.19e-01	1.16e-02	5.67e-04	4.95e-06	0.00e+00	0.00e+00	0.00e+00	5.75e-04	4.36e-09	4.83e-09
 5.75474e+21	7.00e-04	7.54e-02	9.13e-01	1.03e-02	5.41e-04	4.16e-06	0.00e+00	0.00e+00	0.00e+00	7.00e-04	5.35e-09	5.88e-09
 5.82038e+21	8.38e-04	8.24e-02	9.07e-01	9.28e-03	5.20e-04	3.56e-06	0.00e+00	0.00e+00	0.00e+00	8.38e-04	6.45e-09	7.03e-09
 5.87881e+21	9.93e-04	8.97e-02	9.00e-01	8.40e-03	5.02e-04	3.08e-06	0.00e+00	0.00e+00	0.00e+00	9.93e-04	7.71e-09	8.32e-09
 5.94430e+21	1.21e-03	9.91e-02	8.92e-01	7.46e-03	4.82e-04	2.59e-06	0.00e+00	0.00e+00	0.00e+00	1.21e-03	9.49e-09	1.01e-08
 6.01423e+21	1.50e-03	1.10e-01	8.81e-01	6.56e-03	4.62e-04	2.16e-06	0.00e+00	0.00e+00	0.00e+00	1.50e-03	1.19e-08	1.26e-08
 6.07457e+21	1.82e-03	1.22e-01	8.70e-01	5.84e-03	4.45e-04	1.83e-06	0.00e+00	0.00e+00	0.00e+00	1.82e-03	1.46e-08	1.52e-08
 6.12759e+21	2.17e-03	1.33e-01	8.59e-01	5.25e-03	4.30e-04	1.58e-06	0.00e+00	0.00e+00	0.00e+00	2.17e-03	1.76e-08	1.81e-08
 6.18647e+21	2.68e-03	1.48e-01	8.44e-01	4.62e-03	4.12e-04	1.32e-06	0.00e+00	0.00e+00	0.00e+00	2.68e-03	2.19e-08	2.23e-08
 6.24844e+21	3.36e-03	1.66e-01	8.26e-01	4.01e-03	3.93e-04	1.09e-06	0.00e+00	0.00e+00	0.00e+00	3.36e-03	2.80e-08	2.80e-08
 6.29948e+21	4.08e-03	1.83e-01	8.09e-01	3.55e-03	3.77e-04	9.23e-07	0.00e+00	0.00e+00	0.00e+00	4.08e-03	3.45e-08	3.39e-08
 6.34277e+21	4.83e-03	1.99e-01	7.93e-01	3.19e-03	3.63e-04	7.97e-07	0.00e+00	0.00e+00	0.00e+00	4.83e-03	4.11e-08	4.00e-08
 6.39095e+21	5.93e-03	2.20e-01	7.71e-01	2.79e-03	3.45e-04	6.64e-07	0.00e+00	0.00e+00	0.00e+00	5.93e-03	5.11e-08	4.90e-08
 6.44201e+21	7.37e-03	2.45e-01	7.45e-01	2.41e-03	3.26e-04	5.46e-07	0.00e+00	0.00e+00	0.00e+00	7.37e-03	6.45e-08	6.07e-08
 6.48546e+21	8.94e-03	2.70e-01	7.19e-01	2.10e-03	3.08e-04	4.57e-07	0.00e+00	0.00e+00	0.00e+00	8.94e-03	7.89e-08	7.34e-08
 6.52360e+21	1.07e-02	2.93e-01	6.94e-01	1.85e-03	2.92e-04	3.86e-07	0.00e+00	0.00e+00	0.00e+00	1.07e-02	9.47e-08	8.73e-08
 6.56619e+21	1.31e-02	3.24e-01	6.62e-01	1.59e-03	2.72e-04	3.15e-07	0.00e+00	0.00e+00	0.00e+00	1.31e-02	1.17e-07	1.07e-07
 6.61137e+21	1.63e-02	3.58e-01	6.24e-01	1.33e-03	2.50e-04	2.51e-07	0.00e+00	0.00e+00	0.00e+00	1.63e-02	1.47e-07	1.33e-07
 6.64950e+21	1.98e-02	3.91e-01	5.88e-01	1.14e-03	2.30e-04	2.04e-07	0.00e+00	0.00e+00	0.00e+00	1.98e-02	1.79e-07	1.60e-07
 6.68254e+21	2.35e-02	4.22e-01	5.54e-01	9.80e-04	2.12e-04	1.68e-07	0.00e+00	0.00e+00	0.00e+00	2.35e-02	2.13e-07	1.89e-07
 6.71936e+21	2.87e-02	4.59e-01	5.11e-01	8.13e-04	1.91e-04	1.32e-07	0.00e+00	0.00e+00	0.00e+00	2.87e-02	2.61e-07	2.31e-07
 6.75885e+21	3.56e-02	5.01e-01	4.63e-01	6.57e-04	1.67e-04	0.00e+00	0.00e+00	0.00e+00	0.00e+00	3.56e-02	3.23e-07	2.84e-07
 6.79305e+21	4.32e-02	5.38e-01	4.18e-01	5.36e-04	1.46e-04	0.00e+00	0.00e+00	0.00e+00	0.00e+00	4.32e-02	3.91e-07	3.43e-07
 6.82033e+21	5.03e-02	5.68e-01	3.81e-01	4.51e-04	1.30e-04	0.00e+00	0.00e+00	0.00e+00	0.00e+00	5.03e-02	4.54e-07	3.96e-07
 6.84310e+21	5.75e-02	5.93e-01	3.49e-01	3.85e-04	1.16e-04	0.00e+00	0.00e+00	0.00e+00	0.00e+00	5.75e-02	5.17e-07	4.51e-07
 6.86844e+21	6.67e-02	6.21e-01	3.12e-01	3.19e-04	1.01e-04	0.00e+00	0.00e+00	0.00e+00	0.00e+00	6.67e-02	5.97e-07	5.19e-07
 6.89573e+21	7.81e-02	6.48e-01	2.73e-01	2.58e-04	8.54e-05	0.00e+00	0.00e+00	0.00e+00	0.00e+00	7.81e-02	6.95e-07	6.03e-07
 6.91910e+21	8.99e-02	6.70e-01	2.40e-01	2.11e-04	7.24e-05	0.00e+00	0.00e+00	0.00e+00	0.00e+00	8.99e-02	7.93e-07	6.88e-07
 6.93868e+21	1.01e-01	6.86e-01	2.13e-01	1.78e-04	6.25e-05	0.00e+00	0.00e+00	0.00e+00	0.00e+00	1.01e-01	8.83e-07	7.65e-07
 6.95976e+21	1.15e-01	7.01e-01	1.85e-01	1.46e-04	5.22e-05	0.00e+00	0.00e+00	0.00e+00	0.00e+00	1.15e-01	9.95e-07	8.61e-07
 6.98255e+21	1.31e-01	7.13e-01	1.56e-01	1.17e-04	4.23e-05	0.00e+00	0.00e+00	0.00e+00	0.00e+00	1.31e-01	1.13e-06	9.73e-07
 7.00247e+21	1.48e-01	7.19e-01	1.32e-01	9.49e-05	3.45e-05	0.00e+00	0.00e+00	0.00e+00	0.00e+00	1.48e-01	1.25e-06	1.08e-06
 7.01981e+21	1.64e-01	7.22e-01	1.14e-01	7.95e-05	2.87e-05	0.00e+00	0.00e+00	0.00e+00	0.00e+00	1.64e-01	1.37e-06	1.18e-06
 7.03892e+21	1.84e-01	7.22e-01	9.42e-02	6.44e-05	2.28e-05	0.00e+00	0.00e+00	0.00e+00	0.00e+00	1.84e-01	1.51e-06	1.31e-06
 7.05977e+21	2.08e-01	7.17e-01	7.57e-02	5.12e-05	1.74e-05	0.00e+00	0.00e+00	0.00e+00	0.00e+00	2.08e-01	1.67e-06	1.44e-06
 7.07850e+21	2.32e-01	7.07e-01	6.11e-02	4.15e-05	1.34e-05	0.00e+00	0.00e+00	0.00e+00	0.00e+00	2.32e-01	1.83e-06	1.58e-06
 7.09553e+21	2.56e-01	6.95e-01	4.95e-02	3.42e-05	1.04e-05	0.00e+00	0.00e+00	0.00e+00	0.00e+00	2.55e-01	1.97e-06	1.70e-06
 7.11474e+21	2.86e-01	6.76e-01	3.82e-02	2.74e-05	7.60e-06	0.00e+00	0.00e+00	0.00e+00	0.00e+00	2.86e-01	2.14e-06	1.85e-06
 7.13597e+21	3.21e-01	6.51e-01	2.82e-02	2.16e-05	5.28e-06	0.00e+00	0.00e+00	0.00e+00	0.00e+00	3.21e-01	2.33e-06	2.00e-06
 7.15495e+21	3.56e-01	6.23e-01	2.10e-02	1.74e-05	3.72e-06	0.00e+00	0.00e+00	0.00e+00	0.00e+00	3.56e-01	2.48e-06	2.14e-06
 7.17112e+21	3.87e-01	5.96e-01	1.61e-02	1.45e-05	2.71e-06	0.00e+00	0.00e+00	0.00e+00	0.00e+00	3.87e-01	2.61e-06	2.25e-06
 7.18617e+21	4.19e-01	5.69e-01	1.24e-02	1.23e-05	1.98e-06	0.00e+00	0.00e+00	0.00e+00	0.00e+00	4.19e-01	2.72e-06	2.34e-06
 7.20103e+21	4.50e-01	5.41e-01	9.42e-03	1.05e-05	1.44e-06	0.00e+00	0.00e+00	0.00e+00	0.00e+00	4.50e-01	2.81e-06	2.41e-06
 7.21490e+21	4.81e-01	5.12e-01	7.23e-03	9.00e-06	1.06e-06	0.00e+00	0.00e+00	0.00e+00	0.00e+00	4.81e-01	2.88e-06	2.47e-06
 7.22725e+21	5.08e-01	4.86e-01	5.66e-03	7.89e-06	7.99e-07	0.00e+00	0.00e+00	0.00e+00	0.00e+00	5.08e-01	2.92e-06	2.51e-06
 7.23837e+21	5.33e-01	4.63e-01	4.51e-03	7.01e-06	6.16e-07	0.00e+00	0.00e+00	0.00e+00	0.00e+00	5.33e-01	2.96e-06	2.54e-06
 7.24877e+21	5.56e-01	4.40e-01	3.63e-03	6.28e-06	4.80e-07	0.00e+00	0.00e+00	0.00e+00	0.00e+00	5.56e-01	2.98e-06	2.56e-06
 7.25876e+21	5.79e-01	4.18e-01	2.93e-03	5.66e-06	3.77e-07	0.00e+00	0.00e+00	0.00e+00	0.00e+00	5.79e-01	2.98e-06	2.56e-06
 7.26646e+21	5.95e-01	4.03e-01	2.50e-03	5.25e-06	3.15e-07	0.00e+00	0.00e+00	0.00e+00	0.00e+00	5.95e-01	2.98e-06	2.56e-06
 7.27156e+21	6.05e-01	3.92e-01	2.24e-03	4.99e-06	2.79e-07	0.00e+00	0.00e+00	0.00e+00	0.00e+00	6.05e-01	2.98e-06	2.56e-06
 7.27643e+21	6.16e-01	3.82e-01	2.01e-03	4.74e-06	2.47e-07	0.00e+00	0.00e+00	0.00e+00	0.00e+00	6.16e-01	2.97e-06	2.55e-06
 7.28199e+21	6.29e-01	3.70e-01	1.77e-03	4.47e-06	2.15e-07	0.00e+00	0.00e+00	0.00e+00	0.00e+00	6.29e-01	2.96e-06	2.54e-06
 7.28790e+21	6.41e-01	3.58e-01	1.55e-03	4.22e-06	1.86e-07	0.00e+00	0.00e+00	0.00e+00	0.00e+00	6.41e-01	2.95e-06	2.53e-06
 7.29379e+21	6.53e-01	3.45e-01	1.36e-03	3.97e-06	1.60e-07	0.00e+00	0.00e+00	0.00e+00	0.00e+00	6.53e-01	2.94e-06	2.52e-06
 7.29950e+21	6.65e-01	3.34e-01	1.20e-03	3.75e-06	1.39e-07	0.00e+00	0.00e+00	0.00e+00	0.00e+00	6.65e-01	2.92e-06	2.50e-06
 7.30514e+21	6.76e-01	3.23e-01	1.05e-03	3.55e-06	0.00e+00	0.00e+00	0.00e+00	0.00e+00	0.00e+00	6.76e-01	2.90e-06	2.48e-06
 7.31089e+21	6.87e-01	3.12e-01	9.28e-04	3.36e-06	0.00e+00	0.00e+00	0.00e+00	0.00e+00	0.00e+00	6.87e-01	2.88e-06	2.46e-06
 7.31673e+21	6.98e-01	3.01e-01	8.14e-04	3.17e-06	0.00e+00	0.00e+00	0.00e+00	0.00e+00	0.00e+00	6.98e-01	2.85e-06	2.44e-06
 7.32258e+21	7.09e-01	2.91e-01	7.16e-04	3.00e-06	0.00e+00	0.00e+00	0.00e+00	0.00e+00	0.00e+00	7.09e-01	2.83e-06	2.42e-06
 7.32843e+21	7.19e-01	2.80e-01	6.30e-04	2.84e-06	0.00e+00	0.00e+00	0.00e+00	0.00e+00	0.00e+00	7.19e-01	2.80e-06	2.39e-06
 7.33440e+21	7.29e-01	2.70e-01	5.54e-04	2.69e-06	0.00e+00	0.00e+00	0.00e+00	0.00e+00	0.00e+00	7.29e-01	2.77e-06	2.37e-06
 7.34049e+21	7.39e-01	2.60e-01	4.87e-04	2.54e-06	0.00e+00	0.00e+00	0.00e+00	0.00e+00	0.00e+00	7.39e-01	2.74e-06	2.34e-06
 7.34665e+21	7.49e-01	2.51e-01	4.30e-04	2.41e-06	0.00e+00	0.00e+00	0.00e+00	0.00e+00	0.00e+00	7.49e-01	2.70e-06	2.31e-06
 7.35288e+21	7.58e-01	2.42e-01	3.79e-04	2.28e-06	0.00e+00	0.00e+00	0.00e+00	0.00e+00	0.00e+00	7.58e-01	2.67e-06	2.28e-06
 7.35932e+21	7.67e-01	2.33e-01	3.35e-04	2.17e-06	0.00e+00	0.00e+00	0.00e+00	0.00e+00	0.00e+00	7.67e-01	2.64e-06	2.25e-06
 7.36599e+21	7.76e-01	2.24e-01	2.96e-04	2.05e-06	0.00e+00	0.00e+00	0.00e+00	0.00e+00	0.00e+00	7.76e-01	2.60e-06	2.22e-06
 7.37285e+21	7.84e-01	2.15e-01	2.62e-04	1.95e-06	0.00e+00	0.00e+00	0.00e+00	0.00e+00	0.00e+00	7.84e-01	2.57e-06	2.19e-06
 7.37994e+21	7.93e-01	2.07e-01	2.33e-04	1.85e-06	0.00e+00	0.00e+00	0.00e+00	0.00e+00	0.00e+00	7.92e-01	2.53e-06	2.15e-06
 7.38743e+21	8.00e-01	2.00e-01	2.08e-04	1.76e-06	0.00e+00	0.00e+00	0.00e+00	0.00e+00	0.00e+00	8.00e-01	2.49e-06	2.12e-06
 7.39527e+21	8.08e-01	1.92e-01	1.86e-04	1.67e-06	0.00e+00	0.00e+00	0.00e+00	0.00e+00	0.00e+00	8.08e-01	2.45e-06	2.09e-06
 7.40343e+21	8.15e-01	1.85e-01	1.68e-04	1.59e-06	0.00e+00	0.00e+00	0.00e+00	0.00e+00	0.00e+00	8.15e-01	2.42e-06	2.06e-06
 7.41196e+21	8.21e-01	1.79e-01	1.53e-04	1.52e-06	0.00e+00	0.00e+00	0.00e+00	0.00e+00	0.00e+00	8.21e-01	2.38e-06	2.03e-06
 7.42104e+21	8.27e-01	1.73e-01	1.40e-04	1.46e-06	0.00e+00	0.00e+00	0.00e+00	0.00e+00	0.00e+00	8.27e-01	2.35e-06	2.00e-06
 7.43084e+21	8.32e-01	1.68e-01	1.29e-04	1.40e-06	0.00e+00	0.00e+00	0.00e+00	0.00e+00	0.00e+00	8.32e-01	2.32e-06	1.97e-06
 7.44167e+21	8.37e-01	1.63e-01	1.19e-04	1.35e-06	0.00e+00	0.00e+00	0.00e+00	0.00e+00	0.00e+00	8.37e-01	2.29e-06	1.95e-06
 7.45406e+21	8.42e-01	1.58e-01	1.11e-04	1.30e-06	0.00e+00	0.00e+00	0.00e+00	0.00e+00	0.00e+00	8.42e-01	2.27e-06	1.92e-06
 7.46763e+21	8.46e-01	1.54e-01	1.05e-04	1.26e-06	0.00e+00	0.00e+00	0.00e+00	0.00e+00	0.00e+00	8.46e-01	2.24e-06	1.90e-06
 7.48138e+21	8.49e-01	1.51e-01	1.01e-04	1.23e-06	0.00e+00	0.00e+00	0.00e+00	0.00e+00	0.00e+00	8.49e-01	2.23e-06	1.89e-06
 7.49490e+21	8.51e-01	1.49e-01	9.75e-05	1.20e-06	0.00e+00	0.00e+00	0.00e+00	0.00e+00	0.00e+00	8.51e-01	2.21e-06	1.87e-06
 7.50825e+21	8.52e-01	1.48e-01	9.51e-05	1.19e-06	0.00e+00	0.00e+00	0.00e+00	0.00e+00	0.00e+00	8.52e-01	2.20e-06	1.87e-06
 7.52147e+21	8.54e-01	1.46e-01	9.33e-05	1.17e-06	0.00e+00	0.00e+00	0.00e+00	0.00e+00	0.00e+00	8.54e-01	2.20e-06	1.86e-06
 7.53460e+21	8.55e-01	1.44e-01	9.16e-05	1.15e-06	0.00e+00	0.00e+00	0.00e+00	0.00e+00	0.00e+00	8.55e-01	2.19e-06	1.85e-06
 7.54965e+21	8.56e-01	1.44e-01	9.05e-05	1.15e-06	0.00e+00	0.00e+00	0.00e+00	0.00e+00	0.00e+00	8.56e-01	2.18e-06	1.85e-06
 7.56922e+21	8.58e-01	1.42e-01	8.88e-05	1.13e-06	0.00e+00	0.00e+00	0.00e+00	0.00e+00	0.00e+00	8.58e-01	2.17e-06	1.84e-06
 7.59466e+21	8.58e-01	1.42e-01	8.76e-05	1.12e-06	0.00e+00	0.00e+00	0.00e+00	0.00e+00	0.00e+00	8.58e-01	2.17e-06	1.83e-06
 7.62774e+21	8.59e-01	1.41e-01	8.60e-05	1.11e-06	0.00e+00	0.00e+00	0.00e+00	0.00e+00	0.00e+00	8.59e-01	2.16e-06	1.83e-06
 7.67073e+21	8.61e-01	1.39e-01	8.42e-05	1.09e-06	0.00e+00	0.00e+00	0.00e+00	0.00e+00	0.00e+00	8.61e-01	2.16e-06	1.82e-06
 7.72662e+21	8.63e-01	1.37e-01	8.21e-05	1.07e-06	0.00e+00	0.00e+00	0.00e+00	0.00e+00	0.00e+00	8.63e-01	2.15e-06	1.81e-06
 7.79928e+21	8.65e-01	1.35e-01	7.95e-05	1.04e-06	0.00e+00	0.00e+00	0.00e+00	0.00e+00	0.00e+00	8.65e-01	2.13e-06	1.79e-06
 7.89374e+21	8.68e-01	1.32e-01	7.65e-05	1.01e-06	0.00e+00	0.00e+00	0.00e+00	0.00e+00	0.00e+00	8.68e-01	2.12e-06	1.78e-06
 8.01654e+21	8.71e-01	1.29e-01	7.29e-05	9.67e-07	0.00e+00	0.00e+00	0.00e+00	0.00e+00	0.00e+00	8.71e-01	2.10e-06	1.76e-06
 8.17617e+21	8.75e-01	1.25e-01	6.88e-05	9.18e-07	0.00e+00	0.00e+00	0.00e+00	0.00e+00	0.00e+00	8.75e-01	2.07e-06	1.73e-06
 8.37306e+21	8.80e-01	1.20e-01	6.45e-05	8.64e-07	0.00e+00	0.00e+00	0.00e+00	0.00e+00	0.00e+00	8.80e-01	2.05e-06	1.71e-06
 8.58734e+21	8.84e-01	1.16e-01	6.06e-05	8.12e-07	0.00e+00	0.00e+00	0.00e+00	0.00e+00	0.00e+00	8.84e-01	2.02e-06	1.68e-06
 8.80342e+21	8.88e-01	1.12e-01	5.72e-05	7.65e-07	0.00e+00	0.00e+00	0.00e+00	0.00e+00	0.00e+00	8.88e-01	2.00e-06	1.65e-06
 9.02340e+21	8.92e-01	1.08e-01	5.42e-05	7.22e-07	0.00e+00	0.00e+00	0.00e+00	0.00e+00	0.00e+00	8.92e-01	1.98e-06	1.63e-06
 9.25484e+21	8.96e-01	1.04e-01	5.14e-05	6.80e-07	0.00e+00	0.00e+00	0.00e+00	0.00e+00	0.00e+00	8.96e-01	1.96e-06	1.60e-06
 9.50194e+21	8.99e-01	1.01e-01	4.88e-05	6.39e-07	0.00e+00	0.00e+00	0.00e+00	0.00e+00	0.00e+00	8.99e-01	1.94e-06	1.58e-06
 9.76263e+21	9.03e-01	9.71e-02	4.64e-05	6.01e-07	0.00e+00	0.00e+00	0.00e+00	0.00e+00	0.00e+00	9.03e-01	1.92e-06	1.56e-06
 1.00353e+22	9.06e-01	9.37e-02	4.42e-05	5.64e-07	0.00e+00	0.00e+00	0.00e+00	0.00e+00	0.00e+00	9.06e-01	1.90e-06	1.54e-06
 1.03216e+22	9.09e-01	9.05e-02	4.21e-05	5.30e-07	0.00e+00	0.00e+00	0.00e+00	0.00e+00	0.00e+00	9.09e-01	1.89e-06	1.51e-06
 1.06236e+22	9.13e-01	8.73e-02	4.02e-05	4.96e-07	0.00e+00	0.00e+00	0.00e+00	0.00e+00	0.00e+00	9.13e-01	1.87e-06	1.49e-06
 1.09430e+22	9.16e-01	8.43e-02	3.83e-05	4.65e-07	0.00e+00	0.00e+00	0.00e+00	0.00e+00	0.00e+00	9.16e-01	1.85e-06	1.47e-06
 1.12798e+22	9.19e-01	8.15e-02	3.66e-05	4.35e-07	0.00e+00	0.00e+00	0.00e+00	0.00e+00	0.00e+00	9.19e-01	1.84e-06	1.45e-06
 1.16379e+22	9.21e-01	7.86e-02	3.49e-05	4.06e-07	0.00e+00	0.00e+00	0.00e+00	0.00e+00	0.00e+00	9.21e-01	1.82e-06	1.43e-06
 1.20198e+22	9.24e-01	7.60e-02	3.33e-05	3.79e-07	0.00e+00	0.00e+00	0.00e+00	0.00e+00	0.00e+00	9.24e-01	1.81e-06	1.42e-06
 1.24266e+22	9.27e-01	7.33e-02	3.18e-05	3.53e-07	0.00e+00	0.00e+00	0.00e+00	0.00e+00	0.00e+00	9.27e-01	1.80e-06	1.40e-06
 1.28626e+22	9.29e-01	7.08e-02	3.03e-05	3.28e-07	0.00e+00	0.00e+00	0.00e+00	0.00e+00	0.00e+00	9.29e-01	1.78e-06	1.38e-06
 1.33349e+22	9.32e-01	6.85e-02	2.88e-05	3.04e-07	0.00e+00	0.00e+00	0.00e+00	0.00e+00	0.00e+00	9.32e-01	1.77e-06	1.36e-06
 1.38435e+22	9.34e-01	6.62e-02	2.73e-05	2.82e-07	0.00e+00	0.00e+00	0.00e+00	0.00e+00	0.00e+00	9.34e-01	1.76e-06	1.35e-06
 1.43895e+22	9.36e-01	6.40e-02	2.59e-05	2.60e-07	0.00e+00	0.00e+00	0.00e+00	0.00e+00	0.00e+00	9.36e-01	1.75e-06	1.33e-06
 1.49886e+22	9.38e-01	6.19e-02	2.44e-05	2.39e-07	0.00e+00	0.00e+00	0.00e+00	0.00e+00	0.00e+00	9.38e-01	1.74e-06	1.32e-06
 1.56508e+22	9.40e-01	5.98e-02	2.30e-05	2.19e-07	0.00e+00	0.00e+00	0.00e+00	0.00e+00	0.00e+00	9.40e-01	1.73e-06	1.30e-06
 1.63876e+22	9.42e-01	5.79e-02	2.15e-05	2.00e-07	0.00e+00	0.00e+00	0.00e+00	0.00e+00	0.00e+00	9.42e-01	1.72e-06	1.29e-06
 1.72137e+22	9.44e-01	5.60e-02	2.00e-05	1.81e-07	0.00e+00	0.00e+00	0.00e+00	0.00e+00	0.00e+00	9.44e-01	1.71e-06	1.27e-06
 1.80662e+22	9.46e-01	5.45e-02	1.86e-05	1.64e-07	0.00e+00	0.00e+00	0.00e+00	0.00e+00	0.00e+00	9.46e-01	1.70e-06	1.26e-06
 1.88501e+22	9.47e-01	5.32e-02	1.75e-05	1.51e-07	0.00e+00	0.00e+00	0.00e+00	0.00e+00	0.00e+00	9.47e-01	1.70e-06	1.25e-06
 1.95663e+22	9.48e-01	5.23e-02	1.65e-05	1.41e-07	0.00e+00	0.00e+00	0.00e+00	0.00e+00	0.00e+00	9.48e-01	1.69e-06	1.25e-06
 2.03663e+22	9.49e-01	5.12e-02	1.54e-05	1.30e-07	0.00e+00	0.00e+00	0.00e+00	0.00e+00	0.00e+00	9.49e-01	1.68e-06	1.24e-06
 2.12422e+22	9.50e-01	5.03e-02	1.44e-05	0.00e+00	0.00e+00	0.00e+00	0.00e+00	0.00e+00	0.00e+00	9.50e-01	1.67e-06	1.23e-06
 2.20155e+22	9.50e-01	4.96e-02	1.36e-05	0.00e+00	0.00e+00	0.00e+00	0.00e+00	0.00e+00	0.00e+00	9.50e-01	1.66e-06	1.23e-06
 2.26882e+22	9.51e-01	4.91e-02	1.29e-05	0.00e+00	0.00e+00	0.00e+00	0.00e+00	0.00e+00	0.00e+00	9.51e-01	1.65e-06	1.23e-06
 2.34034e+22	9.51e-01	4.86e-02	1.22e-05	0.00e+00	0.00e+00	0.00e+00	0.00e+00	0.00e+00	0.00e+00	9.51e-01	1.64e-06	1.22e-06
 2.41487e+22	9.52e-01	4.81e-02	1.16e-05	0.00e+00	0.00e+00	0.00e+00	0.00e+00	0.00e+00	0.00e+00	9.52e-01	1.62e-06	1.22e-06
 2.48195e+22	9.52e-01	4.77e-02	1.10e-05	0.00e+00	0.00e+00	0.00e+00	0.00e+00	0.00e+00	0.00e+00	9.52e-01	1.61e-06	1.22e-06
 2.54233e+22	9.53e-01	4.74e-02	1.06e-05	0.00e+00	0.00e+00	0.00e+00	0.00e+00	0.00e+00	0.00e+00	9.53e-01	1.59e-06	1.21e-06
 2.59666e+22	9.53e-01	4.71e-02	1.01e-05	0.00e+00	0.00e+00	0.00e+00	0.00e+00	0.00e+00	0.00e+00	9.53e-01	1.58e-06	1.21e-06
 2.64556e+22	9.53e-01	4.68e-02	9.80e-06	0.00e+00	0.00e+00	0.00e+00	0.00e+00	0.00e+00	0.00e+00	9.53e-01	1.57e-06	1.21e-06
 2.68957e+22	9.53e-01	4.66e-02	9.50e-06	0.00e+00	0.00e+00	0.00e+00	0.00e+00	0.00e+00	0.00e+00	9.53e-01	1.56e-06	1.21e-06
 2.72919e+22	9.54e-01	4.64e-02	9.24e-06	0.00e+00	0.00e+00	0.00e+00	0.00e+00	0.00e+00	0.00e+00	9.54e-01	1.55e-06	1.21e-06
 2.76483e+22	9.54e-01	4.62e-02	9.01e-06	0.00e+00	0.00e+00	0.00e+00	0.00e+00	0.00e+00	0.00e+00	9.54e-01	1.54e-06	1.20e-06
 2.79715e+22	9.54e-01	4.60e-02	8.80e-06	0.00e+00	0.00e+00	0.00e+00	0.00e+00	0.00e+00	0.00e+00	9.54e-01	1.53e-06	1.20e-06
 2.82801e+22	9.54e-01	4.58e-02	8.61e-06	0.00e+00	0.00e+00	0.00e+00	0.00e+00	0.00e+00	0.00e+00	9.54e-01	1.52e-06	1.20e-06
 2.85886e+22	9.54e-01	4.56e-02	8.43e-06	0.00e+00	0.00e+00	0.00e+00	0.00e+00	0.00e+00	0.00e+00	9.54e-01	1.51e-06	1.20e-06
 2.88972e+22	9.55e-01	4.54e-02	8.25e-06	0.00e+00	0.00e+00	0.00e+00	0.00e+00	0.00e+00	0.00e+00	9.55e-01	1.50e-06	1.20e-06
 2.92058e+22	9.55e-01	4.52e-02	8.07e-06	0.00e+00	0.00e+00	0.00e+00	0.00e+00	0.00e+00	0.00e+00	9.55e-01	1.49e-06	1.20e-06
 2.95143e+22	9.55e-01	4.49e-02	7.90e-06	0.00e+00	0.00e+00	0.00e+00	0.00e+00	0.00e+00	0.00e+00	9.55e-01	1.47e-06	1.20e-06
 2.98229e+22	9.55e-01	4.46e-02	7.73e-06	0.00e+00	0.00e+00	0.00e+00	0.00e+00	0.00e+00	0.00e+00	9.55e-01	1.46e-06	1.19e-06
 3.01315e+22	9.56e-01	4.43e-02	7.56e-06	0.00e+00	0.00e+00	0.00e+00	0.00e+00	0.00e+00	0.00e+00	9.56e-01	1.45e-06	1.19e-06
 3.04400e+22	9.56e-01	4.40e-02	7.41e-06	0.00e+00	0.00e+00	0.00e+00	0.00e+00	0.00e+00	0.00e+00	9.56e-01	1.44e-06	1.19e-06
 3.07255e+22	9.56e-01	4.37e-02	7.25e-06	0.00e+00	0.00e+00	0.00e+00	0.00e+00	0.00e+00	0.00e+00	9.56e-01	1.43e-06	1.19e-06
