#depth	O	O+	O+2	O+3	O+4	O+5	O+6	O+7	O+8	O[1]	O[2]	O[3]
 4.69332e+17	5.45e-07	1.32e-03	1.57e-01	6.63e-01	1.66e-01	1.21e-02	5.25e-04	2.91e-07	0.00e+00	5.45e-07	4.15e-12	4.72e-12
 2.81599e+18	5.44e-07	1.32e-03	1.57e-01	6.63e-01	1.66e-01	1.21e-02	5.24e-04	2.90e-07	0.00e+00	5.44e-07	4.15e-12	4.72e-12
 1.22026e+19	5.43e-07	1.32e-03	1.59e-01	6.62e-01	1.65e-01	1.20e-02	5.18e-04	2.87e-07	0.00e+00	5.43e-07	4.14e-12	4.71e-12
 4.97491e+19	5.43e-07	1.33e-03	1.66e-01	6.60e-01	1.60e-01	1.15e-02	4.96e-04	2.73e-07	0.00e+00	5.43e-07	4.13e-12	4.70e-12
 1.18835e+20	5.27e-07	1.33e-03	1.77e-01	6.57e-01	1.53e-01	1.09e-02	4.64e-04	2.52e-07	0.00e+00	5.27e-07	4.00e-12	4.56e-12
 2.08646e+20	5.37e-07	1.38e-03	1.93e-01	6.51e-01	1.44e-01	1.01e-02	4.24e-04	2.28e-07	0.00e+00	5.37e-07	4.08e-12	4.65e-12
 3.25401e+20	5.75e-07	1.49e-03	2.15e-01	6.41e-01	1.32e-01	9.02e-03	3.76e-04	1.99e-07	0.00e+00	5.75e-07	4.35e-12	4.97e-12
 4.77182e+20	6.56e-07	1.70e-03	2.49e-01	6.23e-01	1.18e-01	7.76e-03	3.19e-04	1.66e-07	0.00e+00	6.56e-07	4.96e-12	5.67e-12
 6.34871e+20	7.51e-07	1.95e-03	2.90e-01	5.99e-01	1.02e-01	6.55e-03	2.66e-04	1.36e-07	0.00e+00	7.51e-07	5.67e-12	6.49e-12
 7.62639e+20	8.58e-07	2.23e-03	3.30e-01	5.72e-01	9.02e-02	5.63e-03	2.27e-04	0.00e+00	0.00e+00	8.58e-07	6.47e-12	7.41e-12
 8.70480e+20	9.93e-07	2.55e-03	3.70e-01	5.43e-01	7.94e-02	4.84e-03	1.94e-04	0.00e+00	0.00e+00	9.93e-07	7.49e-12	8.57e-12
 9.72268e+20	1.16e-06	2.94e-03	4.13e-01	5.11e-01	6.90e-02	4.10e-03	1.64e-04	0.00e+00	0.00e+00	1.16e-06	8.77e-12	1.00e-11
 1.06770e+21	1.35e-06	3.37e-03	4.58e-01	4.76e-01	5.93e-02	3.44e-03	1.37e-04	0.00e+00	0.00e+00	1.35e-06	1.02e-11	1.17e-11
 1.15602e+21	1.58e-06	3.85e-03	5.04e-01	4.39e-01	5.03e-02	2.86e-03	1.13e-04	0.00e+00	0.00e+00	1.58e-06	1.19e-11	1.36e-11
 1.23880e+21	1.83e-06	4.37e-03	5.50e-01	4.01e-01	4.22e-02	2.36e-03	9.25e-05	0.00e+00	0.00e+00	1.83e-06	1.38e-11	1.58e-11
 1.31814e+21	2.13e-06	4.95e-03	5.96e-01	3.62e-01	3.48e-02	1.91e-03	7.43e-05	0.00e+00	0.00e+00	2.13e-06	1.60e-11	1.83e-11
 1.39602e+21	2.47e-06	5.59e-03	6.42e-01	3.23e-01	2.82e-02	1.52e-03	5.85e-05	0.00e+00	0.00e+00	2.47e-06	1.86e-11	2.12e-11
 1.47318e+21	2.86e-06	6.29e-03	6.86e-01	2.84e-01	2.24e-02	1.19e-03	4.51e-05	0.00e+00	0.00e+00	2.86e-06	2.15e-11	2.47e-11
 1.56180e+21	3.41e-06	7.18e-03	7.33e-01	2.42e-01	1.67e-02	8.76e-04	3.24e-05	0.00e+00	0.00e+00	3.41e-06	2.56e-11	2.94e-11
 1.65499e+21	4.03e-06	8.10e-03	7.77e-01	2.02e-01	1.22e-02	6.32e-04	2.26e-05	0.00e+00	0.00e+00	4.03e-06	3.02e-11	3.46e-11
 1.73434e+21	4.62e-06	8.91e-03	8.09e-01	1.72e-01	9.22e-03	4.76e-04	1.65e-05	0.00e+00	0.00e+00	4.62e-06	3.45e-11	3.97e-11
 1.81770e+21	5.35e-06	9.81e-03	8.38e-01	1.45e-01	6.83e-03	3.52e-04	1.17e-05	0.00e+00	0.00e+00	5.35e-06	4.00e-11	4.60e-11
 1.90951e+21	6.19e-06	1.07e-02	8.63e-01	1.20e-01	5.02e-03	2.59e-04	8.18e-06	0.00e+00	0.00e+00	6.19e-06	4.61e-11	5.31e-11
 1.99685e+21	7.05e-06	1.16e-02	8.83e-01	1.02e-01	3.82e-03	1.97e-04	5.94e-06	0.00e+00	0.00e+00	7.05e-06	5.24e-11	6.05e-11
 2.08972e+21	8.08e-06	1.25e-02	8.99e-01	8.53e-02	2.91e-03	1.50e-04	4.30e-06	0.00e+00	0.00e+00	8.08e-06	6.00e-11	6.93e-11
 2.19700e+21	9.36e-06	1.35e-02	9.14e-01	7.04e-02	2.22e-03	1.13e-04	3.07e-06	0.00e+00	0.00e+00	9.36e-06	6.94e-11	8.03e-11
 2.31559e+21	1.09e-05	1.46e-02	9.26e-01	5.78e-02	1.72e-03	8.54e-05	2.23e-06	0.00e+00	0.00e+00	1.09e-05	8.07e-11	9.34e-11
 2.44622e+21	1.28e-05	1.58e-02	9.36e-01	4.73e-02	1.37e-03	6.49e-05	1.64e-06	0.00e+00	0.00e+00	1.28e-05	9.46e-11	1.10e-10
 2.59800e+21	1.53e-05	1.71e-02	9.44e-01	3.80e-02	1.12e-03	4.87e-05	1.21e-06	0.00e+00	0.00e+00	1.53e-05	1.13e-10	1.31e-10
 2.78548e+21	1.91e-05	1.88e-02	9.50e-01	2.98e-02	9.35e-04	3.55e-05	8.98e-07	0.00e+00	0.00e+00	1.91e-05	1.41e-10	1.63e-10
 3.02652e+21	2.53e-05	2.11e-02	9.56e-01	2.24e-02	7.98e-04	2.47e-05	6.63e-07	0.00e+00	0.00e+00	2.53e-05	1.86e-10	2.16e-10
 3.27816e+21	3.38e-05	2.37e-02	9.58e-01	1.73e-02	7.19e-04	1.77e-05	5.19e-07	0.00e+00	0.00e+00	3.38e-05	2.49e-10	2.89e-10
 3.45148e+21	4.15e-05	2.56e-02	9.59e-01	1.47e-02	6.84e-04	1.44e-05	4.52e-07	0.00e+00	0.00e+00	4.15e-05	3.05e-10	3.54e-10
 3.55289e+21	4.72e-05	2.69e-02	9.59e-01	1.34e-02	6.66e-04	1.26e-05	4.17e-07	0.00e+00	0.00e+00	4.72e-05	3.47e-10	4.03e-10
 3.65291e+21	5.41e-05	2.84e-02	9.59e-01	1.21e-02	6.50e-04	1.11e-05	3.84e-07	0.00e+00	0.00e+00	5.41e-05	3.98e-10	4.61e-10
 3.78295e+21	6.50e-05	3.05e-02	9.58e-01	1.07e-02	6.33e-04	9.35e-06	3.47e-07	0.00e+00	0.00e+00	6.50e-05	4.78e-10	5.54e-10
 3.91834e+21	7.89e-05	3.30e-02	9.57e-01	9.46e-03	6.18e-04	7.88e-06	3.14e-07	0.00e+00	0.00e+00	7.89e-05	5.81e-10	6.72e-10
 4.02894e+21	9.32e-05	3.53e-02	9.55e-01	8.54e-03	6.06e-04	6.83e-06	2.88e-07	0.00e+00	0.00e+00	9.32e-05	6.87e-10	7.94e-10
 4.12289e+21	1.08e-04	3.75e-02	9.54e-01	7.82e-03	5.98e-04	6.03e-06	2.68e-07	0.00e+00	0.00e+00	1.08e-04	7.99e-10	9.21e-10
 4.22695e+21	1.29e-04	4.04e-02	9.52e-01	7.05e-03	5.88e-04	5.21e-06	2.46e-07	0.00e+00	0.00e+00	1.29e-04	9.55e-10	1.10e-09
 4.33724e+21	1.57e-04	4.38e-02	9.49e-01	6.33e-03	5.79e-04	4.46e-06	2.25e-07	0.00e+00	0.00e+00	1.57e-04	1.16e-09	1.34e-09
 4.42947e+21	1.86e-04	4.71e-02	9.46e-01	5.78e-03	5.72e-04	3.90e-06	2.08e-07	0.00e+00	0.00e+00	1.86e-04	1.38e-09	1.58e-09
 4.50824e+21	2.17e-04	5.04e-02	9.44e-01	5.32e-03	5.65e-04	3.46e-06	1.93e-07	0.00e+00	0.00e+00	2.17e-04	1.62e-09	1.84e-09
 4.59564e+21	2.60e-04	5.46e-02	9.40e-01	4.83e-03	5.57e-04	3.00e-06	1.77e-07	0.00e+00	0.00e+00	2.60e-04	1.94e-09	2.21e-09
 4.68849e+21	3.18e-04	5.97e-02	9.35e-01	4.35e-03	5.50e-04	2.58e-06	1.62e-07	0.00e+00	0.00e+00	3.18e-04	2.38e-09	2.69e-09
 4.76657e+21	3.79e-04	6.46e-02	9.30e-01	3.98e-03	5.42e-04	2.26e-06	1.49e-07	0.00e+00	0.00e+00	3.79e-04	2.85e-09	3.21e-09
 4.83365e+21	4.44e-04	6.95e-02	9.26e-01	3.66e-03	5.36e-04	2.01e-06	1.38e-07	0.00e+00	0.00e+00	4.44e-04	3.36e-09	3.76e-09
 4.90826e+21	5.36e-04	7.59e-02	9.20e-01	3.32e-03	5.28e-04	1.74e-06	1.26e-07	0.00e+00	0.00e+00	5.36e-04	4.08e-09	4.54e-09
 4.98760e+21	6.60e-04	8.36e-02	9.12e-01	2.99e-03	5.20e-04	1.49e-06	0.00e+00	0.00e+00	0.00e+00	6.60e-04	5.06e-09	5.58e-09
 5.05476e+21	7.93e-04	9.12e-02	9.05e-01	2.72e-03	5.12e-04	1.30e-06	0.00e+00	0.00e+00	0.00e+00	7.93e-04	6.12e-09	6.70e-09
 5.11296e+21	9.38e-04	9.88e-02	8.97e-01	2.50e-03	5.04e-04	1.15e-06	0.00e+00	0.00e+00	0.00e+00	9.38e-04	7.30e-09	7.91e-09
 5.17786e+21	1.15e-03	1.09e-01	8.87e-01	2.25e-03	4.95e-04	9.87e-07	0.00e+00	0.00e+00	0.00e+00	1.15e-03	9.00e-09	9.65e-09
 5.24717e+21	1.43e-03	1.21e-01	8.75e-01	2.01e-03	4.83e-04	8.36e-07	0.00e+00	0.00e+00	0.00e+00	1.43e-03	1.14e-08	1.20e-08
 5.30632e+21	1.74e-03	1.33e-01	8.63e-01	1.81e-03	4.72e-04	7.20e-07	0.00e+00	0.00e+00	0.00e+00	1.74e-03	1.40e-08	1.46e-08
 5.35718e+21	2.07e-03	1.45e-01	8.51e-01	1.65e-03	4.61e-04	6.29e-07	0.00e+00	0.00e+00	0.00e+00	2.07e-03	1.69e-08	1.74e-08
 5.41320e+21	2.56e-03	1.61e-01	8.35e-01	1.47e-03	4.48e-04	5.35e-07	0.00e+00	0.00e+00	0.00e+00	2.56e-03	2.11e-08	2.14e-08
 5.47198e+21	3.20e-03	1.79e-01	8.16e-01	1.30e-03	4.33e-04	4.49e-07	0.00e+00	0.00e+00	0.00e+00	3.20e-03	2.68e-08	2.68e-08
 5.52068e+21	3.89e-03	1.97e-01	7.98e-01	1.17e-03	4.19e-04	3.85e-07	0.00e+00	0.00e+00	0.00e+00	3.89e-03	3.30e-08	3.25e-08
 5.56229e+21	4.65e-03	2.15e-01	7.79e-01	1.05e-03	4.06e-04	3.33e-07	0.00e+00	0.00e+00	0.00e+00	4.65e-03	4.00e-08	3.87e-08
 5.60835e+21	5.73e-03	2.37e-01	7.56e-01	9.33e-04	3.88e-04	2.80e-07	0.00e+00	0.00e+00	0.00e+00	5.73e-03	4.99e-08	4.76e-08
 5.65685e+21	7.15e-03	2.64e-01	7.28e-01	8.16e-04	3.69e-04	2.32e-07	0.00e+00	0.00e+00	0.00e+00	7.15e-03	6.30e-08	5.92e-08
 5.69743e+21	8.69e-03	2.89e-01	7.01e-01	7.23e-04	3.50e-04	1.95e-07	0.00e+00	0.00e+00	0.00e+00	8.69e-03	7.73e-08	7.17e-08
 5.73241e+21	1.04e-02	3.13e-01	6.75e-01	6.46e-04	3.33e-04	1.67e-07	0.00e+00	0.00e+00	0.00e+00	1.04e-02	9.29e-08	8.52e-08
 5.77121e+21	1.27e-02	3.44e-01	6.42e-01	5.64e-04	3.12e-04	1.37e-07	0.00e+00	0.00e+00	0.00e+00	1.27e-02	1.15e-07	1.04e-07
 5.81249e+21	1.58e-02	3.79e-01	6.04e-01	4.84e-04	2.87e-04	1.10e-07	0.00e+00	0.00e+00	0.00e+00	1.58e-02	1.44e-07	1.29e-07
 5.84744e+21	1.92e-02	4.13e-01	5.68e-01	4.20e-04	2.65e-04	0.00e+00	0.00e+00	0.00e+00	0.00e+00	1.92e-02	1.76e-07	1.57e-07
 5.87762e+21	2.29e-02	4.44e-01	5.33e-01	3.68e-04	2.44e-04	0.00e+00	0.00e+00	0.00e+00	0.00e+00	2.29e-02	2.10e-07	1.86e-07
 5.91114e+21	2.81e-02	4.81e-01	4.90e-01	3.14e-04	2.20e-04	0.00e+00	0.00e+00	0.00e+00	0.00e+00	2.81e-02	2.57e-07	2.26e-07
 5.94692e+21	3.48e-02	5.22e-01	4.42e-01	2.62e-04	1.93e-04	0.00e+00	0.00e+00	0.00e+00	0.00e+00	3.48e-02	3.20e-07	2.79e-07
 5.97767e+21	4.23e-02	5.59e-01	3.98e-01	2.21e-04	1.69e-04	0.00e+00	0.00e+00	0.00e+00	0.00e+00	4.23e-02	3.87e-07	3.37e-07
 6.00465e+21	5.03e-02	5.91e-01	3.58e-01	1.88e-04	1.47e-04	0.00e+00	0.00e+00	0.00e+00	0.00e+00	5.03e-02	4.59e-07	3.98e-07
 6.02836e+21	5.85e-02	6.19e-01	3.22e-01	1.63e-04	1.29e-04	0.00e+00	0.00e+00	0.00e+00	0.00e+00	5.85e-02	5.32e-07	4.60e-07
 6.04855e+21	6.66e-02	6.41e-01	2.92e-01	1.43e-04	1.14e-04	0.00e+00	0.00e+00	0.00e+00	0.00e+00	6.66e-02	6.02e-07	5.20e-07
 6.07047e+21	7.73e-02	6.65e-01	2.57e-01	1.22e-04	9.76e-05	0.00e+00	0.00e+00	0.00e+00	0.00e+00	7.73e-02	6.95e-07	5.99e-07
 6.09318e+21	8.98e-02	6.87e-01	2.23e-01	1.04e-04	8.19e-05	0.00e+00	0.00e+00	0.00e+00	0.00e+00	8.98e-02	8.01e-07	6.89e-07
 6.11164e+21	1.02e-01	7.02e-01	1.97e-01	9.05e-05	6.98e-05	0.00e+00	0.00e+00	0.00e+00	0.00e+00	1.02e-01	8.99e-07	7.73e-07
 6.12728e+21	1.13e-01	7.12e-01	1.75e-01	8.02e-05	6.04e-05	0.00e+00	0.00e+00	0.00e+00	0.00e+00	1.13e-01	9.90e-07	8.50e-07
 6.14456e+21	1.27e-01	7.22e-01	1.51e-01	6.96e-05	5.04e-05	0.00e+00	0.00e+00	0.00e+00	0.00e+00	1.27e-01	1.10e-06	9.47e-07
 6.16306e+21	1.44e-01	7.28e-01	1.28e-01	5.98e-05	4.11e-05	0.00e+00	0.00e+00	0.00e+00	0.00e+00	1.44e-01	1.23e-06	1.06e-06
 6.17893e+21	1.60e-01	7.30e-01	1.10e-01	5.22e-05	3.39e-05	0.00e+00	0.00e+00	0.00e+00	0.00e+00	1.60e-01	1.36e-06	1.16e-06
 6.19266e+21	1.75e-01	7.30e-01	9.52e-02	4.65e-05	2.86e-05	0.00e+00	0.00e+00	0.00e+00	0.00e+00	1.75e-01	1.46e-06	1.25e-06
 6.20779e+21	1.94e-01	7.26e-01	8.00e-02	4.05e-05	2.31e-05	0.00e+00	0.00e+00	0.00e+00	0.00e+00	1.94e-01	1.60e-06	1.37e-06
 6.22417e+21	2.16e-01	7.18e-01	6.57e-02	3.50e-05	1.81e-05	0.00e+00	0.00e+00	0.00e+00	0.00e+00	2.16e-01	1.75e-06	1.49e-06
 6.23856e+21	2.38e-01	7.08e-01	5.45e-02	3.06e-05	1.44e-05	0.00e+00	0.00e+00	0.00e+00	0.00e+00	2.38e-01	1.89e-06	1.61e-06
 6.25129e+21	2.58e-01	6.96e-01	4.57e-02	2.72e-05	1.16e-05	0.00e+00	0.00e+00	0.00e+00	0.00e+00	2.58e-01	2.01e-06	1.72e-06
 6.26544e+21	2.83e-01	6.80e-01	3.70e-02	2.37e-05	8.99e-06	0.00e+00	0.00e+00	0.00e+00	0.00e+00	2.83e-01	2.15e-06	1.84e-06
 6.28087e+21	3.12e-01	6.59e-01	2.90e-02	2.04e-05	6.72e-06	0.00e+00	0.00e+00	0.00e+00	0.00e+00	3.12e-01	2.30e-06	1.97e-06
 6.29481e+21	3.41e-01	6.36e-01	2.30e-02	1.77e-05	5.07e-06	0.00e+00	0.00e+00	0.00e+00	0.00e+00	3.41e-01	2.44e-06	2.08e-06
 6.30766e+21	3.68e-01	6.14e-01	1.83e-02	1.56e-05	3.87e-06	0.00e+00	0.00e+00	0.00e+00	0.00e+00	3.68e-01	2.55e-06	2.18e-06
 6.32123e+21	3.99e-01	5.87e-01	1.42e-02	1.35e-05	2.86e-06	0.00e+00	0.00e+00	0.00e+00	0.00e+00	3.99e-01	2.67e-06	2.28e-06
 6.33584e+21	4.33e-01	5.56e-01	1.07e-02	1.16e-05	2.04e-06	0.00e+00	0.00e+00	0.00e+00	0.00e+00	4.33e-01	2.78e-06	2.38e-06
 6.34942e+21	4.66e-01	5.26e-01	8.06e-03	1.01e-05	1.47e-06	0.00e+00	0.00e+00	0.00e+00	0.00e+00	4.66e-01	2.87e-06	2.45e-06
 6.36080e+21	4.94e-01	4.99e-01	6.31e-03	8.93e-06	1.10e-06	0.00e+00	0.00e+00	0.00e+00	0.00e+00	4.94e-01	2.93e-06	2.50e-06
 6.37083e+21	5.20e-01	4.75e-01	5.04e-03	8.02e-06	8.52e-07	0.00e+00	0.00e+00	0.00e+00	0.00e+00	5.20e-01	2.97e-06	2.53e-06
 6.38021e+21	5.44e-01	4.52e-01	4.06e-03	7.24e-06	6.65e-07	0.00e+00	0.00e+00	0.00e+00	0.00e+00	5.44e-01	2.99e-06	2.55e-06
 6.38905e+21	5.66e-01	4.30e-01	3.29e-03	6.56e-06	5.23e-07	0.00e+00	0.00e+00	0.00e+00	0.00e+00	5.66e-01	3.00e-06	2.56e-06
 6.39758e+21	5.88e-01	4.09e-01	2.68e-03	5.98e-06	4.14e-07	0.00e+00	0.00e+00	0.00e+00	0.00e+00	5.88e-01	3.01e-06	2.56e-06
 6.40433e+21	6.04e-01	3.93e-01	2.28e-03	5.56e-06	3.46e-07	0.00e+00	0.00e+00	0.00e+00	0.00e+00	6.04e-01	3.00e-06	2.56e-06
 6.40882e+21	6.15e-01	3.83e-01	2.05e-03	5.29e-06	3.06e-07	0.00e+00	0.00e+00	0.00e+00	0.00e+00	6.15e-01	3.00e-06	2.55e-06
 6.41296e+21	6.26e-01	3.72e-01	1.84e-03	5.05e-06	2.71e-07	0.00e+00	0.00e+00	0.00e+00	0.00e+00	6.26e-01	2.99e-06	2.55e-06
 6.41768e+21	6.38e-01	3.61e-01	1.63e-03	4.79e-06	2.37e-07	0.00e+00	0.00e+00	0.00e+00	0.00e+00	6.38e-01	2.98e-06	2.53e-06
 6.42279e+21	6.50e-01	3.48e-01	1.43e-03	4.51e-06	2.04e-07	0.00e+00	0.00e+00	0.00e+00	0.00e+00	6.50e-01	2.96e-06	2.52e-06
 6.42781e+21	6.63e-01	3.36e-01	1.25e-03	4.26e-06	1.76e-07	0.00e+00	0.00e+00	0.00e+00	0.00e+00	6.63e-01	2.95e-06	2.50e-06
 6.43256e+21	6.74e-01	3.25e-01	1.11e-03	4.04e-06	1.54e-07	0.00e+00	0.00e+00	0.00e+00	0.00e+00	6.74e-01	2.93e-06	2.49e-06
 6.43730e+21	6.85e-01	3.14e-01	9.76e-04	3.82e-06	1.34e-07	0.00e+00	0.00e+00	0.00e+00	0.00e+00	6.85e-01	2.90e-06	2.47e-06
 6.44206e+21	6.96e-01	3.03e-01	8.61e-04	3.63e-06	0.00e+00	0.00e+00	0.00e+00	0.00e+00	0.00e+00	6.96e-01	2.88e-06	2.45e-06
 6.44685e+21	7.07e-01	2.92e-01	7.58e-04	3.43e-06	0.00e+00	0.00e+00	0.00e+00	0.00e+00	0.00e+00	7.07e-01	2.85e-06	2.42e-06
 6.45166e+21	7.18e-01	2.82e-01	6.67e-04	3.25e-06	0.00e+00	0.00e+00	0.00e+00	0.00e+00	0.00e+00	7.18e-01	2.82e-06	2.40e-06
 6.45640e+21	7.28e-01	2.71e-01	5.88e-04	3.07e-06	0.00e+00	0.00e+00	0.00e+00	0.00e+00	0.00e+00	7.28e-01	2.79e-06	2.37e-06
 6.46107e+21	7.38e-01	2.61e-01	5.20e-04	2.92e-06	0.00e+00	0.00e+00	0.00e+00	0.00e+00	0.00e+00	7.38e-01	2.75e-06	2.34e-06
 6.46575e+21	7.48e-01	2.52e-01	4.59e-04	2.76e-06	0.00e+00	0.00e+00	0.00e+00	0.00e+00	0.00e+00	7.48e-01	2.72e-06	2.30e-06
 6.47050e+21	7.57e-01	2.42e-01	4.06e-04	2.62e-06	0.00e+00	0.00e+00	0.00e+00	0.00e+00	0.00e+00	7.57e-01	2.68e-06	2.27e-06
 6.47528e+21	7.67e-01	2.32e-01	3.58e-04	2.48e-06	0.00e+00	0.00e+00	0.00e+00	0.00e+00	0.00e+00	7.67e-01	2.64e-06	2.24e-06
 6.48001e+21	7.76e-01	2.24e-01	3.18e-04	2.35e-06	0.00e+00	0.00e+00	0.00e+00	0.00e+00	0.00e+00	7.76e-01	2.60e-06	2.20e-06
 6.48471e+21	7.85e-01	2.15e-01	2.82e-04	2.23e-06	0.00e+00	0.00e+00	0.00e+00	0.00e+00	0.00e+00	7.85e-01	2.56e-06	2.17e-06
 6.48949e+21	7.93e-01	2.07e-01	2.51e-04	2.11e-06	0.00e+00	0.00e+00	0.00e+00	0.00e+00	0.00e+00	7.93e-01	2.52e-06	2.14e-06
 6.49434e+21	8.02e-01	1.98e-01	2.23e-04	2.00e-06	0.00e+00	0.00e+00	0.00e+00	0.00e+00	0.00e+00	8.02e-01	2.48e-06	2.10e-06
 6.49917e+21	8.10e-01	1.90e-01	2.00e-04	1.90e-06	0.00e+00	0.00e+00	0.00e+00	0.00e+00	0.00e+00	8.10e-01	2.44e-06	2.06e-06
 6.50400e+21	8.17e-01	1.83e-01	1.79e-04	1.80e-06	0.00e+00	0.00e+00	0.00e+00	0.00e+00	0.00e+00	8.17e-01	2.40e-06	2.03e-06
 6.50893e+21	8.25e-01	1.75e-01	1.61e-04	1.71e-06	0.00e+00	0.00e+00	0.00e+00	0.00e+00	0.00e+00	8.25e-01	2.36e-06	1.99e-06
 6.51391e+21	8.32e-01	1.68e-01	1.46e-04	1.62e-06	0.00e+00	0.00e+00	0.00e+00	0.00e+00	0.00e+00	8.32e-01	2.32e-06	1.96e-06
 6.51891e+21	8.39e-01	1.61e-01	1.33e-04	1.54e-06	0.00e+00	0.00e+00	0.00e+00	0.00e+00	0.00e+00	8.39e-01	2.28e-06	1.93e-06
 6.52390e+21	8.45e-01	1.55e-01	1.21e-04	1.46e-06	0.00e+00	0.00e+00	0.00e+00	0.00e+00	0.00e+00	8.45e-01	2.25e-06	1.89e-06
 6.52888e+21	8.51e-01	1.49e-01	1.12e-04	1.40e-06	0.00e+00	0.00e+00	0.00e+00	0.00e+00	0.00e+00	8.51e-01	2.21e-06	1.86e-06
 6.53392e+21	8.57e-01	1.43e-01	1.03e-04	1.33e-06	0.00e+00	0.00e+00	0.00e+00	0.00e+00	0.00e+00	8.57e-01	2.17e-06	1.83e-06
 6.53897e+21	8.62e-01	1.38e-01	9.61e-05	1.27e-06	0.00e+00	0.00e+00	0.00e+00	0.00e+00	0.00e+00	8.62e-01	2.14e-06	1.80e-06
 6.54406e+21	8.67e-01	1.33e-01	9.00e-05	1.22e-06	0.00e+00	0.00e+00	0.00e+00	0.00e+00	0.00e+00	8.67e-01	2.11e-06	1.77e-06
 6.54930e+21	8.72e-01	1.28e-01	8.46e-05	1.17e-06	0.00e+00	0.00e+00	0.00e+00	0.00e+00	0.00e+00	8.72e-01	2.08e-06	1.75e-06
 6.55469e+21	8.76e-01	1.23e-01	8.00e-05	1.12e-06	0.00e+00	0.00e+00	0.00e+00	0.00e+00	0.00e+00	8.76e-01	2.05e-06	1.72e-06
 6.56023e+21	8.80e-01	1.19e-01	7.61e-05	1.07e-06	0.00e+00	0.00e+00	0.00e+00	0.00e+00	0.00e+00	8.80e-01	2.02e-06	1.70e-06
 6.56594e+21	8.84e-01	1.15e-01	7.27e-05	1.03e-06	0.00e+00	0.00e+00	0.00e+00	0.00e+00	0.00e+00	8.84e-01	1.99e-06	1.67e-06
 6.57192e+21	8.88e-01	1.12e-01	6.97e-05	9.94e-07	0.00e+00	0.00e+00	0.00e+00	0.00e+00	0.00e+00	8.88e-01	1.97e-06	1.65e-06
 6.57829e+21	8.92e-01	1.08e-01	6.71e-05	9.58e-07	0.00e+00	0.00e+00	0.00e+00	0.00e+00	0.00e+00	8.92e-01	1.95e-06	1.63e-06
 6.58512e+21	8.95e-01	1.05e-01	6.49e-05	9.26e-07	0.00e+00	0.00e+00	0.00e+00	0.00e+00	0.00e+00	8.95e-01	1.92e-06	1.61e-06
 6.59253e+21	8.98e-01	1.02e-01	6.29e-05	8.95e-07	0.00e+00	0.00e+00	0.00e+00	0.00e+00	0.00e+00	8.98e-01	1.90e-06	1.59e-06
 6.60073e+21	9.00e-01	9.96e-02	6.12e-05	8.68e-07	0.00e+00	0.00e+00	0.00e+00	0.00e+00	0.00e+00	9.00e-01	1.88e-06	1.57e-06
 6.61000e+21	9.03e-01	9.71e-02	5.98e-05	8.43e-07	0.00e+00	0.00e+00	0.00e+00	0.00e+00	0.00e+00	9.03e-01	1.86e-06	1.56e-06
 6.62081e+21	9.05e-01	9.49e-02	5.85e-05	8.20e-07	0.00e+00	0.00e+00	0.00e+00	0.00e+00	0.00e+00	9.05e-01	1.85e-06	1.54e-06
 6.63257e+21	9.07e-01	9.30e-02	5.75e-05	8.02e-07	0.00e+00	0.00e+00	0.00e+00	0.00e+00	0.00e+00	9.07e-01	1.84e-06	1.53e-06
 6.64430e+21	9.08e-01	9.17e-02	5.68e-05	7.88e-07	0.00e+00	0.00e+00	0.00e+00	0.00e+00	0.00e+00	9.08e-01	1.83e-06	1.52e-06
 6.65592e+21	9.09e-01	9.07e-02	5.63e-05	7.77e-07	0.00e+00	0.00e+00	0.00e+00	0.00e+00	0.00e+00	9.09e-01	1.82e-06	1.52e-06
 6.66747e+21	9.10e-01	9.00e-02	5.59e-05	7.70e-07	0.00e+00	0.00e+00	0.00e+00	0.00e+00	0.00e+00	9.10e-01	1.81e-06	1.51e-06
 6.67895e+21	9.11e-01	8.90e-02	5.56e-05	7.60e-07	0.00e+00	0.00e+00	0.00e+00	0.00e+00	0.00e+00	9.11e-01	1.81e-06	1.51e-06
 6.69040e+21	9.11e-01	8.90e-02	5.54e-05	7.59e-07	0.00e+00	0.00e+00	0.00e+00	0.00e+00	0.00e+00	9.11e-01	1.81e-06	1.50e-06
 6.70181e+21	9.11e-01	8.86e-02	5.52e-05	7.55e-07	0.00e+00	0.00e+00	0.00e+00	0.00e+00	0.00e+00	9.11e-01	1.80e-06	1.50e-06
 6.71320e+21	9.12e-01	8.81e-02	5.50e-05	7.49e-07	0.00e+00	0.00e+00	0.00e+00	0.00e+00	0.00e+00	9.12e-01	1.80e-06	1.50e-06
 6.72629e+21	9.12e-01	8.80e-02	5.48e-05	7.47e-07	0.00e+00	0.00e+00	0.00e+00	0.00e+00	0.00e+00	9.12e-01	1.80e-06	1.50e-06
 6.74331e+21	9.13e-01	8.74e-02	5.46e-05	7.40e-07	0.00e+00	0.00e+00	0.00e+00	0.00e+00	0.00e+00	9.13e-01	1.80e-06	1.49e-06
 6.76543e+21	9.13e-01	8.73e-02	5.44e-05	7.38e-07	0.00e+00	0.00e+00	0.00e+00	0.00e+00	0.00e+00	9.13e-01	1.80e-06	1.49e-06
 6.79419e+21	9.13e-01	8.65e-02	5.41e-05	7.29e-07	0.00e+00	0.00e+00	0.00e+00	0.00e+00	0.00e+00	9.13e-01	1.79e-06	1.49e-06
 6.83157e+21	9.14e-01	8.64e-02	5.38e-05	7.26e-07	0.00e+00	0.00e+00	0.00e+00	0.00e+00	0.00e+00	9.14e-01	1.79e-06	1.49e-06
 6.88017e+21	9.14e-01	8.57e-02	5.34e-05	7.16e-07	0.00e+00	0.00e+00	0.00e+00	0.00e+00	0.00e+00	9.14e-01	1.79e-06	1.48e-06
 6.94335e+21	9.15e-01	8.49e-02	5.29e-05	7.05e-07	0.00e+00	0.00e+00	0.00e+00	0.00e+00	0.00e+00	9.15e-01	1.78e-06	1.48e-06
 7.02548e+21	9.16e-01	8.40e-02	5.22e-05	6.91e-07	0.00e+00	0.00e+00	0.00e+00	0.00e+00	0.00e+00	9.16e-01	1.78e-06	1.47e-06
 7.13226e+21	9.17e-01	8.28e-02	5.15e-05	6.74e-07	0.00e+00	0.00e+00	0.00e+00	0.00e+00	0.00e+00	9.17e-01	1.77e-06	1.46e-06
 7.27106e+21	9.19e-01	8.13e-02	5.05e-05	6.54e-07	0.00e+00	0.00e+00	0.00e+00	0.00e+00	0.00e+00	9.19e-01	1.77e-06	1.45e-06
 7.45151e+21	9.20e-01	7.97e-02	4.93e-05	6.29e-07	0.00e+00	0.00e+00	0.00e+00	0.00e+00	0.00e+00	9.20e-01	1.76e-06	1.44e-06
 7.68609e+21	9.22e-01	7.76e-02	4.78e-05	5.99e-07	0.00e+00	0.00e+00	0.00e+00	0.00e+00	0.00e+00	9.22e-01	1.75e-06	1.43e-06
 7.99105e+21	9.25e-01	7.52e-02	4.61e-05	5.64e-07	0.00e+00	0.00e+00	0.00e+00	0.00e+00	0.00e+00	9.25e-01	1.74e-06	1.41e-06
 8.36531e+21	9.27e-01	7.26e-02	4.42e-05	5.26e-07	0.00e+00	0.00e+00	0.00e+00	0.00e+00	0.00e+00	9.27e-01	1.73e-06	1.39e-06
 8.77854e+21	9.30e-01	7.02e-02	4.23e-05	4.90e-07	0.00e+00	0.00e+00	0.00e+00	0.00e+00	0.00e+00	9.30e-01	1.72e-06	1.38e-06
 9.22028e+21	9.32e-01	6.80e-02	4.04e-05	4.56e-07	0.00e+00	0.00e+00	0.00e+00	0.00e+00	0.00e+00	9.32e-01	1.72e-06	1.36e-06
 9.70908e+21	9.34e-01	6.58e-02	3.85e-05	4.23e-07	0.00e+00	0.00e+00	0.00e+00	0.00e+00	0.00e+00	9.34e-01	1.71e-06	1.34e-06
 1.02605e+22	9.36e-01	6.37e-02	3.66e-05	3.91e-07	0.00e+00	0.00e+00	0.00e+00	0.00e+00	0.00e+00	9.36e-01	1.71e-06	1.33e-06
 1.08821e+22	9.38e-01	6.17e-02	3.45e-05	3.59e-07	0.00e+00	0.00e+00	0.00e+00	0.00e+00	0.00e+00	9.38e-01	1.70e-06	1.31e-06
 1.15804e+22	9.40e-01	5.97e-02	3.24e-05	3.28e-07	0.00e+00	0.00e+00	0.00e+00	0.00e+00	0.00e+00	9.40e-01	1.70e-06	1.30e-06
 1.23729e+22	9.42e-01	5.78e-02	3.03e-05	2.97e-07	0.00e+00	0.00e+00	0.00e+00	0.00e+00	0.00e+00	9.42e-01	1.70e-06	1.29e-06
 1.32002e+22	9.44e-01	5.62e-02	2.83e-05	2.70e-07	0.00e+00	0.00e+00	0.00e+00	0.00e+00	0.00e+00	9.44e-01	1.70e-06	1.28e-06
 1.39632e+22	9.45e-01	5.49e-02	2.66e-05	2.49e-07	0.00e+00	0.00e+00	0.00e+00	0.00e+00	0.00e+00	9.45e-01	1.70e-06	1.27e-06
 1.46638e+22	9.46e-01	5.39e-02	2.51e-05	2.32e-07	0.00e+00	0.00e+00	0.00e+00	0.00e+00	0.00e+00	9.46e-01	1.71e-06	1.26e-06
 1.54505e+22	9.47e-01	5.28e-02	2.35e-05	2.14e-07	0.00e+00	0.00e+00	0.00e+00	0.00e+00	0.00e+00	9.47e-01	1.70e-06	1.25e-06
 1.63026e+22	9.48e-01	5.19e-02	2.20e-05	1.97e-07	0.00e+00	0.00e+00	0.00e+00	0.00e+00	0.00e+00	9.48e-01	1.70e-06	1.24e-06
 1.70450e+22	9.49e-01	5.11e-02	2.08e-05	1.84e-07	0.00e+00	0.00e+00	0.00e+00	0.00e+00	0.00e+00	9.49e-01	1.70e-06	1.24e-06
 1.76976e+22	9.49e-01	5.06e-02	1.98e-05	1.73e-07	0.00e+00	0.00e+00	0.00e+00	0.00e+00	0.00e+00	9.49e-01	1.70e-06	1.24e-06
 1.84279e+22	9.50e-01	5.00e-02	1.87e-05	1.62e-07	0.00e+00	0.00e+00	0.00e+00	0.00e+00	0.00e+00	9.50e-01	1.70e-06	1.23e-06
 1.92423e+22	9.51e-01	4.94e-02	1.76e-05	1.51e-07	0.00e+00	0.00e+00	0.00e+00	0.00e+00	0.00e+00	9.51e-01	1.69e-06	1.23e-06
 1.99843e+22	9.51e-01	4.88e-02	1.67e-05	1.42e-07	0.00e+00	0.00e+00	0.00e+00	0.00e+00	0.00e+00	9.51e-01	1.69e-06	1.22e-06
 2.06436e+22	9.51e-01	4.85e-02	1.59e-05	1.35e-07	0.00e+00	0.00e+00	0.00e+00	0.00e+00	0.00e+00	9.51e-01	1.68e-06	1.22e-06
 2.13772e+22	9.52e-01	4.81e-02	1.51e-05	1.27e-07	0.00e+00	0.00e+00	0.00e+00	0.00e+00	0.00e+00	9.52e-01	1.67e-06	1.22e-06
 2.21889e+22	9.52e-01	4.77e-02	1.43e-05	0.00e+00	0.00e+00	0.00e+00	0.00e+00	0.00e+00	0.00e+00	9.52e-01	1.66e-06	1.22e-06
 2.29238e+22	9.53e-01	4.73e-02	1.36e-05	0.00e+00	0.00e+00	0.00e+00	0.00e+00	0.00e+00	0.00e+00	9.53e-01	1.65e-06	1.21e-06
 2.35827e+22	9.53e-01	4.71e-02	1.30e-05	0.00e+00	0.00e+00	0.00e+00	0.00e+00	0.00e+00	0.00e+00	9.53e-01	1.64e-06	1.21e-06
 2.42512e+22	9.53e-01	4.68e-02	1.24e-05	0.00e+00	0.00e+00	0.00e+00	0.00e+00	0.00e+00	0.00e+00	9.53e-01	1.63e-06	1.21e-06
 2.49118e+22	9.53e-01	4.66e-02	1.18e-05	0.00e+00	0.00e+00	0.00e+00	0.00e+00	0.00e+00	0.00e+00	9.53e-01	1.62e-06	1.21e-06
 2.55063e+22	9.54e-01	4.64e-02	1.14e-05	0.00e+00	0.00e+00	0.00e+00	0.00e+00	0.00e+00	0.00e+00	9.54e-01	1.60e-06	1.21e-06
 2.60413e+22	9.54e-01	4.62e-02	1.10e-05	0.00e+00	0.00e+00	0.00e+00	0.00e+00	0.00e+00	0.00e+00	9.54e-01	1.59e-06	1.20e-06
 2.65229e+22	9.54e-01	4.60e-02	1.06e-05	0.00e+00	0.00e+00	0.00e+00	0.00e+00	0.00e+00	0.00e+00	9.54e-01	1.58e-06	1.20e-06
 2.69563e+22	9.54e-01	4.59e-02	1.03e-05	0.00e+00	0.00e+00	0.00e+00	0.00e+00	0.00e+00	0.00e+00	9.54e-01	1.57e-06	1.20e-06
 2.73463e+22	9.54e-01	4.57e-02	1.01e-05	0.00e+00	0.00e+00	0.00e+00	0.00e+00	0.00e+00	0.00e+00	9.54e-01	1.56e-06	1.20e-06
 2.76974e+22	9.54e-01	4.56e-02	9.85e-06	0.00e+00	0.00e+00	0.00e+00	0.00e+00	0.00e+00	0.00e+00	9.54e-01	1.55e-06	1.20e-06
 2.80179e+22	9.55e-01	4.54e-02	9.65e-06	0.00e+00	0.00e+00	0.00e+00	0.00e+00	0.00e+00	0.00e+00	9.55e-01	1.54e-06	1.20e-06
 2.83265e+22	9.55e-01	4.53e-02	9.45e-06	0.00e+00	0.00e+00	0.00e+00	0.00e+00	0.00e+00	0.00e+00	9.55e-01	1.53e-06	1.20e-06
 2.86351e+22	9.55e-01	4.51e-02	9.27e-06	0.00e+00	0.00e+00	0.00e+00	0.00e+00	0.00e+00	0.00e+00	9.55e-01	1.52e-06	1.20e-06
 2.89436e+22	9.55e-01	4.49e-02	9.08e-06	0.00e+00	0.00e+00	0.00e+00	0.00e+00	0.00e+00	0.00e+00	9.55e-01	1.51e-06	1.20e-06
 2.92522e+22	9.55e-01	4.47e-02	8.90e-06	0.00e+00	0.00e+00	0.00e+00	0.00e+00	0.00e+00	0.00e+00	9.55e-01	1.50e-06	1.19e-06
 2.95608e+22	9.55e-01	4.45e-02	8.72e-06	0.00e+00	0.00e+00	0.00e+00	0.00e+00	0.00e+00	0.00e+00	9.55e-01	1.48e-06	1.19e-06
 2.98693e+22	9.56e-01	4.42e-02	8.56e-06	0.00e+00	0.00e+00	0.00e+00	0.00e+00	0.00e+00	0.00e+00	9.56e-01	1.47e-06	1.19e-06
 3.01779e+22	9.56e-01	4.40e-02	8.38e-06	0.00e+00	0.00e+00	0.00e+00	0.00e+00	0.00e+00	0.00e+00	9.56e-01	1.46e-06	1.19e-06
 3.04865e+22	9.56e-01	4.37e-02	8.22e-06	0.00e+00	0.00e+00	0.00e+00	0.00e+00	0.00e+00	0.00e+00	9.56e-01	1.45e-06	1.19e-06
 3.07488e+22	9.57e-01	4.34e-02	8.08e-06	0.00e+00	0.00e+00	0.00e+00	0.00e+00	0.00e+00	0.00e+00	9.57e-01	1.44e-06	1.19e-06
