#depth	O	O+	O+2	O+3	O+4	O+5	O+6	O+7	O+8	O[1]	O[2]	O[3]
 5.46074e+14	7.72e-02	8.57e-01	6.53e-02	1.91e-04	7.18e-07	0.00e+00	0.00e+00	0.00e+00	0.00e+00	7.71e-02	1.69e-05	1.92e-05
 3.27644e+15	7.68e-02	8.57e-01	6.57e-02	1.93e-04	7.27e-07	0.00e+00	0.00e+00	0.00e+00	0.00e+00	7.67e-02	1.68e-05	1.91e-05
 1.41979e+16	7.64e-02	8.57e-01	6.61e-02	1.95e-04	7.32e-07	0.00e+00	0.00e+00	0.00e+00	0.00e+00	7.64e-02	1.67e-05	1.90e-05
 5.78838e+16	7.60e-02	8.57e-01	6.71e-02	1.95e-04	7.36e-07	0.00e+00	0.00e+00	0.00e+00	0.00e+00	7.60e-02	1.66e-05	1.89e-05
 1.38266e+17	7.24e-02	8.55e-01	7.19e-02	2.14e-04	8.00e-07	0.00e+00	0.00e+00	0.00e+00	0.00e+00	7.24e-02	1.59e-05	1.81e-05
 2.42763e+17	7.11e-02	8.55e-01	7.38e-02	2.17e-04	8.09e-07	0.00e+00	0.00e+00	0.00e+00	0.00e+00	7.11e-02	1.56e-05	1.78e-05
 3.78608e+17	7.17e-02	8.55e-01	7.34e-02	2.07e-04	7.74e-07	0.00e+00	0.00e+00	0.00e+00	0.00e+00	7.16e-02	1.57e-05	1.79e-05
 5.55208e+17	7.44e-02	8.55e-01	7.05e-02	1.83e-04	6.95e-07	0.00e+00	0.00e+00	0.00e+00	0.00e+00	7.43e-02	1.62e-05	1.85e-05
 7.67918e+17	7.95e-02	8.55e-01	6.53e-02	1.52e-04	5.88e-07	0.00e+00	0.00e+00	0.00e+00	0.00e+00	7.94e-02	1.73e-05	1.97e-05
 9.91446e+17	8.70e-02	8.54e-01	5.85e-02	1.19e-04	4.76e-07	0.00e+00	0.00e+00	0.00e+00	0.00e+00	8.69e-02	1.88e-05	2.15e-05
 1.23527e+18	9.94e-02	8.51e-01	4.95e-02	8.36e-05	3.53e-07	0.00e+00	0.00e+00	0.00e+00	0.00e+00	9.93e-02	2.13e-05	2.43e-05
 1.51182e+18	1.18e-01	8.43e-01	3.96e-02	5.34e-05	2.43e-07	0.00e+00	0.00e+00	0.00e+00	0.00e+00	1.18e-01	2.48e-05	2.83e-05
 1.77819e+18	1.42e-01	8.28e-01	3.08e-02	3.27e-05	1.63e-07	0.00e+00	0.00e+00	0.00e+00	0.00e+00	1.41e-01	2.93e-05	3.34e-05
 2.02236e+18	1.71e-01	8.06e-01	2.34e-02	1.95e-05	0.00e+00	0.00e+00	0.00e+00	0.00e+00	0.00e+00	1.71e-01	3.45e-05	3.94e-05
 2.25845e+18	2.06e-01	7.77e-01	1.75e-02	1.16e-05	0.00e+00	0.00e+00	0.00e+00	0.00e+00	0.00e+00	2.06e-01	4.03e-05	4.59e-05
 2.48064e+18	2.46e-01	7.41e-01	1.30e-02	6.86e-06	0.00e+00	0.00e+00	0.00e+00	0.00e+00	0.00e+00	2.46e-01	4.64e-05	5.28e-05
 2.68094e+18	2.88e-01	7.02e-01	9.81e-03	4.24e-06	0.00e+00	0.00e+00	0.00e+00	0.00e+00	0.00e+00	2.88e-01	5.21e-05	5.93e-05
 2.85583e+18	3.28e-01	6.64e-01	7.60e-03	2.78e-06	0.00e+00	0.00e+00	0.00e+00	0.00e+00	0.00e+00	3.28e-01	5.69e-05	6.47e-05
 3.00816e+18	3.65e-01	6.29e-01	6.07e-03	1.94e-06	0.00e+00	0.00e+00	0.00e+00	0.00e+00	0.00e+00	3.65e-01	6.07e-05	6.90e-05
 3.14117e+18	3.98e-01	5.97e-01	4.98e-03	1.42e-06	0.00e+00	0.00e+00	0.00e+00	0.00e+00	0.00e+00	3.98e-01	6.37e-05	7.24e-05
 3.26350e+18	4.28e-01	5.68e-01	4.14e-03	1.08e-06	0.00e+00	0.00e+00	0.00e+00	0.00e+00	0.00e+00	4.28e-01	6.60e-05	7.50e-05
 3.38272e+18	4.58e-01	5.39e-01	3.47e-03	8.29e-07	0.00e+00	0.00e+00	0.00e+00	0.00e+00	0.00e+00	4.57e-01	6.79e-05	7.71e-05
 3.49806e+18	4.85e-01	5.12e-01	2.93e-03	6.52e-07	0.00e+00	0.00e+00	0.00e+00	0.00e+00	0.00e+00	4.84e-01	6.93e-05	7.87e-05
 3.60443e+18	5.10e-01	4.88e-01	2.51e-03	5.24e-07	0.00e+00	0.00e+00	0.00e+00	0.00e+00	0.00e+00	5.10e-01	7.03e-05	7.98e-05
 3.70782e+18	5.33e-01	4.65e-01	2.16e-03	4.28e-07	0.00e+00	0.00e+00	0.00e+00	0.00e+00	0.00e+00	5.32e-01	7.09e-05	8.05e-05
 3.81199e+18	5.55e-01	4.43e-01	1.86e-03	3.51e-07	0.00e+00	0.00e+00	0.00e+00	0.00e+00	0.00e+00	5.55e-01	7.13e-05	8.09e-05
 3.91448e+18	5.76e-01	4.22e-01	1.61e-03	2.91e-07	0.00e+00	0.00e+00	0.00e+00	0.00e+00	0.00e+00	5.76e-01	7.15e-05	8.11e-05
 4.01843e+18	5.97e-01	4.02e-01	1.39e-03	2.42e-07	0.00e+00	0.00e+00	0.00e+00	0.00e+00	0.00e+00	5.97e-01	7.14e-05	8.10e-05
 4.10405e+18	6.12e-01	3.87e-01	1.24e-03	2.12e-07	0.00e+00	0.00e+00	0.00e+00	0.00e+00	0.00e+00	6.11e-01	7.13e-05	8.08e-05
 4.16482e+18	6.22e-01	3.76e-01	1.15e-03	1.92e-07	0.00e+00	0.00e+00	0.00e+00	0.00e+00	0.00e+00	6.22e-01	7.11e-05	8.06e-05
 4.22354e+18	6.33e-01	3.66e-01	1.06e-03	1.75e-07	0.00e+00	0.00e+00	0.00e+00	0.00e+00	0.00e+00	6.32e-01	7.08e-05	8.03e-05
 4.29146e+18	6.44e-01	3.55e-01	9.63e-04	1.57e-07	0.00e+00	0.00e+00	0.00e+00	0.00e+00	0.00e+00	6.44e-01	7.04e-05	7.98e-05
 4.36545e+18	6.56e-01	3.43e-01	8.74e-04	1.41e-07	0.00e+00	0.00e+00	0.00e+00	0.00e+00	0.00e+00	6.56e-01	7.00e-05	7.93e-05
 4.44033e+18	6.67e-01	3.32e-01	7.91e-04	1.26e-07	0.00e+00	0.00e+00	0.00e+00	0.00e+00	0.00e+00	6.67e-01	6.95e-05	7.87e-05
 4.51616e+18	6.78e-01	3.21e-01	7.17e-04	0.00e+00	0.00e+00	0.00e+00	0.00e+00	0.00e+00	0.00e+00	6.78e-01	6.90e-05	7.81e-05
 4.59297e+18	6.89e-01	3.10e-01	6.48e-04	0.00e+00	0.00e+00	0.00e+00	0.00e+00	0.00e+00	0.00e+00	6.89e-01	6.84e-05	7.74e-05
 4.67135e+18	7.00e-01	3.00e-01	5.87e-04	0.00e+00	0.00e+00	0.00e+00	0.00e+00	0.00e+00	0.00e+00	7.00e-01	6.78e-05	7.67e-05
 4.75314e+18	7.10e-01	2.89e-01	5.29e-04	0.00e+00	0.00e+00	0.00e+00	0.00e+00	0.00e+00	0.00e+00	7.10e-01	6.71e-05	7.59e-05
 4.83828e+18	7.21e-01	2.79e-01	4.75e-04	0.00e+00	0.00e+00	0.00e+00	0.00e+00	0.00e+00	0.00e+00	7.21e-01	6.63e-05	7.50e-05
 4.92400e+18	7.31e-01	2.69e-01	4.27e-04	0.00e+00	0.00e+00	0.00e+00	0.00e+00	0.00e+00	0.00e+00	7.30e-01	6.56e-05	7.42e-05
 5.01147e+18	7.40e-01	2.59e-01	3.83e-04	0.00e+00	0.00e+00	0.00e+00	0.00e+00	0.00e+00	0.00e+00	7.40e-01	6.48e-05	7.33e-05
 5.10283e+18	7.50e-01	2.50e-01	3.43e-04	0.00e+00	0.00e+00	0.00e+00	0.00e+00	0.00e+00	0.00e+00	7.50e-01	6.40e-05	7.23e-05
 5.19646e+18	7.59e-01	2.41e-01	3.06e-04	0.00e+00	0.00e+00	0.00e+00	0.00e+00	0.00e+00	0.00e+00	7.59e-01	6.31e-05	7.13e-05
 5.29233e+18	7.68e-01	2.31e-01	2.73e-04	0.00e+00	0.00e+00	0.00e+00	0.00e+00	0.00e+00	0.00e+00	7.68e-01	6.22e-05	7.03e-05
 5.39039e+18	7.77e-01	2.23e-01	2.44e-04	0.00e+00	0.00e+00	0.00e+00	0.00e+00	0.00e+00	0.00e+00	7.77e-01	6.14e-05	6.93e-05
 5.49138e+18	7.86e-01	2.14e-01	2.16e-04	0.00e+00	0.00e+00	0.00e+00	0.00e+00	0.00e+00	0.00e+00	7.85e-01	6.05e-05	6.82e-05
 5.59598e+18	7.94e-01	2.06e-01	1.92e-04	0.00e+00	0.00e+00	0.00e+00	0.00e+00	0.00e+00	0.00e+00	7.94e-01	5.95e-05	6.72e-05
 5.70163e+18	8.02e-01	1.98e-01	1.70e-04	0.00e+00	0.00e+00	0.00e+00	0.00e+00	0.00e+00	0.00e+00	8.02e-01	5.86e-05	6.61e-05
 5.80948e+18	8.10e-01	1.90e-01	1.51e-04	0.00e+00	0.00e+00	0.00e+00	0.00e+00	0.00e+00	0.00e+00	8.10e-01	5.77e-05	6.50e-05
 5.92147e+18	8.18e-01	1.82e-01	1.33e-04	0.00e+00	0.00e+00	0.00e+00	0.00e+00	0.00e+00	0.00e+00	8.17e-01	5.67e-05	6.39e-05
 6.03610e+18	8.25e-01	1.75e-01	1.18e-04	0.00e+00	0.00e+00	0.00e+00	0.00e+00	0.00e+00	0.00e+00	8.25e-01	5.58e-05	6.29e-05
 6.15368e+18	8.32e-01	1.68e-01	1.04e-04	0.00e+00	0.00e+00	0.00e+00	0.00e+00	0.00e+00	0.00e+00	8.32e-01	5.49e-05	6.18e-05
 6.27474e+18	8.39e-01	1.61e-01	9.20e-05	0.00e+00	0.00e+00	0.00e+00	0.00e+00	0.00e+00	0.00e+00	8.39e-01	5.40e-05	6.07e-05
 6.39893e+18	8.46e-01	1.54e-01	8.11e-05	0.00e+00	0.00e+00	0.00e+00	0.00e+00	0.00e+00	0.00e+00	8.45e-01	5.30e-05	5.96e-05
 6.52614e+18	8.52e-01	1.48e-01	7.16e-05	0.00e+00	0.00e+00	0.00e+00	0.00e+00	0.00e+00	0.00e+00	8.52e-01	5.22e-05	5.86e-05
 6.65532e+18	8.58e-01	1.42e-01	6.33e-05	0.00e+00	0.00e+00	0.00e+00	0.00e+00	0.00e+00	0.00e+00	8.58e-01	5.13e-05	5.76e-05
 6.78777e+18	8.63e-01	1.36e-01	5.59e-05	0.00e+00	0.00e+00	0.00e+00	0.00e+00	0.00e+00	0.00e+00	8.63e-01	5.04e-05	5.66e-05
 6.92467e+18	8.69e-01	1.31e-01	4.94e-05	0.00e+00	0.00e+00	0.00e+00	0.00e+00	0.00e+00	0.00e+00	8.69e-01	4.96e-05	5.56e-05
 7.06519e+18	8.74e-01	1.26e-01	4.37e-05	0.00e+00	0.00e+00	0.00e+00	0.00e+00	0.00e+00	0.00e+00	8.74e-01	4.88e-05	5.47e-05
 7.20857e+18	8.79e-01	1.21e-01	3.88e-05	0.00e+00	0.00e+00	0.00e+00	0.00e+00	0.00e+00	0.00e+00	8.79e-01	4.80e-05	5.38e-05
 7.35567e+18	8.84e-01	1.16e-01	3.45e-05	0.00e+00	0.00e+00	0.00e+00	0.00e+00	0.00e+00	0.00e+00	8.84e-01	4.72e-05	5.29e-05
 7.50755e+18	8.88e-01	1.12e-01	3.07e-05	0.00e+00	0.00e+00	0.00e+00	0.00e+00	0.00e+00	0.00e+00	8.88e-01	4.65e-05	5.20e-05
 7.66497e+18	8.93e-01	1.07e-01	2.73e-05	0.00e+00	0.00e+00	0.00e+00	0.00e+00	0.00e+00	0.00e+00	8.93e-01	4.58e-05	5.12e-05
 7.82839e+18	8.97e-01	1.03e-01	2.44e-05	0.00e+00	0.00e+00	0.00e+00	0.00e+00	0.00e+00	0.00e+00	8.97e-01	4.51e-05	5.04e-05
 7.99856e+18	9.01e-01	9.94e-02	2.18e-05	0.00e+00	0.00e+00	0.00e+00	0.00e+00	0.00e+00	0.00e+00	9.00e-01	4.44e-05	4.97e-05
 8.17604e+18	9.04e-01	9.58e-02	1.95e-05	0.00e+00	0.00e+00	0.00e+00	0.00e+00	0.00e+00	0.00e+00	9.04e-01	4.38e-05	4.89e-05
 8.36235e+18	9.08e-01	9.22e-02	1.75e-05	0.00e+00	0.00e+00	0.00e+00	0.00e+00	0.00e+00	0.00e+00	9.08e-01	4.32e-05	4.82e-05
 8.55918e+18	9.11e-01	8.90e-02	1.57e-05	0.00e+00	0.00e+00	0.00e+00	0.00e+00	0.00e+00	0.00e+00	9.11e-01	4.26e-05	4.75e-05
 8.76689e+18	9.14e-01	8.58e-02	1.41e-05	0.00e+00	0.00e+00	0.00e+00	0.00e+00	0.00e+00	0.00e+00	9.14e-01	4.20e-05	4.69e-05
 8.98746e+18	9.17e-01	8.28e-02	1.27e-05	0.00e+00	0.00e+00	0.00e+00	0.00e+00	0.00e+00	0.00e+00	9.17e-01	4.15e-05	4.62e-05
 9.22316e+18	9.20e-01	7.99e-02	1.15e-05	0.00e+00	0.00e+00	0.00e+00	0.00e+00	0.00e+00	0.00e+00	9.20e-01	4.09e-05	4.56e-05
 9.47529e+18	9.23e-01	7.72e-02	1.04e-05	0.00e+00	0.00e+00	0.00e+00	0.00e+00	0.00e+00	0.00e+00	9.23e-01	4.04e-05	4.50e-05
 9.74625e+18	9.25e-01	7.46e-02	9.40e-06	0.00e+00	0.00e+00	0.00e+00	0.00e+00	0.00e+00	0.00e+00	9.25e-01	3.99e-05	4.44e-05
 1.00385e+19	9.28e-01	7.20e-02	8.51e-06	0.00e+00	0.00e+00	0.00e+00	0.00e+00	0.00e+00	0.00e+00	9.28e-01	3.94e-05	4.39e-05
 1.03542e+19	9.30e-01	6.96e-02	7.72e-06	0.00e+00	0.00e+00	0.00e+00	0.00e+00	0.00e+00	0.00e+00	9.30e-01	3.90e-05	4.33e-05
 1.06958e+19	9.33e-01	6.73e-02	7.01e-06	0.00e+00	0.00e+00	0.00e+00	0.00e+00	0.00e+00	0.00e+00	9.33e-01	3.85e-05	4.28e-05
 1.10655e+19	9.35e-01	6.51e-02	6.37e-06	0.00e+00	0.00e+00	0.00e+00	0.00e+00	0.00e+00	0.00e+00	9.35e-01	3.80e-05	4.23e-05
 1.14657e+19	9.37e-01	6.29e-02	5.80e-06	0.00e+00	0.00e+00	0.00e+00	0.00e+00	0.00e+00	0.00e+00	9.37e-01	3.76e-05	4.17e-05
 1.18977e+19	9.39e-01	6.08e-02	5.28e-06	0.00e+00	0.00e+00	0.00e+00	0.00e+00	0.00e+00	0.00e+00	9.39e-01	3.72e-05	4.12e-05
 1.23620e+19	9.41e-01	5.87e-02	4.81e-06	0.00e+00	0.00e+00	0.00e+00	0.00e+00	0.00e+00	0.00e+00	9.41e-01	3.67e-05	4.08e-05
 1.28588e+19	9.43e-01	5.68e-02	4.40e-06	0.00e+00	0.00e+00	0.00e+00	0.00e+00	0.00e+00	0.00e+00	9.43e-01	3.63e-05	4.03e-05
 1.33859e+19	9.45e-01	5.48e-02	4.02e-06	0.00e+00	0.00e+00	0.00e+00	0.00e+00	0.00e+00	0.00e+00	9.45e-01	3.59e-05	3.98e-05
 1.39437e+19	9.47e-01	5.30e-02	3.69e-06	0.00e+00	0.00e+00	0.00e+00	0.00e+00	0.00e+00	0.00e+00	9.47e-01	3.55e-05	3.93e-05
 1.45337e+19	9.49e-01	5.11e-02	3.39e-06	0.00e+00	0.00e+00	0.00e+00	0.00e+00	0.00e+00	0.00e+00	9.49e-01	3.51e-05	3.89e-05
 1.51525e+19	9.51e-01	4.93e-02	3.12e-06	0.00e+00	0.00e+00	0.00e+00	0.00e+00	0.00e+00	0.00e+00	9.51e-01	3.47e-05	3.84e-05
 1.57978e+19	9.52e-01	4.76e-02	2.88e-06	0.00e+00	0.00e+00	0.00e+00	0.00e+00	0.00e+00	0.00e+00	9.52e-01	3.43e-05	3.78e-05
 1.64672e+19	9.54e-01	4.59e-02	2.67e-06	0.00e+00	0.00e+00	0.00e+00	0.00e+00	0.00e+00	0.00e+00	9.54e-01	3.38e-05	3.72e-05
 1.71604e+19	9.56e-01	4.43e-02	2.48e-06	0.00e+00	0.00e+00	0.00e+00	0.00e+00	0.00e+00	0.00e+00	9.56e-01	3.34e-05	3.66e-05
 1.78796e+19	9.57e-01	4.27e-02	2.31e-06	0.00e+00	0.00e+00	0.00e+00	0.00e+00	0.00e+00	0.00e+00	9.57e-01	3.30e-05	3.61e-05
 1.86224e+19	9.59e-01	4.12e-02	2.16e-06	0.00e+00	0.00e+00	0.00e+00	0.00e+00	0.00e+00	0.00e+00	9.59e-01	3.26e-05	3.55e-05
 1.93876e+19	9.60e-01	3.96e-02	2.02e-06	0.00e+00	0.00e+00	0.00e+00	0.00e+00	0.00e+00	0.00e+00	9.60e-01	3.22e-05	3.49e-05
 2.01808e+19	9.62e-01	3.82e-02	1.90e-06	0.00e+00	0.00e+00	0.00e+00	0.00e+00	0.00e+00	0.00e+00	9.62e-01	3.18e-05	3.44e-05
 2.09990e+19	9.63e-01	3.68e-02	1.80e-06	0.00e+00	0.00e+00	0.00e+00	0.00e+00	0.00e+00	0.00e+00	9.63e-01	3.15e-05	3.39e-05
 2.18352e+19	9.65e-01	3.54e-02	1.71e-06	0.00e+00	0.00e+00	0.00e+00	0.00e+00	0.00e+00	0.00e+00	9.65e-01	3.11e-05	3.34e-05
 2.26869e+19	9.66e-01	3.41e-02	1.62e-06	0.00e+00	0.00e+00	0.00e+00	0.00e+00	0.00e+00	0.00e+00	9.66e-01	3.08e-05	3.29e-05
 2.35378e+19	9.67e-01	3.29e-02	1.55e-06	0.00e+00	0.00e+00	0.00e+00	0.00e+00	0.00e+00	0.00e+00	9.67e-01	3.04e-05	3.25e-05
 2.43711e+19	9.68e-01	3.18e-02	1.49e-06	0.00e+00	0.00e+00	0.00e+00	0.00e+00	0.00e+00	0.00e+00	9.68e-01	3.01e-05	3.21e-05
 2.51855e+19	9.69e-01	3.07e-02	1.44e-06	0.00e+00	0.00e+00	0.00e+00	0.00e+00	0.00e+00	0.00e+00	9.69e-01	2.99e-05	3.17e-05
 2.59851e+19	9.70e-01	2.97e-02	1.39e-06	0.00e+00	0.00e+00	0.00e+00	0.00e+00	0.00e+00	0.00e+00	9.70e-01	2.96e-05	3.13e-05
 2.67688e+19	9.71e-01	2.88e-02	1.36e-06	0.00e+00	0.00e+00	0.00e+00	0.00e+00	0.00e+00	0.00e+00	9.71e-01	2.93e-05	3.10e-05
 2.75311e+19	9.72e-01	2.79e-02	1.32e-06	0.00e+00	0.00e+00	0.00e+00	0.00e+00	0.00e+00	0.00e+00	9.72e-01	2.91e-05	3.07e-05
 2.82694e+19	9.73e-01	2.71e-02	1.30e-06	0.00e+00	0.00e+00	0.00e+00	0.00e+00	0.00e+00	0.00e+00	9.73e-01	2.88e-05	3.03e-05
 2.89819e+19	9.74e-01	2.64e-02	1.27e-06	0.00e+00	0.00e+00	0.00e+00	0.00e+00	0.00e+00	0.00e+00	9.74e-01	2.86e-05	3.00e-05
 2.96636e+19	9.74e-01	2.56e-02	1.25e-06	0.00e+00	0.00e+00	0.00e+00	0.00e+00	0.00e+00	0.00e+00	9.74e-01	2.84e-05	2.98e-05
 3.03115e+19	9.75e-01	2.50e-02	1.24e-06	0.00e+00	0.00e+00	0.00e+00	0.00e+00	0.00e+00	0.00e+00	9.75e-01	2.82e-05	2.95e-05
 3.09242e+19	9.76e-01	2.43e-02	1.22e-06	0.00e+00	0.00e+00	0.00e+00	0.00e+00	0.00e+00	0.00e+00	9.76e-01	2.80e-05	2.92e-05
 3.15034e+19	9.76e-01	2.37e-02	1.21e-06	0.00e+00	0.00e+00	0.00e+00	0.00e+00	0.00e+00	0.00e+00	9.76e-01	2.78e-05	2.90e-05
 3.20479e+19	9.77e-01	2.32e-02	1.20e-06	0.00e+00	0.00e+00	0.00e+00	0.00e+00	0.00e+00	0.00e+00	9.77e-01	2.76e-05	2.88e-05
