#depth	O	O+	O+2	O+3	O+4	O+5	O+6	O+7	O+8	O[1]	O[2]	O[3]
 5.94258e+14	7.17e-02	8.71e-01	5.70e-02	1.31e-04	5.73e-07	0.00e+00	0.00e+00	0.00e+00	0.00e+00	7.16e-02	1.56e-05	1.79e-05
 3.56555e+15	7.13e-02	8.71e-01	5.73e-02	1.33e-04	5.78e-07	0.00e+00	0.00e+00	0.00e+00	0.00e+00	7.13e-02	1.56e-05	1.78e-05
 1.54507e+16	7.10e-02	8.71e-01	5.77e-02	1.33e-04	5.82e-07	0.00e+00	0.00e+00	0.00e+00	0.00e+00	7.10e-02	1.55e-05	1.78e-05
 6.29913e+16	7.07e-02	8.71e-01	5.85e-02	1.34e-04	5.86e-07	0.00e+00	0.00e+00	0.00e+00	0.00e+00	7.07e-02	1.54e-05	1.77e-05
 1.50466e+17	6.77e-02	8.70e-01	6.22e-02	1.44e-04	6.27e-07	0.00e+00	0.00e+00	0.00e+00	0.00e+00	6.77e-02	1.48e-05	1.69e-05
 2.64183e+17	6.69e-02	8.70e-01	6.33e-02	1.44e-04	6.29e-07	0.00e+00	0.00e+00	0.00e+00	0.00e+00	6.69e-02	1.46e-05	1.67e-05
 4.12015e+17	6.78e-02	8.70e-01	6.24e-02	1.34e-04	6.02e-07	0.00e+00	0.00e+00	0.00e+00	0.00e+00	6.78e-02	1.47e-05	1.69e-05
 6.04197e+17	7.10e-02	8.70e-01	5.91e-02	1.16e-04	5.44e-07	0.00e+00	0.00e+00	0.00e+00	0.00e+00	7.10e-02	1.53e-05	1.76e-05
 8.32729e+17	7.65e-02	8.69e-01	5.40e-02	9.36e-05	4.67e-07	0.00e+00	0.00e+00	0.00e+00	0.00e+00	7.65e-02	1.65e-05	1.89e-05
 1.06447e+18	8.43e-02	8.68e-01	4.78e-02	7.17e-05	3.88e-07	0.00e+00	0.00e+00	0.00e+00	0.00e+00	8.42e-02	1.80e-05	2.07e-05
 1.30589e+18	9.63e-02	8.63e-01	4.02e-02	5.03e-05	3.02e-07	0.00e+00	0.00e+00	0.00e+00	0.00e+00	9.63e-02	2.05e-05	2.35e-05
 1.58240e+18	1.14e-01	8.54e-01	3.19e-02	3.18e-05	2.18e-07	0.00e+00	0.00e+00	0.00e+00	0.00e+00	1.14e-01	2.40e-05	2.76e-05
 1.85160e+18	1.38e-01	8.37e-01	2.44e-02	1.92e-05	1.52e-07	0.00e+00	0.00e+00	0.00e+00	0.00e+00	1.38e-01	2.86e-05	3.28e-05
 2.09000e+18	1.68e-01	8.14e-01	1.84e-02	1.15e-05	0.00e+00	0.00e+00	0.00e+00	0.00e+00	0.00e+00	1.68e-01	3.38e-05	3.87e-05
 2.31460e+18	2.02e-01	7.84e-01	1.38e-02	6.89e-06	0.00e+00	0.00e+00	0.00e+00	0.00e+00	0.00e+00	2.02e-01	3.95e-05	4.52e-05
 2.52421e+18	2.42e-01	7.48e-01	1.02e-02	4.15e-06	0.00e+00	0.00e+00	0.00e+00	0.00e+00	0.00e+00	2.42e-01	4.56e-05	5.22e-05
 2.71406e+18	2.85e-01	7.08e-01	7.65e-03	2.59e-06	0.00e+00	0.00e+00	0.00e+00	0.00e+00	0.00e+00	2.85e-01	5.15e-05	5.89e-05
 2.87907e+18	3.27e-01	6.68e-01	5.87e-03	1.71e-06	0.00e+00	0.00e+00	0.00e+00	0.00e+00	0.00e+00	3.26e-01	5.65e-05	6.46e-05
 3.01837e+18	3.64e-01	6.31e-01	4.67e-03	1.22e-06	0.00e+00	0.00e+00	0.00e+00	0.00e+00	0.00e+00	3.64e-01	6.04e-05	6.90e-05
 3.13525e+18	3.97e-01	5.99e-01	3.84e-03	9.24e-07	0.00e+00	0.00e+00	0.00e+00	0.00e+00	0.00e+00	3.97e-01	6.34e-05	7.24e-05
 3.23958e+18	4.27e-01	5.69e-01	3.22e-03	7.23e-07	0.00e+00	0.00e+00	0.00e+00	0.00e+00	0.00e+00	4.27e-01	6.57e-05	7.50e-05
 3.34153e+18	4.57e-01	5.41e-01	2.71e-03	5.74e-07	0.00e+00	0.00e+00	0.00e+00	0.00e+00	0.00e+00	4.57e-01	6.76e-05	7.71e-05
 3.44138e+18	4.85e-01	5.13e-01	2.29e-03	4.63e-07	0.00e+00	0.00e+00	0.00e+00	0.00e+00	0.00e+00	4.85e-01	6.90e-05	7.87e-05
 3.53427e+18	5.10e-01	4.88e-01	1.96e-03	3.82e-07	0.00e+00	0.00e+00	0.00e+00	0.00e+00	0.00e+00	5.10e-01	6.99e-05	7.98e-05
 3.62134e+18	5.33e-01	4.65e-01	1.70e-03	3.22e-07	0.00e+00	0.00e+00	0.00e+00	0.00e+00	0.00e+00	5.33e-01	7.05e-05	8.04e-05
 3.70452e+18	5.55e-01	4.43e-01	1.48e-03	2.74e-07	0.00e+00	0.00e+00	0.00e+00	0.00e+00	0.00e+00	5.55e-01	7.08e-05	8.08e-05
 3.78864e+18	5.76e-01	4.23e-01	1.29e-03	2.35e-07	0.00e+00	0.00e+00	0.00e+00	0.00e+00	0.00e+00	5.76e-01	7.09e-05	8.09e-05
 3.87380e+18	5.97e-01	4.02e-01	1.12e-03	2.03e-07	0.00e+00	0.00e+00	0.00e+00	0.00e+00	0.00e+00	5.96e-01	7.08e-05	8.07e-05
 3.94151e+18	6.11e-01	3.88e-01	1.01e-03	1.82e-07	0.00e+00	0.00e+00	0.00e+00	0.00e+00	0.00e+00	6.11e-01	7.06e-05	8.05e-05
 3.98934e+18	6.22e-01	3.77e-01	9.40e-04	1.69e-07	0.00e+00	0.00e+00	0.00e+00	0.00e+00	0.00e+00	6.22e-01	7.04e-05	8.02e-05
 4.03680e+18	6.32e-01	3.67e-01	8.71e-04	1.57e-07	0.00e+00	0.00e+00	0.00e+00	0.00e+00	0.00e+00	6.32e-01	7.02e-05	7.99e-05
 4.09206e+18	6.44e-01	3.55e-01	7.97e-04	1.43e-07	0.00e+00	0.00e+00	0.00e+00	0.00e+00	0.00e+00	6.44e-01	6.98e-05	7.95e-05
 4.15127e+18	6.55e-01	3.44e-01	7.28e-04	1.32e-07	0.00e+00	0.00e+00	0.00e+00	0.00e+00	0.00e+00	6.55e-01	6.94e-05	7.90e-05
 4.21118e+18	6.67e-01	3.32e-01	6.64e-04	0.00e+00	0.00e+00	0.00e+00	0.00e+00	0.00e+00	0.00e+00	6.67e-01	6.89e-05	7.84e-05
 4.27181e+18	6.78e-01	3.21e-01	6.05e-04	0.00e+00	0.00e+00	0.00e+00	0.00e+00	0.00e+00	0.00e+00	6.78e-01	6.84e-05	7.78e-05
 4.33268e+18	6.89e-01	3.11e-01	5.52e-04	0.00e+00	0.00e+00	0.00e+00	0.00e+00	0.00e+00	0.00e+00	6.89e-01	6.78e-05	7.72e-05
 4.39530e+18	6.99e-01	3.00e-01	5.03e-04	0.00e+00	0.00e+00	0.00e+00	0.00e+00	0.00e+00	0.00e+00	6.99e-01	6.72e-05	7.64e-05
 4.46048e+18	7.10e-01	2.90e-01	4.57e-04	0.00e+00	0.00e+00	0.00e+00	0.00e+00	0.00e+00	0.00e+00	7.10e-01	6.65e-05	7.57e-05
 4.52773e+18	7.20e-01	2.80e-01	4.14e-04	0.00e+00	0.00e+00	0.00e+00	0.00e+00	0.00e+00	0.00e+00	7.20e-01	6.58e-05	7.48e-05
 4.59701e+18	7.30e-01	2.70e-01	3.75e-04	0.00e+00	0.00e+00	0.00e+00	0.00e+00	0.00e+00	0.00e+00	7.30e-01	6.51e-05	7.40e-05
 4.66827e+18	7.40e-01	2.60e-01	3.39e-04	0.00e+00	0.00e+00	0.00e+00	0.00e+00	0.00e+00	0.00e+00	7.40e-01	6.43e-05	7.30e-05
 4.74074e+18	7.49e-01	2.51e-01	3.06e-04	0.00e+00	0.00e+00	0.00e+00	0.00e+00	0.00e+00	0.00e+00	7.49e-01	6.35e-05	7.21e-05
 4.81566e+18	7.59e-01	2.41e-01	2.76e-04	0.00e+00	0.00e+00	0.00e+00	0.00e+00	0.00e+00	0.00e+00	7.59e-01	6.27e-05	7.11e-05
 4.89291e+18	7.67e-01	2.32e-01	2.48e-04	0.00e+00	0.00e+00	0.00e+00	0.00e+00	0.00e+00	0.00e+00	7.67e-01	6.18e-05	7.02e-05
 4.97253e+18	7.77e-01	2.23e-01	2.22e-04	0.00e+00	0.00e+00	0.00e+00	0.00e+00	0.00e+00	0.00e+00	7.76e-01	6.09e-05	6.91e-05
 5.05424e+18	7.85e-01	2.15e-01	2.00e-04	0.00e+00	0.00e+00	0.00e+00	0.00e+00	0.00e+00	0.00e+00	7.85e-01	6.01e-05	6.81e-05
 5.13796e+18	7.93e-01	2.06e-01	1.79e-04	0.00e+00	0.00e+00	0.00e+00	0.00e+00	0.00e+00	0.00e+00	7.93e-01	5.92e-05	6.71e-05
 5.22471e+18	8.01e-01	1.99e-01	1.60e-04	0.00e+00	0.00e+00	0.00e+00	0.00e+00	0.00e+00	0.00e+00	8.01e-01	5.83e-05	6.60e-05
 5.31445e+18	8.09e-01	1.90e-01	1.42e-04	0.00e+00	0.00e+00	0.00e+00	0.00e+00	0.00e+00	0.00e+00	8.09e-01	5.73e-05	6.49e-05
 5.40595e+18	8.17e-01	1.83e-01	1.27e-04	0.00e+00	0.00e+00	0.00e+00	0.00e+00	0.00e+00	0.00e+00	8.17e-01	5.64e-05	6.39e-05
 5.49935e+18	8.24e-01	1.76e-01	1.13e-04	0.00e+00	0.00e+00	0.00e+00	0.00e+00	0.00e+00	0.00e+00	8.24e-01	5.55e-05	6.28e-05
 5.59633e+18	8.31e-01	1.69e-01	1.00e-04	0.00e+00	0.00e+00	0.00e+00	0.00e+00	0.00e+00	0.00e+00	8.31e-01	5.46e-05	6.17e-05
 5.69686e+18	8.38e-01	1.62e-01	8.88e-05	0.00e+00	0.00e+00	0.00e+00	0.00e+00	0.00e+00	0.00e+00	8.38e-01	5.36e-05	6.06e-05
 5.79939e+18	8.45e-01	1.55e-01	7.88e-05	0.00e+00	0.00e+00	0.00e+00	0.00e+00	0.00e+00	0.00e+00	8.45e-01	5.28e-05	5.96e-05
 5.90348e+18	8.51e-01	1.49e-01	6.99e-05	0.00e+00	0.00e+00	0.00e+00	0.00e+00	0.00e+00	0.00e+00	8.51e-01	5.19e-05	5.86e-05
 6.01111e+18	8.57e-01	1.43e-01	6.19e-05	0.00e+00	0.00e+00	0.00e+00	0.00e+00	0.00e+00	0.00e+00	8.57e-01	5.10e-05	5.75e-05
 6.12243e+18	8.63e-01	1.37e-01	5.48e-05	0.00e+00	0.00e+00	0.00e+00	0.00e+00	0.00e+00	0.00e+00	8.63e-01	5.01e-05	5.65e-05
 6.23625e+18	8.69e-01	1.31e-01	4.85e-05	0.00e+00	0.00e+00	0.00e+00	0.00e+00	0.00e+00	0.00e+00	8.69e-01	4.93e-05	5.55e-05
 6.35107e+18	8.74e-01	1.26e-01	4.31e-05	0.00e+00	0.00e+00	0.00e+00	0.00e+00	0.00e+00	0.00e+00	8.74e-01	4.84e-05	5.46e-05
 6.46799e+18	8.79e-01	1.21e-01	3.83e-05	0.00e+00	0.00e+00	0.00e+00	0.00e+00	0.00e+00	0.00e+00	8.79e-01	4.77e-05	5.37e-05
 6.58786e+18	8.84e-01	1.16e-01	3.40e-05	0.00e+00	0.00e+00	0.00e+00	0.00e+00	0.00e+00	0.00e+00	8.84e-01	4.69e-05	5.27e-05
 6.71098e+18	8.89e-01	1.11e-01	3.03e-05	0.00e+00	0.00e+00	0.00e+00	0.00e+00	0.00e+00	0.00e+00	8.89e-01	4.62e-05	5.19e-05
 6.83722e+18	8.93e-01	1.07e-01	2.70e-05	0.00e+00	0.00e+00	0.00e+00	0.00e+00	0.00e+00	0.00e+00	8.93e-01	4.54e-05	5.10e-05
 6.96698e+18	8.97e-01	1.03e-01	2.42e-05	0.00e+00	0.00e+00	0.00e+00	0.00e+00	0.00e+00	0.00e+00	8.97e-01	4.48e-05	5.03e-05
 7.10072e+18	9.01e-01	9.88e-02	2.16e-05	0.00e+00	0.00e+00	0.00e+00	0.00e+00	0.00e+00	0.00e+00	9.01e-01	4.41e-05	4.95e-05
 7.23811e+18	9.05e-01	9.50e-02	1.94e-05	0.00e+00	0.00e+00	0.00e+00	0.00e+00	0.00e+00	0.00e+00	9.05e-01	4.34e-05	4.87e-05
 7.38099e+18	9.09e-01	9.14e-02	1.74e-05	0.00e+00	0.00e+00	0.00e+00	0.00e+00	0.00e+00	0.00e+00	9.08e-01	4.28e-05	4.80e-05
 7.53051e+18	9.12e-01	8.80e-02	1.56e-05	0.00e+00	0.00e+00	0.00e+00	0.00e+00	0.00e+00	0.00e+00	9.12e-01	4.22e-05	4.73e-05
 7.68605e+18	9.15e-01	8.48e-02	1.41e-05	0.00e+00	0.00e+00	0.00e+00	0.00e+00	0.00e+00	0.00e+00	9.15e-01	4.16e-05	4.66e-05
 7.84821e+18	9.18e-01	8.17e-02	1.27e-05	0.00e+00	0.00e+00	0.00e+00	0.00e+00	0.00e+00	0.00e+00	9.18e-01	4.11e-05	4.60e-05
 8.01888e+18	9.21e-01	7.87e-02	1.15e-05	0.00e+00	0.00e+00	0.00e+00	0.00e+00	0.00e+00	0.00e+00	9.21e-01	4.05e-05	4.53e-05
 8.19868e+18	9.24e-01	7.59e-02	1.04e-05	0.00e+00	0.00e+00	0.00e+00	0.00e+00	0.00e+00	0.00e+00	9.24e-01	4.00e-05	4.47e-05
 8.38852e+18	9.27e-01	7.33e-02	9.40e-06	0.00e+00	0.00e+00	0.00e+00	0.00e+00	0.00e+00	0.00e+00	9.27e-01	3.95e-05	4.41e-05
 8.59040e+18	9.29e-01	7.07e-02	8.54e-06	0.00e+00	0.00e+00	0.00e+00	0.00e+00	0.00e+00	0.00e+00	9.29e-01	3.90e-05	4.36e-05
 8.80604e+18	9.32e-01	6.83e-02	7.77e-06	0.00e+00	0.00e+00	0.00e+00	0.00e+00	0.00e+00	0.00e+00	9.32e-01	3.86e-05	4.30e-05
 9.03679e+18	9.34e-01	6.60e-02	7.09e-06	0.00e+00	0.00e+00	0.00e+00	0.00e+00	0.00e+00	0.00e+00	9.34e-01	3.81e-05	4.25e-05
 9.28424e+18	9.36e-01	6.38e-02	6.47e-06	0.00e+00	0.00e+00	0.00e+00	0.00e+00	0.00e+00	0.00e+00	9.36e-01	3.77e-05	4.20e-05
 9.55086e+18	9.38e-01	6.16e-02	5.93e-06	0.00e+00	0.00e+00	0.00e+00	0.00e+00	0.00e+00	0.00e+00	9.38e-01	3.73e-05	4.15e-05
 9.83933e+18	9.40e-01	5.96e-02	5.43e-06	0.00e+00	0.00e+00	0.00e+00	0.00e+00	0.00e+00	0.00e+00	9.40e-01	3.68e-05	4.10e-05
 1.01519e+19	9.42e-01	5.76e-02	4.99e-06	0.00e+00	0.00e+00	0.00e+00	0.00e+00	0.00e+00	0.00e+00	9.42e-01	3.64e-05	4.06e-05
 1.04904e+19	9.44e-01	5.57e-02	4.59e-06	0.00e+00	0.00e+00	0.00e+00	0.00e+00	0.00e+00	0.00e+00	9.44e-01	3.60e-05	4.01e-05
 1.08570e+19	9.46e-01	5.39e-02	4.24e-06	0.00e+00	0.00e+00	0.00e+00	0.00e+00	0.00e+00	0.00e+00	9.46e-01	3.57e-05	3.97e-05
 1.12509e+19	9.48e-01	5.21e-02	3.92e-06	0.00e+00	0.00e+00	0.00e+00	0.00e+00	0.00e+00	0.00e+00	9.48e-01	3.53e-05	3.92e-05
 1.16752e+19	9.50e-01	5.04e-02	3.63e-06	0.00e+00	0.00e+00	0.00e+00	0.00e+00	0.00e+00	0.00e+00	9.50e-01	3.49e-05	3.88e-05
 1.21330e+19	9.51e-01	4.87e-02	3.37e-06	0.00e+00	0.00e+00	0.00e+00	0.00e+00	0.00e+00	0.00e+00	9.51e-01	3.45e-05	3.83e-05
 1.26211e+19	9.53e-01	4.70e-02	3.14e-06	0.00e+00	0.00e+00	0.00e+00	0.00e+00	0.00e+00	0.00e+00	9.53e-01	3.42e-05	3.79e-05
 1.31383e+19	9.55e-01	4.54e-02	2.93e-06	0.00e+00	0.00e+00	0.00e+00	0.00e+00	0.00e+00	0.00e+00	9.55e-01	3.38e-05	3.74e-05
 1.36842e+19	9.56e-01	4.38e-02	2.74e-06	0.00e+00	0.00e+00	0.00e+00	0.00e+00	0.00e+00	0.00e+00	9.56e-01	3.34e-05	3.68e-05
 1.42578e+19	9.58e-01	4.23e-02	2.58e-06	0.00e+00	0.00e+00	0.00e+00	0.00e+00	0.00e+00	0.00e+00	9.58e-01	3.30e-05	3.63e-05
 1.48554e+19	9.59e-01	4.08e-02	2.43e-06	0.00e+00	0.00e+00	0.00e+00	0.00e+00	0.00e+00	0.00e+00	9.59e-01	3.26e-05	3.57e-05
 1.54750e+19	9.61e-01	3.94e-02	2.30e-06	0.00e+00	0.00e+00	0.00e+00	0.00e+00	0.00e+00	0.00e+00	9.61e-01	3.22e-05	3.52e-05
 1.61187e+19	9.62e-01	3.80e-02	2.19e-06	0.00e+00	0.00e+00	0.00e+00	0.00e+00	0.00e+00	0.00e+00	9.62e-01	3.18e-05	3.46e-05
 1.67924e+19	9.63e-01	3.66e-02	2.09e-06	0.00e+00	0.00e+00	0.00e+00	0.00e+00	0.00e+00	0.00e+00	9.63e-01	3.14e-05	3.41e-05
 1.74913e+19	9.65e-01	3.52e-02	2.00e-06	0.00e+00	0.00e+00	0.00e+00	0.00e+00	0.00e+00	0.00e+00	9.65e-01	3.11e-05	3.36e-05
 1.82020e+19	9.66e-01	3.40e-02	1.92e-06	0.00e+00	0.00e+00	0.00e+00	0.00e+00	0.00e+00	0.00e+00	9.66e-01	3.07e-05	3.31e-05
 1.89102e+19	9.67e-01	3.28e-02	1.85e-06	0.00e+00	0.00e+00	0.00e+00	0.00e+00	0.00e+00	0.00e+00	9.67e-01	3.04e-05	3.27e-05
 1.96032e+19	9.68e-01	3.17e-02	1.80e-06	0.00e+00	0.00e+00	0.00e+00	0.00e+00	0.00e+00	0.00e+00	9.68e-01	3.01e-05	3.23e-05
 2.02832e+19	9.69e-01	3.07e-02	1.75e-06	0.00e+00	0.00e+00	0.00e+00	0.00e+00	0.00e+00	0.00e+00	9.69e-01	2.98e-05	3.19e-05
 2.09540e+19	9.70e-01	2.97e-02	1.71e-06	0.00e+00	0.00e+00	0.00e+00	0.00e+00	0.00e+00	0.00e+00	9.70e-01	2.96e-05	3.15e-05
 2.16138e+19	9.71e-01	2.88e-02	1.68e-06	0.00e+00	0.00e+00	0.00e+00	0.00e+00	0.00e+00	0.00e+00	9.71e-01	2.93e-05	3.12e-05
 2.22578e+19	9.72e-01	2.79e-02	1.65e-06	0.00e+00	0.00e+00	0.00e+00	0.00e+00	0.00e+00	0.00e+00	9.72e-01	2.91e-05	3.08e-05
 2.28828e+19	9.73e-01	2.71e-02	1.63e-06	0.00e+00	0.00e+00	0.00e+00	0.00e+00	0.00e+00	0.00e+00	9.73e-01	2.88e-05	3.05e-05
 2.34890e+19	9.74e-01	2.64e-02	1.61e-06	0.00e+00	0.00e+00	0.00e+00	0.00e+00	0.00e+00	0.00e+00	9.74e-01	2.86e-05	3.02e-05
 2.40762e+19	9.74e-01	2.57e-02	1.59e-06	0.00e+00	0.00e+00	0.00e+00	0.00e+00	0.00e+00	0.00e+00	9.74e-01	2.84e-05	3.00e-05
 2.46411e+19	9.75e-01	2.50e-02	1.58e-06	0.00e+00	0.00e+00	0.00e+00	0.00e+00	0.00e+00	0.00e+00	9.75e-01	2.82e-05	2.97e-05
 2.51799e+19	9.76e-01	2.44e-02	1.57e-06	0.00e+00	0.00e+00	0.00e+00	0.00e+00	0.00e+00	0.00e+00	9.76e-01	2.80e-05	2.94e-05
 2.56888e+19	9.76e-01	2.38e-02	1.57e-06	0.00e+00	0.00e+00	0.00e+00	0.00e+00	0.00e+00	0.00e+00	9.76e-01	2.78e-05	2.92e-05
 2.61686e+19	9.77e-01	2.32e-02	1.56e-06	0.00e+00	0.00e+00	0.00e+00	0.00e+00	0.00e+00	0.00e+00	9.77e-01	2.76e-05	2.89e-05
 2.66201e+19	9.77e-01	2.27e-02	1.56e-06	0.00e+00	0.00e+00	0.00e+00	0.00e+00	0.00e+00	0.00e+00	9.77e-01	2.74e-05	2.87e-05
