#depth	N	N+	N+2	N+3	N+4	N+5	N+6	N+7
 6.40319e+17	5.10e-07	1.41e-03	2.09e-01	5.80e-01	1.80e-01	2.84e-02	2.57e-05	0.00e+00
 3.84191e+18	5.08e-07	1.41e-03	2.09e-01	5.81e-01	1.80e-01	2.83e-02	2.57e-05	0.00e+00
 1.66483e+19	5.05e-07	1.41e-03	2.10e-01	5.81e-01	1.79e-01	2.81e-02	2.55e-05	0.00e+00
 6.78738e+19	5.00e-07	1.41e-03	2.15e-01	5.81e-01	1.75e-01	2.70e-02	2.43e-05	0.00e+00
 1.62129e+20	4.73e-07	1.38e-03	2.20e-01	5.83e-01	1.70e-01	2.56e-02	2.28e-05	0.00e+00
 2.84660e+20	4.75e-07	1.40e-03	2.29e-01	5.84e-01	1.62e-01	2.36e-02	2.07e-05	0.00e+00
 4.43951e+20	5.02e-07	1.47e-03	2.44e-01	5.82e-01	1.51e-01	2.11e-02	1.81e-05	0.00e+00
 6.51029e+20	5.63e-07	1.61e-03	2.67e-01	5.77e-01	1.37e-01	1.78e-02	1.50e-05	0.00e+00
 8.59223e+20	6.27e-07	1.77e-03	2.93e-01	5.68e-01	1.22e-01	1.51e-02	1.24e-05	0.00e+00
 1.02072e+21	6.99e-07	1.94e-03	3.17e-01	5.58e-01	1.10e-01	1.30e-02	1.05e-05	0.00e+00
 1.15073e+21	7.75e-07	2.11e-03	3.38e-01	5.48e-01	1.01e-01	1.14e-02	9.11e-06	0.00e+00
 1.26545e+21	8.57e-07	2.28e-03	3.59e-01	5.37e-01	9.18e-02	9.99e-03	7.92e-06	0.00e+00
 1.37278e+21	9.49e-07	2.48e-03	3.79e-01	5.26e-01	8.34e-02	8.76e-03	6.88e-06	0.00e+00
 1.47429e+21	1.05e-06	2.68e-03	4.00e-01	5.15e-01	7.56e-02	7.66e-03	5.97e-06	0.00e+00
 1.56966e+21	1.15e-06	2.89e-03	4.19e-01	5.03e-01	6.83e-02	6.68e-03	5.16e-06	0.00e+00
 1.65936e+21	1.24e-06	3.06e-03	4.37e-01	4.92e-01	6.16e-02	5.84e-03	4.48e-06	0.00e+00
 1.75950e+21	1.42e-06	3.38e-03	4.58e-01	4.79e-01	5.42e-02	4.92e-03	3.74e-06	0.00e+00
 1.85662e+21	1.57e-06	3.64e-03	4.78e-01	4.67e-01	4.77e-02	4.17e-03	3.15e-06	0.00e+00
 1.93205e+21	1.70e-06	3.87e-03	4.92e-01	4.57e-01	4.27e-02	3.63e-03	2.72e-06	0.00e+00
 2.01235e+21	1.87e-06	4.16e-03	5.08e-01	4.47e-01	3.76e-02	3.09e-03	2.29e-06	0.00e+00
 2.10098e+21	2.07e-06	4.47e-03	5.24e-01	4.36e-01	3.26e-02	2.59e-03	1.89e-06	0.00e+00
 2.18237e+21	2.26e-06	4.77e-03	5.38e-01	4.27e-01	2.84e-02	2.20e-03	1.58e-06	0.00e+00
 2.25711e+21	2.46e-06	5.07e-03	5.50e-01	4.18e-01	2.49e-02	1.89e-03	1.33e-06	0.00e+00
 2.34126e+21	2.73e-06	5.44e-03	5.63e-01	4.08e-01	2.14e-02	1.59e-03	1.10e-06	0.00e+00
 2.43158e+21	3.03e-06	5.83e-03	5.76e-01	3.99e-01	1.82e-02	1.35e-03	9.00e-07	0.00e+00
 2.51343e+21	3.33e-06	6.21e-03	5.87e-01	3.90e-01	1.57e-02	1.16e-03	7.56e-07	0.00e+00
 2.60336e+21	3.73e-06	6.66e-03	5.98e-01	3.81e-01	1.34e-02	9.98e-04	6.26e-07	0.00e+00
 2.72005e+21	4.31e-06	7.29e-03	6.12e-01	3.69e-01	1.10e-02	8.35e-04	4.99e-07	0.00e+00
 2.84205e+21	4.96e-06	7.94e-03	6.24e-01	3.58e-01	9.08e-03	7.13e-04	4.05e-07	0.00e+00
 2.95350e+21	5.66e-06	8.58e-03	6.35e-01	3.48e-01	7.71e-03	6.26e-04	3.39e-07	0.00e+00
 3.08069e+21	6.60e-06	9.37e-03	6.47e-01	3.37e-01	6.45e-03	5.45e-04	2.80e-07	0.00e+00
 3.24604e+21	8.03e-06	1.05e-02	6.61e-01	3.23e-01	5.23e-03	4.63e-04	2.21e-07	0.00e+00
 3.43156e+21	9.94e-06	1.18e-02	6.75e-01	3.08e-01	4.25e-03	3.93e-04	1.74e-07	0.00e+00
 3.61186e+21	1.23e-05	1.34e-02	6.88e-01	2.94e-01	3.55e-03	3.37e-04	1.37e-07	0.00e+00
 3.75337e+21	1.45e-05	1.47e-02	6.98e-01	2.84e-01	3.14e-03	3.00e-04	0.00e+00	0.00e+00
 3.84942e+21	1.62e-05	1.57e-02	7.05e-01	2.76e-01	2.89e-03	2.76e-04	0.00e+00	0.00e+00
 3.94777e+21	1.85e-05	1.69e-02	7.12e-01	2.68e-01	2.64e-03	2.52e-04	0.00e+00	0.00e+00
 4.07563e+21	2.19e-05	1.86e-02	7.21e-01	2.57e-01	2.37e-03	2.23e-04	0.00e+00	0.00e+00
 4.20368e+21	2.60e-05	2.06e-02	7.30e-01	2.47e-01	2.14e-03	1.97e-04	0.00e+00	0.00e+00
 4.30213e+21	2.98e-05	2.24e-02	7.38e-01	2.38e-01	1.98e-03	1.78e-04	0.00e+00	0.00e+00
 4.38634e+21	3.38e-05	2.41e-02	7.44e-01	2.30e-01	1.85e-03	1.62e-04	0.00e+00	0.00e+00
 4.48189e+21	3.92e-05	2.64e-02	7.51e-01	2.21e-01	1.71e-03	1.45e-04	0.00e+00	0.00e+00
 4.58494e+21	4.63e-05	2.92e-02	7.59e-01	2.10e-01	1.57e-03	1.28e-04	0.00e+00	0.00e+00
 4.67441e+21	5.38e-05	3.20e-02	7.65e-01	2.01e-01	1.46e-03	1.14e-04	0.00e+00	0.00e+00
 4.75192e+21	6.18e-05	3.48e-02	7.71e-01	1.93e-01	1.37e-03	1.02e-04	0.00e+00	0.00e+00
 4.83721e+21	7.26e-05	3.85e-02	7.77e-01	1.83e-01	1.27e-03	9.02e-05	0.00e+00	0.00e+00
 4.92802e+21	8.66e-05	4.29e-02	7.83e-01	1.72e-01	1.17e-03	7.83e-05	0.00e+00	0.00e+00
 5.00486e+21	1.01e-04	4.73e-02	7.88e-01	1.63e-01	1.08e-03	6.88e-05	0.00e+00	0.00e+00
 5.07114e+21	1.17e-04	5.16e-02	7.92e-01	1.55e-01	1.02e-03	6.12e-05	0.00e+00	0.00e+00
 5.14489e+21	1.39e-04	5.74e-02	7.96e-01	1.46e-01	9.40e-04	5.30e-05	0.00e+00	0.00e+00
 5.22391e+21	1.67e-04	6.44e-02	7.99e-01	1.35e-01	8.63e-04	4.52e-05	0.00e+00	0.00e+00
 5.29176e+21	1.98e-04	7.16e-02	8.01e-01	1.26e-01	7.99e-04	3.90e-05	0.00e+00	0.00e+00
 5.35111e+21	2.32e-04	7.88e-02	8.02e-01	1.18e-01	7.43e-04	3.40e-05	0.00e+00	0.00e+00
 5.41740e+21	2.80e-04	8.85e-02	8.02e-01	1.09e-01	6.82e-04	2.87e-05	0.00e+00	0.00e+00
 5.48822e+21	3.42e-04	1.00e-01	7.99e-01	9.94e-02	6.20e-04	2.39e-05	0.00e+00	0.00e+00
 5.54953e+21	4.13e-04	1.12e-01	7.96e-01	9.09e-02	5.67e-04	2.00e-05	0.00e+00	0.00e+00
 5.60324e+21	4.90e-04	1.25e-01	7.91e-01	8.35e-02	5.22e-04	1.70e-05	0.00e+00	0.00e+00
 5.66247e+21	6.01e-04	1.41e-01	7.83e-01	7.50e-02	4.71e-04	1.39e-05	0.00e+00	0.00e+00
 5.72395e+21	7.46e-04	1.61e-01	7.72e-01	6.66e-02	4.21e-04	1.11e-05	0.00e+00	0.00e+00
 5.77414e+21	8.96e-04	1.79e-01	7.60e-01	5.99e-02	3.83e-04	9.21e-06	0.00e+00	0.00e+00
 5.81766e+21	1.06e-03	1.98e-01	7.47e-01	5.41e-02	3.49e-04	7.68e-06	0.00e+00	0.00e+00
 5.86676e+21	1.30e-03	2.23e-01	7.28e-01	4.75e-02	3.10e-04	6.12e-06	0.00e+00	0.00e+00
 5.91807e+21	1.61e-03	2.52e-01	7.05e-01	4.11e-02	2.73e-04	4.78e-06	0.00e+00	0.00e+00
 5.96085e+21	1.94e-03	2.80e-01	6.82e-01	3.59e-02	2.42e-04	3.82e-06	0.00e+00	0.00e+00
 5.99811e+21	2.29e-03	3.07e-01	6.59e-01	3.15e-02	2.16e-04	3.08e-06	0.00e+00	0.00e+00
 6.03965e+21	2.79e-03	3.42e-01	6.28e-01	2.68e-02	1.88e-04	2.37e-06	0.00e+00	0.00e+00
 6.08382e+21	3.46e-03	3.83e-01	5.91e-01	2.22e-02	1.60e-04	1.76e-06	0.00e+00	0.00e+00
 6.12125e+21	4.16e-03	4.22e-01	5.55e-01	1.86e-02	1.37e-04	1.34e-06	0.00e+00	0.00e+00
 6.15373e+21	4.92e-03	4.58e-01	5.21e-01	1.56e-02	1.18e-04	1.03e-06	0.00e+00	0.00e+00
 6.18996e+21	5.98e-03	5.03e-01	4.78e-01	1.26e-02	9.84e-05	7.47e-07	0.00e+00	0.00e+00
 6.22867e+21	7.35e-03	5.52e-01	4.30e-01	9.79e-03	7.94e-05	5.17e-07	0.00e+00	0.00e+00
 6.26213e+21	8.85e-03	5.97e-01	3.86e-01	7.66e-03	6.44e-05	3.63e-07	0.00e+00	0.00e+00
 6.29169e+21	1.04e-02	6.38e-01	3.46e-01	6.04e-03	5.26e-05	2.59e-07	0.00e+00	0.00e+00
 6.31799e+21	1.21e-02	6.74e-01	3.09e-01	4.78e-03	4.30e-05	1.87e-07	0.00e+00	0.00e+00
 6.34044e+21	1.38e-02	7.05e-01	2.78e-01	3.86e-03	3.58e-05	1.39e-07	0.00e+00	0.00e+00
 6.36451e+21	1.60e-02	7.37e-01	2.44e-01	2.99e-03	2.88e-05	0.00e+00	0.00e+00	0.00e+00
 6.38985e+21	1.86e-02	7.69e-01	2.10e-01	2.25e-03	2.25e-05	0.00e+00	0.00e+00	0.00e+00
 6.41074e+21	2.12e-02	7.94e-01	1.83e-01	1.74e-03	1.81e-05	0.00e+00	0.00e+00	0.00e+00
 6.42832e+21	2.36e-02	8.13e-01	1.62e-01	1.39e-03	1.49e-05	0.00e+00	0.00e+00	0.00e+00
 6.44767e+21	2.68e-02	8.33e-01	1.39e-01	1.06e-03	1.18e-05	0.00e+00	0.00e+00	0.00e+00
 6.46860e+21	3.07e-02	8.52e-01	1.17e-01	7.86e-04	9.03e-06	0.00e+00	0.00e+00	0.00e+00
 6.48684e+21	3.48e-02	8.66e-01	9.88e-02	5.93e-04	7.03e-06	0.00e+00	0.00e+00	0.00e+00
 6.50256e+21	3.86e-02	8.76e-01	8.51e-02	4.64e-04	5.65e-06	0.00e+00	0.00e+00	0.00e+00
 6.51971e+21	4.39e-02	8.85e-01	7.09e-02	3.46e-04	4.32e-06	0.00e+00	0.00e+00	0.00e+00
 6.53821e+21	5.02e-02	8.92e-01	5.78e-02	2.52e-04	3.22e-06	0.00e+00	0.00e+00	0.00e+00
 6.55452e+21	5.68e-02	8.95e-01	4.78e-02	1.90e-04	2.46e-06	0.00e+00	0.00e+00	0.00e+00
 6.56934e+21	6.37e-02	8.96e-01	3.98e-02	1.47e-04	1.90e-06	0.00e+00	0.00e+00	0.00e+00
 6.58615e+21	7.33e-02	8.95e-01	3.17e-02	1.09e-04	1.39e-06	0.00e+00	0.00e+00	0.00e+00
 6.60435e+21	8.53e-02	8.90e-01	2.46e-02	7.96e-05	9.82e-07	0.00e+00	0.00e+00	0.00e+00
 6.62057e+21	9.86e-02	8.82e-01	1.93e-02	6.08e-05	7.08e-07	0.00e+00	0.00e+00	0.00e+00
 6.63535e+21	1.12e-01	8.72e-01	1.53e-02	4.83e-05	5.22e-07	0.00e+00	0.00e+00	0.00e+00
 6.65020e+21	1.29e-01	8.59e-01	1.20e-02	3.88e-05	3.77e-07	0.00e+00	0.00e+00	0.00e+00
 6.66502e+21	1.48e-01	8.42e-01	9.27e-03	3.19e-05	2.72e-07	0.00e+00	0.00e+00	0.00e+00
 6.67831e+21	1.68e-01	8.24e-01	7.30e-03	2.72e-05	2.01e-07	0.00e+00	0.00e+00	0.00e+00
 6.68997e+21	1.88e-01	8.06e-01	5.87e-03	2.38e-05	1.53e-07	0.00e+00	0.00e+00	0.00e+00
 6.70079e+21	2.09e-01	7.86e-01	4.75e-03	2.12e-05	0.00e+00	0.00e+00	0.00e+00	0.00e+00
 6.71091e+21	2.31e-01	7.65e-01	3.88e-03	1.91e-05	0.00e+00	0.00e+00	0.00e+00	0.00e+00
 6.72042e+21	2.53e-01	7.44e-01	3.19e-03	1.75e-05	0.00e+00	0.00e+00	0.00e+00	0.00e+00
 6.72934e+21	2.75e-01	7.22e-01	2.64e-03	1.61e-05	0.00e+00	0.00e+00	0.00e+00	0.00e+00
 6.73626e+21	2.93e-01	7.05e-01	2.29e-03	1.51e-05	0.00e+00	0.00e+00	0.00e+00	0.00e+00
 6.74093e+21	3.05e-01	6.93e-01	2.07e-03	1.45e-05	0.00e+00	0.00e+00	0.00e+00	0.00e+00
 6.74532e+21	3.18e-01	6.80e-01	1.87e-03	1.39e-05	0.00e+00	0.00e+00	0.00e+00	0.00e+00
 6.75032e+21	3.33e-01	6.65e-01	1.67e-03	1.33e-05	0.00e+00	0.00e+00	0.00e+00	0.00e+00
 6.75565e+21	3.49e-01	6.49e-01	1.48e-03	1.27e-05	0.00e+00	0.00e+00	0.00e+00	0.00e+00
 6.76088e+21	3.66e-01	6.33e-01	1.31e-03	1.21e-05	0.00e+00	0.00e+00	0.00e+00	0.00e+00
 6.76590e+21	3.82e-01	6.17e-01	1.17e-03	1.15e-05	0.00e+00	0.00e+00	0.00e+00	0.00e+00
 6.77089e+21	3.99e-01	6.00e-01	1.03e-03	1.10e-05	0.00e+00	0.00e+00	0.00e+00	0.00e+00
 6.77588e+21	4.15e-01	5.84e-01	9.20e-04	1.05e-05	0.00e+00	0.00e+00	0.00e+00	0.00e+00
 6.78088e+21	4.32e-01	5.67e-01	8.15e-04	1.00e-05	0.00e+00	0.00e+00	0.00e+00	0.00e+00
 6.78586e+21	4.49e-01	5.50e-01	7.24e-04	9.59e-06	0.00e+00	0.00e+00	0.00e+00	0.00e+00
 6.79079e+21	4.66e-01	5.33e-01	6.43e-04	9.15e-06	0.00e+00	0.00e+00	0.00e+00	0.00e+00
 6.79575e+21	4.83e-01	5.16e-01	5.71e-04	8.73e-06	0.00e+00	0.00e+00	0.00e+00	0.00e+00
 6.80074e+21	5.01e-01	4.98e-01	5.06e-04	8.32e-06	0.00e+00	0.00e+00	0.00e+00	0.00e+00
 6.80569e+21	5.18e-01	4.81e-01	4.50e-04	7.93e-06	0.00e+00	0.00e+00	0.00e+00	0.00e+00
 6.81061e+21	5.35e-01	4.64e-01	4.01e-04	7.56e-06	0.00e+00	0.00e+00	0.00e+00	0.00e+00
 6.81559e+21	5.52e-01	4.48e-01	3.57e-04	7.20e-06	0.00e+00	0.00e+00	0.00e+00	0.00e+00
 6.82063e+21	5.69e-01	4.30e-01	3.17e-04	6.85e-06	0.00e+00	0.00e+00	0.00e+00	0.00e+00
 6.82566e+21	5.86e-01	4.14e-01	2.84e-04	6.52e-06	0.00e+00	0.00e+00	0.00e+00	0.00e+00
 6.83068e+21	6.02e-01	3.98e-01	2.54e-04	6.20e-06	0.00e+00	0.00e+00	0.00e+00	0.00e+00
 6.83579e+21	6.18e-01	3.82e-01	2.28e-04	5.90e-06	0.00e+00	0.00e+00	0.00e+00	0.00e+00
 6.84101e+21	6.34e-01	3.66e-01	2.05e-04	5.61e-06	0.00e+00	0.00e+00	0.00e+00	0.00e+00
 6.84626e+21	6.49e-01	3.51e-01	1.85e-04	5.33e-06	0.00e+00	0.00e+00	0.00e+00	0.00e+00
 6.85148e+21	6.64e-01	3.36e-01	1.68e-04	5.07e-06	0.00e+00	0.00e+00	0.00e+00	0.00e+00
 6.85674e+21	6.78e-01	3.22e-01	1.53e-04	4.83e-06	0.00e+00	0.00e+00	0.00e+00	0.00e+00
 6.86208e+21	6.91e-01	3.09e-01	1.40e-04	4.60e-06	0.00e+00	0.00e+00	0.00e+00	0.00e+00
 6.86743e+21	7.03e-01	2.97e-01	1.29e-04	4.38e-06	0.00e+00	0.00e+00	0.00e+00	0.00e+00
 6.87280e+21	7.15e-01	2.85e-01	1.20e-04	4.19e-06	0.00e+00	0.00e+00	0.00e+00	0.00e+00
 6.87832e+21	7.26e-01	2.73e-01	1.11e-04	4.00e-06	0.00e+00	0.00e+00	0.00e+00	0.00e+00
 6.88401e+21	7.37e-01	2.63e-01	1.04e-04	3.83e-06	0.00e+00	0.00e+00	0.00e+00	0.00e+00
 6.88981e+21	7.47e-01	2.53e-01	9.81e-05	3.67e-06	0.00e+00	0.00e+00	0.00e+00	0.00e+00
 6.89578e+21	7.56e-01	2.43e-01	9.27e-05	3.52e-06	0.00e+00	0.00e+00	0.00e+00	0.00e+00
 6.90206e+21	7.65e-01	2.35e-01	8.81e-05	3.38e-06	0.00e+00	0.00e+00	0.00e+00	0.00e+00
 6.90871e+21	7.73e-01	2.27e-01	8.40e-05	3.25e-06	0.00e+00	0.00e+00	0.00e+00	0.00e+00
 6.91581e+21	7.81e-01	2.19e-01	8.05e-05	3.13e-06	0.00e+00	0.00e+00	0.00e+00	0.00e+00
 6.92353e+21	7.88e-01	2.12e-01	7.74e-05	3.02e-06	0.00e+00	0.00e+00	0.00e+00	0.00e+00
 6.93206e+21	7.95e-01	2.05e-01	7.47e-05	2.92e-06	0.00e+00	0.00e+00	0.00e+00	0.00e+00
 6.94168e+21	8.01e-01	1.99e-01	7.24e-05	2.83e-06	0.00e+00	0.00e+00	0.00e+00	0.00e+00
 6.95289e+21	8.06e-01	1.94e-01	7.03e-05	2.74e-06	0.00e+00	0.00e+00	0.00e+00	0.00e+00
 6.96498e+21	8.10e-01	1.90e-01	6.87e-05	2.68e-06	0.00e+00	0.00e+00	0.00e+00	0.00e+00
 6.97693e+21	8.14e-01	1.86e-01	6.76e-05	2.63e-06	0.00e+00	0.00e+00	0.00e+00	0.00e+00
 6.98878e+21	8.16e-01	1.84e-01	6.68e-05	2.59e-06	0.00e+00	0.00e+00	0.00e+00	0.00e+00
 7.00054e+21	8.18e-01	1.82e-01	6.61e-05	2.56e-06	0.00e+00	0.00e+00	0.00e+00	0.00e+00
 7.01224e+21	8.20e-01	1.80e-01	6.55e-05	2.53e-06	0.00e+00	0.00e+00	0.00e+00	0.00e+00
 7.02389e+21	8.20e-01	1.79e-01	6.52e-05	2.52e-06	0.00e+00	0.00e+00	0.00e+00	0.00e+00
 7.03550e+21	8.22e-01	1.78e-01	6.48e-05	2.49e-06	0.00e+00	0.00e+00	0.00e+00	0.00e+00
 7.04885e+21	8.23e-01	1.77e-01	6.45e-05	2.48e-06	0.00e+00	0.00e+00	0.00e+00	0.00e+00
 7.06620e+21	8.24e-01	1.76e-01	6.41e-05	2.46e-06	0.00e+00	0.00e+00	0.00e+00	0.00e+00
 7.08875e+21	8.25e-01	1.75e-01	6.37e-05	2.44e-06	0.00e+00	0.00e+00	0.00e+00	0.00e+00
 7.11807e+21	8.26e-01	1.74e-01	6.32e-05	2.42e-06	0.00e+00	0.00e+00	0.00e+00	0.00e+00
 7.15618e+21	8.27e-01	1.73e-01	6.26e-05	2.39e-06	0.00e+00	0.00e+00	0.00e+00	0.00e+00
 7.20573e+21	8.29e-01	1.71e-01	6.19e-05	2.35e-06	0.00e+00	0.00e+00	0.00e+00	0.00e+00
 7.27015e+21	8.31e-01	1.68e-01	6.10e-05	2.30e-06	0.00e+00	0.00e+00	0.00e+00	0.00e+00
 7.35389e+21	8.34e-01	1.66e-01	5.98e-05	2.25e-06	0.00e+00	0.00e+00	0.00e+00	0.00e+00
 7.46275e+21	8.38e-01	1.62e-01	5.84e-05	2.18e-06	0.00e+00	0.00e+00	0.00e+00	0.00e+00
 7.60426e+21	8.42e-01	1.58e-01	5.68e-05	2.09e-06	0.00e+00	0.00e+00	0.00e+00	0.00e+00
 7.78824e+21	8.47e-01	1.53e-01	5.48e-05	1.98e-06	0.00e+00	0.00e+00	0.00e+00	0.00e+00
 8.02740e+21	8.53e-01	1.47e-01	5.24e-05	1.86e-06	0.00e+00	0.00e+00	0.00e+00	0.00e+00
 8.30940e+21	8.59e-01	1.41e-01	4.99e-05	1.74e-06	0.00e+00	0.00e+00	0.00e+00	0.00e+00
 8.60640e+21	8.65e-01	1.35e-01	4.76e-05	1.62e-06	0.00e+00	0.00e+00	0.00e+00	0.00e+00
 8.91986e+21	8.70e-01	1.30e-01	4.54e-05	1.51e-06	0.00e+00	0.00e+00	0.00e+00	0.00e+00
 9.26310e+21	8.75e-01	1.25e-01	4.32e-05	1.40e-06	0.00e+00	0.00e+00	0.00e+00	0.00e+00
 9.64245e+21	8.80e-01	1.20e-01	4.10e-05	1.29e-06	0.00e+00	0.00e+00	0.00e+00	0.00e+00
 1.00600e+22	8.85e-01	1.15e-01	3.88e-05	1.19e-06	0.00e+00	0.00e+00	0.00e+00	0.00e+00
 1.05189e+22	8.90e-01	1.10e-01	3.66e-05	1.09e-06	0.00e+00	0.00e+00	0.00e+00	0.00e+00
 1.10279e+22	8.95e-01	1.05e-01	3.43e-05	9.90e-07	0.00e+00	0.00e+00	0.00e+00	0.00e+00
 1.16013e+22	9.00e-01	1.00e-01	3.20e-05	8.94e-07	0.00e+00	0.00e+00	0.00e+00	0.00e+00
 1.22498e+22	9.04e-01	9.56e-02	2.97e-05	8.02e-07	0.00e+00	0.00e+00	0.00e+00	0.00e+00
 1.29830e+22	9.09e-01	9.11e-02	2.74e-05	7.12e-07	0.00e+00	0.00e+00	0.00e+00	0.00e+00
 1.38325e+22	9.13e-01	8.66e-02	2.49e-05	6.24e-07	0.00e+00	0.00e+00	0.00e+00	0.00e+00
 1.46999e+22	9.17e-01	8.29e-02	2.27e-05	5.50e-07	0.00e+00	0.00e+00	0.00e+00	0.00e+00
 1.54483e+22	9.20e-01	8.01e-02	2.11e-05	4.97e-07	0.00e+00	0.00e+00	0.00e+00	0.00e+00
 1.61164e+22	9.22e-01	7.78e-02	1.97e-05	4.54e-07	0.00e+00	0.00e+00	0.00e+00	0.00e+00
 1.68691e+22	9.24e-01	7.55e-02	1.82e-05	4.11e-07	0.00e+00	0.00e+00	0.00e+00	0.00e+00
 1.77014e+22	9.27e-01	7.33e-02	1.68e-05	3.70e-07	0.00e+00	0.00e+00	0.00e+00	0.00e+00
 1.84494e+22	9.28e-01	7.17e-02	1.57e-05	3.38e-07	0.00e+00	0.00e+00	0.00e+00	0.00e+00
 1.91088e+22	9.30e-01	7.02e-02	1.47e-05	3.13e-07	0.00e+00	0.00e+00	0.00e+00	0.00e+00
 1.98408e+22	9.31e-01	6.89e-02	1.37e-05	2.87e-07	0.00e+00	0.00e+00	0.00e+00	0.00e+00
 2.06538e+22	9.33e-01	6.75e-02	1.27e-05	2.62e-07	0.00e+00	0.00e+00	0.00e+00	0.00e+00
 2.13924e+22	9.34e-01	6.64e-02	1.19e-05	2.42e-07	0.00e+00	0.00e+00	0.00e+00	0.00e+00
 2.20511e+22	9.34e-01	6.55e-02	1.12e-05	2.26e-07	0.00e+00	0.00e+00	0.00e+00	0.00e+00
 2.27857e+22	9.35e-01	6.46e-02	1.05e-05	2.09e-07	0.00e+00	0.00e+00	0.00e+00	0.00e+00
 2.35836e+22	9.36e-01	6.36e-02	9.77e-06	1.93e-07	0.00e+00	0.00e+00	0.00e+00	0.00e+00
 2.42998e+22	9.37e-01	6.27e-02	9.19e-06	1.79e-07	0.00e+00	0.00e+00	0.00e+00	0.00e+00
 2.49444e+22	9.38e-01	6.23e-02	8.70e-06	1.69e-07	0.00e+00	0.00e+00	0.00e+00	0.00e+00
 2.55356e+22	9.38e-01	6.18e-02	8.27e-06	1.59e-07	0.00e+00	0.00e+00	0.00e+00	0.00e+00
 2.60677e+22	9.39e-01	6.13e-02	7.91e-06	1.51e-07	0.00e+00	0.00e+00	0.00e+00	0.00e+00
 2.65466e+22	9.39e-01	6.09e-02	7.60e-06	1.45e-07	0.00e+00	0.00e+00	0.00e+00	0.00e+00
 2.69776e+22	9.39e-01	6.06e-02	7.34e-06	1.39e-07	0.00e+00	0.00e+00	0.00e+00	0.00e+00
 2.73656e+22	9.40e-01	6.03e-02	7.11e-06	1.34e-07	0.00e+00	0.00e+00	0.00e+00	0.00e+00
 2.77147e+22	9.40e-01	6.00e-02	6.91e-06	1.30e-07	0.00e+00	0.00e+00	0.00e+00	0.00e+00
 2.80343e+22	9.40e-01	5.97e-02	6.73e-06	1.26e-07	0.00e+00	0.00e+00	0.00e+00	0.00e+00
 2.83429e+22	9.41e-01	5.94e-02	6.56e-06	0.00e+00	0.00e+00	0.00e+00	0.00e+00	0.00e+00
 2.86515e+22	9.41e-01	5.91e-02	6.40e-06	0.00e+00	0.00e+00	0.00e+00	0.00e+00	0.00e+00
 2.89600e+22	9.41e-01	5.88e-02	6.24e-06	0.00e+00	0.00e+00	0.00e+00	0.00e+00	0.00e+00
 2.92686e+22	9.41e-01	5.85e-02	6.09e-06	0.00e+00	0.00e+00	0.00e+00	0.00e+00	0.00e+00
 2.95772e+22	9.42e-01	5.81e-02	5.94e-06	0.00e+00	0.00e+00	0.00e+00	0.00e+00	0.00e+00
 2.98857e+22	9.42e-01	5.79e-02	5.79e-06	0.00e+00	0.00e+00	0.00e+00	0.00e+00	0.00e+00
 3.01943e+22	9.43e-01	5.74e-02	5.65e-06	0.00e+00	0.00e+00	0.00e+00	0.00e+00	0.00e+00
 3.05029e+22	9.43e-01	5.71e-02	5.51e-06	0.00e+00	0.00e+00	0.00e+00	0.00e+00	0.00e+00
 3.07570e+22	9.43e-01	5.67e-02	5.41e-06	0.00e+00	0.00e+00	0.00e+00	0.00e+00	0.00e+00
