#depth	He	He+	He+2
 5.22940e+14	8.97e-02	8.53e-01	5.74e-02
 3.13764e+15	8.94e-02	8.53e-01	5.76e-02
 1.35964e+16	8.95e-02	8.53e-01	5.75e-02
 5.54317e+16	9.01e-02	8.53e-01	5.70e-02
 1.32408e+17	9.09e-02	8.53e-01	5.65e-02
 2.32478e+17	9.23e-02	8.52e-01	5.57e-02
 3.62569e+17	9.41e-02	8.51e-01	5.46e-02
 5.31687e+17	9.68e-02	8.50e-01	5.31e-02
 7.30695e+17	1.00e-01	8.48e-01	5.15e-02
 9.32612e+17	1.04e-01	8.46e-01	4.98e-02
 1.14305e+18	1.09e-01	8.43e-01	4.81e-02
 1.38252e+18	1.15e-01	8.39e-01	4.61e-02
 1.61956e+18	1.22e-01	8.33e-01	4.45e-02
 1.81346e+18	1.29e-01	8.27e-01	4.34e-02
 1.96986e+18	1.36e-01	8.22e-01	4.24e-02
 2.13524e+18	1.44e-01	8.15e-01	4.15e-02
 2.31575e+18	1.53e-01	8.06e-01	4.06e-02
 2.47900e+18	1.63e-01	7.97e-01	3.99e-02
 2.61626e+18	1.72e-01	7.89e-01	3.94e-02
 2.72860e+18	1.80e-01	7.81e-01	3.91e-02
 2.82713e+18	1.88e-01	7.73e-01	3.88e-02
 2.92115e+18	1.96e-01	7.66e-01	3.85e-02
 3.01346e+18	2.04e-01	7.58e-01	3.83e-02
 3.10253e+18	2.12e-01	7.50e-01	3.80e-02
 3.18753e+18	2.20e-01	7.42e-01	3.77e-02
 3.27117e+18	2.29e-01	7.34e-01	3.75e-02
 3.35370e+18	2.38e-01	7.25e-01	3.72e-02
 3.41835e+18	2.44e-01	7.19e-01	3.71e-02
 3.46283e+18	2.49e-01	7.14e-01	3.69e-02
 3.50612e+18	2.54e-01	7.09e-01	3.67e-02
 3.55541e+18	2.60e-01	7.04e-01	3.66e-02
 3.61010e+18	2.67e-01	6.97e-01	3.63e-02
 3.66537e+18	2.73e-01	6.91e-01	3.61e-02
 3.72001e+18	2.80e-01	6.84e-01	3.59e-02
 3.77595e+18	2.87e-01	6.77e-01	3.56e-02
 3.83261e+18	2.95e-01	6.70e-01	3.53e-02
 3.89073e+18	3.02e-01	6.63e-01	3.50e-02
 3.95096e+18	3.10e-01	6.55e-01	3.47e-02
 4.01296e+18	3.19e-01	6.47e-01	3.43e-02
 4.07674e+18	3.28e-01	6.39e-01	3.39e-02
 4.14175e+18	3.37e-01	6.30e-01	3.35e-02
 4.20817e+18	3.46e-01	6.21e-01	3.30e-02
 4.27699e+18	3.56e-01	6.12e-01	3.26e-02
 4.34798e+18	3.66e-01	6.02e-01	3.21e-02
 4.42091e+18	3.77e-01	5.92e-01	3.15e-02
 4.49539e+18	3.87e-01	5.82e-01	3.10e-02
 4.57184e+18	3.99e-01	5.71e-01	3.04e-02
 4.65096e+18	4.10e-01	5.60e-01	2.98e-02
 4.73239e+18	4.22e-01	5.49e-01	2.92e-02
 4.81551e+18	4.34e-01	5.37e-01	2.85e-02
 4.90061e+18	4.47e-01	5.25e-01	2.79e-02
 4.98855e+18	4.59e-01	5.13e-01	2.72e-02
 5.07916e+18	4.72e-01	5.01e-01	2.65e-02
 5.17199e+18	4.86e-01	4.89e-01	2.58e-02
 5.26680e+18	4.99e-01	4.76e-01	2.50e-02
 5.36447e+18	5.12e-01	4.63e-01	2.43e-02
 5.46559e+18	5.26e-01	4.50e-01	2.35e-02
 5.56922e+18	5.40e-01	4.37e-01	2.28e-02
 5.67428e+18	5.53e-01	4.25e-01	2.20e-02
 5.78080e+18	5.67e-01	4.12e-01	2.13e-02
 5.88907e+18	5.80e-01	3.99e-01	2.05e-02
 5.99990e+18	5.93e-01	3.87e-01	1.98e-02
 6.11317e+18	6.06e-01	3.74e-01	1.91e-02
 6.22826e+18	6.19e-01	3.62e-01	1.83e-02
 6.34688e+18	6.32e-01	3.50e-01	1.76e-02
 6.46934e+18	6.45e-01	3.38e-01	1.69e-02
 6.59483e+18	6.57e-01	3.26e-01	1.62e-02
 6.72380e+18	6.70e-01	3.15e-01	1.55e-02
 6.85717e+18	6.82e-01	3.04e-01	1.48e-02
 6.99537e+18	6.93e-01	2.93e-01	1.41e-02
 7.13863e+18	7.05e-01	2.82e-01	1.34e-02
 7.28756e+18	7.16e-01	2.71e-01	1.28e-02
 7.44311e+18	7.27e-01	2.61e-01	1.21e-02
 7.60623e+18	7.38e-01	2.50e-01	1.15e-02
 7.77761e+18	7.49e-01	2.40e-01	1.08e-02
 7.95793e+18	7.59e-01	2.31e-01	1.02e-02
 8.14730e+18	7.69e-01	2.21e-01	9.57e-03
 8.34735e+18	7.79e-01	2.12e-01	8.97e-03
 8.56069e+18	7.88e-01	2.03e-01	8.38e-03
 8.78824e+18	7.98e-01	1.95e-01	7.80e-03
 9.03077e+18	8.07e-01	1.86e-01	7.25e-03
 9.28965e+18	8.15e-01	1.78e-01	6.70e-03
 9.56614e+18	8.24e-01	1.70e-01	6.19e-03
 9.86158e+18	8.32e-01	1.63e-01	5.69e-03
 1.01771e+19	8.39e-01	1.55e-01	5.22e-03
 1.05121e+19	8.47e-01	1.48e-01	4.78e-03
 1.08711e+19	8.54e-01	1.41e-01	4.36e-03
 1.12538e+19	8.61e-01	1.35e-01	3.96e-03
 1.16481e+19	8.68e-01	1.29e-01	3.60e-03
 1.20384e+19	8.74e-01	1.23e-01	3.29e-03
 1.24157e+19	8.79e-01	1.18e-01	3.02e-03
 1.27817e+19	8.84e-01	1.14e-01	2.79e-03
 1.31382e+19	8.88e-01	1.09e-01	2.58e-03
 1.34851e+19	8.92e-01	1.06e-01	2.40e-03
 1.38196e+19	8.96e-01	1.02e-01	2.23e-03
 1.41380e+19	8.99e-01	9.91e-02	2.09e-03
 1.44387e+19	9.02e-01	9.62e-02	1.96e-03
 1.47203e+19	9.04e-01	9.37e-02	1.85e-03
 1.49871e+19	9.07e-01	9.13e-02	1.75e-03
 1.52411e+19	9.09e-01	8.90e-02	1.66e-03
