#depth	O	O+	O+2	O+3	O+4	O+5	O+6	O+7	O+8	O[1]	O[2]	O[3]
 6.40319e+17	3.65e-07	7.08e-04	1.07e-01	6.35e-01	2.34e-01	2.23e-02	9.48e-04	3.43e-07	0.00e+00	3.65e-07	2.78e-12	3.14e-12
 3.84191e+18	3.65e-07	7.08e-04	1.08e-01	6.35e-01	2.34e-01	2.23e-02	9.45e-04	3.42e-07	0.00e+00	3.65e-07	2.77e-12	3.14e-12
 1.66483e+19	3.63e-07	7.08e-04	1.09e-01	6.35e-01	2.32e-01	2.21e-02	9.35e-04	3.38e-07	0.00e+00	3.63e-07	2.76e-12	3.12e-12
 6.78738e+19	3.60e-07	7.15e-04	1.14e-01	6.36e-01	2.27e-01	2.13e-02	8.93e-04	3.21e-07	0.00e+00	3.60e-07	2.74e-12	3.10e-12
 1.62129e+20	3.42e-07	7.19e-04	1.23e-01	6.38e-01	2.17e-01	2.01e-02	8.33e-04	2.96e-07	0.00e+00	3.42e-07	2.59e-12	2.94e-12
 2.84660e+20	3.49e-07	7.60e-04	1.35e-01	6.39e-01	2.05e-01	1.86e-02	7.55e-04	2.64e-07	0.00e+00	3.49e-07	2.64e-12	3.00e-12
 4.43951e+20	3.78e-07	8.41e-04	1.53e-01	6.38e-01	1.90e-01	1.66e-02	6.60e-04	2.27e-07	0.00e+00	3.78e-07	2.86e-12	3.25e-12
 6.51029e+20	4.45e-07	9.95e-04	1.82e-01	6.32e-01	1.71e-01	1.42e-02	5.47e-04	1.83e-07	0.00e+00	4.45e-07	3.36e-12	3.82e-12
 8.59223e+20	5.19e-07	1.17e-03	2.16e-01	6.19e-01	1.51e-01	1.21e-02	4.51e-04	1.49e-07	0.00e+00	5.19e-07	3.91e-12	4.46e-12
 1.02072e+21	6.07e-07	1.37e-03	2.49e-01	6.04e-01	1.36e-01	1.04e-02	3.82e-04	0.00e+00	0.00e+00	6.07e-07	4.56e-12	5.20e-12
 1.15073e+21	7.07e-07	1.58e-03	2.81e-01	5.86e-01	1.22e-01	9.08e-03	3.28e-04	0.00e+00	0.00e+00	7.07e-07	5.32e-12	6.06e-12
 1.26545e+21	8.24e-07	1.81e-03	3.14e-01	5.66e-01	1.10e-01	7.91e-03	2.82e-04	0.00e+00	0.00e+00	8.24e-07	6.19e-12	7.06e-12
 1.37278e+21	9.63e-07	2.08e-03	3.49e-01	5.43e-01	9.84e-02	6.84e-03	2.41e-04	0.00e+00	0.00e+00	9.63e-07	7.24e-12	8.25e-12
 1.47429e+21	1.12e-06	2.39e-03	3.87e-01	5.17e-01	8.70e-02	5.86e-03	2.04e-04	0.00e+00	0.00e+00	1.12e-06	8.45e-12	9.64e-12
 1.56966e+21	1.31e-06	2.73e-03	4.27e-01	4.89e-01	7.62e-02	4.96e-03	1.71e-04	0.00e+00	0.00e+00	1.31e-06	9.88e-12	1.13e-11
 1.65936e+21	1.49e-06	3.05e-03	4.68e-01	4.59e-01	6.61e-02	4.17e-03	1.42e-04	0.00e+00	0.00e+00	1.49e-06	1.12e-11	1.28e-11
 1.75950e+21	1.85e-06	3.63e-03	5.18e-01	4.20e-01	5.49e-02	3.32e-03	1.11e-04	0.00e+00	0.00e+00	1.85e-06	1.39e-11	1.59e-11
 1.85662e+21	2.19e-06	4.16e-03	5.67e-01	3.81e-01	4.50e-02	2.62e-03	8.65e-05	0.00e+00	0.00e+00	2.19e-06	1.64e-11	1.87e-11
 1.93205e+21	2.51e-06	4.64e-03	6.08e-01	3.48e-01	3.76e-02	2.13e-03	6.91e-05	0.00e+00	0.00e+00	2.51e-06	1.88e-11	2.15e-11
 2.01235e+21	2.95e-06	5.24e-03	6.51e-01	3.12e-01	3.04e-02	1.65e-03	5.28e-05	0.00e+00	0.00e+00	2.95e-06	2.21e-11	2.52e-11
 2.10098e+21	3.48e-06	5.93e-03	6.96e-01	2.74e-01	2.37e-02	1.24e-03	3.86e-05	0.00e+00	0.00e+00	3.48e-06	2.60e-11	2.97e-11
 2.18237e+21	4.03e-06	6.58e-03	7.34e-01	2.40e-01	1.85e-02	9.32e-04	2.84e-05	0.00e+00	0.00e+00	4.03e-06	3.01e-11	3.45e-11
 2.25711e+21	4.61e-06	7.22e-03	7.66e-01	2.12e-01	1.46e-02	7.10e-04	2.11e-05	0.00e+00	0.00e+00	4.61e-06	3.44e-11	3.94e-11
 2.34126e+21	5.39e-06	7.99e-03	7.99e-01	1.82e-01	1.10e-02	5.15e-04	1.49e-05	0.00e+00	0.00e+00	5.39e-06	4.02e-11	4.60e-11
 2.43158e+21	6.26e-06	8.78e-03	8.28e-01	1.55e-01	8.18e-03	3.70e-04	1.03e-05	0.00e+00	0.00e+00	6.26e-06	4.66e-11	5.35e-11
 2.51343e+21	7.16e-06	9.51e-03	8.50e-01	1.34e-01	6.27e-03	2.75e-04	7.40e-06	0.00e+00	0.00e+00	7.16e-06	5.32e-11	6.11e-11
 2.60336e+21	8.30e-06	1.03e-02	8.71e-01	1.13e-01	4.68e-03	1.99e-04	5.13e-06	0.00e+00	0.00e+00	8.30e-06	6.16e-11	7.08e-11
 2.72005e+21	9.96e-06	1.14e-02	8.93e-01	9.22e-02	3.27e-03	1.34e-04	3.27e-06	0.00e+00	0.00e+00	9.96e-06	7.38e-11	8.49e-11
 2.84205e+21	1.18e-05	1.25e-02	9.10e-01	7.55e-02	2.36e-03	9.38e-05	2.16e-06	0.00e+00	0.00e+00	1.18e-05	8.74e-11	1.01e-10
 2.95350e+21	1.38e-05	1.34e-02	9.21e-01	6.33e-02	1.80e-03	6.93e-05	1.51e-06	0.00e+00	0.00e+00	1.38e-05	1.02e-10	1.18e-10
 3.08069e+21	1.65e-05	1.46e-02	9.32e-01	5.20e-02	1.37e-03	5.02e-05	1.04e-06	0.00e+00	0.00e+00	1.65e-05	1.22e-10	1.40e-10
 3.24604e+21	2.06e-05	1.62e-02	9.42e-01	4.09e-02	1.02e-03	3.46e-05	6.83e-07	0.00e+00	0.00e+00	2.06e-05	1.52e-10	1.76e-10
 3.43156e+21	2.63e-05	1.79e-02	9.49e-01	3.20e-02	7.92e-04	2.41e-05	4.62e-07	0.00e+00	0.00e+00	2.63e-05	1.93e-10	2.24e-10
 3.61186e+21	3.34e-05	1.98e-02	9.54e-01	2.56e-02	6.58e-04	1.75e-05	3.35e-07	0.00e+00	0.00e+00	3.34e-05	2.46e-10	2.84e-10
 3.75337e+21	4.03e-05	2.14e-02	9.56e-01	2.18e-02	5.91e-04	1.40e-05	2.71e-07	0.00e+00	0.00e+00	4.03e-05	2.96e-10	3.42e-10
 3.84942e+21	4.60e-05	2.26e-02	9.57e-01	1.96e-02	5.55e-04	1.20e-05	2.37e-07	0.00e+00	0.00e+00	4.60e-05	3.38e-10	3.91e-10
 3.94777e+21	5.33e-05	2.41e-02	9.58e-01	1.74e-02	5.22e-04	1.02e-05	2.07e-07	0.00e+00	0.00e+00	5.33e-05	3.91e-10	4.52e-10
 4.07563e+21	6.47e-05	2.61e-02	9.58e-01	1.50e-02	4.89e-04	8.30e-06	1.76e-07	0.00e+00	0.00e+00	6.47e-05	4.76e-10	5.49e-10
 4.20368e+21	7.87e-05	2.84e-02	9.58e-01	1.30e-02	4.64e-04	6.82e-06	1.52e-07	0.00e+00	0.00e+00	7.87e-05	5.79e-10	6.68e-10
 4.30213e+21	9.23e-05	3.03e-02	9.57e-01	1.17e-02	4.49e-04	5.86e-06	1.36e-07	0.00e+00	0.00e+00	9.23e-05	6.80e-10	7.82e-10
 4.38634e+21	1.06e-04	3.23e-02	9.57e-01	1.06e-02	4.36e-04	5.12e-06	0.00e+00	0.00e+00	0.00e+00	1.06e-04	7.85e-10	9.02e-10
 4.48189e+21	1.26e-04	3.47e-02	9.55e-01	9.49e-03	4.24e-04	4.38e-06	0.00e+00	0.00e+00	0.00e+00	1.26e-04	9.31e-10	1.07e-09
 4.58494e+21	1.52e-04	3.77e-02	9.53e-01	8.42e-03	4.12e-04	3.70e-06	0.00e+00	0.00e+00	0.00e+00	1.52e-04	1.12e-09	1.29e-09
 4.67441e+21	1.80e-04	4.07e-02	9.51e-01	7.59e-03	4.03e-04	3.19e-06	0.00e+00	0.00e+00	0.00e+00	1.80e-04	1.34e-09	1.53e-09
 4.75192e+21	2.11e-04	4.37e-02	9.49e-01	6.91e-03	3.96e-04	2.79e-06	0.00e+00	0.00e+00	0.00e+00	2.11e-04	1.56e-09	1.78e-09
 4.83721e+21	2.52e-04	4.74e-02	9.46e-01	6.20e-03	3.87e-04	2.39e-06	0.00e+00	0.00e+00	0.00e+00	2.52e-04	1.88e-09	2.13e-09
 4.92802e+21	3.07e-04	5.19e-02	9.42e-01	5.52e-03	3.80e-04	2.03e-06	0.00e+00	0.00e+00	0.00e+00	3.07e-04	2.30e-09	2.59e-09
 5.00486e+21	3.66e-04	5.64e-02	9.38e-01	5.00e-03	3.73e-04	1.76e-06	0.00e+00	0.00e+00	0.00e+00	3.66e-04	2.74e-09	3.09e-09
 5.07114e+21	4.27e-04	6.07e-02	9.34e-01	4.57e-03	3.67e-04	1.55e-06	0.00e+00	0.00e+00	0.00e+00	4.27e-04	3.22e-09	3.61e-09
 5.14489e+21	5.14e-04	6.63e-02	9.29e-01	4.11e-03	3.61e-04	1.33e-06	0.00e+00	0.00e+00	0.00e+00	5.14e-04	3.89e-09	4.34e-09
 5.22391e+21	6.31e-04	7.31e-02	9.22e-01	3.67e-03	3.54e-04	1.13e-06	0.00e+00	0.00e+00	0.00e+00	6.31e-04	4.81e-09	5.31e-09
 5.29176e+21	7.57e-04	7.99e-02	9.16e-01	3.31e-03	3.47e-04	9.80e-07	0.00e+00	0.00e+00	0.00e+00	7.57e-04	5.81e-09	6.37e-09
 5.35111e+21	8.95e-04	8.68e-02	9.09e-01	3.01e-03	3.41e-04	8.58e-07	0.00e+00	0.00e+00	0.00e+00	8.95e-04	6.92e-09	7.52e-09
 5.41740e+21	1.09e-03	9.57e-02	9.00e-01	2.69e-03	3.34e-04	7.32e-07	0.00e+00	0.00e+00	0.00e+00	1.09e-03	8.53e-09	9.17e-09
 5.48822e+21	1.35e-03	1.06e-01	8.90e-01	2.39e-03	3.26e-04	6.18e-07	0.00e+00	0.00e+00	0.00e+00	1.35e-03	1.07e-08	1.13e-08
 5.54953e+21	1.65e-03	1.17e-01	8.79e-01	2.14e-03	3.18e-04	5.29e-07	0.00e+00	0.00e+00	0.00e+00	1.65e-03	1.31e-08	1.38e-08
 5.60324e+21	1.97e-03	1.28e-01	8.67e-01	1.93e-03	3.11e-04	4.59e-07	0.00e+00	0.00e+00	0.00e+00	1.97e-03	1.59e-08	1.65e-08
 5.66247e+21	2.44e-03	1.43e-01	8.53e-01	1.70e-03	3.02e-04	3.87e-07	0.00e+00	0.00e+00	0.00e+00	2.44e-03	2.00e-08	2.04e-08
 5.72395e+21	3.06e-03	1.60e-01	8.35e-01	1.49e-03	2.92e-04	3.22e-07	0.00e+00	0.00e+00	0.00e+00	3.06e-03	2.55e-08	2.55e-08
 5.77414e+21	3.69e-03	1.76e-01	8.19e-01	1.34e-03	2.82e-04	2.76e-07	0.00e+00	0.00e+00	0.00e+00	3.69e-03	3.11e-08	3.07e-08
 5.81766e+21	4.40e-03	1.92e-01	8.02e-01	1.20e-03	2.73e-04	2.39e-07	0.00e+00	0.00e+00	0.00e+00	4.40e-03	3.74e-08	3.65e-08
 5.86676e+21	5.44e-03	2.13e-01	7.80e-01	1.06e-03	2.62e-04	2.00e-07	0.00e+00	0.00e+00	0.00e+00	5.44e-03	4.69e-08	4.50e-08
 5.91807e+21	6.77e-03	2.37e-01	7.55e-01	9.19e-04	2.50e-04	1.66e-07	0.00e+00	0.00e+00	0.00e+00	6.77e-03	5.92e-08	5.59e-08
 5.96085e+21	8.21e-03	2.61e-01	7.30e-01	8.10e-04	2.38e-04	1.40e-07	0.00e+00	0.00e+00	0.00e+00	8.21e-03	7.26e-08	6.76e-08
 5.99811e+21	9.78e-03	2.84e-01	7.06e-01	7.20e-04	2.27e-04	1.20e-07	0.00e+00	0.00e+00	0.00e+00	9.78e-03	8.71e-08	8.03e-08
 6.03965e+21	1.20e-02	3.13e-01	6.75e-01	6.24e-04	2.13e-04	0.00e+00	0.00e+00	0.00e+00	0.00e+00	1.20e-02	1.08e-07	9.82e-08
 6.08382e+21	1.50e-02	3.46e-01	6.38e-01	5.32e-04	1.97e-04	0.00e+00	0.00e+00	0.00e+00	0.00e+00	1.50e-02	1.35e-07	1.22e-07
 6.12125e+21	1.81e-02	3.78e-01	6.03e-01	4.59e-04	1.83e-04	0.00e+00	0.00e+00	0.00e+00	0.00e+00	1.81e-02	1.65e-07	1.47e-07
 6.15373e+21	2.16e-02	4.08e-01	5.70e-01	4.00e-04	1.70e-04	0.00e+00	0.00e+00	0.00e+00	0.00e+00	2.16e-02	1.97e-07	1.75e-07
 6.18996e+21	2.64e-02	4.45e-01	5.28e-01	3.38e-04	1.53e-04	0.00e+00	0.00e+00	0.00e+00	0.00e+00	2.64e-02	2.41e-07	2.13e-07
 6.22867e+21	3.28e-02	4.86e-01	4.81e-01	2.79e-04	1.36e-04	0.00e+00	0.00e+00	0.00e+00	0.00e+00	3.28e-02	2.99e-07	2.62e-07
 6.26213e+21	3.97e-02	5.23e-01	4.37e-01	2.33e-04	1.20e-04	0.00e+00	0.00e+00	0.00e+00	0.00e+00	3.97e-02	3.62e-07	3.16e-07
 6.29169e+21	4.71e-02	5.56e-01	3.96e-01	1.96e-04	1.06e-04	0.00e+00	0.00e+00	0.00e+00	0.00e+00	4.71e-02	4.28e-07	3.72e-07
 6.31799e+21	5.51e-02	5.86e-01	3.58e-01	1.66e-04	9.34e-05	0.00e+00	0.00e+00	0.00e+00	0.00e+00	5.51e-02	4.99e-07	4.33e-07
 6.34044e+21	6.29e-02	6.11e-01	3.26e-01	1.44e-04	8.29e-05	0.00e+00	0.00e+00	0.00e+00	0.00e+00	6.29e-02	5.68e-07	4.91e-07
 6.36451e+21	7.29e-02	6.37e-01	2.90e-01	1.21e-04	7.16e-05	0.00e+00	0.00e+00	0.00e+00	0.00e+00	7.29e-02	6.55e-07	5.65e-07
 6.38985e+21	8.51e-02	6.62e-01	2.53e-01	1.00e-04	6.03e-05	0.00e+00	0.00e+00	0.00e+00	0.00e+00	8.51e-02	7.58e-07	6.54e-07
 6.41074e+21	9.68e-02	6.80e-01	2.23e-01	8.51e-05	5.15e-05	0.00e+00	0.00e+00	0.00e+00	0.00e+00	9.68e-02	8.55e-07	7.36e-07
 6.42832e+21	1.08e-01	6.94e-01	1.99e-01	7.40e-05	4.47e-05	0.00e+00	0.00e+00	0.00e+00	0.00e+00	1.08e-01	9.44e-07	8.12e-07
 6.44767e+21	1.21e-01	7.06e-01	1.72e-01	6.26e-05	3.75e-05	0.00e+00	0.00e+00	0.00e+00	0.00e+00	1.21e-01	1.06e-06	9.07e-07
 6.46860e+21	1.38e-01	7.16e-01	1.46e-01	5.23e-05	3.05e-05	0.00e+00	0.00e+00	0.00e+00	0.00e+00	1.38e-01	1.18e-06	1.02e-06
 6.48684e+21	1.55e-01	7.21e-01	1.24e-01	4.43e-05	2.50e-05	0.00e+00	0.00e+00	0.00e+00	0.00e+00	1.55e-01	1.31e-06	1.13e-06
 6.50256e+21	1.70e-01	7.23e-01	1.07e-01	3.85e-05	2.10e-05	0.00e+00	0.00e+00	0.00e+00	0.00e+00	1.70e-01	1.42e-06	1.22e-06
 6.51971e+21	1.89e-01	7.21e-01	8.97e-02	3.26e-05	1.68e-05	0.00e+00	0.00e+00	0.00e+00	0.00e+00	1.89e-01	1.56e-06	1.34e-06
 6.53821e+21	2.12e-01	7.15e-01	7.32e-02	2.73e-05	1.31e-05	0.00e+00	0.00e+00	0.00e+00	0.00e+00	2.12e-01	1.71e-06	1.47e-06
 6.55452e+21	2.34e-01	7.06e-01	6.03e-02	2.34e-05	1.04e-05	0.00e+00	0.00e+00	0.00e+00	0.00e+00	2.34e-01	1.85e-06	1.59e-06
 6.56934e+21	2.55e-01	6.95e-01	5.00e-02	2.03e-05	8.26e-06	0.00e+00	0.00e+00	0.00e+00	0.00e+00	2.55e-01	1.98e-06	1.70e-06
 6.58615e+21	2.82e-01	6.78e-01	3.96e-02	1.71e-05	6.22e-06	0.00e+00	0.00e+00	0.00e+00	0.00e+00	2.82e-01	2.14e-06	1.83e-06
 6.60435e+21	3.13e-01	6.56e-01	3.03e-02	1.43e-05	4.52e-06	0.00e+00	0.00e+00	0.00e+00	0.00e+00	3.13e-01	2.30e-06	1.97e-06
 6.62057e+21	3.44e-01	6.32e-01	2.34e-02	1.21e-05	3.31e-06	0.00e+00	0.00e+00	0.00e+00	0.00e+00	3.44e-01	2.45e-06	2.10e-06
 6.63535e+21	3.73e-01	6.09e-01	1.83e-02	1.04e-05	2.47e-06	0.00e+00	0.00e+00	0.00e+00	0.00e+00	3.73e-01	2.57e-06	2.20e-06
 6.65020e+21	4.05e-01	5.81e-01	1.40e-02	8.93e-06	1.80e-06	0.00e+00	0.00e+00	0.00e+00	0.00e+00	4.05e-01	2.69e-06	2.30e-06
 6.66502e+21	4.37e-01	5.52e-01	1.06e-02	7.69e-06	1.30e-06	0.00e+00	0.00e+00	0.00e+00	0.00e+00	4.37e-01	2.79e-06	2.38e-06
 6.67831e+21	4.68e-01	5.24e-01	8.18e-03	6.70e-06	9.58e-07	0.00e+00	0.00e+00	0.00e+00	0.00e+00	4.68e-01	2.87e-06	2.45e-06
 6.68997e+21	4.95e-01	4.99e-01	6.43e-03	5.93e-06	7.24e-07	0.00e+00	0.00e+00	0.00e+00	0.00e+00	4.95e-01	2.92e-06	2.50e-06
 6.70079e+21	5.21e-01	4.74e-01	5.10e-03	5.29e-06	5.55e-07	0.00e+00	0.00e+00	0.00e+00	0.00e+00	5.21e-01	2.96e-06	2.53e-06
 6.71091e+21	5.45e-01	4.51e-01	4.07e-03	4.75e-06	4.29e-07	0.00e+00	0.00e+00	0.00e+00	0.00e+00	5.45e-01	2.99e-06	2.55e-06
 6.72042e+21	5.68e-01	4.29e-01	3.28e-03	4.29e-06	3.35e-07	0.00e+00	0.00e+00	0.00e+00	0.00e+00	5.68e-01	3.00e-06	2.56e-06
 6.72934e+21	5.89e-01	4.08e-01	2.66e-03	3.90e-06	2.65e-07	0.00e+00	0.00e+00	0.00e+00	0.00e+00	5.89e-01	3.00e-06	2.56e-06
 6.73626e+21	6.05e-01	3.92e-01	2.27e-03	3.63e-06	2.22e-07	0.00e+00	0.00e+00	0.00e+00	0.00e+00	6.05e-01	3.00e-06	2.56e-06
 6.74093e+21	6.16e-01	3.82e-01	2.03e-03	3.46e-06	1.96e-07	0.00e+00	0.00e+00	0.00e+00	0.00e+00	6.16e-01	2.99e-06	2.55e-06
 6.74532e+21	6.27e-01	3.71e-01	1.82e-03	3.29e-06	1.73e-07	0.00e+00	0.00e+00	0.00e+00	0.00e+00	6.27e-01	2.98e-06	2.54e-06
 6.75032e+21	6.39e-01	3.59e-01	1.61e-03	3.11e-06	1.50e-07	0.00e+00	0.00e+00	0.00e+00	0.00e+00	6.39e-01	2.97e-06	2.53e-06
 6.75565e+21	6.51e-01	3.47e-01	1.41e-03	2.94e-06	1.29e-07	0.00e+00	0.00e+00	0.00e+00	0.00e+00	6.51e-01	2.96e-06	2.52e-06
 6.76088e+21	6.64e-01	3.35e-01	1.23e-03	2.77e-06	0.00e+00	0.00e+00	0.00e+00	0.00e+00	0.00e+00	6.64e-01	2.94e-06	2.50e-06
 6.76590e+21	6.75e-01	3.24e-01	1.08e-03	2.63e-06	0.00e+00	0.00e+00	0.00e+00	0.00e+00	0.00e+00	6.75e-01	2.92e-06	2.49e-06
 6.77089e+21	6.86e-01	3.13e-01	9.51e-04	2.48e-06	0.00e+00	0.00e+00	0.00e+00	0.00e+00	0.00e+00	6.86e-01	2.90e-06	2.46e-06
 6.77588e+21	6.97e-01	3.02e-01	8.36e-04	2.35e-06	0.00e+00	0.00e+00	0.00e+00	0.00e+00	0.00e+00	6.97e-01	2.87e-06	2.44e-06
 6.78088e+21	7.08e-01	2.91e-01	7.33e-04	2.22e-06	0.00e+00	0.00e+00	0.00e+00	0.00e+00	0.00e+00	7.08e-01	2.84e-06	2.42e-06
 6.78586e+21	7.19e-01	2.81e-01	6.44e-04	2.11e-06	0.00e+00	0.00e+00	0.00e+00	0.00e+00	0.00e+00	7.19e-01	2.82e-06	2.39e-06
 6.79079e+21	7.29e-01	2.70e-01	5.65e-04	2.00e-06	0.00e+00	0.00e+00	0.00e+00	0.00e+00	0.00e+00	7.29e-01	2.78e-06	2.37e-06
 6.79575e+21	7.39e-01	2.60e-01	4.96e-04	1.89e-06	0.00e+00	0.00e+00	0.00e+00	0.00e+00	0.00e+00	7.39e-01	2.75e-06	2.34e-06
 6.80074e+21	7.49e-01	2.50e-01	4.35e-04	1.79e-06	0.00e+00	0.00e+00	0.00e+00	0.00e+00	0.00e+00	7.49e-01	2.71e-06	2.30e-06
 6.80569e+21	7.59e-01	2.41e-01	3.82e-04	1.69e-06	0.00e+00	0.00e+00	0.00e+00	0.00e+00	0.00e+00	7.59e-01	2.67e-06	2.27e-06
 6.81061e+21	7.68e-01	2.32e-01	3.36e-04	1.61e-06	0.00e+00	0.00e+00	0.00e+00	0.00e+00	0.00e+00	7.68e-01	2.64e-06	2.24e-06
 6.81559e+21	7.77e-01	2.23e-01	2.96e-04	1.52e-06	0.00e+00	0.00e+00	0.00e+00	0.00e+00	0.00e+00	7.77e-01	2.60e-06	2.20e-06
 6.82063e+21	7.86e-01	2.14e-01	2.60e-04	1.44e-06	0.00e+00	0.00e+00	0.00e+00	0.00e+00	0.00e+00	7.86e-01	2.56e-06	2.17e-06
 6.82566e+21	7.94e-01	2.06e-01	2.29e-04	1.37e-06	0.00e+00	0.00e+00	0.00e+00	0.00e+00	0.00e+00	7.94e-01	2.52e-06	2.13e-06
 6.83068e+21	8.02e-01	1.97e-01	2.03e-04	1.30e-06	0.00e+00	0.00e+00	0.00e+00	0.00e+00	0.00e+00	8.02e-01	2.48e-06	2.10e-06
 6.83579e+21	8.10e-01	1.90e-01	1.79e-04	1.23e-06	0.00e+00	0.00e+00	0.00e+00	0.00e+00	0.00e+00	8.10e-01	2.44e-06	2.06e-06
 6.84101e+21	8.18e-01	1.82e-01	1.59e-04	1.16e-06	0.00e+00	0.00e+00	0.00e+00	0.00e+00	0.00e+00	8.18e-01	2.40e-06	2.03e-06
 6.84626e+21	8.25e-01	1.75e-01	1.41e-04	1.11e-06	0.00e+00	0.00e+00	0.00e+00	0.00e+00	0.00e+00	8.25e-01	2.36e-06	1.99e-06
 6.85148e+21	8.32e-01	1.67e-01	1.27e-04	1.05e-06	0.00e+00	0.00e+00	0.00e+00	0.00e+00	0.00e+00	8.32e-01	2.32e-06	1.96e-06
 6.85674e+21	8.39e-01	1.61e-01	1.14e-04	9.99e-07	0.00e+00	0.00e+00	0.00e+00	0.00e+00	0.00e+00	8.39e-01	2.28e-06	1.93e-06
 6.86208e+21	8.45e-01	1.55e-01	1.03e-04	9.51e-07	0.00e+00	0.00e+00	0.00e+00	0.00e+00	0.00e+00	8.45e-01	2.24e-06	1.89e-06
 6.86743e+21	8.51e-01	1.49e-01	9.34e-05	9.07e-07	0.00e+00	0.00e+00	0.00e+00	0.00e+00	0.00e+00	8.51e-01	2.21e-06	1.86e-06
 6.87280e+21	8.57e-01	1.43e-01	8.53e-05	8.66e-07	0.00e+00	0.00e+00	0.00e+00	0.00e+00	0.00e+00	8.57e-01	2.17e-06	1.83e-06
 6.87832e+21	8.62e-01	1.38e-01	7.84e-05	8.28e-07	0.00e+00	0.00e+00	0.00e+00	0.00e+00	0.00e+00	8.62e-01	2.14e-06	1.80e-06
 6.88401e+21	8.67e-01	1.33e-01	7.24e-05	7.92e-07	0.00e+00	0.00e+00	0.00e+00	0.00e+00	0.00e+00	8.67e-01	2.11e-06	1.78e-06
 6.88981e+21	8.71e-01	1.29e-01	6.74e-05	7.60e-07	0.00e+00	0.00e+00	0.00e+00	0.00e+00	0.00e+00	8.71e-01	2.08e-06	1.75e-06
 6.89578e+21	8.76e-01	1.24e-01	6.30e-05	7.30e-07	0.00e+00	0.00e+00	0.00e+00	0.00e+00	0.00e+00	8.76e-01	2.05e-06	1.73e-06
 6.90206e+21	8.80e-01	1.20e-01	5.92e-05	7.02e-07	0.00e+00	0.00e+00	0.00e+00	0.00e+00	0.00e+00	8.80e-01	2.02e-06	1.70e-06
 6.90871e+21	8.84e-01	1.16e-01	5.59e-05	6.76e-07	0.00e+00	0.00e+00	0.00e+00	0.00e+00	0.00e+00	8.83e-01	2.00e-06	1.68e-06
 6.91581e+21	8.87e-01	1.13e-01	5.31e-05	6.52e-07	0.00e+00	0.00e+00	0.00e+00	0.00e+00	0.00e+00	8.87e-01	1.97e-06	1.66e-06
 6.92353e+21	8.90e-01	1.10e-01	5.06e-05	6.30e-07	0.00e+00	0.00e+00	0.00e+00	0.00e+00	0.00e+00	8.90e-01	1.95e-06	1.64e-06
 6.93206e+21	8.93e-01	1.07e-01	4.85e-05	6.10e-07	0.00e+00	0.00e+00	0.00e+00	0.00e+00	0.00e+00	8.93e-01	1.93e-06	1.62e-06
 6.94168e+21	8.96e-01	1.04e-01	4.67e-05	5.92e-07	0.00e+00	0.00e+00	0.00e+00	0.00e+00	0.00e+00	8.96e-01	1.91e-06	1.60e-06
 6.95289e+21	8.98e-01	1.01e-01	4.51e-05	5.75e-07	0.00e+00	0.00e+00	0.00e+00	0.00e+00	0.00e+00	8.98e-01	1.89e-06	1.59e-06
 6.96498e+21	9.00e-01	9.95e-02	4.39e-05	5.62e-07	0.00e+00	0.00e+00	0.00e+00	0.00e+00	0.00e+00	9.00e-01	1.88e-06	1.57e-06
 6.97693e+21	9.02e-01	9.81e-02	4.31e-05	5.52e-07	0.00e+00	0.00e+00	0.00e+00	0.00e+00	0.00e+00	9.02e-01	1.87e-06	1.56e-06
 6.98878e+21	9.03e-01	9.69e-02	4.24e-05	5.44e-07	0.00e+00	0.00e+00	0.00e+00	0.00e+00	0.00e+00	9.03e-01	1.86e-06	1.56e-06
 7.00054e+21	9.04e-01	9.61e-02	4.20e-05	5.39e-07	0.00e+00	0.00e+00	0.00e+00	0.00e+00	0.00e+00	9.04e-01	1.86e-06	1.55e-06
 7.01224e+21	9.05e-01	9.50e-02	4.16e-05	5.31e-07	0.00e+00	0.00e+00	0.00e+00	0.00e+00	0.00e+00	9.05e-01	1.85e-06	1.55e-06
 7.02389e+21	9.05e-01	9.49e-02	4.13e-05	5.30e-07	0.00e+00	0.00e+00	0.00e+00	0.00e+00	0.00e+00	9.05e-01	1.85e-06	1.54e-06
 7.03550e+21	9.06e-01	9.42e-02	4.11e-05	5.25e-07	0.00e+00	0.00e+00	0.00e+00	0.00e+00	0.00e+00	9.06e-01	1.84e-06	1.54e-06
 7.04885e+21	9.06e-01	9.37e-02	4.08e-05	5.21e-07	0.00e+00	0.00e+00	0.00e+00	0.00e+00	0.00e+00	9.06e-01	1.84e-06	1.54e-06
 7.06620e+21	9.07e-01	9.32e-02	4.06e-05	5.18e-07	0.00e+00	0.00e+00	0.00e+00	0.00e+00	0.00e+00	9.07e-01	1.84e-06	1.53e-06
 7.08875e+21	9.07e-01	9.31e-02	4.03e-05	5.16e-07	0.00e+00	0.00e+00	0.00e+00	0.00e+00	0.00e+00	9.07e-01	1.84e-06	1.53e-06
 7.11807e+21	9.07e-01	9.26e-02	4.00e-05	5.11e-07	0.00e+00	0.00e+00	0.00e+00	0.00e+00	0.00e+00	9.07e-01	1.83e-06	1.53e-06
 7.15618e+21	9.08e-01	9.18e-02	3.96e-05	5.05e-07	0.00e+00	0.00e+00	0.00e+00	0.00e+00	0.00e+00	9.08e-01	1.83e-06	1.52e-06
 7.20573e+21	9.09e-01	9.10e-02	3.92e-05	4.98e-07	0.00e+00	0.00e+00	0.00e+00	0.00e+00	0.00e+00	9.09e-01	1.82e-06	1.52e-06
 7.27015e+21	9.10e-01	8.99e-02	3.86e-05	4.88e-07	0.00e+00	0.00e+00	0.00e+00	0.00e+00	0.00e+00	9.10e-01	1.82e-06	1.51e-06
 7.35389e+21	9.11e-01	8.86e-02	3.80e-05	4.77e-07	0.00e+00	0.00e+00	0.00e+00	0.00e+00	0.00e+00	9.11e-01	1.81e-06	1.50e-06
 7.46275e+21	9.13e-01	8.70e-02	3.71e-05	4.63e-07	0.00e+00	0.00e+00	0.00e+00	0.00e+00	0.00e+00	9.13e-01	1.80e-06	1.49e-06
 7.60426e+21	9.15e-01	8.51e-02	3.61e-05	4.47e-07	0.00e+00	0.00e+00	0.00e+00	0.00e+00	0.00e+00	9.15e-01	1.79e-06	1.48e-06
 7.78824e+21	9.17e-01	8.28e-02	3.49e-05	4.26e-07	0.00e+00	0.00e+00	0.00e+00	0.00e+00	0.00e+00	9.17e-01	1.78e-06	1.46e-06
 8.02740e+21	9.20e-01	8.01e-02	3.35e-05	4.03e-07	0.00e+00	0.00e+00	0.00e+00	0.00e+00	0.00e+00	9.20e-01	1.76e-06	1.44e-06
 8.30940e+21	9.23e-01	7.74e-02	3.21e-05	3.79e-07	0.00e+00	0.00e+00	0.00e+00	0.00e+00	0.00e+00	9.23e-01	1.75e-06	1.43e-06
 8.60640e+21	9.25e-01	7.48e-02	3.08e-05	3.56e-07	0.00e+00	0.00e+00	0.00e+00	0.00e+00	0.00e+00	9.25e-01	1.74e-06	1.41e-06
 8.91986e+21	9.28e-01	7.24e-02	2.96e-05	3.35e-07	0.00e+00	0.00e+00	0.00e+00	0.00e+00	0.00e+00	9.28e-01	1.73e-06	1.39e-06
 9.26310e+21	9.30e-01	7.00e-02	2.84e-05	3.14e-07	0.00e+00	0.00e+00	0.00e+00	0.00e+00	0.00e+00	9.30e-01	1.72e-06	1.37e-06
 9.64245e+21	9.32e-01	6.77e-02	2.72e-05	2.93e-07	0.00e+00	0.00e+00	0.00e+00	0.00e+00	0.00e+00	9.32e-01	1.71e-06	1.36e-06
 1.00600e+22	9.34e-01	6.55e-02	2.60e-05	2.74e-07	0.00e+00	0.00e+00	0.00e+00	0.00e+00	0.00e+00	9.34e-01	1.70e-06	1.34e-06
 1.05189e+22	9.37e-01	6.34e-02	2.47e-05	2.55e-07	0.00e+00	0.00e+00	0.00e+00	0.00e+00	0.00e+00	9.37e-01	1.70e-06	1.33e-06
 1.10279e+22	9.39e-01	6.14e-02	2.35e-05	2.36e-07	0.00e+00	0.00e+00	0.00e+00	0.00e+00	0.00e+00	9.39e-01	1.69e-06	1.31e-06
 1.16013e+22	9.41e-01	5.94e-02	2.22e-05	2.18e-07	0.00e+00	0.00e+00	0.00e+00	0.00e+00	0.00e+00	9.41e-01	1.69e-06	1.30e-06
 1.22498e+22	9.42e-01	5.76e-02	2.10e-05	2.00e-07	0.00e+00	0.00e+00	0.00e+00	0.00e+00	0.00e+00	9.42e-01	1.69e-06	1.29e-06
 1.29830e+22	9.44e-01	5.58e-02	1.96e-05	1.82e-07	0.00e+00	0.00e+00	0.00e+00	0.00e+00	0.00e+00	9.44e-01	1.68e-06	1.27e-06
 1.38325e+22	9.46e-01	5.41e-02	1.82e-05	1.65e-07	0.00e+00	0.00e+00	0.00e+00	0.00e+00	0.00e+00	9.46e-01	1.68e-06	1.26e-06
 1.46999e+22	9.47e-01	5.27e-02	1.69e-05	1.50e-07	0.00e+00	0.00e+00	0.00e+00	0.00e+00	0.00e+00	9.47e-01	1.68e-06	1.25e-06
 1.54483e+22	9.48e-01	5.17e-02	1.60e-05	1.39e-07	0.00e+00	0.00e+00	0.00e+00	0.00e+00	0.00e+00	9.48e-01	1.69e-06	1.24e-06
 1.61164e+22	9.49e-01	5.09e-02	1.51e-05	1.30e-07	0.00e+00	0.00e+00	0.00e+00	0.00e+00	0.00e+00	9.49e-01	1.69e-06	1.24e-06
 1.68691e+22	9.50e-01	5.00e-02	1.42e-05	0.00e+00	0.00e+00	0.00e+00	0.00e+00	0.00e+00	0.00e+00	9.50e-01	1.68e-06	1.23e-06
 1.77014e+22	9.51e-01	4.93e-02	1.33e-05	0.00e+00	0.00e+00	0.00e+00	0.00e+00	0.00e+00	0.00e+00	9.51e-01	1.68e-06	1.23e-06
 1.84494e+22	9.51e-01	4.87e-02	1.26e-05	0.00e+00	0.00e+00	0.00e+00	0.00e+00	0.00e+00	0.00e+00	9.51e-01	1.68e-06	1.22e-06
 1.91088e+22	9.52e-01	4.82e-02	1.20e-05	0.00e+00	0.00e+00	0.00e+00	0.00e+00	0.00e+00	0.00e+00	9.52e-01	1.68e-06	1.22e-06
 1.98408e+22	9.52e-01	4.78e-02	1.14e-05	0.00e+00	0.00e+00	0.00e+00	0.00e+00	0.00e+00	0.00e+00	9.52e-01	1.67e-06	1.22e-06
 2.06538e+22	9.53e-01	4.73e-02	1.07e-05	0.00e+00	0.00e+00	0.00e+00	0.00e+00	0.00e+00	0.00e+00	9.53e-01	1.67e-06	1.21e-06
 2.13924e+22	9.53e-01	4.70e-02	1.01e-05	0.00e+00	0.00e+00	0.00e+00	0.00e+00	0.00e+00	0.00e+00	9.53e-01	1.66e-06	1.21e-06
 2.20511e+22	9.53e-01	4.67e-02	9.68e-06	0.00e+00	0.00e+00	0.00e+00	0.00e+00	0.00e+00	0.00e+00	9.53e-01	1.65e-06	1.21e-06
 2.27857e+22	9.54e-01	4.64e-02	9.18e-06	0.00e+00	0.00e+00	0.00e+00	0.00e+00	0.00e+00	0.00e+00	9.54e-01	1.64e-06	1.21e-06
 2.35836e+22	9.54e-01	4.61e-02	8.69e-06	0.00e+00	0.00e+00	0.00e+00	0.00e+00	0.00e+00	0.00e+00	9.54e-01	1.63e-06	1.20e-06
 2.42998e+22	9.54e-01	4.57e-02	8.27e-06	0.00e+00	0.00e+00	0.00e+00	0.00e+00	0.00e+00	0.00e+00	9.54e-01	1.62e-06	1.20e-06
 2.49444e+22	9.54e-01	4.57e-02	7.91e-06	0.00e+00	0.00e+00	0.00e+00	0.00e+00	0.00e+00	0.00e+00	9.54e-01	1.60e-06	1.20e-06
 2.55356e+22	9.54e-01	4.55e-02	7.60e-06	0.00e+00	0.00e+00	0.00e+00	0.00e+00	0.00e+00	0.00e+00	9.54e-01	1.59e-06	1.20e-06
 2.60677e+22	9.55e-01	4.53e-02	7.34e-06	0.00e+00	0.00e+00	0.00e+00	0.00e+00	0.00e+00	0.00e+00	9.55e-01	1.58e-06	1.20e-06
 2.65466e+22	9.55e-01	4.52e-02	7.11e-06	0.00e+00	0.00e+00	0.00e+00	0.00e+00	0.00e+00	0.00e+00	9.55e-01	1.57e-06	1.20e-06
 2.69776e+22	9.55e-01	4.51e-02	6.91e-06	0.00e+00	0.00e+00	0.00e+00	0.00e+00	0.00e+00	0.00e+00	9.55e-01	1.56e-06	1.20e-06
 2.73656e+22	9.55e-01	4.49e-02	6.74e-06	0.00e+00	0.00e+00	0.00e+00	0.00e+00	0.00e+00	0.00e+00	9.55e-01	1.55e-06	1.20e-06
 2.77147e+22	9.55e-01	4.48e-02	6.58e-06	0.00e+00	0.00e+00	0.00e+00	0.00e+00	0.00e+00	0.00e+00	9.55e-01	1.54e-06	1.20e-06
 2.80343e+22	9.55e-01	4.47e-02	6.45e-06	0.00e+00	0.00e+00	0.00e+00	0.00e+00	0.00e+00	0.00e+00	9.55e-01	1.53e-06	1.19e-06
 2.83429e+22	9.55e-01	4.45e-02	6.32e-06	0.00e+00	0.00e+00	0.00e+00	0.00e+00	0.00e+00	0.00e+00	9.55e-01	1.52e-06	1.19e-06
 2.86515e+22	9.56e-01	4.44e-02	6.19e-06	0.00e+00	0.00e+00	0.00e+00	0.00e+00	0.00e+00	0.00e+00	9.56e-01	1.51e-06	1.19e-06
 2.89600e+22	9.56e-01	4.42e-02	6.07e-06	0.00e+00	0.00e+00	0.00e+00	0.00e+00	0.00e+00	0.00e+00	9.56e-01	1.50e-06	1.19e-06
 2.92686e+22	9.56e-01	4.40e-02	5.95e-06	0.00e+00	0.00e+00	0.00e+00	0.00e+00	0.00e+00	0.00e+00	9.56e-01	1.49e-06	1.19e-06
 2.95772e+22	9.56e-01	4.38e-02	5.83e-06	0.00e+00	0.00e+00	0.00e+00	0.00e+00	0.00e+00	0.00e+00	9.56e-01	1.47e-06	1.19e-06
 2.98857e+22	9.56e-01	4.36e-02	5.71e-06	0.00e+00	0.00e+00	0.00e+00	0.00e+00	0.00e+00	0.00e+00	9.56e-01	1.46e-06	1.19e-06
 3.01943e+22	9.57e-01	4.33e-02	5.60e-06	0.00e+00	0.00e+00	0.00e+00	0.00e+00	0.00e+00	0.00e+00	9.57e-01	1.45e-06	1.18e-06
 3.05029e+22	9.57e-01	4.30e-02	5.49e-06	0.00e+00	0.00e+00	0.00e+00	0.00e+00	0.00e+00	0.00e+00	9.57e-01	1.44e-06	1.18e-06
 3.07570e+22	9.57e-01	4.27e-02	5.40e-06	0.00e+00	0.00e+00	0.00e+00	0.00e+00	0.00e+00	0.00e+00	9.57e-01	1.43e-06	1.18e-06
