#depth	He	He+	He+2
 9.11480e+15	3.78e-03	5.11e-01	4.85e-01
 5.46888e+16	3.79e-03	5.11e-01	4.85e-01
 2.36985e+17	3.78e-03	5.12e-01	4.84e-01
 9.66169e+17	3.78e-03	5.16e-01	4.80e-01
 2.30787e+18	3.66e-03	5.14e-01	4.82e-01
 4.05207e+18	3.62e-03	5.20e-01	4.76e-01
 6.31955e+18	3.65e-03	5.35e-01	4.62e-01
 9.26726e+18	3.76e-03	5.59e-01	4.37e-01
 1.30993e+19	4.01e-03	5.98e-01	3.98e-01
 1.80809e+19	4.42e-03	6.54e-01	3.42e-01
 2.45570e+19	5.09e-03	7.28e-01	2.67e-01
 3.18433e+19	5.87e-03	8.01e-01	1.93e-01
 3.88680e+19	6.62e-03	8.55e-01	1.38e-01
 4.49871e+19	7.23e-03	8.88e-01	1.05e-01
 5.01319e+19	7.75e-03	9.08e-01	8.39e-02
 5.49499e+19	8.25e-03	9.23e-01	6.92e-02
 5.97261e+19	8.78e-03	9.33e-01	5.79e-02
 6.43730e+19	9.33e-03	9.41e-01	4.93e-02
 6.87349e+19	9.89e-03	9.47e-01	4.28e-02
 7.27851e+19	1.05e-02	9.52e-01	3.79e-02
 7.65728e+19	1.11e-02	9.55e-01	3.39e-02
 8.01374e+19	1.17e-02	9.58e-01	3.07e-02
 8.34910e+19	1.24e-02	9.59e-01	2.81e-02
 8.66346e+19	1.32e-02	9.61e-01	2.59e-02
 8.95936e+19	1.40e-02	9.62e-01	2.41e-02
 9.23847e+19	1.49e-02	9.63e-01	2.25e-02
 9.50196e+19	1.58e-02	9.63e-01	2.11e-02
 9.75196e+19	1.69e-02	9.63e-01	1.99e-02
 9.99083e+19	1.80e-02	9.63e-01	1.89e-02
 1.02194e+20	1.93e-02	9.63e-01	1.79e-02
 1.04368e+20	2.08e-02	9.62e-01	1.71e-02
 1.06433e+20	2.24e-02	9.61e-01	1.63e-02
 1.08409e+20	2.43e-02	9.60e-01	1.56e-02
 1.10313e+20	2.64e-02	9.59e-01	1.50e-02
 1.12074e+20	2.87e-02	9.57e-01	1.44e-02
 1.13631e+20	3.11e-02	9.55e-01	1.40e-02
 1.15042e+20	3.37e-02	9.53e-01	1.36e-02
 1.16351e+20	3.64e-02	9.50e-01	1.33e-02
 1.17582e+20	3.95e-02	9.48e-01	1.30e-02
 1.18726e+20	4.26e-02	9.45e-01	1.27e-02
 1.19786e+20	4.62e-02	9.41e-01	1.25e-02
 1.20781e+20	4.97e-02	9.38e-01	1.23e-02
 1.21728e+20	5.38e-02	9.34e-01	1.22e-02
 1.22646e+20	5.80e-02	9.30e-01	1.20e-02
 1.23525e+20	6.28e-02	9.25e-01	1.19e-02
 1.24365e+20	6.77e-02	9.20e-01	1.18e-02
 1.25175e+20	7.31e-02	9.15e-01	1.18e-02
 1.25982e+20	7.91e-02	9.09e-01	1.17e-02
 1.26773e+20	8.57e-02	9.03e-01	1.16e-02
 1.27542e+20	9.25e-02	8.96e-01	1.16e-02
 1.28391e+20	1.01e-01	8.87e-01	1.16e-02
 1.29279e+20	1.11e-01	8.77e-01	1.16e-02
 1.30070e+20	1.21e-01	8.68e-01	1.16e-02
 1.30838e+20	1.31e-01	8.57e-01	1.17e-02
 1.31637e+20	1.43e-01	8.45e-01	1.17e-02
 1.32415e+20	1.56e-01	8.32e-01	1.18e-02
 1.33127e+20	1.68e-01	8.20e-01	1.18e-02
 1.33790e+20	1.81e-01	8.07e-01	1.19e-02
 1.34434e+20	1.94e-01	7.94e-01	1.19e-02
 1.34950e+20	2.04e-01	7.84e-01	1.20e-02
 1.35308e+20	2.12e-01	7.76e-01	1.20e-02
 1.35648e+20	2.20e-01	7.68e-01	1.20e-02
 1.36033e+20	2.29e-01	7.59e-01	1.20e-02
 1.36447e+20	2.40e-01	7.48e-01	1.21e-02
 1.36859e+20	2.50e-01	7.38e-01	1.21e-02
 1.37262e+20	2.61e-01	7.27e-01	1.21e-02
 1.37666e+20	2.72e-01	7.16e-01	1.21e-02
 1.38072e+20	2.83e-01	7.05e-01	1.22e-02
 1.38481e+20	2.95e-01	6.92e-01	1.22e-02
 1.38891e+20	3.07e-01	6.80e-01	1.22e-02
 1.39302e+20	3.20e-01	6.67e-01	1.22e-02
 1.39717e+20	3.33e-01	6.54e-01	1.22e-02
 1.40136e+20	3.47e-01	6.41e-01	1.22e-02
 1.40560e+20	3.61e-01	6.26e-01	1.22e-02
 1.40980e+20	3.76e-01	6.12e-01	1.22e-02
 1.41405e+20	3.91e-01	5.97e-01	1.22e-02
 1.41834e+20	4.06e-01	5.82e-01	1.21e-02
 1.42269e+20	4.22e-01	5.66e-01	1.21e-02
 1.42707e+20	4.38e-01	5.50e-01	1.20e-02
 1.43148e+20	4.54e-01	5.34e-01	1.20e-02
 1.43598e+20	4.71e-01	5.17e-01	1.19e-02
 1.44057e+20	4.88e-01	5.00e-01	1.18e-02
 1.44522e+20	5.06e-01	4.83e-01	1.17e-02
 1.44987e+20	5.23e-01	4.65e-01	1.16e-02
 1.45458e+20	5.41e-01	4.48e-01	1.14e-02
 1.45935e+20	5.58e-01	4.30e-01	1.13e-02
 1.46418e+20	5.76e-01	4.13e-01	1.11e-02
 1.46906e+20	5.93e-01	3.96e-01	1.09e-02
 1.47404e+20	6.11e-01	3.79e-01	1.07e-02
 1.47915e+20	6.28e-01	3.62e-01	1.05e-02
 1.48437e+20	6.45e-01	3.45e-01	1.03e-02
 1.48974e+20	6.61e-01	3.29e-01	1.00e-02
 1.49538e+20	6.78e-01	3.12e-01	9.77e-03
 1.50128e+20	6.94e-01	2.96e-01	9.49e-03
 1.50750e+20	7.10e-01	2.81e-01	9.19e-03
 1.51418e+20	7.26e-01	2.65e-01	8.86e-03
 1.52141e+20	7.41e-01	2.50e-01	8.53e-03
 1.52930e+20	7.56e-01	2.36e-01	8.18e-03
 1.53809e+20	7.70e-01	2.22e-01	7.82e-03
 1.54812e+20	7.84e-01	2.09e-01	7.45e-03
 1.55957e+20	7.96e-01	1.97e-01	7.08e-03
 1.57169e+20	8.06e-01	1.87e-01	6.75e-03
 1.58370e+20	8.14e-01	1.79e-01	6.47e-03
 1.59562e+20	8.21e-01	1.73e-01	6.22e-03
 1.60746e+20	8.26e-01	1.68e-01	6.02e-03
 1.62106e+20	8.31e-01	1.64e-01	5.79e-03
 1.63872e+20	8.36e-01	1.59e-01	5.55e-03
 1.66169e+20	8.41e-01	1.54e-01	5.27e-03
 1.69156e+20	8.46e-01	1.49e-01	4.96e-03
 1.73037e+20	8.52e-01	1.43e-01	4.60e-03
 1.78084e+20	8.59e-01	1.37e-01	4.20e-03
 1.84418e+20	8.66e-01	1.30e-01	3.77e-03
 1.91532e+20	8.74e-01	1.23e-01	3.38e-03
 1.98799e+20	8.80e-01	1.17e-01	3.03e-03
 2.06240e+20	8.87e-01	1.11e-01	2.73e-03
 2.14148e+20	8.93e-01	1.05e-01	2.45e-03
 2.22623e+20	8.98e-01	9.95e-02	2.20e-03
 2.31622e+20	9.04e-01	9.42e-02	1.97e-03
 2.41125e+20	9.09e-01	8.92e-02	1.77e-03
 2.51205e+20	9.14e-01	8.44e-02	1.59e-03
 2.61932e+20	9.19e-01	7.98e-02	1.42e-03
 2.73357e+20	9.23e-01	7.54e-02	1.27e-03
 2.85527e+20	9.28e-01	7.13e-02	1.13e-03
 2.98508e+20	9.32e-01	6.73e-02	1.01e-03
 3.12380e+20	9.36e-01	6.35e-02	9.03e-04
 3.27230e+20	9.39e-01	5.99e-02	8.05e-04
 3.43145e+20	9.43e-01	5.64e-02	7.16e-04
 3.60239e+20	9.46e-01	5.32e-02	6.37e-04
 3.78629e+20	9.49e-01	5.01e-02	5.65e-04
 3.98458e+20	9.52e-01	4.71e-02	5.02e-04
 4.19870e+20	9.55e-01	4.43e-02	4.45e-04
 4.43074e+20	9.58e-01	4.16e-02	3.94e-04
 4.68342e+20	9.61e-01	3.91e-02	3.48e-04
 4.95811e+20	9.63e-01	3.67e-02	3.07e-04
 5.25641e+20	9.65e-01	3.44e-02	2.71e-04
 5.58547e+20	9.68e-01	3.22e-02	2.38e-04
 5.94855e+20	9.70e-01	3.01e-02	2.09e-04
 6.34681e+20	9.72e-01	2.82e-02	1.84e-04
 6.78735e+20	9.73e-01	2.64e-02	1.61e-04
 7.28055e+20	9.75e-01	2.46e-02	1.41e-04
 7.83423e+20	9.77e-01	2.30e-02	1.23e-04
 8.46217e+20	9.78e-01	2.14e-02	1.07e-04
 9.17527e+20	9.80e-01	1.99e-02	9.30e-05
 9.98543e+20	9.81e-01	1.86e-02	8.10e-05
 1.09203e+21	9.83e-01	1.73e-02	7.03e-05
 1.19934e+21	9.84e-01	1.61e-02	6.12e-05
 1.31928e+21	9.85e-01	1.51e-02	5.35e-05
 1.45120e+21	9.86e-01	1.41e-02	4.73e-05
 1.59632e+21	9.87e-01	1.33e-02	4.21e-05
 1.75596e+21	9.87e-01	1.26e-02	3.78e-05
 1.93155e+21	9.88e-01	1.20e-02	3.42e-05
 2.12471e+21	9.89e-01	1.15e-02	3.12e-05
 2.33718e+21	9.89e-01	1.10e-02	2.87e-05
 2.57090e+21	9.89e-01	1.06e-02	2.65e-05
 2.82799e+21	9.90e-01	1.02e-02	2.47e-05
 3.11079e+21	9.90e-01	9.87e-03	2.32e-05
 3.42186e+21	9.90e-01	9.58e-03	2.19e-05
 3.76405e+21	9.91e-01	9.33e-03	2.08e-05
 4.14045e+21	9.91e-01	9.11e-03	1.98e-05
 4.52952e+21	9.91e-01	8.93e-03	1.90e-05
 4.89974e+21	9.91e-01	8.78e-03	1.84e-05
 5.25116e+21	9.91e-01	8.66e-03	1.79e-05
 5.64930e+21	9.91e-01	8.56e-03	1.75e-05
 6.07862e+21	9.92e-01	8.45e-03	1.71e-05
 6.45001e+21	9.92e-01	8.38e-03	1.68e-05
 6.77716e+21	9.92e-01	8.30e-03	1.64e-05
 7.14524e+21	9.92e-01	8.24e-03	1.62e-05
 7.55519e+21	9.92e-01	8.18e-03	1.60e-05
 7.93179e+21	9.92e-01	8.14e-03	1.58e-05
 8.27189e+21	9.92e-01	8.11e-03	1.57e-05
 8.65233e+21	9.92e-01	8.06e-03	1.55e-05
 9.06583e+21	9.92e-01	8.02e-03	1.54e-05
 9.43550e+21	9.92e-01	7.99e-03	1.53e-05
 9.77330e+21	9.92e-01	7.97e-03	1.52e-05
 1.01565e+22	9.92e-01	7.94e-03	1.51e-05
 1.05764e+22	9.92e-01	7.92e-03	1.50e-05
 1.09558e+22	9.92e-01	7.90e-03	1.49e-05
 1.13002e+22	9.92e-01	7.88e-03	1.48e-05
 1.16875e+22	9.92e-01	7.85e-03	1.47e-05
 1.21120e+22	9.92e-01	7.83e-03	1.47e-05
 1.24951e+22	9.92e-01	7.82e-03	1.46e-05
 1.28439e+22	9.92e-01	7.81e-03	1.46e-05
 1.32383e+22	9.92e-01	7.79e-03	1.45e-05
 1.36742e+22	9.92e-01	7.77e-03	1.44e-05
 1.40702e+22	9.92e-01	7.76e-03	1.44e-05
 1.44312e+22	9.92e-01	7.75e-03	1.43e-05
 1.48406e+22	9.92e-01	7.74e-03	1.43e-05
 1.52943e+22	9.92e-01	7.72e-03	1.42e-05
 1.57105e+22	9.92e-01	7.71e-03	1.42e-05
 1.60937e+22	9.92e-01	7.71e-03	1.42e-05
 1.65290e+22	9.92e-01	7.70e-03	1.41e-05
 1.70148e+22	9.92e-01	7.68e-03	1.41e-05
 1.74681e+22	9.92e-01	7.67e-03	1.41e-05
 1.78947e+22	9.92e-01	7.66e-03	1.40e-05
 1.83847e+22	9.92e-01	7.66e-03	1.40e-05
 1.90217e+22	9.92e-01	7.64e-03	1.39e-05
 1.96750e+22	9.92e-01	7.63e-03	1.39e-05
 2.02242e+22	9.92e-01	7.63e-03	1.39e-05
 2.08129e+22	9.92e-01	7.62e-03	1.38e-05
 2.15782e+22	9.92e-01	7.60e-03	1.38e-05
 2.24531e+22	9.92e-01	7.60e-03	1.38e-05
 2.32935e+22	9.92e-01	7.58e-03	1.37e-05
 2.40498e+22	9.92e-01	7.57e-03	1.37e-05
 2.47305e+22	9.92e-01	7.57e-03	1.37e-05
 2.53431e+22	9.92e-01	7.56e-03	1.37e-05
 2.58945e+22	9.92e-01	7.56e-03	1.36e-05
 2.63907e+22	9.92e-01	7.55e-03	1.36e-05
 2.68373e+22	9.92e-01	7.55e-03	1.36e-05
 2.72393e+22	9.92e-01	7.55e-03	1.36e-05
 2.76010e+22	9.92e-01	7.55e-03	1.36e-05
 2.79267e+22	9.92e-01	7.55e-03	1.36e-05
 2.82352e+22	9.92e-01	7.55e-03	1.36e-05
 2.85438e+22	9.92e-01	7.55e-03	1.36e-05
 2.88524e+22	9.92e-01	7.55e-03	1.37e-05
 2.91609e+22	9.92e-01	7.56e-03	1.37e-05
 2.94695e+22	9.92e-01	7.56e-03	1.37e-05
 2.97781e+22	9.92e-01	7.57e-03	1.38e-05
 3.00763e+22	9.92e-01	7.59e-03	1.39e-05
 3.03390e+22	9.92e-01	7.61e-03	1.40e-05
 3.05507e+22	9.92e-01	7.65e-03	1.42e-05
 3.07503e+22	9.92e-01	7.68e-03	1.43e-05
