#depth	O	O+	O+2	O+3	O+4	O+5	O+6	O+7	O+8	O[1]	O[2]	O[3]
 7.41557e+15	1.73e-03	1.91e-01	7.12e-01	9.27e-02	1.79e-03	7.56e-06	0.00e+00	0.00e+00	0.00e+00	1.73e-03	1.21e-07	1.37e-07
 4.44934e+16	1.72e-03	1.91e-01	7.13e-01	9.27e-02	1.79e-03	7.57e-06	0.00e+00	0.00e+00	0.00e+00	1.72e-03	1.21e-07	1.37e-07
 1.92805e+17	1.69e-03	1.89e-01	7.16e-01	9.23e-02	1.77e-03	7.53e-06	0.00e+00	0.00e+00	0.00e+00	1.69e-03	1.19e-07	1.35e-07
 7.86050e+17	1.65e-03	1.85e-01	7.22e-01	8.95e-02	1.69e-03	7.23e-06	0.00e+00	0.00e+00	0.00e+00	1.65e-03	1.16e-07	1.31e-07
 1.87762e+18	1.50e-03	1.73e-01	7.36e-01	8.75e-02	1.60e-03	7.08e-06	0.00e+00	0.00e+00	0.00e+00	1.49e-03	1.04e-07	1.18e-07
 3.29667e+18	1.40e-03	1.65e-01	7.49e-01	8.31e-02	1.46e-03	6.66e-06	0.00e+00	0.00e+00	0.00e+00	1.40e-03	9.63e-08	1.10e-07
 5.14142e+18	1.35e-03	1.61e-01	7.60e-01	7.61e-02	1.28e-03	5.96e-06	0.00e+00	0.00e+00	0.00e+00	1.35e-03	9.23e-08	1.05e-07
 7.53961e+18	1.36e-03	1.62e-01	7.69e-01	6.64e-02	1.05e-03	5.00e-06	0.00e+00	0.00e+00	0.00e+00	1.36e-03	9.26e-08	1.06e-07
 1.06572e+19	1.46e-03	1.69e-01	7.75e-01	5.43e-02	8.04e-04	3.84e-06	0.00e+00	0.00e+00	0.00e+00	1.46e-03	9.89e-08	1.13e-07
 1.47102e+19	1.71e-03	1.85e-01	7.72e-01	4.04e-02	5.50e-04	2.59e-06	0.00e+00	0.00e+00	0.00e+00	1.71e-03	1.16e-07	1.32e-07
 1.98967e+19	2.21e-03	2.15e-01	7.56e-01	2.68e-02	3.36e-04	1.51e-06	0.00e+00	0.00e+00	0.00e+00	2.20e-03	1.50e-07	1.70e-07
 2.47080e+19	2.80e-03	2.44e-01	7.34e-01	1.84e-02	2.22e-04	9.28e-07	0.00e+00	0.00e+00	0.00e+00	2.80e-03	1.91e-07	2.15e-07
 2.80398e+19	3.41e-03	2.69e-01	7.13e-01	1.39e-02	1.68e-04	6.45e-07	0.00e+00	0.00e+00	0.00e+00	3.41e-03	2.33e-07	2.62e-07
 3.07605e+19	4.05e-03	2.93e-01	6.92e-01	1.10e-02	1.35e-04	4.74e-07	0.00e+00	0.00e+00	0.00e+00	4.05e-03	2.78e-07	3.11e-07
 3.37606e+19	4.99e-03	3.22e-01	6.64e-01	8.38e-03	1.06e-04	3.30e-07	0.00e+00	0.00e+00	0.00e+00	4.99e-03	3.44e-07	3.84e-07
 3.69208e+19	6.20e-03	3.55e-01	6.32e-01	6.31e-03	8.56e-05	2.28e-07	0.00e+00	0.00e+00	0.00e+00	6.20e-03	4.30e-07	4.79e-07
 3.95908e+19	7.53e-03	3.85e-01	6.02e-01	4.93e-03	7.20e-05	1.66e-07	0.00e+00	0.00e+00	0.00e+00	7.53e-03	5.25e-07	5.82e-07
 4.19275e+19	9.00e-03	4.15e-01	5.72e-01	3.92e-03	6.23e-05	1.23e-07	0.00e+00	0.00e+00	0.00e+00	9.00e-03	6.31e-07	6.98e-07
 4.45288e+19	1.11e-02	4.51e-01	5.35e-01	2.98e-03	5.29e-05	0.00e+00	0.00e+00	0.00e+00	0.00e+00	1.11e-02	7.84e-07	8.65e-07
 4.72488e+19	1.39e-02	4.91e-01	4.93e-01	2.23e-03	4.50e-05	0.00e+00	0.00e+00	0.00e+00	0.00e+00	1.39e-02	9.86e-07	1.09e-06
 4.94984e+19	1.69e-02	5.27e-01	4.55e-01	1.72e-03	3.92e-05	0.00e+00	0.00e+00	0.00e+00	0.00e+00	1.69e-02	1.20e-06	1.32e-06
 5.14318e+19	2.01e-02	5.59e-01	4.19e-01	1.35e-03	3.46e-05	0.00e+00	0.00e+00	0.00e+00	0.00e+00	2.01e-02	1.44e-06	1.58e-06
 5.35789e+19	2.46e-02	5.97e-01	3.78e-01	1.01e-03	2.98e-05	0.00e+00	0.00e+00	0.00e+00	0.00e+00	2.46e-02	1.77e-06	1.94e-06
 5.58716e+19	3.06e-02	6.36e-01	3.32e-01	7.28e-04	2.51e-05	0.00e+00	0.00e+00	0.00e+00	0.00e+00	3.06e-02	2.21e-06	2.42e-06
 5.78298e+19	3.72e-02	6.70e-01	2.92e-01	5.37e-04	2.13e-05	0.00e+00	0.00e+00	0.00e+00	0.00e+00	3.72e-02	2.70e-06	2.94e-06
 5.95244e+19	4.43e-02	6.98e-01	2.58e-01	4.03e-04	1.82e-05	0.00e+00	0.00e+00	0.00e+00	0.00e+00	4.43e-02	3.21e-06	3.50e-06
 6.13999e+19	5.44e-02	7.27e-01	2.19e-01	2.84e-04	1.48e-05	0.00e+00	0.00e+00	0.00e+00	0.00e+00	5.43e-02	3.93e-06	4.27e-06
 6.33780e+19	6.73e-02	7.52e-01	1.80e-01	1.92e-04	1.17e-05	0.00e+00	0.00e+00	0.00e+00	0.00e+00	6.73e-02	4.85e-06	5.27e-06
 6.50012e+19	8.11e-02	7.69e-01	1.50e-01	1.35e-04	9.34e-06	0.00e+00	0.00e+00	0.00e+00	0.00e+00	8.11e-02	5.82e-06	6.30e-06
 6.62818e+19	9.39e-02	7.78e-01	1.28e-01	1.01e-04	7.72e-06	0.00e+00	0.00e+00	0.00e+00	0.00e+00	9.39e-02	6.69e-06	7.24e-06
 6.76050e+19	1.10e-01	7.84e-01	1.06e-01	7.28e-05	6.14e-06	0.00e+00	0.00e+00	0.00e+00	0.00e+00	1.10e-01	7.75e-06	8.39e-06
 6.89857e+19	1.30e-01	7.84e-01	8.60e-02	5.13e-05	4.75e-06	0.00e+00	0.00e+00	0.00e+00	0.00e+00	1.30e-01	9.00e-06	9.74e-06
 7.01006e+19	1.49e-01	7.80e-01	7.14e-02	3.81e-05	3.78e-06	0.00e+00	0.00e+00	0.00e+00	0.00e+00	1.49e-01	1.02e-05	1.10e-05
 7.10073e+19	1.67e-01	7.73e-01	6.06e-02	2.96e-05	3.08e-06	0.00e+00	0.00e+00	0.00e+00	0.00e+00	1.67e-01	1.12e-05	1.21e-05
 7.19839e+19	1.89e-01	7.61e-01	5.00e-02	2.23e-05	2.43e-06	0.00e+00	0.00e+00	0.00e+00	0.00e+00	1.89e-01	1.25e-05	1.35e-05
 7.30162e+19	2.14e-01	7.45e-01	4.05e-02	1.66e-05	1.87e-06	0.00e+00	0.00e+00	0.00e+00	0.00e+00	2.14e-01	1.38e-05	1.49e-05
 7.38796e+19	2.38e-01	7.28e-01	3.36e-02	1.29e-05	1.48e-06	0.00e+00	0.00e+00	0.00e+00	0.00e+00	2.38e-01	1.50e-05	1.62e-05
 7.46121e+19	2.61e-01	7.11e-01	2.83e-02	1.04e-05	1.20e-06	0.00e+00	0.00e+00	0.00e+00	0.00e+00	2.61e-01	1.61e-05	1.74e-05
 7.54161e+19	2.87e-01	6.89e-01	2.32e-02	8.19e-06	9.36e-07	0.00e+00	0.00e+00	0.00e+00	0.00e+00	2.87e-01	1.73e-05	1.87e-05
 7.62724e+19	3.17e-01	6.64e-01	1.88e-02	6.42e-06	7.19e-07	0.00e+00	0.00e+00	0.00e+00	0.00e+00	3.17e-01	1.85e-05	1.99e-05
 7.70086e+19	3.43e-01	6.41e-01	1.56e-02	5.24e-06	5.70e-07	0.00e+00	0.00e+00	0.00e+00	0.00e+00	3.43e-01	1.95e-05	2.10e-05
 7.76670e+19	3.68e-01	6.19e-01	1.30e-02	4.38e-06	4.60e-07	0.00e+00	0.00e+00	0.00e+00	0.00e+00	3.68e-01	2.03e-05	2.19e-05
 7.84127e+19	3.97e-01	5.92e-01	1.06e-02	3.58e-06	3.56e-07	0.00e+00	0.00e+00	0.00e+00	0.00e+00	3.97e-01	2.12e-05	2.28e-05
 7.92163e+19	4.28e-01	5.63e-01	8.46e-03	2.93e-06	2.72e-07	0.00e+00	0.00e+00	0.00e+00	0.00e+00	4.28e-01	2.20e-05	2.37e-05
 7.99354e+19	4.57e-01	5.36e-01	6.88e-03	2.46e-06	2.13e-07	0.00e+00	0.00e+00	0.00e+00	0.00e+00	4.57e-01	2.26e-05	2.43e-05
 8.06062e+19	4.84e-01	5.11e-01	5.63e-03	2.09e-06	1.68e-07	0.00e+00	0.00e+00	0.00e+00	0.00e+00	4.84e-01	2.30e-05	2.48e-05
 8.12816e+19	5.10e-01	4.85e-01	4.59e-03	1.79e-06	1.32e-07	0.00e+00	0.00e+00	0.00e+00	0.00e+00	5.10e-01	2.33e-05	2.51e-05
 8.19409e+19	5.36e-01	4.61e-01	3.76e-03	1.56e-06	0.00e+00	0.00e+00	0.00e+00	0.00e+00	0.00e+00	5.36e-01	2.35e-05	2.54e-05
 8.25519e+19	5.59e-01	4.38e-01	3.12e-03	1.37e-06	0.00e+00	0.00e+00	0.00e+00	0.00e+00	0.00e+00	5.59e-01	2.36e-05	2.54e-05
 8.31240e+19	5.79e-01	4.18e-01	2.61e-03	1.22e-06	0.00e+00	0.00e+00	0.00e+00	0.00e+00	0.00e+00	5.79e-01	2.36e-05	2.55e-05
 8.35775e+19	5.95e-01	4.03e-01	2.28e-03	1.12e-06	0.00e+00	0.00e+00	0.00e+00	0.00e+00	0.00e+00	5.95e-01	2.36e-05	2.54e-05
 8.38922e+19	6.06e-01	3.92e-01	2.07e-03	1.06e-06	0.00e+00	0.00e+00	0.00e+00	0.00e+00	0.00e+00	6.06e-01	2.35e-05	2.54e-05
 8.41916e+19	6.17e-01	3.82e-01	1.88e-03	1.00e-06	0.00e+00	0.00e+00	0.00e+00	0.00e+00	0.00e+00	6.16e-01	2.35e-05	2.53e-05
 8.45369e+19	6.29e-01	3.69e-01	1.68e-03	9.36e-07	0.00e+00	0.00e+00	0.00e+00	0.00e+00	0.00e+00	6.29e-01	2.34e-05	2.52e-05
 8.49055e+19	6.41e-01	3.58e-01	1.49e-03	8.77e-07	0.00e+00	0.00e+00	0.00e+00	0.00e+00	0.00e+00	6.41e-01	2.33e-05	2.50e-05
 8.52714e+19	6.53e-01	3.46e-01	1.33e-03	8.22e-07	0.00e+00	0.00e+00	0.00e+00	0.00e+00	0.00e+00	6.53e-01	2.31e-05	2.49e-05
 8.56353e+19	6.65e-01	3.34e-01	1.18e-03	7.71e-07	0.00e+00	0.00e+00	0.00e+00	0.00e+00	0.00e+00	6.65e-01	2.29e-05	2.47e-05
 8.59946e+19	6.76e-01	3.23e-01	1.05e-03	7.25e-07	0.00e+00	0.00e+00	0.00e+00	0.00e+00	0.00e+00	6.76e-01	2.28e-05	2.45e-05
 8.63567e+19	6.87e-01	3.12e-01	9.34e-04	6.83e-07	0.00e+00	0.00e+00	0.00e+00	0.00e+00	0.00e+00	6.87e-01	2.26e-05	2.43e-05
 8.67265e+19	6.98e-01	3.01e-01	8.29e-04	6.43e-07	0.00e+00	0.00e+00	0.00e+00	0.00e+00	0.00e+00	6.98e-01	2.24e-05	2.40e-05
 8.71030e+19	7.09e-01	2.91e-01	7.33e-04	6.04e-07	0.00e+00	0.00e+00	0.00e+00	0.00e+00	0.00e+00	7.09e-01	2.21e-05	2.38e-05
 8.74795e+19	7.19e-01	2.80e-01	6.50e-04	5.70e-07	0.00e+00	0.00e+00	0.00e+00	0.00e+00	0.00e+00	7.19e-01	2.19e-05	2.35e-05
 8.78590e+19	7.29e-01	2.70e-01	5.74e-04	5.37e-07	0.00e+00	0.00e+00	0.00e+00	0.00e+00	0.00e+00	7.29e-01	2.16e-05	2.32e-05
 8.82421e+19	7.39e-01	2.60e-01	5.08e-04	5.07e-07	0.00e+00	0.00e+00	0.00e+00	0.00e+00	0.00e+00	7.39e-01	2.14e-05	2.29e-05
 8.86304e+19	7.49e-01	2.50e-01	4.48e-04	4.78e-07	0.00e+00	0.00e+00	0.00e+00	0.00e+00	0.00e+00	7.49e-01	2.11e-05	2.26e-05
 8.90229e+19	7.58e-01	2.41e-01	3.96e-04	4.52e-07	0.00e+00	0.00e+00	0.00e+00	0.00e+00	0.00e+00	7.58e-01	2.08e-05	2.23e-05
 8.94227e+19	7.68e-01	2.32e-01	3.49e-04	4.27e-07	0.00e+00	0.00e+00	0.00e+00	0.00e+00	0.00e+00	7.68e-01	2.05e-05	2.20e-05
 8.98318e+19	7.77e-01	2.23e-01	3.07e-04	4.03e-07	0.00e+00	0.00e+00	0.00e+00	0.00e+00	0.00e+00	7.77e-01	2.02e-05	2.16e-05
 9.02365e+19	7.85e-01	2.14e-01	2.71e-04	3.81e-07	0.00e+00	0.00e+00	0.00e+00	0.00e+00	0.00e+00	7.85e-01	1.99e-05	2.13e-05
 9.06460e+19	7.94e-01	2.06e-01	2.39e-04	3.61e-07	0.00e+00	0.00e+00	0.00e+00	0.00e+00	0.00e+00	7.94e-01	1.96e-05	2.10e-05
 9.10720e+19	8.02e-01	1.98e-01	2.10e-04	3.41e-07	0.00e+00	0.00e+00	0.00e+00	0.00e+00	0.00e+00	8.02e-01	1.92e-05	2.06e-05
 9.15047e+19	8.10e-01	1.90e-01	1.85e-04	3.24e-07	0.00e+00	0.00e+00	0.00e+00	0.00e+00	0.00e+00	8.10e-01	1.89e-05	2.03e-05
 9.19442e+19	8.17e-01	1.82e-01	1.63e-04	3.06e-07	0.00e+00	0.00e+00	0.00e+00	0.00e+00	0.00e+00	8.17e-01	1.86e-05	1.99e-05
 9.23973e+19	8.25e-01	1.75e-01	1.43e-04	2.90e-07	0.00e+00	0.00e+00	0.00e+00	0.00e+00	0.00e+00	8.25e-01	1.83e-05	1.96e-05
 9.28584e+19	8.32e-01	1.68e-01	1.26e-04	2.75e-07	0.00e+00	0.00e+00	0.00e+00	0.00e+00	0.00e+00	8.32e-01	1.80e-05	1.92e-05
 9.33317e+19	8.39e-01	1.61e-01	1.11e-04	2.61e-07	0.00e+00	0.00e+00	0.00e+00	0.00e+00	0.00e+00	8.39e-01	1.77e-05	1.89e-05
 9.38185e+19	8.45e-01	1.55e-01	9.85e-05	2.48e-07	0.00e+00	0.00e+00	0.00e+00	0.00e+00	0.00e+00	8.45e-01	1.74e-05	1.86e-05
 9.43138e+19	8.51e-01	1.48e-01	8.74e-05	2.36e-07	0.00e+00	0.00e+00	0.00e+00	0.00e+00	0.00e+00	8.51e-01	1.71e-05	1.82e-05
 9.48167e+19	8.57e-01	1.43e-01	7.78e-05	2.24e-07	0.00e+00	0.00e+00	0.00e+00	0.00e+00	0.00e+00	8.57e-01	1.68e-05	1.79e-05
 9.53310e+19	8.63e-01	1.37e-01	6.96e-05	2.14e-07	0.00e+00	0.00e+00	0.00e+00	0.00e+00	0.00e+00	8.63e-01	1.65e-05	1.76e-05
 9.58620e+19	8.68e-01	1.32e-01	6.25e-05	2.04e-07	0.00e+00	0.00e+00	0.00e+00	0.00e+00	0.00e+00	8.68e-01	1.63e-05	1.73e-05
 9.64140e+19	8.73e-01	1.27e-01	5.62e-05	1.95e-07	0.00e+00	0.00e+00	0.00e+00	0.00e+00	0.00e+00	8.73e-01	1.60e-05	1.71e-05
 9.69904e+19	8.77e-01	1.23e-01	5.08e-05	1.87e-07	0.00e+00	0.00e+00	0.00e+00	0.00e+00	0.00e+00	8.77e-01	1.58e-05	1.68e-05
 9.75946e+19	8.82e-01	1.18e-01	4.62e-05	1.79e-07	0.00e+00	0.00e+00	0.00e+00	0.00e+00	0.00e+00	8.82e-01	1.55e-05	1.65e-05
 9.82309e+19	8.86e-01	1.14e-01	4.21e-05	1.72e-07	0.00e+00	0.00e+00	0.00e+00	0.00e+00	0.00e+00	8.86e-01	1.53e-05	1.63e-05
 9.89103e+19	8.90e-01	1.10e-01	3.86e-05	1.65e-07	0.00e+00	0.00e+00	0.00e+00	0.00e+00	0.00e+00	8.90e-01	1.51e-05	1.60e-05
 9.96452e+19	8.93e-01	1.07e-01	3.55e-05	1.59e-07	0.00e+00	0.00e+00	0.00e+00	0.00e+00	0.00e+00	8.93e-01	1.49e-05	1.58e-05
 1.00447e+20	8.97e-01	1.03e-01	3.28e-05	1.53e-07	0.00e+00	0.00e+00	0.00e+00	0.00e+00	0.00e+00	8.97e-01	1.47e-05	1.56e-05
 1.01334e+20	9.00e-01	1.00e-01	3.05e-05	1.48e-07	0.00e+00	0.00e+00	0.00e+00	0.00e+00	0.00e+00	9.00e-01	1.45e-05	1.54e-05
 1.02330e+20	9.03e-01	9.69e-02	2.84e-05	1.43e-07	0.00e+00	0.00e+00	0.00e+00	0.00e+00	0.00e+00	9.03e-01	1.43e-05	1.52e-05
 1.03466e+20	9.06e-01	9.40e-02	2.66e-05	1.38e-07	0.00e+00	0.00e+00	0.00e+00	0.00e+00	0.00e+00	9.06e-01	1.41e-05	1.50e-05
 1.04688e+20	9.08e-01	9.15e-02	2.52e-05	1.34e-07	0.00e+00	0.00e+00	0.00e+00	0.00e+00	0.00e+00	9.08e-01	1.40e-05	1.48e-05
 1.05910e+20	9.11e-01	8.95e-02	2.40e-05	1.30e-07	0.00e+00	0.00e+00	0.00e+00	0.00e+00	0.00e+00	9.10e-01	1.38e-05	1.47e-05
 1.07308e+20	9.13e-01	8.73e-02	2.30e-05	1.27e-07	0.00e+00	0.00e+00	0.00e+00	0.00e+00	0.00e+00	9.13e-01	1.37e-05	1.45e-05
 1.09126e+20	9.15e-01	8.50e-02	2.19e-05	1.23e-07	0.00e+00	0.00e+00	0.00e+00	0.00e+00	0.00e+00	9.15e-01	1.35e-05	1.43e-05
 1.11489e+20	9.18e-01	8.25e-02	2.08e-05	0.00e+00	0.00e+00	0.00e+00	0.00e+00	0.00e+00	0.00e+00	9.17e-01	1.34e-05	1.40e-05
 1.14434e+20	9.20e-01	7.97e-02	1.97e-05	0.00e+00	0.00e+00	0.00e+00	0.00e+00	0.00e+00	0.00e+00	9.20e-01	1.32e-05	1.38e-05
 1.17838e+20	9.23e-01	7.70e-02	1.87e-05	0.00e+00	0.00e+00	0.00e+00	0.00e+00	0.00e+00	0.00e+00	9.23e-01	1.30e-05	1.35e-05
 1.21550e+20	9.26e-01	7.43e-02	1.78e-05	0.00e+00	0.00e+00	0.00e+00	0.00e+00	0.00e+00	0.00e+00	9.26e-01	1.28e-05	1.32e-05
 1.25502e+20	9.28e-01	7.16e-02	1.70e-05	0.00e+00	0.00e+00	0.00e+00	0.00e+00	0.00e+00	0.00e+00	9.28e-01	1.26e-05	1.30e-05
 1.29706e+20	9.31e-01	6.89e-02	1.62e-05	0.00e+00	0.00e+00	0.00e+00	0.00e+00	0.00e+00	0.00e+00	9.31e-01	1.24e-05	1.27e-05
 1.34113e+20	9.34e-01	6.64e-02	1.56e-05	0.00e+00	0.00e+00	0.00e+00	0.00e+00	0.00e+00	0.00e+00	9.34e-01	1.22e-05	1.25e-05
 1.38643e+20	9.36e-01	6.40e-02	1.50e-05	0.00e+00	0.00e+00	0.00e+00	0.00e+00	0.00e+00	0.00e+00	9.36e-01	1.20e-05	1.22e-05
 1.43357e+20	9.38e-01	6.17e-02	1.45e-05	0.00e+00	0.00e+00	0.00e+00	0.00e+00	0.00e+00	0.00e+00	9.38e-01	1.18e-05	1.20e-05
 1.48289e+20	9.41e-01	5.94e-02	1.41e-05	0.00e+00	0.00e+00	0.00e+00	0.00e+00	0.00e+00	0.00e+00	9.41e-01	1.17e-05	1.18e-05
 1.53371e+20	9.43e-01	5.73e-02	1.37e-05	0.00e+00	0.00e+00	0.00e+00	0.00e+00	0.00e+00	0.00e+00	9.43e-01	1.15e-05	1.16e-05
 1.58628e+20	9.45e-01	5.52e-02	1.34e-05	0.00e+00	0.00e+00	0.00e+00	0.00e+00	0.00e+00	0.00e+00	9.45e-01	1.13e-05	1.14e-05
 1.64124e+20	9.47e-01	5.32e-02	1.30e-05	0.00e+00	0.00e+00	0.00e+00	0.00e+00	0.00e+00	0.00e+00	9.47e-01	1.12e-05	1.12e-05
 1.69861e+20	9.49e-01	5.12e-02	1.28e-05	0.00e+00	0.00e+00	0.00e+00	0.00e+00	0.00e+00	0.00e+00	9.49e-01	1.10e-05	1.10e-05
 1.75813e+20	9.51e-01	4.93e-02	1.26e-05	0.00e+00	0.00e+00	0.00e+00	0.00e+00	0.00e+00	0.00e+00	9.51e-01	1.09e-05	1.08e-05
 1.81971e+20	9.53e-01	4.75e-02	1.24e-05	0.00e+00	0.00e+00	0.00e+00	0.00e+00	0.00e+00	0.00e+00	9.52e-01	1.08e-05	1.07e-05
 1.88325e+20	9.54e-01	4.57e-02	1.22e-05	0.00e+00	0.00e+00	0.00e+00	0.00e+00	0.00e+00	0.00e+00	9.54e-01	1.06e-05	1.05e-05
 1.94742e+20	9.56e-01	4.41e-02	1.21e-05	0.00e+00	0.00e+00	0.00e+00	0.00e+00	0.00e+00	0.00e+00	9.56e-01	1.05e-05	1.03e-05
 2.01086e+20	9.57e-01	4.25e-02	1.20e-05	0.00e+00	0.00e+00	0.00e+00	0.00e+00	0.00e+00	0.00e+00	9.57e-01	1.04e-05	1.02e-05
 2.07327e+20	9.59e-01	4.11e-02	1.19e-05	0.00e+00	0.00e+00	0.00e+00	0.00e+00	0.00e+00	0.00e+00	9.59e-01	1.02e-05	1.01e-05
 2.13469e+20	9.60e-01	3.98e-02	1.18e-05	0.00e+00	0.00e+00	0.00e+00	0.00e+00	0.00e+00	0.00e+00	9.60e-01	1.01e-05	9.93e-06
 2.19500e+20	9.61e-01	3.85e-02	1.18e-05	0.00e+00	0.00e+00	0.00e+00	0.00e+00	0.00e+00	0.00e+00	9.61e-01	1.00e-05	9.81e-06
 2.25384e+20	9.63e-01	3.74e-02	1.18e-05	0.00e+00	0.00e+00	0.00e+00	0.00e+00	0.00e+00	0.00e+00	9.63e-01	9.90e-06	9.70e-06
 2.31084e+20	9.64e-01	3.63e-02	1.18e-05	0.00e+00	0.00e+00	0.00e+00	0.00e+00	0.00e+00	0.00e+00	9.64e-01	9.80e-06	9.59e-06
 2.36580e+20	9.65e-01	3.52e-02	1.18e-05	0.00e+00	0.00e+00	0.00e+00	0.00e+00	0.00e+00	0.00e+00	9.65e-01	9.70e-06	9.48e-06
