#depth	He	He+	He+2
 5.46074e+14	7.16e-02	8.39e-01	8.97e-02
 3.27644e+15	7.14e-02	8.39e-01	9.00e-02
 1.41979e+16	7.14e-02	8.39e-01	8.99e-02
 5.78838e+16	7.17e-02	8.39e-01	8.93e-02
 1.38266e+17	7.18e-02	8.39e-01	8.89e-02
 2.42763e+17	7.24e-02	8.39e-01	8.81e-02
 3.78608e+17	7.35e-02	8.40e-01	8.68e-02
 5.55208e+17	7.51e-02	8.40e-01	8.48e-02
 7.67918e+17	7.74e-02	8.40e-01	8.23e-02
 9.91446e+17	8.00e-02	8.40e-01	7.98e-02
 1.23527e+18	8.41e-02	8.40e-01	7.64e-02
 1.51182e+18	8.93e-02	8.38e-01	7.29e-02
 1.77819e+18	9.53e-02	8.35e-01	6.96e-02
 2.02236e+18	1.02e-01	8.31e-01	6.65e-02
 2.25845e+18	1.10e-01	8.26e-01	6.40e-02
 2.48064e+18	1.19e-01	8.20e-01	6.15e-02
 2.68094e+18	1.28e-01	8.13e-01	5.96e-02
 2.85583e+18	1.37e-01	8.05e-01	5.81e-02
 3.00816e+18	1.45e-01	7.98e-01	5.69e-02
 3.14117e+18	1.53e-01	7.91e-01	5.59e-02
 3.26350e+18	1.62e-01	7.84e-01	5.49e-02
 3.38272e+18	1.70e-01	7.76e-01	5.41e-02
 3.49806e+18	1.78e-01	7.68e-01	5.33e-02
 3.60443e+18	1.87e-01	7.60e-01	5.25e-02
 3.70782e+18	1.96e-01	7.53e-01	5.19e-02
 3.81199e+18	2.05e-01	7.44e-01	5.11e-02
 3.91448e+18	2.14e-01	7.35e-01	5.03e-02
 4.01843e+18	2.24e-01	7.26e-01	4.96e-02
 4.10405e+18	2.32e-01	7.19e-01	4.90e-02
 4.16482e+18	2.38e-01	7.13e-01	4.85e-02
 4.22354e+18	2.44e-01	7.08e-01	4.81e-02
 4.29146e+18	2.52e-01	7.01e-01	4.74e-02
 4.36545e+18	2.60e-01	6.94e-01	4.69e-02
 4.44033e+18	2.68e-01	6.86e-01	4.62e-02
 4.51616e+18	2.76e-01	6.78e-01	4.56e-02
 4.59297e+18	2.85e-01	6.70e-01	4.48e-02
 4.67135e+18	2.94e-01	6.62e-01	4.42e-02
 4.75314e+18	3.04e-01	6.52e-01	4.34e-02
 4.83828e+18	3.14e-01	6.43e-01	4.26e-02
 4.92400e+18	3.25e-01	6.33e-01	4.18e-02
 5.01147e+18	3.35e-01	6.24e-01	4.10e-02
 5.10283e+18	3.47e-01	6.13e-01	4.01e-02
 5.19646e+18	3.58e-01	6.02e-01	3.93e-02
 5.29233e+18	3.71e-01	5.91e-01	3.83e-02
 5.39039e+18	3.83e-01	5.80e-01	3.74e-02
 5.49138e+18	3.96e-01	5.68e-01	3.65e-02
 5.59598e+18	4.09e-01	5.55e-01	3.55e-02
 5.70163e+18	4.22e-01	5.43e-01	3.45e-02
 5.80948e+18	4.36e-01	5.31e-01	3.36e-02
 5.92147e+18	4.50e-01	5.17e-01	3.25e-02
 6.03610e+18	4.64e-01	5.04e-01	3.16e-02
 6.15368e+18	4.79e-01	4.91e-01	3.05e-02
 6.27474e+18	4.93e-01	4.77e-01	2.95e-02
 6.39893e+18	5.08e-01	4.63e-01	2.85e-02
 6.52614e+18	5.23e-01	4.50e-01	2.75e-02
 6.65532e+18	5.38e-01	4.36e-01	2.65e-02
 6.78777e+18	5.52e-01	4.22e-01	2.55e-02
 6.92467e+18	5.67e-01	4.08e-01	2.45e-02
 7.06519e+18	5.82e-01	3.95e-01	2.35e-02
 7.20857e+18	5.96e-01	3.81e-01	2.25e-02
 7.35567e+18	6.10e-01	3.68e-01	2.16e-02
 7.50755e+18	6.24e-01	3.55e-01	2.06e-02
 7.66497e+18	6.38e-01	3.42e-01	1.97e-02
 7.82839e+18	6.52e-01	3.30e-01	1.88e-02
 7.99856e+18	6.65e-01	3.17e-01	1.79e-02
 8.17604e+18	6.78e-01	3.05e-01	1.70e-02
 8.36235e+18	6.91e-01	2.93e-01	1.61e-02
 8.55918e+18	7.04e-01	2.81e-01	1.52e-02
 8.76689e+18	7.16e-01	2.70e-01	1.43e-02
 8.98746e+18	7.28e-01	2.59e-01	1.35e-02
 9.22316e+18	7.40e-01	2.48e-01	1.26e-02
 9.47529e+18	7.51e-01	2.37e-01	1.18e-02
 9.74625e+18	7.62e-01	2.27e-01	1.10e-02
 1.00385e+19	7.73e-01	2.17e-01	1.02e-02
 1.03542e+19	7.83e-01	2.07e-01	9.45e-03
 1.06958e+19	7.93e-01	1.98e-01	8.71e-03
 1.10655e+19	8.03e-01	1.89e-01	8.01e-03
 1.14657e+19	8.12e-01	1.80e-01	7.34e-03
 1.18977e+19	8.21e-01	1.72e-01	6.70e-03
 1.23620e+19	8.30e-01	1.64e-01	6.10e-03
 1.28588e+19	8.38e-01	1.56e-01	5.55e-03
 1.33859e+19	8.46e-01	1.49e-01	5.03e-03
 1.39437e+19	8.54e-01	1.42e-01	4.56e-03
 1.45337e+19	8.61e-01	1.35e-01	4.13e-03
 1.51525e+19	8.68e-01	1.29e-01	3.73e-03
 1.57978e+19	8.74e-01	1.22e-01	3.37e-03
 1.64672e+19	8.80e-01	1.17e-01	3.05e-03
 1.71604e+19	8.86e-01	1.11e-01	2.76e-03
 1.78796e+19	8.92e-01	1.06e-01	2.49e-03
 1.86224e+19	8.97e-01	1.01e-01	2.25e-03
 1.93876e+19	9.02e-01	9.62e-02	2.04e-03
 2.01808e+19	9.06e-01	9.17e-02	1.84e-03
 2.09990e+19	9.11e-01	8.75e-02	1.67e-03
 2.18352e+19	9.15e-01	8.35e-02	1.51e-03
 2.26869e+19	9.19e-01	7.97e-02	1.37e-03
 2.35378e+19	9.23e-01	7.62e-02	1.25e-03
 2.43711e+19	9.26e-01	7.30e-02	1.14e-03
 2.51855e+19	9.29e-01	7.01e-02	1.05e-03
 2.59851e+19	9.32e-01	6.74e-02	9.69e-04
 2.67688e+19	9.34e-01	6.49e-02	8.96e-04
 2.75311e+19	9.37e-01	6.26e-02	8.31e-04
 2.82694e+19	9.39e-01	6.05e-02	7.74e-04
 2.89819e+19	9.41e-01	5.86e-02	7.23e-04
 2.96636e+19	9.42e-01	5.69e-02	6.78e-04
 3.03115e+19	9.44e-01	5.53e-02	6.38e-04
 3.09242e+19	9.46e-01	5.38e-02	6.02e-04
 3.15034e+19	9.47e-01	5.25e-02	5.71e-04
 3.20479e+19	9.48e-01	5.12e-02	5.42e-04
