#depth	O	O+	O+2	O+3	O+4	O+5	O+6	O+7	O+8	O[1]	O[2]	O[3]
 1.87963e+15	7.16e-02	8.71e-01	5.70e-02	1.31e-04	5.73e-07	0.00e+00	0.00e+00	0.00e+00	0.00e+00	7.16e-02	4.98e-06	5.68e-06
 1.12778e+16	7.13e-02	8.71e-01	5.73e-02	1.33e-04	5.79e-07	0.00e+00	0.00e+00	0.00e+00	0.00e+00	7.13e-02	4.95e-06	5.65e-06
 4.88704e+16	7.10e-02	8.71e-01	5.77e-02	1.34e-04	5.83e-07	0.00e+00	0.00e+00	0.00e+00	0.00e+00	7.10e-02	4.93e-06	5.63e-06
 1.99241e+17	7.06e-02	8.71e-01	5.85e-02	1.34e-04	5.88e-07	0.00e+00	0.00e+00	0.00e+00	0.00e+00	7.06e-02	4.90e-06	5.59e-06
 4.75922e+17	6.72e-02	8.70e-01	6.25e-02	1.46e-04	6.32e-07	0.00e+00	0.00e+00	0.00e+00	0.00e+00	6.72e-02	4.68e-06	5.34e-06
 8.35608e+17	6.62e-02	8.70e-01	6.38e-02	1.46e-04	6.37e-07	0.00e+00	0.00e+00	0.00e+00	0.00e+00	6.62e-02	4.60e-06	5.25e-06
 1.30320e+18	6.71e-02	8.70e-01	6.30e-02	1.37e-04	6.11e-07	0.00e+00	0.00e+00	0.00e+00	0.00e+00	6.71e-02	4.64e-06	5.30e-06
 1.91107e+18	7.02e-02	8.70e-01	5.97e-02	1.19e-04	5.53e-07	0.00e+00	0.00e+00	0.00e+00	0.00e+00	7.02e-02	4.83e-06	5.52e-06
 2.63815e+18	7.55e-02	8.70e-01	5.46e-02	9.56e-05	4.76e-07	0.00e+00	0.00e+00	0.00e+00	0.00e+00	7.55e-02	5.18e-06	5.92e-06
 3.37989e+18	8.33e-02	8.68e-01	4.83e-02	7.31e-05	3.94e-07	0.00e+00	0.00e+00	0.00e+00	0.00e+00	8.33e-02	5.68e-06	6.49e-06
 4.15252e+18	9.52e-02	8.64e-01	4.06e-02	5.12e-05	3.06e-07	0.00e+00	0.00e+00	0.00e+00	0.00e+00	9.52e-02	6.45e-06	7.36e-06
 5.03680e+18	1.13e-01	8.55e-01	3.21e-02	3.22e-05	2.21e-07	0.00e+00	0.00e+00	0.00e+00	0.00e+00	1.13e-01	7.58e-06	8.65e-06
 5.89532e+18	1.37e-01	8.38e-01	2.46e-02	1.94e-05	1.54e-07	0.00e+00	0.00e+00	0.00e+00	0.00e+00	1.37e-01	9.04e-06	1.03e-05
 6.65078e+18	1.66e-01	8.15e-01	1.86e-02	1.16e-05	0.00e+00	0.00e+00	0.00e+00	0.00e+00	0.00e+00	1.66e-01	1.07e-05	1.22e-05
 7.35880e+18	2.00e-01	7.86e-01	1.40e-02	7.01e-06	0.00e+00	0.00e+00	0.00e+00	0.00e+00	0.00e+00	2.00e-01	1.25e-05	1.42e-05
 8.02059e+18	2.39e-01	7.50e-01	1.04e-02	4.23e-06	0.00e+00	0.00e+00	0.00e+00	0.00e+00	0.00e+00	2.39e-01	1.44e-05	1.64e-05
 8.62215e+18	2.82e-01	7.11e-01	7.75e-03	2.64e-06	0.00e+00	0.00e+00	0.00e+00	0.00e+00	0.00e+00	2.82e-01	1.63e-05	1.85e-05
 9.14770e+18	3.24e-01	6.71e-01	5.94e-03	1.74e-06	0.00e+00	0.00e+00	0.00e+00	0.00e+00	0.00e+00	3.23e-01	1.79e-05	2.03e-05
 9.59416e+18	3.62e-01	6.34e-01	4.72e-03	1.24e-06	0.00e+00	0.00e+00	0.00e+00	0.00e+00	0.00e+00	3.62e-01	1.91e-05	2.18e-05
 9.96917e+18	3.95e-01	6.01e-01	3.87e-03	9.32e-07	0.00e+00	0.00e+00	0.00e+00	0.00e+00	0.00e+00	3.95e-01	2.01e-05	2.28e-05
 1.03031e+19	4.25e-01	5.71e-01	3.24e-03	7.28e-07	0.00e+00	0.00e+00	0.00e+00	0.00e+00	0.00e+00	4.25e-01	2.09e-05	2.37e-05
 1.06274e+19	4.54e-01	5.43e-01	2.73e-03	5.79e-07	0.00e+00	0.00e+00	0.00e+00	0.00e+00	0.00e+00	4.54e-01	2.14e-05	2.44e-05
 1.09372e+19	4.82e-01	5.15e-01	2.31e-03	4.68e-07	0.00e+00	0.00e+00	0.00e+00	0.00e+00	0.00e+00	4.82e-01	2.19e-05	2.49e-05
 1.12295e+19	5.07e-01	4.91e-01	1.98e-03	3.87e-07	0.00e+00	0.00e+00	0.00e+00	0.00e+00	0.00e+00	5.07e-01	2.22e-05	2.52e-05
 1.15108e+19	5.31e-01	4.67e-01	1.71e-03	3.24e-07	0.00e+00	0.00e+00	0.00e+00	0.00e+00	0.00e+00	5.31e-01	2.24e-05	2.54e-05
 1.17788e+19	5.53e-01	4.45e-01	1.49e-03	2.76e-07	0.00e+00	0.00e+00	0.00e+00	0.00e+00	0.00e+00	5.53e-01	2.25e-05	2.56e-05
 1.20446e+19	5.75e-01	4.24e-01	1.29e-03	2.36e-07	0.00e+00	0.00e+00	0.00e+00	0.00e+00	0.00e+00	5.75e-01	2.26e-05	2.56e-05
 1.23157e+19	5.95e-01	4.04e-01	1.13e-03	2.03e-07	0.00e+00	0.00e+00	0.00e+00	0.00e+00	0.00e+00	5.95e-01	2.25e-05	2.56e-05
 1.25411e+19	6.11e-01	3.88e-01	1.01e-03	1.82e-07	0.00e+00	0.00e+00	0.00e+00	0.00e+00	0.00e+00	6.11e-01	2.25e-05	2.55e-05
 1.26964e+19	6.21e-01	3.78e-01	9.36e-04	1.68e-07	0.00e+00	0.00e+00	0.00e+00	0.00e+00	0.00e+00	6.21e-01	2.24e-05	2.54e-05
 1.28440e+19	6.32e-01	3.67e-01	8.67e-04	1.56e-07	0.00e+00	0.00e+00	0.00e+00	0.00e+00	0.00e+00	6.32e-01	2.23e-05	2.53e-05
 1.30148e+19	6.43e-01	3.56e-01	7.97e-04	1.44e-07	0.00e+00	0.00e+00	0.00e+00	0.00e+00	0.00e+00	6.43e-01	2.22e-05	2.52e-05
 1.32048e+19	6.55e-01	3.44e-01	7.24e-04	1.31e-07	0.00e+00	0.00e+00	0.00e+00	0.00e+00	0.00e+00	6.55e-01	2.21e-05	2.50e-05
 1.33963e+19	6.67e-01	3.33e-01	6.61e-04	0.00e+00	0.00e+00	0.00e+00	0.00e+00	0.00e+00	0.00e+00	6.66e-01	2.19e-05	2.48e-05
 1.35849e+19	6.78e-01	3.22e-01	6.03e-04	0.00e+00	0.00e+00	0.00e+00	0.00e+00	0.00e+00	0.00e+00	6.78e-01	2.18e-05	2.46e-05
 1.37783e+19	6.88e-01	3.11e-01	5.51e-04	0.00e+00	0.00e+00	0.00e+00	0.00e+00	0.00e+00	0.00e+00	6.88e-01	2.16e-05	2.44e-05
 1.39797e+19	6.99e-01	3.01e-01	5.01e-04	0.00e+00	0.00e+00	0.00e+00	0.00e+00	0.00e+00	0.00e+00	6.99e-01	2.14e-05	2.42e-05
 1.41884e+19	7.10e-01	2.90e-01	4.54e-04	0.00e+00	0.00e+00	0.00e+00	0.00e+00	0.00e+00	0.00e+00	7.10e-01	2.12e-05	2.39e-05
 1.43991e+19	7.20e-01	2.80e-01	4.12e-04	0.00e+00	0.00e+00	0.00e+00	0.00e+00	0.00e+00	0.00e+00	7.20e-01	2.09e-05	2.37e-05
 1.46143e+19	7.29e-01	2.70e-01	3.74e-04	0.00e+00	0.00e+00	0.00e+00	0.00e+00	0.00e+00	0.00e+00	7.29e-01	2.07e-05	2.34e-05
 1.48398e+19	7.40e-01	2.60e-01	3.37e-04	0.00e+00	0.00e+00	0.00e+00	0.00e+00	0.00e+00	0.00e+00	7.39e-01	2.05e-05	2.31e-05
 1.50709e+19	7.49e-01	2.51e-01	3.05e-04	0.00e+00	0.00e+00	0.00e+00	0.00e+00	0.00e+00	0.00e+00	7.49e-01	2.02e-05	2.28e-05
 1.53079e+19	7.58e-01	2.41e-01	2.74e-04	0.00e+00	0.00e+00	0.00e+00	0.00e+00	0.00e+00	0.00e+00	7.58e-01	1.99e-05	2.25e-05
 1.55517e+19	7.67e-01	2.33e-01	2.47e-04	0.00e+00	0.00e+00	0.00e+00	0.00e+00	0.00e+00	0.00e+00	7.67e-01	1.97e-05	2.22e-05
 1.58043e+19	7.76e-01	2.24e-01	2.22e-04	0.00e+00	0.00e+00	0.00e+00	0.00e+00	0.00e+00	0.00e+00	7.76e-01	1.94e-05	2.19e-05
 1.60661e+19	7.85e-01	2.15e-01	1.98e-04	0.00e+00	0.00e+00	0.00e+00	0.00e+00	0.00e+00	0.00e+00	7.85e-01	1.91e-05	2.16e-05
 1.63308e+19	7.93e-01	2.07e-01	1.78e-04	0.00e+00	0.00e+00	0.00e+00	0.00e+00	0.00e+00	0.00e+00	7.93e-01	1.88e-05	2.12e-05
 1.66019e+19	8.01e-01	1.99e-01	1.59e-04	0.00e+00	0.00e+00	0.00e+00	0.00e+00	0.00e+00	0.00e+00	8.01e-01	1.86e-05	2.09e-05
 1.68848e+19	8.09e-01	1.91e-01	1.42e-04	0.00e+00	0.00e+00	0.00e+00	0.00e+00	0.00e+00	0.00e+00	8.09e-01	1.83e-05	2.06e-05
 1.71750e+19	8.16e-01	1.83e-01	1.26e-04	0.00e+00	0.00e+00	0.00e+00	0.00e+00	0.00e+00	0.00e+00	8.16e-01	1.80e-05	2.02e-05
 1.74732e+19	8.24e-01	1.76e-01	1.12e-04	0.00e+00	0.00e+00	0.00e+00	0.00e+00	0.00e+00	0.00e+00	8.24e-01	1.77e-05	1.99e-05
 1.77792e+19	8.31e-01	1.69e-01	9.97e-05	0.00e+00	0.00e+00	0.00e+00	0.00e+00	0.00e+00	0.00e+00	8.31e-01	1.74e-05	1.96e-05
 1.80947e+19	8.38e-01	1.62e-01	8.84e-05	0.00e+00	0.00e+00	0.00e+00	0.00e+00	0.00e+00	0.00e+00	8.38e-01	1.71e-05	1.92e-05
 1.84225e+19	8.45e-01	1.55e-01	7.83e-05	0.00e+00	0.00e+00	0.00e+00	0.00e+00	0.00e+00	0.00e+00	8.45e-01	1.68e-05	1.89e-05
 1.87553e+19	8.51e-01	1.49e-01	6.94e-05	0.00e+00	0.00e+00	0.00e+00	0.00e+00	0.00e+00	0.00e+00	8.51e-01	1.65e-05	1.85e-05
 1.90962e+19	8.57e-01	1.43e-01	6.15e-05	0.00e+00	0.00e+00	0.00e+00	0.00e+00	0.00e+00	0.00e+00	8.57e-01	1.62e-05	1.82e-05
 1.94467e+19	8.63e-01	1.37e-01	5.44e-05	0.00e+00	0.00e+00	0.00e+00	0.00e+00	0.00e+00	0.00e+00	8.63e-01	1.60e-05	1.79e-05
 1.98056e+19	8.69e-01	1.31e-01	4.82e-05	0.00e+00	0.00e+00	0.00e+00	0.00e+00	0.00e+00	0.00e+00	8.69e-01	1.57e-05	1.76e-05
 2.01707e+19	8.74e-01	1.26e-01	4.28e-05	0.00e+00	0.00e+00	0.00e+00	0.00e+00	0.00e+00	0.00e+00	8.74e-01	1.54e-05	1.73e-05
 2.05426e+19	8.79e-01	1.21e-01	3.80e-05	0.00e+00	0.00e+00	0.00e+00	0.00e+00	0.00e+00	0.00e+00	8.79e-01	1.52e-05	1.70e-05
 2.09231e+19	8.84e-01	1.16e-01	3.38e-05	0.00e+00	0.00e+00	0.00e+00	0.00e+00	0.00e+00	0.00e+00	8.84e-01	1.49e-05	1.67e-05
 2.13140e+19	8.88e-01	1.12e-01	3.01e-05	0.00e+00	0.00e+00	0.00e+00	0.00e+00	0.00e+00	0.00e+00	8.88e-01	1.47e-05	1.64e-05
 2.17154e+19	8.93e-01	1.07e-01	2.69e-05	0.00e+00	0.00e+00	0.00e+00	0.00e+00	0.00e+00	0.00e+00	8.93e-01	1.45e-05	1.62e-05
 2.21258e+19	8.97e-01	1.03e-01	2.40e-05	0.00e+00	0.00e+00	0.00e+00	0.00e+00	0.00e+00	0.00e+00	8.97e-01	1.42e-05	1.59e-05
 2.25507e+19	9.01e-01	9.90e-02	2.15e-05	0.00e+00	0.00e+00	0.00e+00	0.00e+00	0.00e+00	0.00e+00	9.01e-01	1.40e-05	1.57e-05
 2.29930e+19	9.05e-01	9.53e-02	1.92e-05	0.00e+00	0.00e+00	0.00e+00	0.00e+00	0.00e+00	0.00e+00	9.05e-01	1.38e-05	1.54e-05
 2.34514e+19	9.08e-01	9.17e-02	1.72e-05	0.00e+00	0.00e+00	0.00e+00	0.00e+00	0.00e+00	0.00e+00	9.08e-01	1.36e-05	1.52e-05
 2.39270e+19	9.12e-01	8.83e-02	1.55e-05	0.00e+00	0.00e+00	0.00e+00	0.00e+00	0.00e+00	0.00e+00	9.12e-01	1.34e-05	1.50e-05
 2.44244e+19	9.15e-01	8.51e-02	1.39e-05	0.00e+00	0.00e+00	0.00e+00	0.00e+00	0.00e+00	0.00e+00	9.15e-01	1.33e-05	1.48e-05
 2.49460e+19	9.18e-01	8.20e-02	1.26e-05	0.00e+00	0.00e+00	0.00e+00	0.00e+00	0.00e+00	0.00e+00	9.18e-01	1.31e-05	1.46e-05
 2.54935e+19	9.21e-01	7.91e-02	1.13e-05	0.00e+00	0.00e+00	0.00e+00	0.00e+00	0.00e+00	0.00e+00	9.21e-01	1.29e-05	1.44e-05
 2.60720e+19	9.24e-01	7.63e-02	1.03e-05	0.00e+00	0.00e+00	0.00e+00	0.00e+00	0.00e+00	0.00e+00	9.24e-01	1.28e-05	1.42e-05
 2.66868e+19	9.26e-01	7.36e-02	9.30e-06	0.00e+00	0.00e+00	0.00e+00	0.00e+00	0.00e+00	0.00e+00	9.26e-01	1.26e-05	1.40e-05
 2.73416e+19	9.29e-01	7.11e-02	8.45e-06	0.00e+00	0.00e+00	0.00e+00	0.00e+00	0.00e+00	0.00e+00	9.29e-01	1.24e-05	1.38e-05
 2.80404e+19	9.31e-01	6.87e-02	7.69e-06	0.00e+00	0.00e+00	0.00e+00	0.00e+00	0.00e+00	0.00e+00	9.31e-01	1.23e-05	1.36e-05
 2.87900e+19	9.34e-01	6.64e-02	7.01e-06	0.00e+00	0.00e+00	0.00e+00	0.00e+00	0.00e+00	0.00e+00	9.34e-01	1.22e-05	1.35e-05
 2.95991e+19	9.36e-01	6.42e-02	6.40e-06	0.00e+00	0.00e+00	0.00e+00	0.00e+00	0.00e+00	0.00e+00	9.36e-01	1.20e-05	1.33e-05
 3.04758e+19	9.38e-01	6.20e-02	5.85e-06	0.00e+00	0.00e+00	0.00e+00	0.00e+00	0.00e+00	0.00e+00	9.38e-01	1.19e-05	1.32e-05
 3.14266e+19	9.40e-01	6.00e-02	5.36e-06	0.00e+00	0.00e+00	0.00e+00	0.00e+00	0.00e+00	0.00e+00	9.40e-01	1.17e-05	1.30e-05
 3.24594e+19	9.42e-01	5.80e-02	4.92e-06	0.00e+00	0.00e+00	0.00e+00	0.00e+00	0.00e+00	0.00e+00	9.42e-01	1.16e-05	1.29e-05
 3.35830e+19	9.44e-01	5.62e-02	4.52e-06	0.00e+00	0.00e+00	0.00e+00	0.00e+00	0.00e+00	0.00e+00	9.44e-01	1.15e-05	1.27e-05
 3.48060e+19	9.46e-01	5.43e-02	4.16e-06	0.00e+00	0.00e+00	0.00e+00	0.00e+00	0.00e+00	0.00e+00	9.46e-01	1.14e-05	1.26e-05
 3.61343e+19	9.47e-01	5.26e-02	3.84e-06	0.00e+00	0.00e+00	0.00e+00	0.00e+00	0.00e+00	0.00e+00	9.47e-01	1.13e-05	1.24e-05
 3.75621e+19	9.49e-01	5.08e-02	3.56e-06	0.00e+00	0.00e+00	0.00e+00	0.00e+00	0.00e+00	0.00e+00	9.49e-01	1.11e-05	1.23e-05
 3.90992e+19	9.51e-01	4.92e-02	3.30e-06	0.00e+00	0.00e+00	0.00e+00	0.00e+00	0.00e+00	0.00e+00	9.51e-01	1.10e-05	1.22e-05
 4.07570e+19	9.52e-01	4.75e-02	3.06e-06	0.00e+00	0.00e+00	0.00e+00	0.00e+00	0.00e+00	0.00e+00	9.52e-01	1.09e-05	1.20e-05
 4.25244e+19	9.54e-01	4.59e-02	2.85e-06	0.00e+00	0.00e+00	0.00e+00	0.00e+00	0.00e+00	0.00e+00	9.54e-01	1.08e-05	1.19e-05
 4.43953e+19	9.56e-01	4.44e-02	2.67e-06	0.00e+00	0.00e+00	0.00e+00	0.00e+00	0.00e+00	0.00e+00	9.56e-01	1.07e-05	1.17e-05
 4.63709e+19	9.57e-01	4.28e-02	2.50e-06	0.00e+00	0.00e+00	0.00e+00	0.00e+00	0.00e+00	0.00e+00	9.57e-01	1.05e-05	1.16e-05
 4.84444e+19	9.59e-01	4.14e-02	2.35e-06	0.00e+00	0.00e+00	0.00e+00	0.00e+00	0.00e+00	0.00e+00	9.59e-01	1.04e-05	1.14e-05
 5.06139e+19	9.60e-01	4.00e-02	2.22e-06	0.00e+00	0.00e+00	0.00e+00	0.00e+00	0.00e+00	0.00e+00	9.60e-01	1.03e-05	1.12e-05
 5.28819e+19	9.61e-01	3.86e-02	2.11e-06	0.00e+00	0.00e+00	0.00e+00	0.00e+00	0.00e+00	0.00e+00	9.61e-01	1.02e-05	1.11e-05
 5.52505e+19	9.63e-01	3.72e-02	2.00e-06	0.00e+00	0.00e+00	0.00e+00	0.00e+00	0.00e+00	0.00e+00	9.63e-01	1.01e-05	1.09e-05
 5.77261e+19	9.64e-01	3.59e-02	1.91e-06	0.00e+00	0.00e+00	0.00e+00	0.00e+00	0.00e+00	0.00e+00	9.64e-01	9.97e-06	1.08e-05
 6.03250e+19	9.65e-01	3.46e-02	1.83e-06	0.00e+00	0.00e+00	0.00e+00	0.00e+00	0.00e+00	0.00e+00	9.65e-01	9.86e-06	1.06e-05
 6.30391e+19	9.67e-01	3.34e-02	1.76e-06	0.00e+00	0.00e+00	0.00e+00	0.00e+00	0.00e+00	0.00e+00	9.67e-01	9.75e-06	1.05e-05
 6.58475e+19	9.68e-01	3.22e-02	1.70e-06	0.00e+00	0.00e+00	0.00e+00	0.00e+00	0.00e+00	0.00e+00	9.68e-01	9.65e-06	1.03e-05
 6.87665e+19	9.69e-01	3.10e-02	1.64e-06	0.00e+00	0.00e+00	0.00e+00	0.00e+00	0.00e+00	0.00e+00	9.69e-01	9.56e-06	1.02e-05
 7.17707e+19	9.70e-01	2.99e-02	1.59e-06	0.00e+00	0.00e+00	0.00e+00	0.00e+00	0.00e+00	0.00e+00	9.70e-01	9.47e-06	1.01e-05
 7.47971e+19	9.71e-01	2.89e-02	1.55e-06	0.00e+00	0.00e+00	0.00e+00	0.00e+00	0.00e+00	0.00e+00	9.71e-01	9.38e-06	9.95e-06
 7.78202e+19	9.72e-01	2.79e-02	1.52e-06	0.00e+00	0.00e+00	0.00e+00	0.00e+00	0.00e+00	0.00e+00	9.72e-01	9.30e-06	9.84e-06
 8.08441e+19	9.73e-01	2.70e-02	1.49e-06	0.00e+00	0.00e+00	0.00e+00	0.00e+00	0.00e+00	0.00e+00	9.73e-01	9.22e-06	9.74e-06
 8.38673e+19	9.74e-01	2.62e-02	1.47e-06	0.00e+00	0.00e+00	0.00e+00	0.00e+00	0.00e+00	0.00e+00	9.74e-01	9.15e-06	9.64e-06
 8.68803e+19	9.75e-01	2.54e-02	1.45e-06	0.00e+00	0.00e+00	0.00e+00	0.00e+00	0.00e+00	0.00e+00	9.75e-01	9.07e-06	9.55e-06
 8.98767e+19	9.75e-01	2.46e-02	1.43e-06	0.00e+00	0.00e+00	0.00e+00	0.00e+00	0.00e+00	0.00e+00	9.75e-01	9.00e-06	9.46e-06
 9.28406e+19	9.76e-01	2.39e-02	1.42e-06	0.00e+00	0.00e+00	0.00e+00	0.00e+00	0.00e+00	0.00e+00	9.76e-01	8.93e-06	9.37e-06
 9.57440e+19	9.77e-01	2.33e-02	1.41e-06	0.00e+00	0.00e+00	0.00e+00	0.00e+00	0.00e+00	0.00e+00	9.77e-01	8.87e-06	9.29e-06
 9.85632e+19	9.77e-01	2.26e-02	1.41e-06	0.00e+00	0.00e+00	0.00e+00	0.00e+00	0.00e+00	0.00e+00	9.77e-01	8.81e-06	9.21e-06
 1.01285e+20	9.78e-01	2.21e-02	1.40e-06	0.00e+00	0.00e+00	0.00e+00	0.00e+00	0.00e+00	0.00e+00	9.78e-01	8.75e-06	9.14e-06
 1.03897e+20	9.78e-01	2.15e-02	1.40e-06	0.00e+00	0.00e+00	0.00e+00	0.00e+00	0.00e+00	0.00e+00	9.78e-01	8.69e-06	9.07e-06
