#depth	O	O+	O+2	O+3	O+4	O+5	O+6	O+7	O+8	O[1]	O[2]	O[3]
 1.06715e+17	1.67e-03	1.39e-01	6.57e-01	1.88e-01	1.49e-02	1.61e-04	1.34e-06	0.00e+00	0.00e+00	1.67e-03	1.46e-08	1.39e-08
 6.40289e+17	1.65e-03	1.38e-01	6.57e-01	1.88e-01	1.50e-02	1.61e-04	1.35e-06	0.00e+00	0.00e+00	1.65e-03	1.48e-08	1.38e-08
 2.77459e+18	1.61e-03	1.35e-01	6.60e-01	1.88e-01	1.49e-02	1.62e-04	1.35e-06	0.00e+00	0.00e+00	1.61e-03	1.44e-08	1.35e-08
 1.13118e+19	1.52e-03	1.30e-01	6.68e-01	1.86e-01	1.45e-02	1.59e-04	1.33e-06	0.00e+00	0.00e+00	1.52e-03	1.35e-08	1.27e-08
 2.70202e+19	1.26e-03	1.15e-01	6.80e-01	1.90e-01	1.44e-02	1.64e-04	1.40e-06	0.00e+00	0.00e+00	1.26e-03	1.10e-08	1.06e-08
 4.74412e+19	1.11e-03	1.06e-01	6.92e-01	1.87e-01	1.37e-02	1.61e-04	1.39e-06	0.00e+00	0.00e+00	1.11e-03	9.57e-09	9.32e-09
 7.39884e+19	1.03e-03	1.02e-01	7.06e-01	1.79e-01	1.25e-02	1.49e-04	1.30e-06	0.00e+00	0.00e+00	1.03e-03	8.82e-09	8.66e-09
 1.08500e+20	1.02e-03	1.01e-01	7.23e-01	1.64e-01	1.09e-02	1.28e-04	1.12e-06	0.00e+00	0.00e+00	1.02e-03	8.68e-09	8.53e-09
 1.53365e+20	1.11e-03	1.06e-01	7.42e-01	1.42e-01	8.84e-03	1.00e-04	8.69e-07	0.00e+00	0.00e+00	1.11e-03	9.52e-09	9.27e-09
 2.05963e+20	1.30e-03	1.17e-01	7.58e-01	1.16e-01	6.70e-03	7.14e-05	6.12e-07	0.00e+00	0.00e+00	1.30e-03	1.14e-08	1.09e-08
 2.56131e+20	1.61e-03	1.34e-01	7.67e-01	9.30e-02	4.99e-03	4.91e-05	4.13e-07	0.00e+00	0.00e+00	1.61e-03	1.45e-08	1.35e-08
 2.94777e+20	1.99e-03	1.51e-01	7.67e-01	7.63e-02	3.87e-03	3.52e-05	2.92e-07	0.00e+00	0.00e+00	1.99e-03	1.82e-08	1.66e-08
 3.22680e+20	2.37e-03	1.68e-01	7.62e-01	6.49e-02	3.18e-03	2.70e-05	2.20e-07	0.00e+00	0.00e+00	2.37e-03	2.22e-08	1.98e-08
 3.46873e+20	2.83e-03	1.85e-01	7.54e-01	5.56e-02	2.63e-03	2.08e-05	1.68e-07	0.00e+00	0.00e+00	2.83e-03	2.70e-08	2.36e-08
 3.74492e+20	3.47e-03	2.07e-01	7.42e-01	4.61e-02	2.09e-03	1.53e-05	1.21e-07	0.00e+00	0.00e+00	3.47e-03	3.35e-08	2.88e-08
 4.04012e+20	4.44e-03	2.36e-01	7.21e-01	3.70e-02	1.62e-03	1.07e-05	0.00e+00	0.00e+00	0.00e+00	4.44e-03	4.43e-08	3.69e-08
 4.27826e+20	5.38e-03	2.61e-01	7.01e-01	3.09e-02	1.32e-03	7.99e-06	0.00e+00	0.00e+00	0.00e+00	5.38e-03	5.45e-08	4.46e-08
 4.47078e+20	6.27e-03	2.82e-01	6.84e-01	2.65e-02	1.12e-03	6.28e-06	0.00e+00	0.00e+00	0.00e+00	6.27e-03	6.40e-08	5.19e-08
 4.68575e+20	7.57e-03	3.10e-01	6.59e-01	2.20e-02	9.08e-04	4.67e-06	0.00e+00	0.00e+00	0.00e+00	7.57e-03	7.84e-08	6.26e-08
 4.92389e+20	9.46e-03	3.45e-01	6.27e-01	1.76e-02	7.20e-04	3.31e-06	0.00e+00	0.00e+00	0.00e+00	9.46e-03	9.96e-08	7.79e-08
 5.13432e+20	1.14e-02	3.77e-01	5.97e-01	1.45e-02	5.87e-04	2.45e-06	0.00e+00	0.00e+00	0.00e+00	1.14e-02	1.21e-07	9.38e-08
 5.31888e+20	1.35e-02	4.06e-01	5.68e-01	1.20e-02	4.87e-04	1.85e-06	0.00e+00	0.00e+00	0.00e+00	1.35e-02	1.44e-07	1.11e-07
 5.52765e+20	1.64e-02	4.42e-01	5.32e-01	9.60e-03	3.91e-04	1.33e-06	0.00e+00	0.00e+00	0.00e+00	1.64e-02	1.77e-07	1.34e-07
 5.75510e+20	2.03e-02	4.82e-01	4.90e-01	7.45e-03	3.08e-04	9.19e-07	0.00e+00	0.00e+00	0.00e+00	2.03e-02	2.19e-07	1.65e-07
 5.95796e+20	2.45e-02	5.18e-01	4.52e-01	5.87e-03	2.48e-04	6.54e-07	0.00e+00	0.00e+00	0.00e+00	2.45e-02	2.65e-07	1.99e-07
 6.14097e+20	2.91e-02	5.51e-01	4.15e-01	4.66e-03	2.02e-04	4.75e-07	0.00e+00	0.00e+00	0.00e+00	2.91e-02	3.16e-07	2.35e-07
 6.34707e+20	3.53e-02	5.88e-01	3.73e-01	3.54e-03	1.59e-04	3.26e-07	0.00e+00	0.00e+00	0.00e+00	3.53e-02	3.83e-07	2.84e-07
 6.57223e+20	4.37e-02	6.28e-01	3.26e-01	2.57e-03	1.22e-04	2.12e-07	0.00e+00	0.00e+00	0.00e+00	4.37e-02	4.73e-07	3.49e-07
 6.77243e+20	5.28e-02	6.60e-01	2.85e-01	1.90e-03	9.51e-05	1.42e-07	0.00e+00	0.00e+00	0.00e+00	5.28e-02	5.70e-07	4.19e-07
 6.94966e+20	6.24e-02	6.87e-01	2.50e-01	1.43e-03	7.58e-05	0.00e+00	0.00e+00	0.00e+00	0.00e+00	6.24e-02	6.70e-07	4.91e-07
 7.12094e+20	7.35e-02	7.09e-01	2.16e-01	1.07e-03	5.99e-05	0.00e+00	0.00e+00	0.00e+00	0.00e+00	7.35e-02	7.84e-07	5.74e-07
 7.28763e+20	8.62e-02	7.28e-01	1.85e-01	7.88e-04	4.71e-05	0.00e+00	0.00e+00	0.00e+00	0.00e+00	8.62e-02	9.12e-07	6.67e-07
 7.44281e+20	1.00e-01	7.41e-01	1.58e-01	5.85e-04	3.72e-05	0.00e+00	0.00e+00	0.00e+00	0.00e+00	1.00e-01	1.05e-06	7.65e-07
 7.58508e+20	1.15e-01	7.49e-01	1.35e-01	4.40e-04	2.96e-05	0.00e+00	0.00e+00	0.00e+00	0.00e+00	1.15e-01	1.19e-06	8.68e-07
 7.71779e+20	1.30e-01	7.54e-01	1.16e-01	3.33e-04	2.36e-05	0.00e+00	0.00e+00	0.00e+00	0.00e+00	1.30e-01	1.34e-06	9.73e-07
 7.84536e+20	1.47e-01	7.54e-01	9.81e-02	2.52e-04	1.88e-05	0.00e+00	0.00e+00	0.00e+00	0.00e+00	1.47e-01	1.49e-06	1.09e-06
 7.96835e+20	1.65e-01	7.52e-01	8.34e-02	1.93e-04	1.51e-05	0.00e+00	0.00e+00	0.00e+00	0.00e+00	1.65e-01	1.64e-06	1.19e-06
 8.10623e+20	1.87e-01	7.45e-01	6.82e-02	1.40e-04	1.15e-05	0.00e+00	0.00e+00	0.00e+00	0.00e+00	1.87e-01	1.83e-06	1.33e-06
 8.24877e+20	2.13e-01	7.32e-01	5.50e-02	1.01e-04	8.65e-06	0.00e+00	0.00e+00	0.00e+00	0.00e+00	2.13e-01	2.04e-06	1.48e-06
 8.36451e+20	2.36e-01	7.19e-01	4.56e-02	7.69e-05	6.77e-06	0.00e+00	0.00e+00	0.00e+00	0.00e+00	2.36e-01	2.21e-06	1.61e-06
 8.46476e+20	2.56e-01	7.05e-01	3.86e-02	6.09e-05	5.46e-06	0.00e+00	0.00e+00	0.00e+00	0.00e+00	2.56e-01	2.36e-06	1.71e-06
 8.57774e+20	2.82e-01	6.86e-01	3.15e-02	4.63e-05	4.20e-06	0.00e+00	0.00e+00	0.00e+00	0.00e+00	2.82e-01	2.54e-06	1.84e-06
 8.70392e+20	3.11e-01	6.64e-01	2.51e-02	3.47e-05	3.17e-06	0.00e+00	0.00e+00	0.00e+00	0.00e+00	3.11e-01	2.71e-06	1.97e-06
 8.82551e+20	3.41e-01	6.39e-01	2.00e-02	2.63e-05	2.38e-06	0.00e+00	0.00e+00	0.00e+00	0.00e+00	3.41e-01	2.88e-06	2.09e-06
 8.94390e+20	3.71e-01	6.13e-01	1.58e-02	2.02e-05	1.79e-06	0.00e+00	0.00e+00	0.00e+00	0.00e+00	3.71e-01	3.04e-06	2.20e-06
 9.07300e+20	4.04e-01	5.84e-01	1.23e-02	1.54e-05	1.31e-06	0.00e+00	0.00e+00	0.00e+00	0.00e+00	4.04e-01	3.18e-06	2.30e-06
 9.20405e+20	4.37e-01	5.53e-01	9.43e-03	1.19e-05	9.54e-07	0.00e+00	0.00e+00	0.00e+00	0.00e+00	4.37e-01	3.31e-06	2.39e-06
 9.31847e+20	4.67e-01	5.25e-01	7.45e-03	9.53e-06	7.20e-07	0.00e+00	0.00e+00	0.00e+00	0.00e+00	4.67e-01	3.40e-06	2.45e-06
 9.42426e+20	4.93e-01	5.01e-01	6.00e-03	7.92e-06	5.59e-07	0.00e+00	0.00e+00	0.00e+00	0.00e+00	4.93e-01	3.46e-06	2.50e-06
 9.52528e+20	5.18e-01	4.77e-01	4.87e-03	6.67e-06	4.38e-07	0.00e+00	0.00e+00	0.00e+00	0.00e+00	5.18e-01	3.51e-06	2.53e-06
 9.62419e+20	5.41e-01	4.55e-01	3.98e-03	5.72e-06	3.47e-07	0.00e+00	0.00e+00	0.00e+00	0.00e+00	5.41e-01	3.54e-06	2.55e-06
 9.72222e+20	5.64e-01	4.33e-01	3.26e-03	4.96e-06	2.77e-07	0.00e+00	0.00e+00	0.00e+00	0.00e+00	5.64e-01	3.56e-06	2.56e-06
 9.81688e+20	5.84e-01	4.13e-01	2.70e-03	4.36e-06	2.24e-07	0.00e+00	0.00e+00	0.00e+00	0.00e+00	5.84e-01	3.56e-06	2.56e-06
 9.89378e+20	5.99e-01	3.98e-01	2.34e-03	3.96e-06	1.90e-07	0.00e+00	0.00e+00	0.00e+00	0.00e+00	5.99e-01	3.56e-06	2.56e-06
 9.94855e+20	6.10e-01	3.88e-01	2.11e-03	3.71e-06	1.69e-07	0.00e+00	0.00e+00	0.00e+00	0.00e+00	6.10e-01	3.56e-06	2.56e-06
 1.00021e+21	6.20e-01	3.78e-01	1.90e-03	3.48e-06	1.51e-07	0.00e+00	0.00e+00	0.00e+00	0.00e+00	6.20e-01	3.55e-06	2.55e-06
 1.00648e+21	6.32e-01	3.66e-01	1.69e-03	3.24e-06	1.32e-07	0.00e+00	0.00e+00	0.00e+00	0.00e+00	6.32e-01	3.54e-06	2.54e-06
 1.01333e+21	6.44e-01	3.54e-01	1.49e-03	3.01e-06	0.00e+00	0.00e+00	0.00e+00	0.00e+00	0.00e+00	6.44e-01	3.52e-06	2.53e-06
 1.02032e+21	6.56e-01	3.43e-01	1.32e-03	2.81e-06	0.00e+00	0.00e+00	0.00e+00	0.00e+00	0.00e+00	6.56e-01	3.50e-06	2.52e-06
 1.02737e+21	6.67e-01	3.32e-01	1.17e-03	2.63e-06	0.00e+00	0.00e+00	0.00e+00	0.00e+00	0.00e+00	6.67e-01	3.49e-06	2.50e-06
 1.03474e+21	6.78e-01	3.21e-01	1.04e-03	2.46e-06	0.00e+00	0.00e+00	0.00e+00	0.00e+00	0.00e+00	6.78e-01	3.46e-06	2.48e-06
 1.04259e+21	6.88e-01	3.11e-01	9.17e-04	2.31e-06	0.00e+00	0.00e+00	0.00e+00	0.00e+00	0.00e+00	6.88e-01	3.44e-06	2.46e-06
 1.05073e+21	6.99e-01	3.01e-01	8.13e-04	2.17e-06	0.00e+00	0.00e+00	0.00e+00	0.00e+00	0.00e+00	6.99e-01	3.41e-06	2.44e-06
 1.05933e+21	7.08e-01	2.91e-01	7.22e-04	2.04e-06	0.00e+00	0.00e+00	0.00e+00	0.00e+00	0.00e+00	7.08e-01	3.38e-06	2.42e-06
 1.06867e+21	7.18e-01	2.81e-01	6.39e-04	1.92e-06	0.00e+00	0.00e+00	0.00e+00	0.00e+00	0.00e+00	7.18e-01	3.35e-06	2.40e-06
 1.07871e+21	7.28e-01	2.72e-01	5.67e-04	1.81e-06	0.00e+00	0.00e+00	0.00e+00	0.00e+00	0.00e+00	7.28e-01	3.32e-06	2.37e-06
 1.08966e+21	7.37e-01	2.63e-01	5.03e-04	1.71e-06	0.00e+00	0.00e+00	0.00e+00	0.00e+00	0.00e+00	7.37e-01	3.29e-06	2.35e-06
 1.10170e+21	7.45e-01	2.54e-01	4.48e-04	1.61e-06	0.00e+00	0.00e+00	0.00e+00	0.00e+00	0.00e+00	7.45e-01	3.25e-06	2.32e-06
 1.11526e+21	7.54e-01	2.45e-01	3.99e-04	1.53e-06	0.00e+00	0.00e+00	0.00e+00	0.00e+00	0.00e+00	7.54e-01	3.22e-06	2.29e-06
 1.13062e+21	7.62e-01	2.38e-01	3.57e-04	1.45e-06	0.00e+00	0.00e+00	0.00e+00	0.00e+00	0.00e+00	7.62e-01	3.19e-06	2.27e-06
 1.14746e+21	7.69e-01	2.30e-01	3.22e-04	1.38e-06	0.00e+00	0.00e+00	0.00e+00	0.00e+00	0.00e+00	7.69e-01	3.15e-06	2.24e-06
 1.16480e+21	7.75e-01	2.24e-01	2.94e-04	1.32e-06	0.00e+00	0.00e+00	0.00e+00	0.00e+00	0.00e+00	7.75e-01	3.12e-06	2.22e-06
 1.18450e+21	7.81e-01	2.18e-01	2.69e-04	1.27e-06	0.00e+00	0.00e+00	0.00e+00	0.00e+00	0.00e+00	7.81e-01	3.09e-06	2.19e-06
 1.21010e+21	7.88e-01	2.12e-01	2.44e-04	1.21e-06	0.00e+00	0.00e+00	0.00e+00	0.00e+00	0.00e+00	7.88e-01	3.06e-06	2.17e-06
 1.24338e+21	7.95e-01	2.05e-01	2.20e-04	1.15e-06	0.00e+00	0.00e+00	0.00e+00	0.00e+00	0.00e+00	7.95e-01	3.02e-06	2.14e-06
 1.28470e+21	8.02e-01	1.98e-01	1.97e-04	1.09e-06	0.00e+00	0.00e+00	0.00e+00	0.00e+00	0.00e+00	8.02e-01	2.98e-06	2.10e-06
 1.33222e+21	8.09e-01	1.91e-01	1.77e-04	1.03e-06	0.00e+00	0.00e+00	0.00e+00	0.00e+00	0.00e+00	8.09e-01	2.94e-06	2.07e-06
 1.38443e+21	8.15e-01	1.84e-01	1.59e-04	9.73e-07	0.00e+00	0.00e+00	0.00e+00	0.00e+00	0.00e+00	8.15e-01	2.91e-06	2.04e-06
 1.44084e+21	8.22e-01	1.78e-01	1.43e-04	9.21e-07	0.00e+00	0.00e+00	0.00e+00	0.00e+00	0.00e+00	8.22e-01	2.87e-06	2.01e-06
 1.50102e+21	8.29e-01	1.71e-01	1.29e-04	8.72e-07	0.00e+00	0.00e+00	0.00e+00	0.00e+00	0.00e+00	8.29e-01	2.83e-06	1.97e-06
 1.56460e+21	8.35e-01	1.65e-01	1.16e-04	8.25e-07	0.00e+00	0.00e+00	0.00e+00	0.00e+00	0.00e+00	8.35e-01	2.79e-06	1.94e-06
 1.63146e+21	8.41e-01	1.59e-01	1.06e-04	7.81e-07	0.00e+00	0.00e+00	0.00e+00	0.00e+00	0.00e+00	8.41e-01	2.76e-06	1.91e-06
 1.70189e+21	8.46e-01	1.53e-01	9.60e-05	7.40e-07	0.00e+00	0.00e+00	0.00e+00	0.00e+00	0.00e+00	8.46e-01	2.72e-06	1.88e-06
 1.77605e+21	8.52e-01	1.48e-01	8.75e-05	7.01e-07	0.00e+00	0.00e+00	0.00e+00	0.00e+00	0.00e+00	8.52e-01	2.69e-06	1.85e-06
 1.85385e+21	8.57e-01	1.43e-01	8.01e-05	6.64e-07	0.00e+00	0.00e+00	0.00e+00	0.00e+00	0.00e+00	8.57e-01	2.66e-06	1.82e-06
 1.93549e+21	8.62e-01	1.38e-01	7.35e-05	6.29e-07	0.00e+00	0.00e+00	0.00e+00	0.00e+00	0.00e+00	8.62e-01	2.63e-06	1.79e-06
 2.02133e+21	8.67e-01	1.33e-01	6.77e-05	5.96e-07	0.00e+00	0.00e+00	0.00e+00	0.00e+00	0.00e+00	8.67e-01	2.60e-06	1.76e-06
 2.11169e+21	8.72e-01	1.28e-01	6.25e-05	5.65e-07	0.00e+00	0.00e+00	0.00e+00	0.00e+00	0.00e+00	8.72e-01	2.57e-06	1.73e-06
 2.20671e+21	8.77e-01	1.23e-01	5.79e-05	5.35e-07	0.00e+00	0.00e+00	0.00e+00	0.00e+00	0.00e+00	8.77e-01	2.54e-06	1.70e-06
 2.30647e+21	8.81e-01	1.19e-01	5.38e-05	5.07e-07	0.00e+00	0.00e+00	0.00e+00	0.00e+00	0.00e+00	8.81e-01	2.52e-06	1.68e-06
 2.41117e+21	8.85e-01	1.15e-01	5.02e-05	4.80e-07	0.00e+00	0.00e+00	0.00e+00	0.00e+00	0.00e+00	8.85e-01	2.49e-06	1.65e-06
 2.52122e+21	8.89e-01	1.11e-01	4.69e-05	4.55e-07	0.00e+00	0.00e+00	0.00e+00	0.00e+00	0.00e+00	8.89e-01	2.47e-06	1.62e-06
 2.63689e+21	8.93e-01	1.07e-01	4.40e-05	4.30e-07	0.00e+00	0.00e+00	0.00e+00	0.00e+00	0.00e+00	8.93e-01	2.44e-06	1.60e-06
 2.75839e+21	8.97e-01	1.03e-01	4.14e-05	4.07e-07	0.00e+00	0.00e+00	0.00e+00	0.00e+00	0.00e+00	8.97e-01	2.42e-06	1.57e-06
 2.88599e+21	9.01e-01	9.93e-02	3.90e-05	3.85e-07	0.00e+00	0.00e+00	0.00e+00	0.00e+00	0.00e+00	9.01e-01	2.40e-06	1.55e-06
 3.01981e+21	9.04e-01	9.58e-02	3.69e-05	3.64e-07	0.00e+00	0.00e+00	0.00e+00	0.00e+00	0.00e+00	9.04e-01	2.38e-06	1.53e-06
 3.16061e+21	9.08e-01	9.24e-02	3.49e-05	3.44e-07	0.00e+00	0.00e+00	0.00e+00	0.00e+00	0.00e+00	9.08e-01	2.36e-06	1.50e-06
 3.30889e+21	9.11e-01	8.91e-02	3.32e-05	3.24e-07	0.00e+00	0.00e+00	0.00e+00	0.00e+00	0.00e+00	9.11e-01	2.35e-06	1.48e-06
 3.46486e+21	9.14e-01	8.59e-02	3.15e-05	3.06e-07	0.00e+00	0.00e+00	0.00e+00	0.00e+00	0.00e+00	9.14e-01	2.33e-06	1.46e-06
 3.62891e+21	9.17e-01	8.29e-02	3.01e-05	2.89e-07	0.00e+00	0.00e+00	0.00e+00	0.00e+00	0.00e+00	9.17e-01	2.32e-06	1.44e-06
 3.80055e+21	9.20e-01	8.00e-02	2.87e-05	2.72e-07	0.00e+00	0.00e+00	0.00e+00	0.00e+00	0.00e+00	9.20e-01	2.31e-06	1.42e-06
 3.98102e+21	9.23e-01	7.72e-02	2.74e-05	2.56e-07	0.00e+00	0.00e+00	0.00e+00	0.00e+00	0.00e+00	9.23e-01	2.30e-06	1.40e-06
 4.17253e+21	9.25e-01	7.45e-02	2.62e-05	2.41e-07	0.00e+00	0.00e+00	0.00e+00	0.00e+00	0.00e+00	9.25e-01	2.29e-06	1.38e-06
 4.37539e+21	9.28e-01	7.19e-02	2.51e-05	2.26e-07	0.00e+00	0.00e+00	0.00e+00	0.00e+00	0.00e+00	9.28e-01	2.28e-06	1.36e-06
 4.58980e+21	9.31e-01	6.94e-02	2.41e-05	2.12e-07	0.00e+00	0.00e+00	0.00e+00	0.00e+00	0.00e+00	9.31e-01	2.27e-06	1.34e-06
 4.81671e+21	9.33e-01	6.70e-02	2.31e-05	1.99e-07	0.00e+00	0.00e+00	0.00e+00	0.00e+00	0.00e+00	9.33e-01	2.26e-06	1.32e-06
 5.05776e+21	9.35e-01	6.46e-02	2.21e-05	1.86e-07	0.00e+00	0.00e+00	0.00e+00	0.00e+00	0.00e+00	9.35e-01	2.26e-06	1.30e-06
 5.31483e+21	9.38e-01	6.24e-02	2.12e-05	1.74e-07	0.00e+00	0.00e+00	0.00e+00	0.00e+00	0.00e+00	9.38e-01	2.26e-06	1.28e-06
 5.58961e+21	9.40e-01	6.02e-02	2.03e-05	1.63e-07	0.00e+00	0.00e+00	0.00e+00	0.00e+00	0.00e+00	9.40e-01	2.25e-06	1.26e-06
 5.88418e+21	9.42e-01	5.82e-02	1.94e-05	1.51e-07	0.00e+00	0.00e+00	0.00e+00	0.00e+00	0.00e+00	9.42e-01	2.25e-06	1.24e-06
 6.20100e+21	9.44e-01	5.62e-02	1.85e-05	1.41e-07	0.00e+00	0.00e+00	0.00e+00	0.00e+00	0.00e+00	9.44e-01	2.26e-06	1.23e-06
 6.54267e+21	9.46e-01	5.42e-02	1.76e-05	1.30e-07	0.00e+00	0.00e+00	0.00e+00	0.00e+00	0.00e+00	9.46e-01	2.26e-06	1.21e-06
 6.91453e+21	9.48e-01	5.24e-02	1.67e-05	1.20e-07	0.00e+00	0.00e+00	0.00e+00	0.00e+00	0.00e+00	9.48e-01	2.27e-06	1.19e-06
 7.32046e+21	9.49e-01	5.07e-02	1.58e-05	0.00e+00	0.00e+00	0.00e+00	0.00e+00	0.00e+00	0.00e+00	9.49e-01	2.28e-06	1.18e-06
 7.76673e+21	9.51e-01	4.90e-02	1.49e-05	0.00e+00	0.00e+00	0.00e+00	0.00e+00	0.00e+00	0.00e+00	9.51e-01	2.29e-06	1.17e-06
 8.22963e+21	9.52e-01	4.75e-02	1.40e-05	0.00e+00	0.00e+00	0.00e+00	0.00e+00	0.00e+00	0.00e+00	9.52e-01	2.30e-06	1.16e-06
 8.66397e+21	9.54e-01	4.63e-02	1.33e-05	0.00e+00	0.00e+00	0.00e+00	0.00e+00	0.00e+00	0.00e+00	9.54e-01	2.32e-06	1.15e-06
 9.06619e+21	9.55e-01	4.53e-02	1.26e-05	0.00e+00	0.00e+00	0.00e+00	0.00e+00	0.00e+00	0.00e+00	9.55e-01	2.34e-06	1.14e-06
 9.51692e+21	9.56e-01	4.43e-02	1.19e-05	0.00e+00	0.00e+00	0.00e+00	0.00e+00	0.00e+00	0.00e+00	9.56e-01	2.35e-06	1.13e-06
 1.00103e+22	9.57e-01	4.34e-02	1.12e-05	0.00e+00	0.00e+00	0.00e+00	0.00e+00	0.00e+00	0.00e+00	9.57e-01	2.37e-06	1.13e-06
 1.04436e+22	9.57e-01	4.27e-02	1.07e-05	0.00e+00	0.00e+00	0.00e+00	0.00e+00	0.00e+00	0.00e+00	9.57e-01	2.38e-06	1.12e-06
 1.08168e+22	9.58e-01	4.21e-02	1.02e-05	0.00e+00	0.00e+00	0.00e+00	0.00e+00	0.00e+00	0.00e+00	9.58e-01	2.40e-06	1.12e-06
 1.12276e+22	9.58e-01	4.15e-02	9.73e-06	0.00e+00	0.00e+00	0.00e+00	0.00e+00	0.00e+00	0.00e+00	9.58e-01	2.41e-06	1.11e-06
 1.17617e+22	9.59e-01	4.09e-02	9.13e-06	0.00e+00	0.00e+00	0.00e+00	0.00e+00	0.00e+00	0.00e+00	9.59e-01	2.42e-06	1.11e-06
 1.22984e+22	9.60e-01	4.03e-02	8.59e-06	0.00e+00	0.00e+00	0.00e+00	0.00e+00	0.00e+00	0.00e+00	9.60e-01	2.44e-06	1.11e-06
 1.27058e+22	9.60e-01	3.99e-02	8.21e-06	0.00e+00	0.00e+00	0.00e+00	0.00e+00	0.00e+00	0.00e+00	9.60e-01	2.45e-06	1.10e-06
 1.31027e+22	9.60e-01	3.96e-02	7.84e-06	0.00e+00	0.00e+00	0.00e+00	0.00e+00	0.00e+00	0.00e+00	9.60e-01	2.45e-06	1.10e-06
 1.36186e+22	9.61e-01	3.92e-02	7.39e-06	0.00e+00	0.00e+00	0.00e+00	0.00e+00	0.00e+00	0.00e+00	9.61e-01	2.46e-06	1.10e-06
 1.41573e+22	9.61e-01	3.88e-02	6.96e-06	0.00e+00	0.00e+00	0.00e+00	0.00e+00	0.00e+00	0.00e+00	9.61e-01	2.47e-06	1.10e-06
 1.46006e+22	9.61e-01	3.85e-02	6.64e-06	0.00e+00	0.00e+00	0.00e+00	0.00e+00	0.00e+00	0.00e+00	9.61e-01	2.48e-06	1.09e-06
 1.50518e+22	9.62e-01	3.82e-02	6.31e-06	0.00e+00	0.00e+00	0.00e+00	0.00e+00	0.00e+00	0.00e+00	9.62e-01	2.48e-06	1.09e-06
 1.56384e+22	9.62e-01	3.79e-02	5.92e-06	0.00e+00	0.00e+00	0.00e+00	0.00e+00	0.00e+00	0.00e+00	9.62e-01	2.48e-06	1.09e-06
 1.62516e+22	9.62e-01	3.77e-02	5.54e-06	0.00e+00	0.00e+00	0.00e+00	0.00e+00	0.00e+00	0.00e+00	9.62e-01	2.48e-06	1.09e-06
 1.67692e+22	9.63e-01	3.75e-02	5.26e-06	0.00e+00	0.00e+00	0.00e+00	0.00e+00	0.00e+00	0.00e+00	9.63e-01	2.48e-06	1.09e-06
 1.73122e+22	9.63e-01	3.73e-02	4.96e-06	0.00e+00	0.00e+00	0.00e+00	0.00e+00	0.00e+00	0.00e+00	9.63e-01	2.47e-06	1.08e-06
 1.80181e+22	9.63e-01	3.70e-02	4.60e-06	0.00e+00	0.00e+00	0.00e+00	0.00e+00	0.00e+00	0.00e+00	9.63e-01	2.46e-06	1.08e-06
 1.89357e+22	9.63e-01	3.68e-02	4.17e-06	0.00e+00	0.00e+00	0.00e+00	0.00e+00	0.00e+00	0.00e+00	9.63e-01	2.45e-06	1.08e-06
 1.99723e+22	9.63e-01	3.65e-02	3.76e-06	0.00e+00	0.00e+00	0.00e+00	0.00e+00	0.00e+00	0.00e+00	9.63e-01	2.42e-06	1.08e-06
 2.10086e+22	9.64e-01	3.64e-02	3.38e-06	0.00e+00	0.00e+00	0.00e+00	0.00e+00	0.00e+00	0.00e+00	9.64e-01	2.39e-06	1.08e-06
 2.19934e+22	9.64e-01	3.62e-02	3.07e-06	0.00e+00	0.00e+00	0.00e+00	0.00e+00	0.00e+00	0.00e+00	9.64e-01	2.35e-06	1.08e-06
 2.28797e+22	9.64e-01	3.61e-02	2.81e-06	0.00e+00	0.00e+00	0.00e+00	0.00e+00	0.00e+00	0.00e+00	9.64e-01	2.30e-06	1.08e-06
 2.36774e+22	9.64e-01	3.60e-02	2.61e-06	0.00e+00	0.00e+00	0.00e+00	0.00e+00	0.00e+00	0.00e+00	9.64e-01	2.25e-06	1.08e-06
 2.43954e+22	9.64e-01	3.59e-02	2.44e-06	0.00e+00	0.00e+00	0.00e+00	0.00e+00	0.00e+00	0.00e+00	9.64e-01	2.21e-06	1.08e-06
 2.50415e+22	9.64e-01	3.60e-02	2.29e-06	0.00e+00	0.00e+00	0.00e+00	0.00e+00	0.00e+00	0.00e+00	9.64e-01	2.16e-06	1.08e-06
 2.56230e+22	9.64e-01	3.59e-02	2.17e-06	0.00e+00	0.00e+00	0.00e+00	0.00e+00	0.00e+00	0.00e+00	9.64e-01	2.11e-06	1.08e-06
 2.61464e+22	9.64e-01	3.59e-02	2.07e-06	0.00e+00	0.00e+00	0.00e+00	0.00e+00	0.00e+00	0.00e+00	9.64e-01	2.07e-06	1.08e-06
 2.66174e+22	9.64e-01	3.58e-02	1.98e-06	0.00e+00	0.00e+00	0.00e+00	0.00e+00	0.00e+00	0.00e+00	9.64e-01	2.03e-06	1.08e-06
 2.70414e+22	9.64e-01	3.58e-02	1.91e-06	0.00e+00	0.00e+00	0.00e+00	0.00e+00	0.00e+00	0.00e+00	9.64e-01	1.99e-06	1.08e-06
 2.74229e+22	9.64e-01	3.58e-02	1.84e-06	0.00e+00	0.00e+00	0.00e+00	0.00e+00	0.00e+00	0.00e+00	9.64e-01	1.95e-06	1.08e-06
 2.77663e+22	9.64e-01	3.58e-02	1.79e-06	0.00e+00	0.00e+00	0.00e+00	0.00e+00	0.00e+00	0.00e+00	9.64e-01	1.92e-06	1.08e-06
 2.80832e+22	9.64e-01	3.58e-02	1.74e-06	0.00e+00	0.00e+00	0.00e+00	0.00e+00	0.00e+00	0.00e+00	9.64e-01	1.89e-06	1.08e-06
 2.83918e+22	9.64e-01	3.58e-02	1.69e-06	0.00e+00	0.00e+00	0.00e+00	0.00e+00	0.00e+00	0.00e+00	9.64e-01	1.86e-06	1.08e-06
 2.87004e+22	9.64e-01	3.57e-02	1.64e-06	0.00e+00	0.00e+00	0.00e+00	0.00e+00	0.00e+00	0.00e+00	9.64e-01	1.82e-06	1.08e-06
 2.90089e+22	9.64e-01	3.57e-02	1.60e-06	0.00e+00	0.00e+00	0.00e+00	0.00e+00	0.00e+00	0.00e+00	9.64e-01	1.79e-06	1.08e-06
 2.93175e+22	9.64e-01	3.56e-02	1.56e-06	0.00e+00	0.00e+00	0.00e+00	0.00e+00	0.00e+00	0.00e+00	9.64e-01	1.76e-06	1.08e-06
 2.96261e+22	9.64e-01	3.55e-02	1.51e-06	0.00e+00	0.00e+00	0.00e+00	0.00e+00	0.00e+00	0.00e+00	9.64e-01	1.72e-06	1.08e-06
 2.99346e+22	9.65e-01	3.54e-02	1.47e-06	0.00e+00	0.00e+00	0.00e+00	0.00e+00	0.00e+00	0.00e+00	9.65e-01	1.69e-06	1.08e-06
 3.02432e+22	9.65e-01	3.51e-02	1.43e-06	0.00e+00	0.00e+00	0.00e+00	0.00e+00	0.00e+00	0.00e+00	9.65e-01	1.65e-06	1.08e-06
 3.05169e+22	9.65e-01	3.49e-02	1.40e-06	0.00e+00	0.00e+00	0.00e+00	0.00e+00	0.00e+00	0.00e+00	9.65e-01	1.61e-06	1.08e-06
 3.06899e+22	9.65e-01	3.46e-02	1.38e-06	0.00e+00	0.00e+00	0.00e+00	0.00e+00	0.00e+00	0.00e+00	9.65e-01	1.58e-06	1.07e-06
 3.07635e+22	9.66e-01	3.44e-02	1.37e-06	0.00e+00	0.00e+00	0.00e+00	0.00e+00	0.00e+00	0.00e+00	9.66e-01	1.57e-06	1.07e-06
 3.07984e+22	9.66e-01	3.44e-02	1.36e-06	0.00e+00	0.00e+00	0.00e+00	0.00e+00	0.00e+00	0.00e+00	9.66e-01	1.56e-06	1.07e-06
 3.08324e+22	9.66e-01	3.43e-02	1.36e-06	0.00e+00	0.00e+00	0.00e+00	0.00e+00	0.00e+00	0.00e+00	9.66e-01	1.56e-06	1.07e-06
 3.08542e+22	9.66e-01	3.42e-02	1.36e-06	0.00e+00	0.00e+00	0.00e+00	0.00e+00	0.00e+00	0.00e+00	9.66e-01	1.55e-06	1.07e-06
