#depth	He	He+	He+2
 1.55791e+15	6.76e-02	8.13e-01	1.20e-01
 9.34748e+15	6.72e-02	8.12e-01	1.20e-01
 4.05058e+16	6.72e-02	8.12e-01	1.20e-01
 1.65139e+17	6.73e-02	8.13e-01	1.20e-01
 3.94464e+17	6.71e-02	8.13e-01	1.20e-01
 6.92586e+17	6.75e-02	8.13e-01	1.19e-01
 1.08015e+18	6.83e-02	8.14e-01	1.18e-01
 1.58397e+18	6.95e-02	8.15e-01	1.16e-01
 2.20287e+18	7.12e-02	8.15e-01	1.13e-01
 2.90159e+18	7.36e-02	8.16e-01	1.11e-01
 3.71443e+18	7.74e-02	8.16e-01	1.07e-01
 4.62341e+18	8.23e-02	8.15e-01	1.02e-01
 5.46802e+18	8.79e-02	8.14e-01	9.85e-02
 6.22915e+18	9.41e-02	8.11e-01	9.51e-02
 6.90163e+18	1.00e-01	8.07e-01	9.23e-02
 7.44946e+18	1.06e-01	8.04e-01	9.01e-02
 8.03043e+18	1.14e-01	7.99e-01	8.75e-02
 8.68515e+18	1.23e-01	7.92e-01	8.50e-02
 9.28236e+18	1.32e-01	7.85e-01	8.30e-02
 9.77138e+18	1.41e-01	7.78e-01	8.15e-02
 1.01908e+19	1.49e-01	7.71e-01	8.03e-02
 1.05915e+19	1.57e-01	7.64e-01	7.89e-02
 1.10007e+19	1.65e-01	7.57e-01	7.77e-02
 1.14039e+19	1.75e-01	7.49e-01	7.65e-02
 1.17852e+19	1.84e-01	7.41e-01	7.53e-02
 1.21599e+19	1.94e-01	7.32e-01	7.40e-02
 1.25431e+19	2.03e-01	7.24e-01	7.29e-02
 1.29272e+19	2.14e-01	7.14e-01	7.15e-02
 1.32316e+19	2.22e-01	7.07e-01	7.06e-02
 1.34485e+19	2.28e-01	7.02e-01	6.99e-02
 1.36676e+19	2.35e-01	6.96e-01	6.90e-02
 1.39237e+19	2.43e-01	6.89e-01	6.81e-02
 1.42016e+19	2.52e-01	6.81e-01	6.70e-02
 1.44796e+19	2.60e-01	6.74e-01	6.60e-02
 1.47610e+19	2.69e-01	6.66e-01	6.49e-02
 1.50508e+19	2.78e-01	6.58e-01	6.39e-02
 1.53521e+19	2.88e-01	6.49e-01	6.27e-02
 1.56669e+19	2.99e-01	6.40e-01	6.14e-02
 1.59858e+19	3.10e-01	6.30e-01	6.02e-02
 1.63127e+19	3.21e-01	6.20e-01	5.89e-02
 1.66557e+19	3.33e-01	6.10e-01	5.75e-02
 1.70086e+19	3.44e-01	5.99e-01	5.62e-02
 1.73718e+19	3.57e-01	5.88e-01	5.48e-02
 1.77470e+19	3.70e-01	5.77e-01	5.34e-02
 1.81366e+19	3.84e-01	5.65e-01	5.18e-02
 1.85373e+19	3.97e-01	5.53e-01	5.04e-02
 1.89495e+19	4.11e-01	5.40e-01	4.88e-02
 1.93810e+19	4.25e-01	5.27e-01	4.74e-02
 1.98319e+19	4.41e-01	5.14e-01	4.57e-02
 2.02955e+19	4.55e-01	5.00e-01	4.41e-02
 2.07744e+19	4.71e-01	4.87e-01	4.25e-02
 2.12803e+19	4.86e-01	4.73e-01	4.09e-02
 2.18113e+19	5.03e-01	4.58e-01	3.92e-02
 2.23620e+19	5.19e-01	4.44e-01	3.76e-02
 2.29292e+19	5.35e-01	4.30e-01	3.59e-02
 2.35211e+19	5.51e-01	4.15e-01	3.43e-02
 2.41465e+19	5.66e-01	4.01e-01	3.26e-02
 2.48047e+19	5.82e-01	3.87e-01	3.10e-02
 2.54933e+19	5.98e-01	3.73e-01	2.94e-02
 2.62214e+19	6.13e-01	3.59e-01	2.78e-02
 2.69963e+19	6.29e-01	3.45e-01	2.62e-02
 2.78240e+19	6.43e-01	3.32e-01	2.46e-02
 2.87109e+19	6.58e-01	3.19e-01	2.31e-02
 2.96668e+19	6.72e-01	3.06e-01	2.15e-02
 3.07046e+19	6.86e-01	2.94e-01	2.01e-02
 3.18337e+19	7.00e-01	2.81e-01	1.86e-02
 3.30648e+19	7.13e-01	2.69e-01	1.72e-02
 3.44080e+19	7.26e-01	2.58e-01	1.58e-02
 3.58735e+19	7.39e-01	2.47e-01	1.45e-02
 3.74709e+19	7.51e-01	2.36e-01	1.33e-02
 3.92066e+19	7.62e-01	2.25e-01	1.21e-02
 4.10834e+19	7.74e-01	2.15e-01	1.10e-02
 4.31007e+19	7.85e-01	2.05e-01	9.97e-03
 4.52571e+19	7.95e-01	1.96e-01	9.03e-03
 4.75504e+19	8.05e-01	1.87e-01	8.17e-03
 4.99782e+19	8.14e-01	1.78e-01	7.39e-03
 5.25377e+19	8.23e-01	1.70e-01	6.68e-03
 5.52274e+19	8.32e-01	1.62e-01	6.03e-03
 5.80498e+19	8.40e-01	1.54e-01	5.45e-03
 6.09895e+19	8.48e-01	1.47e-01	4.93e-03
 6.40587e+19	8.56e-01	1.40e-01	4.46e-03
 6.72773e+19	8.63e-01	1.33e-01	4.03e-03
 7.06274e+19	8.69e-01	1.27e-01	3.64e-03
 7.41063e+19	8.76e-01	1.21e-01	3.29e-03
 7.77191e+19	8.82e-01	1.15e-01	2.98e-03
 8.14693e+19	8.87e-01	1.10e-01	2.70e-03
 8.53632e+19	8.93e-01	1.05e-01	2.45e-03
 8.94002e+19	8.98e-01	1.00e-01	2.22e-03
 9.35775e+19	9.03e-01	9.54e-02	2.01e-03
 9.79115e+19	9.07e-01	9.09e-02	1.82e-03
 1.02419e+20	9.12e-01	8.67e-02	1.65e-03
 1.07095e+20	9.16e-01	8.27e-02	1.50e-03
 1.11942e+20	9.20e-01	7.89e-02	1.36e-03
 1.16973e+20	9.23e-01	7.53e-02	1.23e-03
 1.22196e+20	9.27e-01	7.18e-02	1.12e-03
 1.27625e+20	9.31e-01	6.84e-02	1.01e-03
 1.33298e+20	9.34e-01	6.52e-02	9.16e-04
 1.39198e+20	9.37e-01	6.22e-02	8.29e-04
 1.45284e+20	9.40e-01	5.92e-02	7.51e-04
 1.51591e+20	9.43e-01	5.65e-02	6.81e-04
 1.58062e+20	9.46e-01	5.39e-02	6.17e-04
 1.64511e+20	9.48e-01	5.15e-02	5.62e-04
 1.70820e+20	9.50e-01	4.94e-02	5.15e-04
 1.77002e+20	9.52e-01	4.74e-02	4.73e-04
 1.83068e+20	9.54e-01	4.56e-02	4.36e-04
 1.88970e+20	9.56e-01	4.40e-02	4.04e-04
 1.94663e+20	9.57e-01	4.25e-02	3.75e-04
 2.00123e+20	9.59e-01	4.11e-02	3.50e-04
 2.05344e+20	9.60e-01	3.99e-02	3.28e-04
 2.10331e+20	9.61e-01	3.87e-02	3.09e-04
