#depth	He	He+	He+2
 3.72328e+17	1.12e-04	1.18e-01	8.82e-01
 2.23397e+18	1.12e-04	1.18e-01	8.82e-01
 9.68053e+18	1.13e-04	1.19e-01	8.81e-01
 3.94668e+19	1.16e-04	1.22e-01	8.78e-01
 9.42735e+19	1.20e-04	1.24e-01	8.76e-01
 1.53561e+20	1.24e-04	1.28e-01	8.72e-01
 2.10957e+20	1.31e-04	1.34e-01	8.66e-01
 2.77856e+20	1.42e-04	1.43e-01	8.57e-01
 3.64825e+20	1.58e-04	1.57e-01	8.42e-01
 4.77884e+20	1.86e-04	1.81e-01	8.18e-01
 5.90518e+20	2.19e-04	2.11e-01	7.89e-01
 6.78066e+20	2.53e-04	2.42e-01	7.58e-01
 7.52054e+20	2.89e-04	2.74e-01	7.26e-01
 8.21664e+20	3.30e-04	3.09e-01	6.90e-01
 8.89888e+20	3.77e-04	3.50e-01	6.49e-01
 9.67594e+20	4.46e-04	4.05e-01	5.95e-01
 1.04343e+21	5.17e-04	4.64e-01	5.36e-01
 1.10297e+21	5.84e-04	5.14e-01	4.85e-01
 1.16651e+21	6.64e-04	5.70e-01	4.29e-01
 1.23724e+21	7.53e-04	6.31e-01	3.69e-01
 1.30493e+21	8.44e-04	6.85e-01	3.14e-01
 1.38058e+21	9.48e-04	7.40e-01	2.59e-01
 1.46170e+21	1.05e-03	7.88e-01	2.11e-01
 1.53563e+21	1.14e-03	8.23e-01	1.76e-01
 1.61627e+21	1.24e-03	8.55e-01	1.43e-01
 1.71456e+21	1.36e-03	8.85e-01	1.14e-01
 1.82097e+21	1.48e-03	9.08e-01	9.03e-02
 1.93629e+21	1.60e-03	9.27e-01	7.14e-02
 2.05941e+21	1.73e-03	9.41e-01	5.71e-02
 2.16137e+21	1.83e-03	9.50e-01	4.86e-02
 2.23771e+21	1.91e-03	9.55e-01	4.32e-02
 2.31908e+21	2.01e-03	9.60e-01	3.82e-02
 2.42486e+21	2.13e-03	9.65e-01	3.28e-02
 2.52842e+21	2.25e-03	9.69e-01	2.89e-02
 2.60569e+21	2.34e-03	9.71e-01	2.64e-02
 2.68276e+21	2.45e-03	9.73e-01	2.41e-02
 2.76670e+21	2.57e-03	9.75e-01	2.20e-02
 2.84116e+21	2.68e-03	9.77e-01	2.04e-02
 2.90693e+21	2.79e-03	9.78e-01	1.92e-02
 2.97981e+21	2.92e-03	9.79e-01	1.78e-02
 3.05629e+21	3.07e-03	9.80e-01	1.67e-02
 3.12011e+21	3.20e-03	9.81e-01	1.58e-02
 3.17587e+21	3.33e-03	9.82e-01	1.51e-02
 3.23852e+21	3.49e-03	9.82e-01	1.43e-02
 3.30538e+21	3.67e-03	9.83e-01	1.36e-02
 3.36246e+21	3.84e-03	9.83e-01	1.30e-02
 3.41251e+21	4.01e-03	9.83e-01	1.25e-02
 3.46868e+21	4.22e-03	9.84e-01	1.20e-02
 3.52842e+21	4.45e-03	9.84e-01	1.15e-02
 3.57981e+21	4.69e-03	9.84e-01	1.11e-02
 3.62557e+21	4.92e-03	9.84e-01	1.08e-02
 3.67703e+21	5.22e-03	9.84e-01	1.04e-02
 3.73154e+21	5.56e-03	9.84e-01	1.01e-02
 3.77780e+21	5.89e-03	9.84e-01	9.81e-03
 3.81792e+21	6.22e-03	9.84e-01	9.58e-03
 3.86226e+21	6.64e-03	9.84e-01	9.31e-03
 3.90890e+21	7.13e-03	9.84e-01	9.08e-03
 3.94818e+21	7.60e-03	9.84e-01	8.88e-03
 3.98240e+21	8.07e-03	9.83e-01	8.72e-03
 4.02038e+21	8.67e-03	9.83e-01	8.53e-03
 4.06054e+21	9.40e-03	9.82e-01	8.34e-03
 4.09431e+21	1.01e-02	9.82e-01	8.21e-03
 4.12383e+21	1.08e-02	9.81e-01	8.09e-03
 4.15709e+21	1.18e-02	9.80e-01	7.95e-03
 4.19231e+21	1.29e-02	9.79e-01	7.81e-03
 4.22215e+21	1.41e-02	9.78e-01	7.70e-03
 4.24835e+21	1.53e-02	9.77e-01	7.61e-03
 4.27771e+21	1.69e-02	9.76e-01	7.48e-03
 4.30903e+21	1.89e-02	9.74e-01	7.38e-03
 4.33310e+21	2.08e-02	9.72e-01	7.32e-03
 4.34996e+21	2.23e-02	9.70e-01	7.28e-03
 4.36724e+21	2.41e-02	9.69e-01	7.22e-03
 4.38649e+21	2.65e-02	9.66e-01	7.15e-03
 4.40379e+21	2.89e-02	9.64e-01	7.10e-03
 4.41855e+21	3.12e-02	9.62e-01	7.07e-03
 4.43457e+21	3.41e-02	9.59e-01	7.05e-03
 4.45168e+21	3.76e-02	9.55e-01	7.03e-03
 4.46613e+21	4.11e-02	9.52e-01	7.02e-03
 4.47848e+21	4.46e-02	9.48e-01	7.00e-03
 4.49217e+21	4.89e-02	9.44e-01	7.01e-03
 4.50700e+21	5.42e-02	9.39e-01	7.02e-03
 4.52003e+21	5.95e-02	9.33e-01	7.05e-03
 4.53165e+21	6.49e-02	9.28e-01	7.09e-03
 4.54472e+21	7.19e-02	9.21e-01	7.14e-03
 4.55908e+21	8.06e-02	9.12e-01	7.21e-03
 4.57213e+21	8.97e-02	9.03e-01	7.30e-03
 4.58419e+21	9.98e-02	8.93e-01	7.38e-03
 4.59680e+21	1.11e-01	8.81e-01	7.52e-03
 4.60898e+21	1.24e-01	8.69e-01	7.65e-03
 4.61931e+21	1.36e-01	8.56e-01	7.78e-03
 4.62848e+21	1.48e-01	8.44e-01	7.90e-03
 4.63714e+21	1.60e-01	8.32e-01	8.03e-03
 4.64550e+21	1.73e-01	8.19e-01	8.15e-03
 4.65366e+21	1.87e-01	8.05e-01	8.30e-03
 4.66013e+21	1.98e-01	7.94e-01	8.41e-03
 4.66439e+21	2.06e-01	7.86e-01	8.49e-03
 4.66829e+21	2.14e-01	7.78e-01	8.55e-03
 4.67277e+21	2.23e-01	7.68e-01	8.63e-03
 4.67762e+21	2.34e-01	7.58e-01	8.72e-03
 4.68238e+21	2.44e-01	7.47e-01	8.81e-03
 4.68697e+21	2.55e-01	7.36e-01	8.90e-03
 4.69156e+21	2.66e-01	7.25e-01	8.97e-03
 4.69616e+21	2.78e-01	7.13e-01	9.07e-03
 4.70079e+21	2.90e-01	7.01e-01	9.15e-03
 4.70544e+21	3.03e-01	6.88e-01	9.22e-03
 4.71003e+21	3.16e-01	6.75e-01	9.29e-03
 4.71460e+21	3.29e-01	6.61e-01	9.37e-03
 4.71927e+21	3.44e-01	6.47e-01	9.42e-03
 4.72394e+21	3.58e-01	6.32e-01	9.49e-03
 4.72862e+21	3.74e-01	6.17e-01	9.53e-03
 4.73333e+21	3.89e-01	6.01e-01	9.59e-03
 4.73811e+21	4.06e-01	5.85e-01	9.62e-03
 4.74297e+21	4.23e-01	5.67e-01	9.64e-03
 4.74781e+21	4.40e-01	5.50e-01	9.65e-03
 4.75269e+21	4.58e-01	5.33e-01	9.65e-03
 4.75773e+21	4.77e-01	5.14e-01	9.62e-03
 4.76288e+21	4.96e-01	4.95e-01	9.59e-03
 4.76804e+21	5.15e-01	4.75e-01	9.53e-03
 4.77325e+21	5.35e-01	4.56e-01	9.46e-03
 4.77853e+21	5.55e-01	4.36e-01	9.35e-03
 4.78389e+21	5.75e-01	4.16e-01	9.24e-03
 4.78934e+21	5.95e-01	3.96e-01	9.09e-03
 4.79490e+21	6.15e-01	3.76e-01	8.92e-03
 4.80065e+21	6.35e-01	3.56e-01	8.72e-03
 4.80664e+21	6.55e-01	3.36e-01	8.51e-03
 4.81292e+21	6.75e-01	3.16e-01	8.25e-03
 4.81954e+21	6.95e-01	2.97e-01	7.98e-03
 4.82665e+21	7.15e-01	2.77e-01	7.67e-03
 4.83442e+21	7.35e-01	2.58e-01	7.35e-03
 4.84299e+21	7.54e-01	2.39e-01	7.00e-03
 4.85272e+21	7.72e-01	2.21e-01	6.64e-03
 4.86405e+21	7.89e-01	2.04e-01	6.26e-03
 4.87616e+21	8.04e-01	1.90e-01	5.93e-03
 4.88812e+21	8.14e-01	1.80e-01	5.67e-03
 4.89997e+21	8.22e-01	1.72e-01	5.46e-03
 4.91174e+21	8.28e-01	1.66e-01	5.29e-03
 4.92344e+21	8.33e-01	1.62e-01	5.12e-03
 4.93509e+21	8.37e-01	1.58e-01	5.01e-03
 4.94670e+21	8.39e-01	1.56e-01	4.96e-03
 4.96004e+21	8.41e-01	1.54e-01	4.87e-03
 4.97738e+21	8.44e-01	1.51e-01	4.73e-03
 4.99992e+21	8.46e-01	1.49e-01	4.66e-03
 5.02923e+21	8.48e-01	1.47e-01	4.54e-03
 5.06732e+21	8.51e-01	1.45e-01	4.39e-03
 5.11685e+21	8.54e-01	1.42e-01	4.22e-03
 5.18123e+21	8.57e-01	1.39e-01	4.02e-03
 5.26492e+21	8.61e-01	1.35e-01	3.78e-03
 5.37373e+21	8.67e-01	1.30e-01	3.50e-03
 5.51517e+21	8.73e-01	1.24e-01	3.17e-03
 5.69905e+21	8.80e-01	1.17e-01	2.82e-03
 5.91732e+21	8.87e-01	1.10e-01	2.48e-03
 6.14766e+21	8.94e-01	1.04e-01	2.18e-03
 6.38457e+21	9.00e-01	9.79e-02	1.93e-03
 6.63657e+21	9.06e-01	9.23e-02	1.71e-03
 6.91020e+21	9.11e-01	8.71e-02	1.52e-03
 7.20639e+21	9.17e-01	8.21e-02	1.34e-03
 7.52405e+21	9.21e-01	7.74e-02	1.19e-03
 7.86894e+21	9.26e-01	7.30e-02	1.06e-03
 8.24500e+21	9.30e-01	6.89e-02	9.40e-04
 8.65187e+21	9.34e-01	6.51e-02	8.37e-04
 9.09427e+21	9.38e-01	6.15e-02	7.48e-04
 9.54720e+21	9.41e-01	5.84e-02	6.75e-04
 9.97388e+21	9.43e-01	5.59e-02	6.18e-04
 1.03750e+22	9.46e-01	5.38e-02	5.73e-04
 1.08274e+22	9.48e-01	5.17e-02	5.29e-04
 1.13123e+22	9.50e-01	4.98e-02	4.93e-04
 1.17295e+22	9.51e-01	4.84e-02	4.65e-04
 1.20958e+22	9.52e-01	4.73e-02	4.44e-04
 1.25062e+22	9.54e-01	4.61e-02	4.22e-04
 1.29647e+22	9.55e-01	4.49e-02	4.02e-04
 1.33830e+22	9.56e-01	4.40e-02	3.86e-04
 1.37544e+22	9.56e-01	4.32e-02	3.73e-04
 1.41678e+22	9.57e-01	4.24e-02	3.60e-04
 1.46238e+22	9.58e-01	4.16e-02	3.47e-04
 1.50351e+22	9.59e-01	4.10e-02	3.37e-04
 1.54028e+22	9.59e-01	4.04e-02	3.29e-04
 1.58138e+22	9.60e-01	3.99e-02	3.21e-04
 1.62679e+22	9.60e-01	3.93e-02	3.12e-04
 1.66791e+22	9.61e-01	3.88e-02	3.05e-04
 1.70488e+22	9.61e-01	3.85e-02	3.00e-04
 1.74633e+22	9.62e-01	3.80e-02	2.94e-04
 1.79215e+22	9.62e-01	3.76e-02	2.88e-04
 1.83375e+22	9.62e-01	3.73e-02	2.83e-04
 1.87135e+22	9.63e-01	3.70e-02	2.78e-04
 1.91364e+22	9.63e-01	3.67e-02	2.74e-04
 1.96056e+22	9.63e-01	3.63e-02	2.70e-04
 2.00347e+22	9.64e-01	3.61e-02	2.66e-04
 2.04254e+22	9.64e-01	3.58e-02	2.63e-04
 2.08664e+22	9.64e-01	3.55e-02	2.57e-04
 2.13516e+22	9.65e-01	3.52e-02	2.53e-04
 2.17984e+22	9.65e-01	3.50e-02	2.51e-04
 2.22834e+22	9.65e-01	3.48e-02	2.48e-04
 2.28188e+22	9.65e-01	3.45e-02	2.45e-04
 2.33150e+22	9.65e-01	3.45e-02	2.44e-04
 2.38553e+22	9.65e-01	3.43e-02	2.41e-04
 2.44954e+22	9.66e-01	3.40e-02	2.38e-04
 2.51316e+22	9.66e-01	3.38e-02	2.35e-04
 2.57041e+22	9.66e-01	3.37e-02	2.33e-04
 2.62194e+22	9.66e-01	3.35e-02	2.31e-04
 2.66831e+22	9.66e-01	3.33e-02	2.28e-04
 2.71005e+22	9.67e-01	3.33e-02	2.28e-04
 2.74761e+22	9.67e-01	3.32e-02	2.27e-04
 2.78142e+22	9.67e-01	3.32e-02	2.27e-04
 2.81286e+22	9.67e-01	3.30e-02	2.25e-04
 2.84372e+22	9.67e-01	3.30e-02	2.25e-04
 2.87457e+22	9.67e-01	3.30e-02	2.24e-04
 2.90543e+22	9.67e-01	3.29e-02	2.24e-04
 2.93629e+22	9.67e-01	3.29e-02	2.24e-04
 2.96714e+22	9.67e-01	3.29e-02	2.24e-04
 2.99800e+22	9.67e-01	3.29e-02	2.24e-04
 3.02886e+22	9.67e-01	3.29e-02	2.26e-04
 3.05576e+22	9.67e-01	3.30e-02	2.28e-04
 3.07230e+22	9.67e-01	3.31e-02	2.30e-04
 3.07940e+22	9.67e-01	3.31e-02	2.32e-04
 3.08315e+22	9.67e-01	3.32e-02	2.32e-04
 3.08527e+22	9.67e-01	3.31e-02	2.32e-04
