#depth	He	He+	He+2
 3.40793e+15	2.99e-03	4.31e-01	5.66e-01
 2.04476e+16	3.00e-03	4.31e-01	5.66e-01
 8.86061e+16	2.99e-03	4.32e-01	5.65e-01
 3.61240e+17	2.97e-03	4.36e-01	5.61e-01
 8.62887e+17	2.86e-03	4.34e-01	5.63e-01
 1.51503e+18	2.81e-03	4.40e-01	5.58e-01
 2.36281e+18	2.82e-03	4.53e-01	5.44e-01
 3.46493e+18	2.92e-03	4.78e-01	5.19e-01
 4.89768e+18	3.14e-03	5.17e-01	4.80e-01
 6.76026e+18	3.54e-03	5.77e-01	4.19e-01
 9.18161e+18	4.23e-03	6.62e-01	3.34e-01
 1.17775e+19	5.05e-03	7.48e-01	2.47e-01
 1.38846e+19	5.74e-03	8.06e-01	1.88e-01
 1.54307e+19	6.25e-03	8.40e-01	1.54e-01
 1.67245e+19	6.69e-03	8.62e-01	1.31e-01
 1.81677e+19	7.22e-03	8.83e-01	1.09e-01
 1.96756e+19	7.76e-03	9.00e-01	9.20e-02
 2.09398e+19	8.23e-03	9.11e-01	8.03e-02
 2.20562e+19	8.69e-03	9.20e-01	7.15e-02
 2.33081e+19	9.27e-03	9.28e-01	6.28e-02
 2.46014e+19	9.91e-03	9.34e-01	5.56e-02
 2.56417e+19	1.05e-02	9.39e-01	5.08e-02
 2.65182e+19	1.10e-02	9.42e-01	4.70e-02
 2.74883e+19	1.17e-02	9.45e-01	4.31e-02
 2.85160e+19	1.26e-02	9.48e-01	3.96e-02
 2.93765e+19	1.34e-02	9.50e-01	3.70e-02
 3.01065e+19	1.41e-02	9.51e-01	3.50e-02
 3.09086e+19	1.52e-02	9.52e-01	3.28e-02
 3.17646e+19	1.64e-02	9.53e-01	3.07e-02
 3.24942e+19	1.76e-02	9.53e-01	2.91e-02
 3.31236e+19	1.88e-02	9.53e-01	2.78e-02
 3.38193e+19	2.05e-02	9.53e-01	2.64e-02
 3.45658e+19	2.25e-02	9.52e-01	2.51e-02
 3.51919e+19	2.46e-02	9.51e-01	2.40e-02
 3.56859e+19	2.65e-02	9.50e-01	2.33e-02
 3.61277e+19	2.85e-02	9.49e-01	2.26e-02
 3.66348e+19	3.12e-02	9.47e-01	2.18e-02
 3.71508e+19	3.44e-02	9.44e-01	2.12e-02
 3.75516e+19	3.72e-02	9.42e-01	2.07e-02
 3.78838e+19	3.99e-02	9.40e-01	2.03e-02
 3.82537e+19	4.33e-02	9.37e-01	1.99e-02
 3.86494e+19	4.75e-02	9.33e-01	1.95e-02
 3.89856e+19	5.15e-02	9.29e-01	1.92e-02
 3.92734e+19	5.54e-02	9.26e-01	1.90e-02
 3.95912e+19	6.03e-02	9.21e-01	1.88e-02
 3.99345e+19	6.62e-02	9.15e-01	1.85e-02
 4.02345e+19	7.18e-02	9.10e-01	1.84e-02
 4.05025e+19	7.75e-02	9.04e-01	1.83e-02
 4.08057e+19	8.49e-02	8.97e-01	1.81e-02
 4.11355e+19	9.36e-02	8.88e-01	1.80e-02
 4.14329e+19	1.02e-01	8.80e-01	1.79e-02
 4.17274e+19	1.12e-01	8.70e-01	1.79e-02
 4.20495e+19	1.24e-01	8.58e-01	1.78e-02
 4.23646e+19	1.36e-01	8.46e-01	1.78e-02
 4.26436e+19	1.49e-01	8.33e-01	1.78e-02
 4.28965e+19	1.61e-01	8.21e-01	1.78e-02
 4.31405e+19	1.74e-01	8.08e-01	1.79e-02
 4.33794e+19	1.88e-01	7.94e-01	1.79e-02
 4.35679e+19	1.98e-01	7.84e-01	1.79e-02
 4.36952e+19	2.06e-01	7.76e-01	1.80e-02
 4.38152e+19	2.14e-01	7.68e-01	1.80e-02
 4.39524e+19	2.24e-01	7.58e-01	1.80e-02
 4.40994e+19	2.34e-01	7.48e-01	1.80e-02
 4.42447e+19	2.45e-01	7.37e-01	1.80e-02
 4.43867e+19	2.56e-01	7.26e-01	1.80e-02
 4.45296e+19	2.67e-01	7.15e-01	1.80e-02
 4.46729e+19	2.79e-01	7.03e-01	1.80e-02
 4.48167e+19	2.91e-01	6.91e-01	1.80e-02
 4.49611e+19	3.04e-01	6.78e-01	1.80e-02
 4.51058e+19	3.17e-01	6.65e-01	1.80e-02
 4.52521e+19	3.30e-01	6.52e-01	1.80e-02
 4.54002e+19	3.45e-01	6.37e-01	1.79e-02
 4.55499e+19	3.60e-01	6.23e-01	1.78e-02
 4.56987e+19	3.74e-01	6.08e-01	1.78e-02
 4.58493e+19	3.90e-01	5.92e-01	1.77e-02
 4.60021e+19	4.06e-01	5.77e-01	1.76e-02
 4.61575e+19	4.23e-01	5.60e-01	1.75e-02
 4.63145e+19	4.39e-01	5.43e-01	1.73e-02
 4.64734e+19	4.57e-01	5.26e-01	1.72e-02
 4.66369e+19	4.74e-01	5.09e-01	1.70e-02
 4.68047e+19	4.93e-01	4.90e-01	1.68e-02
 4.69753e+19	5.11e-01	4.72e-01	1.66e-02
 4.71474e+19	5.30e-01	4.54e-01	1.63e-02
 4.73226e+19	5.48e-01	4.36e-01	1.60e-02
 4.75015e+19	5.67e-01	4.17e-01	1.57e-02
 4.76855e+19	5.86e-01	3.99e-01	1.54e-02
 4.78753e+19	6.04e-01	3.81e-01	1.50e-02
 4.80723e+19	6.22e-01	3.63e-01	1.46e-02
 4.82775e+19	6.40e-01	3.45e-01	1.42e-02
 4.84937e+19	6.58e-01	3.28e-01	1.38e-02
 4.87258e+19	6.76e-01	3.11e-01	1.33e-02
 4.89769e+19	6.93e-01	2.95e-01	1.28e-02
 4.92504e+19	7.09e-01	2.79e-01	1.23e-02
 4.95546e+19	7.25e-01	2.63e-01	1.18e-02
 4.99027e+19	7.40e-01	2.48e-01	1.12e-02
 5.02897e+19	7.54e-01	2.35e-01	1.07e-02
 5.06885e+19	7.65e-01	2.25e-01	1.02e-02
 5.10831e+19	7.74e-01	2.17e-01	9.84e-03
 5.14745e+19	7.81e-01	2.10e-01	9.49e-03
 5.19228e+19	7.87e-01	2.04e-01	9.12e-03
 5.25057e+19	7.94e-01	1.97e-01	8.70e-03
 5.32634e+19	8.01e-01	1.91e-01	8.24e-03
 5.42485e+19	8.08e-01	1.84e-01	7.71e-03
 5.55291e+19	8.16e-01	1.77e-01	7.13e-03
 5.71938e+19	8.25e-01	1.69e-01	6.48e-03
 5.91579e+19	8.34e-01	1.60e-01	5.83e-03
 6.12286e+19	8.42e-01	1.52e-01	5.25e-03
 6.33329e+19	8.50e-01	1.45e-01	4.75e-03
 6.54976e+19	8.58e-01	1.38e-01	4.29e-03
 6.77910e+19	8.65e-01	1.31e-01	3.88e-03
 7.02235e+19	8.72e-01	1.25e-01	3.50e-03
 7.27684e+19	8.78e-01	1.19e-01	3.15e-03
 7.54237e+19	8.84e-01	1.13e-01	2.85e-03
 7.82089e+19	8.90e-01	1.07e-01	2.57e-03
 8.11355e+19	8.96e-01	1.02e-01	2.31e-03
 8.42090e+19	9.01e-01	9.67e-02	2.09e-03
 8.74333e+19	9.06e-01	9.18e-02	1.88e-03
 9.08191e+19	9.11e-01	8.71e-02	1.69e-03
 9.43757e+19	9.16e-01	8.26e-02	1.52e-03
 9.81120e+19	9.20e-01	7.84e-02	1.37e-03
 1.02037e+20	9.24e-01	7.43e-02	1.23e-03
 1.06164e+20	9.28e-01	7.04e-02	1.11e-03
 1.10502e+20	9.32e-01	6.67e-02	9.98e-04
 1.15065e+20	9.36e-01	6.32e-02	8.97e-04
 1.19866e+20	9.39e-01	5.98e-02	8.05e-04
 1.24921e+20	9.43e-01	5.66e-02	7.23e-04
 1.30239e+20	9.46e-01	5.35e-02	6.49e-04
 1.35867e+20	9.49e-01	5.06e-02	5.82e-04
 1.41809e+20	9.52e-01	4.79e-02	5.21e-04
 1.48037e+20	9.54e-01	4.53e-02	4.67e-04
 1.54597e+20	9.57e-01	4.28e-02	4.18e-04
 1.61552e+20	9.59e-01	4.04e-02	3.74e-04
 1.68934e+20	9.62e-01	3.81e-02	3.35e-04
 1.76722e+20	9.64e-01	3.60e-02	2.99e-04
 1.84931e+20	9.66e-01	3.40e-02	2.67e-04
 1.93648e+20	9.68e-01	3.21e-02	2.39e-04
 2.02905e+20	9.70e-01	3.02e-02	2.13e-04
 2.12773e+20	9.71e-01	2.85e-02	1.90e-04
 2.23248e+20	9.73e-01	2.68e-02	1.69e-04
 2.34313e+20	9.75e-01	2.53e-02	1.51e-04
 2.46116e+20	9.76e-01	2.38e-02	1.34e-04
 2.58733e+20	9.77e-01	2.24e-02	1.19e-04
 2.72212e+20	9.79e-01	2.11e-02	1.06e-04
 2.86598e+20	9.80e-01	1.99e-02	9.42e-05
 3.02035e+20	9.81e-01	1.87e-02	8.36e-05
 3.18642e+20	9.82e-01	1.76e-02	7.42e-05
 3.36446e+20	9.83e-01	1.66e-02	6.59e-05
 3.55410e+20	9.84e-01	1.56e-02	5.84e-05
 3.76192e+20	9.85e-01	1.47e-02	5.17e-05
 3.98782e+20	9.86e-01	1.38e-02	4.58e-05
 4.23005e+20	9.87e-01	1.30e-02	4.06e-05
 4.49420e+20	9.88e-01	1.22e-02	3.59e-05
 4.78043e+20	9.88e-01	1.15e-02	3.19e-05
 5.09193e+20	9.89e-01	1.09e-02	2.83e-05
 5.43130e+20	9.90e-01	1.03e-02	2.52e-05
 5.80198e+20	9.90e-01	9.73e-03	2.24e-05
 6.20932e+20	9.91e-01	9.21e-03	2.00e-05
 6.65946e+20	9.91e-01	8.73e-03	1.78e-05
 7.15612e+20	9.92e-01	8.28e-03	1.59e-05
 7.68779e+20	9.92e-01	7.88e-03	1.43e-05
 8.23348e+20	9.92e-01	7.53e-03	1.30e-05
 8.78125e+20	9.93e-01	7.24e-03	1.19e-05
 9.33235e+20	9.93e-01	6.99e-03	1.10e-05
 9.89039e+20	9.93e-01	6.78e-03	1.03e-05
 1.04537e+21	9.93e-01	6.59e-03	9.66e-06
 1.10191e+21	9.94e-01	6.42e-03	9.09e-06
 1.15809e+21	9.94e-01	6.28e-03	8.63e-06
 1.21304e+21	9.94e-01	6.16e-03	8.25e-06
 1.26577e+21	9.94e-01	6.07e-03	7.93e-06
 1.31618e+21	9.94e-01	5.98e-03	7.66e-06
 1.36477e+21	9.94e-01	5.92e-03	7.43e-06
 1.41110e+21	9.94e-01	5.88e-03	7.27e-06
