#depth	N	N+	N+2	N+3	N+4	N+5	N+6	N+7
 4.57581e+16	3.90e-07	6.64e-04	8.11e-02	4.23e-01	3.03e-01	1.91e-01	1.12e-03	9.35e-07
 2.74549e+17	3.87e-07	6.61e-04	8.10e-02	4.23e-01	3.03e-01	1.91e-01	1.12e-03	9.35e-07
 1.18971e+18	3.78e-07	6.54e-04	8.11e-02	4.24e-01	3.03e-01	1.91e-01	1.12e-03	9.39e-07
 4.85036e+18	3.50e-07	6.31e-04	8.22e-02	4.27e-01	3.00e-01	1.90e-01	1.13e-03	9.49e-07
 1.15860e+19	2.81e-07	5.65e-04	8.12e-02	4.29e-01	2.96e-01	1.92e-01	1.17e-03	1.01e-06
 2.03422e+19	2.52e-07	5.35e-04	8.23e-02	4.34e-01	2.91e-01	1.91e-01	1.19e-03	1.05e-06
 3.17254e+19	2.42e-07	5.27e-04	8.56e-02	4.40e-01	2.84e-01	1.88e-01	1.19e-03	1.06e-06
 4.65235e+19	2.46e-07	5.44e-04	9.20e-02	4.50e-01	2.75e-01	1.81e-01	1.16e-03	1.04e-06
 6.57610e+19	2.70e-07	5.98e-04	1.03e-01	4.63e-01	2.63e-01	1.69e-01	1.10e-03	9.95e-07
 8.62361e+19	3.08e-07	6.77e-04	1.18e-01	4.76e-01	2.48e-01	1.57e-01	1.03e-03	9.49e-07
 1.03523e+20	3.60e-07	7.78e-04	1.34e-01	4.87e-01	2.33e-01	1.44e-01	9.61e-04	8.91e-07
 1.17667e+20	4.27e-07	8.97e-04	1.50e-01	4.96e-01	2.19e-01	1.32e-01	8.90e-04	8.32e-07
 1.30099e+20	5.09e-07	1.03e-03	1.67e-01	5.05e-01	2.05e-01	1.21e-01	8.19e-04	7.70e-07
 1.41771e+20	6.08e-07	1.19e-03	1.85e-01	5.12e-01	1.91e-01	1.10e-01	7.47e-04	7.07e-07
 1.52804e+20	7.26e-07	1.37e-03	2.04e-01	5.19e-01	1.77e-01	9.90e-02	6.76e-04	6.44e-07
 1.63028e+20	8.61e-07	1.56e-03	2.22e-01	5.24e-01	1.62e-01	8.88e-02	6.08e-04	5.84e-07
 1.72433e+20	1.02e-06	1.77e-03	2.41e-01	5.29e-01	1.49e-01	7.94e-02	5.47e-04	5.29e-07
 1.81169e+20	1.16e-06	1.97e-03	2.58e-01	5.32e-01	1.37e-01	7.08e-02	4.88e-04	4.75e-07
 1.89437e+20	1.28e-06	2.12e-03	2.74e-01	5.36e-01	1.25e-01	6.33e-02	4.38e-04	4.30e-07
 1.97507e+20	1.50e-06	2.39e-03	2.90e-01	5.38e-01	1.13e-01	5.58e-02	3.85e-04	3.78e-07
 2.04227e+20	1.64e-06	2.55e-03	3.03e-01	5.39e-01	1.05e-01	5.05e-02	3.49e-04	3.44e-07
 2.10430e+20	1.79e-06	2.72e-03	3.15e-01	5.41e-01	9.65e-02	4.54e-02	3.12e-04	3.08e-07
 2.17199e+20	1.90e-06	2.85e-03	3.26e-01	5.41e-01	8.83e-02	4.09e-02	2.80e-04	2.77e-07
 2.24703e+20	2.11e-06	3.09e-03	3.39e-01	5.41e-01	7.99e-02	3.58e-02	2.42e-04	2.37e-07
 2.31864e+20	2.25e-06	3.25e-03	3.50e-01	5.41e-01	7.28e-02	3.20e-02	2.14e-04	2.09e-07
 2.37303e+20	2.34e-06	3.36e-03	3.58e-01	5.41e-01	6.79e-02	2.93e-02	1.94e-04	1.89e-07
 2.43097e+20	2.45e-06	3.49e-03	3.67e-01	5.40e-01	6.29e-02	2.66e-02	1.73e-04	1.67e-07
 2.49328e+20	2.55e-06	3.61e-03	3.75e-01	5.39e-01	5.81e-02	2.42e-02	1.55e-04	1.48e-07
 2.54812e+20	2.64e-06	3.71e-03	3.82e-01	5.37e-01	5.44e-02	2.24e-02	1.41e-04	1.33e-07
 2.60626e+20	2.72e-06	3.82e-03	3.90e-01	5.35e-01	5.07e-02	2.05e-02	1.26e-04	0.00e+00
 2.66762e+20	2.80e-06	3.93e-03	3.97e-01	5.32e-01	4.73e-02	1.88e-02	1.13e-04	0.00e+00
 2.72203e+20	2.86e-06	4.01e-03	4.04e-01	5.30e-01	4.46e-02	1.75e-02	1.03e-04	0.00e+00
 2.76696e+20	2.92e-06	4.09e-03	4.09e-01	5.28e-01	4.26e-02	1.66e-02	9.57e-05	0.00e+00
 2.81073e+20	2.98e-06	4.17e-03	4.15e-01	5.25e-01	4.07e-02	1.56e-02	8.79e-05	0.00e+00
 2.85819e+20	3.05e-06	4.26e-03	4.20e-01	5.22e-01	3.89e-02	1.47e-02	8.10e-05	0.00e+00
 2.90283e+20	3.12e-06	4.35e-03	4.26e-01	5.19e-01	3.72e-02	1.39e-02	7.49e-05	0.00e+00
 2.95325e+20	3.22e-06	4.47e-03	4.32e-01	5.15e-01	3.55e-02	1.30e-02	6.83e-05	0.00e+00
 3.00853e+20	3.34e-06	4.60e-03	4.39e-01	5.10e-01	3.37e-02	1.22e-02	6.20e-05	0.00e+00
 3.06094e+20	3.45e-06	4.73e-03	4.46e-01	5.06e-01	3.22e-02	1.14e-02	5.65e-05	0.00e+00
 3.11987e+20	3.63e-06	4.92e-03	4.53e-01	5.00e-01	3.06e-02	1.06e-02	5.07e-05	0.00e+00
 3.18623e+20	3.85e-06	5.14e-03	4.62e-01	4.94e-01	2.89e-02	9.84e-03	4.51e-05	0.00e+00
 3.25212e+20	4.10e-06	5.38e-03	4.71e-01	4.87e-01	2.74e-02	9.08e-03	3.98e-05	0.00e+00
 3.32766e+20	4.47e-06	5.72e-03	4.82e-01	4.78e-01	2.58e-02	8.26e-03	3.45e-05	0.00e+00
 3.42587e+20	5.07e-06	6.25e-03	4.96e-01	4.66e-01	2.38e-02	7.29e-03	2.83e-05	0.00e+00
 3.52892e+20	5.89e-06	6.91e-03	5.12e-01	4.53e-01	2.20e-02	6.38e-03	2.30e-05	0.00e+00
 3.62254e+20	6.89e-06	7.66e-03	5.28e-01	4.39e-01	2.04e-02	5.60e-03	1.87e-05	0.00e+00
 3.72851e+20	8.45e-06	8.76e-03	5.47e-01	4.21e-01	1.87e-02	4.77e-03	1.45e-05	0.00e+00
 3.84808e+20	1.09e-05	1.04e-02	5.70e-01	3.99e-01	1.69e-02	3.93e-03	1.07e-05	0.00e+00
 3.96194e+20	1.46e-05	1.25e-02	5.94e-01	3.75e-01	1.53e-02	3.19e-03	7.65e-06	0.00e+00
 4.06697e+20	1.97e-05	1.52e-02	6.18e-01	3.50e-01	1.37e-02	2.56e-03	5.41e-06	0.00e+00
 4.16470e+20	2.71e-05	1.87e-02	6.43e-01	3.24e-01	1.23e-02	2.03e-03	3.76e-06	0.00e+00
 4.25223e+20	3.76e-05	2.31e-02	6.66e-01	2.98e-01	1.10e-02	1.61e-03	2.60e-06	0.00e+00
 4.31197e+20	4.80e-05	2.70e-02	6.83e-01	2.79e-01	1.02e-02	1.34e-03	1.96e-06	0.00e+00
 4.34372e+20	5.52e-05	2.96e-02	6.92e-01	2.68e-01	9.70e-03	1.21e-03	1.67e-06	0.00e+00
 4.37283e+20	6.34e-05	3.24e-02	7.00e-01	2.57e-01	9.26e-03	1.10e-03	1.43e-06	0.00e+00
 4.41068e+20	7.63e-05	3.65e-02	7.11e-01	2.43e-01	8.67e-03	9.54e-04	1.15e-06	0.00e+00
 4.45173e+20	9.41e-05	4.18e-02	7.22e-01	2.27e-01	8.05e-03	8.13e-04	9.03e-07	0.00e+00
 4.48727e+20	1.14e-04	4.74e-02	7.31e-01	2.13e-01	7.51e-03	7.00e-04	7.18e-07	0.00e+00
 4.51719e+20	1.36e-04	5.30e-02	7.38e-01	2.01e-01	7.05e-03	6.12e-04	5.85e-07	0.00e+00
 4.54949e+20	1.66e-04	6.03e-02	7.45e-01	1.87e-01	6.54e-03	5.22e-04	4.60e-07	0.00e+00
 4.58352e+20	2.06e-04	6.95e-02	7.52e-01	1.72e-01	6.01e-03	4.38e-04	3.52e-07	0.00e+00
 4.61163e+20	2.49e-04	7.85e-02	7.56e-01	1.60e-01	5.58e-03	3.74e-04	2.79e-07	0.00e+00
 4.63544e+20	2.95e-04	8.75e-02	7.58e-01	1.49e-01	5.21e-03	3.24e-04	2.26e-07	0.00e+00
 4.66182e+20	3.61e-04	9.95e-02	7.58e-01	1.37e-01	4.80e-03	2.73e-04	1.75e-07	0.00e+00
 4.68978e+20	4.49e-04	1.14e-01	7.57e-01	1.24e-01	4.37e-03	2.25e-04	1.32e-07	0.00e+00
 4.71331e+20	5.45e-04	1.29e-01	7.53e-01	1.13e-01	4.01e-03	1.89e-04	0.00e+00	0.00e+00
 4.73344e+20	6.48e-04	1.44e-01	7.48e-01	1.04e-01	3.70e-03	1.61e-04	0.00e+00	0.00e+00
 4.75566e+20	7.95e-04	1.63e-01	7.39e-01	9.30e-02	3.36e-03	1.32e-04	0.00e+00	0.00e+00
 4.77926e+20	9.91e-04	1.87e-01	7.27e-01	8.22e-02	3.01e-03	1.06e-04	0.00e+00	0.00e+00
 4.79916e+20	1.20e-03	2.11e-01	7.12e-01	7.33e-02	2.72e-03	8.70e-05	0.00e+00	0.00e+00
 4.81621e+20	1.43e-03	2.34e-01	6.97e-01	6.58e-02	2.47e-03	7.23e-05	0.00e+00	0.00e+00
 4.83505e+20	1.75e-03	2.63e-01	6.75e-01	5.74e-02	2.20e-03	5.78e-05	0.00e+00	0.00e+00
 4.85510e+20	2.17e-03	2.98e-01	6.48e-01	4.92e-02	1.92e-03	4.48e-05	0.00e+00	0.00e+00
 4.87210e+20	2.63e-03	3.33e-01	6.21e-01	4.24e-02	1.69e-03	3.53e-05	0.00e+00	0.00e+00
 4.88666e+20	3.12e-03	3.65e-01	5.93e-01	3.69e-02	1.49e-03	2.84e-05	0.00e+00	0.00e+00
 4.90271e+20	3.79e-03	4.05e-01	5.58e-01	3.10e-02	1.29e-03	2.18e-05	0.00e+00	0.00e+00
 4.91993e+20	4.68e-03	4.52e-01	5.17e-01	2.53e-02	1.08e-03	1.60e-05	0.00e+00	0.00e+00
 4.93473e+20	5.63e-03	4.95e-01	4.77e-01	2.08e-02	9.11e-04	1.20e-05	0.00e+00	0.00e+00
 4.94766e+20	6.65e-03	5.36e-01	4.39e-01	1.72e-02	7.72e-04	9.10e-06	0.00e+00	0.00e+00
 4.96213e+20	8.06e-03	5.84e-01	3.94e-01	1.36e-02	6.27e-04	6.47e-06	0.00e+00	0.00e+00
 4.97697e+20	9.81e-03	6.33e-01	3.46e-01	1.05e-02	4.97e-04	4.46e-06	0.00e+00	0.00e+00
 4.98878e+20	1.15e-02	6.72e-01	3.08e-01	8.32e-03	4.05e-04	3.24e-06	0.00e+00	0.00e+00
 4.99887e+20	1.32e-02	7.06e-01	2.74e-01	6.72e-03	3.33e-04	2.40e-06	0.00e+00	0.00e+00
 5.01024e+20	1.56e-02	7.43e-01	2.36e-01	5.17e-03	2.61e-04	1.67e-06	0.00e+00	0.00e+00
 5.02262e+20	1.86e-02	7.80e-01	1.97e-01	3.84e-03	1.96e-04	1.11e-06	0.00e+00	0.00e+00
 5.03363e+20	2.20e-02	8.10e-01	1.65e-01	2.89e-03	1.48e-04	7.46e-07	0.00e+00	0.00e+00
 5.04344e+20	2.56e-02	8.35e-01	1.37e-01	2.21e-03	1.12e-04	5.13e-07	0.00e+00	0.00e+00
 5.05435e+20	3.05e-02	8.58e-01	1.10e-01	1.64e-03	8.06e-05	3.36e-07	0.00e+00	0.00e+00
 5.06659e+20	3.72e-02	8.78e-01	8.33e-02	1.17e-03	5.39e-05	2.07e-07	0.00e+00	0.00e+00
 5.07800e+20	4.54e-02	8.91e-01	6.24e-02	8.60e-04	3.57e-05	1.31e-07	0.00e+00	0.00e+00
 5.08820e+20	5.48e-02	8.98e-01	4.69e-02	6.60e-04	2.39e-05	0.00e+00	0.00e+00	0.00e+00
 5.09775e+20	6.60e-02	8.98e-01	3.51e-02	5.23e-04	1.60e-05	0.00e+00	0.00e+00	0.00e+00
 5.10706e+20	7.98e-02	8.94e-01	2.58e-02	4.24e-04	1.06e-05	0.00e+00	0.00e+00	0.00e+00
 5.11460e+20	9.33e-02	8.86e-01	1.99e-02	3.64e-04	7.48e-06	0.00e+00	0.00e+00	0.00e+00
 5.11979e+20	1.04e-01	8.79e-01	1.65e-02	3.28e-04	5.85e-06	0.00e+00	0.00e+00	0.00e+00
 5.12485e+20	1.17e-01	8.69e-01	1.36e-02	2.97e-04	4.54e-06	0.00e+00	0.00e+00	0.00e+00
 5.13088e+20	1.34e-01	8.55e-01	1.07e-02	2.66e-04	3.36e-06	0.00e+00	0.00e+00	0.00e+00
 5.13685e+20	1.53e-01	8.38e-01	8.51e-03	2.40e-04	2.50e-06	0.00e+00	0.00e+00	0.00e+00
 5.14181e+20	1.70e-01	8.22e-01	6.99e-03	2.20e-04	1.96e-06	0.00e+00	0.00e+00	0.00e+00
 5.14602e+20	1.87e-01	8.07e-01	5.91e-03	2.05e-04	1.59e-06	0.00e+00	0.00e+00	0.00e+00
 5.14992e+20	2.03e-01	7.91e-01	5.06e-03	1.92e-04	1.31e-06	0.00e+00	0.00e+00	0.00e+00
 5.15374e+20	2.21e-01	7.75e-01	4.35e-03	1.80e-04	1.09e-06	0.00e+00	0.00e+00	0.00e+00
 5.15747e+20	2.38e-01	7.58e-01	3.77e-03	1.69e-04	9.19e-07	0.00e+00	0.00e+00	0.00e+00
 5.16044e+20	2.52e-01	7.45e-01	3.39e-03	1.62e-04	8.09e-07	0.00e+00	0.00e+00	0.00e+00
 5.16245e+20	2.61e-01	7.35e-01	3.15e-03	1.57e-04	7.42e-07	0.00e+00	0.00e+00	0.00e+00
 5.16433e+20	2.71e-01	7.26e-01	2.94e-03	1.52e-04	6.83e-07	0.00e+00	0.00e+00	0.00e+00
 5.16648e+20	2.82e-01	7.15e-01	2.72e-03	1.47e-04	6.23e-07	0.00e+00	0.00e+00	0.00e+00
 5.16883e+20	2.94e-01	7.03e-01	2.51e-03	1.42e-04	5.66e-07	0.00e+00	0.00e+00	0.00e+00
 5.17118e+20	3.06e-01	6.92e-01	2.32e-03	1.37e-04	5.17e-07	0.00e+00	0.00e+00	0.00e+00
 5.17343e+20	3.17e-01	6.81e-01	2.17e-03	1.33e-04	4.76e-07	0.00e+00	0.00e+00	0.00e+00
 5.17572e+20	3.28e-01	6.69e-01	2.02e-03	1.28e-04	4.38e-07	0.00e+00	0.00e+00	0.00e+00
 5.17807e+20	3.40e-01	6.58e-01	1.89e-03	1.24e-04	4.05e-07	0.00e+00	0.00e+00	0.00e+00
 5.18048e+20	3.51e-01	6.47e-01	1.77e-03	1.20e-04	3.75e-07	0.00e+00	0.00e+00	0.00e+00
 5.18294e+20	3.63e-01	6.36e-01	1.66e-03	1.16e-04	3.48e-07	0.00e+00	0.00e+00	0.00e+00
 5.18547e+20	3.74e-01	6.25e-01	1.57e-03	1.13e-04	3.24e-07	0.00e+00	0.00e+00	0.00e+00
 5.18811e+20	3.85e-01	6.14e-01	1.48e-03	1.09e-04	3.03e-07	0.00e+00	0.00e+00	0.00e+00
 5.19088e+20	3.96e-01	6.03e-01	1.40e-03	1.06e-04	2.84e-07	0.00e+00	0.00e+00	0.00e+00
 5.19377e+20	4.06e-01	5.93e-01	1.34e-03	1.03e-04	2.67e-07	0.00e+00	0.00e+00	0.00e+00
 5.19684e+20	4.16e-01	5.82e-01	1.27e-03	1.00e-04	2.52e-07	0.00e+00	0.00e+00	0.00e+00
 5.20018e+20	4.26e-01	5.73e-01	1.22e-03	9.74e-05	2.39e-07	0.00e+00	0.00e+00	0.00e+00
 5.20380e+20	4.35e-01	5.63e-01	1.17e-03	9.49e-05	2.27e-07	0.00e+00	0.00e+00	0.00e+00
 5.20773e+20	4.44e-01	5.55e-01	1.13e-03	9.26e-05	2.16e-07	0.00e+00	0.00e+00	0.00e+00
 5.21209e+20	4.51e-01	5.47e-01	1.09e-03	9.05e-05	2.08e-07	0.00e+00	0.00e+00	0.00e+00
 5.21686e+20	4.58e-01	5.41e-01	1.06e-03	8.88e-05	2.00e-07	0.00e+00	0.00e+00	0.00e+00
 5.22173e+20	4.63e-01	5.36e-01	1.04e-03	8.75e-05	1.95e-07	0.00e+00	0.00e+00	0.00e+00
 5.22648e+20	4.67e-01	5.32e-01	1.02e-03	8.65e-05	1.91e-07	0.00e+00	0.00e+00	0.00e+00
 5.23115e+20	4.69e-01	5.29e-01	1.01e-03	8.58e-05	1.88e-07	0.00e+00	0.00e+00	0.00e+00
 5.23576e+20	4.71e-01	5.27e-01	1.00e-03	8.53e-05	1.86e-07	0.00e+00	0.00e+00	0.00e+00
 5.24032e+20	4.73e-01	5.26e-01	9.97e-04	8.48e-05	1.84e-07	0.00e+00	0.00e+00	0.00e+00
 5.24484e+20	4.75e-01	5.24e-01	9.90e-04	8.44e-05	1.83e-07	0.00e+00	0.00e+00	0.00e+00
 5.25003e+20	4.76e-01	5.23e-01	9.87e-04	8.42e-05	1.82e-07	0.00e+00	0.00e+00	0.00e+00
 5.25677e+20	4.77e-01	5.22e-01	9.80e-04	8.37e-05	1.80e-07	0.00e+00	0.00e+00	0.00e+00
 5.26553e+20	4.78e-01	5.21e-01	9.76e-04	8.35e-05	1.79e-07	0.00e+00	0.00e+00	0.00e+00
 5.27693e+20	4.79e-01	5.20e-01	9.71e-04	8.31e-05	1.78e-07	0.00e+00	0.00e+00	0.00e+00
 5.29174e+20	4.81e-01	5.18e-01	9.64e-04	8.26e-05	1.76e-07	0.00e+00	0.00e+00	0.00e+00
 5.31100e+20	4.83e-01	5.16e-01	9.56e-04	8.20e-05	1.74e-07	0.00e+00	0.00e+00	0.00e+00
 5.33603e+20	4.85e-01	5.14e-01	9.47e-04	8.13e-05	1.71e-07	0.00e+00	0.00e+00	0.00e+00
 5.36858e+20	4.88e-01	5.11e-01	9.35e-04	8.04e-05	1.68e-07	0.00e+00	0.00e+00	0.00e+00
 5.41088e+20	4.92e-01	5.07e-01	9.19e-04	7.93e-05	1.64e-07	0.00e+00	0.00e+00	0.00e+00
 5.46588e+20	4.96e-01	5.03e-01	9.00e-04	7.78e-05	1.59e-07	0.00e+00	0.00e+00	0.00e+00
 5.53738e+20	5.02e-01	4.97e-01	8.77e-04	7.60e-05	1.53e-07	0.00e+00	0.00e+00	0.00e+00
 5.63033e+20	5.10e-01	4.89e-01	8.49e-04	7.37e-05	1.46e-07	0.00e+00	0.00e+00	0.00e+00
 5.75116e+20	5.19e-01	4.80e-01	8.15e-04	7.09e-05	1.37e-07	0.00e+00	0.00e+00	0.00e+00
 5.90441e+20	5.30e-01	4.69e-01	7.77e-04	6.77e-05	1.27e-07	0.00e+00	0.00e+00	0.00e+00
 6.07460e+20	5.42e-01	4.58e-01	7.40e-04	6.44e-05	0.00e+00	0.00e+00	0.00e+00	0.00e+00
 6.24740e+20	5.52e-01	4.47e-01	7.07e-04	6.14e-05	0.00e+00	0.00e+00	0.00e+00	0.00e+00
 6.42411e+20	5.63e-01	4.37e-01	6.76e-04	5.85e-05	0.00e+00	0.00e+00	0.00e+00	0.00e+00
 6.60837e+20	5.73e-01	4.26e-01	6.46e-04	5.56e-05	0.00e+00	0.00e+00	0.00e+00	0.00e+00
 6.80358e+20	5.84e-01	4.16e-01	6.17e-04	5.28e-05	0.00e+00	0.00e+00	0.00e+00	0.00e+00
 7.00986e+20	5.94e-01	4.05e-01	5.89e-04	5.00e-05	0.00e+00	0.00e+00	0.00e+00	0.00e+00
 7.22729e+20	6.05e-01	3.94e-01	5.61e-04	4.73e-05	0.00e+00	0.00e+00	0.00e+00	0.00e+00
 7.45497e+20	6.16e-01	3.83e-01	5.35e-04	4.46e-05	0.00e+00	0.00e+00	0.00e+00	0.00e+00
 7.69391e+20	6.27e-01	3.72e-01	5.09e-04	4.20e-05	0.00e+00	0.00e+00	0.00e+00	0.00e+00
 7.94420e+20	6.38e-01	3.62e-01	4.84e-04	3.94e-05	0.00e+00	0.00e+00	0.00e+00	0.00e+00
 8.20655e+20	6.49e-01	3.51e-01	4.60e-04	3.70e-05	0.00e+00	0.00e+00	0.00e+00	0.00e+00
 8.48211e+20	6.60e-01	3.39e-01	4.37e-04	3.46e-05	0.00e+00	0.00e+00	0.00e+00	0.00e+00
 8.77073e+20	6.71e-01	3.28e-01	4.14e-04	3.22e-05	0.00e+00	0.00e+00	0.00e+00	0.00e+00
 9.07292e+20	6.82e-01	3.17e-01	3.93e-04	3.00e-05	0.00e+00	0.00e+00	0.00e+00	0.00e+00
 9.38968e+20	6.94e-01	3.06e-01	3.71e-04	2.78e-05	0.00e+00	0.00e+00	0.00e+00	0.00e+00
 9.72143e+20	7.05e-01	2.95e-01	3.51e-04	2.57e-05	0.00e+00	0.00e+00	0.00e+00	0.00e+00
 1.00682e+21	7.16e-01	2.84e-01	3.31e-04	2.37e-05	0.00e+00	0.00e+00	0.00e+00	0.00e+00
 1.04307e+21	7.27e-01	2.73e-01	3.12e-04	2.18e-05	0.00e+00	0.00e+00	0.00e+00	0.00e+00
 1.08102e+21	7.38e-01	2.62e-01	2.93e-04	2.00e-05	0.00e+00	0.00e+00	0.00e+00	0.00e+00
 1.12071e+21	7.49e-01	2.51e-01	2.76e-04	1.82e-05	0.00e+00	0.00e+00	0.00e+00	0.00e+00
 1.16216e+21	7.60e-01	2.40e-01	2.59e-04	1.66e-05	0.00e+00	0.00e+00	0.00e+00	0.00e+00
 1.20542e+21	7.71e-01	2.29e-01	2.42e-04	1.51e-05	0.00e+00	0.00e+00	0.00e+00	0.00e+00
 1.25057e+21	7.81e-01	2.18e-01	2.27e-04	1.37e-05	0.00e+00	0.00e+00	0.00e+00	0.00e+00
 1.29770e+21	7.92e-01	2.08e-01	2.12e-04	1.23e-05	0.00e+00	0.00e+00	0.00e+00	0.00e+00
 1.34687e+21	8.02e-01	1.98e-01	1.98e-04	1.11e-05	0.00e+00	0.00e+00	0.00e+00	0.00e+00
 1.39810e+21	8.12e-01	1.88e-01	1.84e-04	9.93e-06	0.00e+00	0.00e+00	0.00e+00	0.00e+00
 1.45144e+21	8.21e-01	1.78e-01	1.71e-04	8.87e-06	0.00e+00	0.00e+00	0.00e+00	0.00e+00
 1.50698e+21	8.31e-01	1.69e-01	1.59e-04	7.91e-06	0.00e+00	0.00e+00	0.00e+00	0.00e+00
 1.56476e+21	8.40e-01	1.60e-01	1.47e-04	7.03e-06	0.00e+00	0.00e+00	0.00e+00	0.00e+00
 1.62486e+21	8.49e-01	1.51e-01	1.36e-04	6.22e-06	0.00e+00	0.00e+00	0.00e+00	0.00e+00
 1.68730e+21	8.57e-01	1.43e-01	1.26e-04	5.50e-06	0.00e+00	0.00e+00	0.00e+00	0.00e+00
 1.75219e+21	8.65e-01	1.34e-01	1.17e-04	4.84e-06	0.00e+00	0.00e+00	0.00e+00	0.00e+00
 1.81952e+21	8.73e-01	1.27e-01	1.08e-04	4.26e-06	0.00e+00	0.00e+00	0.00e+00	0.00e+00
 1.88920e+21	8.81e-01	1.19e-01	9.92e-05	3.74e-06	0.00e+00	0.00e+00	0.00e+00	0.00e+00
 1.96197e+21	8.88e-01	1.12e-01	9.12e-05	3.27e-06	0.00e+00	0.00e+00	0.00e+00	0.00e+00
 2.03774e+21	8.94e-01	1.06e-01	8.38e-05	2.85e-06	0.00e+00	0.00e+00	0.00e+00	0.00e+00
 2.11576e+21	9.01e-01	9.91e-02	7.70e-05	2.49e-06	0.00e+00	0.00e+00	0.00e+00	0.00e+00
 2.19645e+21	9.07e-01	9.32e-02	7.07e-05	2.17e-06	0.00e+00	0.00e+00	0.00e+00	0.00e+00
 2.28016e+21	9.12e-01	8.75e-02	6.48e-05	1.88e-06	0.00e+00	0.00e+00	0.00e+00	0.00e+00
 2.36745e+21	9.18e-01	8.22e-02	5.93e-05	1.63e-06	0.00e+00	0.00e+00	0.00e+00	0.00e+00
 2.45791e+21	9.23e-01	7.71e-02	5.42e-05	1.41e-06	0.00e+00	0.00e+00	0.00e+00	0.00e+00
 2.55083e+21	9.27e-01	7.25e-02	4.96e-05	1.23e-06	0.00e+00	0.00e+00	0.00e+00	0.00e+00
 2.64707e+21	9.32e-01	6.80e-02	4.53e-05	1.06e-06	0.00e+00	0.00e+00	0.00e+00	0.00e+00
 2.74717e+21	9.36e-01	6.39e-02	4.13e-05	9.16e-07	0.00e+00	0.00e+00	0.00e+00	0.00e+00
 2.85091e+21	9.40e-01	5.99e-02	3.77e-05	7.91e-07	0.00e+00	0.00e+00	0.00e+00	0.00e+00
 2.95892e+21	9.44e-01	5.62e-02	3.43e-05	6.82e-07	0.00e+00	0.00e+00	0.00e+00	0.00e+00
 3.07102e+21	9.47e-01	5.27e-02	3.12e-05	5.87e-07	0.00e+00	0.00e+00	0.00e+00	0.00e+00
 3.18662e+21	9.50e-01	4.95e-02	2.84e-05	5.06e-07	0.00e+00	0.00e+00	0.00e+00	0.00e+00
 3.30617e+21	9.54e-01	4.65e-02	2.58e-05	4.36e-07	0.00e+00	0.00e+00	0.00e+00	0.00e+00
 3.43036e+21	9.56e-01	4.36e-02	2.35e-05	3.75e-07	0.00e+00	0.00e+00	0.00e+00	0.00e+00
 3.55958e+21	9.59e-01	4.09e-02	2.13e-05	3.22e-07	0.00e+00	0.00e+00	0.00e+00	0.00e+00
 3.69377e+21	9.62e-01	3.83e-02	1.94e-05	2.77e-07	0.00e+00	0.00e+00	0.00e+00	0.00e+00
 3.83397e+21	9.64e-01	3.58e-02	1.76e-05	2.37e-07	0.00e+00	0.00e+00	0.00e+00	0.00e+00
 3.97999e+21	9.66e-01	3.36e-02	1.59e-05	2.03e-07	0.00e+00	0.00e+00	0.00e+00	0.00e+00
 4.12969e+21	9.69e-01	3.14e-02	1.44e-05	1.75e-07	0.00e+00	0.00e+00	0.00e+00	0.00e+00
 4.28519e+21	9.71e-01	2.94e-02	1.31e-05	1.50e-07	0.00e+00	0.00e+00	0.00e+00	0.00e+00
 4.44396e+21	9.73e-01	2.75e-02	1.19e-05	1.29e-07	0.00e+00	0.00e+00	0.00e+00	0.00e+00
 4.59639e+21	9.74e-01	2.58e-02	1.09e-05	0.00e+00	0.00e+00	0.00e+00	0.00e+00	0.00e+00
 4.74121e+21	9.76e-01	2.43e-02	1.00e-05	0.00e+00	0.00e+00	0.00e+00	0.00e+00	0.00e+00
 4.90192e+21	9.77e-01	2.27e-02	9.14e-06	0.00e+00	0.00e+00	0.00e+00	0.00e+00	0.00e+00
 5.07732e+21	9.79e-01	2.11e-02	8.33e-06	0.00e+00	0.00e+00	0.00e+00	0.00e+00	0.00e+00
 5.23326e+21	9.80e-01	1.99e-02	7.70e-06	0.00e+00	0.00e+00	0.00e+00	0.00e+00	0.00e+00
 5.36628e+21	9.81e-01	1.88e-02	7.21e-06	0.00e+00	0.00e+00	0.00e+00	0.00e+00	0.00e+00
 5.51082e+21	9.82e-01	1.77e-02	6.69e-06	0.00e+00	0.00e+00	0.00e+00	0.00e+00	0.00e+00
 5.69874e+21	9.84e-01	1.63e-02	6.10e-06	0.00e+00	0.00e+00	0.00e+00	0.00e+00	0.00e+00
 5.88931e+21	9.85e-01	1.51e-02	5.60e-06	0.00e+00	0.00e+00	0.00e+00	0.00e+00	0.00e+00
 6.05172e+21	9.86e-01	1.41e-02	5.21e-06	0.00e+00	0.00e+00	0.00e+00	0.00e+00	0.00e+00
 6.19755e+21	9.87e-01	1.32e-02	4.90e-06	0.00e+00	0.00e+00	0.00e+00	0.00e+00	0.00e+00
 6.33080e+21	9.87e-01	1.25e-02	4.63e-06	0.00e+00	0.00e+00	0.00e+00	0.00e+00	0.00e+00
 6.48135e+21	9.88e-01	1.17e-02	4.33e-06	0.00e+00	0.00e+00	0.00e+00	0.00e+00	0.00e+00
 6.67000e+21	9.89e-01	1.08e-02	4.00e-06	0.00e+00	0.00e+00	0.00e+00	0.00e+00	0.00e+00
 6.87299e+21	9.90e-01	9.83e-03	3.70e-06	0.00e+00	0.00e+00	0.00e+00	0.00e+00	0.00e+00
 7.06185e+21	9.91e-01	9.05e-03	3.44e-06	0.00e+00	0.00e+00	0.00e+00	0.00e+00	0.00e+00
 7.23742e+21	9.92e-01	8.34e-03	3.22e-06	0.00e+00	0.00e+00	0.00e+00	0.00e+00	0.00e+00
 7.39533e+21	9.92e-01	7.76e-03	3.04e-06	0.00e+00	0.00e+00	0.00e+00	0.00e+00	0.00e+00
 7.53519e+21	9.93e-01	7.24e-03	2.89e-06	0.00e+00	0.00e+00	0.00e+00	0.00e+00	0.00e+00
 7.68157e+21	9.93e-01	6.70e-03	2.75e-06	0.00e+00	0.00e+00	0.00e+00	0.00e+00	0.00e+00
 7.83885e+21	9.94e-01	6.13e-03	2.60e-06	0.00e+00	0.00e+00	0.00e+00	0.00e+00	0.00e+00
 7.98492e+21	9.94e-01	5.62e-03	2.48e-06	0.00e+00	0.00e+00	0.00e+00	0.00e+00	0.00e+00
 8.10211e+21	9.95e-01	5.22e-03	2.39e-06	0.00e+00	0.00e+00	0.00e+00	0.00e+00	0.00e+00
