#depth	O	O+	O+2	O+3	O+4	O+5	O+6	O+7	O+8	O[1]	O[2]	O[3]
 2.58384e+15	1.28e-03	1.74e-01	7.15e-01	1.07e-01	2.35e-03	1.09e-05	0.00e+00	0.00e+00	0.00e+00	1.27e-03	2.98e-07	3.38e-07
 1.55031e+16	1.27e-03	1.73e-01	7.16e-01	1.07e-01	2.35e-03	1.09e-05	0.00e+00	0.00e+00	0.00e+00	1.27e-03	2.97e-07	3.36e-07
 6.71799e+16	1.25e-03	1.71e-01	7.18e-01	1.07e-01	2.33e-03	1.08e-05	0.00e+00	0.00e+00	0.00e+00	1.25e-03	2.92e-07	3.31e-07
 2.73887e+17	1.21e-03	1.66e-01	7.26e-01	1.04e-01	2.23e-03	1.05e-05	0.00e+00	0.00e+00	0.00e+00	1.21e-03	2.82e-07	3.20e-07
 6.54229e+17	1.08e-03	1.54e-01	7.41e-01	1.02e-01	2.13e-03	1.03e-05	0.00e+00	0.00e+00	0.00e+00	1.08e-03	2.51e-07	2.85e-07
 1.14867e+18	9.89e-04	1.46e-01	7.54e-01	9.73e-02	1.96e-03	9.76e-06	0.00e+00	0.00e+00	0.00e+00	9.89e-04	2.30e-07	2.62e-07
 1.79145e+18	9.33e-04	1.40e-01	7.67e-01	9.00e-02	1.73e-03	8.86e-06	0.00e+00	0.00e+00	0.00e+00	9.33e-04	2.17e-07	2.47e-07
 2.62706e+18	9.14e-04	1.38e-01	7.80e-01	7.97e-02	1.45e-03	7.59e-06	0.00e+00	0.00e+00	0.00e+00	9.14e-04	2.13e-07	2.42e-07
 3.71336e+18	9.46e-04	1.41e-01	7.90e-01	6.64e-02	1.13e-03	6.01e-06	0.00e+00	0.00e+00	0.00e+00	9.45e-04	2.20e-07	2.50e-07
 5.12554e+18	1.06e-03	1.52e-01	7.95e-01	5.08e-02	7.92e-04	4.24e-06	0.00e+00	0.00e+00	0.00e+00	1.06e-03	2.46e-07	2.80e-07
 6.96137e+18	1.31e-03	1.74e-01	7.89e-01	3.46e-02	4.89e-04	2.57e-06	0.00e+00	0.00e+00	0.00e+00	1.31e-03	3.07e-07	3.48e-07
 8.81876e+18	1.65e-03	2.00e-01	7.75e-01	2.33e-02	3.08e-04	1.55e-06	0.00e+00	0.00e+00	0.00e+00	1.65e-03	3.87e-07	4.37e-07
 1.02738e+19	2.03e-03	2.24e-01	7.57e-01	1.70e-02	2.19e-04	1.03e-06	0.00e+00	0.00e+00	0.00e+00	2.03e-03	4.78e-07	5.37e-07
 1.14597e+19	2.45e-03	2.46e-01	7.38e-01	1.31e-02	1.69e-04	7.39e-07	0.00e+00	0.00e+00	0.00e+00	2.44e-03	5.76e-07	6.45e-07
 1.25555e+19	2.93e-03	2.69e-01	7.18e-01	1.03e-02	1.36e-04	5.39e-07	0.00e+00	0.00e+00	0.00e+00	2.93e-03	6.93e-07	7.72e-07
 1.38094e+19	3.66e-03	2.98e-01	6.91e-01	7.68e-03	1.07e-04	3.71e-07	0.00e+00	0.00e+00	0.00e+00	3.65e-03	8.67e-07	9.62e-07
 1.50904e+19	4.57e-03	3.29e-01	6.60e-01	5.78e-03	8.76e-05	2.57e-07	0.00e+00	0.00e+00	0.00e+00	4.57e-03	1.09e-06	1.20e-06
 1.61178e+19	5.54e-03	3.58e-01	6.32e-01	4.57e-03	7.55e-05	1.90e-07	0.00e+00	0.00e+00	0.00e+00	5.54e-03	1.32e-06	1.46e-06
 1.70029e+19	6.61e-03	3.85e-01	6.05e-01	3.69e-03	6.67e-05	1.44e-07	0.00e+00	0.00e+00	0.00e+00	6.61e-03	1.58e-06	1.73e-06
 1.79919e+19	8.15e-03	4.19e-01	5.70e-01	2.85e-03	5.81e-05	0.00e+00	0.00e+00	0.00e+00	0.00e+00	8.15e-03	1.95e-06	2.13e-06
 1.90312e+19	1.02e-02	4.57e-01	5.30e-01	2.16e-03	5.05e-05	0.00e+00	0.00e+00	0.00e+00	0.00e+00	1.02e-02	2.46e-06	2.67e-06
 1.98899e+19	1.25e-02	4.92e-01	4.94e-01	1.69e-03	4.48e-05	0.00e+00	0.00e+00	0.00e+00	0.00e+00	1.25e-02	3.00e-06	3.25e-06
 2.06133e+19	1.49e-02	5.23e-01	4.61e-01	1.35e-03	4.03e-05	0.00e+00	0.00e+00	0.00e+00	0.00e+00	1.48e-02	3.57e-06	3.86e-06
 2.14071e+19	1.82e-02	5.60e-01	4.20e-01	1.03e-03	3.53e-05	0.00e+00	0.00e+00	0.00e+00	0.00e+00	1.82e-02	4.38e-06	4.72e-06
 2.22499e+19	2.27e-02	6.00e-01	3.76e-01	7.65e-04	3.04e-05	0.00e+00	0.00e+00	0.00e+00	0.00e+00	2.27e-02	5.46e-06	5.87e-06
 2.29628e+19	2.77e-02	6.35e-01	3.37e-01	5.79e-04	2.64e-05	0.00e+00	0.00e+00	0.00e+00	0.00e+00	2.77e-02	6.64e-06	7.12e-06
 2.35736e+19	3.31e-02	6.65e-01	3.02e-01	4.46e-04	2.29e-05	0.00e+00	0.00e+00	0.00e+00	0.00e+00	3.31e-02	7.90e-06	8.46e-06
 2.42453e+19	4.06e-02	6.97e-01	2.62e-01	3.25e-04	1.92e-05	0.00e+00	0.00e+00	0.00e+00	0.00e+00	4.06e-02	9.65e-06	1.03e-05
 2.49591e+19	5.07e-02	7.28e-01	2.21e-01	2.27e-04	1.56e-05	0.00e+00	0.00e+00	0.00e+00	0.00e+00	5.07e-02	1.20e-05	1.28e-05
 2.55626e+19	6.17e-02	7.51e-01	1.87e-01	1.62e-04	1.27e-05	0.00e+00	0.00e+00	0.00e+00	0.00e+00	6.17e-02	1.45e-05	1.54e-05
 2.60591e+19	7.30e-02	7.67e-01	1.60e-01	1.21e-04	1.05e-05	0.00e+00	0.00e+00	0.00e+00	0.00e+00	7.30e-02	1.70e-05	1.81e-05
 2.64990e+19	8.51e-02	7.78e-01	1.37e-01	9.09e-05	8.64e-06	0.00e+00	0.00e+00	0.00e+00	0.00e+00	8.50e-02	1.96e-05	2.09e-05
 2.69177e+19	9.89e-02	7.84e-01	1.17e-01	6.84e-05	7.06e-06	0.00e+00	0.00e+00	0.00e+00	0.00e+00	9.88e-02	2.25e-05	2.40e-05
 2.73161e+19	1.14e-01	7.87e-01	9.85e-02	5.16e-05	5.73e-06	0.00e+00	0.00e+00	0.00e+00	0.00e+00	1.14e-01	2.57e-05	2.74e-05
 2.76852e+19	1.31e-01	7.86e-01	8.31e-02	3.92e-05	4.63e-06	0.00e+00	0.00e+00	0.00e+00	0.00e+00	1.31e-01	2.91e-05	3.10e-05
 2.80234e+19	1.49e-01	7.81e-01	7.01e-02	3.01e-05	3.74e-06	0.00e+00	0.00e+00	0.00e+00	0.00e+00	1.49e-01	3.26e-05	3.47e-05
 2.83350e+19	1.67e-01	7.73e-01	5.93e-02	2.36e-05	3.03e-06	0.00e+00	0.00e+00	0.00e+00	0.00e+00	1.67e-01	3.61e-05	3.84e-05
 2.86296e+19	1.87e-01	7.63e-01	5.01e-02	1.86e-05	2.45e-06	0.00e+00	0.00e+00	0.00e+00	0.00e+00	1.87e-01	3.96e-05	4.22e-05
 2.89140e+19	2.08e-01	7.50e-01	4.22e-02	1.47e-05	1.97e-06	0.00e+00	0.00e+00	0.00e+00	0.00e+00	2.08e-01	4.33e-05	4.60e-05
 2.91873e+19	2.30e-01	7.34e-01	3.54e-02	1.18e-05	1.59e-06	0.00e+00	0.00e+00	0.00e+00	0.00e+00	2.30e-01	4.69e-05	4.99e-05
 2.94484e+19	2.53e-01	7.17e-01	2.98e-02	9.50e-06	1.27e-06	0.00e+00	0.00e+00	0.00e+00	0.00e+00	2.53e-01	5.05e-05	5.37e-05
 2.96993e+19	2.77e-01	6.98e-01	2.50e-02	7.75e-06	1.02e-06	0.00e+00	0.00e+00	0.00e+00	0.00e+00	2.76e-01	5.39e-05	5.73e-05
 2.99436e+19	3.01e-01	6.78e-01	2.09e-02	6.37e-06	8.21e-07	0.00e+00	0.00e+00	0.00e+00	0.00e+00	3.01e-01	5.72e-05	6.08e-05
 3.01834e+19	3.26e-01	6.57e-01	1.75e-02	5.28e-06	6.57e-07	0.00e+00	0.00e+00	0.00e+00	0.00e+00	3.26e-01	6.04e-05	6.42e-05
 3.04196e+19	3.52e-01	6.34e-01	1.45e-02	4.40e-06	5.24e-07	0.00e+00	0.00e+00	0.00e+00	0.00e+00	3.51e-01	6.33e-05	6.73e-05
 3.06533e+19	3.78e-01	6.10e-01	1.20e-02	3.70e-06	4.17e-07	0.00e+00	0.00e+00	0.00e+00	0.00e+00	3.78e-01	6.60e-05	7.02e-05
 3.09135e+19	4.07e-01	5.83e-01	9.70e-03	3.06e-06	3.21e-07	0.00e+00	0.00e+00	0.00e+00	0.00e+00	4.07e-01	6.87e-05	7.30e-05
 3.11863e+19	4.39e-01	5.54e-01	7.72e-03	2.54e-06	2.44e-07	0.00e+00	0.00e+00	0.00e+00	0.00e+00	4.38e-01	7.11e-05	7.56e-05
 3.14277e+19	4.67e-01	5.27e-01	6.26e-03	2.16e-06	1.90e-07	0.00e+00	0.00e+00	0.00e+00	0.00e+00	4.67e-01	7.29e-05	7.75e-05
 3.16518e+19	4.92e-01	5.03e-01	5.14e-03	1.87e-06	1.50e-07	0.00e+00	0.00e+00	0.00e+00	0.00e+00	4.92e-01	7.42e-05	7.88e-05
 3.18696e+19	5.18e-01	4.78e-01	4.22e-03	1.63e-06	0.00e+00	0.00e+00	0.00e+00	0.00e+00	0.00e+00	5.17e-01	7.52e-05	7.99e-05
 3.20833e+19	5.41e-01	4.55e-01	3.47e-03	1.44e-06	0.00e+00	0.00e+00	0.00e+00	0.00e+00	0.00e+00	5.41e-01	7.58e-05	8.05e-05
 3.22902e+19	5.64e-01	4.33e-01	2.86e-03	1.28e-06	0.00e+00	0.00e+00	0.00e+00	0.00e+00	0.00e+00	5.64e-01	7.62e-05	8.09e-05
 3.24843e+19	5.85e-01	4.13e-01	2.38e-03	1.15e-06	0.00e+00	0.00e+00	0.00e+00	0.00e+00	0.00e+00	5.85e-01	7.63e-05	8.10e-05
 3.26381e+19	6.01e-01	3.97e-01	2.07e-03	1.06e-06	0.00e+00	0.00e+00	0.00e+00	0.00e+00	0.00e+00	6.00e-01	7.62e-05	8.09e-05
 3.27447e+19	6.11e-01	3.87e-01	1.88e-03	9.99e-07	0.00e+00	0.00e+00	0.00e+00	0.00e+00	0.00e+00	6.11e-01	7.61e-05	8.07e-05
 3.28465e+19	6.22e-01	3.76e-01	1.70e-03	9.46e-07	0.00e+00	0.00e+00	0.00e+00	0.00e+00	0.00e+00	6.22e-01	7.59e-05	8.05e-05
 3.29630e+19	6.34e-01	3.64e-01	1.51e-03	8.89e-07	0.00e+00	0.00e+00	0.00e+00	0.00e+00	0.00e+00	6.34e-01	7.56e-05	8.02e-05
 3.30884e+19	6.46e-01	3.52e-01	1.34e-03	8.33e-07	0.00e+00	0.00e+00	0.00e+00	0.00e+00	0.00e+00	6.46e-01	7.53e-05	7.98e-05
 3.32124e+19	6.58e-01	3.41e-01	1.18e-03	7.83e-07	0.00e+00	0.00e+00	0.00e+00	0.00e+00	0.00e+00	6.58e-01	7.48e-05	7.93e-05
 3.33335e+19	6.70e-01	3.29e-01	1.05e-03	7.37e-07	0.00e+00	0.00e+00	0.00e+00	0.00e+00	0.00e+00	6.70e-01	7.44e-05	7.88e-05
 3.34549e+19	6.81e-01	3.18e-01	9.32e-04	6.95e-07	0.00e+00	0.00e+00	0.00e+00	0.00e+00	0.00e+00	6.81e-01	7.38e-05	7.82e-05
 3.35782e+19	6.92e-01	3.07e-01	8.24e-04	6.55e-07	0.00e+00	0.00e+00	0.00e+00	0.00e+00	0.00e+00	6.92e-01	7.32e-05	7.75e-05
 3.37029e+19	7.03e-01	2.97e-01	7.28e-04	6.17e-07	0.00e+00	0.00e+00	0.00e+00	0.00e+00	0.00e+00	7.03e-01	7.25e-05	7.67e-05
 3.38283e+19	7.13e-01	2.86e-01	6.43e-04	5.82e-07	0.00e+00	0.00e+00	0.00e+00	0.00e+00	0.00e+00	7.13e-01	7.17e-05	7.59e-05
 3.39544e+19	7.24e-01	2.76e-01	5.67e-04	5.50e-07	0.00e+00	0.00e+00	0.00e+00	0.00e+00	0.00e+00	7.24e-01	7.08e-05	7.50e-05
 3.40816e+19	7.34e-01	2.66e-01	4.99e-04	5.19e-07	0.00e+00	0.00e+00	0.00e+00	0.00e+00	0.00e+00	7.34e-01	7.00e-05	7.41e-05
 3.42100e+19	7.44e-01	2.56e-01	4.39e-04	4.91e-07	0.00e+00	0.00e+00	0.00e+00	0.00e+00	0.00e+00	7.43e-01	6.91e-05	7.31e-05
 3.43400e+19	7.53e-01	2.46e-01	3.86e-04	4.63e-07	0.00e+00	0.00e+00	0.00e+00	0.00e+00	0.00e+00	7.53e-01	6.81e-05	7.21e-05
 3.44704e+19	7.63e-01	2.37e-01	3.40e-04	4.38e-07	0.00e+00	0.00e+00	0.00e+00	0.00e+00	0.00e+00	7.62e-01	6.72e-05	7.11e-05
 3.46022e+19	7.72e-01	2.28e-01	2.98e-04	4.14e-07	0.00e+00	0.00e+00	0.00e+00	0.00e+00	0.00e+00	7.72e-01	6.62e-05	7.00e-05
 3.47357e+19	7.81e-01	2.19e-01	2.62e-04	3.92e-07	0.00e+00	0.00e+00	0.00e+00	0.00e+00	0.00e+00	7.80e-01	6.53e-05	6.89e-05
 3.48713e+19	7.89e-01	2.10e-01	2.30e-04	3.71e-07	0.00e+00	0.00e+00	0.00e+00	0.00e+00	0.00e+00	7.89e-01	6.42e-05	6.78e-05
 3.50084e+19	7.97e-01	2.02e-01	2.02e-04	3.52e-07	0.00e+00	0.00e+00	0.00e+00	0.00e+00	0.00e+00	7.97e-01	6.33e-05	6.68e-05
 3.51482e+19	8.06e-01	1.94e-01	1.77e-04	3.33e-07	0.00e+00	0.00e+00	0.00e+00	0.00e+00	0.00e+00	8.05e-01	6.22e-05	6.56e-05
 3.52918e+19	8.14e-01	1.86e-01	1.55e-04	3.15e-07	0.00e+00	0.00e+00	0.00e+00	0.00e+00	0.00e+00	8.13e-01	6.12e-05	6.45e-05
 3.54356e+19	8.21e-01	1.79e-01	1.36e-04	2.99e-07	0.00e+00	0.00e+00	0.00e+00	0.00e+00	0.00e+00	8.21e-01	6.02e-05	6.34e-05
 3.55819e+19	8.28e-01	1.72e-01	1.20e-04	2.84e-07	0.00e+00	0.00e+00	0.00e+00	0.00e+00	0.00e+00	8.28e-01	5.92e-05	6.23e-05
 3.57329e+19	8.35e-01	1.65e-01	1.05e-04	2.69e-07	0.00e+00	0.00e+00	0.00e+00	0.00e+00	0.00e+00	8.35e-01	5.81e-05	6.12e-05
 3.58878e+19	8.42e-01	1.58e-01	9.27e-05	2.55e-07	0.00e+00	0.00e+00	0.00e+00	0.00e+00	0.00e+00	8.42e-01	5.72e-05	6.02e-05
 3.60440e+19	8.48e-01	1.52e-01	8.20e-05	2.43e-07	0.00e+00	0.00e+00	0.00e+00	0.00e+00	0.00e+00	8.48e-01	5.62e-05	5.91e-05
 3.62016e+19	8.54e-01	1.46e-01	7.28e-05	2.31e-07	0.00e+00	0.00e+00	0.00e+00	0.00e+00	0.00e+00	8.54e-01	5.53e-05	5.81e-05
 3.63624e+19	8.60e-01	1.40e-01	6.48e-05	2.20e-07	0.00e+00	0.00e+00	0.00e+00	0.00e+00	0.00e+00	8.60e-01	5.44e-05	5.72e-05
 3.65277e+19	8.65e-01	1.35e-01	5.80e-05	2.10e-07	0.00e+00	0.00e+00	0.00e+00	0.00e+00	0.00e+00	8.65e-01	5.35e-05	5.63e-05
 3.66980e+19	8.70e-01	1.30e-01	5.20e-05	2.01e-07	0.00e+00	0.00e+00	0.00e+00	0.00e+00	0.00e+00	8.70e-01	5.27e-05	5.53e-05
 3.68743e+19	8.75e-01	1.25e-01	4.69e-05	1.92e-07	0.00e+00	0.00e+00	0.00e+00	0.00e+00	0.00e+00	8.75e-01	5.19e-05	5.45e-05
 3.70585e+19	8.79e-01	1.21e-01	4.24e-05	1.84e-07	0.00e+00	0.00e+00	0.00e+00	0.00e+00	0.00e+00	8.79e-01	5.11e-05	5.36e-05
 3.72508e+19	8.83e-01	1.17e-01	3.86e-05	1.77e-07	0.00e+00	0.00e+00	0.00e+00	0.00e+00	0.00e+00	8.83e-01	5.04e-05	5.29e-05
 3.74535e+19	8.87e-01	1.13e-01	3.53e-05	1.70e-07	0.00e+00	0.00e+00	0.00e+00	0.00e+00	0.00e+00	8.87e-01	4.97e-05	5.21e-05
 3.76718e+19	8.91e-01	1.09e-01	3.24e-05	1.63e-07	0.00e+00	0.00e+00	0.00e+00	0.00e+00	0.00e+00	8.91e-01	4.90e-05	5.14e-05
 3.79081e+19	8.95e-01	1.05e-01	2.98e-05	1.57e-07	0.00e+00	0.00e+00	0.00e+00	0.00e+00	0.00e+00	8.94e-01	4.84e-05	5.07e-05
 3.81666e+19	8.98e-01	1.02e-01	2.76e-05	1.52e-07	0.00e+00	0.00e+00	0.00e+00	0.00e+00	0.00e+00	8.98e-01	4.78e-05	5.00e-05
 3.84532e+19	9.01e-01	9.91e-02	2.57e-05	1.47e-07	0.00e+00	0.00e+00	0.00e+00	0.00e+00	0.00e+00	9.01e-01	4.72e-05	4.94e-05
 3.87784e+19	9.04e-01	9.62e-02	2.40e-05	1.42e-07	0.00e+00	0.00e+00	0.00e+00	0.00e+00	0.00e+00	9.04e-01	4.67e-05	4.88e-05
 3.91487e+19	9.06e-01	9.35e-02	2.26e-05	1.37e-07	0.00e+00	0.00e+00	0.00e+00	0.00e+00	0.00e+00	9.06e-01	4.61e-05	4.82e-05
 3.95377e+19	9.09e-01	9.14e-02	2.15e-05	1.34e-07	0.00e+00	0.00e+00	0.00e+00	0.00e+00	0.00e+00	9.09e-01	4.57e-05	4.78e-05
 3.99230e+19	9.10e-01	8.95e-02	2.06e-05	1.31e-07	0.00e+00	0.00e+00	0.00e+00	0.00e+00	0.00e+00	9.10e-01	4.54e-05	4.74e-05
 4.03052e+19	9.12e-01	8.80e-02	1.99e-05	1.28e-07	0.00e+00	0.00e+00	0.00e+00	0.00e+00	0.00e+00	9.12e-01	4.51e-05	4.70e-05
 4.07431e+19	9.14e-01	8.64e-02	1.92e-05	1.25e-07	0.00e+00	0.00e+00	0.00e+00	0.00e+00	0.00e+00	9.14e-01	4.47e-05	4.67e-05
 4.13125e+19	9.15e-01	8.46e-02	1.85e-05	1.23e-07	0.00e+00	0.00e+00	0.00e+00	0.00e+00	0.00e+00	9.15e-01	4.44e-05	4.63e-05
 4.20526e+19	9.17e-01	8.26e-02	1.78e-05	0.00e+00	0.00e+00	0.00e+00	0.00e+00	0.00e+00	0.00e+00	9.17e-01	4.40e-05	4.59e-05
 4.30148e+19	9.20e-01	8.05e-02	1.70e-05	0.00e+00	0.00e+00	0.00e+00	0.00e+00	0.00e+00	0.00e+00	9.19e-01	4.35e-05	4.54e-05
 4.42657e+19	9.22e-01	7.78e-02	1.61e-05	0.00e+00	0.00e+00	0.00e+00	0.00e+00	0.00e+00	0.00e+00	9.22e-01	4.30e-05	4.48e-05
 4.57858e+19	9.25e-01	7.50e-02	1.53e-05	0.00e+00	0.00e+00	0.00e+00	0.00e+00	0.00e+00	0.00e+00	9.25e-01	4.24e-05	4.42e-05
 4.74328e+19	9.28e-01	7.23e-02	1.45e-05	0.00e+00	0.00e+00	0.00e+00	0.00e+00	0.00e+00	0.00e+00	9.28e-01	4.19e-05	4.36e-05
 4.91151e+19	9.30e-01	6.97e-02	1.39e-05	0.00e+00	0.00e+00	0.00e+00	0.00e+00	0.00e+00	0.00e+00	9.30e-01	4.13e-05	4.30e-05
 5.08575e+19	9.33e-01	6.72e-02	1.33e-05	0.00e+00	0.00e+00	0.00e+00	0.00e+00	0.00e+00	0.00e+00	9.33e-01	4.08e-05	4.24e-05
 5.26906e+19	9.35e-01	6.49e-02	1.28e-05	0.00e+00	0.00e+00	0.00e+00	0.00e+00	0.00e+00	0.00e+00	9.35e-01	4.03e-05	4.18e-05
 5.46006e+19	9.37e-01	6.26e-02	1.24e-05	0.00e+00	0.00e+00	0.00e+00	0.00e+00	0.00e+00	0.00e+00	9.37e-01	3.98e-05	4.13e-05
 5.65867e+19	9.40e-01	6.03e-02	1.20e-05	0.00e+00	0.00e+00	0.00e+00	0.00e+00	0.00e+00	0.00e+00	9.40e-01	3.94e-05	4.08e-05
 5.86651e+19	9.42e-01	5.82e-02	1.16e-05	0.00e+00	0.00e+00	0.00e+00	0.00e+00	0.00e+00	0.00e+00	9.42e-01	3.89e-05	4.02e-05
 6.08369e+19	9.44e-01	5.61e-02	1.13e-05	0.00e+00	0.00e+00	0.00e+00	0.00e+00	0.00e+00	0.00e+00	9.44e-01	3.84e-05	3.97e-05
 6.31006e+19	9.46e-01	5.41e-02	1.11e-05	0.00e+00	0.00e+00	0.00e+00	0.00e+00	0.00e+00	0.00e+00	9.46e-01	3.79e-05	3.90e-05
 6.54550e+19	9.48e-01	5.22e-02	1.09e-05	0.00e+00	0.00e+00	0.00e+00	0.00e+00	0.00e+00	0.00e+00	9.48e-01	3.75e-05	3.84e-05
 6.79090e+19	9.50e-01	5.02e-02	1.07e-05	0.00e+00	0.00e+00	0.00e+00	0.00e+00	0.00e+00	0.00e+00	9.50e-01	3.70e-05	3.78e-05
 7.04944e+19	9.52e-01	4.84e-02	1.05e-05	0.00e+00	0.00e+00	0.00e+00	0.00e+00	0.00e+00	0.00e+00	9.52e-01	3.65e-05	3.72e-05
 7.31979e+19	9.53e-01	4.66e-02	1.03e-05	0.00e+00	0.00e+00	0.00e+00	0.00e+00	0.00e+00	0.00e+00	9.53e-01	3.61e-05	3.66e-05
 7.59816e+19	9.55e-01	4.49e-02	1.02e-05	0.00e+00	0.00e+00	0.00e+00	0.00e+00	0.00e+00	0.00e+00	9.55e-01	3.56e-05	3.61e-05
 7.88693e+19	9.57e-01	4.33e-02	1.01e-05	0.00e+00	0.00e+00	0.00e+00	0.00e+00	0.00e+00	0.00e+00	9.57e-01	3.52e-05	3.55e-05
 8.18930e+19	9.58e-01	4.17e-02	1.00e-05	0.00e+00	0.00e+00	0.00e+00	0.00e+00	0.00e+00	0.00e+00	9.58e-01	3.48e-05	3.50e-05
 8.50542e+19	9.60e-01	4.02e-02	9.98e-06	0.00e+00	0.00e+00	0.00e+00	0.00e+00	0.00e+00	0.00e+00	9.60e-01	3.44e-05	3.45e-05
 8.83402e+19	9.61e-01	3.87e-02	9.93e-06	0.00e+00	0.00e+00	0.00e+00	0.00e+00	0.00e+00	0.00e+00	9.61e-01	3.41e-05	3.40e-05
 9.17599e+19	9.63e-01	3.73e-02	9.90e-06	0.00e+00	0.00e+00	0.00e+00	0.00e+00	0.00e+00	0.00e+00	9.63e-01	3.37e-05	3.35e-05
 9.53355e+19	9.64e-01	3.60e-02	9.87e-06	0.00e+00	0.00e+00	0.00e+00	0.00e+00	0.00e+00	0.00e+00	9.64e-01	3.33e-05	3.31e-05
 9.90682e+19	9.65e-01	3.46e-02	9.86e-06	0.00e+00	0.00e+00	0.00e+00	0.00e+00	0.00e+00	0.00e+00	9.65e-01	3.30e-05	3.27e-05
 1.02954e+20	9.67e-01	3.33e-02	9.85e-06	0.00e+00	0.00e+00	0.00e+00	0.00e+00	0.00e+00	0.00e+00	9.67e-01	3.26e-05	3.22e-05
 1.06995e+20	9.68e-01	3.21e-02	9.86e-06	0.00e+00	0.00e+00	0.00e+00	0.00e+00	0.00e+00	0.00e+00	9.68e-01	3.23e-05	3.18e-05
 1.11175e+20	9.69e-01	3.09e-02	9.88e-06	0.00e+00	0.00e+00	0.00e+00	0.00e+00	0.00e+00	0.00e+00	9.69e-01	3.20e-05	3.14e-05
 1.15404e+20	9.70e-01	2.98e-02	9.90e-06	0.00e+00	0.00e+00	0.00e+00	0.00e+00	0.00e+00	0.00e+00	9.70e-01	3.17e-05	3.11e-05
 1.19578e+20	9.71e-01	2.87e-02	9.93e-06	0.00e+00	0.00e+00	0.00e+00	0.00e+00	0.00e+00	0.00e+00	9.71e-01	3.14e-05	3.07e-05
 1.23689e+20	9.72e-01	2.78e-02	9.97e-06	0.00e+00	0.00e+00	0.00e+00	0.00e+00	0.00e+00	0.00e+00	9.72e-01	3.11e-05	3.04e-05
 1.27752e+20	9.73e-01	2.69e-02	1.00e-05	0.00e+00	0.00e+00	0.00e+00	0.00e+00	0.00e+00	0.00e+00	9.73e-01	3.08e-05	3.01e-05
 1.31745e+20	9.74e-01	2.60e-02	1.01e-05	0.00e+00	0.00e+00	0.00e+00	0.00e+00	0.00e+00	0.00e+00	9.74e-01	3.05e-05	2.98e-05
 1.35634e+20	9.75e-01	2.52e-02	1.01e-05	0.00e+00	0.00e+00	0.00e+00	0.00e+00	0.00e+00	0.00e+00	9.75e-01	3.02e-05	2.95e-05
 1.39397e+20	9.76e-01	2.45e-02	1.02e-05	0.00e+00	0.00e+00	0.00e+00	0.00e+00	0.00e+00	0.00e+00	9.75e-01	3.00e-05	2.92e-05
 1.43022e+20	9.76e-01	2.38e-02	1.02e-05	0.00e+00	0.00e+00	0.00e+00	0.00e+00	0.00e+00	0.00e+00	9.76e-01	2.97e-05	2.90e-05
 1.46502e+20	9.77e-01	2.31e-02	1.03e-05	0.00e+00	0.00e+00	0.00e+00	0.00e+00	0.00e+00	0.00e+00	9.77e-01	2.95e-05	2.87e-05
