#depth	He	He+	He+2
 1.06006e+16	3.42e-03	3.53e-01	6.43e-01
 6.36037e+16	3.42e-03	3.53e-01	6.43e-01
 2.75616e+17	3.40e-03	3.53e-01	6.43e-01
 1.12367e+18	3.40e-03	3.57e-01	6.39e-01
 2.68408e+18	3.33e-03	3.60e-01	6.37e-01
 4.69875e+18	3.33e-03	3.66e-01	6.30e-01
 7.30396e+18	3.39e-03	3.78e-01	6.18e-01
 1.06907e+19	3.54e-03	3.99e-01	5.98e-01
 1.50935e+19	3.84e-03	4.29e-01	5.67e-01
 2.02536e+19	4.28e-03	4.70e-01	5.26e-01
 2.53725e+19	4.85e-03	5.15e-01	4.80e-01
 2.94761e+19	5.38e-03	5.53e-01	4.41e-01
 3.23849e+19	5.82e-03	5.81e-01	4.14e-01
 3.48592e+19	6.27e-03	6.05e-01	3.89e-01
 3.76695e+19	6.86e-03	6.32e-01	3.61e-01
 4.05589e+19	7.43e-03	6.57e-01	3.36e-01
 4.29275e+19	7.97e-03	6.77e-01	3.15e-01
 4.50176e+19	8.48e-03	6.94e-01	2.98e-01
 4.73695e+19	9.14e-03	7.12e-01	2.79e-01
 4.98702e+19	9.86e-03	7.30e-01	2.60e-01
 5.20216e+19	1.05e-02	7.44e-01	2.46e-01
 5.39575e+19	1.12e-02	7.55e-01	2.33e-01
 5.61565e+19	1.20e-02	7.69e-01	2.19e-01
 5.85099e+19	1.30e-02	7.81e-01	2.06e-01
 6.05619e+19	1.40e-02	7.90e-01	1.96e-01
 6.24399e+19	1.50e-02	7.98e-01	1.87e-01
 6.45940e+19	1.63e-02	8.07e-01	1.77e-01
 6.68994e+19	1.79e-02	8.15e-01	1.67e-01
 6.89028e+19	1.96e-02	8.21e-01	1.59e-01
 7.06843e+19	2.13e-02	8.26e-01	1.53e-01
 7.24109e+19	2.32e-02	8.30e-01	1.47e-01
 7.41081e+19	2.54e-02	8.33e-01	1.41e-01
 7.57098e+19	2.77e-02	8.36e-01	1.36e-01
 7.71727e+19	3.03e-02	8.38e-01	1.32e-01
 7.85196e+19	3.31e-02	8.39e-01	1.28e-01
 7.98017e+19	3.59e-02	8.39e-01	1.25e-01
 8.12574e+19	3.98e-02	8.39e-01	1.21e-01
 8.27617e+19	4.44e-02	8.38e-01	1.18e-01
 8.39704e+19	4.86e-02	8.36e-01	1.16e-01
 8.50105e+19	5.27e-02	8.34e-01	1.14e-01
 8.61904e+19	5.80e-02	8.30e-01	1.11e-01
 8.75045e+19	6.47e-02	8.26e-01	1.09e-01
 8.87287e+19	7.18e-02	8.21e-01	1.07e-01
 8.98729e+19	7.94e-02	8.15e-01	1.06e-01
 9.11777e+19	8.89e-02	8.07e-01	1.04e-01
 9.26221e+19	1.01e-01	7.96e-01	1.03e-01
 9.39348e+19	1.13e-01	7.85e-01	1.01e-01
 9.50739e+19	1.25e-01	7.74e-01	1.00e-01
 9.61216e+19	1.37e-01	7.63e-01	9.94e-02
 9.71551e+19	1.50e-01	7.51e-01	9.83e-02
 9.81996e+19	1.64e-01	7.39e-01	9.74e-02
 9.92066e+19	1.79e-01	7.25e-01	9.63e-02
 1.00178e+20	1.93e-01	7.11e-01	9.55e-02
 1.00986e+20	2.06e-01	7.00e-01	9.46e-02
 1.01558e+20	2.15e-01	6.91e-01	9.40e-02
 1.02110e+20	2.24e-01	6.83e-01	9.33e-02
 1.02764e+20	2.36e-01	6.72e-01	9.23e-02
 1.03474e+20	2.48e-01	6.60e-01	9.14e-02
 1.04192e+20	2.61e-01	6.48e-01	9.02e-02
 1.04924e+20	2.74e-01	6.36e-01	8.92e-02
 1.05694e+20	2.89e-01	6.23e-01	8.78e-02
 1.06515e+20	3.04e-01	6.09e-01	8.64e-02
 1.07366e+20	3.20e-01	5.95e-01	8.48e-02
 1.08269e+20	3.36e-01	5.80e-01	8.31e-02
 1.09257e+20	3.54e-01	5.64e-01	8.11e-02
 1.10325e+20	3.72e-01	5.48e-01	7.90e-02
 1.11494e+20	3.92e-01	5.32e-01	7.66e-02
 1.12794e+20	4.11e-01	5.15e-01	7.41e-02
 1.14274e+20	4.32e-01	4.97e-01	7.12e-02
 1.15966e+20	4.51e-01	4.80e-01	6.82e-02
 1.17731e+20	4.69e-01	4.65e-01	6.53e-02
 1.19458e+20	4.84e-01	4.53e-01	6.27e-02
 1.21420e+20	4.99e-01	4.41e-01	5.98e-02
 1.23972e+20	5.15e-01	4.29e-01	5.66e-02
 1.27289e+20	5.32e-01	4.16e-01	5.28e-02
 1.31508e+20	5.50e-01	4.02e-01	4.86e-02
 1.36585e+20	5.68e-01	3.88e-01	4.44e-02
 1.42222e+20	5.86e-01	3.74e-01	4.03e-02
 1.48163e+20	6.03e-01	3.60e-01	3.66e-02
 1.54424e+20	6.20e-01	3.47e-01	3.33e-02
 1.61042e+20	6.36e-01	3.34e-01	3.02e-02
 1.68007e+20	6.52e-01	3.21e-01	2.74e-02
 1.75337e+20	6.67e-01	3.08e-01	2.48e-02
 1.83044e+20	6.81e-01	2.96e-01	2.25e-02
 1.91124e+20	6.96e-01	2.84e-01	2.04e-02
 1.99574e+20	7.09e-01	2.72e-01	1.85e-02
 2.08431e+20	7.22e-01	2.61e-01	1.67e-02
 2.17721e+20	7.35e-01	2.50e-01	1.51e-02
 2.27448e+20	7.47e-01	2.39e-01	1.37e-02
 2.37619e+20	7.59e-01	2.29e-01	1.24e-02
 2.48254e+20	7.70e-01	2.19e-01	1.12e-02
 2.59299e+20	7.80e-01	2.10e-01	1.02e-02
 2.70812e+20	7.90e-01	2.00e-01	9.20e-03
 2.82879e+20	8.00e-01	1.91e-01	8.33e-03
 2.95425e+20	8.10e-01	1.83e-01	7.54e-03
 3.08427e+20	8.18e-01	1.75e-01	6.82e-03
 3.21923e+20	8.27e-01	1.67e-01	6.18e-03
 3.35918e+20	8.35e-01	1.59e-01	5.59e-03
 3.50382e+20	8.43e-01	1.52e-01	5.05e-03
 3.65503e+20	8.50e-01	1.45e-01	4.57e-03
 3.81224e+20	8.57e-01	1.39e-01	4.13e-03
 3.97244e+20	8.64e-01	1.32e-01	3.75e-03
 4.13665e+20	8.70e-01	1.26e-01	3.39e-03
 4.30719e+20	8.76e-01	1.21e-01	3.08e-03
 4.48258e+20	8.82e-01	1.15e-01	2.79e-03
 4.66240e+20	8.87e-01	1.10e-01	2.53e-03
 4.84924e+20	8.93e-01	1.05e-01	2.29e-03
 5.04240e+20	8.97e-01	1.00e-01	2.08e-03
 5.24023e+20	9.02e-01	9.59e-02	1.89e-03
 5.44311e+20	9.07e-01	9.16e-02	1.71e-03
 5.65170e+20	9.11e-01	8.74e-02	1.55e-03
 5.86404e+20	9.15e-01	8.35e-02	1.41e-03
 6.07580e+20	9.19e-01	7.99e-02	1.29e-03
 6.28468e+20	9.22e-01	7.66e-02	1.18e-03
 6.49072e+20	9.25e-01	7.35e-02	1.08e-03
 6.69396e+20	9.28e-01	7.07e-02	9.98e-04
 6.89392e+20	9.31e-01	6.81e-02	9.22e-04
 7.08953e+20	9.34e-01	6.56e-02	8.55e-04
 7.27954e+20	9.36e-01	6.34e-02	7.96e-04
 7.46321e+20	9.38e-01	6.14e-02	7.44e-04
 7.64028e+20	9.40e-01	5.95e-02	6.98e-04
 7.81057e+20	9.42e-01	5.78e-02	6.57e-04
 7.97397e+20	9.43e-01	5.63e-02	6.21e-04
