#depth	He	He+	He+2
 2.58384e+15	5.22e-03	5.64e-01	4.31e-01
 1.55031e+16	5.21e-03	5.64e-01	4.31e-01
 6.71799e+16	5.20e-03	5.64e-01	4.30e-01
 2.73887e+17	5.22e-03	5.70e-01	4.25e-01
 6.54229e+17	5.17e-03	5.72e-01	4.23e-01
 1.14867e+18	5.21e-03	5.81e-01	4.13e-01
 1.79145e+18	5.33e-03	5.99e-01	3.96e-01
 2.62706e+18	5.57e-03	6.26e-01	3.68e-01
 3.71336e+18	5.99e-03	6.66e-01	3.28e-01
 5.12554e+18	6.66e-03	7.20e-01	2.73e-01
 6.96137e+18	7.66e-03	7.85e-01	2.07e-01
 8.81876e+18	8.65e-03	8.39e-01	1.53e-01
 1.02738e+19	9.42e-03	8.71e-01	1.20e-01
 1.14597e+19	1.01e-02	8.91e-01	9.93e-02
 1.25555e+19	1.07e-02	9.05e-01	8.39e-02
 1.38094e+19	1.14e-02	9.19e-01	6.97e-02
 1.50904e+19	1.22e-02	9.29e-01	5.91e-02
 1.61178e+19	1.28e-02	9.35e-01	5.22e-02
 1.70029e+19	1.34e-02	9.39e-01	4.72e-02
 1.79919e+19	1.42e-02	9.44e-01	4.22e-02
 1.90312e+19	1.51e-02	9.47e-01	3.80e-02
 1.98899e+19	1.60e-02	9.49e-01	3.51e-02
 2.06133e+19	1.68e-02	9.50e-01	3.29e-02
 2.14071e+19	1.79e-02	9.52e-01	3.05e-02
 2.22499e+19	1.92e-02	9.52e-01	2.85e-02
 2.29628e+19	2.05e-02	9.53e-01	2.69e-02
 2.35736e+19	2.19e-02	9.53e-01	2.56e-02
 2.42453e+19	2.37e-02	9.52e-01	2.42e-02
 2.49591e+19	2.59e-02	9.51e-01	2.29e-02
 2.55626e+19	2.82e-02	9.50e-01	2.20e-02
 2.60591e+19	3.05e-02	9.48e-01	2.12e-02
 2.64990e+19	3.29e-02	9.47e-01	2.05e-02
 2.69177e+19	3.55e-02	9.45e-01	1.99e-02
 2.73161e+19	3.85e-02	9.42e-01	1.94e-02
 2.76852e+19	4.16e-02	9.39e-01	1.89e-02
 2.80234e+19	4.51e-02	9.36e-01	1.85e-02
 2.83350e+19	4.86e-02	9.33e-01	1.82e-02
 2.86296e+19	5.25e-02	9.30e-01	1.79e-02
 2.89140e+19	5.67e-02	9.26e-01	1.77e-02
 2.91873e+19	6.12e-02	9.21e-01	1.74e-02
 2.94484e+19	6.62e-02	9.17e-01	1.72e-02
 2.96993e+19	7.15e-02	9.11e-01	1.71e-02
 2.99436e+19	7.72e-02	9.06e-01	1.70e-02
 3.01834e+19	8.35e-02	9.00e-01	1.69e-02
 3.04196e+19	9.03e-02	8.93e-01	1.68e-02
 3.06533e+19	9.78e-02	8.85e-01	1.67e-02
 3.09135e+19	1.07e-01	8.76e-01	1.67e-02
 3.11863e+19	1.18e-01	8.66e-01	1.67e-02
 3.14277e+19	1.28e-01	8.55e-01	1.67e-02
 3.16518e+19	1.39e-01	8.44e-01	1.67e-02
 3.18696e+19	1.50e-01	8.33e-01	1.67e-02
 3.20833e+19	1.62e-01	8.21e-01	1.68e-02
 3.22902e+19	1.74e-01	8.09e-01	1.68e-02
 3.24843e+19	1.87e-01	7.96e-01	1.68e-02
 3.26381e+19	1.97e-01	7.86e-01	1.69e-02
 3.27447e+19	2.04e-01	7.79e-01	1.69e-02
 3.28465e+19	2.12e-01	7.71e-01	1.69e-02
 3.29630e+19	2.21e-01	7.62e-01	1.69e-02
 3.30884e+19	2.30e-01	7.53e-01	1.69e-02
 3.32124e+19	2.40e-01	7.43e-01	1.69e-02
 3.33335e+19	2.50e-01	7.33e-01	1.69e-02
 3.34549e+19	2.61e-01	7.22e-01	1.69e-02
 3.35782e+19	2.72e-01	7.11e-01	1.69e-02
 3.37029e+19	2.83e-01	7.00e-01	1.69e-02
 3.38283e+19	2.95e-01	6.88e-01	1.69e-02
 3.39544e+19	3.07e-01	6.76e-01	1.69e-02
 3.40816e+19	3.20e-01	6.63e-01	1.69e-02
 3.42100e+19	3.33e-01	6.50e-01	1.69e-02
 3.43400e+19	3.47e-01	6.37e-01	1.68e-02
 3.44704e+19	3.60e-01	6.23e-01	1.68e-02
 3.46022e+19	3.75e-01	6.08e-01	1.67e-02
 3.47357e+19	3.89e-01	5.94e-01	1.66e-02
 3.48713e+19	4.05e-01	5.78e-01	1.65e-02
 3.50084e+19	4.20e-01	5.63e-01	1.64e-02
 3.51482e+19	4.37e-01	5.47e-01	1.63e-02
 3.52918e+19	4.53e-01	5.30e-01	1.62e-02
 3.54356e+19	4.70e-01	5.14e-01	1.60e-02
 3.55819e+19	4.87e-01	4.97e-01	1.58e-02
 3.57329e+19	5.05e-01	4.79e-01	1.56e-02
 3.58878e+19	5.23e-01	4.62e-01	1.54e-02
 3.60440e+19	5.41e-01	4.44e-01	1.51e-02
 3.62016e+19	5.58e-01	4.27e-01	1.49e-02
 3.63624e+19	5.76e-01	4.09e-01	1.46e-02
 3.65277e+19	5.93e-01	3.92e-01	1.43e-02
 3.66980e+19	6.11e-01	3.75e-01	1.39e-02
 3.68743e+19	6.28e-01	3.58e-01	1.36e-02
 3.70585e+19	6.45e-01	3.41e-01	1.32e-02
 3.72508e+19	6.62e-01	3.25e-01	1.28e-02
 3.74535e+19	6.79e-01	3.09e-01	1.24e-02
 3.76718e+19	6.95e-01	2.93e-01	1.19e-02
 3.79081e+19	7.11e-01	2.77e-01	1.15e-02
 3.81666e+19	7.26e-01	2.63e-01	1.10e-02
 3.84532e+19	7.41e-01	2.48e-01	1.05e-02
 3.87784e+19	7.55e-01	2.35e-01	9.98e-03
 3.91487e+19	7.68e-01	2.22e-01	9.46e-03
 3.95377e+19	7.79e-01	2.12e-01	9.01e-03
 3.99230e+19	7.88e-01	2.04e-01	8.61e-03
 4.03052e+19	7.95e-01	1.97e-01	8.27e-03
 4.07431e+19	8.01e-01	1.91e-01	7.90e-03
 4.13125e+19	8.08e-01	1.84e-01	7.49e-03
 4.20526e+19	8.15e-01	1.78e-01	7.02e-03
 4.30148e+19	8.23e-01	1.71e-01	6.52e-03
 4.42657e+19	8.31e-01	1.63e-01	5.95e-03
 4.57858e+19	8.40e-01	1.55e-01	5.37e-03
 4.74328e+19	8.48e-01	1.48e-01	4.83e-03
 4.91151e+19	8.55e-01	1.41e-01	4.36e-03
 5.08575e+19	8.62e-01	1.34e-01	3.94e-03
 5.26906e+19	8.69e-01	1.28e-01	3.57e-03
 5.46006e+19	8.75e-01	1.21e-01	3.22e-03
 5.65867e+19	8.81e-01	1.16e-01	2.91e-03
 5.86651e+19	8.87e-01	1.10e-01	2.63e-03
 6.08369e+19	8.93e-01	1.05e-01	2.38e-03
 6.31006e+19	8.98e-01	9.99e-02	2.15e-03
 6.54550e+19	9.03e-01	9.52e-02	1.94e-03
 6.79090e+19	9.08e-01	9.06e-02	1.75e-03
 7.04944e+19	9.12e-01	8.62e-02	1.58e-03
 7.31979e+19	9.17e-01	8.20e-02	1.43e-03
 7.59816e+19	9.21e-01	7.81e-02	1.29e-03
 7.88693e+19	9.24e-01	7.44e-02	1.16e-03
 8.18930e+19	9.28e-01	7.09e-02	1.05e-03
 8.50542e+19	9.32e-01	6.75e-02	9.51e-04
 8.83402e+19	9.35e-01	6.43e-02	8.60e-04
 9.17599e+19	9.38e-01	6.13e-02	7.77e-04
 9.53355e+19	9.41e-01	5.83e-02	7.02e-04
 9.90682e+19	9.44e-01	5.56e-02	6.34e-04
 1.02954e+20	9.47e-01	5.29e-02	5.73e-04
 1.06995e+20	9.49e-01	5.04e-02	5.19e-04
 1.11175e+20	9.51e-01	4.80e-02	4.69e-04
 1.15404e+20	9.54e-01	4.59e-02	4.26e-04
 1.19578e+20	9.56e-01	4.39e-02	3.89e-04
 1.23689e+20	9.58e-01	4.21e-02	3.57e-04
 1.27752e+20	9.59e-01	4.05e-02	3.29e-04
 1.31745e+20	9.61e-01	3.90e-02	3.04e-04
 1.35634e+20	9.62e-01	3.76e-02	2.82e-04
 1.39397e+20	9.63e-01	3.64e-02	2.63e-04
 1.43022e+20	9.64e-01	3.53e-02	2.46e-04
 1.46502e+20	9.65e-01	3.43e-02	2.31e-04
