#depth	He	He+	He+2
 5.06708e+16	7.36e-05	8.50e-02	9.15e-01
 3.04025e+17	7.36e-05	8.50e-02	9.15e-01
 1.31744e+18	7.39e-05	8.54e-02	9.15e-01
 5.37111e+18	7.57e-05	8.75e-02	9.12e-01
 1.28299e+19	7.77e-05	8.92e-02	9.11e-01
 2.05274e+19	8.01e-05	9.14e-02	9.08e-01
 2.71625e+19	8.34e-05	9.46e-02	9.05e-01
 3.44152e+19	8.86e-05	9.95e-02	9.00e-01
 4.38437e+19	9.67e-05	1.07e-01	8.93e-01
 5.61008e+19	1.10e-04	1.19e-01	8.81e-01
 6.96027e+19	1.26e-04	1.36e-01	8.64e-01
 8.17073e+19	1.45e-04	1.54e-01	8.45e-01
 9.20696e+19	1.66e-04	1.75e-01	8.25e-01
 1.01354e+20	1.89e-04	1.97e-01	8.03e-01
 1.10017e+20	2.15e-04	2.22e-01	7.77e-01
 1.18247e+20	2.44e-04	2.51e-01	7.49e-01
 1.26089e+20	2.79e-04	2.84e-01	7.16e-01
 1.33581e+20	3.18e-04	3.19e-01	6.80e-01
 1.40787e+20	3.61e-04	3.59e-01	6.41e-01
 1.47771e+20	4.10e-04	4.02e-01	5.98e-01
 1.54624e+20	4.63e-04	4.47e-01	5.52e-01
 1.61426e+20	5.22e-04	4.95e-01	5.04e-01
 1.69237e+20	5.96e-04	5.53e-01	4.47e-01
 1.77463e+20	6.78e-04	6.11e-01	3.89e-01
 1.84580e+20	7.51e-04	6.59e-01	3.41e-01
 1.92181e+20	8.34e-04	7.07e-01	2.93e-01
 2.00480e+20	9.20e-04	7.51e-01	2.48e-01
 2.08232e+20	9.99e-04	7.87e-01	2.12e-01
 2.16851e+20	1.09e-03	8.21e-01	1.78e-01
 2.28056e+20	1.20e-03	8.56e-01	1.43e-01
 2.39947e+20	1.31e-03	8.84e-01	1.15e-01
 2.50591e+20	1.40e-03	9.02e-01	9.62e-02
 2.62292e+20	1.51e-03	9.19e-01	7.96e-02
 2.77504e+20	1.65e-03	9.35e-01	6.34e-02
 2.90355e+20	1.76e-03	9.44e-01	5.43e-02
 2.97330e+20	1.82e-03	9.48e-01	5.01e-02
 3.03591e+20	1.89e-03	9.52e-01	4.64e-02
 3.11730e+20	1.97e-03	9.56e-01	4.21e-02
 3.20628e+20	2.07e-03	9.60e-01	3.83e-02
 3.28569e+20	2.16e-03	9.62e-01	3.54e-02
 3.35612e+20	2.24e-03	9.65e-01	3.30e-02
 3.43435e+20	2.34e-03	9.67e-01	3.06e-02
 3.51732e+20	2.46e-03	9.69e-01	2.84e-02
 3.58797e+20	2.57e-03	9.71e-01	2.67e-02
 3.65011e+20	2.67e-03	9.72e-01	2.54e-02
 3.71968e+20	2.80e-03	9.73e-01	2.39e-02
 3.79411e+20	2.94e-03	9.74e-01	2.26e-02
 3.85825e+20	3.08e-03	9.75e-01	2.16e-02
 3.91512e+20	3.21e-03	9.76e-01	2.07e-02
 3.97918e+20	3.38e-03	9.77e-01	1.97e-02
 4.04749e+20	3.57e-03	9.78e-01	1.88e-02
 4.10607e+20	3.76e-03	9.78e-01	1.80e-02
 4.15784e+20	3.94e-03	9.79e-01	1.74e-02
 4.21607e+20	4.18e-03	9.79e-01	1.67e-02
 4.27856e+20	4.45e-03	9.79e-01	1.61e-02
 4.33296e+20	4.72e-03	9.80e-01	1.56e-02
 4.38126e+20	4.99e-03	9.80e-01	1.52e-02
 4.43530e+20	5.33e-03	9.80e-01	1.47e-02
 4.49198e+20	5.74e-03	9.80e-01	1.42e-02
 4.53890e+20	6.13e-03	9.80e-01	1.38e-02
 4.57954e+20	6.50e-03	9.80e-01	1.35e-02
 4.62521e+20	7.00e-03	9.80e-01	1.31e-02
 4.67349e+20	7.56e-03	9.80e-01	1.28e-02
 4.71437e+20	8.13e-03	9.79e-01	1.26e-02
 4.74991e+20	8.70e-03	9.79e-01	1.23e-02
 4.78929e+20	9.44e-03	9.78e-01	1.21e-02
 4.83116e+20	1.03e-02	9.78e-01	1.18e-02
 4.86676e+20	1.12e-02	9.77e-01	1.16e-02
 4.89786e+20	1.21e-02	9.76e-01	1.14e-02
 4.93261e+20	1.33e-02	9.75e-01	1.12e-02
 4.96989e+20	1.48e-02	9.74e-01	1.10e-02
 5.00204e+20	1.63e-02	9.73e-01	1.09e-02
 5.02739e+20	1.77e-02	9.72e-01	1.08e-02
 5.04832e+20	1.90e-02	9.70e-01	1.07e-02
 5.07152e+20	2.08e-02	9.69e-01	1.05e-02
 5.09620e+20	2.29e-02	9.67e-01	1.04e-02
 5.11687e+20	2.49e-02	9.65e-01	1.03e-02
 5.13438e+20	2.69e-02	9.63e-01	1.03e-02
 5.15374e+20	2.94e-02	9.60e-01	1.02e-02
 5.17461e+20	3.25e-02	9.57e-01	1.01e-02
 5.19263e+20	3.57e-02	9.54e-01	1.01e-02
 5.20806e+20	3.87e-02	9.51e-01	1.01e-02
 5.22494e+20	4.26e-02	9.47e-01	1.00e-02
 5.24338e+20	4.74e-02	9.43e-01	1.00e-02
 5.25982e+20	5.25e-02	9.37e-01	1.00e-02
 5.27453e+20	5.78e-02	9.32e-01	1.00e-02
 5.29101e+20	6.48e-02	9.25e-01	1.01e-02
 5.30892e+20	7.32e-02	9.17e-01	1.02e-02
 5.32525e+20	8.25e-02	9.07e-01	1.03e-02
 5.34005e+20	9.25e-02	8.97e-01	1.04e-02
 5.35381e+20	1.03e-01	8.87e-01	1.05e-02
 5.36664e+20	1.14e-01	8.75e-01	1.06e-02
 5.37893e+20	1.26e-01	8.63e-01	1.08e-02
 5.39031e+20	1.39e-01	8.50e-01	1.10e-02
 5.40047e+20	1.51e-01	8.38e-01	1.11e-02
 5.40982e+20	1.64e-01	8.25e-01	1.13e-02
 5.41847e+20	1.77e-01	8.12e-01	1.14e-02
 5.42523e+20	1.87e-01	8.02e-01	1.16e-02
 5.42984e+20	1.94e-01	7.94e-01	1.17e-02
 5.43424e+20	2.02e-01	7.86e-01	1.18e-02
 5.43924e+20	2.11e-01	7.77e-01	1.19e-02
 5.44456e+20	2.22e-01	7.66e-01	1.19e-02
 5.44964e+20	2.32e-01	7.56e-01	1.21e-02
 5.45460e+20	2.42e-01	7.45e-01	1.21e-02
 5.45957e+20	2.53e-01	7.35e-01	1.23e-02
 5.46455e+20	2.65e-01	7.23e-01	1.23e-02
 5.46953e+20	2.77e-01	7.11e-01	1.25e-02
 5.47455e+20	2.89e-01	6.98e-01	1.25e-02
 5.47960e+20	3.03e-01	6.85e-01	1.26e-02
 5.48453e+20	3.16e-01	6.72e-01	1.27e-02
 5.48947e+20	3.30e-01	6.58e-01	1.28e-02
 5.49449e+20	3.44e-01	6.43e-01	1.28e-02
 5.49954e+20	3.59e-01	6.28e-01	1.29e-02
 5.50459e+20	3.75e-01	6.12e-01	1.29e-02
 5.50969e+20	3.91e-01	5.96e-01	1.29e-02
 5.51484e+20	4.07e-01	5.80e-01	1.30e-02
 5.52007e+20	4.25e-01	5.62e-01	1.29e-02
 5.52544e+20	4.44e-01	5.44e-01	1.29e-02
 5.53078e+20	4.62e-01	5.25e-01	1.29e-02
 5.53622e+20	4.81e-01	5.06e-01	1.28e-02
 5.54184e+20	5.01e-01	4.86e-01	1.27e-02
 5.54760e+20	5.21e-01	4.66e-01	1.26e-02
 5.55337e+20	5.41e-01	4.46e-01	1.24e-02
 5.55918e+20	5.61e-01	4.26e-01	1.22e-02
 5.56512e+20	5.82e-01	4.06e-01	1.20e-02
 5.57127e+20	6.02e-01	3.86e-01	1.18e-02
 5.57765e+20	6.23e-01	3.66e-01	1.15e-02
 5.58426e+20	6.43e-01	3.46e-01	1.12e-02
 5.59126e+20	6.63e-01	3.26e-01	1.08e-02
 5.59882e+20	6.83e-01	3.06e-01	1.05e-02
 5.60700e+20	7.03e-01	2.87e-01	1.01e-02
 5.61596e+20	7.22e-01	2.68e-01	9.64e-03
 5.62611e+20	7.41e-01	2.50e-01	9.19e-03
 5.63782e+20	7.58e-01	2.33e-01	8.74e-03
 5.65025e+20	7.72e-01	2.19e-01	8.34e-03
 5.66253e+20	7.83e-01	2.09e-01	8.02e-03
 5.67469e+20	7.91e-01	2.01e-01	7.77e-03
 5.68676e+20	7.97e-01	1.95e-01	7.55e-03
 5.69876e+20	8.03e-01	1.90e-01	7.32e-03
 5.71070e+20	8.06e-01	1.87e-01	7.24e-03
 5.72440e+20	8.09e-01	1.84e-01	7.09e-03
 5.74222e+20	8.13e-01	1.80e-01	6.89e-03
 5.76538e+20	8.15e-01	1.78e-01	6.79e-03
 5.79549e+20	8.18e-01	1.75e-01	6.61e-03
 5.83463e+20	8.21e-01	1.72e-01	6.38e-03
 5.88551e+20	8.25e-01	1.69e-01	6.13e-03
 5.95166e+20	8.29e-01	1.65e-01	5.84e-03
 6.03765e+20	8.34e-01	1.60e-01	5.47e-03
 6.14944e+20	8.40e-01	1.55e-01	5.04e-03
 6.29477e+20	8.48e-01	1.47e-01	4.55e-03
 6.46522e+20	8.56e-01	1.40e-01	4.06e-03
 6.64016e+20	8.64e-01	1.33e-01	3.64e-03
 6.81308e+20	8.70e-01	1.26e-01	3.28e-03
 6.98899e+20	8.77e-01	1.20e-01	2.95e-03
 7.17252e+20	8.83e-01	1.15e-01	2.66e-03
 7.36385e+20	8.88e-01	1.09e-01	2.40e-03
 7.56039e+20	8.94e-01	1.04e-01	2.16e-03
 7.76158e+20	8.99e-01	9.90e-02	1.96e-03
 7.97129e+20	9.04e-01	9.43e-02	1.77e-03
 8.19033e+20	9.09e-01	8.98e-02	1.59e-03
 8.41622e+20	9.13e-01	8.55e-02	1.44e-03
 8.64893e+20	9.17e-01	8.14e-02	1.30e-03
 8.88959e+20	9.21e-01	7.75e-02	1.17e-03
 9.13880e+20	9.25e-01	7.39e-02	1.06e-03
 9.39646e+20	9.29e-01	7.04e-02	9.60e-04
 9.66237e+20	9.32e-01	6.70e-02	8.69e-04
 9.93567e+20	9.35e-01	6.39e-02	7.87e-04
 1.02115e+21	9.38e-01	6.10e-02	7.15e-04
 1.04847e+21	9.41e-01	5.84e-02	6.52e-04
 1.07536e+21	9.43e-01	5.59e-02	5.98e-04
 1.10176e+21	9.46e-01	5.38e-02	5.51e-04
 1.12760e+21	9.48e-01	5.18e-02	5.10e-04
 1.15278e+21	9.50e-01	5.00e-02	4.74e-04
 1.17716e+21	9.51e-01	4.84e-02	4.43e-04
 1.20067e+21	9.53e-01	4.70e-02	4.17e-04
