#depth	He	He+	He+2
 4.65474e+16	7.56e-05	9.78e-02	9.02e-01
 2.79285e+17	7.56e-05	9.78e-02	9.02e-01
 1.21023e+18	7.56e-05	9.80e-02	9.02e-01
 4.93403e+18	7.66e-05	9.99e-02	9.00e-01
 1.17858e+19	7.64e-05	1.00e-01	8.99e-01
 2.06931e+19	7.86e-05	1.04e-01	8.96e-01
 3.22726e+19	8.37e-05	1.11e-01	8.89e-01
 4.73260e+19	9.35e-05	1.24e-01	8.76e-01
 6.41737e+19	1.09e-04	1.44e-01	8.56e-01
 7.92306e+19	1.27e-04	1.68e-01	8.32e-01
 9.18706e+19	1.49e-04	1.97e-01	8.03e-01
 1.03151e+20	1.76e-04	2.30e-01	7.70e-01
 1.13350e+20	2.05e-04	2.67e-01	7.33e-01
 1.22684e+20	2.39e-04	3.09e-01	6.91e-01
 1.31492e+20	2.78e-04	3.55e-01	6.44e-01
 1.40040e+20	3.22e-04	4.07e-01	5.93e-01
 1.48433e+20	3.71e-04	4.63e-01	5.37e-01
 1.56692e+20	4.23e-04	5.21e-01	4.79e-01
 1.66113e+20	4.88e-04	5.88e-01	4.12e-01
 1.75984e+20	5.57e-04	6.54e-01	3.46e-01
 1.84379e+20	6.15e-04	7.04e-01	2.95e-01
 1.93229e+20	6.77e-04	7.52e-01	2.47e-01
 2.03042e+20	7.40e-04	7.95e-01	2.04e-01
 2.12517e+20	7.96e-04	8.29e-01	1.70e-01
 2.22504e+20	8.53e-04	8.59e-01	1.41e-01
 2.33833e+20	9.11e-04	8.84e-01	1.15e-01
 2.46480e+20	9.72e-04	9.06e-01	9.28e-02
 2.60650e+20	1.04e-03	9.25e-01	7.45e-02
 2.77217e+20	1.11e-03	9.40e-01	5.88e-02
 2.97762e+20	1.19e-03	9.54e-01	4.52e-02
 3.24232e+20	1.29e-03	9.65e-01	3.36e-02
 3.52497e+20	1.40e-03	9.73e-01	2.58e-02
 3.78614e+20	1.51e-03	9.78e-01	2.08e-02
 3.98829e+20	1.59e-03	9.80e-01	1.81e-02
 4.11758e+20	1.65e-03	9.82e-01	1.66e-02
 4.24470e+20	1.72e-03	9.83e-01	1.52e-02
 4.40995e+20	1.81e-03	9.85e-01	1.37e-02
 4.57265e+20	1.90e-03	9.86e-01	1.25e-02
 4.69283e+20	1.98e-03	9.86e-01	1.18e-02
 4.79253e+20	2.05e-03	9.87e-01	1.12e-02
 4.90480e+20	2.14e-03	9.87e-01	1.05e-02
 5.02591e+20	2.25e-03	9.88e-01	9.94e-03
 5.13000e+20	2.35e-03	9.88e-01	9.48e-03
 5.21906e+20	2.44e-03	9.88e-01	9.11e-03
 5.31713e+20	2.56e-03	9.89e-01	8.71e-03
 5.42025e+20	2.70e-03	9.89e-01	8.35e-03
 5.50599e+20	2.82e-03	9.89e-01	8.07e-03
 5.57971e+20	2.94e-03	9.89e-01	7.84e-03
 5.66175e+20	3.10e-03	9.89e-01	7.57e-03
 5.74900e+20	3.27e-03	9.89e-01	7.31e-03
 5.82317e+20	3.44e-03	9.89e-01	7.11e-03
 5.88812e+20	3.60e-03	9.89e-01	6.94e-03
 5.96095e+20	3.82e-03	9.89e-01	6.74e-03
 6.03786e+20	4.07e-03	9.89e-01	6.56e-03
 6.10284e+20	4.31e-03	9.89e-01	6.41e-03
 6.15946e+20	4.56e-03	9.89e-01	6.28e-03
 6.22243e+20	4.87e-03	9.89e-01	6.13e-03
 6.28787e+20	5.23e-03	9.89e-01	5.99e-03
 6.34129e+20	5.56e-03	9.89e-01	5.88e-03
 6.38683e+20	5.90e-03	9.88e-01	5.78e-03
 6.43738e+20	6.33e-03	9.88e-01	5.67e-03
 6.49063e+20	6.84e-03	9.88e-01	5.56e-03
 6.53524e+20	7.33e-03	9.87e-01	5.47e-03
 6.57373e+20	7.83e-03	9.87e-01	5.40e-03
 6.61646e+20	8.47e-03	9.86e-01	5.31e-03
 6.66161e+20	9.24e-03	9.86e-01	5.22e-03
 6.69959e+20	1.00e-02	9.85e-01	5.14e-03
 6.73255e+20	1.08e-02	9.84e-01	5.08e-03
 6.76930e+20	1.18e-02	9.83e-01	5.00e-03
 6.80840e+20	1.31e-02	9.82e-01	4.93e-03
 6.84182e+20	1.43e-02	9.81e-01	4.87e-03
 6.87126e+20	1.57e-02	9.80e-01	4.82e-03
 6.89742e+20	1.70e-02	9.78e-01	4.77e-03
 6.91973e+20	1.84e-02	9.77e-01	4.74e-03
 6.94072e+20	1.98e-02	9.75e-01	4.70e-03
 6.96481e+20	2.18e-02	9.74e-01	4.67e-03
 6.98946e+20	2.40e-02	9.71e-01	4.63e-03
 7.00898e+20	2.62e-02	9.69e-01	4.60e-03
 7.02538e+20	2.81e-02	9.67e-01	4.59e-03
 7.04358e+20	3.07e-02	9.65e-01	4.57e-03
 7.06321e+20	3.39e-02	9.62e-01	4.55e-03
 7.08035e+20	3.70e-02	9.58e-01	4.55e-03
 7.09551e+20	4.01e-02	9.55e-01	4.55e-03
 7.11248e+20	4.44e-02	9.51e-01	4.55e-03
 7.13054e+20	4.94e-02	9.46e-01	4.56e-03
 7.14613e+20	5.45e-02	9.41e-01	4.57e-03
 7.16017e+20	5.96e-02	9.36e-01	4.60e-03
 7.17605e+20	6.65e-02	9.29e-01	4.63e-03
 7.19353e+20	7.51e-02	9.20e-01	4.68e-03
 7.20955e+20	8.45e-02	9.11e-01	4.74e-03
 7.22428e+20	9.44e-02	9.01e-01	4.82e-03
 7.23862e+20	1.06e-01	8.89e-01	4.89e-03
 7.25241e+20	1.18e-01	8.77e-01	4.99e-03
 7.26475e+20	1.31e-01	8.64e-01	5.08e-03
 7.27551e+20	1.43e-01	8.52e-01	5.17e-03
 7.28540e+20	1.55e-01	8.39e-01	5.27e-03
 7.29484e+20	1.68e-01	8.26e-01	5.37e-03
 7.30380e+20	1.82e-01	8.12e-01	5.46e-03
 7.31069e+20	1.93e-01	8.02e-01	5.53e-03
 7.31525e+20	2.01e-01	7.94e-01	5.59e-03
 7.31959e+20	2.09e-01	7.86e-01	5.64e-03
 7.32457e+20	2.18e-01	7.76e-01	5.69e-03
 7.32983e+20	2.29e-01	7.66e-01	5.76e-03
 7.33494e+20	2.39e-01	7.55e-01	5.82e-03
 7.33989e+20	2.50e-01	7.44e-01	5.89e-03
 7.34484e+20	2.61e-01	7.33e-01	5.94e-03
 7.34977e+20	2.73e-01	7.21e-01	6.01e-03
 7.35468e+20	2.85e-01	7.09e-01	6.06e-03
 7.35956e+20	2.97e-01	6.97e-01	6.13e-03
 7.36441e+20	3.10e-01	6.83e-01	6.18e-03
 7.36927e+20	3.24e-01	6.70e-01	6.25e-03
 7.37414e+20	3.38e-01	6.56e-01	6.29e-03
 7.37897e+20	3.52e-01	6.42e-01	6.35e-03
 7.38376e+20	3.67e-01	6.27e-01	6.39e-03
 7.38859e+20	3.82e-01	6.11e-01	6.44e-03
 7.39346e+20	3.98e-01	5.95e-01	6.47e-03
 7.39830e+20	4.14e-01	5.79e-01	6.51e-03
 7.40312e+20	4.31e-01	5.63e-01	6.54e-03
 7.40800e+20	4.48e-01	5.46e-01	6.56e-03
 7.41295e+20	4.66e-01	5.28e-01	6.57e-03
 7.41791e+20	4.84e-01	5.10e-01	6.58e-03
 7.42283e+20	5.02e-01	4.91e-01	6.56e-03
 7.42777e+20	5.20e-01	4.73e-01	6.55e-03
 7.43272e+20	5.39e-01	4.55e-01	6.53e-03
 7.43770e+20	5.57e-01	4.36e-01	6.49e-03
 7.44267e+20	5.76e-01	4.17e-01	6.43e-03
 7.44769e+20	5.95e-01	3.99e-01	6.37e-03
 7.45279e+20	6.13e-01	3.80e-01	6.30e-03
 7.45792e+20	6.32e-01	3.62e-01	6.21e-03
 7.46312e+20	6.50e-01	3.44e-01	6.10e-03
 7.46848e+20	6.69e-01	3.25e-01	5.98e-03
 7.47403e+20	6.87e-01	3.07e-01	5.84e-03
 7.47979e+20	7.05e-01	2.89e-01	5.69e-03
 7.48576e+20	7.23e-01	2.72e-01	5.52e-03
 7.49207e+20	7.41e-01	2.54e-01	5.34e-03
 7.49887e+20	7.58e-01	2.37e-01	5.13e-03
 7.50626e+20	7.75e-01	2.20e-01	4.92e-03
 7.51441e+20	7.92e-01	2.04e-01	4.69e-03
 7.52359e+20	8.08e-01	1.88e-01	4.45e-03
 7.53427e+20	8.23e-01	1.73e-01	4.20e-03
 7.54593e+20	8.36e-01	1.60e-01	3.98e-03
 7.55764e+20	8.45e-01	1.51e-01	3.79e-03
 7.56925e+20	8.53e-01	1.44e-01	3.65e-03
 7.58078e+20	8.58e-01	1.38e-01	3.54e-03
 7.59226e+20	8.62e-01	1.34e-01	3.45e-03
 7.60371e+20	8.65e-01	1.31e-01	3.37e-03
 7.61511e+20	8.68e-01	1.29e-01	3.32e-03
 7.62650e+20	8.69e-01	1.28e-01	3.28e-03
 7.63958e+20	8.71e-01	1.26e-01	3.23e-03
 7.65659e+20	8.72e-01	1.25e-01	3.19e-03
 7.67870e+20	8.73e-01	1.24e-01	3.16e-03
 7.70745e+20	8.75e-01	1.22e-01	3.10e-03
 7.74482e+20	8.76e-01	1.21e-01	3.04e-03
 7.79339e+20	8.77e-01	1.20e-01	2.97e-03
 7.85655e+20	8.79e-01	1.18e-01	2.89e-03
 7.93864e+20	8.81e-01	1.16e-01	2.77e-03
 8.04537e+20	8.84e-01	1.13e-01	2.64e-03
 8.18411e+20	8.88e-01	1.10e-01	2.48e-03
 8.36448e+20	8.92e-01	1.06e-01	2.30e-03
 8.59896e+20	8.97e-01	1.01e-01	2.09e-03
 8.90377e+20	9.03e-01	9.54e-02	1.86e-03
 9.25951e+20	9.09e-01	8.98e-02	1.63e-03
 9.62737e+20	9.14e-01	8.47e-02	1.45e-03
 1.00019e+21	9.19e-01	8.00e-02	1.29e-03
 1.03974e+21	9.23e-01	7.57e-02	1.15e-03
 1.08258e+21	9.28e-01	7.14e-02	1.02e-03
 1.12846e+21	9.32e-01	6.75e-02	9.07e-04
 1.17626e+21	9.35e-01	6.38e-02	8.09e-04
 1.22605e+21	9.39e-01	6.04e-02	7.23e-04
 1.27891e+21	9.42e-01	5.72e-02	6.47e-04
 1.33498e+21	9.45e-01	5.42e-02	5.79e-04
 1.39355e+21	9.48e-01	5.14e-02	5.20e-04
 1.45489e+21	9.51e-01	4.88e-02	4.67e-04
 1.51989e+21	9.53e-01	4.63e-02	4.19e-04
 1.58908e+21	9.56e-01	4.40e-02	3.77e-04
 1.66175e+21	9.58e-01	4.18e-02	3.40e-04
 1.73719e+21	9.60e-01	3.98e-02	3.08e-04
 1.81633e+21	9.62e-01	3.79e-02	2.79e-04
 1.89978e+21	9.64e-01	3.62e-02	2.53e-04
 1.98757e+21	9.65e-01	3.45e-02	2.29e-04
 2.07986e+21	9.67e-01	3.29e-02	2.08e-04
 2.17669e+21	9.68e-01	3.14e-02	1.90e-04
 2.27500e+21	9.70e-01	3.01e-02	1.73e-04
 2.37043e+21	9.71e-01	2.89e-02	1.60e-04
 2.46272e+21	9.72e-01	2.79e-02	1.48e-04
 2.56557e+21	9.73e-01	2.68e-02	1.37e-04
 2.67429e+21	9.74e-01	2.58e-02	1.26e-04
 2.76860e+21	9.75e-01	2.50e-02	1.19e-04
 2.85243e+21	9.76e-01	2.43e-02	1.12e-04
 2.94681e+21	9.76e-01	2.35e-02	1.05e-04
 3.05139e+21	9.77e-01	2.28e-02	9.86e-05
 3.14616e+21	9.78e-01	2.22e-02	9.33e-05
 3.23061e+21	9.78e-01	2.17e-02	8.90e-05
 3.32025e+21	9.79e-01	2.12e-02	8.46e-05
 3.41923e+21	9.79e-01	2.07e-02	8.05e-05
 3.51425e+21	9.80e-01	2.03e-02	7.78e-05
