#depth	O	O+	O+2	O+3	O+4	O+5	O+6	O+7	O+8	O[1]	O[2]	O[3]
 1.93815e+16	6.81e-02	8.64e-01	6.81e-02	2.18e-04	8.50e-07	0.00e+00	0.00e+00	0.00e+00	0.00e+00	6.81e-02	5.12e-07	5.41e-07
 1.16289e+17	6.81e-02	8.64e-01	6.81e-02	2.18e-04	8.47e-07	0.00e+00	0.00e+00	0.00e+00	0.00e+00	6.81e-02	5.13e-07	5.41e-07
 5.03918e+17	6.78e-02	8.63e-01	6.85e-02	2.19e-04	8.51e-07	0.00e+00	0.00e+00	0.00e+00	0.00e+00	6.78e-02	5.11e-07	5.39e-07
 2.05444e+18	6.72e-02	8.63e-01	6.98e-02	2.22e-04	8.60e-07	0.00e+00	0.00e+00	0.00e+00	0.00e+00	6.72e-02	5.06e-07	5.35e-07
 4.90739e+18	6.28e-02	8.61e-01	7.61e-02	2.50e-04	9.65e-07	0.00e+00	0.00e+00	0.00e+00	0.00e+00	6.28e-02	4.74e-07	5.01e-07
 8.61623e+18	6.07e-02	8.60e-01	7.91e-02	2.59e-04	9.99e-07	0.00e+00	0.00e+00	0.00e+00	0.00e+00	6.07e-02	4.59e-07	4.85e-07
 1.34377e+19	6.04e-02	8.60e-01	7.98e-02	2.52e-04	9.74e-07	0.00e+00	0.00e+00	0.00e+00	0.00e+00	6.04e-02	4.57e-07	4.83e-07
 1.97057e+19	6.21e-02	8.60e-01	7.76e-02	2.28e-04	8.87e-07	0.00e+00	0.00e+00	0.00e+00	0.00e+00	6.21e-02	4.69e-07	4.96e-07
 2.74790e+19	6.62e-02	8.61e-01	7.24e-02	1.90e-04	7.50e-07	0.00e+00	0.00e+00	0.00e+00	0.00e+00	6.62e-02	4.98e-07	5.26e-07
 3.57043e+19	7.23e-02	8.62e-01	6.55e-02	1.49e-04	6.06e-07	0.00e+00	0.00e+00	0.00e+00	0.00e+00	7.23e-02	5.43e-07	5.73e-07
 4.45831e+19	8.29e-02	8.61e-01	5.57e-02	1.05e-04	4.46e-07	0.00e+00	0.00e+00	0.00e+00	0.00e+00	8.29e-02	6.18e-07	6.51e-07
 5.47623e+19	9.96e-02	8.56e-01	4.44e-02	6.55e-05	2.99e-07	0.00e+00	0.00e+00	0.00e+00	0.00e+00	9.96e-02	7.35e-07	7.72e-07
 6.53242e+19	1.24e-01	8.42e-01	3.33e-02	3.71e-05	1.87e-07	0.00e+00	0.00e+00	0.00e+00	0.00e+00	1.24e-01	8.99e-07	9.43e-07
 7.48694e+19	1.55e-01	8.20e-01	2.45e-02	2.07e-05	0.00e+00	0.00e+00	0.00e+00	0.00e+00	0.00e+00	1.55e-01	1.10e-06	1.15e-06
 8.25687e+19	1.89e-01	7.93e-01	1.85e-02	1.22e-05	0.00e+00	0.00e+00	0.00e+00	0.00e+00	0.00e+00	1.89e-01	1.30e-06	1.35e-06
 8.90027e+19	2.22e-01	7.64e-01	1.43e-02	7.72e-06	0.00e+00	0.00e+00	0.00e+00	0.00e+00	0.00e+00	2.22e-01	1.48e-06	1.55e-06
 9.49787e+19	2.58e-01	7.31e-01	1.11e-02	4.99e-06	0.00e+00	0.00e+00	0.00e+00	0.00e+00	0.00e+00	2.58e-01	1.66e-06	1.73e-06
 1.00874e+20	2.97e-01	6.94e-01	8.57e-03	3.23e-06	0.00e+00	0.00e+00	0.00e+00	0.00e+00	0.00e+00	2.97e-01	1.84e-06	1.92e-06
 1.06491e+20	3.37e-01	6.56e-01	6.66e-03	2.15e-06	0.00e+00	0.00e+00	0.00e+00	0.00e+00	0.00e+00	3.37e-01	2.00e-06	2.09e-06
 1.11452e+20	3.74e-01	6.20e-01	5.32e-03	1.51e-06	0.00e+00	0.00e+00	0.00e+00	0.00e+00	0.00e+00	3.74e-01	2.13e-06	2.22e-06
 1.15705e+20	4.07e-01	5.89e-01	4.39e-03	1.12e-06	0.00e+00	0.00e+00	0.00e+00	0.00e+00	0.00e+00	4.07e-01	2.23e-06	2.32e-06
 1.19563e+20	4.36e-01	5.61e-01	3.68e-03	8.64e-07	0.00e+00	0.00e+00	0.00e+00	0.00e+00	0.00e+00	4.36e-01	2.30e-06	2.39e-06
 1.23297e+20	4.64e-01	5.33e-01	3.11e-03	6.77e-07	0.00e+00	0.00e+00	0.00e+00	0.00e+00	0.00e+00	4.64e-01	2.36e-06	2.45e-06
 1.26954e+20	4.90e-01	5.07e-01	2.63e-03	5.36e-07	0.00e+00	0.00e+00	0.00e+00	0.00e+00	0.00e+00	4.90e-01	2.41e-06	2.50e-06
 1.30556e+20	5.15e-01	4.83e-01	2.24e-03	4.32e-07	0.00e+00	0.00e+00	0.00e+00	0.00e+00	0.00e+00	5.15e-01	2.44e-06	2.53e-06
 1.34022e+20	5.39e-01	4.59e-01	1.93e-03	3.52e-07	0.00e+00	0.00e+00	0.00e+00	0.00e+00	0.00e+00	5.39e-01	2.46e-06	2.55e-06
 1.37415e+20	5.60e-01	4.38e-01	1.66e-03	2.92e-07	0.00e+00	0.00e+00	0.00e+00	0.00e+00	0.00e+00	5.60e-01	2.47e-06	2.56e-06
 1.40803e+20	5.81e-01	4.17e-01	1.43e-03	2.43e-07	0.00e+00	0.00e+00	0.00e+00	0.00e+00	0.00e+00	5.81e-01	2.48e-06	2.57e-06
 1.43482e+20	5.96e-01	4.03e-01	1.29e-03	2.13e-07	0.00e+00	0.00e+00	0.00e+00	0.00e+00	0.00e+00	5.96e-01	2.47e-06	2.56e-06
 1.45373e+20	6.06e-01	3.93e-01	1.19e-03	1.95e-07	0.00e+00	0.00e+00	0.00e+00	0.00e+00	0.00e+00	6.06e-01	2.47e-06	2.56e-06
 1.47295e+20	6.17e-01	3.82e-01	1.10e-03	1.77e-07	0.00e+00	0.00e+00	0.00e+00	0.00e+00	0.00e+00	6.17e-01	2.47e-06	2.56e-06
 1.49551e+20	6.29e-01	3.70e-01	9.99e-04	1.59e-07	0.00e+00	0.00e+00	0.00e+00	0.00e+00	0.00e+00	6.29e-01	2.46e-06	2.55e-06
 1.51975e+20	6.41e-01	3.58e-01	9.03e-04	1.42e-07	0.00e+00	0.00e+00	0.00e+00	0.00e+00	0.00e+00	6.41e-01	2.45e-06	2.53e-06
 1.54365e+20	6.52e-01	3.47e-01	8.21e-04	1.28e-07	0.00e+00	0.00e+00	0.00e+00	0.00e+00	0.00e+00	6.52e-01	2.43e-06	2.52e-06
 1.56786e+20	6.64e-01	3.36e-01	7.43e-04	0.00e+00	0.00e+00	0.00e+00	0.00e+00	0.00e+00	0.00e+00	6.64e-01	2.42e-06	2.51e-06
 1.59289e+20	6.74e-01	3.25e-01	6.73e-04	0.00e+00	0.00e+00	0.00e+00	0.00e+00	0.00e+00	0.00e+00	6.74e-01	2.40e-06	2.49e-06
 1.61882e+20	6.85e-01	3.14e-01	6.07e-04	0.00e+00	0.00e+00	0.00e+00	0.00e+00	0.00e+00	0.00e+00	6.85e-01	2.39e-06	2.47e-06
 1.64579e+20	6.96e-01	3.03e-01	5.46e-04	0.00e+00	0.00e+00	0.00e+00	0.00e+00	0.00e+00	0.00e+00	6.96e-01	2.37e-06	2.45e-06
 1.67329e+20	7.07e-01	2.93e-01	4.91e-04	0.00e+00	0.00e+00	0.00e+00	0.00e+00	0.00e+00	0.00e+00	7.07e-01	2.34e-06	2.42e-06
 1.70120e+20	7.17e-01	2.83e-01	4.41e-04	0.00e+00	0.00e+00	0.00e+00	0.00e+00	0.00e+00	0.00e+00	7.17e-01	2.32e-06	2.40e-06
 1.73004e+20	7.27e-01	2.73e-01	3.95e-04	0.00e+00	0.00e+00	0.00e+00	0.00e+00	0.00e+00	0.00e+00	7.27e-01	2.30e-06	2.37e-06
 1.76003e+20	7.37e-01	2.63e-01	3.53e-04	0.00e+00	0.00e+00	0.00e+00	0.00e+00	0.00e+00	0.00e+00	7.37e-01	2.27e-06	2.35e-06
 1.79099e+20	7.47e-01	2.53e-01	3.14e-04	0.00e+00	0.00e+00	0.00e+00	0.00e+00	0.00e+00	0.00e+00	7.47e-01	2.25e-06	2.32e-06
 1.82264e+20	7.56e-01	2.44e-01	2.80e-04	0.00e+00	0.00e+00	0.00e+00	0.00e+00	0.00e+00	0.00e+00	7.56e-01	2.22e-06	2.29e-06
 1.85507e+20	7.65e-01	2.35e-01	2.49e-04	0.00e+00	0.00e+00	0.00e+00	0.00e+00	0.00e+00	0.00e+00	7.65e-01	2.19e-06	2.26e-06
 1.88862e+20	7.74e-01	2.26e-01	2.21e-04	0.00e+00	0.00e+00	0.00e+00	0.00e+00	0.00e+00	0.00e+00	7.74e-01	2.16e-06	2.23e-06
 1.92331e+20	7.83e-01	2.17e-01	1.95e-04	0.00e+00	0.00e+00	0.00e+00	0.00e+00	0.00e+00	0.00e+00	7.83e-01	2.13e-06	2.19e-06
 1.95881e+20	7.91e-01	2.09e-01	1.73e-04	0.00e+00	0.00e+00	0.00e+00	0.00e+00	0.00e+00	0.00e+00	7.91e-01	2.10e-06	2.16e-06
 1.99516e+20	7.99e-01	2.01e-01	1.52e-04	0.00e+00	0.00e+00	0.00e+00	0.00e+00	0.00e+00	0.00e+00	7.99e-01	2.07e-06	2.13e-06
 2.03289e+20	8.07e-01	1.93e-01	1.34e-04	0.00e+00	0.00e+00	0.00e+00	0.00e+00	0.00e+00	0.00e+00	8.07e-01	2.04e-06	2.10e-06
 2.07207e+20	8.15e-01	1.85e-01	1.18e-04	0.00e+00	0.00e+00	0.00e+00	0.00e+00	0.00e+00	0.00e+00	8.15e-01	2.01e-06	2.06e-06
 2.11223e+20	8.22e-01	1.78e-01	1.04e-04	0.00e+00	0.00e+00	0.00e+00	0.00e+00	0.00e+00	0.00e+00	8.22e-01	1.97e-06	2.03e-06
 2.15349e+20	8.29e-01	1.71e-01	9.09e-05	0.00e+00	0.00e+00	0.00e+00	0.00e+00	0.00e+00	0.00e+00	8.29e-01	1.94e-06	1.99e-06
 2.19663e+20	8.36e-01	1.64e-01	7.97e-05	0.00e+00	0.00e+00	0.00e+00	0.00e+00	0.00e+00	0.00e+00	8.36e-01	1.91e-06	1.96e-06
 2.24100e+20	8.42e-01	1.57e-01	6.98e-05	0.00e+00	0.00e+00	0.00e+00	0.00e+00	0.00e+00	0.00e+00	8.42e-01	1.88e-06	1.93e-06
 2.28656e+20	8.49e-01	1.51e-01	6.12e-05	0.00e+00	0.00e+00	0.00e+00	0.00e+00	0.00e+00	0.00e+00	8.49e-01	1.85e-06	1.89e-06
 2.33341e+20	8.55e-01	1.45e-01	5.37e-05	0.00e+00	0.00e+00	0.00e+00	0.00e+00	0.00e+00	0.00e+00	8.55e-01	1.82e-06	1.86e-06
 2.38131e+20	8.60e-01	1.40e-01	4.73e-05	0.00e+00	0.00e+00	0.00e+00	0.00e+00	0.00e+00	0.00e+00	8.60e-01	1.79e-06	1.83e-06
 2.43062e+20	8.65e-01	1.34e-01	4.17e-05	0.00e+00	0.00e+00	0.00e+00	0.00e+00	0.00e+00	0.00e+00	8.65e-01	1.76e-06	1.80e-06
 2.48206e+20	8.70e-01	1.30e-01	3.68e-05	0.00e+00	0.00e+00	0.00e+00	0.00e+00	0.00e+00	0.00e+00	8.70e-01	1.73e-06	1.77e-06
 2.53577e+20	8.75e-01	1.25e-01	3.24e-05	0.00e+00	0.00e+00	0.00e+00	0.00e+00	0.00e+00	0.00e+00	8.75e-01	1.71e-06	1.75e-06
 2.59192e+20	8.80e-01	1.20e-01	2.87e-05	0.00e+00	0.00e+00	0.00e+00	0.00e+00	0.00e+00	0.00e+00	8.80e-01	1.68e-06	1.72e-06
 2.65059e+20	8.84e-01	1.16e-01	2.54e-05	0.00e+00	0.00e+00	0.00e+00	0.00e+00	0.00e+00	0.00e+00	8.84e-01	1.66e-06	1.69e-06
 2.71252e+20	8.88e-01	1.12e-01	2.25e-05	0.00e+00	0.00e+00	0.00e+00	0.00e+00	0.00e+00	0.00e+00	8.88e-01	1.63e-06	1.67e-06
 2.77908e+20	8.92e-01	1.08e-01	2.00e-05	0.00e+00	0.00e+00	0.00e+00	0.00e+00	0.00e+00	0.00e+00	8.92e-01	1.61e-06	1.65e-06
 2.85011e+20	8.95e-01	1.05e-01	1.77e-05	0.00e+00	0.00e+00	0.00e+00	0.00e+00	0.00e+00	0.00e+00	8.95e-01	1.59e-06	1.62e-06
 2.92608e+20	8.99e-01	1.01e-01	1.58e-05	0.00e+00	0.00e+00	0.00e+00	0.00e+00	0.00e+00	0.00e+00	8.99e-01	1.57e-06	1.60e-06
 3.00877e+20	9.02e-01	9.79e-02	1.41e-05	0.00e+00	0.00e+00	0.00e+00	0.00e+00	0.00e+00	0.00e+00	9.02e-01	1.55e-06	1.58e-06
 3.09949e+20	9.05e-01	9.48e-02	1.25e-05	0.00e+00	0.00e+00	0.00e+00	0.00e+00	0.00e+00	0.00e+00	9.05e-01	1.53e-06	1.56e-06
 3.19962e+20	9.08e-01	9.19e-02	1.12e-05	0.00e+00	0.00e+00	0.00e+00	0.00e+00	0.00e+00	0.00e+00	9.08e-01	1.51e-06	1.54e-06
 3.31061e+20	9.11e-01	8.91e-02	9.98e-06	0.00e+00	0.00e+00	0.00e+00	0.00e+00	0.00e+00	0.00e+00	9.11e-01	1.50e-06	1.52e-06
 3.43509e+20	9.13e-01	8.65e-02	8.90e-06	0.00e+00	0.00e+00	0.00e+00	0.00e+00	0.00e+00	0.00e+00	9.13e-01	1.48e-06	1.51e-06
 3.57591e+20	9.16e-01	8.40e-02	7.94e-06	0.00e+00	0.00e+00	0.00e+00	0.00e+00	0.00e+00	0.00e+00	9.16e-01	1.46e-06	1.49e-06
 3.73581e+20	9.18e-01	8.16e-02	7.07e-06	0.00e+00	0.00e+00	0.00e+00	0.00e+00	0.00e+00	0.00e+00	9.18e-01	1.45e-06	1.47e-06
 3.91773e+20	9.21e-01	7.92e-02	6.29e-06	0.00e+00	0.00e+00	0.00e+00	0.00e+00	0.00e+00	0.00e+00	9.21e-01	1.43e-06	1.46e-06
 4.12461e+20	9.23e-01	7.70e-02	5.59e-06	0.00e+00	0.00e+00	0.00e+00	0.00e+00	0.00e+00	0.00e+00	9.23e-01	1.42e-06	1.44e-06
 4.35951e+20	9.25e-01	7.48e-02	4.95e-06	0.00e+00	0.00e+00	0.00e+00	0.00e+00	0.00e+00	0.00e+00	9.25e-01	1.40e-06	1.43e-06
 4.62553e+20	9.27e-01	7.27e-02	4.38e-06	0.00e+00	0.00e+00	0.00e+00	0.00e+00	0.00e+00	0.00e+00	9.27e-01	1.39e-06	1.41e-06
 4.92531e+20	9.29e-01	7.06e-02	3.87e-06	0.00e+00	0.00e+00	0.00e+00	0.00e+00	0.00e+00	0.00e+00	9.29e-01	1.38e-06	1.40e-06
 5.26240e+20	9.31e-01	6.86e-02	3.42e-06	0.00e+00	0.00e+00	0.00e+00	0.00e+00	0.00e+00	0.00e+00	9.31e-01	1.36e-06	1.38e-06
 5.64071e+20	9.33e-01	6.66e-02	3.01e-06	0.00e+00	0.00e+00	0.00e+00	0.00e+00	0.00e+00	0.00e+00	9.33e-01	1.35e-06	1.37e-06
 6.06654e+20	9.35e-01	6.48e-02	2.65e-06	0.00e+00	0.00e+00	0.00e+00	0.00e+00	0.00e+00	0.00e+00	9.35e-01	1.34e-06	1.35e-06
 6.54743e+20	9.37e-01	6.29e-02	2.34e-06	0.00e+00	0.00e+00	0.00e+00	0.00e+00	0.00e+00	0.00e+00	9.37e-01	1.33e-06	1.34e-06
 7.09356e+20	9.39e-01	6.12e-02	2.06e-06	0.00e+00	0.00e+00	0.00e+00	0.00e+00	0.00e+00	0.00e+00	9.39e-01	1.31e-06	1.33e-06
 7.71862e+20	9.40e-01	5.95e-02	1.81e-06	0.00e+00	0.00e+00	0.00e+00	0.00e+00	0.00e+00	0.00e+00	9.40e-01	1.30e-06	1.32e-06
 8.44025e+20	9.42e-01	5.79e-02	1.60e-06	0.00e+00	0.00e+00	0.00e+00	0.00e+00	0.00e+00	0.00e+00	9.42e-01	1.29e-06	1.31e-06
 9.26961e+20	9.44e-01	5.64e-02	1.42e-06	0.00e+00	0.00e+00	0.00e+00	0.00e+00	0.00e+00	0.00e+00	9.44e-01	1.28e-06	1.29e-06
 1.01966e+21	9.45e-01	5.50e-02	1.26e-06	0.00e+00	0.00e+00	0.00e+00	0.00e+00	0.00e+00	0.00e+00	9.45e-01	1.27e-06	1.28e-06
 1.12162e+21	9.46e-01	5.38e-02	1.14e-06	0.00e+00	0.00e+00	0.00e+00	0.00e+00	0.00e+00	0.00e+00	9.46e-01	1.26e-06	1.28e-06
 1.23378e+21	9.47e-01	5.28e-02	1.03e-06	0.00e+00	0.00e+00	0.00e+00	0.00e+00	0.00e+00	0.00e+00	9.47e-01	1.26e-06	1.27e-06
 1.35716e+21	9.48e-01	5.18e-02	9.43e-07	0.00e+00	0.00e+00	0.00e+00	0.00e+00	0.00e+00	0.00e+00	9.48e-01	1.25e-06	1.26e-06
 1.49288e+21	9.49e-01	5.10e-02	8.69e-07	0.00e+00	0.00e+00	0.00e+00	0.00e+00	0.00e+00	0.00e+00	9.49e-01	1.25e-06	1.26e-06
 1.64217e+21	9.50e-01	5.04e-02	8.07e-07	0.00e+00	0.00e+00	0.00e+00	0.00e+00	0.00e+00	0.00e+00	9.50e-01	1.24e-06	1.25e-06
 1.80638e+21	9.50e-01	4.98e-02	7.54e-07	0.00e+00	0.00e+00	0.00e+00	0.00e+00	0.00e+00	0.00e+00	9.50e-01	1.24e-06	1.25e-06
 1.98702e+21	9.51e-01	4.93e-02	7.08e-07	0.00e+00	0.00e+00	0.00e+00	0.00e+00	0.00e+00	0.00e+00	9.51e-01	1.24e-06	1.24e-06
 2.18573e+21	9.51e-01	4.88e-02	6.69e-07	0.00e+00	0.00e+00	0.00e+00	0.00e+00	0.00e+00	0.00e+00	9.51e-01	1.23e-06	1.24e-06
 2.40430e+21	9.51e-01	4.85e-02	6.34e-07	0.00e+00	0.00e+00	0.00e+00	0.00e+00	0.00e+00	0.00e+00	9.51e-01	1.23e-06	1.24e-06
 2.64473e+21	9.52e-01	4.82e-02	6.03e-07	0.00e+00	0.00e+00	0.00e+00	0.00e+00	0.00e+00	0.00e+00	9.52e-01	1.23e-06	1.24e-06
 2.90920e+21	9.52e-01	4.79e-02	5.76e-07	0.00e+00	0.00e+00	0.00e+00	0.00e+00	0.00e+00	0.00e+00	9.52e-01	1.23e-06	1.23e-06
 3.20012e+21	9.52e-01	4.77e-02	5.50e-07	0.00e+00	0.00e+00	0.00e+00	0.00e+00	0.00e+00	0.00e+00	9.52e-01	1.23e-06	1.23e-06
 3.52013e+21	9.52e-01	4.75e-02	5.27e-07	0.00e+00	0.00e+00	0.00e+00	0.00e+00	0.00e+00	0.00e+00	9.52e-01	1.23e-06	1.23e-06
 3.87215e+21	9.53e-01	4.74e-02	5.05e-07	0.00e+00	0.00e+00	0.00e+00	0.00e+00	0.00e+00	0.00e+00	9.53e-01	1.23e-06	1.23e-06
 4.25936e+21	9.53e-01	4.73e-02	4.85e-07	0.00e+00	0.00e+00	0.00e+00	0.00e+00	0.00e+00	0.00e+00	9.53e-01	1.23e-06	1.23e-06
 4.68530e+21	9.53e-01	4.72e-02	4.65e-07	0.00e+00	0.00e+00	0.00e+00	0.00e+00	0.00e+00	0.00e+00	9.53e-01	1.23e-06	1.23e-06
 5.15383e+21	9.53e-01	4.71e-02	4.46e-07	0.00e+00	0.00e+00	0.00e+00	0.00e+00	0.00e+00	0.00e+00	9.53e-01	1.23e-06	1.23e-06
 5.66921e+21	9.53e-01	4.71e-02	4.27e-07	0.00e+00	0.00e+00	0.00e+00	0.00e+00	0.00e+00	0.00e+00	9.53e-01	1.23e-06	1.23e-06
 6.23613e+21	9.53e-01	4.71e-02	4.08e-07	0.00e+00	0.00e+00	0.00e+00	0.00e+00	0.00e+00	0.00e+00	9.53e-01	1.23e-06	1.23e-06
 6.85974e+21	9.53e-01	4.71e-02	3.90e-07	0.00e+00	0.00e+00	0.00e+00	0.00e+00	0.00e+00	0.00e+00	9.53e-01	1.23e-06	1.23e-06
 7.54572e+21	9.53e-01	4.71e-02	3.72e-07	0.00e+00	0.00e+00	0.00e+00	0.00e+00	0.00e+00	0.00e+00	9.53e-01	1.23e-06	1.23e-06
 8.30029e+21	9.53e-01	4.72e-02	3.54e-07	0.00e+00	0.00e+00	0.00e+00	0.00e+00	0.00e+00	0.00e+00	9.53e-01	1.23e-06	1.23e-06
 9.13032e+21	9.53e-01	4.72e-02	3.36e-07	0.00e+00	0.00e+00	0.00e+00	0.00e+00	0.00e+00	0.00e+00	9.53e-01	1.23e-06	1.23e-06
 1.00433e+22	9.53e-01	4.73e-02	3.18e-07	0.00e+00	0.00e+00	0.00e+00	0.00e+00	0.00e+00	0.00e+00	9.53e-01	1.23e-06	1.23e-06
 1.10477e+22	9.53e-01	4.73e-02	3.00e-07	0.00e+00	0.00e+00	0.00e+00	0.00e+00	0.00e+00	0.00e+00	9.53e-01	1.23e-06	1.23e-06
 1.21525e+22	9.53e-01	4.74e-02	2.82e-07	0.00e+00	0.00e+00	0.00e+00	0.00e+00	0.00e+00	0.00e+00	9.53e-01	1.24e-06	1.23e-06
 1.33677e+22	9.53e-01	4.75e-02	2.65e-07	0.00e+00	0.00e+00	0.00e+00	0.00e+00	0.00e+00	0.00e+00	9.53e-01	1.24e-06	1.23e-06
 1.47045e+22	9.52e-01	4.76e-02	2.48e-07	0.00e+00	0.00e+00	0.00e+00	0.00e+00	0.00e+00	0.00e+00	9.52e-01	1.24e-06	1.23e-06
 1.61749e+22	9.52e-01	4.77e-02	2.31e-07	0.00e+00	0.00e+00	0.00e+00	0.00e+00	0.00e+00	0.00e+00	9.52e-01	1.24e-06	1.23e-06
 1.76407e+22	9.52e-01	4.77e-02	2.16e-07	0.00e+00	0.00e+00	0.00e+00	0.00e+00	0.00e+00	0.00e+00	9.52e-01	1.24e-06	1.23e-06
 1.89623e+22	9.52e-01	4.78e-02	2.04e-07	0.00e+00	0.00e+00	0.00e+00	0.00e+00	0.00e+00	0.00e+00	9.52e-01	1.24e-06	1.23e-06
 2.01518e+22	9.52e-01	4.78e-02	1.95e-07	0.00e+00	0.00e+00	0.00e+00	0.00e+00	0.00e+00	0.00e+00	9.52e-01	1.24e-06	1.23e-06
 2.12223e+22	9.52e-01	4.78e-02	1.87e-07	0.00e+00	0.00e+00	0.00e+00	0.00e+00	0.00e+00	0.00e+00	9.52e-01	1.24e-06	1.23e-06
 2.21857e+22	9.52e-01	4.78e-02	1.80e-07	0.00e+00	0.00e+00	0.00e+00	0.00e+00	0.00e+00	0.00e+00	9.52e-01	1.24e-06	1.23e-06
 2.30528e+22	9.52e-01	4.78e-02	1.74e-07	0.00e+00	0.00e+00	0.00e+00	0.00e+00	0.00e+00	0.00e+00	9.52e-01	1.23e-06	1.23e-06
 2.38332e+22	9.52e-01	4.77e-02	1.69e-07	0.00e+00	0.00e+00	0.00e+00	0.00e+00	0.00e+00	0.00e+00	9.52e-01	1.23e-06	1.23e-06
 2.45356e+22	9.52e-01	4.77e-02	1.65e-07	0.00e+00	0.00e+00	0.00e+00	0.00e+00	0.00e+00	0.00e+00	9.52e-01	1.23e-06	1.23e-06
 2.51677e+22	9.52e-01	4.77e-02	1.62e-07	0.00e+00	0.00e+00	0.00e+00	0.00e+00	0.00e+00	0.00e+00	9.52e-01	1.23e-06	1.23e-06
 2.57366e+22	9.52e-01	4.77e-02	1.58e-07	0.00e+00	0.00e+00	0.00e+00	0.00e+00	0.00e+00	0.00e+00	9.52e-01	1.23e-06	1.23e-06
 2.62486e+22	9.52e-01	4.76e-02	1.56e-07	0.00e+00	0.00e+00	0.00e+00	0.00e+00	0.00e+00	0.00e+00	9.52e-01	1.23e-06	1.23e-06
 2.67094e+22	9.52e-01	4.76e-02	1.53e-07	0.00e+00	0.00e+00	0.00e+00	0.00e+00	0.00e+00	0.00e+00	9.52e-01	1.23e-06	1.23e-06
 2.71242e+22	9.52e-01	4.76e-02	1.51e-07	0.00e+00	0.00e+00	0.00e+00	0.00e+00	0.00e+00	0.00e+00	9.52e-01	1.23e-06	1.23e-06
 2.74974e+22	9.52e-01	4.75e-02	1.49e-07	0.00e+00	0.00e+00	0.00e+00	0.00e+00	0.00e+00	0.00e+00	9.52e-01	1.23e-06	1.23e-06
 2.78334e+22	9.52e-01	4.75e-02	1.48e-07	0.00e+00	0.00e+00	0.00e+00	0.00e+00	0.00e+00	0.00e+00	9.52e-01	1.23e-06	1.23e-06
 2.81468e+22	9.53e-01	4.75e-02	1.46e-07	0.00e+00	0.00e+00	0.00e+00	0.00e+00	0.00e+00	0.00e+00	9.53e-01	1.23e-06	1.23e-06
 2.84553e+22	9.53e-01	4.74e-02	1.45e-07	0.00e+00	0.00e+00	0.00e+00	0.00e+00	0.00e+00	0.00e+00	9.53e-01	1.22e-06	1.23e-06
 2.87639e+22	9.53e-01	4.74e-02	1.44e-07	0.00e+00	0.00e+00	0.00e+00	0.00e+00	0.00e+00	0.00e+00	9.53e-01	1.22e-06	1.23e-06
 2.90725e+22	9.53e-01	4.74e-02	1.42e-07	0.00e+00	0.00e+00	0.00e+00	0.00e+00	0.00e+00	0.00e+00	9.53e-01	1.22e-06	1.23e-06
 2.93810e+22	9.53e-01	4.73e-02	1.41e-07	0.00e+00	0.00e+00	0.00e+00	0.00e+00	0.00e+00	0.00e+00	9.53e-01	1.22e-06	1.23e-06
 2.96896e+22	9.53e-01	4.72e-02	1.39e-07	0.00e+00	0.00e+00	0.00e+00	0.00e+00	0.00e+00	0.00e+00	9.53e-01	1.22e-06	1.23e-06
 2.99982e+22	9.53e-01	4.72e-02	1.38e-07	0.00e+00	0.00e+00	0.00e+00	0.00e+00	0.00e+00	0.00e+00	9.53e-01	1.22e-06	1.23e-06
 3.03068e+22	9.53e-01	4.71e-02	1.37e-07	0.00e+00	0.00e+00	0.00e+00	0.00e+00	0.00e+00	0.00e+00	9.53e-01	1.22e-06	1.23e-06
 3.06153e+22	9.53e-01	4.70e-02	1.35e-07	0.00e+00	0.00e+00	0.00e+00	0.00e+00	0.00e+00	0.00e+00	9.53e-01	1.22e-06	1.23e-06
 3.08132e+22	9.53e-01	4.70e-02	1.35e-07	0.00e+00	0.00e+00	0.00e+00	0.00e+00	0.00e+00	0.00e+00	9.53e-01	1.22e-06	1.23e-06
