#depth	N	N+	N+2	N+3	N+4	N+5	N+6	N+7
 1.09269e+18	4.70e-07	1.08e-03	1.30e-01	5.28e-01	2.47e-01	9.40e-02	1.49e-04	0.00e+00
 6.55616e+18	4.68e-07	1.07e-03	1.30e-01	5.28e-01	2.47e-01	9.39e-02	1.48e-04	0.00e+00
 2.84100e+19	4.63e-07	1.07e-03	1.30e-01	5.29e-01	2.46e-01	9.33e-02	1.47e-04	0.00e+00
 1.15826e+20	4.48e-07	1.05e-03	1.33e-01	5.32e-01	2.42e-01	9.10e-02	1.43e-04	0.00e+00
 2.76670e+20	4.00e-07	9.83e-04	1.35e-01	5.38e-01	2.37e-01	8.87e-02	1.40e-04	0.00e+00
 4.85768e+20	3.84e-07	9.67e-04	1.40e-01	5.44e-01	2.30e-01	8.46e-02	1.33e-04	0.00e+00
 7.57595e+20	3.91e-07	9.92e-04	1.49e-01	5.51e-01	2.20e-01	7.86e-02	1.22e-04	0.00e+00
 1.11097e+21	4.23e-07	1.07e-03	1.64e-01	5.58e-01	2.06e-01	7.03e-02	1.07e-04	0.00e+00
 1.47754e+21	4.61e-07	1.16e-03	1.82e-01	5.64e-01	1.91e-01	6.24e-02	9.37e-05	0.00e+00
 1.77948e+21	5.16e-07	1.27e-03	2.00e-01	5.66e-01	1.77e-01	5.55e-02	8.23e-05	0.00e+00
 2.03835e+21	5.89e-07	1.42e-03	2.19e-01	5.66e-01	1.64e-01	4.94e-02	7.23e-05	0.00e+00
 2.28489e+21	6.81e-07	1.60e-03	2.40e-01	5.64e-01	1.50e-01	4.35e-02	6.30e-05	0.00e+00
 2.52749e+21	7.99e-07	1.81e-03	2.63e-01	5.60e-01	1.37e-01	3.79e-02	5.42e-05	0.00e+00
 2.74002e+21	9.23e-07	2.02e-03	2.85e-01	5.56e-01	1.25e-01	3.32e-02	4.71e-05	0.00e+00
 2.91280e+21	1.05e-06	2.24e-03	3.04e-01	5.51e-01	1.14e-01	2.94e-02	4.14e-05	0.00e+00
 3.07068e+21	1.18e-06	2.45e-03	3.22e-01	5.45e-01	1.05e-01	2.60e-02	3.63e-05	0.00e+00
 3.24965e+21	1.38e-06	2.74e-03	3.43e-01	5.38e-01	9.38e-02	2.22e-02	3.09e-05	0.00e+00
 3.43090e+21	1.59e-06	3.05e-03	3.65e-01	5.30e-01	8.33e-02	1.89e-02	2.61e-05	0.00e+00
 3.57605e+21	1.70e-06	3.23e-03	3.82e-01	5.24e-01	7.51e-02	1.64e-02	2.26e-05	0.00e+00
 3.72569e+21	1.97e-06	3.60e-03	4.00e-01	5.16e-01	6.68e-02	1.39e-02	1.89e-05	0.00e+00
 3.87404e+21	2.17e-06	3.87e-03	4.16e-01	5.09e-01	5.92e-02	1.18e-02	1.59e-05	0.00e+00
 4.00013e+21	2.35e-06	4.12e-03	4.30e-01	5.03e-01	5.31e-02	1.01e-02	1.36e-05	0.00e+00
 4.12098e+21	2.51e-06	4.34e-03	4.42e-01	4.97e-01	4.78e-02	8.77e-03	1.16e-05	0.00e+00
 4.23567e+21	2.66e-06	4.55e-03	4.53e-01	4.91e-01	4.31e-02	7.62e-03	9.98e-06	0.00e+00
 4.36485e+21	2.83e-06	4.79e-03	4.66e-01	4.85e-01	3.82e-02	6.46e-03	8.34e-06	0.00e+00
 4.49096e+21	2.95e-06	4.97e-03	4.76e-01	4.79e-01	3.41e-02	5.57e-03	7.06e-06	0.00e+00
 4.58512e+21	3.04e-06	5.12e-03	4.84e-01	4.75e-01	3.13e-02	4.99e-03	6.25e-06	0.00e+00
 4.67956e+21	3.13e-06	5.26e-03	4.92e-01	4.70e-01	2.86e-02	4.44e-03	5.46e-06	0.00e+00
 4.78322e+21	3.23e-06	5.41e-03	5.00e-01	4.65e-01	2.60e-02	3.96e-03	4.79e-06	0.00e+00
 4.89885e+21	3.35e-06	5.60e-03	5.09e-01	4.59e-01	2.34e-02	3.48e-03	4.09e-06	0.00e+00
 5.01561e+21	3.45e-06	5.77e-03	5.17e-01	4.53e-01	2.11e-02	3.09e-03	3.55e-06	0.00e+00
 5.11399e+21	3.54e-06	5.91e-03	5.24e-01	4.48e-01	1.94e-02	2.81e-03	3.16e-06	0.00e+00
 5.22204e+21	3.65e-06	6.08e-03	5.32e-01	4.42e-01	1.77e-02	2.53e-03	2.77e-06	0.00e+00
 5.36252e+21	3.82e-06	6.32e-03	5.41e-01	4.34e-01	1.57e-02	2.23e-03	2.35e-06	0.00e+00
 5.50757e+21	4.00e-06	6.57e-03	5.51e-01	4.27e-01	1.40e-02	1.99e-03	2.02e-06	0.00e+00
 5.63503e+21	4.19e-06	6.81e-03	5.59e-01	4.20e-01	1.28e-02	1.81e-03	1.77e-06	0.00e+00
 5.77718e+21	4.44e-06	7.11e-03	5.68e-01	4.12e-01	1.15e-02	1.63e-03	1.53e-06	0.00e+00
 5.96196e+21	4.83e-06	7.54e-03	5.79e-01	4.02e-01	1.00e-02	1.44e-03	1.28e-06	0.00e+00
 6.16606e+21	5.33e-06	8.07e-03	5.91e-01	3.91e-01	8.78e-03	1.26e-03	1.06e-06	0.00e+00
 6.39527e+21	6.06e-06	8.77e-03	6.05e-01	3.77e-01	7.58e-03	1.10e-03	8.60e-07	0.00e+00
 6.68809e+21	7.27e-06	9.83e-03	6.23e-01	3.60e-01	6.36e-03	9.18e-04	6.58e-07	0.00e+00
 7.00565e+21	9.05e-06	1.12e-02	6.42e-01	3.41e-01	5.33e-03	7.58e-04	4.90e-07	0.00e+00
 7.30034e+21	1.14e-05	1.29e-02	6.60e-01	3.22e-01	4.56e-03	6.28e-04	3.66e-07	0.00e+00
 7.56912e+21	1.44e-05	1.48e-02	6.77e-01	3.04e-01	3.96e-03	5.22e-04	2.74e-07	0.00e+00
 7.81702e+21	1.83e-05	1.71e-02	6.93e-01	2.86e-01	3.48e-03	4.33e-04	2.05e-07	0.00e+00
 8.04958e+21	2.35e-05	1.99e-02	7.10e-01	2.67e-01	3.06e-03	3.56e-04	1.51e-07	0.00e+00
 8.26729e+21	3.04e-05	2.33e-02	7.25e-01	2.48e-01	2.70e-03	2.90e-04	0.00e+00	0.00e+00
 8.46697e+21	3.96e-05	2.73e-02	7.40e-01	2.30e-01	2.40e-03	2.35e-04	0.00e+00	0.00e+00
 8.62324e+21	4.97e-05	3.13e-02	7.52e-01	2.14e-01	2.17e-03	1.96e-04	0.00e+00	0.00e+00
 8.73183e+21	5.89e-05	3.48e-02	7.60e-01	2.03e-01	2.01e-03	1.71e-04	0.00e+00	0.00e+00
 8.84066e+21	7.08e-05	3.89e-02	7.68e-01	1.91e-01	1.86e-03	1.47e-04	0.00e+00	0.00e+00
 8.96157e+21	8.78e-05	4.44e-02	7.76e-01	1.77e-01	1.69e-03	1.23e-04	0.00e+00	0.00e+00
 9.06923e+21	1.08e-04	5.04e-02	7.83e-01	1.65e-01	1.54e-03	1.03e-04	0.00e+00	0.00e+00
 9.15899e+21	1.29e-04	5.64e-02	7.88e-01	1.54e-01	1.43e-03	8.83e-05	0.00e+00	0.00e+00
 9.24094e+21	1.54e-04	6.29e-02	7.92e-01	1.44e-01	1.32e-03	7.57e-05	0.00e+00	0.00e+00
 9.32007e+21	1.85e-04	7.03e-02	7.95e-01	1.34e-01	1.22e-03	6.46e-05	0.00e+00	0.00e+00
 9.39530e+21	2.22e-04	7.86e-02	7.96e-01	1.24e-01	1.12e-03	5.49e-05	0.00e+00	0.00e+00
 9.46630e+21	2.66e-04	8.78e-02	7.96e-01	1.15e-01	1.03e-03	4.65e-05	0.00e+00	0.00e+00
 9.53366e+21	3.18e-04	9.80e-02	7.95e-01	1.06e-01	9.48e-04	3.94e-05	0.00e+00	0.00e+00
 9.59820e+21	3.82e-04	1.10e-01	7.92e-01	9.72e-02	8.69e-04	3.32e-05	0.00e+00	0.00e+00
 9.65995e+21	4.58e-04	1.22e-01	7.87e-01	8.90e-02	7.95e-04	2.78e-05	0.00e+00	0.00e+00
 9.71884e+21	5.50e-04	1.37e-01	7.81e-01	8.11e-02	7.26e-04	2.32e-05	0.00e+00	0.00e+00
 9.77501e+21	6.61e-04	1.53e-01	7.72e-01	7.36e-02	6.60e-04	1.93e-05	0.00e+00	0.00e+00
 9.82863e+21	7.93e-04	1.70e-01	7.62e-01	6.65e-02	5.99e-04	1.59e-05	0.00e+00	0.00e+00
 9.88006e+21	9.51e-04	1.90e-01	7.49e-01	5.98e-02	5.42e-04	1.31e-05	0.00e+00	0.00e+00
 9.92953e+21	1.14e-03	2.11e-01	7.34e-01	5.34e-02	4.88e-04	1.07e-05	0.00e+00	0.00e+00
 9.97698e+21	1.37e-03	2.35e-01	7.16e-01	4.74e-02	4.37e-04	8.70e-06	0.00e+00	0.00e+00
 1.00224e+22	1.65e-03	2.61e-01	6.95e-01	4.19e-02	3.90e-04	7.01e-06	0.00e+00	0.00e+00
 1.00662e+22	1.97e-03	2.89e-01	6.72e-01	3.67e-02	3.46e-04	5.62e-06	0.00e+00	0.00e+00
 1.01086e+22	2.37e-03	3.20e-01	6.46e-01	3.19e-02	3.05e-04	4.44e-06	0.00e+00	0.00e+00
 1.01496e+22	2.84e-03	3.53e-01	6.17e-01	2.75e-02	2.67e-04	3.49e-06	0.00e+00	0.00e+00
 1.01891e+22	3.40e-03	3.88e-01	5.85e-01	2.34e-02	2.32e-04	2.71e-06	0.00e+00	0.00e+00
 1.02276e+22	4.07e-03	4.26e-01	5.50e-01	1.98e-02	2.00e-04	2.07e-06	0.00e+00	0.00e+00
 1.02652e+22	4.87e-03	4.65e-01	5.13e-01	1.64e-02	1.70e-04	1.56e-06	0.00e+00	0.00e+00
 1.03016e+22	5.83e-03	5.07e-01	4.74e-01	1.35e-02	1.43e-04	1.16e-06	0.00e+00	0.00e+00
 1.03371e+22	6.96e-03	5.49e-01	4.33e-01	1.09e-02	1.19e-04	8.48e-07	0.00e+00	0.00e+00
 1.03719e+22	8.32e-03	5.93e-01	3.90e-01	8.66e-03	9.69e-05	6.05e-07	0.00e+00	0.00e+00
 1.04060e+22	9.94e-03	6.36e-01	3.47e-01	6.75e-03	7.80e-05	4.24e-07	0.00e+00	0.00e+00
 1.04358e+22	1.16e-02	6.74e-01	3.09e-01	5.34e-03	6.36e-05	3.04e-07	0.00e+00	0.00e+00
 1.04599e+22	1.32e-02	7.04e-01	2.78e-01	4.33e-03	5.31e-05	2.28e-07	0.00e+00	0.00e+00
 1.04854e+22	1.52e-02	7.36e-01	2.46e-01	3.40e-03	4.30e-05	1.63e-07	0.00e+00	0.00e+00
 1.05126e+22	1.76e-02	7.67e-01	2.12e-01	2.59e-03	3.39e-05	0.00e+00	0.00e+00	0.00e+00
 1.05360e+22	2.01e-02	7.93e-01	1.85e-01	2.01e-03	2.71e-05	0.00e+00	0.00e+00	0.00e+00
 1.05561e+22	2.26e-02	8.13e-01	1.63e-01	1.60e-03	2.22e-05	0.00e+00	0.00e+00	0.00e+00
 1.05780e+22	2.57e-02	8.34e-01	1.39e-01	1.22e-03	1.75e-05	0.00e+00	0.00e+00	0.00e+00
 1.06016e+22	2.96e-02	8.53e-01	1.17e-01	9.04e-04	1.33e-05	0.00e+00	0.00e+00	0.00e+00
 1.06222e+22	3.37e-02	8.67e-01	9.84e-02	6.85e-04	1.04e-05	0.00e+00	0.00e+00	0.00e+00
 1.06402e+22	3.76e-02	8.78e-01	8.43e-02	5.35e-04	8.26e-06	0.00e+00	0.00e+00	0.00e+00
 1.06601e+22	4.30e-02	8.87e-01	6.96e-02	3.99e-04	6.26e-06	0.00e+00	0.00e+00	0.00e+00
 1.06818e+22	4.97e-02	8.94e-01	5.60e-02	2.90e-04	4.59e-06	0.00e+00	0.00e+00	0.00e+00
 1.07013e+22	5.71e-02	8.97e-01	4.53e-02	2.16e-04	3.41e-06	0.00e+00	0.00e+00	0.00e+00
 1.07190e+22	6.48e-02	8.98e-01	3.70e-02	1.67e-04	2.57e-06	0.00e+00	0.00e+00	0.00e+00
 1.07388e+22	7.56e-02	8.95e-01	2.89e-02	1.24e-04	1.83e-06	0.00e+00	0.00e+00	0.00e+00
 1.07600e+22	8.91e-02	8.89e-01	2.20e-02	9.27e-05	1.27e-06	0.00e+00	0.00e+00	0.00e+00
 1.07781e+22	1.03e-01	8.80e-01	1.71e-02	7.32e-05	9.08e-07	0.00e+00	0.00e+00	0.00e+00
 1.07936e+22	1.18e-01	8.69e-01	1.37e-02	6.08e-05	6.76e-07	0.00e+00	0.00e+00	0.00e+00
 1.08088e+22	1.34e-01	8.55e-01	1.08e-02	5.11e-05	4.98e-07	0.00e+00	0.00e+00	0.00e+00
 1.08245e+22	1.54e-01	8.38e-01	8.40e-03	4.35e-05	3.63e-07	0.00e+00	0.00e+00	0.00e+00
 1.08388e+22	1.75e-01	8.19e-01	6.61e-03	3.79e-05	2.68e-07	0.00e+00	0.00e+00	0.00e+00
 1.08516e+22	1.96e-01	7.99e-01	5.29e-03	3.38e-05	2.04e-07	0.00e+00	0.00e+00	0.00e+00
 1.08630e+22	2.17e-01	7.79e-01	4.32e-03	3.07e-05	1.59e-07	0.00e+00	0.00e+00	0.00e+00
 1.08733e+22	2.37e-01	7.59e-01	3.57e-03	2.82e-05	1.27e-07	0.00e+00	0.00e+00	0.00e+00
 1.08832e+22	2.59e-01	7.38e-01	2.96e-03	2.60e-05	0.00e+00	0.00e+00	0.00e+00	0.00e+00
 1.08910e+22	2.76e-01	7.21e-01	2.57e-03	2.45e-05	0.00e+00	0.00e+00	0.00e+00	0.00e+00
 1.08962e+22	2.88e-01	7.09e-01	2.33e-03	2.35e-05	0.00e+00	0.00e+00	0.00e+00	0.00e+00
 1.09010e+22	3.01e-01	6.97e-01	2.11e-03	2.26e-05	0.00e+00	0.00e+00	0.00e+00	0.00e+00
 1.09065e+22	3.15e-01	6.83e-01	1.89e-03	2.17e-05	0.00e+00	0.00e+00	0.00e+00	0.00e+00
 1.09124e+22	3.31e-01	6.67e-01	1.68e-03	2.07e-05	0.00e+00	0.00e+00	0.00e+00	0.00e+00
 1.09182e+22	3.47e-01	6.52e-01	1.49e-03	1.97e-05	0.00e+00	0.00e+00	0.00e+00	0.00e+00
 1.09236e+22	3.62e-01	6.37e-01	1.34e-03	1.89e-05	0.00e+00	0.00e+00	0.00e+00	0.00e+00
 1.09291e+22	3.78e-01	6.21e-01	1.19e-03	1.81e-05	0.00e+00	0.00e+00	0.00e+00	0.00e+00
 1.09346e+22	3.94e-01	6.05e-01	1.07e-03	1.73e-05	0.00e+00	0.00e+00	0.00e+00	0.00e+00
 1.09401e+22	4.11e-01	5.88e-01	9.52e-04	1.66e-05	0.00e+00	0.00e+00	0.00e+00	0.00e+00
 1.09457e+22	4.27e-01	5.72e-01	8.50e-04	1.58e-05	0.00e+00	0.00e+00	0.00e+00	0.00e+00
 1.09512e+22	4.44e-01	5.55e-01	7.60e-04	1.51e-05	0.00e+00	0.00e+00	0.00e+00	0.00e+00
 1.09566e+22	4.61e-01	5.39e-01	6.81e-04	1.45e-05	0.00e+00	0.00e+00	0.00e+00	0.00e+00
 1.09621e+22	4.77e-01	5.22e-01	6.10e-04	1.38e-05	0.00e+00	0.00e+00	0.00e+00	0.00e+00
 1.09676e+22	4.94e-01	5.06e-01	5.48e-04	1.32e-05	0.00e+00	0.00e+00	0.00e+00	0.00e+00
 1.09731e+22	5.11e-01	4.89e-01	4.93e-04	1.26e-05	0.00e+00	0.00e+00	0.00e+00	0.00e+00
 1.09786e+22	5.27e-01	4.73e-01	4.44e-04	1.20e-05	0.00e+00	0.00e+00	0.00e+00	0.00e+00
 1.09843e+22	5.43e-01	4.56e-01	4.00e-04	1.15e-05	0.00e+00	0.00e+00	0.00e+00	0.00e+00
 1.09899e+22	5.59e-01	4.40e-01	3.63e-04	1.10e-05	0.00e+00	0.00e+00	0.00e+00	0.00e+00
 1.09956e+22	5.75e-01	4.24e-01	3.29e-04	1.05e-05	0.00e+00	0.00e+00	0.00e+00	0.00e+00
 1.10015e+22	5.91e-01	4.09e-01	2.99e-04	9.98e-06	0.00e+00	0.00e+00	0.00e+00	0.00e+00
 1.10073e+22	6.06e-01	3.94e-01	2.74e-04	9.52e-06	0.00e+00	0.00e+00	0.00e+00	0.00e+00
 1.10134e+22	6.20e-01	3.79e-01	2.51e-04	9.08e-06	0.00e+00	0.00e+00	0.00e+00	0.00e+00
 1.10196e+22	6.35e-01	3.65e-01	2.31e-04	8.67e-06	0.00e+00	0.00e+00	0.00e+00	0.00e+00
 1.10257e+22	6.48e-01	3.52e-01	2.14e-04	8.29e-06	0.00e+00	0.00e+00	0.00e+00	0.00e+00
 1.10320e+22	6.60e-01	3.40e-01	2.00e-04	7.94e-06	0.00e+00	0.00e+00	0.00e+00	0.00e+00
 1.10384e+22	6.72e-01	3.28e-01	1.87e-04	7.61e-06	0.00e+00	0.00e+00	0.00e+00	0.00e+00
 1.10449e+22	6.83e-01	3.17e-01	1.76e-04	7.31e-06	0.00e+00	0.00e+00	0.00e+00	0.00e+00
 1.10517e+22	6.94e-01	3.06e-01	1.67e-04	7.03e-06	0.00e+00	0.00e+00	0.00e+00	0.00e+00
 1.10588e+22	7.03e-01	2.97e-01	1.59e-04	6.77e-06	0.00e+00	0.00e+00	0.00e+00	0.00e+00
 1.10663e+22	7.12e-01	2.88e-01	1.52e-04	6.53e-06	0.00e+00	0.00e+00	0.00e+00	0.00e+00
 1.10744e+22	7.21e-01	2.79e-01	1.45e-04	6.31e-06	0.00e+00	0.00e+00	0.00e+00	0.00e+00
 1.10832e+22	7.29e-01	2.71e-01	1.40e-04	6.10e-06	0.00e+00	0.00e+00	0.00e+00	0.00e+00
 1.10930e+22	7.36e-01	2.64e-01	1.35e-04	5.92e-06	0.00e+00	0.00e+00	0.00e+00	0.00e+00
 1.11042e+22	7.42e-01	2.57e-01	1.31e-04	5.75e-06	0.00e+00	0.00e+00	0.00e+00	0.00e+00
 1.11166e+22	7.48e-01	2.52e-01	1.28e-04	5.61e-06	0.00e+00	0.00e+00	0.00e+00	0.00e+00
 1.11292e+22	7.52e-01	2.48e-01	1.25e-04	5.50e-06	0.00e+00	0.00e+00	0.00e+00	0.00e+00
 1.11416e+22	7.55e-01	2.45e-01	1.23e-04	5.42e-06	0.00e+00	0.00e+00	0.00e+00	0.00e+00
 1.11539e+22	7.57e-01	2.42e-01	1.22e-04	5.36e-06	0.00e+00	0.00e+00	0.00e+00	0.00e+00
 1.11661e+22	7.59e-01	2.41e-01	1.21e-04	5.31e-06	0.00e+00	0.00e+00	0.00e+00	0.00e+00
 1.11783e+22	7.60e-01	2.39e-01	1.20e-04	5.27e-06	0.00e+00	0.00e+00	0.00e+00	0.00e+00
 1.11904e+22	7.62e-01	2.38e-01	1.19e-04	5.24e-06	0.00e+00	0.00e+00	0.00e+00	0.00e+00
 1.12043e+22	7.63e-01	2.37e-01	1.19e-04	5.20e-06	0.00e+00	0.00e+00	0.00e+00	0.00e+00
 1.12224e+22	7.64e-01	2.36e-01	1.18e-04	5.17e-06	0.00e+00	0.00e+00	0.00e+00	0.00e+00
 1.12459e+22	7.66e-01	2.34e-01	1.17e-04	5.12e-06	0.00e+00	0.00e+00	0.00e+00	0.00e+00
 1.12765e+22	7.66e-01	2.33e-01	1.17e-04	5.09e-06	0.00e+00	0.00e+00	0.00e+00	0.00e+00
 1.13162e+22	7.68e-01	2.32e-01	1.16e-04	5.04e-06	0.00e+00	0.00e+00	0.00e+00	0.00e+00
 1.13679e+22	7.70e-01	2.30e-01	1.14e-04	4.98e-06	0.00e+00	0.00e+00	0.00e+00	0.00e+00
 1.14350e+22	7.72e-01	2.28e-01	1.13e-04	4.90e-06	0.00e+00	0.00e+00	0.00e+00	0.00e+00
 1.15223e+22	7.75e-01	2.25e-01	1.11e-04	4.79e-06	0.00e+00	0.00e+00	0.00e+00	0.00e+00
 1.16358e+22	7.78e-01	2.21e-01	1.09e-04	4.67e-06	0.00e+00	0.00e+00	0.00e+00	0.00e+00
 1.17834e+22	7.83e-01	2.17e-01	1.06e-04	4.51e-06	0.00e+00	0.00e+00	0.00e+00	0.00e+00
 1.19752e+22	7.88e-01	2.12e-01	1.02e-04	4.32e-06	0.00e+00	0.00e+00	0.00e+00	0.00e+00
 1.22245e+22	7.95e-01	2.05e-01	9.79e-05	4.09e-06	0.00e+00	0.00e+00	0.00e+00	0.00e+00
 1.25378e+22	8.03e-01	1.97e-01	9.32e-05	3.82e-06	0.00e+00	0.00e+00	0.00e+00	0.00e+00
 1.28929e+22	8.10e-01	1.90e-01	8.85e-05	3.56e-06	0.00e+00	0.00e+00	0.00e+00	0.00e+00
 1.32571e+22	8.17e-01	1.83e-01	8.42e-05	3.32e-06	0.00e+00	0.00e+00	0.00e+00	0.00e+00
 1.36303e+22	8.24e-01	1.76e-01	8.01e-05	3.10e-06	0.00e+00	0.00e+00	0.00e+00	0.00e+00
 1.40332e+22	8.31e-01	1.69e-01	7.61e-05	2.88e-06	0.00e+00	0.00e+00	0.00e+00	0.00e+00
 1.44750e+22	8.37e-01	1.63e-01	7.22e-05	2.67e-06	0.00e+00	0.00e+00	0.00e+00	0.00e+00
 1.49548e+22	8.43e-01	1.56e-01	6.83e-05	2.46e-06	0.00e+00	0.00e+00	0.00e+00	0.00e+00
 1.54735e+22	8.50e-01	1.50e-01	6.44e-05	2.26e-06	0.00e+00	0.00e+00	0.00e+00	0.00e+00
 1.60385e+22	8.56e-01	1.44e-01	6.06e-05	2.07e-06	0.00e+00	0.00e+00	0.00e+00	0.00e+00
 1.66610e+22	8.62e-01	1.38e-01	5.68e-05	1.89e-06	0.00e+00	0.00e+00	0.00e+00	0.00e+00
 1.73529e+22	8.68e-01	1.32e-01	5.30e-05	1.71e-06	0.00e+00	0.00e+00	0.00e+00	0.00e+00
 1.81278e+22	8.74e-01	1.26e-01	4.91e-05	1.53e-06	0.00e+00	0.00e+00	0.00e+00	0.00e+00
 1.90029e+22	8.80e-01	1.20e-01	4.52e-05	1.36e-06	0.00e+00	0.00e+00	0.00e+00	0.00e+00
 2.00036e+22	8.85e-01	1.15e-01	4.12e-05	1.20e-06	0.00e+00	0.00e+00	0.00e+00	0.00e+00
 2.10549e+22	8.90e-01	1.10e-01	3.76e-05	1.06e-06	0.00e+00	0.00e+00	0.00e+00	0.00e+00
 2.20351e+22	8.94e-01	1.05e-01	3.46e-05	9.44e-07	0.00e+00	0.00e+00	0.00e+00	0.00e+00
 2.29173e+22	8.98e-01	1.02e-01	3.22e-05	8.56e-07	0.00e+00	0.00e+00	0.00e+00	0.00e+00
 2.37112e+22	9.01e-01	9.95e-02	3.01e-05	7.87e-07	0.00e+00	0.00e+00	0.00e+00	0.00e+00
 2.44258e+22	9.03e-01	9.73e-02	2.85e-05	7.30e-07	0.00e+00	0.00e+00	0.00e+00	0.00e+00
 2.50689e+22	9.04e-01	9.55e-02	2.71e-05	6.84e-07	0.00e+00	0.00e+00	0.00e+00	0.00e+00
 2.56477e+22	9.06e-01	9.39e-02	2.59e-05	6.46e-07	0.00e+00	0.00e+00	0.00e+00	0.00e+00
 2.61686e+22	9.07e-01	9.26e-02	2.48e-05	6.13e-07	0.00e+00	0.00e+00	0.00e+00	0.00e+00
 2.66374e+22	9.08e-01	9.15e-02	2.40e-05	5.86e-07	0.00e+00	0.00e+00	0.00e+00	0.00e+00
 2.70593e+22	9.09e-01	9.05e-02	2.32e-05	5.63e-07	0.00e+00	0.00e+00	0.00e+00	0.00e+00
 2.74391e+22	9.10e-01	8.97e-02	2.25e-05	5.43e-07	0.00e+00	0.00e+00	0.00e+00	0.00e+00
 2.77808e+22	9.11e-01	8.90e-02	2.20e-05	5.26e-07	0.00e+00	0.00e+00	0.00e+00	0.00e+00
 2.80970e+22	9.12e-01	8.82e-02	2.14e-05	5.10e-07	0.00e+00	0.00e+00	0.00e+00	0.00e+00
 2.84056e+22	9.12e-01	8.76e-02	2.10e-05	4.96e-07	0.00e+00	0.00e+00	0.00e+00	0.00e+00
 2.87142e+22	9.13e-01	8.70e-02	2.05e-05	4.82e-07	0.00e+00	0.00e+00	0.00e+00	0.00e+00
 2.90227e+22	9.14e-01	8.64e-02	2.00e-05	4.68e-07	0.00e+00	0.00e+00	0.00e+00	0.00e+00
 2.93313e+22	9.14e-01	8.58e-02	1.95e-05	4.55e-07	0.00e+00	0.00e+00	0.00e+00	0.00e+00
 2.96399e+22	9.15e-01	8.52e-02	1.91e-05	4.43e-07	0.00e+00	0.00e+00	0.00e+00	0.00e+00
 2.99484e+22	9.15e-01	8.46e-02	1.87e-05	4.30e-07	0.00e+00	0.00e+00	0.00e+00	0.00e+00
 3.02570e+22	9.16e-01	8.40e-02	1.83e-05	4.19e-07	0.00e+00	0.00e+00	0.00e+00	0.00e+00
 3.05656e+22	9.17e-01	8.35e-02	1.79e-05	4.07e-07	0.00e+00	0.00e+00	0.00e+00	0.00e+00
 3.07883e+22	9.17e-01	8.29e-02	1.76e-05	3.98e-07	0.00e+00	0.00e+00	0.00e+00	0.00e+00
