#depth	He	He+	He+2
 1.07793e+16	2.99e-03	4.31e-01	5.66e-01
 6.46759e+16	3.00e-03	4.31e-01	5.66e-01
 2.80262e+17	2.99e-03	4.32e-01	5.65e-01
 1.14261e+18	2.98e-03	4.36e-01	5.61e-01
 2.72932e+18	2.87e-03	4.34e-01	5.63e-01
 4.79205e+18	2.82e-03	4.39e-01	5.58e-01
 7.47360e+18	2.84e-03	4.53e-01	5.44e-01
 1.09596e+19	2.94e-03	4.77e-01	5.20e-01
 1.54914e+19	3.16e-03	5.17e-01	4.80e-01
 2.13828e+19	3.56e-03	5.77e-01	4.19e-01
 2.90416e+19	4.25e-03	6.62e-01	3.34e-01
 3.72550e+19	5.07e-03	7.48e-01	2.47e-01
 4.39849e+19	5.78e-03	8.07e-01	1.88e-01
 4.89618e+19	6.30e-03	8.40e-01	1.53e-01
 5.30782e+19	6.74e-03	8.63e-01	1.30e-01
 5.76436e+19	7.28e-03	8.84e-01	1.09e-01
 6.24180e+19	7.82e-03	9.01e-01	9.15e-02
 6.64301e+19	8.29e-03	9.12e-01	7.98e-02
 6.99785e+19	8.76e-03	9.20e-01	7.10e-02
 7.39581e+19	9.35e-03	9.28e-01	6.23e-02
 7.80684e+19	9.99e-03	9.35e-01	5.52e-02
 8.13740e+19	1.06e-02	9.39e-01	5.03e-02
 8.41601e+19	1.11e-02	9.42e-01	4.66e-02
 8.72453e+19	1.18e-02	9.45e-01	4.27e-02
 9.05130e+19	1.27e-02	9.48e-01	3.92e-02
 9.32489e+19	1.35e-02	9.50e-01	3.66e-02
 9.55693e+19	1.43e-02	9.51e-01	3.46e-02
 9.81187e+19	1.53e-02	9.52e-01	3.24e-02
 1.00837e+20	1.65e-02	9.53e-01	3.04e-02
 1.03160e+20	1.78e-02	9.53e-01	2.88e-02
 1.05164e+20	1.90e-02	9.54e-01	2.75e-02
 1.07369e+20	2.06e-02	9.53e-01	2.61e-02
 1.09736e+20	2.27e-02	9.53e-01	2.48e-02
 1.11724e+20	2.48e-02	9.52e-01	2.37e-02
 1.13294e+20	2.67e-02	9.50e-01	2.30e-02
 1.14703e+20	2.87e-02	9.49e-01	2.23e-02
 1.16320e+20	3.14e-02	9.47e-01	2.15e-02
 1.17964e+20	3.46e-02	9.45e-01	2.09e-02
 1.19237e+20	3.74e-02	9.42e-01	2.04e-02
 1.20290e+20	4.02e-02	9.40e-01	2.00e-02
 1.21462e+20	4.37e-02	9.37e-01	1.96e-02
 1.22715e+20	4.78e-02	9.33e-01	1.92e-02
 1.23776e+20	5.19e-02	9.29e-01	1.90e-02
 1.24686e+20	5.59e-02	9.25e-01	1.87e-02
 1.25695e+20	6.09e-02	9.21e-01	1.85e-02
 1.26781e+20	6.67e-02	9.15e-01	1.82e-02
 1.27729e+20	7.23e-02	9.10e-01	1.81e-02
 1.28587e+20	7.82e-02	9.04e-01	1.80e-02
 1.29569e+20	8.58e-02	8.96e-01	1.78e-02
 1.30623e+20	9.46e-02	8.88e-01	1.77e-02
 1.31554e+20	1.03e-01	8.79e-01	1.77e-02
 1.32480e+20	1.13e-01	8.69e-01	1.76e-02
 1.33497e+20	1.25e-01	8.57e-01	1.76e-02
 1.34487e+20	1.38e-01	8.45e-01	1.76e-02
 1.35365e+20	1.50e-01	8.32e-01	1.76e-02
 1.36163e+20	1.63e-01	8.20e-01	1.76e-02
 1.36935e+20	1.76e-01	8.07e-01	1.76e-02
 1.37694e+20	1.90e-01	7.93e-01	1.76e-02
 1.38286e+20	2.00e-01	7.82e-01	1.76e-02
 1.38685e+20	2.08e-01	7.74e-01	1.77e-02
 1.39068e+20	2.16e-01	7.66e-01	1.77e-02
 1.39505e+20	2.26e-01	7.56e-01	1.77e-02
 1.39972e+20	2.37e-01	7.46e-01	1.77e-02
 1.40430e+20	2.47e-01	7.35e-01	1.77e-02
 1.40877e+20	2.58e-01	7.24e-01	1.77e-02
 1.41325e+20	2.69e-01	7.13e-01	1.77e-02
 1.41776e+20	2.81e-01	7.01e-01	1.77e-02
 1.42230e+20	2.93e-01	6.89e-01	1.77e-02
 1.42685e+20	3.06e-01	6.76e-01	1.77e-02
 1.43144e+20	3.19e-01	6.63e-01	1.77e-02
 1.43607e+20	3.33e-01	6.49e-01	1.77e-02
 1.44076e+20	3.47e-01	6.35e-01	1.76e-02
 1.44541e+20	3.62e-01	6.21e-01	1.76e-02
 1.45011e+20	3.77e-01	6.06e-01	1.75e-02
 1.45487e+20	3.92e-01	5.90e-01	1.74e-02
 1.45970e+20	4.09e-01	5.74e-01	1.73e-02
 1.46458e+20	4.25e-01	5.58e-01	1.72e-02
 1.46955e+20	4.42e-01	5.41e-01	1.71e-02
 1.47464e+20	4.59e-01	5.24e-01	1.69e-02
 1.47978e+20	4.77e-01	5.06e-01	1.67e-02
 1.48500e+20	4.95e-01	4.88e-01	1.65e-02
 1.49033e+20	5.14e-01	4.70e-01	1.63e-02
 1.49581e+20	5.32e-01	4.52e-01	1.61e-02
 1.50137e+20	5.51e-01	4.33e-01	1.58e-02
 1.50701e+20	5.69e-01	4.15e-01	1.55e-02
 1.51280e+20	5.88e-01	3.97e-01	1.51e-02
 1.51877e+20	6.06e-01	3.79e-01	1.48e-02
 1.52497e+20	6.25e-01	3.61e-01	1.44e-02
 1.53147e+20	6.42e-01	3.44e-01	1.40e-02
 1.53830e+20	6.60e-01	3.26e-01	1.36e-02
 1.54557e+20	6.77e-01	3.10e-01	1.31e-02
 1.55347e+20	6.95e-01	2.93e-01	1.26e-02
 1.56216e+20	7.11e-01	2.77e-01	1.21e-02
 1.57177e+20	7.27e-01	2.61e-01	1.16e-02
 1.58268e+20	7.42e-01	2.47e-01	1.11e-02
 1.59488e+20	7.56e-01	2.34e-01	1.05e-02
 1.60748e+20	7.67e-01	2.23e-01	1.01e-02
 1.61995e+20	7.75e-01	2.15e-01	9.69e-03
 1.63231e+20	7.82e-01	2.08e-01	9.34e-03
 1.64647e+20	7.89e-01	2.02e-01	8.97e-03
 1.66488e+20	7.96e-01	1.96e-01	8.56e-03
 1.68882e+20	8.03e-01	1.89e-01	8.11e-03
 1.71993e+20	8.10e-01	1.82e-01	7.59e-03
 1.76038e+20	8.18e-01	1.75e-01	7.02e-03
 1.81297e+20	8.26e-01	1.67e-01	6.37e-03
 1.87577e+20	8.35e-01	1.59e-01	5.73e-03
 1.94216e+20	8.44e-01	1.51e-01	5.15e-03
 2.00934e+20	8.52e-01	1.44e-01	4.65e-03
 2.07897e+20	8.59e-01	1.37e-01	4.20e-03
 2.15311e+20	8.66e-01	1.30e-01	3.79e-03
 2.23175e+20	8.73e-01	1.23e-01	3.41e-03
 2.31418e+20	8.80e-01	1.17e-01	3.07e-03
 2.40046e+20	8.86e-01	1.11e-01	2.76e-03
 2.49131e+20	8.92e-01	1.06e-01	2.48e-03
 2.58716e+20	8.98e-01	1.00e-01	2.23e-03
 2.68819e+20	9.03e-01	9.49e-02	2.01e-03
 2.79456e+20	9.08e-01	8.99e-02	1.80e-03
 2.90680e+20	9.13e-01	8.52e-02	1.62e-03
 3.02527e+20	9.18e-01	8.06e-02	1.45e-03
 3.15082e+20	9.22e-01	7.63e-02	1.30e-03
 3.28373e+20	9.27e-01	7.21e-02	1.16e-03
 3.42369e+20	9.31e-01	6.82e-02	1.04e-03
 3.57162e+20	9.35e-01	6.44e-02	9.30e-04
 3.72941e+20	9.38e-01	6.08e-02	8.30e-04
 3.89746e+20	9.42e-01	5.74e-02	7.40e-04
 4.07518e+20	9.45e-01	5.41e-02	6.60e-04
 4.26386e+20	9.48e-01	5.10e-02	5.88e-04
 4.46553e+20	9.51e-01	4.80e-02	5.23e-04
 4.68196e+20	9.54e-01	4.52e-02	4.64e-04
 4.91313e+20	9.57e-01	4.25e-02	4.12e-04
 5.16074e+20	9.60e-01	4.00e-02	3.65e-04
 5.42714e+20	9.62e-01	3.76e-02	3.23e-04
 5.71305e+20	9.64e-01	3.52e-02	2.85e-04
 6.02434e+20	9.67e-01	3.30e-02	2.52e-04
 6.36299e+20	9.69e-01	3.10e-02	2.21e-04
 6.72877e+20	9.71e-01	2.90e-02	1.95e-04
 7.12706e+20	9.73e-01	2.71e-02	1.71e-04
 7.56504e+20	9.74e-01	2.54e-02	1.50e-04
 8.05251e+20	9.76e-01	2.37e-02	1.31e-04
 8.59424e+20	9.78e-01	2.21e-02	1.14e-04
 9.19473e+20	9.79e-01	2.06e-02	9.95e-05
 9.87034e+20	9.81e-01	1.92e-02	8.66e-05
 1.06388e+21	9.82e-01	1.78e-02	7.51e-05
 1.15210e+21	9.83e-01	1.66e-02	6.51e-05
 1.25414e+21	9.85e-01	1.54e-02	5.63e-05
 1.37429e+21	9.86e-01	1.43e-02	4.87e-05
 1.51172e+21	9.87e-01	1.33e-02	4.24e-05
 1.66289e+21	9.87e-01	1.25e-02	3.73e-05
 1.82918e+21	9.88e-01	1.18e-02	3.32e-05
 2.01210e+21	9.89e-01	1.12e-02	2.99e-05
 2.21331e+21	9.89e-01	1.07e-02	2.72e-05
 2.43464e+21	9.90e-01	1.02e-02	2.51e-05
 2.67810e+21	9.90e-01	9.85e-03	2.33e-05
 2.94591e+21	9.90e-01	9.53e-03	2.18e-05
 3.24051e+21	9.91e-01	9.26e-03	2.05e-05
 3.56456e+21	9.91e-01	9.02e-03	1.95e-05
 3.92101e+21	9.91e-01	8.82e-03	1.86e-05
 4.31311e+21	9.91e-01	8.64e-03	1.79e-05
 4.70667e+21	9.91e-01	8.50e-03	1.73e-05
 5.06410e+21	9.92e-01	8.41e-03	1.69e-05
 5.40215e+21	9.92e-01	8.30e-03	1.65e-05
 5.79035e+21	9.92e-01	8.22e-03	1.62e-05
 6.21090e+21	9.92e-01	8.17e-03	1.60e-05
 6.58388e+21	9.92e-01	8.10e-03	1.57e-05
 6.91408e+21	9.92e-01	8.07e-03	1.56e-05
 7.27830e+21	9.92e-01	8.03e-03	1.55e-05
 7.68636e+21	9.92e-01	7.98e-03	1.53e-05
 8.06024e+21	9.92e-01	7.95e-03	1.51e-05
 8.39483e+21	9.92e-01	7.92e-03	1.50e-05
 8.76952e+21	9.92e-01	7.89e-03	1.49e-05
 9.18421e+21	9.92e-01	7.87e-03	1.48e-05
 9.56025e+21	9.92e-01	7.85e-03	1.48e-05
 9.89814e+21	9.92e-01	7.84e-03	1.47e-05
 1.02771e+22	9.92e-01	7.81e-03	1.46e-05
 1.06953e+22	9.92e-01	7.79e-03	1.45e-05
 1.10739e+22	9.92e-01	7.78e-03	1.45e-05
 1.14169e+22	9.92e-01	7.77e-03	1.45e-05
 1.18045e+22	9.92e-01	7.75e-03	1.44e-05
 1.22315e+22	9.92e-01	7.74e-03	1.43e-05
 1.26186e+22	9.92e-01	7.72e-03	1.43e-05
 1.29691e+22	9.92e-01	7.71e-03	1.42e-05
 1.33630e+22	9.92e-01	7.70e-03	1.42e-05
 1.38011e+22	9.92e-01	7.69e-03	1.42e-05
 1.42036e+22	9.92e-01	7.68e-03	1.41e-05
 1.45704e+22	9.92e-01	7.67e-03	1.41e-05
 1.49838e+22	9.92e-01	7.67e-03	1.41e-05
 1.54452e+22	9.92e-01	7.65e-03	1.40e-05
 1.58717e+22	9.92e-01	7.65e-03	1.40e-05
 1.62648e+22	9.92e-01	7.64e-03	1.40e-05
 1.67116e+22	9.92e-01	7.63e-03	1.39e-05
 1.72139e+22	9.92e-01	7.62e-03	1.39e-05
 1.76887e+22	9.92e-01	7.62e-03	1.39e-05
 1.82062e+22	9.92e-01	7.61e-03	1.38e-05
 1.87836e+22	9.92e-01	7.60e-03	1.38e-05
 1.93333e+22	9.92e-01	7.60e-03	1.38e-05
 1.99427e+22	9.92e-01	7.59e-03	1.38e-05
 2.07349e+22	9.92e-01	7.58e-03	1.37e-05
 2.16200e+22	9.92e-01	7.57e-03	1.37e-05
 2.24973e+22	9.92e-01	7.56e-03	1.37e-05
 2.33332e+22	9.92e-01	7.55e-03	1.36e-05
 2.40856e+22	9.92e-01	7.55e-03	1.36e-05
 2.47627e+22	9.92e-01	7.54e-03	1.36e-05
 2.53721e+22	9.92e-01	7.54e-03	1.36e-05
 2.59206e+22	9.92e-01	7.53e-03	1.36e-05
 2.64142e+22	9.92e-01	7.53e-03	1.35e-05
 2.68584e+22	9.92e-01	7.53e-03	1.35e-05
 2.72583e+22	9.92e-01	7.53e-03	1.35e-05
 2.76181e+22	9.92e-01	7.53e-03	1.35e-05
 2.79429e+22	9.92e-01	7.53e-03	1.35e-05
 2.82514e+22	9.92e-01	7.53e-03	1.36e-05
 2.85600e+22	9.92e-01	7.53e-03	1.36e-05
 2.88686e+22	9.92e-01	7.53e-03	1.36e-05
 2.91771e+22	9.92e-01	7.54e-03	1.36e-05
 2.94857e+22	9.92e-01	7.54e-03	1.37e-05
 2.97943e+22	9.92e-01	7.56e-03	1.37e-05
 3.00911e+22	9.92e-01	7.58e-03	1.38e-05
 3.03507e+22	9.92e-01	7.59e-03	1.39e-05
 3.05601e+22	9.92e-01	7.63e-03	1.41e-05
 3.07546e+22	9.92e-01	7.68e-03	1.43e-05
