#depth	O	O+	O+2	O+3	O+4	O+5	O+6	O+7	O+8	O[1]	O[2]	O[3]
 1.29227e+16	8.97e-04	1.23e-01	6.67e-01	1.97e-01	1.23e-02	1.03e-04	5.64e-07	0.00e+00	0.00e+00	8.97e-04	6.78e-08	7.52e-08
 7.75359e+16	8.93e-04	1.22e-01	6.68e-01	1.96e-01	1.22e-02	1.03e-04	5.62e-07	0.00e+00	0.00e+00	8.93e-04	6.71e-08	7.49e-08
 3.35989e+17	8.73e-04	1.20e-01	6.70e-01	1.96e-01	1.22e-02	1.03e-04	5.62e-07	0.00e+00	0.00e+00	8.73e-04	6.56e-08	7.32e-08
 1.36980e+18	8.09e-04	1.14e-01	6.80e-01	1.94e-01	1.19e-02	1.01e-04	5.57e-07	0.00e+00	0.00e+00	8.09e-04	6.07e-08	6.78e-08
 3.27202e+18	6.50e-04	9.87e-02	6.91e-01	1.97e-01	1.18e-02	1.05e-04	5.99e-07	0.00e+00	0.00e+00	6.50e-04	4.86e-08	5.45e-08
 5.74489e+18	5.51e-04	8.89e-02	7.04e-01	1.95e-01	1.14e-02	1.04e-04	6.08e-07	0.00e+00	0.00e+00	5.51e-04	4.12e-08	4.62e-08
 8.95964e+18	4.83e-04	8.20e-02	7.19e-01	1.88e-01	1.06e-02	9.91e-05	5.91e-07	0.00e+00	0.00e+00	4.83e-04	3.60e-08	4.05e-08
 1.31388e+19	4.43e-04	7.81e-02	7.38e-01	1.74e-01	9.34e-03	8.84e-05	5.36e-07	0.00e+00	0.00e+00	4.43e-04	3.30e-08	3.72e-08
 1.85717e+19	4.34e-04	7.79e-02	7.60e-01	1.54e-01	7.71e-03	7.24e-05	4.45e-07	0.00e+00	0.00e+00	4.34e-04	3.24e-08	3.64e-08
 2.56345e+19	4.71e-04	8.33e-02	7.85e-01	1.26e-01	5.73e-03	5.21e-05	3.21e-07	0.00e+00	0.00e+00	4.71e-04	3.51e-08	3.95e-08
 3.43297e+19	5.76e-04	9.60e-02	8.07e-01	9.31e-02	3.74e-03	3.18e-05	1.94e-07	0.00e+00	0.00e+00	5.76e-04	4.30e-08	4.83e-08
 4.28988e+19	7.49e-04	1.14e-01	8.16e-01	6.63e-02	2.32e-03	1.81e-05	0.00e+00	0.00e+00	0.00e+00	7.49e-04	5.61e-08	6.28e-08
 4.93307e+19	9.59e-04	1.33e-01	8.15e-01	5.00e-02	1.58e-03	1.13e-05	0.00e+00	0.00e+00	0.00e+00	9.59e-04	7.19e-08	8.02e-08
 5.37331e+19	1.16e-03	1.49e-01	8.08e-01	4.08e-02	1.20e-03	7.99e-06	0.00e+00	0.00e+00	0.00e+00	1.16e-03	8.75e-08	9.74e-08
 5.72851e+19	1.38e-03	1.64e-01	8.00e-01	3.42e-02	9.48e-04	5.93e-06	0.00e+00	0.00e+00	0.00e+00	1.38e-03	1.04e-07	1.16e-07
 6.12303e+19	1.71e-03	1.83e-01	7.87e-01	2.79e-02	7.24e-04	4.17e-06	0.00e+00	0.00e+00	0.00e+00	1.70e-03	1.29e-07	1.42e-07
 6.53875e+19	2.12e-03	2.05e-01	7.70e-01	2.25e-02	5.51e-04	2.90e-06	0.00e+00	0.00e+00	0.00e+00	2.12e-03	1.62e-07	1.77e-07
 6.89009e+19	2.56e-03	2.25e-01	7.53e-01	1.87e-02	4.38e-04	2.12e-06	0.00e+00	0.00e+00	0.00e+00	2.56e-03	1.97e-07	2.14e-07
 7.20076e+19	3.05e-03	2.45e-01	7.36e-01	1.58e-02	3.56e-04	1.59e-06	0.00e+00	0.00e+00	0.00e+00	3.05e-03	2.36e-07	2.54e-07
 7.55052e+19	3.76e-03	2.71e-01	7.12e-01	1.28e-02	2.80e-04	1.13e-06	0.00e+00	0.00e+00	0.00e+00	3.76e-03	2.94e-07	3.13e-07
 7.91802e+19	4.70e-03	3.00e-01	6.85e-01	1.03e-02	2.20e-04	7.93e-07	0.00e+00	0.00e+00	0.00e+00	4.70e-03	3.73e-07	3.91e-07
 8.22379e+19	5.70e-03	3.26e-01	6.59e-01	8.52e-03	1.80e-04	5.85e-07	0.00e+00	0.00e+00	0.00e+00	5.70e-03	4.58e-07	4.73e-07
 8.48793e+19	6.78e-03	3.52e-01	6.34e-01	7.15e-03	1.50e-04	4.44e-07	0.00e+00	0.00e+00	0.00e+00	6.78e-03	5.52e-07	5.62e-07
 8.78276e+19	8.31e-03	3.83e-01	6.03e-01	5.78e-03	1.22e-04	3.21e-07	0.00e+00	0.00e+00	0.00e+00	8.30e-03	6.89e-07	6.87e-07
 9.09737e+19	1.04e-02	4.19e-01	5.66e-01	4.58e-03	9.86e-05	2.25e-07	0.00e+00	0.00e+00	0.00e+00	1.04e-02	8.77e-07	8.56e-07
 9.36480e+19	1.26e-02	4.51e-01	5.33e-01	3.70e-03	8.20e-05	1.65e-07	0.00e+00	0.00e+00	0.00e+00	1.26e-02	1.09e-06	1.04e-06
 9.59589e+19	1.50e-02	4.81e-01	5.01e-01	3.04e-03	6.94e-05	1.24e-07	0.00e+00	0.00e+00	0.00e+00	1.50e-02	1.32e-06	1.23e-06
 9.85266e+19	1.83e-02	5.16e-01	4.63e-01	2.39e-03	5.72e-05	0.00e+00	0.00e+00	0.00e+00	0.00e+00	1.83e-02	1.64e-06	1.50e-06
 1.01277e+20	2.28e-02	5.55e-01	4.20e-01	1.83e-03	4.64e-05	0.00e+00	0.00e+00	0.00e+00	0.00e+00	2.28e-02	2.09e-06	1.86e-06
 1.03640e+20	2.77e-02	5.89e-01	3.82e-01	1.42e-03	3.84e-05	0.00e+00	0.00e+00	0.00e+00	0.00e+00	2.77e-02	2.59e-06	2.25e-06
 1.05699e+20	3.30e-02	6.19e-01	3.47e-01	1.12e-03	3.22e-05	0.00e+00	0.00e+00	0.00e+00	0.00e+00	3.30e-02	3.13e-06	2.67e-06
 1.07986e+20	4.04e-02	6.52e-01	3.07e-01	8.38e-04	2.61e-05	0.00e+00	0.00e+00	0.00e+00	0.00e+00	4.03e-02	3.89e-06	3.24e-06
 1.10435e+20	4.99e-02	6.84e-01	2.65e-01	6.06e-04	2.07e-05	0.00e+00	0.00e+00	0.00e+00	0.00e+00	4.99e-02	4.88e-06	3.98e-06
 1.12570e+20	6.06e-02	7.10e-01	2.29e-01	4.43e-04	1.65e-05	0.00e+00	0.00e+00	0.00e+00	0.00e+00	6.06e-02	5.98e-06	4.79e-06
 1.14340e+20	7.11e-02	7.29e-01	2.00e-01	3.36e-04	1.35e-05	0.00e+00	0.00e+00	0.00e+00	0.00e+00	7.11e-02	7.06e-06	5.58e-06
 1.15867e+20	8.18e-02	7.42e-01	1.75e-01	2.61e-04	1.12e-05	0.00e+00	0.00e+00	0.00e+00	0.00e+00	8.18e-02	8.14e-06	6.36e-06
 1.17558e+20	9.61e-02	7.54e-01	1.49e-01	1.92e-04	8.94e-06	0.00e+00	0.00e+00	0.00e+00	0.00e+00	9.61e-02	9.56e-06	7.39e-06
 1.19289e+20	1.13e-01	7.62e-01	1.25e-01	1.40e-04	7.05e-06	0.00e+00	0.00e+00	0.00e+00	0.00e+00	1.13e-01	1.12e-05	8.54e-06
 1.20665e+20	1.28e-01	7.64e-01	1.08e-01	1.08e-04	5.75e-06	0.00e+00	0.00e+00	0.00e+00	0.00e+00	1.28e-01	1.26e-05	9.57e-06
 1.21827e+20	1.42e-01	7.64e-01	9.37e-02	8.49e-05	4.77e-06	0.00e+00	0.00e+00	0.00e+00	0.00e+00	1.42e-01	1.39e-05	1.05e-05
 1.23119e+20	1.61e-01	7.60e-01	7.92e-02	6.43e-05	3.82e-06	0.00e+00	0.00e+00	0.00e+00	0.00e+00	1.61e-01	1.56e-05	1.17e-05
 1.24483e+20	1.82e-01	7.52e-01	6.60e-02	4.81e-05	3.01e-06	0.00e+00	0.00e+00	0.00e+00	0.00e+00	1.81e-01	1.74e-05	1.30e-05
 1.25638e+20	2.01e-01	7.43e-01	5.59e-02	3.74e-05	2.43e-06	0.00e+00	0.00e+00	0.00e+00	0.00e+00	2.01e-01	1.90e-05	1.41e-05
 1.26642e+20	2.20e-01	7.32e-01	4.80e-02	2.98e-05	2.00e-06	0.00e+00	0.00e+00	0.00e+00	0.00e+00	2.20e-01	2.05e-05	1.52e-05
 1.27758e+20	2.42e-01	7.18e-01	4.01e-02	2.29e-05	1.59e-06	0.00e+00	0.00e+00	0.00e+00	0.00e+00	2.42e-01	2.22e-05	1.64e-05
 1.28957e+20	2.67e-01	7.00e-01	3.29e-02	1.74e-05	1.23e-06	0.00e+00	0.00e+00	0.00e+00	0.00e+00	2.67e-01	2.39e-05	1.77e-05
 1.30008e+20	2.91e-01	6.82e-01	2.74e-02	1.37e-05	9.84e-07	0.00e+00	0.00e+00	0.00e+00	0.00e+00	2.91e-01	2.55e-05	1.88e-05
 1.30962e+20	3.13e-01	6.64e-01	2.31e-02	1.10e-05	7.94e-07	0.00e+00	0.00e+00	0.00e+00	0.00e+00	3.13e-01	2.69e-05	1.98e-05
 1.32046e+20	3.40e-01	6.41e-01	1.87e-02	8.51e-06	6.13e-07	0.00e+00	0.00e+00	0.00e+00	0.00e+00	3.40e-01	2.84e-05	2.09e-05
 1.33232e+20	3.70e-01	6.15e-01	1.49e-02	6.52e-06	4.63e-07	0.00e+00	0.00e+00	0.00e+00	0.00e+00	3.70e-01	3.00e-05	2.19e-05
 1.34314e+20	3.98e-01	5.90e-01	1.20e-02	5.14e-06	3.56e-07	0.00e+00	0.00e+00	0.00e+00	0.00e+00	3.98e-01	3.12e-05	2.28e-05
 1.35380e+20	4.27e-01	5.64e-01	9.53e-03	4.07e-06	2.71e-07	0.00e+00	0.00e+00	0.00e+00	0.00e+00	4.27e-01	3.24e-05	2.36e-05
 1.36516e+20	4.57e-01	5.35e-01	7.46e-03	3.21e-06	2.03e-07	0.00e+00	0.00e+00	0.00e+00	0.00e+00	4.57e-01	3.34e-05	2.43e-05
 1.37616e+20	4.87e-01	5.07e-01	5.85e-03	2.57e-06	1.52e-07	0.00e+00	0.00e+00	0.00e+00	0.00e+00	4.87e-01	3.42e-05	2.49e-05
 1.38603e+20	5.13e-01	4.82e-01	4.68e-03	2.13e-06	0.00e+00	0.00e+00	0.00e+00	0.00e+00	0.00e+00	5.13e-01	3.47e-05	2.52e-05
 1.39506e+20	5.37e-01	4.59e-01	3.80e-03	1.80e-06	0.00e+00	0.00e+00	0.00e+00	0.00e+00	0.00e+00	5.37e-01	3.50e-05	2.55e-05
 1.40373e+20	5.60e-01	4.37e-01	3.10e-03	1.55e-06	0.00e+00	0.00e+00	0.00e+00	0.00e+00	0.00e+00	5.60e-01	3.52e-05	2.56e-05
 1.41225e+20	5.82e-01	4.16e-01	2.53e-03	1.34e-06	0.00e+00	0.00e+00	0.00e+00	0.00e+00	0.00e+00	5.82e-01	3.53e-05	2.56e-05
 1.41895e+20	5.97e-01	4.01e-01	2.18e-03	1.21e-06	0.00e+00	0.00e+00	0.00e+00	0.00e+00	0.00e+00	5.97e-01	3.53e-05	2.56e-05
 1.42349e+20	6.08e-01	3.90e-01	1.96e-03	1.13e-06	0.00e+00	0.00e+00	0.00e+00	0.00e+00	0.00e+00	6.08e-01	3.53e-05	2.56e-05
 1.42788e+20	6.19e-01	3.80e-01	1.76e-03	1.05e-06	0.00e+00	0.00e+00	0.00e+00	0.00e+00	0.00e+00	6.19e-01	3.52e-05	2.55e-05
 1.43288e+20	6.31e-01	3.68e-01	1.55e-03	9.75e-07	0.00e+00	0.00e+00	0.00e+00	0.00e+00	0.00e+00	6.31e-01	3.51e-05	2.54e-05
 1.43823e+20	6.43e-01	3.56e-01	1.37e-03	9.04e-07	0.00e+00	0.00e+00	0.00e+00	0.00e+00	0.00e+00	6.43e-01	3.50e-05	2.53e-05
 1.44363e+20	6.55e-01	3.44e-01	1.20e-03	8.37e-07	0.00e+00	0.00e+00	0.00e+00	0.00e+00	0.00e+00	6.55e-01	3.48e-05	2.51e-05
 1.44893e+20	6.66e-01	3.33e-01	1.06e-03	7.80e-07	0.00e+00	0.00e+00	0.00e+00	0.00e+00	0.00e+00	6.66e-01	3.46e-05	2.50e-05
 1.45422e+20	6.77e-01	3.22e-01	9.32e-04	7.27e-07	0.00e+00	0.00e+00	0.00e+00	0.00e+00	0.00e+00	6.77e-01	3.43e-05	2.48e-05
 1.45965e+20	6.88e-01	3.11e-01	8.20e-04	6.80e-07	0.00e+00	0.00e+00	0.00e+00	0.00e+00	0.00e+00	6.88e-01	3.41e-05	2.46e-05
 1.46522e+20	6.99e-01	3.00e-01	7.20e-04	6.35e-07	0.00e+00	0.00e+00	0.00e+00	0.00e+00	0.00e+00	6.99e-01	3.38e-05	2.44e-05
 1.47091e+20	7.10e-01	2.89e-01	6.30e-04	5.94e-07	0.00e+00	0.00e+00	0.00e+00	0.00e+00	0.00e+00	7.10e-01	3.35e-05	2.41e-05
 1.47661e+20	7.20e-01	2.79e-01	5.54e-04	5.57e-07	0.00e+00	0.00e+00	0.00e+00	0.00e+00	0.00e+00	7.20e-01	3.32e-05	2.39e-05
 1.48244e+20	7.30e-01	2.69e-01	4.85e-04	5.22e-07	0.00e+00	0.00e+00	0.00e+00	0.00e+00	0.00e+00	7.30e-01	3.28e-05	2.36e-05
 1.48845e+20	7.40e-01	2.60e-01	4.25e-04	4.91e-07	0.00e+00	0.00e+00	0.00e+00	0.00e+00	0.00e+00	7.40e-01	3.24e-05	2.34e-05
 1.49464e+20	7.49e-01	2.50e-01	3.72e-04	4.62e-07	0.00e+00	0.00e+00	0.00e+00	0.00e+00	0.00e+00	7.49e-01	3.21e-05	2.31e-05
 1.50101e+20	7.58e-01	2.41e-01	3.26e-04	4.35e-07	0.00e+00	0.00e+00	0.00e+00	0.00e+00	0.00e+00	7.58e-01	3.17e-05	2.28e-05
 1.50759e+20	7.67e-01	2.32e-01	2.86e-04	4.10e-07	0.00e+00	0.00e+00	0.00e+00	0.00e+00	0.00e+00	7.67e-01	3.13e-05	2.25e-05
 1.51448e+20	7.76e-01	2.24e-01	2.50e-04	3.87e-07	0.00e+00	0.00e+00	0.00e+00	0.00e+00	0.00e+00	7.76e-01	3.09e-05	2.22e-05
 1.52174e+20	7.85e-01	2.15e-01	2.19e-04	3.65e-07	0.00e+00	0.00e+00	0.00e+00	0.00e+00	0.00e+00	7.84e-01	3.04e-05	2.19e-05
 1.52936e+20	7.92e-01	2.07e-01	1.92e-04	3.46e-07	0.00e+00	0.00e+00	0.00e+00	0.00e+00	0.00e+00	7.92e-01	3.00e-05	2.16e-05
 1.53743e+20	8.00e-01	2.00e-01	1.69e-04	3.27e-07	0.00e+00	0.00e+00	0.00e+00	0.00e+00	0.00e+00	8.00e-01	2.96e-05	2.12e-05
 1.54616e+20	8.07e-01	1.92e-01	1.49e-04	3.11e-07	0.00e+00	0.00e+00	0.00e+00	0.00e+00	0.00e+00	8.07e-01	2.92e-05	2.09e-05
 1.55549e+20	8.14e-01	1.85e-01	1.31e-04	2.95e-07	0.00e+00	0.00e+00	0.00e+00	0.00e+00	0.00e+00	8.14e-01	2.88e-05	2.06e-05
 1.56549e+20	8.21e-01	1.79e-01	1.17e-04	2.81e-07	0.00e+00	0.00e+00	0.00e+00	0.00e+00	0.00e+00	8.21e-01	2.84e-05	2.03e-05
 1.57645e+20	8.27e-01	1.73e-01	1.04e-04	2.69e-07	0.00e+00	0.00e+00	0.00e+00	0.00e+00	0.00e+00	8.27e-01	2.80e-05	2.01e-05
 1.58861e+20	8.32e-01	1.68e-01	9.37e-05	2.57e-07	0.00e+00	0.00e+00	0.00e+00	0.00e+00	0.00e+00	8.32e-01	2.77e-05	1.98e-05
 1.60244e+20	8.37e-01	1.63e-01	8.47e-05	2.47e-07	0.00e+00	0.00e+00	0.00e+00	0.00e+00	0.00e+00	8.37e-01	2.73e-05	1.95e-05
 1.61712e+20	8.42e-01	1.58e-01	7.77e-05	2.38e-07	0.00e+00	0.00e+00	0.00e+00	0.00e+00	0.00e+00	8.42e-01	2.70e-05	1.93e-05
 1.63154e+20	8.45e-01	1.55e-01	7.25e-05	2.32e-07	0.00e+00	0.00e+00	0.00e+00	0.00e+00	0.00e+00	8.45e-01	2.68e-05	1.91e-05
 1.64575e+20	8.48e-01	1.52e-01	6.85e-05	2.26e-07	0.00e+00	0.00e+00	0.00e+00	0.00e+00	0.00e+00	8.48e-01	2.66e-05	1.90e-05
 1.66198e+20	8.51e-01	1.49e-01	6.46e-05	2.21e-07	0.00e+00	0.00e+00	0.00e+00	0.00e+00	0.00e+00	8.51e-01	2.64e-05	1.88e-05
 1.68309e+20	8.54e-01	1.46e-01	6.07e-05	2.15e-07	0.00e+00	0.00e+00	0.00e+00	0.00e+00	0.00e+00	8.54e-01	2.62e-05	1.87e-05
 1.71052e+20	8.57e-01	1.43e-01	5.66e-05	2.09e-07	0.00e+00	0.00e+00	0.00e+00	0.00e+00	0.00e+00	8.57e-01	2.59e-05	1.85e-05
 1.74618e+20	8.61e-01	1.39e-01	5.24e-05	2.02e-07	0.00e+00	0.00e+00	0.00e+00	0.00e+00	0.00e+00	8.61e-01	2.56e-05	1.83e-05
 1.79254e+20	8.65e-01	1.35e-01	4.79e-05	1.94e-07	0.00e+00	0.00e+00	0.00e+00	0.00e+00	0.00e+00	8.65e-01	2.53e-05	1.80e-05
 1.85142e+20	8.70e-01	1.30e-01	4.33e-05	1.86e-07	0.00e+00	0.00e+00	0.00e+00	0.00e+00	0.00e+00	8.70e-01	2.49e-05	1.78e-05
 1.91882e+20	8.74e-01	1.26e-01	3.90e-05	1.77e-07	0.00e+00	0.00e+00	0.00e+00	0.00e+00	0.00e+00	8.74e-01	2.45e-05	1.75e-05
 1.98834e+20	8.79e-01	1.21e-01	3.53e-05	1.69e-07	0.00e+00	0.00e+00	0.00e+00	0.00e+00	0.00e+00	8.79e-01	2.42e-05	1.72e-05
 2.05916e+20	8.83e-01	1.17e-01	3.21e-05	1.62e-07	0.00e+00	0.00e+00	0.00e+00	0.00e+00	0.00e+00	8.83e-01	2.38e-05	1.69e-05
 2.13327e+20	8.87e-01	1.13e-01	2.93e-05	1.55e-07	0.00e+00	0.00e+00	0.00e+00	0.00e+00	0.00e+00	8.87e-01	2.35e-05	1.67e-05
 2.21190e+20	8.91e-01	1.09e-01	2.68e-05	1.48e-07	0.00e+00	0.00e+00	0.00e+00	0.00e+00	0.00e+00	8.91e-01	2.32e-05	1.64e-05
 2.29469e+20	8.95e-01	1.05e-01	2.46e-05	1.42e-07	0.00e+00	0.00e+00	0.00e+00	0.00e+00	0.00e+00	8.95e-01	2.28e-05	1.62e-05
 2.38126e+20	8.99e-01	1.01e-01	2.26e-05	1.36e-07	0.00e+00	0.00e+00	0.00e+00	0.00e+00	0.00e+00	8.99e-01	2.25e-05	1.59e-05
 2.47179e+20	9.02e-01	9.75e-02	2.09e-05	1.30e-07	0.00e+00	0.00e+00	0.00e+00	0.00e+00	0.00e+00	9.02e-01	2.22e-05	1.57e-05
 2.56685e+20	9.06e-01	9.41e-02	1.94e-05	1.25e-07	0.00e+00	0.00e+00	0.00e+00	0.00e+00	0.00e+00	9.06e-01	2.19e-05	1.55e-05
 2.66668e+20	9.09e-01	9.08e-02	1.80e-05	1.19e-07	0.00e+00	0.00e+00	0.00e+00	0.00e+00	0.00e+00	9.09e-01	2.16e-05	1.53e-05
 2.77162e+20	9.12e-01	8.76e-02	1.68e-05	0.00e+00	0.00e+00	0.00e+00	0.00e+00	0.00e+00	0.00e+00	9.12e-01	2.14e-05	1.51e-05
 2.88185e+20	9.16e-01	8.45e-02	1.57e-05	0.00e+00	0.00e+00	0.00e+00	0.00e+00	0.00e+00	0.00e+00	9.15e-01	2.11e-05	1.48e-05
 2.99733e+20	9.18e-01	8.16e-02	1.48e-05	0.00e+00	0.00e+00	0.00e+00	0.00e+00	0.00e+00	0.00e+00	9.18e-01	2.08e-05	1.46e-05
 3.11839e+20	9.21e-01	7.86e-02	1.39e-05	0.00e+00	0.00e+00	0.00e+00	0.00e+00	0.00e+00	0.00e+00	9.21e-01	2.06e-05	1.44e-05
 3.24579e+20	9.24e-01	7.59e-02	1.32e-05	0.00e+00	0.00e+00	0.00e+00	0.00e+00	0.00e+00	0.00e+00	9.24e-01	2.03e-05	1.43e-05
 3.37974e+20	9.27e-01	7.32e-02	1.25e-05	0.00e+00	0.00e+00	0.00e+00	0.00e+00	0.00e+00	0.00e+00	9.27e-01	2.01e-05	1.41e-05
 3.52074e+20	9.29e-01	7.07e-02	1.19e-05	0.00e+00	0.00e+00	0.00e+00	0.00e+00	0.00e+00	0.00e+00	9.29e-01	1.99e-05	1.39e-05
 3.66895e+20	9.32e-01	6.82e-02	1.14e-05	0.00e+00	0.00e+00	0.00e+00	0.00e+00	0.00e+00	0.00e+00	9.32e-01	1.97e-05	1.37e-05
 3.82420e+20	9.34e-01	6.58e-02	1.09e-05	0.00e+00	0.00e+00	0.00e+00	0.00e+00	0.00e+00	0.00e+00	9.34e-01	1.94e-05	1.36e-05
 3.98713e+20	9.37e-01	6.35e-02	1.05e-05	0.00e+00	0.00e+00	0.00e+00	0.00e+00	0.00e+00	0.00e+00	9.36e-01	1.92e-05	1.34e-05
 4.15889e+20	9.39e-01	6.13e-02	1.01e-05	0.00e+00	0.00e+00	0.00e+00	0.00e+00	0.00e+00	0.00e+00	9.39e-01	1.90e-05	1.32e-05
 4.33970e+20	9.41e-01	5.91e-02	9.71e-06	0.00e+00	0.00e+00	0.00e+00	0.00e+00	0.00e+00	0.00e+00	9.41e-01	1.89e-05	1.31e-05
 4.53035e+20	9.43e-01	5.71e-02	9.39e-06	0.00e+00	0.00e+00	0.00e+00	0.00e+00	0.00e+00	0.00e+00	9.43e-01	1.87e-05	1.29e-05
 4.73106e+20	9.45e-01	5.50e-02	9.11e-06	0.00e+00	0.00e+00	0.00e+00	0.00e+00	0.00e+00	0.00e+00	9.45e-01	1.85e-05	1.28e-05
 4.94150e+20	9.47e-01	5.32e-02	8.85e-06	0.00e+00	0.00e+00	0.00e+00	0.00e+00	0.00e+00	0.00e+00	9.47e-01	1.83e-05	1.26e-05
 5.16277e+20	9.49e-01	5.13e-02	8.61e-06	0.00e+00	0.00e+00	0.00e+00	0.00e+00	0.00e+00	0.00e+00	9.49e-01	1.82e-05	1.25e-05
 5.39655e+20	9.50e-01	4.95e-02	8.39e-06	0.00e+00	0.00e+00	0.00e+00	0.00e+00	0.00e+00	0.00e+00	9.50e-01	1.80e-05	1.24e-05
 5.64426e+20	9.52e-01	4.78e-02	8.19e-06	0.00e+00	0.00e+00	0.00e+00	0.00e+00	0.00e+00	0.00e+00	9.52e-01	1.79e-05	1.22e-05
 5.90514e+20	9.54e-01	4.61e-02	8.01e-06	0.00e+00	0.00e+00	0.00e+00	0.00e+00	0.00e+00	0.00e+00	9.54e-01	1.77e-05	1.21e-05
 6.17897e+20	9.55e-01	4.45e-02	7.84e-06	0.00e+00	0.00e+00	0.00e+00	0.00e+00	0.00e+00	0.00e+00	9.55e-01	1.76e-05	1.20e-05
 6.47021e+20	9.57e-01	4.30e-02	7.67e-06	0.00e+00	0.00e+00	0.00e+00	0.00e+00	0.00e+00	0.00e+00	9.57e-01	1.75e-05	1.19e-05
 6.77956e+20	9.59e-01	4.15e-02	7.52e-06	0.00e+00	0.00e+00	0.00e+00	0.00e+00	0.00e+00	0.00e+00	9.59e-01	1.73e-05	1.18e-05
 7.10500e+20	9.60e-01	4.01e-02	7.38e-06	0.00e+00	0.00e+00	0.00e+00	0.00e+00	0.00e+00	0.00e+00	9.60e-01	1.72e-05	1.17e-05
 7.44894e+20	9.61e-01	3.87e-02	7.25e-06	0.00e+00	0.00e+00	0.00e+00	0.00e+00	0.00e+00	0.00e+00	9.61e-01	1.71e-05	1.16e-05
 7.81691e+20	9.63e-01	3.73e-02	7.12e-06	0.00e+00	0.00e+00	0.00e+00	0.00e+00	0.00e+00	0.00e+00	9.63e-01	1.70e-05	1.15e-05
 8.20979e+20	9.64e-01	3.60e-02	6.99e-06	0.00e+00	0.00e+00	0.00e+00	0.00e+00	0.00e+00	0.00e+00	9.64e-01	1.69e-05	1.14e-05
 8.62581e+20	9.65e-01	3.48e-02	6.87e-06	0.00e+00	0.00e+00	0.00e+00	0.00e+00	0.00e+00	0.00e+00	9.65e-01	1.68e-05	1.13e-05
 9.06859e+20	9.66e-01	3.36e-02	6.75e-06	0.00e+00	0.00e+00	0.00e+00	0.00e+00	0.00e+00	0.00e+00	9.66e-01	1.67e-05	1.12e-05
 9.54437e+20	9.68e-01	3.25e-02	6.63e-06	0.00e+00	0.00e+00	0.00e+00	0.00e+00	0.00e+00	0.00e+00	9.67e-01	1.67e-05	1.11e-05
 1.00559e+21	9.69e-01	3.14e-02	6.51e-06	0.00e+00	0.00e+00	0.00e+00	0.00e+00	0.00e+00	0.00e+00	9.69e-01	1.66e-05	1.10e-05
 1.06080e+21	9.70e-01	3.03e-02	6.39e-06	0.00e+00	0.00e+00	0.00e+00	0.00e+00	0.00e+00	0.00e+00	9.70e-01	1.65e-05	1.09e-05
 1.12039e+21	9.71e-01	2.93e-02	6.27e-06	0.00e+00	0.00e+00	0.00e+00	0.00e+00	0.00e+00	0.00e+00	9.71e-01	1.65e-05	1.08e-05
 1.18460e+21	9.72e-01	2.83e-02	6.14e-06	0.00e+00	0.00e+00	0.00e+00	0.00e+00	0.00e+00	0.00e+00	9.72e-01	1.65e-05	1.08e-05
 1.25434e+21	9.73e-01	2.73e-02	6.01e-06	0.00e+00	0.00e+00	0.00e+00	0.00e+00	0.00e+00	0.00e+00	9.73e-01	1.64e-05	1.07e-05
 1.33083e+21	9.74e-01	2.65e-02	5.88e-06	0.00e+00	0.00e+00	0.00e+00	0.00e+00	0.00e+00	0.00e+00	9.74e-01	1.64e-05	1.06e-05
 1.41496e+21	9.74e-01	2.56e-02	5.74e-06	0.00e+00	0.00e+00	0.00e+00	0.00e+00	0.00e+00	0.00e+00	9.74e-01	1.64e-05	1.06e-05
 1.50834e+21	9.75e-01	2.47e-02	5.59e-06	0.00e+00	0.00e+00	0.00e+00	0.00e+00	0.00e+00	0.00e+00	9.75e-01	1.64e-05	1.05e-05
 1.61225e+21	9.76e-01	2.39e-02	5.43e-06	0.00e+00	0.00e+00	0.00e+00	0.00e+00	0.00e+00	0.00e+00	9.76e-01	1.64e-05	1.04e-05
 1.72799e+21	9.77e-01	2.32e-02	5.26e-06	0.00e+00	0.00e+00	0.00e+00	0.00e+00	0.00e+00	0.00e+00	9.77e-01	1.64e-05	1.04e-05
 1.85884e+21	9.78e-01	2.24e-02	5.08e-06	0.00e+00	0.00e+00	0.00e+00	0.00e+00	0.00e+00	0.00e+00	9.78e-01	1.64e-05	1.03e-05
 2.00919e+21	9.78e-01	2.17e-02	4.87e-06	0.00e+00	0.00e+00	0.00e+00	0.00e+00	0.00e+00	0.00e+00	9.78e-01	1.65e-05	1.03e-05
 2.18343e+21	9.79e-01	2.10e-02	4.65e-06	0.00e+00	0.00e+00	0.00e+00	0.00e+00	0.00e+00	0.00e+00	9.79e-01	1.66e-05	1.02e-05
 2.38902e+21	9.80e-01	2.04e-02	4.41e-06	0.00e+00	0.00e+00	0.00e+00	0.00e+00	0.00e+00	0.00e+00	9.80e-01	1.67e-05	1.01e-05
 2.62617e+21	9.80e-01	1.98e-02	4.14e-06	0.00e+00	0.00e+00	0.00e+00	0.00e+00	0.00e+00	0.00e+00	9.80e-01	1.68e-05	1.01e-05
 2.88879e+21	9.81e-01	1.93e-02	3.87e-06	0.00e+00	0.00e+00	0.00e+00	0.00e+00	0.00e+00	0.00e+00	9.81e-01	1.70e-05	1.01e-05
 3.17767e+21	9.81e-01	1.89e-02	3.60e-06	0.00e+00	0.00e+00	0.00e+00	0.00e+00	0.00e+00	0.00e+00	9.81e-01	1.72e-05	1.00e-05
 3.49543e+21	9.82e-01	1.85e-02	3.33e-06	0.00e+00	0.00e+00	0.00e+00	0.00e+00	0.00e+00	0.00e+00	9.81e-01	1.74e-05	9.99e-06
 3.84498e+21	9.82e-01	1.82e-02	3.05e-06	0.00e+00	0.00e+00	0.00e+00	0.00e+00	0.00e+00	0.00e+00	9.82e-01	1.76e-05	9.96e-06
 4.22947e+21	9.82e-01	1.79e-02	2.78e-06	0.00e+00	0.00e+00	0.00e+00	0.00e+00	0.00e+00	0.00e+00	9.82e-01	1.79e-05	9.94e-06
 4.63121e+21	9.82e-01	1.76e-02	2.53e-06	0.00e+00	0.00e+00	0.00e+00	0.00e+00	0.00e+00	0.00e+00	9.82e-01	1.82e-05	9.92e-06
 5.01608e+21	9.83e-01	1.75e-02	2.32e-06	0.00e+00	0.00e+00	0.00e+00	0.00e+00	0.00e+00	0.00e+00	9.82e-01	1.85e-05	9.90e-06
 5.37528e+21	9.83e-01	1.73e-02	2.14e-06	0.00e+00	0.00e+00	0.00e+00	0.00e+00	0.00e+00	0.00e+00	9.83e-01	1.87e-05	9.89e-06
 5.77705e+21	9.83e-01	1.72e-02	1.95e-06	0.00e+00	0.00e+00	0.00e+00	0.00e+00	0.00e+00	0.00e+00	9.83e-01	1.90e-05	9.87e-06
 6.21059e+21	9.83e-01	1.71e-02	1.77e-06	0.00e+00	0.00e+00	0.00e+00	0.00e+00	0.00e+00	0.00e+00	9.83e-01	1.93e-05	9.86e-06
 6.58520e+21	9.83e-01	1.70e-02	1.64e-06	0.00e+00	0.00e+00	0.00e+00	0.00e+00	0.00e+00	0.00e+00	9.83e-01	1.95e-05	9.86e-06
 6.91242e+21	9.83e-01	1.70e-02	1.53e-06	0.00e+00	0.00e+00	0.00e+00	0.00e+00	0.00e+00	0.00e+00	9.83e-01	1.97e-05	9.85e-06
 7.27829e+21	9.83e-01	1.69e-02	1.41e-06	0.00e+00	0.00e+00	0.00e+00	0.00e+00	0.00e+00	0.00e+00	9.83e-01	1.99e-05	9.85e-06
 7.69120e+21	9.83e-01	1.69e-02	1.30e-06	0.00e+00	0.00e+00	0.00e+00	0.00e+00	0.00e+00	0.00e+00	9.83e-01	2.01e-05	9.84e-06
 8.07368e+21	9.83e-01	1.68e-02	1.21e-06	0.00e+00	0.00e+00	0.00e+00	0.00e+00	0.00e+00	0.00e+00	9.83e-01	2.04e-05	9.83e-06
 8.40963e+21	9.83e-01	1.68e-02	1.13e-06	0.00e+00	0.00e+00	0.00e+00	0.00e+00	0.00e+00	0.00e+00	9.83e-01	2.06e-05	9.83e-06
 8.77669e+21	9.83e-01	1.67e-02	1.05e-06	0.00e+00	0.00e+00	0.00e+00	0.00e+00	0.00e+00	0.00e+00	9.83e-01	2.07e-05	9.83e-06
 9.18764e+21	9.83e-01	1.67e-02	9.73e-07	0.00e+00	0.00e+00	0.00e+00	0.00e+00	0.00e+00	0.00e+00	9.83e-01	2.09e-05	9.82e-06
 9.56739e+21	9.83e-01	1.67e-02	9.08e-07	0.00e+00	0.00e+00	0.00e+00	0.00e+00	0.00e+00	0.00e+00	9.83e-01	2.11e-05	9.82e-06
 9.90987e+21	9.83e-01	1.67e-02	8.54e-07	0.00e+00	0.00e+00	0.00e+00	0.00e+00	0.00e+00	0.00e+00	9.83e-01	2.12e-05	9.82e-06
 1.02921e+22	9.83e-01	1.67e-02	7.96e-07	0.00e+00	0.00e+00	0.00e+00	0.00e+00	0.00e+00	0.00e+00	9.83e-01	2.14e-05	9.82e-06
 1.07141e+22	9.83e-01	1.66e-02	7.39e-07	0.00e+00	0.00e+00	0.00e+00	0.00e+00	0.00e+00	0.00e+00	9.83e-01	2.15e-05	9.82e-06
 1.10955e+22	9.83e-01	1.66e-02	6.93e-07	0.00e+00	0.00e+00	0.00e+00	0.00e+00	0.00e+00	0.00e+00	9.83e-01	2.17e-05	9.82e-06
 1.14386e+22	9.83e-01	1.66e-02	6.55e-07	0.00e+00	0.00e+00	0.00e+00	0.00e+00	0.00e+00	0.00e+00	9.83e-01	2.18e-05	9.82e-06
 1.18239e+22	9.83e-01	1.66e-02	6.13e-07	0.00e+00	0.00e+00	0.00e+00	0.00e+00	0.00e+00	0.00e+00	9.83e-01	2.19e-05	9.82e-06
 1.22540e+22	9.83e-01	1.66e-02	5.72e-07	0.00e+00	0.00e+00	0.00e+00	0.00e+00	0.00e+00	0.00e+00	9.83e-01	2.20e-05	9.81e-06
 1.26485e+22	9.83e-01	1.66e-02	5.38e-07	0.00e+00	0.00e+00	0.00e+00	0.00e+00	0.00e+00	0.00e+00	9.83e-01	2.21e-05	9.81e-06
 1.30032e+22	9.83e-01	1.66e-02	5.09e-07	0.00e+00	0.00e+00	0.00e+00	0.00e+00	0.00e+00	0.00e+00	9.83e-01	2.22e-05	9.81e-06
 1.34002e+22	9.83e-01	1.66e-02	4.78e-07	0.00e+00	0.00e+00	0.00e+00	0.00e+00	0.00e+00	0.00e+00	9.83e-01	2.22e-05	9.81e-06
 1.38445e+22	9.83e-01	1.66e-02	4.48e-07	0.00e+00	0.00e+00	0.00e+00	0.00e+00	0.00e+00	0.00e+00	9.83e-01	2.23e-05	9.81e-06
 1.42548e+22	9.83e-01	1.66e-02	4.22e-07	0.00e+00	0.00e+00	0.00e+00	0.00e+00	0.00e+00	0.00e+00	9.83e-01	2.24e-05	9.81e-06
 1.46278e+22	9.83e-01	1.66e-02	4.00e-07	0.00e+00	0.00e+00	0.00e+00	0.00e+00	0.00e+00	0.00e+00	9.83e-01	2.24e-05	9.81e-06
 1.50477e+22	9.83e-01	1.66e-02	3.76e-07	0.00e+00	0.00e+00	0.00e+00	0.00e+00	0.00e+00	0.00e+00	9.83e-01	2.24e-05	9.81e-06
 1.55185e+22	9.83e-01	1.66e-02	3.53e-07	0.00e+00	0.00e+00	0.00e+00	0.00e+00	0.00e+00	0.00e+00	9.83e-01	2.24e-05	9.81e-06
 1.59567e+22	9.83e-01	1.66e-02	3.33e-07	0.00e+00	0.00e+00	0.00e+00	0.00e+00	0.00e+00	0.00e+00	9.83e-01	2.24e-05	9.81e-06
 1.63607e+22	9.83e-01	1.66e-02	3.16e-07	0.00e+00	0.00e+00	0.00e+00	0.00e+00	0.00e+00	0.00e+00	9.83e-01	2.24e-05	9.81e-06
 1.68191e+22	9.83e-01	1.66e-02	2.97e-07	0.00e+00	0.00e+00	0.00e+00	0.00e+00	0.00e+00	0.00e+00	9.83e-01	2.24e-05	9.81e-06
 1.74150e+22	9.83e-01	1.66e-02	2.75e-07	0.00e+00	0.00e+00	0.00e+00	0.00e+00	0.00e+00	0.00e+00	9.83e-01	2.24e-05	9.81e-06
 1.80230e+22	9.83e-01	1.66e-02	2.55e-07	0.00e+00	0.00e+00	0.00e+00	0.00e+00	0.00e+00	0.00e+00	9.83e-01	2.23e-05	9.81e-06
 1.85182e+22	9.83e-01	1.66e-02	2.41e-07	0.00e+00	0.00e+00	0.00e+00	0.00e+00	0.00e+00	0.00e+00	9.83e-01	2.22e-05	9.81e-06
 1.90339e+22	9.83e-01	1.66e-02	2.26e-07	0.00e+00	0.00e+00	0.00e+00	0.00e+00	0.00e+00	0.00e+00	9.83e-01	2.21e-05	9.81e-06
 1.97042e+22	9.83e-01	1.66e-02	2.09e-07	0.00e+00	0.00e+00	0.00e+00	0.00e+00	0.00e+00	0.00e+00	9.83e-01	2.20e-05	9.81e-06
 2.05756e+22	9.83e-01	1.66e-02	1.89e-07	0.00e+00	0.00e+00	0.00e+00	0.00e+00	0.00e+00	0.00e+00	9.83e-01	2.17e-05	9.81e-06
 2.15337e+22	9.83e-01	1.66e-02	1.71e-07	0.00e+00	0.00e+00	0.00e+00	0.00e+00	0.00e+00	0.00e+00	9.83e-01	2.14e-05	9.82e-06
 2.24421e+22	9.83e-01	1.67e-02	1.55e-07	0.00e+00	0.00e+00	0.00e+00	0.00e+00	0.00e+00	0.00e+00	9.83e-01	2.10e-05	9.82e-06
 2.32836e+22	9.83e-01	1.67e-02	1.43e-07	0.00e+00	0.00e+00	0.00e+00	0.00e+00	0.00e+00	0.00e+00	9.83e-01	2.06e-05	9.82e-06
 2.40409e+22	9.83e-01	1.67e-02	1.33e-07	0.00e+00	0.00e+00	0.00e+00	0.00e+00	0.00e+00	0.00e+00	9.83e-01	2.01e-05	9.82e-06
 2.47225e+22	9.83e-01	1.67e-02	1.25e-07	0.00e+00	0.00e+00	0.00e+00	0.00e+00	0.00e+00	0.00e+00	9.83e-01	1.97e-05	9.82e-06
 2.53359e+22	9.83e-01	1.67e-02	1.18e-07	0.00e+00	0.00e+00	0.00e+00	0.00e+00	0.00e+00	0.00e+00	9.83e-01	1.93e-05	9.82e-06
 2.58880e+22	9.83e-01	1.67e-02	1.12e-07	0.00e+00	0.00e+00	0.00e+00	0.00e+00	0.00e+00	0.00e+00	9.83e-01	1.89e-05	9.82e-06
 2.63849e+22	9.83e-01	1.67e-02	1.07e-07	0.00e+00	0.00e+00	0.00e+00	0.00e+00	0.00e+00	0.00e+00	9.83e-01	1.85e-05	9.82e-06
 2.68321e+22	9.83e-01	1.67e-02	1.03e-07	0.00e+00	0.00e+00	0.00e+00	0.00e+00	0.00e+00	0.00e+00	9.83e-01	1.81e-05	9.82e-06
 2.72346e+22	9.83e-01	1.67e-02	9.98e-08	0.00e+00	0.00e+00	0.00e+00	0.00e+00	0.00e+00	0.00e+00	9.83e-01	1.78e-05	9.82e-06
 2.75968e+22	9.83e-01	1.67e-02	9.68e-08	0.00e+00	0.00e+00	0.00e+00	0.00e+00	0.00e+00	0.00e+00	9.83e-01	1.75e-05	9.82e-06
 2.79228e+22	9.83e-01	1.67e-02	9.42e-08	0.00e+00	0.00e+00	0.00e+00	0.00e+00	0.00e+00	0.00e+00	9.83e-01	1.72e-05	9.82e-06
 2.82315e+22	9.83e-01	1.67e-02	9.18e-08	0.00e+00	0.00e+00	0.00e+00	0.00e+00	0.00e+00	0.00e+00	9.83e-01	1.69e-05	9.82e-06
 2.85400e+22	9.83e-01	1.66e-02	8.95e-08	0.00e+00	0.00e+00	0.00e+00	0.00e+00	0.00e+00	0.00e+00	9.83e-01	1.66e-05	9.82e-06
 2.88486e+22	9.83e-01	1.66e-02	8.73e-08	0.00e+00	0.00e+00	0.00e+00	0.00e+00	0.00e+00	0.00e+00	9.83e-01	1.64e-05	9.81e-06
 2.91572e+22	9.83e-01	1.66e-02	8.51e-08	0.00e+00	0.00e+00	0.00e+00	0.00e+00	0.00e+00	0.00e+00	9.83e-01	1.61e-05	9.81e-06
 2.94658e+22	9.83e-01	1.65e-02	8.30e-08	0.00e+00	0.00e+00	0.00e+00	0.00e+00	0.00e+00	0.00e+00	9.83e-01	1.58e-05	9.81e-06
 2.97743e+22	9.84e-01	1.65e-02	8.10e-08	0.00e+00	0.00e+00	0.00e+00	0.00e+00	0.00e+00	0.00e+00	9.84e-01	1.54e-05	9.80e-06
 3.00728e+22	9.84e-01	1.64e-02	7.91e-08	0.00e+00	0.00e+00	0.00e+00	0.00e+00	0.00e+00	0.00e+00	9.84e-01	1.51e-05	9.80e-06
 3.03358e+22	9.84e-01	1.63e-02	7.75e-08	0.00e+00	0.00e+00	0.00e+00	0.00e+00	0.00e+00	0.00e+00	9.84e-01	1.48e-05	9.79e-06
 3.05477e+22	9.84e-01	1.62e-02	7.62e-08	0.00e+00	0.00e+00	0.00e+00	0.00e+00	0.00e+00	0.00e+00	9.84e-01	1.46e-05	9.79e-06
 3.07487e+22	9.84e-01	1.60e-02	7.49e-08	0.00e+00	0.00e+00	0.00e+00	0.00e+00	0.00e+00	0.00e+00	9.84e-01	1.43e-05	9.77e-06
