#depth	He	He+	He+2
 1.20935e+18	2.49e-05	3.53e-02	9.65e-01
 7.25611e+18	2.49e-05	3.53e-02	9.65e-01
 3.14431e+19	2.49e-05	3.54e-02	9.65e-01
 1.28191e+20	2.49e-05	3.61e-02	9.64e-01
 3.06208e+20	2.44e-05	3.63e-02	9.64e-01
 5.37629e+20	2.53e-05	3.76e-02	9.62e-01
 8.38477e+20	2.77e-05	4.04e-02	9.60e-01
 1.15753e+21	3.06e-05	4.40e-02	9.56e-01
 1.43245e+21	3.42e-05	4.84e-02	9.52e-01
 1.67656e+21	3.87e-05	5.35e-02	9.46e-01
 1.91084e+21	4.42e-05	5.97e-02	9.40e-01
 2.13439e+21	5.08e-05	6.70e-02	9.33e-01
 2.33995e+21	5.83e-05	7.53e-02	9.25e-01
 2.52948e+21	6.71e-05	8.47e-02	9.15e-01
 2.70791e+21	7.72e-05	9.54e-02	9.04e-01
 2.87809e+21	8.92e-05	1.08e-01	8.92e-01
 3.03035e+21	1.02e-04	1.21e-01	8.79e-01
 3.15629e+21	1.15e-04	1.34e-01	8.66e-01
 3.26903e+21	1.28e-04	1.47e-01	8.53e-01
 3.39754e+21	1.46e-04	1.64e-01	8.36e-01
 3.53587e+21	1.69e-04	1.86e-01	8.14e-01
 3.65159e+21	1.92e-04	2.06e-01	7.94e-01
 3.74566e+21	2.14e-04	2.25e-01	7.75e-01
 3.83125e+21	2.34e-04	2.43e-01	7.57e-01
 3.92680e+21	2.64e-04	2.66e-01	7.34e-01
 4.02729e+21	2.96e-04	2.92e-01	7.08e-01
 4.11720e+21	3.28e-04	3.16e-01	6.83e-01
 4.20318e+21	3.63e-04	3.41e-01	6.58e-01
 4.28797e+21	4.00e-04	3.67e-01	6.32e-01
 4.37171e+21	4.40e-04	3.94e-01	6.06e-01
 4.45383e+21	4.83e-04	4.20e-01	5.79e-01
 4.53458e+21	5.28e-04	4.47e-01	5.52e-01
 4.61480e+21	5.75e-04	4.74e-01	5.26e-01
 4.70700e+21	6.37e-04	5.05e-01	4.94e-01
 4.80248e+21	6.98e-04	5.37e-01	4.63e-01
 4.88545e+21	7.58e-04	5.63e-01	4.36e-01
 4.97652e+21	8.33e-04	5.92e-01	4.07e-01
 5.07366e+21	9.10e-04	6.21e-01	3.78e-01
 5.16254e+21	9.87e-04	6.47e-01	3.52e-01
 5.26196e+21	1.08e-03	6.74e-01	3.25e-01
 5.35050e+21	1.16e-03	6.95e-01	3.04e-01
 5.40828e+21	1.22e-03	7.09e-01	2.90e-01
 5.46676e+21	1.28e-03	7.23e-01	2.76e-01
 5.54280e+21	1.37e-03	7.40e-01	2.59e-01
 5.61981e+21	1.45e-03	7.55e-01	2.44e-01
 5.68184e+21	1.52e-03	7.66e-01	2.32e-01
 5.74620e+21	1.61e-03	7.78e-01	2.20e-01
 5.81893e+21	1.71e-03	7.91e-01	2.08e-01
 5.88454e+21	1.80e-03	8.01e-01	1.98e-01
 5.94177e+21	1.88e-03	8.09e-01	1.89e-01
 6.00611e+21	1.98e-03	8.19e-01	1.79e-01
 6.07854e+21	2.11e-03	8.28e-01	1.70e-01
 6.14319e+21	2.22e-03	8.36e-01	1.62e-01
 6.20896e+21	2.35e-03	8.44e-01	1.54e-01
 6.27800e+21	2.49e-03	8.51e-01	1.46e-01
 6.33758e+21	2.63e-03	8.57e-01	1.40e-01
 6.40132e+21	2.79e-03	8.64e-01	1.34e-01
 6.46871e+21	2.97e-03	8.70e-01	1.27e-01
 6.52838e+21	3.14e-03	8.75e-01	1.22e-01
 6.58417e+21	3.32e-03	8.79e-01	1.18e-01
 6.64739e+21	3.55e-03	8.84e-01	1.12e-01
 6.71473e+21	3.82e-03	8.89e-01	1.07e-01
 6.77273e+21	4.08e-03	8.93e-01	1.03e-01
 6.82434e+21	4.34e-03	8.96e-01	9.98e-02
 6.88236e+21	4.67e-03	8.99e-01	9.58e-02
 6.94397e+21	5.06e-03	9.03e-01	9.21e-02
 6.99617e+21	5.44e-03	9.05e-01	8.91e-02
 7.04120e+21	5.81e-03	9.08e-01	8.66e-02
 7.09098e+21	6.29e-03	9.10e-01	8.36e-02
 7.14315e+21	6.85e-03	9.12e-01	8.09e-02
 7.18710e+21	7.39e-03	9.14e-01	7.88e-02
 7.22694e+21	7.95e-03	9.15e-01	7.68e-02
 7.26658e+21	8.59e-03	9.17e-01	7.48e-02
 7.30596e+21	9.32e-03	9.18e-01	7.30e-02
 7.34484e+21	1.01e-02	9.19e-01	7.12e-02
 7.38244e+21	1.10e-02	9.19e-01	6.96e-02
 7.41899e+21	1.21e-02	9.20e-01	6.80e-02
 7.45487e+21	1.33e-02	9.20e-01	6.65e-02
 7.48975e+21	1.46e-02	9.20e-01	6.51e-02
 7.52161e+21	1.60e-02	9.20e-01	6.39e-02
 7.54991e+21	1.76e-02	9.20e-01	6.28e-02
 7.57680e+21	1.92e-02	9.19e-01	6.19e-02
 7.60735e+21	2.13e-02	9.18e-01	6.08e-02
 7.63928e+21	2.40e-02	9.16e-01	5.97e-02
 7.66559e+21	2.67e-02	9.14e-01	5.88e-02
 7.68803e+21	2.93e-02	9.12e-01	5.83e-02
 7.71287e+21	3.28e-02	9.10e-01	5.76e-02
 7.74072e+21	3.74e-02	9.06e-01	5.69e-02
 7.76709e+21	4.26e-02	9.01e-01	5.64e-02
 7.79199e+21	4.87e-02	8.95e-01	5.60e-02
 7.81565e+21	5.54e-02	8.89e-01	5.59e-02
 7.83778e+21	6.32e-02	8.81e-01	5.58e-02
 7.85868e+21	7.18e-02	8.72e-01	5.59e-02
 7.87853e+21	8.17e-02	8.62e-01	5.60e-02
 7.89745e+21	9.23e-02	8.51e-01	5.65e-02
 7.91514e+21	1.04e-01	8.39e-01	5.68e-02
 7.93182e+21	1.17e-01	8.26e-01	5.73e-02
 7.94752e+21	1.31e-01	8.11e-01	5.77e-02
 7.96228e+21	1.45e-01	7.96e-01	5.82e-02
 7.97579e+21	1.60e-01	7.81e-01	5.87e-02
 7.98810e+21	1.75e-01	7.65e-01	5.91e-02
 8.00016e+21	1.92e-01	7.49e-01	5.94e-02
 8.01210e+21	2.09e-01	7.31e-01	5.96e-02
 8.02161e+21	2.23e-01	7.17e-01	5.98e-02
 8.02836e+21	2.34e-01	7.06e-01	5.99e-02
 8.03514e+21	2.46e-01	6.94e-01	5.99e-02
 8.04305e+21	2.60e-01	6.80e-01	5.97e-02
 8.05152e+21	2.75e-01	6.65e-01	5.97e-02
 8.06011e+21	2.92e-01	6.49e-01	5.94e-02
 8.06884e+21	3.09e-01	6.32e-01	5.91e-02
 8.07804e+21	3.27e-01	6.14e-01	5.86e-02
 8.08776e+21	3.47e-01	5.95e-01	5.80e-02
 8.09808e+21	3.68e-01	5.75e-01	5.73e-02
 8.10935e+21	3.90e-01	5.54e-01	5.64e-02
 8.12184e+21	4.14e-01	5.31e-01	5.52e-02
 8.13566e+21	4.38e-01	5.08e-01	5.39e-02
 8.15139e+21	4.64e-01	4.84e-01	5.24e-02
 8.16882e+21	4.87e-01	4.62e-01	5.08e-02
 8.18632e+21	5.07e-01	4.44e-01	4.93e-02
 8.20337e+21	5.21e-01	4.31e-01	4.81e-02
 8.22008e+21	5.33e-01	4.20e-01	4.70e-02
 8.23652e+21	5.44e-01	4.11e-01	4.57e-02
 8.25531e+21	5.50e-01	4.05e-01	4.52e-02
 8.27973e+21	5.58e-01	3.97e-01	4.41e-02
 8.31147e+21	5.66e-01	3.91e-01	4.30e-02
 8.35274e+21	5.73e-01	3.86e-01	4.18e-02
 8.40638e+21	5.80e-01	3.80e-01	4.03e-02
 8.47613e+21	5.88e-01	3.73e-01	3.86e-02
 8.56679e+21	5.98e-01	3.66e-01	3.65e-02
 8.68465e+21	6.10e-01	3.56e-01	3.41e-02
 8.83788e+21	6.25e-01	3.44e-01	3.12e-02
 9.03321e+21	6.42e-01	3.30e-01	2.80e-02
 9.25599e+21	6.60e-01	3.15e-01	2.49e-02
 9.48183e+21	6.77e-01	3.00e-01	2.23e-02
 9.70893e+21	6.93e-01	2.87e-01	2.00e-02
 9.94532e+21	7.08e-01	2.74e-01	1.79e-02
 1.01950e+22	7.23e-01	2.61e-01	1.60e-02
 1.04574e+22	7.37e-01	2.48e-01	1.43e-02
 1.07305e+22	7.51e-01	2.36e-01	1.27e-02
 1.10130e+22	7.64e-01	2.25e-01	1.14e-02
 1.13055e+22	7.76e-01	2.14e-01	1.02e-02
 1.16118e+22	7.88e-01	2.03e-01	9.07e-03
 1.19308e+22	7.99e-01	1.93e-01	8.10e-03
 1.22612e+22	8.10e-01	1.83e-01	7.23e-03
 1.26061e+22	8.20e-01	1.74e-01	6.45e-03
 1.29655e+22	8.30e-01	1.65e-01	5.75e-03
 1.33391e+22	8.39e-01	1.56e-01	5.14e-03
 1.37278e+22	8.48e-01	1.48e-01	4.58e-03
 1.41334e+22	8.56e-01	1.40e-01	4.09e-03
 1.45572e+22	8.64e-01	1.33e-01	3.64e-03
 1.49997e+22	8.71e-01	1.26e-01	3.25e-03
 1.54616e+22	8.78e-01	1.19e-01	2.89e-03
 1.59458e+22	8.85e-01	1.12e-01	2.58e-03
 1.64533e+22	8.91e-01	1.06e-01	2.30e-03
 1.69849e+22	8.98e-01	1.00e-01	2.05e-03
 1.75485e+22	9.03e-01	9.48e-02	1.82e-03
 1.81458e+22	9.09e-01	8.95e-02	1.62e-03
 1.87728e+22	9.14e-01	8.45e-02	1.44e-03
 1.94373e+22	9.19e-01	7.97e-02	1.28e-03
 2.01473e+22	9.24e-01	7.52e-02	1.14e-03
 2.09087e+22	9.28e-01	7.08e-02	1.01e-03
 2.17324e+22	9.32e-01	6.67e-02	8.96e-04
 2.25879e+22	9.36e-01	6.30e-02	7.98e-04
 2.34076e+22	9.39e-01	5.99e-02	7.21e-04
 2.41525e+22	9.42e-01	5.73e-02	6.62e-04
 2.48229e+22	9.44e-01	5.53e-02	6.15e-04
 2.54263e+22	9.46e-01	5.36e-02	5.78e-04
 2.59693e+22	9.47e-01	5.21e-02	5.48e-04
 2.64581e+22	9.48e-01	5.10e-02	5.24e-04
 2.68980e+22	9.50e-01	5.00e-02	5.04e-04
 2.72938e+22	9.50e-01	4.92e-02	4.88e-04
 2.76501e+22	9.51e-01	4.85e-02	4.75e-04
 2.79732e+22	9.52e-01	4.79e-02	4.64e-04
 2.82818e+22	9.52e-01	4.73e-02	4.53e-04
 2.85903e+22	9.53e-01	4.68e-02	4.44e-04
 2.88989e+22	9.53e-01	4.63e-02	4.35e-04
 2.92075e+22	9.54e-01	4.58e-02	4.28e-04
 2.95160e+22	9.54e-01	4.54e-02	4.20e-04
 2.98246e+22	9.55e-01	4.51e-02	4.15e-04
 3.01332e+22	9.55e-01	4.47e-02	4.08e-04
 3.04417e+22	9.55e-01	4.44e-02	4.05e-04
 3.07264e+22	9.56e-01	4.41e-02	4.00e-04
