#depth	He	He+	He+2
 1.08134e+17	2.97e-03	4.30e-01	5.67e-01
 6.48802e+17	2.97e-03	4.30e-01	5.67e-01
 2.81148e+18	2.97e-03	4.31e-01	5.67e-01
 1.14622e+19	2.96e-03	4.35e-01	5.63e-01
 2.73795e+19	2.86e-03	4.33e-01	5.64e-01
 4.80719e+19	2.82e-03	4.38e-01	5.59e-01
 7.49721e+19	2.84e-03	4.52e-01	5.45e-01
 1.09942e+20	2.95e-03	4.77e-01	5.20e-01
 1.55404e+20	3.18e-03	5.17e-01	4.80e-01
 2.14503e+20	3.62e-03	5.79e-01	4.18e-01
 2.91333e+20	4.35e-03	6.65e-01	3.31e-01
 3.72578e+20	5.22e-03	7.51e-01	2.44e-01
 4.37135e+20	5.93e-03	8.07e-01	1.87e-01
 4.84101e+20	6.46e-03	8.40e-01	1.54e-01
 5.23531e+20	6.92e-03	8.62e-01	1.31e-01
 5.67692e+20	7.48e-03	8.83e-01	1.09e-01
 6.13799e+20	8.04e-03	9.00e-01	9.21e-02
 6.52407e+20	8.54e-03	9.11e-01	8.04e-02
 6.86534e+20	9.03e-03	9.19e-01	7.15e-02
 7.24862e+20	9.65e-03	9.28e-01	6.28e-02
 7.64571e+20	1.03e-02	9.34e-01	5.55e-02
 7.96578e+20	1.09e-02	9.39e-01	5.06e-02
 8.23528e+20	1.15e-02	9.42e-01	4.67e-02
 8.53400e+20	1.23e-02	9.45e-01	4.28e-02
 8.85067e+20	1.32e-02	9.48e-01	3.92e-02
 9.11622e+20	1.40e-02	9.49e-01	3.66e-02
 9.34147e+20	1.48e-02	9.51e-01	3.45e-02
 9.58876e+20	1.59e-02	9.52e-01	3.23e-02
 9.85384e+20	1.72e-02	9.53e-01	3.02e-02
 1.00799e+21	1.85e-02	9.53e-01	2.86e-02
 1.02733e+21	1.98e-02	9.53e-01	2.73e-02
 1.04865e+21	2.15e-02	9.53e-01	2.58e-02
 1.07155e+21	2.37e-02	9.52e-01	2.45e-02
 1.09083e+21	2.59e-02	9.51e-01	2.34e-02
 1.10609e+21	2.79e-02	9.49e-01	2.27e-02
 1.12183e+21	3.04e-02	9.48e-01	2.19e-02
 1.13835e+21	3.34e-02	9.46e-01	2.11e-02
 1.15175e+21	3.62e-02	9.43e-01	2.06e-02
 1.16271e+21	3.89e-02	9.41e-01	2.01e-02
 1.17467e+21	4.23e-02	9.38e-01	1.97e-02
 1.18732e+21	4.63e-02	9.34e-01	1.92e-02
 1.19797e+21	5.02e-02	9.31e-01	1.89e-02
 1.20716e+21	5.41e-02	9.27e-01	1.86e-02
 1.21733e+21	5.88e-02	9.23e-01	1.84e-02
 1.22828e+21	6.46e-02	9.17e-01	1.81e-02
 1.23766e+21	7.00e-02	9.12e-01	1.80e-02
 1.24594e+21	7.55e-02	9.07e-01	1.78e-02
 1.25532e+21	8.25e-02	9.00e-01	1.76e-02
 1.26547e+21	9.09e-02	8.92e-01	1.75e-02
 1.27445e+21	9.88e-02	8.84e-01	1.74e-02
 1.28326e+21	1.08e-01	8.75e-01	1.74e-02
 1.29321e+21	1.19e-01	8.64e-01	1.73e-02
 1.30339e+21	1.32e-01	8.51e-01	1.73e-02
 1.31250e+21	1.44e-01	8.38e-01	1.73e-02
 1.32058e+21	1.57e-01	8.26e-01	1.73e-02
 1.32823e+21	1.69e-01	8.13e-01	1.73e-02
 1.33579e+21	1.83e-01	8.00e-01	1.73e-02
 1.34318e+21	1.97e-01	7.86e-01	1.74e-02
 1.34901e+21	2.08e-01	7.75e-01	1.74e-02
 1.35298e+21	2.16e-01	7.67e-01	1.74e-02
 1.35673e+21	2.25e-01	7.58e-01	1.74e-02
 1.36099e+21	2.34e-01	7.48e-01	1.74e-02
 1.36557e+21	2.45e-01	7.37e-01	1.74e-02
 1.37012e+21	2.56e-01	7.26e-01	1.75e-02
 1.37455e+21	2.67e-01	7.15e-01	1.75e-02
 1.37901e+21	2.79e-01	7.03e-01	1.75e-02
 1.38349e+21	2.91e-01	6.91e-01	1.75e-02
 1.38800e+21	3.04e-01	6.78e-01	1.74e-02
 1.39254e+21	3.17e-01	6.65e-01	1.74e-02
 1.39709e+21	3.31e-01	6.52e-01	1.74e-02
 1.40170e+21	3.45e-01	6.38e-01	1.74e-02
 1.40637e+21	3.60e-01	6.23e-01	1.73e-02
 1.41111e+21	3.75e-01	6.08e-01	1.73e-02
 1.41582e+21	3.90e-01	5.93e-01	1.72e-02
 1.42061e+21	4.07e-01	5.76e-01	1.71e-02
 1.42549e+21	4.23e-01	5.60e-01	1.70e-02
 1.43045e+21	4.40e-01	5.43e-01	1.68e-02
 1.43550e+21	4.58e-01	5.25e-01	1.67e-02
 1.44069e+21	4.76e-01	5.07e-01	1.65e-02
 1.44598e+21	4.95e-01	4.89e-01	1.63e-02
 1.45135e+21	5.14e-01	4.70e-01	1.61e-02
 1.45687e+21	5.33e-01	4.52e-01	1.58e-02
 1.46249e+21	5.52e-01	4.32e-01	1.55e-02
 1.46824e+21	5.71e-01	4.14e-01	1.52e-02
 1.47416e+21	5.90e-01	3.95e-01	1.48e-02
 1.48026e+21	6.09e-01	3.76e-01	1.45e-02
 1.48659e+21	6.28e-01	3.58e-01	1.41e-02
 1.49328e+21	6.47e-01	3.39e-01	1.36e-02
 1.50040e+21	6.66e-01	3.21e-01	1.32e-02
 1.50805e+21	6.84e-01	3.03e-01	1.27e-02
 1.51634e+21	7.02e-01	2.86e-01	1.21e-02
 1.52552e+21	7.19e-01	2.69e-01	1.16e-02
 1.53596e+21	7.36e-01	2.53e-01	1.10e-02
 1.54793e+21	7.51e-01	2.38e-01	1.05e-02
 1.56062e+21	7.64e-01	2.26e-01	9.93e-03
 1.57316e+21	7.75e-01	2.16e-01	9.49e-03
 1.58558e+21	7.83e-01	2.08e-01	9.10e-03
 1.59790e+21	7.89e-01	2.02e-01	8.77e-03
 1.61202e+21	7.96e-01	1.96e-01	8.42e-03
 1.63038e+21	8.02e-01	1.90e-01	8.03e-03
 1.65425e+21	8.09e-01	1.84e-01	7.59e-03
 1.68527e+21	8.16e-01	1.77e-01	7.09e-03
 1.72560e+21	8.23e-01	1.70e-01	6.54e-03
 1.77804e+21	8.32e-01	1.62e-01	5.91e-03
 1.84558e+21	8.42e-01	1.53e-01	5.23e-03
 1.92423e+21	8.52e-01	1.44e-01	4.60e-03
 2.00628e+21	8.61e-01	1.35e-01	4.05e-03
 2.09166e+21	8.69e-01	1.27e-01	3.57e-03
 2.18467e+21	8.78e-01	1.19e-01	3.14e-03
 2.28738e+21	8.86e-01	1.12e-01	2.74e-03
 2.39985e+21	8.93e-01	1.04e-01	2.39e-03
 2.52291e+21	9.00e-01	9.75e-02	2.08e-03
 2.65870e+21	9.07e-01	9.09e-02	1.80e-03
 2.81013e+21	9.14e-01	8.45e-02	1.55e-03
 2.98034e+21	9.20e-01	7.84e-02	1.33e-03
 3.17304e+21	9.26e-01	7.26e-02	1.14e-03
 3.39340e+21	9.32e-01	6.71e-02	9.72e-04
 3.64755e+21	9.37e-01	6.19e-02	8.25e-04
 3.94743e+21	9.42e-01	5.69e-02	6.96e-04
 4.30927e+21	9.47e-01	5.22e-02	5.85e-04
 4.73290e+21	9.51e-01	4.80e-02	4.94e-04
 5.20619e+21	9.55e-01	4.45e-02	4.23e-04
 5.72681e+21	9.58e-01	4.16e-02	3.69e-04
 6.29949e+21	9.60e-01	3.93e-02	3.27e-04
 6.92944e+21	9.62e-01	3.73e-02	2.95e-04
 7.62238e+21	9.64e-01	3.57e-02	2.69e-04
 8.38462e+21	9.65e-01	3.44e-02	2.49e-04
 9.22308e+21	9.66e-01	3.33e-02	2.33e-04
 1.01454e+22	9.67e-01	3.24e-02	2.21e-04
 1.11599e+22	9.68e-01	3.17e-02	2.11e-04
 1.22759e+22	9.69e-01	3.11e-02	2.03e-04
 1.35035e+22	9.69e-01	3.06e-02	1.96e-04
 1.48539e+22	9.70e-01	3.02e-02	1.91e-04
 1.63260e+22	9.70e-01	2.99e-02	1.87e-04
 1.77790e+22	9.70e-01	2.97e-02	1.84e-04
 1.90868e+22	9.70e-01	2.95e-02	1.82e-04
 2.02638e+22	9.70e-01	2.94e-02	1.80e-04
 2.13231e+22	9.70e-01	2.93e-02	1.79e-04
 2.22765e+22	9.71e-01	2.93e-02	1.78e-04
 2.31345e+22	9.71e-01	2.92e-02	1.78e-04
 2.39067e+22	9.71e-01	2.92e-02	1.77e-04
 2.46017e+22	9.71e-01	2.92e-02	1.77e-04
 2.52272e+22	9.71e-01	2.92e-02	1.77e-04
 2.57902e+22	9.71e-01	2.92e-02	1.77e-04
 2.62969e+22	9.71e-01	2.92e-02	1.77e-04
 2.67528e+22	9.71e-01	2.92e-02	1.77e-04
 2.71632e+22	9.71e-01	2.92e-02	1.77e-04
 2.75326e+22	9.71e-01	2.92e-02	1.77e-04
 2.78650e+22	9.71e-01	2.92e-02	1.77e-04
 2.81768e+22	9.71e-01	2.92e-02	1.77e-04
 2.84853e+22	9.71e-01	2.92e-02	1.78e-04
 2.87939e+22	9.71e-01	2.92e-02	1.78e-04
 2.91025e+22	9.71e-01	2.92e-02	1.78e-04
 2.94110e+22	9.71e-01	2.93e-02	1.78e-04
 2.97196e+22	9.71e-01	2.93e-02	1.78e-04
 3.00282e+22	9.71e-01	2.93e-02	1.79e-04
 3.03367e+22	9.71e-01	2.93e-02	1.79e-04
 3.06453e+22	9.71e-01	2.93e-02	1.79e-04
 3.08282e+22	9.70e-01	2.94e-02	1.80e-04
