#depth	He	He+	He+2
 1.60145e+16	7.37e-05	8.50e-02	9.15e-01
 9.60868e+16	7.37e-05	8.51e-02	9.15e-01
 4.16376e+17	7.40e-05	8.54e-02	9.14e-01
 1.69753e+18	7.58e-05	8.75e-02	9.12e-01
 4.05486e+18	7.77e-05	8.92e-02	9.11e-01
 6.48759e+18	8.00e-05	9.14e-02	9.09e-01
 8.58564e+18	8.32e-05	9.45e-02	9.05e-01
 1.08804e+19	8.84e-05	9.94e-02	9.00e-01
 1.38636e+19	9.63e-05	1.07e-01	8.93e-01
 1.77418e+19	1.09e-04	1.19e-01	8.81e-01
 2.20361e+19	1.25e-04	1.35e-01	8.65e-01
 2.59095e+19	1.44e-04	1.54e-01	8.46e-01
 2.92230e+19	1.65e-04	1.75e-01	8.25e-01
 3.21818e+19	1.87e-04	1.97e-01	8.03e-01
 3.49364e+19	2.13e-04	2.23e-01	7.77e-01
 3.75528e+19	2.43e-04	2.51e-01	7.48e-01
 4.00464e+19	2.77e-04	2.84e-01	7.16e-01
 4.24282e+19	3.15e-04	3.20e-01	6.80e-01
 4.47178e+19	3.59e-04	3.59e-01	6.40e-01
 4.69362e+19	4.07e-04	4.02e-01	5.97e-01
 4.91131e+19	4.60e-04	4.48e-01	5.52e-01
 5.12734e+19	5.18e-04	4.96e-01	5.03e-01
 5.37546e+19	5.91e-04	5.53e-01	4.46e-01
 5.63680e+19	6.72e-04	6.12e-01	3.88e-01
 5.86265e+19	7.44e-04	6.59e-01	3.40e-01
 6.10357e+19	8.26e-04	7.07e-01	2.92e-01
 6.36645e+19	9.11e-04	7.52e-01	2.48e-01
 6.61200e+19	9.88e-04	7.87e-01	2.12e-01
 6.88537e+19	1.08e-03	8.21e-01	1.78e-01
 7.24074e+19	1.19e-03	8.56e-01	1.43e-01
 7.61807e+19	1.29e-03	8.83e-01	1.15e-01
 7.95618e+19	1.39e-03	9.02e-01	9.64e-02
 8.32797e+19	1.49e-03	9.19e-01	7.98e-02
 8.81130e+19	1.63e-03	9.35e-01	6.36e-02
 9.21963e+19	1.74e-03	9.44e-01	5.45e-02
 9.44138e+19	1.80e-03	9.48e-01	5.03e-02
 9.64059e+19	1.86e-03	9.52e-01	4.65e-02
 9.89956e+19	1.94e-03	9.56e-01	4.22e-02
 1.01826e+20	2.04e-03	9.59e-01	3.85e-02
 1.04351e+20	2.12e-03	9.62e-01	3.55e-02
 1.06597e+20	2.21e-03	9.65e-01	3.32e-02
 1.09100e+20	2.31e-03	9.67e-01	3.07e-02
 1.11747e+20	2.42e-03	9.69e-01	2.85e-02
 1.13990e+20	2.52e-03	9.71e-01	2.69e-02
 1.15961e+20	2.62e-03	9.72e-01	2.55e-02
 1.18168e+20	2.75e-03	9.73e-01	2.41e-02
 1.20528e+20	2.89e-03	9.74e-01	2.27e-02
 1.22570e+20	3.01e-03	9.75e-01	2.17e-02
 1.24390e+20	3.15e-03	9.76e-01	2.08e-02
 1.26433e+20	3.31e-03	9.77e-01	1.98e-02
 1.28599e+20	3.50e-03	9.78e-01	1.89e-02
 1.30459e+20	3.68e-03	9.78e-01	1.82e-02
 1.32124e+20	3.86e-03	9.79e-01	1.76e-02
 1.34000e+20	4.09e-03	9.79e-01	1.69e-02
 1.35995e+20	4.36e-03	9.79e-01	1.62e-02
 1.37721e+20	4.62e-03	9.80e-01	1.57e-02
 1.39273e+20	4.88e-03	9.80e-01	1.53e-02
 1.41024e+20	5.23e-03	9.80e-01	1.48e-02
 1.42844e+20	5.63e-03	9.80e-01	1.43e-02
 1.44332e+20	6.00e-03	9.80e-01	1.39e-02
 1.45620e+20	6.37e-03	9.80e-01	1.36e-02
 1.47069e+20	6.85e-03	9.80e-01	1.32e-02
 1.48606e+20	7.40e-03	9.80e-01	1.29e-02
 1.49909e+20	7.96e-03	9.79e-01	1.27e-02
 1.51043e+20	8.51e-03	9.79e-01	1.24e-02
 1.52304e+20	9.23e-03	9.79e-01	1.22e-02
 1.53640e+20	1.01e-02	9.78e-01	1.19e-02
 1.54772e+20	1.10e-02	9.77e-01	1.17e-02
 1.55761e+20	1.18e-02	9.77e-01	1.15e-02
 1.56871e+20	1.30e-02	9.76e-01	1.13e-02
 1.58057e+20	1.44e-02	9.74e-01	1.11e-02
 1.59084e+20	1.59e-02	9.73e-01	1.10e-02
 1.59904e+20	1.73e-02	9.72e-01	1.08e-02
 1.60574e+20	1.86e-02	9.71e-01	1.07e-02
 1.61304e+20	2.03e-02	9.69e-01	1.06e-02
 1.62080e+20	2.23e-02	9.67e-01	1.05e-02
 1.62737e+20	2.43e-02	9.65e-01	1.04e-02
 1.63304e+20	2.62e-02	9.63e-01	1.04e-02
 1.63935e+20	2.87e-02	9.61e-01	1.03e-02
 1.64608e+20	3.18e-02	9.58e-01	1.02e-02
 1.65179e+20	3.49e-02	9.55e-01	1.02e-02
 1.65666e+20	3.77e-02	9.52e-01	1.02e-02
 1.66200e+20	4.16e-02	9.48e-01	1.01e-02
 1.66782e+20	4.62e-02	9.44e-01	1.01e-02
 1.67302e+20	5.11e-02	9.39e-01	1.01e-02
 1.67772e+20	5.63e-02	9.34e-01	1.01e-02
 1.68298e+20	6.30e-02	9.27e-01	1.02e-02
 1.68869e+20	7.12e-02	9.18e-01	1.03e-02
 1.69388e+20	8.03e-02	9.09e-01	1.04e-02
 1.69860e+20	9.00e-02	9.00e-01	1.04e-02
 1.70299e+20	1.00e-01	8.89e-01	1.06e-02
 1.70711e+20	1.11e-01	8.78e-01	1.07e-02
 1.71106e+20	1.23e-01	8.66e-01	1.09e-02
 1.71472e+20	1.36e-01	8.53e-01	1.11e-02
 1.71798e+20	1.48e-01	8.41e-01	1.12e-02
 1.72097e+20	1.60e-01	8.28e-01	1.14e-02
 1.72373e+20	1.73e-01	8.16e-01	1.16e-02
 1.72590e+20	1.83e-01	8.05e-01	1.17e-02
 1.72737e+20	1.90e-01	7.98e-01	1.18e-02
 1.72874e+20	1.98e-01	7.90e-01	1.19e-02
 1.73034e+20	2.07e-01	7.81e-01	1.20e-02
 1.73204e+20	2.17e-01	7.70e-01	1.21e-02
 1.73366e+20	2.27e-01	7.61e-01	1.22e-02
 1.73523e+20	2.38e-01	7.50e-01	1.23e-02
 1.73681e+20	2.48e-01	7.39e-01	1.24e-02
 1.73840e+20	2.60e-01	7.28e-01	1.25e-02
 1.73998e+20	2.71e-01	7.16e-01	1.26e-02
 1.74155e+20	2.84e-01	7.03e-01	1.27e-02
 1.74314e+20	2.96e-01	6.91e-01	1.28e-02
 1.74473e+20	3.10e-01	6.77e-01	1.29e-02
 1.74634e+20	3.24e-01	6.63e-01	1.29e-02
 1.74792e+20	3.38e-01	6.49e-01	1.30e-02
 1.74950e+20	3.53e-01	6.34e-01	1.30e-02
 1.75112e+20	3.69e-01	6.18e-01	1.31e-02
 1.75274e+20	3.85e-01	6.02e-01	1.31e-02
 1.75438e+20	4.02e-01	5.85e-01	1.31e-02
 1.75603e+20	4.18e-01	5.68e-01	1.31e-02
 1.75771e+20	4.37e-01	5.50e-01	1.31e-02
 1.75943e+20	4.55e-01	5.32e-01	1.31e-02
 1.76117e+20	4.74e-01	5.13e-01	1.30e-02
 1.76294e+20	4.94e-01	4.93e-01	1.29e-02
 1.76476e+20	5.14e-01	4.73e-01	1.28e-02
 1.76659e+20	5.35e-01	4.53e-01	1.26e-02
 1.76845e+20	5.55e-01	4.32e-01	1.24e-02
 1.77033e+20	5.76e-01	4.12e-01	1.22e-02
 1.77227e+20	5.96e-01	3.92e-01	1.20e-02
 1.77429e+20	6.17e-01	3.72e-01	1.17e-02
 1.77639e+20	6.37e-01	3.51e-01	1.14e-02
 1.77859e+20	6.58e-01	3.31e-01	1.10e-02
 1.78095e+20	6.78e-01	3.11e-01	1.07e-02
 1.78351e+20	6.98e-01	2.92e-01	1.03e-02
 1.78633e+20	7.17e-01	2.73e-01	9.83e-03
 1.78949e+20	7.36e-01	2.54e-01	9.38e-03
 1.79317e+20	7.54e-01	2.37e-01	8.92e-03
 1.79712e+20	7.69e-01	2.23e-01	8.51e-03
 1.80101e+20	7.80e-01	2.12e-01	8.16e-03
 1.80487e+20	7.89e-01	2.03e-01	7.89e-03
 1.80869e+20	7.95e-01	1.97e-01	7.67e-03
 1.81249e+20	8.00e-01	1.93e-01	7.50e-03
 1.81628e+20	8.04e-01	1.88e-01	7.31e-03
 1.82062e+20	8.07e-01	1.86e-01	7.21e-03
 1.82627e+20	8.10e-01	1.83e-01	7.06e-03
 1.83361e+20	8.13e-01	1.80e-01	6.89e-03
 1.84315e+20	8.16e-01	1.77e-01	6.70e-03
 1.85555e+20	8.19e-01	1.74e-01	6.49e-03
 1.87168e+20	8.23e-01	1.71e-01	6.24e-03
 1.89264e+20	8.27e-01	1.67e-01	5.93e-03
 1.91990e+20	8.32e-01	1.62e-01	5.56e-03
 1.95533e+20	8.39e-01	1.56e-01	5.13e-03
 2.00139e+20	8.47e-01	1.49e-01	4.63e-03
 2.05523e+20	8.55e-01	1.41e-01	4.13e-03
 2.11062e+20	8.62e-01	1.34e-01	3.70e-03
 2.16560e+20	8.69e-01	1.28e-01	3.33e-03
 2.22131e+20	8.75e-01	1.22e-01	3.01e-03
 2.27920e+20	8.81e-01	1.16e-01	2.71e-03
 2.33910e+20	8.87e-01	1.10e-01	2.45e-03
 2.40076e+20	8.93e-01	1.05e-01	2.21e-03
 2.46457e+20	8.98e-01	1.00e-01	2.00e-03
 2.53057e+20	9.03e-01	9.55e-02	1.80e-03
 2.59869e+20	9.07e-01	9.10e-02	1.63e-03
 2.66899e+20	9.12e-01	8.67e-02	1.47e-03
 2.74150e+20	9.16e-01	8.26e-02	1.33e-03
 2.81626e+20	9.20e-01	7.87e-02	1.20e-03
 2.89329e+20	9.24e-01	7.50e-02	1.09e-03
 2.97223e+20	9.27e-01	7.15e-02	9.88e-04
 3.05166e+20	9.31e-01	6.83e-02	8.98e-04
 3.13016e+20	9.34e-01	6.54e-02	8.20e-04
 3.20748e+20	9.37e-01	6.27e-02	7.52e-04
 3.28362e+20	9.39e-01	6.02e-02	6.92e-04
 3.35820e+20	9.41e-01	5.79e-02	6.39e-04
 3.43076e+20	9.43e-01	5.59e-02	5.94e-04
 3.50097e+20	9.45e-01	5.41e-02	5.54e-04
 3.56871e+20	9.47e-01	5.24e-02	5.20e-04
 3.63396e+20	9.49e-01	5.09e-02	4.90e-04
