#depth	He	He+	He+2
 3.68374e+16	1.15e-04	1.19e-01	8.80e-01
 2.21024e+17	1.15e-04	1.20e-01	8.80e-01
 9.57772e+17	1.16e-04	1.20e-01	8.80e-01
 3.90476e+18	1.18e-04	1.23e-01	8.77e-01
 9.32723e+18	1.21e-04	1.25e-01	8.75e-01
 1.51742e+19	1.25e-04	1.28e-01	8.71e-01
 2.08178e+19	1.31e-04	1.34e-01	8.66e-01
 2.73994e+19	1.40e-04	1.42e-01	8.58e-01
 3.59556e+19	1.55e-04	1.55e-01	8.44e-01
 4.70785e+19	1.78e-04	1.77e-01	8.23e-01
 5.88909e+19	2.08e-04	2.06e-01	7.94e-01
 6.88765e+19	2.42e-04	2.38e-01	7.61e-01
 7.71658e+19	2.77e-04	2.72e-01	7.27e-01
 8.46279e+19	3.17e-04	3.09e-01	6.90e-01
 9.18190e+19	3.62e-04	3.51e-01	6.49e-01
 1.00003e+20	4.26e-04	4.06e-01	5.93e-01
 1.08026e+20	4.94e-04	4.67e-01	5.33e-01
 1.14377e+20	5.57e-04	5.19e-01	4.81e-01
 1.21170e+20	6.33e-04	5.76e-01	4.23e-01
 1.28682e+20	7.16e-04	6.37e-01	3.62e-01
 1.35833e+20	7.99e-04	6.91e-01	3.08e-01
 1.43830e+20	8.93e-04	7.45e-01	2.54e-01
 1.52394e+20	9.85e-04	7.92e-01	2.07e-01
 1.60214e+20	1.07e-03	8.27e-01	1.72e-01
 1.68711e+20	1.15e-03	8.58e-01	1.41e-01
 1.78984e+20	1.25e-03	8.86e-01	1.12e-01
 1.90561e+20	1.35e-03	9.10e-01	8.89e-02
 2.03427e+20	1.47e-03	9.29e-01	7.00e-02
 2.16860e+20	1.57e-03	9.42e-01	5.61e-02
 2.32027e+20	1.70e-03	9.54e-01	4.44e-02
 2.48650e+20	1.84e-03	9.62e-01	3.57e-02
 2.61092e+20	1.94e-03	9.67e-01	3.11e-02
 2.68824e+20	2.01e-03	9.69e-01	2.87e-02
 2.76506e+20	2.09e-03	9.72e-01	2.63e-02
 2.86492e+20	2.19e-03	9.74e-01	2.37e-02
 2.96734e+20	2.30e-03	9.76e-01	2.16e-02
 3.04954e+20	2.39e-03	9.78e-01	2.01e-02
 3.12053e+20	2.48e-03	9.79e-01	1.89e-02
 3.20046e+20	2.59e-03	9.80e-01	1.76e-02
 3.28567e+20	2.72e-03	9.81e-01	1.65e-02
 3.35831e+20	2.83e-03	9.81e-01	1.57e-02
 3.42173e+20	2.94e-03	9.82e-01	1.50e-02
 3.49259e+20	3.09e-03	9.83e-01	1.42e-02
 3.56743e+20	3.24e-03	9.83e-01	1.35e-02
 3.63086e+20	3.39e-03	9.84e-01	1.30e-02
 3.68661e+20	3.53e-03	9.84e-01	1.26e-02
 3.74895e+20	3.71e-03	9.84e-01	1.21e-02
 3.81524e+20	3.91e-03	9.84e-01	1.16e-02
 3.87224e+20	4.11e-03	9.85e-01	1.12e-02
 3.92278e+20	4.30e-03	9.85e-01	1.09e-02
 3.97934e+20	4.56e-03	9.85e-01	1.06e-02
 4.03957e+20	4.85e-03	9.85e-01	1.02e-02
 4.09170e+20	5.13e-03	9.85e-01	9.98e-03
 4.13802e+20	5.42e-03	9.85e-01	9.74e-03
 4.18966e+20	5.80e-03	9.85e-01	9.48e-03
 4.24321e+20	6.23e-03	9.85e-01	9.23e-03
 4.28680e+20	6.63e-03	9.84e-01	9.05e-03
 4.32445e+20	7.02e-03	9.84e-01	8.89e-03
 4.36683e+20	7.54e-03	9.84e-01	8.71e-03
 4.41166e+20	8.15e-03	9.83e-01	8.55e-03
 4.44956e+20	8.75e-03	9.83e-01	8.42e-03
 4.48250e+20	9.35e-03	9.82e-01	8.30e-03
 4.51910e+20	1.01e-02	9.82e-01	8.16e-03
 4.55789e+20	1.11e-02	9.81e-01	8.03e-03
 4.59074e+20	1.20e-02	9.80e-01	7.92e-03
 4.61939e+20	1.30e-02	9.79e-01	7.83e-03
 4.65141e+20	1.43e-02	9.78e-01	7.74e-03
 4.68580e+20	1.59e-02	9.76e-01	7.63e-03
 4.71547e+20	1.75e-02	9.75e-01	7.55e-03
 4.73866e+20	1.91e-02	9.73e-01	7.50e-03
 4.75736e+20	2.05e-02	9.72e-01	7.44e-03
 4.77778e+20	2.24e-02	9.70e-01	7.38e-03
 4.79943e+20	2.46e-02	9.68e-01	7.32e-03
 4.81764e+20	2.67e-02	9.66e-01	7.29e-03
 4.83331e+20	2.88e-02	9.64e-01	7.27e-03
 4.85069e+20	3.16e-02	9.61e-01	7.23e-03
 4.86892e+20	3.48e-02	9.58e-01	7.22e-03
 4.88430e+20	3.80e-02	9.55e-01	7.20e-03
 4.89775e+20	4.10e-02	9.52e-01	7.22e-03
 4.91267e+20	4.51e-02	9.48e-01	7.22e-03
 4.92879e+20	5.00e-02	9.43e-01	7.23e-03
 4.94294e+20	5.51e-02	9.38e-01	7.25e-03
 4.95554e+20	6.03e-02	9.32e-01	7.28e-03
 4.96967e+20	6.70e-02	9.26e-01	7.32e-03
 4.98504e+20	7.51e-02	9.18e-01	7.41e-03
 4.99909e+20	8.39e-02	9.09e-01	7.48e-03
 5.01234e+20	9.36e-02	8.99e-01	7.57e-03
 5.02606e+20	1.05e-01	8.88e-01	7.71e-03
 5.03923e+20	1.17e-01	8.75e-01	7.85e-03
 5.05042e+20	1.29e-01	8.63e-01	7.97e-03
 5.06050e+20	1.41e-01	8.51e-01	8.12e-03
 5.06983e+20	1.54e-01	8.38e-01	8.23e-03
 5.07863e+20	1.66e-01	8.25e-01	8.39e-03
 5.08706e+20	1.80e-01	8.12e-01	8.50e-03
 5.09343e+20	1.90e-01	8.02e-01	8.62e-03
 5.09766e+20	1.97e-01	7.94e-01	8.70e-03
 5.10181e+20	2.05e-01	7.86e-01	8.78e-03
 5.10662e+20	2.14e-01	7.77e-01	8.86e-03
 5.11168e+20	2.25e-01	7.66e-01	8.93e-03
 5.11650e+20	2.35e-01	7.56e-01	9.04e-03
 5.12119e+20	2.45e-01	7.45e-01	9.11e-03
 5.12589e+20	2.56e-01	7.35e-01	9.21e-03
 5.13062e+20	2.68e-01	7.23e-01	9.27e-03
 5.13535e+20	2.79e-01	7.11e-01	9.37e-03
 5.14004e+20	2.92e-01	6.99e-01	9.44e-03
 5.14475e+20	3.04e-01	6.86e-01	9.53e-03
 5.14952e+20	3.18e-01	6.72e-01	9.59e-03
 5.15431e+20	3.32e-01	6.58e-01	9.65e-03
 5.15901e+20	3.46e-01	6.44e-01	9.71e-03
 5.16371e+20	3.61e-01	6.30e-01	9.77e-03
 5.16852e+20	3.76e-01	6.14e-01	9.81e-03
 5.17333e+20	3.92e-01	5.98e-01	9.86e-03
 5.17818e+20	4.09e-01	5.81e-01	9.87e-03
 5.18306e+20	4.25e-01	5.65e-01	9.91e-03
 5.18801e+20	4.43e-01	5.47e-01	9.90e-03
 5.19310e+20	4.62e-01	5.29e-01	9.88e-03
 5.19817e+20	4.80e-01	5.10e-01	9.85e-03
 5.20331e+20	4.99e-01	4.91e-01	9.81e-03
 5.20856e+20	5.19e-01	4.72e-01	9.73e-03
 5.21387e+20	5.38e-01	4.52e-01	9.65e-03
 5.21919e+20	5.58e-01	4.32e-01	9.53e-03
 5.22455e+20	5.78e-01	4.13e-01	9.40e-03
 5.23002e+20	5.98e-01	3.93e-01	9.24e-03
 5.23565e+20	6.17e-01	3.73e-01	9.07e-03
 5.24145e+20	6.38e-01	3.54e-01	8.86e-03
 5.24747e+20	6.57e-01	3.34e-01	8.64e-03
 5.25377e+20	6.77e-01	3.15e-01	8.37e-03
 5.26045e+20	6.96e-01	2.95e-01	8.10e-03
 5.26757e+20	7.16e-01	2.76e-01	7.79e-03
 5.27530e+20	7.35e-01	2.58e-01	7.48e-03
 5.28390e+20	7.53e-01	2.40e-01	7.13e-03
 5.29368e+20	7.71e-01	2.22e-01	6.77e-03
 5.30502e+20	7.88e-01	2.06e-01	6.40e-03
 5.31714e+20	8.02e-01	1.92e-01	6.07e-03
 5.32910e+20	8.12e-01	1.82e-01	5.82e-03
 5.34096e+20	8.20e-01	1.75e-01	5.61e-03
 5.35274e+20	8.25e-01	1.69e-01	5.45e-03
 5.36445e+20	8.30e-01	1.65e-01	5.32e-03
 5.37612e+20	8.33e-01	1.62e-01	5.22e-03
 5.38951e+20	8.36e-01	1.59e-01	5.08e-03
 5.40693e+20	8.39e-01	1.56e-01	5.00e-03
 5.42957e+20	8.41e-01	1.54e-01	4.90e-03
 5.45900e+20	8.44e-01	1.52e-01	4.78e-03
 5.49726e+20	8.46e-01	1.49e-01	4.64e-03
 5.54700e+20	8.49e-01	1.47e-01	4.47e-03
 5.61166e+20	8.52e-01	1.44e-01	4.28e-03
 5.69571e+20	8.56e-01	1.40e-01	4.04e-03
 5.80499e+20	8.61e-01	1.35e-01	3.76e-03
 5.94704e+20	8.67e-01	1.30e-01	3.44e-03
 6.13172e+20	8.74e-01	1.23e-01	3.07e-03
 6.34538e+20	8.81e-01	1.16e-01	2.72e-03
 6.56152e+20	8.87e-01	1.10e-01	2.43e-03
 6.77740e+20	8.93e-01	1.05e-01	2.18e-03
 7.00210e+20	8.98e-01	9.96e-02	1.96e-03
 7.24049e+20	9.04e-01	9.46e-02	1.76e-03
 7.49060e+20	9.09e-01	8.99e-02	1.58e-03
 7.74941e+20	9.13e-01	8.54e-02	1.42e-03
 8.02331e+20	9.17e-01	8.12e-02	1.28e-03
 8.31198e+20	9.22e-01	7.72e-02	1.15e-03
 8.60958e+20	9.26e-01	7.34e-02	1.04e-03
 8.91998e+20	9.29e-01	6.99e-02	9.38e-04
 9.24587e+20	9.33e-01	6.65e-02	8.46e-04
 9.58697e+20	9.36e-01	6.33e-02	7.64e-04
 9.94245e+20	9.39e-01	6.02e-02	6.91e-04
 1.03126e+21	9.42e-01	5.74e-02	6.25e-04
 1.06982e+21	9.45e-01	5.47e-02	5.66e-04
 1.10994e+21	9.47e-01	5.21e-02	5.13e-04
 1.15093e+21	9.50e-01	4.97e-02	4.67e-04
 1.19158e+21	9.52e-01	4.76e-02	4.27e-04
 1.23140e+21	9.54e-01	4.57e-02	3.92e-04
 1.27045e+21	9.56e-01	4.40e-02	3.63e-04
 1.30860e+21	9.57e-01	4.25e-02	3.37e-04
 1.34547e+21	9.59e-01	4.11e-02	3.16e-04
 1.38077e+21	9.60e-01	4.00e-02	2.98e-04
