#depth	O	O+	O+2	O+3	O+4	O+5	O+6	O+7	O+8	O[1]	O[2]	O[3]
 5.11767e+17	5.74e-07	9.84e-04	1.28e-01	6.44e-01	2.07e-01	1.94e-02	6.74e-04	2.03e-07	0.00e+00	5.74e-07	4.29e-12	4.95e-12
 3.07060e+18	5.73e-07	9.85e-04	1.28e-01	6.44e-01	2.07e-01	1.93e-02	6.72e-04	2.02e-07	0.00e+00	5.73e-07	4.28e-12	4.94e-12
 1.33059e+19	5.73e-07	9.89e-04	1.30e-01	6.44e-01	2.05e-01	1.91e-02	6.61e-04	1.98e-07	0.00e+00	5.73e-07	4.28e-12	4.94e-12
 5.42473e+19	5.83e-07	1.01e-03	1.36e-01	6.45e-01	1.99e-01	1.82e-02	6.23e-04	1.85e-07	0.00e+00	5.83e-07	4.35e-12	5.03e-12
 1.29579e+20	5.83e-07	1.05e-03	1.48e-01	6.46e-01	1.88e-01	1.69e-02	5.62e-04	1.63e-07	0.00e+00	5.83e-07	4.34e-12	5.02e-12
 2.07122e+20	5.90e-07	1.10e-03	1.59e-01	6.46e-01	1.78e-01	1.57e-02	5.08e-04	1.45e-07	0.00e+00	5.90e-07	4.38e-12	5.08e-12
 2.73587e+20	6.16e-07	1.15e-03	1.70e-01	6.44e-01	1.70e-01	1.47e-02	4.67e-04	1.31e-07	0.00e+00	6.16e-07	4.57e-12	5.31e-12
 3.46043e+20	6.72e-07	1.25e-03	1.83e-01	6.41e-01	1.61e-01	1.36e-02	4.23e-04	0.00e+00	0.00e+00	6.72e-07	4.98e-12	5.78e-12
 4.40236e+20	7.62e-07	1.39e-03	2.02e-01	6.35e-01	1.50e-01	1.22e-02	3.71e-04	0.00e+00	0.00e+00	7.62e-07	5.64e-12	6.56e-12
 5.62686e+20	9.15e-07	1.62e-03	2.30e-01	6.23e-01	1.35e-01	1.05e-02	3.12e-04	0.00e+00	0.00e+00	9.15e-07	6.76e-12	7.86e-12
 6.89112e+20	1.09e-06	1.88e-03	2.63e-01	6.06e-01	1.20e-01	9.01e-03	2.60e-04	0.00e+00	0.00e+00	1.09e-06	8.01e-12	9.33e-12
 7.93352e+20	1.27e-06	2.15e-03	2.94e-01	5.87e-01	1.08e-01	7.82e-03	2.22e-04	0.00e+00	0.00e+00	1.27e-06	9.37e-12	1.09e-11
 8.83416e+20	1.48e-06	2.45e-03	3.26e-01	5.67e-01	9.79e-02	6.82e-03	1.91e-04	0.00e+00	0.00e+00	1.48e-06	1.09e-11	1.27e-11
 9.67594e+20	1.73e-06	2.78e-03	3.59e-01	5.44e-01	8.79e-02	5.92e-03	1.64e-04	0.00e+00	0.00e+00	1.73e-06	1.27e-11	1.48e-11
 1.04804e+21	2.01e-06	3.15e-03	3.95e-01	5.18e-01	7.82e-02	5.09e-03	1.39e-04	0.00e+00	0.00e+00	2.01e-06	1.49e-11	1.73e-11
 1.12467e+21	2.35e-06	3.56e-03	4.33e-01	4.90e-01	6.91e-02	4.35e-03	1.18e-04	0.00e+00	0.00e+00	2.35e-06	1.73e-11	2.01e-11
 1.19738e+21	2.69e-06	3.97e-03	4.71e-01	4.61e-01	6.03e-02	3.67e-03	9.85e-05	0.00e+00	0.00e+00	2.69e-06	1.98e-11	2.30e-11
 1.27878e+21	3.23e-06	4.58e-03	5.19e-01	4.23e-01	5.06e-02	2.95e-03	7.81e-05	0.00e+00	0.00e+00	3.23e-06	2.38e-11	2.77e-11
 1.36074e+21	3.86e-06	5.25e-03	5.68e-01	3.83e-01	4.17e-02	2.34e-03	6.10e-05	0.00e+00	0.00e+00	3.86e-06	2.85e-11	3.31e-11
 1.42551e+21	4.55e-06	5.94e-03	6.08e-01	3.49e-01	3.51e-02	1.90e-03	4.90e-05	0.00e+00	0.00e+00	4.55e-06	3.35e-11	3.89e-11
 1.48153e+21	5.19e-06	6.54e-03	6.42e-01	3.20e-01	2.98e-02	1.56e-03	3.97e-05	0.00e+00	0.00e+00	5.19e-06	3.82e-11	4.44e-11
 1.54409e+21	6.08e-06	7.29e-03	6.81e-01	2.86e-01	2.42e-02	1.23e-03	3.06e-05	0.00e+00	0.00e+00	6.08e-06	4.47e-11	5.19e-11
 1.61428e+21	7.18e-06	8.17e-03	7.21e-01	2.50e-01	1.90e-02	9.24e-04	2.26e-05	0.00e+00	0.00e+00	7.18e-06	5.28e-11	6.13e-11
 1.68152e+21	8.41e-06	9.06e-03	7.57e-01	2.19e-01	1.49e-02	6.95e-04	1.66e-05	0.00e+00	0.00e+00	8.41e-06	6.18e-11	7.18e-11
 1.75608e+21	1.01e-05	1.01e-02	7.93e-01	1.86e-01	1.11e-02	4.96e-04	1.15e-05	0.00e+00	0.00e+00	1.01e-05	7.41e-11	8.61e-11
 1.83493e+21	1.21e-05	1.13e-02	8.24e-01	1.56e-01	8.20e-03	3.50e-04	7.79e-06	0.00e+00	0.00e+00	1.21e-05	8.85e-11	1.03e-10
 1.90402e+21	1.41e-05	1.23e-02	8.47e-01	1.34e-01	6.28e-03	2.58e-04	5.56e-06	0.00e+00	0.00e+00	1.41e-05	1.03e-10	1.20e-10
 1.97851e+21	1.67e-05	1.35e-02	8.68e-01	1.13e-01	4.69e-03	1.85e-04	3.83e-06	0.00e+00	0.00e+00	1.67e-05	1.22e-10	1.42e-10
 2.07536e+21	2.06e-05	1.50e-02	8.90e-01	9.15e-02	3.27e-03	1.23e-04	2.40e-06	0.00e+00	0.00e+00	2.06e-05	1.51e-10	1.75e-10
 2.17676e+21	2.53e-05	1.66e-02	9.07e-01	7.43e-02	2.34e-03	8.40e-05	1.55e-06	0.00e+00	0.00e+00	2.53e-05	1.85e-10	2.15e-10
 2.26769e+21	3.05e-05	1.81e-02	9.18e-01	6.19e-02	1.78e-03	6.09e-05	1.07e-06	0.00e+00	0.00e+00	3.05e-05	2.20e-10	2.56e-10
 2.36948e+21	3.75e-05	1.99e-02	9.28e-01	5.06e-02	1.34e-03	4.32e-05	7.25e-07	0.00e+00	0.00e+00	3.75e-05	2.70e-10	3.14e-10
 2.46456e+21	4.50e-05	2.15e-02	9.35e-01	4.28e-02	1.09e-03	3.28e-05	5.33e-07	0.00e+00	0.00e+00	4.50e-05	3.23e-10	3.75e-10
 2.53118e+21	5.14e-05	2.28e-02	9.38e-01	3.81e-02	9.48e-04	2.72e-05	4.33e-07	0.00e+00	0.00e+00	5.14e-05	3.68e-10	4.26e-10
 2.59804e+21	5.90e-05	2.42e-02	9.41e-01	3.37e-02	8.33e-04	2.24e-05	3.53e-07	0.00e+00	0.00e+00	5.90e-05	4.22e-10	4.89e-10
 2.68497e+21	7.09e-05	2.61e-02	9.44e-01	2.88e-02	7.19e-04	1.77e-05	2.75e-07	0.00e+00	0.00e+00	7.09e-05	5.07e-10	5.85e-10
 2.77272e+21	8.49e-05	2.82e-02	9.46e-01	2.49e-02	6.38e-04	1.42e-05	2.22e-07	0.00e+00	0.00e+00	8.49e-05	6.09e-10	7.00e-10
 2.84227e+21	9.84e-05	3.00e-02	9.47e-01	2.22e-02	5.87e-04	1.19e-05	1.89e-07	0.00e+00	0.00e+00	9.84e-05	7.07e-10	8.10e-10
 2.91344e+21	1.15e-04	3.22e-02	9.48e-01	1.96e-02	5.42e-04	9.94e-06	1.60e-07	0.00e+00	0.00e+00	1.15e-04	8.34e-10	9.51e-10
 2.99074e+21	1.37e-04	3.47e-02	9.47e-01	1.73e-02	5.04e-04	8.23e-06	1.36e-07	0.00e+00	0.00e+00	1.37e-04	9.98e-10	1.13e-09
 3.05928e+21	1.61e-04	3.71e-02	9.47e-01	1.54e-02	4.77e-04	6.98e-06	0.00e+00	0.00e+00	0.00e+00	1.61e-04	1.18e-09	1.33e-09
 3.12052e+21	1.86e-04	3.96e-02	9.46e-01	1.39e-02	4.56e-04	6.01e-06	0.00e+00	0.00e+00	0.00e+00	1.86e-04	1.37e-09	1.54e-09
 3.18904e+21	2.22e-04	4.28e-02	9.44e-01	1.23e-02	4.34e-04	5.05e-06	0.00e+00	0.00e+00	0.00e+00	2.22e-04	1.65e-09	1.83e-09
 3.26132e+21	2.67e-04	4.65e-02	9.42e-01	1.09e-02	4.16e-04	4.23e-06	0.00e+00	0.00e+00	0.00e+00	2.67e-04	2.00e-09	2.20e-09
 3.32266e+21	3.13e-04	5.00e-02	9.39e-01	9.84e-03	4.03e-04	3.63e-06	0.00e+00	0.00e+00	0.00e+00	3.13e-04	2.37e-09	2.59e-09
 3.37738e+21	3.64e-04	5.36e-02	9.37e-01	8.93e-03	3.92e-04	3.16e-06	0.00e+00	0.00e+00	0.00e+00	3.64e-04	2.80e-09	3.02e-09
 3.43938e+21	4.36e-04	5.83e-02	9.33e-01	7.96e-03	3.80e-04	2.68e-06	0.00e+00	0.00e+00	0.00e+00	4.36e-04	3.40e-09	3.62e-09
 3.50511e+21	5.28e-04	6.38e-02	9.28e-01	7.06e-03	3.70e-04	2.26e-06	0.00e+00	0.00e+00	0.00e+00	5.28e-04	4.18e-09	4.39e-09
 3.56135e+21	6.27e-04	6.92e-02	9.23e-01	6.36e-03	3.61e-04	1.94e-06	0.00e+00	0.00e+00	0.00e+00	6.27e-04	5.04e-09	5.21e-09
 3.61142e+21	7.33e-04	7.47e-02	9.18e-01	5.78e-03	3.53e-04	1.70e-06	0.00e+00	0.00e+00	0.00e+00	7.33e-04	5.98e-09	6.10e-09
 3.66782e+21	8.84e-04	8.18e-02	9.12e-01	5.15e-03	3.45e-04	1.44e-06	0.00e+00	0.00e+00	0.00e+00	8.84e-04	7.38e-09	7.37e-09
 3.72808e+21	1.08e-03	9.04e-02	9.04e-01	4.55e-03	3.36e-04	1.21e-06	0.00e+00	0.00e+00	0.00e+00	1.08e-03	9.26e-09	9.05e-09
 3.78014e+21	1.30e-03	9.88e-02	8.95e-01	4.09e-03	3.28e-04	1.04e-06	0.00e+00	0.00e+00	0.00e+00	1.30e-03	1.13e-08	1.08e-08
 3.82697e+21	1.54e-03	1.08e-01	8.87e-01	3.69e-03	3.22e-04	9.04e-07	0.00e+00	0.00e+00	0.00e+00	1.54e-03	1.36e-08	1.28e-08
 3.88022e+21	1.89e-03	1.19e-01	8.75e-01	3.25e-03	3.13e-04	7.62e-07	0.00e+00	0.00e+00	0.00e+00	1.89e-03	1.71e-08	1.57e-08
 3.93681e+21	2.36e-03	1.33e-01	8.61e-01	2.84e-03	3.04e-04	6.33e-07	0.00e+00	0.00e+00	0.00e+00	2.36e-03	2.19e-08	1.96e-08
 3.98464e+21	2.85e-03	1.47e-01	8.47e-01	2.53e-03	2.95e-04	5.40e-07	0.00e+00	0.00e+00	0.00e+00	2.85e-03	2.69e-08	2.37e-08
 4.02621e+21	3.40e-03	1.61e-01	8.33e-01	2.27e-03	2.88e-04	4.66e-07	0.00e+00	0.00e+00	0.00e+00	3.40e-03	3.26e-08	2.82e-08
 4.07277e+21	4.19e-03	1.79e-01	8.15e-01	1.99e-03	2.78e-04	3.91e-07	0.00e+00	0.00e+00	0.00e+00	4.19e-03	4.10e-08	3.46e-08
 4.12190e+21	5.23e-03	2.00e-01	7.93e-01	1.73e-03	2.67e-04	3.24e-07	0.00e+00	0.00e+00	0.00e+00	5.23e-03	5.21e-08	4.31e-08
 4.16305e+21	6.33e-03	2.20e-01	7.72e-01	1.52e-03	2.57e-04	2.74e-07	0.00e+00	0.00e+00	0.00e+00	6.33e-03	6.39e-08	5.21e-08
 4.19873e+21	7.54e-03	2.40e-01	7.51e-01	1.36e-03	2.47e-04	2.35e-07	0.00e+00	0.00e+00	0.00e+00	7.53e-03	7.69e-08	6.19e-08
 4.23859e+21	9.26e-03	2.66e-01	7.23e-01	1.18e-03	2.35e-04	1.95e-07	0.00e+00	0.00e+00	0.00e+00	9.26e-03	9.54e-08	7.59e-08
 4.28082e+21	1.15e-02	2.96e-01	6.91e-01	1.01e-03	2.21e-04	1.59e-07	0.00e+00	0.00e+00	0.00e+00	1.15e-02	1.19e-07	9.38e-08
 4.31687e+21	1.39e-02	3.25e-01	6.60e-01	8.71e-04	2.08e-04	1.32e-07	0.00e+00	0.00e+00	0.00e+00	1.39e-02	1.46e-07	1.13e-07
 4.34855e+21	1.66e-02	3.53e-01	6.29e-01	7.60e-04	1.95e-04	0.00e+00	0.00e+00	0.00e+00	0.00e+00	1.66e-02	1.75e-07	1.35e-07
 4.38381e+21	2.04e-02	3.88e-01	5.91e-01	6.43e-04	1.80e-04	0.00e+00	0.00e+00	0.00e+00	0.00e+00	2.04e-02	2.15e-07	1.65e-07
 4.42134e+21	2.53e-02	4.28e-01	5.46e-01	5.32e-04	1.63e-04	0.00e+00	0.00e+00	0.00e+00	0.00e+00	2.53e-02	2.68e-07	2.04e-07
 4.45337e+21	3.07e-02	4.64e-01	5.04e-01	4.46e-04	1.48e-04	0.00e+00	0.00e+00	0.00e+00	0.00e+00	3.07e-02	3.24e-07	2.46e-07
 4.48150e+21	3.65e-02	4.99e-01	4.64e-01	3.77e-04	1.33e-04	0.00e+00	0.00e+00	0.00e+00	0.00e+00	3.65e-02	3.85e-07	2.91e-07
 4.51302e+21	4.47e-02	5.39e-01	4.16e-01	3.05e-04	1.16e-04	0.00e+00	0.00e+00	0.00e+00	0.00e+00	4.47e-02	4.70e-07	3.54e-07
 4.54669e+21	5.54e-02	5.81e-01	3.63e-01	2.40e-04	9.79e-05	0.00e+00	0.00e+00	0.00e+00	0.00e+00	5.54e-02	5.81e-07	4.35e-07
 4.57254e+21	6.54e-02	6.13e-01	3.22e-01	1.97e-04	8.45e-05	0.00e+00	0.00e+00	0.00e+00	0.00e+00	6.54e-02	6.81e-07	5.09e-07
 4.59060e+21	7.35e-02	6.34e-01	2.93e-01	1.70e-04	7.52e-05	0.00e+00	0.00e+00	0.00e+00	0.00e+00	7.35e-02	7.62e-07	5.69e-07
 4.60913e+21	8.33e-02	6.55e-01	2.62e-01	1.44e-04	6.56e-05	0.00e+00	0.00e+00	0.00e+00	0.00e+00	8.33e-02	8.59e-07	6.40e-07
 4.63321e+21	9.82e-02	6.79e-01	2.22e-01	1.14e-04	5.37e-05	0.00e+00	0.00e+00	0.00e+00	0.00e+00	9.82e-02	1.00e-06	7.46e-07
 4.65652e+21	1.14e-01	6.98e-01	1.88e-01	9.16e-05	4.37e-05	0.00e+00	0.00e+00	0.00e+00	0.00e+00	1.14e-01	1.15e-06	8.58e-07
 4.67338e+21	1.28e-01	7.08e-01	1.63e-01	7.71e-05	3.69e-05	0.00e+00	0.00e+00	0.00e+00	0.00e+00	1.28e-01	1.28e-06	9.50e-07
 4.68755e+21	1.41e-01	7.15e-01	1.44e-01	6.63e-05	3.16e-05	0.00e+00	0.00e+00	0.00e+00	0.00e+00	1.41e-01	1.39e-06	1.04e-06
 4.70367e+21	1.57e-01	7.20e-01	1.23e-01	5.53e-05	2.59e-05	0.00e+00	0.00e+00	0.00e+00	0.00e+00	1.57e-01	1.54e-06	1.14e-06
 4.72129e+21	1.77e-01	7.21e-01	1.02e-01	4.55e-05	2.08e-05	0.00e+00	0.00e+00	0.00e+00	0.00e+00	1.77e-01	1.70e-06	1.26e-06
 4.73713e+21	1.97e-01	7.18e-01	8.53e-02	3.81e-05	1.67e-05	0.00e+00	0.00e+00	0.00e+00	0.00e+00	1.97e-01	1.86e-06	1.38e-06
 4.75134e+21	2.16e-01	7.12e-01	7.16e-02	3.23e-05	1.35e-05	0.00e+00	0.00e+00	0.00e+00	0.00e+00	2.16e-01	2.01e-06	1.49e-06
 4.76714e+21	2.40e-01	7.02e-01	5.79e-02	2.67e-05	1.04e-05	0.00e+00	0.00e+00	0.00e+00	0.00e+00	2.40e-01	2.19e-06	1.62e-06
 4.78396e+21	2.67e-01	6.87e-01	4.58e-02	2.20e-05	7.85e-06	0.00e+00	0.00e+00	0.00e+00	0.00e+00	2.67e-01	2.38e-06	1.76e-06
 4.79859e+21	2.94e-01	6.69e-01	3.66e-02	1.85e-05	6.00e-06	0.00e+00	0.00e+00	0.00e+00	0.00e+00	2.94e-01	2.55e-06	1.89e-06
 4.81189e+21	3.19e-01	6.51e-01	2.96e-02	1.59e-05	4.65e-06	0.00e+00	0.00e+00	0.00e+00	0.00e+00	3.19e-01	2.70e-06	1.99e-06
 4.82695e+21	3.51e-01	6.27e-01	2.28e-02	1.32e-05	3.40e-06	0.00e+00	0.00e+00	0.00e+00	0.00e+00	3.51e-01	2.87e-06	2.12e-06
 4.84365e+21	3.87e-01	5.96e-01	1.68e-02	1.09e-05	2.37e-06	0.00e+00	0.00e+00	0.00e+00	0.00e+00	3.87e-01	3.04e-06	2.25e-06
 4.85874e+21	4.22e-01	5.65e-01	1.25e-02	9.13e-06	1.68e-06	0.00e+00	0.00e+00	0.00e+00	0.00e+00	4.22e-01	3.18e-06	2.35e-06
 4.87160e+21	4.54e-01	5.37e-01	9.63e-03	7.84e-06	1.23e-06	0.00e+00	0.00e+00	0.00e+00	0.00e+00	4.54e-01	3.29e-06	2.42e-06
 4.88328e+21	4.82e-01	5.10e-01	7.52e-03	6.85e-06	9.23e-07	0.00e+00	0.00e+00	0.00e+00	0.00e+00	4.82e-01	3.36e-06	2.48e-06
 4.89394e+21	5.09e-01	4.85e-01	5.94e-03	6.05e-06	7.02e-07	0.00e+00	0.00e+00	0.00e+00	0.00e+00	5.09e-01	3.42e-06	2.52e-06
 4.90376e+21	5.34e-01	4.61e-01	4.75e-03	5.40e-06	5.44e-07	0.00e+00	0.00e+00	0.00e+00	0.00e+00	5.34e-01	3.45e-06	2.54e-06
 4.91299e+21	5.58e-01	4.38e-01	3.82e-03	4.85e-06	4.24e-07	0.00e+00	0.00e+00	0.00e+00	0.00e+00	5.58e-01	3.48e-06	2.56e-06
 4.92166e+21	5.80e-01	4.17e-01	3.11e-03	4.39e-06	3.35e-07	0.00e+00	0.00e+00	0.00e+00	0.00e+00	5.80e-01	3.49e-06	2.56e-06
 4.92856e+21	5.96e-01	4.01e-01	2.65e-03	4.07e-06	2.79e-07	0.00e+00	0.00e+00	0.00e+00	0.00e+00	5.96e-01	3.48e-06	2.56e-06
 4.93313e+21	6.08e-01	3.90e-01	2.37e-03	3.86e-06	2.47e-07	0.00e+00	0.00e+00	0.00e+00	0.00e+00	6.08e-01	3.47e-06	2.55e-06
 4.93730e+21	6.18e-01	3.80e-01	2.13e-03	3.68e-06	2.19e-07	0.00e+00	0.00e+00	0.00e+00	0.00e+00	6.18e-01	3.46e-06	2.54e-06
 4.94202e+21	6.30e-01	3.68e-01	1.89e-03	3.48e-06	1.91e-07	0.00e+00	0.00e+00	0.00e+00	0.00e+00	6.30e-01	3.45e-06	2.53e-06
 4.94714e+21	6.43e-01	3.56e-01	1.65e-03	3.28e-06	1.65e-07	0.00e+00	0.00e+00	0.00e+00	0.00e+00	6.43e-01	3.43e-06	2.52e-06
 4.95219e+21	6.55e-01	3.44e-01	1.45e-03	3.09e-06	1.43e-07	0.00e+00	0.00e+00	0.00e+00	0.00e+00	6.55e-01	3.41e-06	2.50e-06
 4.95708e+21	6.66e-01	3.32e-01	1.28e-03	2.92e-06	1.24e-07	0.00e+00	0.00e+00	0.00e+00	0.00e+00	6.66e-01	3.38e-06	2.48e-06
 4.96192e+21	6.78e-01	3.21e-01	1.13e-03	2.77e-06	0.00e+00	0.00e+00	0.00e+00	0.00e+00	0.00e+00	6.78e-01	3.36e-06	2.46e-06
 4.96682e+21	6.89e-01	3.10e-01	9.91e-04	2.61e-06	0.00e+00	0.00e+00	0.00e+00	0.00e+00	0.00e+00	6.89e-01	3.33e-06	2.44e-06
 4.97171e+21	7.00e-01	2.99e-01	8.73e-04	2.48e-06	0.00e+00	0.00e+00	0.00e+00	0.00e+00	0.00e+00	7.00e-01	3.29e-06	2.41e-06
 4.97658e+21	7.11e-01	2.88e-01	7.67e-04	2.34e-06	0.00e+00	0.00e+00	0.00e+00	0.00e+00	0.00e+00	7.11e-01	3.26e-06	2.38e-06
 4.98145e+21	7.21e-01	2.78e-01	6.75e-04	2.22e-06	0.00e+00	0.00e+00	0.00e+00	0.00e+00	0.00e+00	7.21e-01	3.22e-06	2.36e-06
 4.98636e+21	7.31e-01	2.68e-01	5.93e-04	2.10e-06	0.00e+00	0.00e+00	0.00e+00	0.00e+00	0.00e+00	7.31e-01	3.18e-06	2.33e-06
 4.99134e+21	7.42e-01	2.58e-01	5.20e-04	1.98e-06	0.00e+00	0.00e+00	0.00e+00	0.00e+00	0.00e+00	7.42e-01	3.14e-06	2.30e-06
 4.99622e+21	7.51e-01	2.48e-01	4.59e-04	1.88e-06	0.00e+00	0.00e+00	0.00e+00	0.00e+00	0.00e+00	7.51e-01	3.10e-06	2.27e-06
 5.00113e+21	7.61e-01	2.39e-01	4.04e-04	1.78e-06	0.00e+00	0.00e+00	0.00e+00	0.00e+00	0.00e+00	7.61e-01	3.06e-06	2.23e-06
 5.00612e+21	7.70e-01	2.30e-01	3.56e-04	1.69e-06	0.00e+00	0.00e+00	0.00e+00	0.00e+00	0.00e+00	7.70e-01	3.02e-06	2.20e-06
 5.01117e+21	7.79e-01	2.21e-01	3.13e-04	1.60e-06	0.00e+00	0.00e+00	0.00e+00	0.00e+00	0.00e+00	7.79e-01	2.97e-06	2.17e-06
 5.01624e+21	7.87e-01	2.12e-01	2.76e-04	1.52e-06	0.00e+00	0.00e+00	0.00e+00	0.00e+00	0.00e+00	7.87e-01	2.93e-06	2.13e-06
 5.02140e+21	7.96e-01	2.04e-01	2.44e-04	1.43e-06	0.00e+00	0.00e+00	0.00e+00	0.00e+00	0.00e+00	7.96e-01	2.88e-06	2.10e-06
 5.02664e+21	8.04e-01	1.96e-01	2.16e-04	1.36e-06	0.00e+00	0.00e+00	0.00e+00	0.00e+00	0.00e+00	8.04e-01	2.84e-06	2.07e-06
 5.03198e+21	8.12e-01	1.88e-01	1.92e-04	1.29e-06	0.00e+00	0.00e+00	0.00e+00	0.00e+00	0.00e+00	8.12e-01	2.79e-06	2.03e-06
 5.03747e+21	8.19e-01	1.81e-01	1.70e-04	1.23e-06	0.00e+00	0.00e+00	0.00e+00	0.00e+00	0.00e+00	8.19e-01	2.75e-06	2.00e-06
 5.04303e+21	8.26e-01	1.73e-01	1.52e-04	1.16e-06	0.00e+00	0.00e+00	0.00e+00	0.00e+00	0.00e+00	8.26e-01	2.70e-06	1.96e-06
 5.04868e+21	8.33e-01	1.67e-01	1.36e-04	1.11e-06	0.00e+00	0.00e+00	0.00e+00	0.00e+00	0.00e+00	8.33e-01	2.66e-06	1.93e-06
 5.05440e+21	8.40e-01	1.60e-01	1.23e-04	1.05e-06	0.00e+00	0.00e+00	0.00e+00	0.00e+00	0.00e+00	8.40e-01	2.62e-06	1.90e-06
 5.06022e+21	8.46e-01	1.54e-01	1.11e-04	1.00e-06	0.00e+00	0.00e+00	0.00e+00	0.00e+00	0.00e+00	8.46e-01	2.58e-06	1.87e-06
 5.06619e+21	8.51e-01	1.49e-01	1.01e-04	9.59e-07	0.00e+00	0.00e+00	0.00e+00	0.00e+00	0.00e+00	8.51e-01	2.54e-06	1.84e-06
 5.07235e+21	8.57e-01	1.43e-01	9.29e-05	9.19e-07	0.00e+00	0.00e+00	0.00e+00	0.00e+00	0.00e+00	8.57e-01	2.50e-06	1.81e-06
 5.07875e+21	8.62e-01	1.38e-01	8.57e-05	8.79e-07	0.00e+00	0.00e+00	0.00e+00	0.00e+00	0.00e+00	8.62e-01	2.47e-06	1.78e-06
 5.08545e+21	8.66e-01	1.34e-01	7.95e-05	8.45e-07	0.00e+00	0.00e+00	0.00e+00	0.00e+00	0.00e+00	8.66e-01	2.43e-06	1.76e-06
 5.09256e+21	8.70e-01	1.30e-01	7.42e-05	8.12e-07	0.00e+00	0.00e+00	0.00e+00	0.00e+00	0.00e+00	8.70e-01	2.40e-06	1.73e-06
 5.10015e+21	8.74e-01	1.26e-01	6.97e-05	7.83e-07	0.00e+00	0.00e+00	0.00e+00	0.00e+00	0.00e+00	8.74e-01	2.37e-06	1.71e-06
 5.10843e+21	8.78e-01	1.22e-01	6.58e-05	7.55e-07	0.00e+00	0.00e+00	0.00e+00	0.00e+00	0.00e+00	8.78e-01	2.34e-06	1.69e-06
 5.11770e+21	8.81e-01	1.19e-01	6.24e-05	7.30e-07	0.00e+00	0.00e+00	0.00e+00	0.00e+00	0.00e+00	8.81e-01	2.32e-06	1.67e-06
 5.12825e+21	8.85e-01	1.15e-01	5.95e-05	7.07e-07	0.00e+00	0.00e+00	0.00e+00	0.00e+00	0.00e+00	8.85e-01	2.29e-06	1.65e-06
 5.14011e+21	8.87e-01	1.13e-01	5.71e-05	6.87e-07	0.00e+00	0.00e+00	0.00e+00	0.00e+00	0.00e+00	8.87e-01	2.27e-06	1.63e-06
 5.15251e+21	8.89e-01	1.11e-01	5.54e-05	6.72e-07	0.00e+00	0.00e+00	0.00e+00	0.00e+00	0.00e+00	8.89e-01	2.26e-06	1.62e-06
 5.16475e+21	8.91e-01	1.09e-01	5.41e-05	6.60e-07	0.00e+00	0.00e+00	0.00e+00	0.00e+00	0.00e+00	8.91e-01	2.25e-06	1.61e-06
 5.17687e+21	8.92e-01	1.08e-01	5.31e-05	6.51e-07	0.00e+00	0.00e+00	0.00e+00	0.00e+00	0.00e+00	8.92e-01	2.24e-06	1.60e-06
 5.18891e+21	8.94e-01	1.06e-01	5.23e-05	6.39e-07	0.00e+00	0.00e+00	0.00e+00	0.00e+00	0.00e+00	8.94e-01	2.23e-06	1.59e-06
 5.20088e+21	8.94e-01	1.06e-01	5.19e-05	6.37e-07	0.00e+00	0.00e+00	0.00e+00	0.00e+00	0.00e+00	8.94e-01	2.22e-06	1.59e-06
 5.21280e+21	8.95e-01	1.05e-01	5.14e-05	6.32e-07	0.00e+00	0.00e+00	0.00e+00	0.00e+00	0.00e+00	8.95e-01	2.22e-06	1.59e-06
 5.22649e+21	8.95e-01	1.05e-01	5.09e-05	6.26e-07	0.00e+00	0.00e+00	0.00e+00	0.00e+00	0.00e+00	8.95e-01	2.22e-06	1.58e-06
 5.24428e+21	8.96e-01	1.04e-01	5.04e-05	6.20e-07	0.00e+00	0.00e+00	0.00e+00	0.00e+00	0.00e+00	8.96e-01	2.21e-06	1.58e-06
 5.26741e+21	8.97e-01	1.03e-01	4.99e-05	6.13e-07	0.00e+00	0.00e+00	0.00e+00	0.00e+00	0.00e+00	8.97e-01	2.21e-06	1.57e-06
 5.29748e+21	8.98e-01	1.02e-01	4.92e-05	6.05e-07	0.00e+00	0.00e+00	0.00e+00	0.00e+00	0.00e+00	8.98e-01	2.20e-06	1.56e-06
 5.33658e+21	8.99e-01	1.01e-01	4.85e-05	5.94e-07	0.00e+00	0.00e+00	0.00e+00	0.00e+00	0.00e+00	8.99e-01	2.20e-06	1.56e-06
 5.38740e+21	9.00e-01	9.96e-02	4.76e-05	5.82e-07	0.00e+00	0.00e+00	0.00e+00	0.00e+00	0.00e+00	9.00e-01	2.19e-06	1.55e-06
 5.45347e+21	9.02e-01	9.79e-02	4.65e-05	5.67e-07	0.00e+00	0.00e+00	0.00e+00	0.00e+00	0.00e+00	9.02e-01	2.18e-06	1.54e-06
 5.53935e+21	9.04e-01	9.58e-02	4.53e-05	5.48e-07	0.00e+00	0.00e+00	0.00e+00	0.00e+00	0.00e+00	9.04e-01	2.17e-06	1.52e-06
 5.65101e+21	9.07e-01	9.32e-02	4.38e-05	5.25e-07	0.00e+00	0.00e+00	0.00e+00	0.00e+00	0.00e+00	9.07e-01	2.16e-06	1.50e-06
 5.79616e+21	9.10e-01	9.00e-02	4.20e-05	4.98e-07	0.00e+00	0.00e+00	0.00e+00	0.00e+00	0.00e+00	9.10e-01	2.14e-06	1.48e-06
 5.96813e+21	9.13e-01	8.67e-02	4.03e-05	4.69e-07	0.00e+00	0.00e+00	0.00e+00	0.00e+00	0.00e+00	9.13e-01	2.13e-06	1.46e-06
 6.14785e+21	9.16e-01	8.36e-02	3.87e-05	4.42e-07	0.00e+00	0.00e+00	0.00e+00	0.00e+00	0.00e+00	9.16e-01	2.12e-06	1.44e-06
 6.32962e+21	9.19e-01	8.07e-02	3.73e-05	4.18e-07	0.00e+00	0.00e+00	0.00e+00	0.00e+00	0.00e+00	9.19e-01	2.12e-06	1.42e-06
 6.51971e+21	9.22e-01	7.79e-02	3.59e-05	3.94e-07	0.00e+00	0.00e+00	0.00e+00	0.00e+00	0.00e+00	9.22e-01	2.11e-06	1.40e-06
 6.72315e+21	9.25e-01	7.52e-02	3.47e-05	3.71e-07	0.00e+00	0.00e+00	0.00e+00	0.00e+00	0.00e+00	9.25e-01	2.10e-06	1.38e-06
 6.94029e+21	9.27e-01	7.26e-02	3.34e-05	3.49e-07	0.00e+00	0.00e+00	0.00e+00	0.00e+00	0.00e+00	9.27e-01	2.10e-06	1.36e-06
 7.17047e+21	9.30e-01	7.00e-02	3.23e-05	3.28e-07	0.00e+00	0.00e+00	0.00e+00	0.00e+00	0.00e+00	9.30e-01	2.10e-06	1.34e-06
 7.41477e+21	9.32e-01	6.76e-02	3.11e-05	3.08e-07	0.00e+00	0.00e+00	0.00e+00	0.00e+00	0.00e+00	9.32e-01	2.09e-06	1.32e-06
 7.67499e+21	9.35e-01	6.53e-02	3.00e-05	2.89e-07	0.00e+00	0.00e+00	0.00e+00	0.00e+00	0.00e+00	9.35e-01	2.09e-06	1.30e-06
 7.95423e+21	9.37e-01	6.31e-02	2.89e-05	2.71e-07	0.00e+00	0.00e+00	0.00e+00	0.00e+00	0.00e+00	9.37e-01	2.09e-06	1.28e-06
 8.25381e+21	9.39e-01	6.09e-02	2.78e-05	2.53e-07	0.00e+00	0.00e+00	0.00e+00	0.00e+00	0.00e+00	9.39e-01	2.10e-06	1.26e-06
 8.57996e+21	9.41e-01	5.88e-02	2.67e-05	2.36e-07	0.00e+00	0.00e+00	0.00e+00	0.00e+00	0.00e+00	9.41e-01	2.10e-06	1.24e-06
 8.93584e+21	9.43e-01	5.68e-02	2.56e-05	2.19e-07	0.00e+00	0.00e+00	0.00e+00	0.00e+00	0.00e+00	9.43e-01	2.11e-06	1.23e-06
 9.31961e+21	9.45e-01	5.49e-02	2.44e-05	2.03e-07	0.00e+00	0.00e+00	0.00e+00	0.00e+00	0.00e+00	9.45e-01	2.12e-06	1.21e-06
 9.73777e+21	9.47e-01	5.31e-02	2.33e-05	1.88e-07	0.00e+00	0.00e+00	0.00e+00	0.00e+00	0.00e+00	9.47e-01	2.13e-06	1.20e-06
 1.01992e+22	9.49e-01	5.13e-02	2.21e-05	1.73e-07	0.00e+00	0.00e+00	0.00e+00	0.00e+00	0.00e+00	9.49e-01	2.15e-06	1.18e-06
 1.06655e+22	9.50e-01	4.97e-02	2.10e-05	1.60e-07	0.00e+00	0.00e+00	0.00e+00	0.00e+00	0.00e+00	9.50e-01	2.16e-06	1.17e-06
 1.10857e+22	9.51e-01	4.86e-02	2.01e-05	1.50e-07	0.00e+00	0.00e+00	0.00e+00	0.00e+00	0.00e+00	9.51e-01	2.18e-06	1.16e-06
 1.14748e+22	9.52e-01	4.76e-02	1.92e-05	1.41e-07	0.00e+00	0.00e+00	0.00e+00	0.00e+00	0.00e+00	9.52e-01	2.20e-06	1.16e-06
 1.19173e+22	9.54e-01	4.65e-02	1.83e-05	1.32e-07	0.00e+00	0.00e+00	0.00e+00	0.00e+00	0.00e+00	9.54e-01	2.21e-06	1.15e-06
 1.23971e+22	9.54e-01	4.55e-02	1.74e-05	1.23e-07	0.00e+00	0.00e+00	0.00e+00	0.00e+00	0.00e+00	9.54e-01	2.23e-06	1.14e-06
 1.28164e+22	9.55e-01	4.48e-02	1.67e-05	0.00e+00	0.00e+00	0.00e+00	0.00e+00	0.00e+00	0.00e+00	9.55e-01	2.24e-06	1.14e-06
 1.31844e+22	9.56e-01	4.42e-02	1.61e-05	0.00e+00	0.00e+00	0.00e+00	0.00e+00	0.00e+00	0.00e+00	9.56e-01	2.25e-06	1.13e-06
 1.35945e+22	9.57e-01	4.35e-02	1.54e-05	0.00e+00	0.00e+00	0.00e+00	0.00e+00	0.00e+00	0.00e+00	9.56e-01	2.26e-06	1.13e-06
 1.40514e+22	9.57e-01	4.29e-02	1.47e-05	0.00e+00	0.00e+00	0.00e+00	0.00e+00	0.00e+00	0.00e+00	9.57e-01	2.27e-06	1.12e-06
 1.44685e+22	9.58e-01	4.24e-02	1.41e-05	0.00e+00	0.00e+00	0.00e+00	0.00e+00	0.00e+00	0.00e+00	9.58e-01	2.29e-06	1.12e-06
 1.48393e+22	9.58e-01	4.19e-02	1.36e-05	0.00e+00	0.00e+00	0.00e+00	0.00e+00	0.00e+00	0.00e+00	9.58e-01	2.29e-06	1.12e-06
 1.52503e+22	9.59e-01	4.15e-02	1.31e-05	0.00e+00	0.00e+00	0.00e+00	0.00e+00	0.00e+00	0.00e+00	9.59e-01	2.30e-06	1.11e-06
 1.57057e+22	9.59e-01	4.10e-02	1.25e-05	0.00e+00	0.00e+00	0.00e+00	0.00e+00	0.00e+00	0.00e+00	9.59e-01	2.31e-06	1.11e-06
 1.61182e+22	9.59e-01	4.07e-02	1.20e-05	0.00e+00	0.00e+00	0.00e+00	0.00e+00	0.00e+00	0.00e+00	9.59e-01	2.31e-06	1.11e-06
 1.64856e+22	9.60e-01	4.04e-02	1.16e-05	0.00e+00	0.00e+00	0.00e+00	0.00e+00	0.00e+00	0.00e+00	9.60e-01	2.32e-06	1.11e-06
 1.68951e+22	9.60e-01	4.01e-02	1.12e-05	0.00e+00	0.00e+00	0.00e+00	0.00e+00	0.00e+00	0.00e+00	9.60e-01	2.32e-06	1.11e-06
 1.73505e+22	9.60e-01	3.98e-02	1.07e-05	0.00e+00	0.00e+00	0.00e+00	0.00e+00	0.00e+00	0.00e+00	9.60e-01	2.32e-06	1.10e-06
 1.77665e+22	9.60e-01	3.95e-02	1.03e-05	0.00e+00	0.00e+00	0.00e+00	0.00e+00	0.00e+00	0.00e+00	9.60e-01	2.32e-06	1.10e-06
 1.81398e+22	9.61e-01	3.93e-02	9.94e-06	0.00e+00	0.00e+00	0.00e+00	0.00e+00	0.00e+00	0.00e+00	9.61e-01	2.32e-06	1.10e-06
 1.85571e+22	9.61e-01	3.91e-02	9.56e-06	0.00e+00	0.00e+00	0.00e+00	0.00e+00	0.00e+00	0.00e+00	9.61e-01	2.32e-06	1.10e-06
 1.90213e+22	9.61e-01	3.88e-02	9.17e-06	0.00e+00	0.00e+00	0.00e+00	0.00e+00	0.00e+00	0.00e+00	9.61e-01	2.31e-06	1.10e-06
 1.94464e+22	9.61e-01	3.86e-02	8.82e-06	0.00e+00	0.00e+00	0.00e+00	0.00e+00	0.00e+00	0.00e+00	9.61e-01	2.31e-06	1.10e-06
 1.98317e+22	9.62e-01	3.85e-02	8.53e-06	0.00e+00	0.00e+00	0.00e+00	0.00e+00	0.00e+00	0.00e+00	9.62e-01	2.30e-06	1.10e-06
 2.02654e+22	9.62e-01	3.81e-02	8.20e-06	0.00e+00	0.00e+00	0.00e+00	0.00e+00	0.00e+00	0.00e+00	9.62e-01	2.29e-06	1.09e-06
 2.07432e+22	9.62e-01	3.79e-02	7.87e-06	0.00e+00	0.00e+00	0.00e+00	0.00e+00	0.00e+00	0.00e+00	9.62e-01	2.28e-06	1.09e-06
 2.11827e+22	9.62e-01	3.78e-02	7.57e-06	0.00e+00	0.00e+00	0.00e+00	0.00e+00	0.00e+00	0.00e+00	9.62e-01	2.26e-06	1.09e-06
 2.16585e+22	9.62e-01	3.78e-02	7.26e-06	0.00e+00	0.00e+00	0.00e+00	0.00e+00	0.00e+00	0.00e+00	9.62e-01	2.25e-06	1.09e-06
 2.21882e+22	9.63e-01	3.75e-02	6.94e-06	0.00e+00	0.00e+00	0.00e+00	0.00e+00	0.00e+00	0.00e+00	9.63e-01	2.23e-06	1.09e-06
 2.26734e+22	9.63e-01	3.74e-02	6.67e-06	0.00e+00	0.00e+00	0.00e+00	0.00e+00	0.00e+00	0.00e+00	9.63e-01	2.21e-06	1.09e-06
 2.31895e+22	9.63e-01	3.73e-02	6.38e-06	0.00e+00	0.00e+00	0.00e+00	0.00e+00	0.00e+00	0.00e+00	9.63e-01	2.19e-06	1.09e-06
 2.38500e+22	9.63e-01	3.72e-02	6.04e-06	0.00e+00	0.00e+00	0.00e+00	0.00e+00	0.00e+00	0.00e+00	9.63e-01	2.16e-06	1.08e-06
 2.45391e+22	9.63e-01	3.69e-02	5.71e-06	0.00e+00	0.00e+00	0.00e+00	0.00e+00	0.00e+00	0.00e+00	9.63e-01	2.12e-06	1.08e-06
 2.51516e+22	9.63e-01	3.68e-02	5.44e-06	0.00e+00	0.00e+00	0.00e+00	0.00e+00	0.00e+00	0.00e+00	9.63e-01	2.08e-06	1.08e-06
 2.57144e+22	9.63e-01	3.69e-02	5.20e-06	0.00e+00	0.00e+00	0.00e+00	0.00e+00	0.00e+00	0.00e+00	9.63e-01	2.04e-06	1.08e-06
 2.62286e+22	9.63e-01	3.67e-02	4.99e-06	0.00e+00	0.00e+00	0.00e+00	0.00e+00	0.00e+00	0.00e+00	9.63e-01	2.00e-06	1.08e-06
 2.66914e+22	9.63e-01	3.67e-02	4.81e-06	0.00e+00	0.00e+00	0.00e+00	0.00e+00	0.00e+00	0.00e+00	9.63e-01	1.96e-06	1.08e-06
 2.71080e+22	9.63e-01	3.66e-02	4.66e-06	0.00e+00	0.00e+00	0.00e+00	0.00e+00	0.00e+00	0.00e+00	9.63e-01	1.93e-06	1.08e-06
 2.74828e+22	9.63e-01	3.66e-02	4.52e-06	0.00e+00	0.00e+00	0.00e+00	0.00e+00	0.00e+00	0.00e+00	9.63e-01	1.89e-06	1.08e-06
 2.78202e+22	9.63e-01	3.66e-02	4.40e-06	0.00e+00	0.00e+00	0.00e+00	0.00e+00	0.00e+00	0.00e+00	9.63e-01	1.86e-06	1.08e-06
 2.81343e+22	9.63e-01	3.65e-02	4.30e-06	0.00e+00	0.00e+00	0.00e+00	0.00e+00	0.00e+00	0.00e+00	9.63e-01	1.83e-06	1.08e-06
 2.84429e+22	9.63e-01	3.65e-02	4.19e-06	0.00e+00	0.00e+00	0.00e+00	0.00e+00	0.00e+00	0.00e+00	9.63e-01	1.81e-06	1.08e-06
 2.87515e+22	9.64e-01	3.64e-02	4.09e-06	0.00e+00	0.00e+00	0.00e+00	0.00e+00	0.00e+00	0.00e+00	9.64e-01	1.78e-06	1.08e-06
 2.90600e+22	9.64e-01	3.64e-02	3.99e-06	0.00e+00	0.00e+00	0.00e+00	0.00e+00	0.00e+00	0.00e+00	9.64e-01	1.75e-06	1.08e-06
 2.93686e+22	9.64e-01	3.63e-02	3.90e-06	0.00e+00	0.00e+00	0.00e+00	0.00e+00	0.00e+00	0.00e+00	9.64e-01	1.71e-06	1.08e-06
 2.96772e+22	9.64e-01	3.62e-02	3.80e-06	0.00e+00	0.00e+00	0.00e+00	0.00e+00	0.00e+00	0.00e+00	9.64e-01	1.68e-06	1.08e-06
 2.99857e+22	9.64e-01	3.60e-02	3.71e-06	0.00e+00	0.00e+00	0.00e+00	0.00e+00	0.00e+00	0.00e+00	9.64e-01	1.65e-06	1.08e-06
 3.02943e+22	9.64e-01	3.58e-02	3.62e-06	0.00e+00	0.00e+00	0.00e+00	0.00e+00	0.00e+00	0.00e+00	9.64e-01	1.61e-06	1.08e-06
 3.05612e+22	9.65e-01	3.55e-02	3.55e-06	0.00e+00	0.00e+00	0.00e+00	0.00e+00	0.00e+00	0.00e+00	9.65e-01	1.57e-06	1.08e-06
 3.07216e+22	9.65e-01	3.52e-02	3.51e-06	0.00e+00	0.00e+00	0.00e+00	0.00e+00	0.00e+00	0.00e+00	9.65e-01	1.55e-06	1.08e-06
 3.07883e+22	9.65e-01	3.51e-02	3.49e-06	0.00e+00	0.00e+00	0.00e+00	0.00e+00	0.00e+00	0.00e+00	9.65e-01	1.54e-06	1.08e-06
 3.08235e+22	9.65e-01	3.50e-02	3.48e-06	0.00e+00	0.00e+00	0.00e+00	0.00e+00	0.00e+00	0.00e+00	9.65e-01	1.53e-06	1.08e-06
 3.08482e+22	9.65e-01	3.50e-02	3.47e-06	0.00e+00	0.00e+00	0.00e+00	0.00e+00	0.00e+00	0.00e+00	9.65e-01	1.53e-06	1.07e-06
