#depth	O	O+	O+2	O+3	O+4	O+5	O+6	O+7	O+8	O[1]	O[2]	O[3]
 3.66490e+15	1.18e-03	1.35e-01	6.78e-01	1.76e-01	9.89e-03	7.42e-05	3.66e-07	0.00e+00	0.00e+00	1.18e-03	2.78e-07	3.11e-07
 2.19894e+16	1.17e-03	1.34e-01	6.79e-01	1.76e-01	9.90e-03	7.44e-05	3.68e-07	0.00e+00	0.00e+00	1.16e-03	2.77e-07	3.08e-07
 9.52875e+16	1.14e-03	1.32e-01	6.81e-01	1.76e-01	9.85e-03	7.43e-05	3.68e-07	0.00e+00	0.00e+00	1.14e-03	2.70e-07	3.01e-07
 3.88480e+17	1.07e-03	1.26e-01	6.90e-01	1.73e-01	9.54e-03	7.23e-05	3.60e-07	0.00e+00	0.00e+00	1.07e-03	2.55e-07	2.84e-07
 9.27954e+17	8.95e-04	1.12e-01	7.04e-01	1.74e-01	9.32e-03	7.33e-05	3.73e-07	0.00e+00	0.00e+00	8.94e-04	2.11e-07	2.37e-07
 1.62927e+18	7.88e-04	1.03e-01	7.17e-01	1.70e-01	8.77e-03	7.06e-05	3.64e-07	0.00e+00	0.00e+00	7.87e-04	1.85e-07	2.08e-07
 2.54098e+18	7.18e-04	9.70e-02	7.34e-01	1.61e-01	7.93e-03	6.46e-05	3.37e-07	0.00e+00	0.00e+00	7.17e-04	1.68e-07	1.90e-07
 3.72620e+18	6.96e-04	9.54e-02	7.51e-01	1.46e-01	6.78e-03	5.49e-05	2.89e-07	0.00e+00	0.00e+00	6.96e-04	1.63e-07	1.84e-07
 5.26700e+18	7.35e-04	9.93e-02	7.70e-01	1.24e-01	5.35e-03	4.21e-05	2.22e-07	0.00e+00	0.00e+00	7.34e-04	1.72e-07	1.94e-07
 7.27003e+18	8.68e-04	1.11e-01	7.88e-01	9.64e-02	3.75e-03	2.77e-05	1.45e-07	0.00e+00	0.00e+00	8.68e-04	2.04e-07	2.30e-07
 9.36264e+18	1.08e-03	1.27e-01	7.97e-01	7.19e-02	2.50e-03	1.71e-05	0.00e+00	0.00e+00	0.00e+00	1.08e-03	2.55e-07	2.85e-07
 1.09981e+19	1.35e-03	1.45e-01	7.96e-01	5.54e-02	1.77e-03	1.11e-05	0.00e+00	0.00e+00	0.00e+00	1.35e-03	3.20e-07	3.55e-07
 1.21839e+19	1.64e-03	1.63e-01	7.89e-01	4.51e-02	1.35e-03	7.87e-06	0.00e+00	0.00e+00	0.00e+00	1.63e-03	3.90e-07	4.31e-07
 1.31711e+19	1.96e-03	1.80e-01	7.80e-01	3.75e-02	1.06e-03	5.78e-06	0.00e+00	0.00e+00	0.00e+00	1.96e-03	4.70e-07	5.16e-07
 1.42668e+19	2.44e-03	2.02e-01	7.64e-01	3.00e-02	7.99e-04	3.98e-06	0.00e+00	0.00e+00	0.00e+00	2.44e-03	5.87e-07	6.42e-07
 1.53894e+19	3.04e-03	2.27e-01	7.46e-01	2.40e-02	6.05e-04	2.74e-06	0.00e+00	0.00e+00	0.00e+00	3.04e-03	7.38e-07	7.99e-07
 1.63029e+19	3.66e-03	2.49e-01	7.27e-01	1.99e-02	4.81e-04	2.00e-06	0.00e+00	0.00e+00	0.00e+00	3.65e-03	8.91e-07	9.61e-07
 1.71160e+19	4.35e-03	2.71e-01	7.08e-01	1.67e-02	3.89e-04	1.50e-06	0.00e+00	0.00e+00	0.00e+00	4.35e-03	1.07e-06	1.14e-06
 1.80426e+19	5.35e-03	2.99e-01	6.82e-01	1.34e-02	3.03e-04	1.05e-06	0.00e+00	0.00e+00	0.00e+00	5.35e-03	1.32e-06	1.40e-06
 1.90208e+19	6.66e-03	3.31e-01	6.52e-01	1.07e-02	2.35e-04	7.30e-07	0.00e+00	0.00e+00	0.00e+00	6.66e-03	1.65e-06	1.74e-06
 1.98470e+19	8.07e-03	3.60e-01	6.23e-01	8.72e-03	1.89e-04	5.30e-07	0.00e+00	0.00e+00	0.00e+00	8.06e-03	2.01e-06	2.11e-06
 2.05714e+19	9.61e-03	3.88e-01	5.95e-01	7.21e-03	1.55e-04	3.94e-07	0.00e+00	0.00e+00	0.00e+00	9.60e-03	2.40e-06	2.50e-06
 2.13825e+19	1.18e-02	4.22e-01	5.60e-01	5.74e-03	1.24e-04	2.79e-07	0.00e+00	0.00e+00	0.00e+00	1.17e-02	2.94e-06	3.06e-06
 2.22510e+19	1.46e-02	4.60e-01	5.20e-01	4.46e-03	9.70e-05	1.91e-07	0.00e+00	0.00e+00	0.00e+00	1.46e-02	3.67e-06	3.79e-06
 2.29960e+19	1.77e-02	4.95e-01	4.84e-01	3.54e-03	7.88e-05	1.37e-07	0.00e+00	0.00e+00	0.00e+00	1.77e-02	4.44e-06	4.57e-06
 2.36504e+19	2.11e-02	5.27e-01	4.49e-01	2.85e-03	6.49e-05	0.00e+00	0.00e+00	0.00e+00	0.00e+00	2.11e-02	5.29e-06	5.43e-06
 2.43856e+19	2.58e-02	5.64e-01	4.08e-01	2.18e-03	5.17e-05	0.00e+00	0.00e+00	0.00e+00	0.00e+00	2.58e-02	6.47e-06	6.62e-06
 2.51713e+19	3.21e-02	6.03e-01	3.63e-01	1.61e-03	4.04e-05	0.00e+00	0.00e+00	0.00e+00	0.00e+00	3.21e-02	8.02e-06	8.19e-06
 2.58460e+19	3.89e-02	6.36e-01	3.24e-01	1.22e-03	3.23e-05	0.00e+00	0.00e+00	0.00e+00	0.00e+00	3.88e-02	9.67e-06	9.86e-06
 2.64397e+19	4.61e-02	6.64e-01	2.89e-01	9.37e-04	2.63e-05	0.00e+00	0.00e+00	0.00e+00	0.00e+00	4.61e-02	1.14e-05	1.16e-05
 2.71050e+19	5.61e-02	6.94e-01	2.49e-01	6.79e-04	2.06e-05	0.00e+00	0.00e+00	0.00e+00	0.00e+00	5.61e-02	1.38e-05	1.40e-05
 2.77987e+19	6.88e-02	7.20e-01	2.11e-01	4.77e-04	1.57e-05	0.00e+00	0.00e+00	0.00e+00	0.00e+00	6.87e-02	1.68e-05	1.70e-05
 2.83548e+19	8.13e-02	7.38e-01	1.80e-01	3.50e-04	1.24e-05	0.00e+00	0.00e+00	0.00e+00	0.00e+00	8.13e-02	1.97e-05	2.00e-05
 2.87972e+19	9.32e-02	7.49e-01	1.57e-01	2.69e-04	1.02e-05	0.00e+00	0.00e+00	0.00e+00	0.00e+00	9.31e-02	2.23e-05	2.27e-05
 2.92660e+19	1.08e-01	7.58e-01	1.34e-01	1.99e-04	8.08e-06	0.00e+00	0.00e+00	0.00e+00	0.00e+00	1.08e-01	2.56e-05	2.59e-05
 2.97594e+19	1.25e-01	7.63e-01	1.12e-01	1.45e-04	6.31e-06	0.00e+00	0.00e+00	0.00e+00	0.00e+00	1.25e-01	2.93e-05	2.97e-05
 3.01710e+19	1.42e-01	7.63e-01	9.52e-02	1.09e-04	5.06e-06	0.00e+00	0.00e+00	0.00e+00	0.00e+00	1.42e-01	3.28e-05	3.32e-05
 3.05209e+19	1.58e-01	7.60e-01	8.23e-02	8.55e-05	4.16e-06	0.00e+00	0.00e+00	0.00e+00	0.00e+00	1.58e-01	3.59e-05	3.64e-05
 3.09040e+19	1.78e-01	7.53e-01	6.90e-02	6.40e-05	3.29e-06	0.00e+00	0.00e+00	0.00e+00	0.00e+00	1.78e-01	3.98e-05	4.03e-05
 3.13079e+19	2.00e-01	7.43e-01	5.69e-02	4.72e-05	2.56e-06	0.00e+00	0.00e+00	0.00e+00	0.00e+00	2.00e-01	4.40e-05	4.45e-05
 3.16466e+19	2.21e-01	7.31e-01	4.80e-02	3.63e-05	2.04e-06	0.00e+00	0.00e+00	0.00e+00	0.00e+00	2.21e-01	4.76e-05	4.82e-05
 3.19400e+19	2.40e-01	7.19e-01	4.11e-02	2.89e-05	1.68e-06	0.00e+00	0.00e+00	0.00e+00	0.00e+00	2.40e-01	5.08e-05	5.14e-05
 3.22666e+19	2.64e-01	7.02e-01	3.42e-02	2.21e-05	1.32e-06	0.00e+00	0.00e+00	0.00e+00	0.00e+00	2.64e-01	5.46e-05	5.52e-05
 3.26213e+19	2.91e-01	6.82e-01	2.78e-02	1.66e-05	1.02e-06	0.00e+00	0.00e+00	0.00e+00	0.00e+00	2.90e-01	5.86e-05	5.93e-05
 3.29353e+19	3.15e-01	6.62e-01	2.31e-02	1.30e-05	8.07e-07	0.00e+00	0.00e+00	0.00e+00	0.00e+00	3.15e-01	6.19e-05	6.26e-05
 3.32662e+19	3.43e-01	6.39e-01	1.87e-02	9.93e-06	6.21e-07	0.00e+00	0.00e+00	0.00e+00	0.00e+00	3.42e-01	6.54e-05	6.61e-05
 3.36253e+19	3.74e-01	6.12e-01	1.48e-02	7.47e-06	4.65e-07	0.00e+00	0.00e+00	0.00e+00	0.00e+00	3.73e-01	6.89e-05	6.96e-05
 3.39465e+19	4.01e-01	5.87e-01	1.20e-02	5.86e-06	3.60e-07	0.00e+00	0.00e+00	0.00e+00	0.00e+00	4.01e-01	7.15e-05	7.23e-05
 3.42501e+19	4.28e-01	5.62e-01	9.69e-03	4.65e-06	2.79e-07	0.00e+00	0.00e+00	0.00e+00	0.00e+00	4.28e-01	7.39e-05	7.47e-05
 3.45745e+19	4.58e-01	5.35e-01	7.67e-03	3.65e-06	2.11e-07	0.00e+00	0.00e+00	0.00e+00	0.00e+00	4.58e-01	7.60e-05	7.69e-05
 3.49134e+19	4.88e-01	5.06e-01	6.02e-03	2.88e-06	1.59e-07	0.00e+00	0.00e+00	0.00e+00	0.00e+00	4.87e-01	7.77e-05	7.86e-05
 3.52210e+19	5.15e-01	4.80e-01	4.80e-03	2.34e-06	0.00e+00	0.00e+00	0.00e+00	0.00e+00	0.00e+00	5.15e-01	7.89e-05	7.98e-05
 3.54920e+19	5.38e-01	4.58e-01	3.92e-03	1.97e-06	0.00e+00	0.00e+00	0.00e+00	0.00e+00	0.00e+00	5.38e-01	7.96e-05	8.04e-05
 3.57487e+19	5.60e-01	4.36e-01	3.23e-03	1.68e-06	0.00e+00	0.00e+00	0.00e+00	0.00e+00	0.00e+00	5.60e-01	8.00e-05	8.08e-05
 3.60036e+19	5.81e-01	4.16e-01	2.66e-03	1.45e-06	0.00e+00	0.00e+00	0.00e+00	0.00e+00	0.00e+00	5.81e-01	8.02e-05	8.10e-05
 3.62151e+19	5.97e-01	4.00e-01	2.28e-03	1.30e-06	0.00e+00	0.00e+00	0.00e+00	0.00e+00	0.00e+00	5.97e-01	8.01e-05	8.09e-05
 3.63592e+19	6.09e-01	3.89e-01	2.05e-03	1.20e-06	0.00e+00	0.00e+00	0.00e+00	0.00e+00	0.00e+00	6.09e-01	8.00e-05	8.08e-05
 3.64919e+19	6.19e-01	3.79e-01	1.85e-03	1.12e-06	0.00e+00	0.00e+00	0.00e+00	0.00e+00	0.00e+00	6.19e-01	7.98e-05	8.06e-05
 3.66427e+19	6.31e-01	3.67e-01	1.64e-03	1.03e-06	0.00e+00	0.00e+00	0.00e+00	0.00e+00	0.00e+00	6.31e-01	7.96e-05	8.03e-05
 3.68087e+19	6.43e-01	3.55e-01	1.45e-03	9.51e-07	0.00e+00	0.00e+00	0.00e+00	0.00e+00	0.00e+00	6.43e-01	7.92e-05	7.99e-05
 3.69763e+19	6.55e-01	3.44e-01	1.27e-03	8.79e-07	0.00e+00	0.00e+00	0.00e+00	0.00e+00	0.00e+00	6.55e-01	7.88e-05	7.95e-05
 3.71415e+19	6.66e-01	3.33e-01	1.13e-03	8.16e-07	0.00e+00	0.00e+00	0.00e+00	0.00e+00	0.00e+00	6.66e-01	7.83e-05	7.90e-05
 3.73091e+19	6.78e-01	3.21e-01	9.92e-04	7.57e-07	0.00e+00	0.00e+00	0.00e+00	0.00e+00	0.00e+00	6.78e-01	7.78e-05	7.84e-05
 3.74797e+19	6.88e-01	3.11e-01	8.75e-04	7.05e-07	0.00e+00	0.00e+00	0.00e+00	0.00e+00	0.00e+00	6.88e-01	7.72e-05	7.78e-05
 3.76544e+19	7.00e-01	3.00e-01	7.69e-04	6.56e-07	0.00e+00	0.00e+00	0.00e+00	0.00e+00	0.00e+00	6.99e-01	7.65e-05	7.70e-05
 3.78323e+19	7.10e-01	2.90e-01	6.77e-04	6.13e-07	0.00e+00	0.00e+00	0.00e+00	0.00e+00	0.00e+00	7.10e-01	7.58e-05	7.63e-05
 3.80135e+19	7.20e-01	2.79e-01	5.95e-04	5.72e-07	0.00e+00	0.00e+00	0.00e+00	0.00e+00	0.00e+00	7.20e-01	7.50e-05	7.55e-05
 3.82010e+19	7.30e-01	2.70e-01	5.23e-04	5.36e-07	0.00e+00	0.00e+00	0.00e+00	0.00e+00	0.00e+00	7.30e-01	7.43e-05	7.47e-05
 3.83954e+19	7.40e-01	2.60e-01	4.58e-04	5.02e-07	0.00e+00	0.00e+00	0.00e+00	0.00e+00	0.00e+00	7.40e-01	7.34e-05	7.38e-05
 3.85948e+19	7.49e-01	2.50e-01	4.03e-04	4.71e-07	0.00e+00	0.00e+00	0.00e+00	0.00e+00	0.00e+00	7.49e-01	7.26e-05	7.29e-05
 3.88004e+19	7.58e-01	2.41e-01	3.54e-04	4.43e-07	0.00e+00	0.00e+00	0.00e+00	0.00e+00	0.00e+00	7.58e-01	7.17e-05	7.20e-05
 3.90170e+19	7.67e-01	2.33e-01	3.11e-04	4.17e-07	0.00e+00	0.00e+00	0.00e+00	0.00e+00	0.00e+00	7.67e-01	7.08e-05	7.11e-05
 3.92459e+19	7.76e-01	2.24e-01	2.72e-04	3.92e-07	0.00e+00	0.00e+00	0.00e+00	0.00e+00	0.00e+00	7.76e-01	6.98e-05	7.01e-05
 3.94855e+19	7.84e-01	2.16e-01	2.39e-04	3.70e-07	0.00e+00	0.00e+00	0.00e+00	0.00e+00	0.00e+00	7.84e-01	6.88e-05	6.91e-05
 3.97390e+19	7.92e-01	2.08e-01	2.10e-04	3.50e-07	0.00e+00	0.00e+00	0.00e+00	0.00e+00	0.00e+00	7.92e-01	6.78e-05	6.80e-05
 4.00143e+19	8.00e-01	2.00e-01	1.85e-04	3.31e-07	0.00e+00	0.00e+00	0.00e+00	0.00e+00	0.00e+00	7.99e-01	6.68e-05	6.70e-05
 4.03125e+19	8.07e-01	1.93e-01	1.63e-04	3.14e-07	0.00e+00	0.00e+00	0.00e+00	0.00e+00	0.00e+00	8.07e-01	6.58e-05	6.60e-05
 4.06372e+19	8.14e-01	1.86e-01	1.45e-04	2.98e-07	0.00e+00	0.00e+00	0.00e+00	0.00e+00	0.00e+00	8.13e-01	6.49e-05	6.50e-05
 4.09906e+19	8.20e-01	1.80e-01	1.29e-04	2.83e-07	0.00e+00	0.00e+00	0.00e+00	0.00e+00	0.00e+00	8.20e-01	6.39e-05	6.40e-05
 4.13821e+19	8.26e-01	1.74e-01	1.15e-04	2.71e-07	0.00e+00	0.00e+00	0.00e+00	0.00e+00	0.00e+00	8.26e-01	6.31e-05	6.31e-05
 4.18243e+19	8.32e-01	1.68e-01	1.04e-04	2.59e-07	0.00e+00	0.00e+00	0.00e+00	0.00e+00	0.00e+00	8.31e-01	6.22e-05	6.23e-05
 4.22934e+19	8.36e-01	1.64e-01	9.48e-05	2.50e-07	0.00e+00	0.00e+00	0.00e+00	0.00e+00	0.00e+00	8.36e-01	6.15e-05	6.15e-05
 4.27586e+19	8.40e-01	1.60e-01	8.79e-05	2.42e-07	0.00e+00	0.00e+00	0.00e+00	0.00e+00	0.00e+00	8.40e-01	6.09e-05	6.09e-05
 4.32165e+19	8.43e-01	1.57e-01	8.25e-05	2.35e-07	0.00e+00	0.00e+00	0.00e+00	0.00e+00	0.00e+00	8.43e-01	6.04e-05	6.04e-05
 4.37394e+19	8.46e-01	1.54e-01	7.74e-05	2.29e-07	0.00e+00	0.00e+00	0.00e+00	0.00e+00	0.00e+00	8.46e-01	5.99e-05	5.98e-05
 4.44192e+19	8.50e-01	1.50e-01	7.20e-05	2.22e-07	0.00e+00	0.00e+00	0.00e+00	0.00e+00	0.00e+00	8.50e-01	5.93e-05	5.92e-05
 4.53028e+19	8.54e-01	1.46e-01	6.65e-05	2.14e-07	0.00e+00	0.00e+00	0.00e+00	0.00e+00	0.00e+00	8.54e-01	5.86e-05	5.85e-05
 4.64516e+19	8.58e-01	1.42e-01	6.08e-05	2.06e-07	0.00e+00	0.00e+00	0.00e+00	0.00e+00	0.00e+00	8.58e-01	5.79e-05	5.77e-05
 4.79226e+19	8.63e-01	1.37e-01	5.49e-05	1.97e-07	0.00e+00	0.00e+00	0.00e+00	0.00e+00	0.00e+00	8.63e-01	5.70e-05	5.69e-05
 4.96278e+19	8.68e-01	1.32e-01	4.93e-05	1.88e-07	0.00e+00	0.00e+00	0.00e+00	0.00e+00	0.00e+00	8.68e-01	5.61e-05	5.59e-05
 5.14236e+19	8.73e-01	1.27e-01	4.45e-05	1.79e-07	0.00e+00	0.00e+00	0.00e+00	0.00e+00	0.00e+00	8.73e-01	5.53e-05	5.50e-05
 5.32937e+19	8.77e-01	1.23e-01	4.03e-05	1.71e-07	0.00e+00	0.00e+00	0.00e+00	0.00e+00	0.00e+00	8.77e-01	5.44e-05	5.42e-05
 5.52461e+19	8.82e-01	1.18e-01	3.66e-05	1.63e-07	0.00e+00	0.00e+00	0.00e+00	0.00e+00	0.00e+00	8.82e-01	5.36e-05	5.33e-05
 5.72812e+19	8.86e-01	1.14e-01	3.33e-05	1.56e-07	0.00e+00	0.00e+00	0.00e+00	0.00e+00	0.00e+00	8.86e-01	5.28e-05	5.25e-05
 5.94096e+19	8.90e-01	1.10e-01	3.04e-05	1.49e-07	0.00e+00	0.00e+00	0.00e+00	0.00e+00	0.00e+00	8.90e-01	5.21e-05	5.16e-05
 6.16344e+19	8.94e-01	1.06e-01	2.78e-05	1.43e-07	0.00e+00	0.00e+00	0.00e+00	0.00e+00	0.00e+00	8.94e-01	5.13e-05	5.08e-05
 6.39581e+19	8.98e-01	1.02e-01	2.56e-05	1.36e-07	0.00e+00	0.00e+00	0.00e+00	0.00e+00	0.00e+00	8.98e-01	5.06e-05	5.01e-05
 6.63821e+19	9.01e-01	9.85e-02	2.36e-05	1.30e-07	0.00e+00	0.00e+00	0.00e+00	0.00e+00	0.00e+00	9.01e-01	4.99e-05	4.93e-05
 6.89100e+19	9.05e-01	9.50e-02	2.18e-05	1.25e-07	0.00e+00	0.00e+00	0.00e+00	0.00e+00	0.00e+00	9.05e-01	4.92e-05	4.86e-05
 7.15477e+19	9.08e-01	9.16e-02	2.02e-05	1.19e-07	0.00e+00	0.00e+00	0.00e+00	0.00e+00	0.00e+00	9.08e-01	4.85e-05	4.78e-05
 7.42998e+19	9.12e-01	8.83e-02	1.88e-05	0.00e+00	0.00e+00	0.00e+00	0.00e+00	0.00e+00	0.00e+00	9.12e-01	4.78e-05	4.71e-05
 7.71697e+19	9.15e-01	8.51e-02	1.76e-05	0.00e+00	0.00e+00	0.00e+00	0.00e+00	0.00e+00	0.00e+00	9.15e-01	4.72e-05	4.64e-05
 8.01606e+19	9.18e-01	8.20e-02	1.65e-05	0.00e+00	0.00e+00	0.00e+00	0.00e+00	0.00e+00	0.00e+00	9.18e-01	4.66e-05	4.58e-05
 8.32772e+19	9.21e-01	7.91e-02	1.55e-05	0.00e+00	0.00e+00	0.00e+00	0.00e+00	0.00e+00	0.00e+00	9.21e-01	4.59e-05	4.51e-05
 8.65246e+19	9.24e-01	7.62e-02	1.47e-05	0.00e+00	0.00e+00	0.00e+00	0.00e+00	0.00e+00	0.00e+00	9.24e-01	4.53e-05	4.45e-05
 8.99053e+19	9.27e-01	7.35e-02	1.39e-05	0.00e+00	0.00e+00	0.00e+00	0.00e+00	0.00e+00	0.00e+00	9.26e-01	4.48e-05	4.38e-05
 9.34197e+19	9.29e-01	7.08e-02	1.32e-05	0.00e+00	0.00e+00	0.00e+00	0.00e+00	0.00e+00	0.00e+00	9.29e-01	4.42e-05	4.32e-05
 9.70744e+19	9.32e-01	6.83e-02	1.26e-05	0.00e+00	0.00e+00	0.00e+00	0.00e+00	0.00e+00	0.00e+00	9.32e-01	4.36e-05	4.27e-05
 1.00843e+20	9.34e-01	6.58e-02	1.21e-05	0.00e+00	0.00e+00	0.00e+00	0.00e+00	0.00e+00	0.00e+00	9.34e-01	4.31e-05	4.21e-05
 1.04747e+20	9.37e-01	6.34e-02	1.16e-05	0.00e+00	0.00e+00	0.00e+00	0.00e+00	0.00e+00	0.00e+00	9.36e-01	4.26e-05	4.15e-05
 1.08826e+20	9.39e-01	6.11e-02	1.12e-05	0.00e+00	0.00e+00	0.00e+00	0.00e+00	0.00e+00	0.00e+00	9.39e-01	4.21e-05	4.10e-05
 1.13051e+20	9.41e-01	5.89e-02	1.08e-05	0.00e+00	0.00e+00	0.00e+00	0.00e+00	0.00e+00	0.00e+00	9.41e-01	4.16e-05	4.04e-05
 1.17408e+20	9.43e-01	5.67e-02	1.05e-05	0.00e+00	0.00e+00	0.00e+00	0.00e+00	0.00e+00	0.00e+00	9.43e-01	4.11e-05	3.99e-05
 1.21901e+20	9.45e-01	5.46e-02	1.02e-05	0.00e+00	0.00e+00	0.00e+00	0.00e+00	0.00e+00	0.00e+00	9.45e-01	4.05e-05	3.92e-05
 1.26536e+20	9.47e-01	5.26e-02	9.97e-06	0.00e+00	0.00e+00	0.00e+00	0.00e+00	0.00e+00	0.00e+00	9.47e-01	4.00e-05	3.85e-05
 1.31326e+20	9.49e-01	5.06e-02	9.75e-06	0.00e+00	0.00e+00	0.00e+00	0.00e+00	0.00e+00	0.00e+00	9.49e-01	3.95e-05	3.79e-05
 1.36256e+20	9.51e-01	4.87e-02	9.56e-06	0.00e+00	0.00e+00	0.00e+00	0.00e+00	0.00e+00	0.00e+00	9.51e-01	3.89e-05	3.72e-05
 1.41301e+20	9.53e-01	4.69e-02	9.40e-06	0.00e+00	0.00e+00	0.00e+00	0.00e+00	0.00e+00	0.00e+00	9.53e-01	3.84e-05	3.66e-05
 1.46477e+20	9.55e-01	4.51e-02	9.26e-06	0.00e+00	0.00e+00	0.00e+00	0.00e+00	0.00e+00	0.00e+00	9.55e-01	3.80e-05	3.60e-05
 1.51792e+20	9.57e-01	4.34e-02	9.14e-06	0.00e+00	0.00e+00	0.00e+00	0.00e+00	0.00e+00	0.00e+00	9.56e-01	3.75e-05	3.54e-05
 1.57226e+20	9.58e-01	4.18e-02	9.04e-06	0.00e+00	0.00e+00	0.00e+00	0.00e+00	0.00e+00	0.00e+00	9.58e-01	3.70e-05	3.49e-05
 1.62790e+20	9.60e-01	4.02e-02	8.96e-06	0.00e+00	0.00e+00	0.00e+00	0.00e+00	0.00e+00	0.00e+00	9.60e-01	3.66e-05	3.43e-05
 1.68522e+20	9.61e-01	3.87e-02	8.89e-06	0.00e+00	0.00e+00	0.00e+00	0.00e+00	0.00e+00	0.00e+00	9.61e-01	3.61e-05	3.38e-05
 1.74410e+20	9.63e-01	3.72e-02	8.83e-06	0.00e+00	0.00e+00	0.00e+00	0.00e+00	0.00e+00	0.00e+00	9.63e-01	3.57e-05	3.33e-05
 1.80430e+20	9.64e-01	3.58e-02	8.78e-06	0.00e+00	0.00e+00	0.00e+00	0.00e+00	0.00e+00	0.00e+00	9.64e-01	3.53e-05	3.29e-05
 1.86529e+20	9.66e-01	3.44e-02	8.75e-06	0.00e+00	0.00e+00	0.00e+00	0.00e+00	0.00e+00	0.00e+00	9.65e-01	3.48e-05	3.24e-05
 1.92579e+20	9.67e-01	3.31e-02	8.72e-06	0.00e+00	0.00e+00	0.00e+00	0.00e+00	0.00e+00	0.00e+00	9.67e-01	3.45e-05	3.20e-05
 1.98476e+20	9.68e-01	3.20e-02	8.71e-06	0.00e+00	0.00e+00	0.00e+00	0.00e+00	0.00e+00	0.00e+00	9.68e-01	3.41e-05	3.16e-05
 2.04214e+20	9.69e-01	3.09e-02	8.71e-06	0.00e+00	0.00e+00	0.00e+00	0.00e+00	0.00e+00	0.00e+00	9.69e-01	3.37e-05	3.12e-05
 2.09817e+20	9.70e-01	2.98e-02	8.71e-06	0.00e+00	0.00e+00	0.00e+00	0.00e+00	0.00e+00	0.00e+00	9.70e-01	3.33e-05	3.08e-05
 2.15289e+20	9.71e-01	2.88e-02	8.72e-06	0.00e+00	0.00e+00	0.00e+00	0.00e+00	0.00e+00	0.00e+00	9.71e-01	3.30e-05	3.05e-05
 2.20598e+20	9.72e-01	2.79e-02	8.73e-06	0.00e+00	0.00e+00	0.00e+00	0.00e+00	0.00e+00	0.00e+00	9.72e-01	3.26e-05	3.02e-05
 2.25695e+20	9.73e-01	2.71e-02	8.75e-06	0.00e+00	0.00e+00	0.00e+00	0.00e+00	0.00e+00	0.00e+00	9.73e-01	3.23e-05	2.99e-05
 2.30564e+20	9.74e-01	2.62e-02	8.78e-06	0.00e+00	0.00e+00	0.00e+00	0.00e+00	0.00e+00	0.00e+00	9.74e-01	3.20e-05	2.96e-05
 2.35200e+20	9.75e-01	2.55e-02	8.81e-06	0.00e+00	0.00e+00	0.00e+00	0.00e+00	0.00e+00	0.00e+00	9.74e-01	3.17e-05	2.93e-05
 2.39601e+20	9.75e-01	2.48e-02	8.85e-06	0.00e+00	0.00e+00	0.00e+00	0.00e+00	0.00e+00	0.00e+00	9.75e-01	3.14e-05	2.91e-05
 2.43750e+20	9.76e-01	2.41e-02	8.89e-06	0.00e+00	0.00e+00	0.00e+00	0.00e+00	0.00e+00	0.00e+00	9.76e-01	3.11e-05	2.88e-05
