#depth	O	O+	O+2	O+3	O+4	O+5	O+6	O+7	O+8	O[1]	O[2]	O[3]
 6.73291e+14	6.32e-02	8.78e-01	5.90e-02	1.49e-04	6.57e-07	0.00e+00	0.00e+00	0.00e+00	0.00e+00	6.31e-02	1.42e-05	1.59e-05
 4.03974e+15	6.28e-02	8.78e-01	5.94e-02	1.51e-04	6.64e-07	0.00e+00	0.00e+00	0.00e+00	0.00e+00	6.28e-02	1.41e-05	1.58e-05
 1.75056e+16	6.25e-02	8.78e-01	5.99e-02	1.52e-04	6.70e-07	0.00e+00	0.00e+00	0.00e+00	0.00e+00	6.24e-02	1.40e-05	1.57e-05
 7.13688e+16	6.21e-02	8.77e-01	6.09e-02	1.52e-04	6.77e-07	0.00e+00	0.00e+00	0.00e+00	0.00e+00	6.20e-02	1.39e-05	1.56e-05
 1.70477e+17	5.87e-02	8.76e-01	6.56e-02	1.68e-04	7.38e-07	0.00e+00	0.00e+00	0.00e+00	0.00e+00	5.87e-02	1.32e-05	1.48e-05
 2.99318e+17	5.74e-02	8.75e-01	6.75e-02	1.70e-04	7.53e-07	0.00e+00	0.00e+00	0.00e+00	0.00e+00	5.74e-02	1.29e-05	1.45e-05
 4.66811e+17	5.77e-02	8.75e-01	6.71e-02	1.61e-04	7.28e-07	0.00e+00	0.00e+00	0.00e+00	0.00e+00	5.77e-02	1.30e-05	1.46e-05
 6.84552e+17	6.00e-02	8.76e-01	6.43e-02	1.41e-04	6.64e-07	0.00e+00	0.00e+00	0.00e+00	0.00e+00	6.00e-02	1.35e-05	1.52e-05
 9.48367e+17	6.45e-02	8.76e-01	5.91e-02	1.14e-04	5.70e-07	0.00e+00	0.00e+00	0.00e+00	0.00e+00	6.45e-02	1.45e-05	1.62e-05
 1.22070e+18	7.13e-02	8.76e-01	5.25e-02	8.68e-05	4.70e-07	0.00e+00	0.00e+00	0.00e+00	0.00e+00	7.13e-02	1.59e-05	1.79e-05
 1.50435e+18	8.21e-02	8.74e-01	4.42e-02	6.01e-05	3.62e-07	0.00e+00	0.00e+00	0.00e+00	0.00e+00	8.21e-02	1.82e-05	2.04e-05
 1.82793e+18	9.91e-02	8.66e-01	3.48e-02	3.70e-05	2.56e-07	0.00e+00	0.00e+00	0.00e+00	0.00e+00	9.91e-02	2.16e-05	2.43e-05
 2.16352e+18	1.24e-01	8.50e-01	2.57e-02	2.07e-05	1.68e-07	0.00e+00	0.00e+00	0.00e+00	0.00e+00	1.24e-01	2.66e-05	2.98e-05
 2.45669e+18	1.56e-01	8.25e-01	1.88e-02	1.15e-05	0.00e+00	0.00e+00	0.00e+00	0.00e+00	0.00e+00	1.56e-01	3.25e-05	3.64e-05
 2.68779e+18	1.90e-01	7.96e-01	1.41e-02	6.89e-06	0.00e+00	0.00e+00	0.00e+00	0.00e+00	0.00e+00	1.90e-01	3.84e-05	4.30e-05
 2.87807e+18	2.23e-01	7.66e-01	1.09e-02	4.45e-06	0.00e+00	0.00e+00	0.00e+00	0.00e+00	0.00e+00	2.23e-01	4.38e-05	4.90e-05
 3.04057e+18	2.57e-01	7.35e-01	8.63e-03	3.02e-06	0.00e+00	0.00e+00	0.00e+00	0.00e+00	0.00e+00	2.57e-01	4.88e-05	5.46e-05
 3.18646e+18	2.90e-01	7.03e-01	6.92e-03	2.13e-06	0.00e+00	0.00e+00	0.00e+00	0.00e+00	0.00e+00	2.90e-01	5.34e-05	5.97e-05
 3.33529e+18	3.27e-01	6.67e-01	5.49e-03	1.49e-06	0.00e+00	0.00e+00	0.00e+00	0.00e+00	0.00e+00	3.27e-01	5.78e-05	6.47e-05
 3.48141e+18	3.66e-01	6.29e-01	4.35e-03	1.06e-06	0.00e+00	0.00e+00	0.00e+00	0.00e+00	0.00e+00	3.66e-01	6.19e-05	6.93e-05
 3.60822e+18	4.01e-01	5.95e-01	3.55e-03	7.98e-07	0.00e+00	0.00e+00	0.00e+00	0.00e+00	0.00e+00	4.01e-01	6.51e-05	7.27e-05
 3.71713e+18	4.31e-01	5.66e-01	2.97e-03	6.29e-07	0.00e+00	0.00e+00	0.00e+00	0.00e+00	0.00e+00	4.31e-01	6.74e-05	7.53e-05
 3.81694e+18	4.59e-01	5.39e-01	2.53e-03	5.09e-07	0.00e+00	0.00e+00	0.00e+00	0.00e+00	0.00e+00	4.59e-01	6.91e-05	7.72e-05
 3.91384e+18	4.86e-01	5.12e-01	2.15e-03	4.17e-07	0.00e+00	0.00e+00	0.00e+00	0.00e+00	0.00e+00	4.85e-01	7.05e-05	7.87e-05
 4.00995e+18	5.11e-01	4.87e-01	1.85e-03	3.47e-07	0.00e+00	0.00e+00	0.00e+00	0.00e+00	0.00e+00	5.11e-01	7.15e-05	7.98e-05
 4.10220e+18	5.35e-01	4.63e-01	1.59e-03	2.91e-07	0.00e+00	0.00e+00	0.00e+00	0.00e+00	0.00e+00	5.35e-01	7.22e-05	8.06e-05
 4.19141e+18	5.57e-01	4.42e-01	1.38e-03	2.49e-07	0.00e+00	0.00e+00	0.00e+00	0.00e+00	0.00e+00	5.57e-01	7.25e-05	8.10e-05
 4.27940e+18	5.78e-01	4.21e-01	1.20e-03	2.14e-07	0.00e+00	0.00e+00	0.00e+00	0.00e+00	0.00e+00	5.78e-01	7.27e-05	8.11e-05
 4.36528e+18	5.97e-01	4.02e-01	1.05e-03	1.87e-07	0.00e+00	0.00e+00	0.00e+00	0.00e+00	0.00e+00	5.97e-01	7.26e-05	8.10e-05
 4.43588e+18	6.12e-01	3.87e-01	9.47e-04	1.68e-07	0.00e+00	0.00e+00	0.00e+00	0.00e+00	0.00e+00	6.12e-01	7.25e-05	8.08e-05
 4.48699e+18	6.23e-01	3.76e-01	8.77e-04	1.56e-07	0.00e+00	0.00e+00	0.00e+00	0.00e+00	0.00e+00	6.23e-01	7.23e-05	8.06e-05
 4.53722e+18	6.33e-01	3.66e-01	8.12e-04	1.45e-07	0.00e+00	0.00e+00	0.00e+00	0.00e+00	0.00e+00	6.33e-01	7.21e-05	8.03e-05
 4.59559e+18	6.45e-01	3.55e-01	7.42e-04	1.33e-07	0.00e+00	0.00e+00	0.00e+00	0.00e+00	0.00e+00	6.45e-01	7.17e-05	7.99e-05
 4.65897e+18	6.57e-01	3.43e-01	6.75e-04	0.00e+00	0.00e+00	0.00e+00	0.00e+00	0.00e+00	0.00e+00	6.57e-01	7.13e-05	7.95e-05
 4.72173e+18	6.68e-01	3.32e-01	6.16e-04	0.00e+00	0.00e+00	0.00e+00	0.00e+00	0.00e+00	0.00e+00	6.68e-01	7.09e-05	7.90e-05
 4.78494e+18	6.79e-01	3.21e-01	5.61e-04	0.00e+00	0.00e+00	0.00e+00	0.00e+00	0.00e+00	0.00e+00	6.79e-01	7.04e-05	7.84e-05
 4.85024e+18	6.89e-01	3.10e-01	5.11e-04	0.00e+00	0.00e+00	0.00e+00	0.00e+00	0.00e+00	0.00e+00	6.89e-01	6.98e-05	7.77e-05
 4.91789e+18	7.00e-01	2.99e-01	4.63e-04	0.00e+00	0.00e+00	0.00e+00	0.00e+00	0.00e+00	0.00e+00	7.00e-01	6.92e-05	7.70e-05
 4.98739e+18	7.10e-01	2.89e-01	4.20e-04	0.00e+00	0.00e+00	0.00e+00	0.00e+00	0.00e+00	0.00e+00	7.10e-01	6.86e-05	7.63e-05
 5.05907e+18	7.21e-01	2.79e-01	3.80e-04	0.00e+00	0.00e+00	0.00e+00	0.00e+00	0.00e+00	0.00e+00	7.21e-01	6.79e-05	7.55e-05
 5.13347e+18	7.31e-01	2.69e-01	3.42e-04	0.00e+00	0.00e+00	0.00e+00	0.00e+00	0.00e+00	0.00e+00	7.31e-01	6.72e-05	7.47e-05
 5.20890e+18	7.40e-01	2.59e-01	3.09e-04	0.00e+00	0.00e+00	0.00e+00	0.00e+00	0.00e+00	0.00e+00	7.40e-01	6.64e-05	7.38e-05
 5.28628e+18	7.50e-01	2.50e-01	2.78e-04	0.00e+00	0.00e+00	0.00e+00	0.00e+00	0.00e+00	0.00e+00	7.50e-01	6.56e-05	7.29e-05
 5.36731e+18	7.59e-01	2.40e-01	2.49e-04	0.00e+00	0.00e+00	0.00e+00	0.00e+00	0.00e+00	0.00e+00	7.59e-01	6.48e-05	7.19e-05
 5.45049e+18	7.68e-01	2.32e-01	2.24e-04	0.00e+00	0.00e+00	0.00e+00	0.00e+00	0.00e+00	0.00e+00	7.68e-01	6.39e-05	7.09e-05
 5.53591e+18	7.77e-01	2.23e-01	2.00e-04	0.00e+00	0.00e+00	0.00e+00	0.00e+00	0.00e+00	0.00e+00	7.77e-01	6.30e-05	6.99e-05
 5.62385e+18	7.85e-01	2.14e-01	1.79e-04	0.00e+00	0.00e+00	0.00e+00	0.00e+00	0.00e+00	0.00e+00	7.85e-01	6.21e-05	6.88e-05
 5.71424e+18	7.94e-01	2.06e-01	1.59e-04	0.00e+00	0.00e+00	0.00e+00	0.00e+00	0.00e+00	0.00e+00	7.94e-01	6.11e-05	6.78e-05
 5.80768e+18	8.02e-01	1.98e-01	1.42e-04	0.00e+00	0.00e+00	0.00e+00	0.00e+00	0.00e+00	0.00e+00	8.02e-01	6.02e-05	6.67e-05
 5.90436e+18	8.10e-01	1.90e-01	1.26e-04	0.00e+00	0.00e+00	0.00e+00	0.00e+00	0.00e+00	0.00e+00	8.10e-01	5.92e-05	6.56e-05
 6.00421e+18	8.17e-01	1.83e-01	1.12e-04	0.00e+00	0.00e+00	0.00e+00	0.00e+00	0.00e+00	0.00e+00	8.17e-01	5.82e-05	6.45e-05
 6.10560e+18	8.25e-01	1.75e-01	9.89e-05	0.00e+00	0.00e+00	0.00e+00	0.00e+00	0.00e+00	0.00e+00	8.25e-01	5.73e-05	6.34e-05
 6.20970e+18	8.32e-01	1.68e-01	8.76e-05	0.00e+00	0.00e+00	0.00e+00	0.00e+00	0.00e+00	0.00e+00	8.32e-01	5.64e-05	6.24e-05
 6.31829e+18	8.39e-01	1.61e-01	7.73e-05	0.00e+00	0.00e+00	0.00e+00	0.00e+00	0.00e+00	0.00e+00	8.39e-01	5.54e-05	6.12e-05
 6.43001e+18	8.45e-01	1.55e-01	6.82e-05	0.00e+00	0.00e+00	0.00e+00	0.00e+00	0.00e+00	0.00e+00	8.45e-01	5.45e-05	6.02e-05
 6.54328e+18	8.52e-01	1.48e-01	6.02e-05	0.00e+00	0.00e+00	0.00e+00	0.00e+00	0.00e+00	0.00e+00	8.51e-01	5.35e-05	5.91e-05
 6.65967e+18	8.57e-01	1.42e-01	5.32e-05	0.00e+00	0.00e+00	0.00e+00	0.00e+00	0.00e+00	0.00e+00	8.57e-01	5.27e-05	5.81e-05
 6.77894e+18	8.63e-01	1.37e-01	4.70e-05	0.00e+00	0.00e+00	0.00e+00	0.00e+00	0.00e+00	0.00e+00	8.63e-01	5.18e-05	5.71e-05
 6.90062e+18	8.69e-01	1.31e-01	4.16e-05	0.00e+00	0.00e+00	0.00e+00	0.00e+00	0.00e+00	0.00e+00	8.69e-01	5.09e-05	5.61e-05
 7.02510e+18	8.74e-01	1.26e-01	3.68e-05	0.00e+00	0.00e+00	0.00e+00	0.00e+00	0.00e+00	0.00e+00	8.74e-01	5.01e-05	5.52e-05
 7.15194e+18	8.79e-01	1.21e-01	3.27e-05	0.00e+00	0.00e+00	0.00e+00	0.00e+00	0.00e+00	0.00e+00	8.79e-01	4.93e-05	5.43e-05
 7.28177e+18	8.84e-01	1.16e-01	2.91e-05	0.00e+00	0.00e+00	0.00e+00	0.00e+00	0.00e+00	0.00e+00	8.84e-01	4.85e-05	5.34e-05
 7.41613e+18	8.88e-01	1.12e-01	2.59e-05	0.00e+00	0.00e+00	0.00e+00	0.00e+00	0.00e+00	0.00e+00	8.88e-01	4.78e-05	5.26e-05
 7.55500e+18	8.92e-01	1.08e-01	2.30e-05	0.00e+00	0.00e+00	0.00e+00	0.00e+00	0.00e+00	0.00e+00	8.92e-01	4.70e-05	5.17e-05
 7.69858e+18	8.96e-01	1.04e-01	2.05e-05	0.00e+00	0.00e+00	0.00e+00	0.00e+00	0.00e+00	0.00e+00	8.96e-01	4.64e-05	5.10e-05
 7.84681e+18	9.00e-01	9.98e-02	1.84e-05	0.00e+00	0.00e+00	0.00e+00	0.00e+00	0.00e+00	0.00e+00	9.00e-01	4.57e-05	5.02e-05
 8.00095e+18	9.04e-01	9.61e-02	1.64e-05	0.00e+00	0.00e+00	0.00e+00	0.00e+00	0.00e+00	0.00e+00	9.04e-01	4.50e-05	4.95e-05
 8.16370e+18	9.07e-01	9.26e-02	1.47e-05	0.00e+00	0.00e+00	0.00e+00	0.00e+00	0.00e+00	0.00e+00	9.07e-01	4.44e-05	4.87e-05
 8.33407e+18	9.11e-01	8.93e-02	1.32e-05	0.00e+00	0.00e+00	0.00e+00	0.00e+00	0.00e+00	0.00e+00	9.11e-01	4.38e-05	4.81e-05
 8.51227e+18	9.14e-01	8.62e-02	1.19e-05	0.00e+00	0.00e+00	0.00e+00	0.00e+00	0.00e+00	0.00e+00	9.14e-01	4.32e-05	4.74e-05
 8.70117e+18	9.17e-01	8.32e-02	1.07e-05	0.00e+00	0.00e+00	0.00e+00	0.00e+00	0.00e+00	0.00e+00	9.17e-01	4.27e-05	4.68e-05
 8.90256e+18	9.20e-01	8.03e-02	9.69e-06	0.00e+00	0.00e+00	0.00e+00	0.00e+00	0.00e+00	0.00e+00	9.20e-01	4.22e-05	4.62e-05
 9.11778e+18	9.22e-01	7.76e-02	8.76e-06	0.00e+00	0.00e+00	0.00e+00	0.00e+00	0.00e+00	0.00e+00	9.22e-01	4.16e-05	4.56e-05
 9.34871e+18	9.25e-01	7.50e-02	7.94e-06	0.00e+00	0.00e+00	0.00e+00	0.00e+00	0.00e+00	0.00e+00	9.25e-01	4.11e-05	4.50e-05
 9.59784e+18	9.27e-01	7.26e-02	7.20e-06	0.00e+00	0.00e+00	0.00e+00	0.00e+00	0.00e+00	0.00e+00	9.27e-01	4.07e-05	4.45e-05
 9.86784e+18	9.30e-01	7.02e-02	6.55e-06	0.00e+00	0.00e+00	0.00e+00	0.00e+00	0.00e+00	0.00e+00	9.30e-01	4.02e-05	4.39e-05
 1.01623e+19	9.32e-01	6.80e-02	5.96e-06	0.00e+00	0.00e+00	0.00e+00	0.00e+00	0.00e+00	0.00e+00	9.32e-01	3.98e-05	4.34e-05
 1.04843e+19	9.34e-01	6.58e-02	5.43e-06	0.00e+00	0.00e+00	0.00e+00	0.00e+00	0.00e+00	0.00e+00	9.34e-01	3.93e-05	4.30e-05
 1.08381e+19	9.36e-01	6.37e-02	4.96e-06	0.00e+00	0.00e+00	0.00e+00	0.00e+00	0.00e+00	0.00e+00	9.36e-01	3.89e-05	4.25e-05
 1.12271e+19	9.38e-01	6.17e-02	4.53e-06	0.00e+00	0.00e+00	0.00e+00	0.00e+00	0.00e+00	0.00e+00	9.38e-01	3.85e-05	4.20e-05
 1.16544e+19	9.40e-01	5.97e-02	4.15e-06	0.00e+00	0.00e+00	0.00e+00	0.00e+00	0.00e+00	0.00e+00	9.40e-01	3.81e-05	4.16e-05
 1.21234e+19	9.42e-01	5.78e-02	3.80e-06	0.00e+00	0.00e+00	0.00e+00	0.00e+00	0.00e+00	0.00e+00	9.42e-01	3.77e-05	4.11e-05
 1.26357e+19	9.44e-01	5.60e-02	3.49e-06	0.00e+00	0.00e+00	0.00e+00	0.00e+00	0.00e+00	0.00e+00	9.44e-01	3.74e-05	4.07e-05
 1.31929e+19	9.46e-01	5.42e-02	3.20e-06	0.00e+00	0.00e+00	0.00e+00	0.00e+00	0.00e+00	0.00e+00	9.46e-01	3.70e-05	4.03e-05
 1.37961e+19	9.48e-01	5.24e-02	2.95e-06	0.00e+00	0.00e+00	0.00e+00	0.00e+00	0.00e+00	0.00e+00	9.47e-01	3.66e-05	3.99e-05
 1.44455e+19	9.49e-01	5.07e-02	2.72e-06	0.00e+00	0.00e+00	0.00e+00	0.00e+00	0.00e+00	0.00e+00	9.49e-01	3.63e-05	3.94e-05
 1.51405e+19	9.51e-01	4.91e-02	2.51e-06	0.00e+00	0.00e+00	0.00e+00	0.00e+00	0.00e+00	0.00e+00	9.51e-01	3.59e-05	3.91e-05
 1.58806e+19	9.53e-01	4.74e-02	2.33e-06	0.00e+00	0.00e+00	0.00e+00	0.00e+00	0.00e+00	0.00e+00	9.52e-01	3.56e-05	3.87e-05
 1.66660e+19	9.54e-01	4.59e-02	2.17e-06	0.00e+00	0.00e+00	0.00e+00	0.00e+00	0.00e+00	0.00e+00	9.54e-01	3.52e-05	3.83e-05
 1.74973e+19	9.56e-01	4.43e-02	2.02e-06	0.00e+00	0.00e+00	0.00e+00	0.00e+00	0.00e+00	0.00e+00	9.56e-01	3.49e-05	3.79e-05
 1.83750e+19	9.57e-01	4.29e-02	1.89e-06	0.00e+00	0.00e+00	0.00e+00	0.00e+00	0.00e+00	0.00e+00	9.57e-01	3.46e-05	3.76e-05
 1.93001e+19	9.59e-01	4.14e-02	1.77e-06	0.00e+00	0.00e+00	0.00e+00	0.00e+00	0.00e+00	0.00e+00	9.59e-01	3.43e-05	3.72e-05
 2.02749e+19	9.60e-01	4.00e-02	1.67e-06	0.00e+00	0.00e+00	0.00e+00	0.00e+00	0.00e+00	0.00e+00	9.60e-01	3.40e-05	3.69e-05
 2.12995e+19	9.61e-01	3.87e-02	1.58e-06	0.00e+00	0.00e+00	0.00e+00	0.00e+00	0.00e+00	0.00e+00	9.61e-01	3.37e-05	3.65e-05
 2.23767e+19	9.63e-01	3.74e-02	1.50e-06	0.00e+00	0.00e+00	0.00e+00	0.00e+00	0.00e+00	0.00e+00	9.63e-01	3.34e-05	3.62e-05
 2.35094e+19	9.64e-01	3.61e-02	1.42e-06	0.00e+00	0.00e+00	0.00e+00	0.00e+00	0.00e+00	0.00e+00	9.64e-01	3.32e-05	3.59e-05
 2.46988e+19	9.65e-01	3.49e-02	1.36e-06	0.00e+00	0.00e+00	0.00e+00	0.00e+00	0.00e+00	0.00e+00	9.65e-01	3.29e-05	3.56e-05
 2.59462e+19	9.66e-01	3.37e-02	1.30e-06	0.00e+00	0.00e+00	0.00e+00	0.00e+00	0.00e+00	0.00e+00	9.66e-01	3.27e-05	3.53e-05
 2.72575e+19	9.67e-01	3.25e-02	1.25e-06	0.00e+00	0.00e+00	0.00e+00	0.00e+00	0.00e+00	0.00e+00	9.67e-01	3.24e-05	3.50e-05
 2.86361e+19	9.69e-01	3.14e-02	1.21e-06	0.00e+00	0.00e+00	0.00e+00	0.00e+00	0.00e+00	0.00e+00	9.69e-01	3.22e-05	3.47e-05
 3.00849e+19	9.70e-01	3.03e-02	1.17e-06	0.00e+00	0.00e+00	0.00e+00	0.00e+00	0.00e+00	0.00e+00	9.70e-01	3.19e-05	3.45e-05
 3.16069e+19	9.71e-01	2.93e-02	1.13e-06	0.00e+00	0.00e+00	0.00e+00	0.00e+00	0.00e+00	0.00e+00	9.71e-01	3.17e-05	3.42e-05
 3.32093e+19	9.72e-01	2.83e-02	1.10e-06	0.00e+00	0.00e+00	0.00e+00	0.00e+00	0.00e+00	0.00e+00	9.72e-01	3.15e-05	3.40e-05
 3.49011e+19	9.73e-01	2.73e-02	1.07e-06	0.00e+00	0.00e+00	0.00e+00	0.00e+00	0.00e+00	0.00e+00	9.73e-01	3.13e-05	3.37e-05
 3.66803e+19	9.74e-01	2.63e-02	1.05e-06	0.00e+00	0.00e+00	0.00e+00	0.00e+00	0.00e+00	0.00e+00	9.74e-01	3.11e-05	3.35e-05
 3.85534e+19	9.75e-01	2.54e-02	1.02e-06	0.00e+00	0.00e+00	0.00e+00	0.00e+00	0.00e+00	0.00e+00	9.75e-01	3.09e-05	3.33e-05
 4.05335e+19	9.75e-01	2.46e-02	1.00e-06	0.00e+00	0.00e+00	0.00e+00	0.00e+00	0.00e+00	0.00e+00	9.75e-01	3.07e-05	3.30e-05
 4.26295e+19	9.76e-01	2.37e-02	9.87e-07	0.00e+00	0.00e+00	0.00e+00	0.00e+00	0.00e+00	0.00e+00	9.76e-01	3.05e-05	3.28e-05
 4.48492e+19	9.77e-01	2.29e-02	9.71e-07	0.00e+00	0.00e+00	0.00e+00	0.00e+00	0.00e+00	0.00e+00	9.77e-01	3.03e-05	3.26e-05
 4.72013e+19	9.78e-01	2.21e-02	9.58e-07	0.00e+00	0.00e+00	0.00e+00	0.00e+00	0.00e+00	0.00e+00	9.78e-01	3.02e-05	3.24e-05
 4.96980e+19	9.79e-01	2.13e-02	9.46e-07	0.00e+00	0.00e+00	0.00e+00	0.00e+00	0.00e+00	0.00e+00	9.79e-01	3.00e-05	3.22e-05
 5.23513e+19	9.79e-01	2.06e-02	9.36e-07	0.00e+00	0.00e+00	0.00e+00	0.00e+00	0.00e+00	0.00e+00	9.79e-01	2.98e-05	3.20e-05
 5.51716e+19	9.80e-01	1.99e-02	9.27e-07	0.00e+00	0.00e+00	0.00e+00	0.00e+00	0.00e+00	0.00e+00	9.80e-01	2.96e-05	3.17e-05
 5.81754e+19	9.81e-01	1.92e-02	9.20e-07	0.00e+00	0.00e+00	0.00e+00	0.00e+00	0.00e+00	0.00e+00	9.81e-01	2.95e-05	3.15e-05
 6.13846e+19	9.81e-01	1.85e-02	9.14e-07	0.00e+00	0.00e+00	0.00e+00	0.00e+00	0.00e+00	0.00e+00	9.81e-01	2.93e-05	3.13e-05
 6.48172e+19	9.82e-01	1.79e-02	9.09e-07	0.00e+00	0.00e+00	0.00e+00	0.00e+00	0.00e+00	0.00e+00	9.82e-01	2.92e-05	3.11e-05
 6.84610e+19	9.83e-01	1.73e-02	9.05e-07	0.00e+00	0.00e+00	0.00e+00	0.00e+00	0.00e+00	0.00e+00	9.83e-01	2.90e-05	3.09e-05
 7.23730e+19	9.83e-01	1.67e-02	9.02e-07	0.00e+00	0.00e+00	0.00e+00	0.00e+00	0.00e+00	0.00e+00	9.83e-01	2.89e-05	3.07e-05
 7.66071e+19	9.84e-01	1.61e-02	9.00e-07	0.00e+00	0.00e+00	0.00e+00	0.00e+00	0.00e+00	0.00e+00	9.84e-01	2.87e-05	3.05e-05
 8.11368e+19	9.84e-01	1.55e-02	9.00e-07	0.00e+00	0.00e+00	0.00e+00	0.00e+00	0.00e+00	0.00e+00	9.84e-01	2.86e-05	3.03e-05
 8.59825e+19	9.85e-01	1.50e-02	9.00e-07	0.00e+00	0.00e+00	0.00e+00	0.00e+00	0.00e+00	0.00e+00	9.85e-01	2.84e-05	3.01e-05
 9.11943e+19	9.86e-01	1.45e-02	9.02e-07	0.00e+00	0.00e+00	0.00e+00	0.00e+00	0.00e+00	0.00e+00	9.85e-01	2.83e-05	2.99e-05
 9.67960e+19	9.86e-01	1.40e-02	9.04e-07	0.00e+00	0.00e+00	0.00e+00	0.00e+00	0.00e+00	0.00e+00	9.86e-01	2.81e-05	2.97e-05
 1.02838e+20	9.87e-01	1.35e-02	9.08e-07	0.00e+00	0.00e+00	0.00e+00	0.00e+00	0.00e+00	0.00e+00	9.86e-01	2.80e-05	2.95e-05
 1.09421e+20	9.87e-01	1.30e-02	9.12e-07	0.00e+00	0.00e+00	0.00e+00	0.00e+00	0.00e+00	0.00e+00	9.87e-01	2.78e-05	2.93e-05
 1.16566e+20	9.87e-01	1.25e-02	9.17e-07	0.00e+00	0.00e+00	0.00e+00	0.00e+00	0.00e+00	0.00e+00	9.87e-01	2.77e-05	2.92e-05
 1.24244e+20	9.88e-01	1.21e-02	9.23e-07	0.00e+00	0.00e+00	0.00e+00	0.00e+00	0.00e+00	0.00e+00	9.88e-01	2.75e-05	2.90e-05
 1.32248e+20	9.88e-01	1.17e-02	9.30e-07	0.00e+00	0.00e+00	0.00e+00	0.00e+00	0.00e+00	0.00e+00	9.88e-01	2.74e-05	2.88e-05
 1.40309e+20	9.89e-01	1.13e-02	9.36e-07	0.00e+00	0.00e+00	0.00e+00	0.00e+00	0.00e+00	0.00e+00	9.89e-01	2.73e-05	2.86e-05
 1.48446e+20	9.89e-01	1.10e-02	9.42e-07	0.00e+00	0.00e+00	0.00e+00	0.00e+00	0.00e+00	0.00e+00	9.89e-01	2.72e-05	2.85e-05
 1.56783e+20	9.89e-01	1.07e-02	9.48e-07	0.00e+00	0.00e+00	0.00e+00	0.00e+00	0.00e+00	0.00e+00	9.89e-01	2.70e-05	2.83e-05
 1.65348e+20	9.90e-01	1.04e-02	9.55e-07	0.00e+00	0.00e+00	0.00e+00	0.00e+00	0.00e+00	0.00e+00	9.90e-01	2.69e-05	2.82e-05
 1.74113e+20	9.90e-01	1.01e-02	9.61e-07	0.00e+00	0.00e+00	0.00e+00	0.00e+00	0.00e+00	0.00e+00	9.90e-01	2.68e-05	2.80e-05
 1.83025e+20	9.90e-01	9.89e-03	9.67e-07	0.00e+00	0.00e+00	0.00e+00	0.00e+00	0.00e+00	0.00e+00	9.90e-01	2.67e-05	2.79e-05
 1.92010e+20	9.90e-01	9.64e-03	9.74e-07	0.00e+00	0.00e+00	0.00e+00	0.00e+00	0.00e+00	0.00e+00	9.90e-01	2.66e-05	2.77e-05
 2.01019e+20	9.91e-01	9.42e-03	9.80e-07	0.00e+00	0.00e+00	0.00e+00	0.00e+00	0.00e+00	0.00e+00	9.91e-01	2.65e-05	2.76e-05
 2.09960e+20	9.91e-01	9.22e-03	9.87e-07	0.00e+00	0.00e+00	0.00e+00	0.00e+00	0.00e+00	0.00e+00	9.91e-01	2.64e-05	2.75e-05
 2.18631e+20	9.91e-01	9.02e-03	9.94e-07	0.00e+00	0.00e+00	0.00e+00	0.00e+00	0.00e+00	0.00e+00	9.91e-01	2.63e-05	2.73e-05
 2.27026e+20	9.91e-01	8.83e-03	1.00e-06	0.00e+00	0.00e+00	0.00e+00	0.00e+00	0.00e+00	0.00e+00	9.91e-01	2.62e-05	2.72e-05
