#depth	He	He+	He+2
 2.14208e+16	6.98e-02	8.56e-01	7.39e-02
 1.28525e+17	7.00e-02	8.56e-01	7.37e-02
 5.56941e+17	7.01e-02	8.56e-01	7.35e-02
 2.27061e+18	7.03e-02	8.57e-01	7.30e-02
 5.42375e+18	7.00e-02	8.57e-01	7.33e-02
 9.52283e+18	7.03e-02	8.57e-01	7.28e-02
 1.48516e+19	7.12e-02	8.57e-01	7.15e-02
 2.17791e+19	7.31e-02	8.58e-01	6.92e-02
 3.02717e+19	7.59e-02	8.58e-01	6.61e-02
 3.91289e+19	7.95e-02	8.58e-01	6.29e-02
 4.83122e+19	8.46e-02	8.57e-01	5.88e-02
 5.87397e+19	9.20e-02	8.54e-01	5.43e-02
 6.94743e+19	1.01e-01	8.49e-01	4.99e-02
 7.87560e+19	1.11e-01	8.42e-01	4.65e-02
 8.60461e+19	1.21e-01	8.35e-01	4.39e-02
 9.21130e+19	1.30e-01	8.28e-01	4.20e-02
 9.77751e+19	1.40e-01	8.20e-01	4.04e-02
 1.03370e+20	1.50e-01	8.11e-01	3.89e-02
 1.08618e+20	1.61e-01	8.01e-01	3.78e-02
 1.13060e+20	1.72e-01	7.91e-01	3.69e-02
 1.16710e+20	1.81e-01	7.83e-01	3.63e-02
 1.19987e+20	1.89e-01	7.75e-01	3.58e-02
 1.23173e+20	1.98e-01	7.67e-01	3.53e-02
 1.26286e+20	2.07e-01	7.58e-01	3.49e-02
 1.29316e+20	2.16e-01	7.49e-01	3.45e-02
 1.32204e+20	2.26e-01	7.40e-01	3.41e-02
 1.34991e+20	2.35e-01	7.32e-01	3.38e-02
 1.37745e+20	2.44e-01	7.22e-01	3.35e-02
 1.39945e+20	2.51e-01	7.15e-01	3.33e-02
 1.41502e+20	2.57e-01	7.10e-01	3.31e-02
 1.43034e+20	2.63e-01	7.04e-01	3.28e-02
 1.44778e+20	2.69e-01	6.98e-01	3.26e-02
 1.46709e+20	2.77e-01	6.91e-01	3.23e-02
 1.48698e+20	2.85e-01	6.83e-01	3.20e-02
 1.50638e+20	2.92e-01	6.76e-01	3.18e-02
 1.52617e+20	3.00e-01	6.68e-01	3.14e-02
 1.54679e+20	3.09e-01	6.60e-01	3.11e-02
 1.56816e+20	3.18e-01	6.51e-01	3.07e-02
 1.59007e+20	3.27e-01	6.43e-01	3.04e-02
 1.61270e+20	3.37e-01	6.33e-01	3.00e-02
 1.63622e+20	3.47e-01	6.23e-01	2.95e-02
 1.66008e+20	3.58e-01	6.13e-01	2.91e-02
 1.68461e+20	3.68e-01	6.03e-01	2.86e-02
 1.71032e+20	3.80e-01	5.92e-01	2.80e-02
 1.73681e+20	3.92e-01	5.81e-01	2.75e-02
 1.76406e+20	4.04e-01	5.69e-01	2.70e-02
 1.79218e+20	4.17e-01	5.57e-01	2.64e-02
 1.82134e+20	4.30e-01	5.44e-01	2.58e-02
 1.85164e+20	4.44e-01	5.31e-01	2.51e-02
 1.88254e+20	4.58e-01	5.18e-01	2.45e-02
 1.91437e+20	4.72e-01	5.04e-01	2.38e-02
 1.94770e+20	4.87e-01	4.90e-01	2.31e-02
 1.98209e+20	5.02e-01	4.76e-01	2.24e-02
 2.01747e+20	5.17e-01	4.61e-01	2.17e-02
 2.05408e+20	5.33e-01	4.46e-01	2.10e-02
 2.09169e+20	5.48e-01	4.32e-01	2.02e-02
 2.13039e+20	5.64e-01	4.17e-01	1.95e-02
 2.17003e+20	5.79e-01	4.02e-01	1.88e-02
 2.21084e+20	5.95e-01	3.87e-01	1.80e-02
 2.25307e+20	6.10e-01	3.73e-01	1.73e-02
 2.29648e+20	6.25e-01	3.58e-01	1.65e-02
 2.34130e+20	6.41e-01	3.44e-01	1.58e-02
 2.38817e+20	6.55e-01	3.30e-01	1.50e-02
 2.43725e+20	6.70e-01	3.15e-01	1.43e-02
 2.48875e+20	6.85e-01	3.01e-01	1.36e-02
 2.54274e+20	7.00e-01	2.88e-01	1.28e-02
 2.59994e+20	7.14e-01	2.74e-01	1.21e-02
 2.66168e+20	7.28e-01	2.61e-01	1.13e-02
 2.72778e+20	7.42e-01	2.48e-01	1.06e-02
 2.79878e+20	7.55e-01	2.35e-01	9.85e-03
 2.87648e+20	7.69e-01	2.22e-01	9.13e-03
 2.96208e+20	7.82e-01	2.10e-01	8.41e-03
 3.05724e+20	7.94e-01	1.98e-01	7.71e-03
 3.16415e+20	8.07e-01	1.86e-01	7.01e-03
 3.28539e+20	8.19e-01	1.75e-01	6.33e-03
 3.42411e+20	8.31e-01	1.64e-01	5.66e-03
 3.58392e+20	8.42e-01	1.53e-01	5.03e-03
 3.76911e+20	8.53e-01	1.43e-01	4.42e-03
 3.98441e+20	8.63e-01	1.33e-01	3.85e-03
 4.23463e+20	8.74e-01	1.23e-01	3.32e-03
 4.52469e+20	8.83e-01	1.14e-01	2.84e-03
 4.85918e+20	8.93e-01	1.05e-01	2.42e-03
 5.24492e+20	9.01e-01	9.65e-02	2.04e-03
 5.68948e+20	9.10e-01	8.84e-02	1.71e-03
 6.20502e+20	9.18e-01	8.09e-02	1.43e-03
 6.80682e+20	9.25e-01	7.37e-02	1.19e-03
 7.48723e+20	9.32e-01	6.74e-02	9.90e-04
 8.23595e+20	9.37e-01	6.19e-02	8.33e-04
 9.05954e+20	9.42e-01	5.71e-02	7.09e-04
 9.96550e+20	9.46e-01	5.30e-02	6.09e-04
 1.09620e+21	9.50e-01	4.94e-02	5.29e-04
 1.20583e+21	9.53e-01	4.63e-02	4.65e-04
 1.32641e+21	9.56e-01	4.37e-02	4.13e-04
 1.45905e+21	9.58e-01	4.14e-02	3.71e-04
 1.60495e+21	9.60e-01	3.95e-02	3.37e-04
 1.76545e+21	9.62e-01	3.79e-02	3.09e-04
 1.94199e+21	9.63e-01	3.65e-02	2.87e-04
 2.13619e+21	9.64e-01	3.53e-02	2.68e-04
 2.34981e+21	9.65e-01	3.43e-02	2.53e-04
 2.58479e+21	9.66e-01	3.35e-02	2.41e-04
 2.84327e+21	9.67e-01	3.28e-02	2.30e-04
 3.12760e+21	9.68e-01	3.22e-02	2.22e-04
 3.44036e+21	9.68e-01	3.17e-02	2.15e-04
 3.78440e+21	9.69e-01	3.13e-02	2.09e-04
 4.16284e+21	9.69e-01	3.09e-02	2.04e-04
 4.57912e+21	9.69e-01	3.06e-02	1.99e-04
 5.03703e+21	9.69e-01	3.04e-02	1.96e-04
 5.54074e+21	9.70e-01	3.01e-02	1.93e-04
 6.09481e+21	9.70e-01	3.00e-02	1.90e-04
 6.70429e+21	9.70e-01	2.98e-02	1.88e-04
 7.37472e+21	9.70e-01	2.96e-02	1.86e-04
 8.11219e+21	9.70e-01	2.95e-02	1.84e-04
 8.92341e+21	9.70e-01	2.94e-02	1.82e-04
 9.81575e+21	9.71e-01	2.93e-02	1.81e-04
 1.07973e+22	9.71e-01	2.92e-02	1.80e-04
 1.18771e+22	9.71e-01	2.91e-02	1.78e-04
 1.30648e+22	9.71e-01	2.91e-02	1.77e-04
 1.43712e+22	9.71e-01	2.90e-02	1.76e-04
 1.58084e+22	9.71e-01	2.90e-02	1.75e-04
 1.72759e+22	9.71e-01	2.89e-02	1.75e-04
 1.86340e+22	9.71e-01	2.89e-02	1.74e-04
 1.98563e+22	9.71e-01	2.89e-02	1.74e-04
 2.09563e+22	9.71e-01	2.88e-02	1.74e-04
 2.19464e+22	9.71e-01	2.88e-02	1.73e-04
 2.28374e+22	9.71e-01	2.88e-02	1.73e-04
 2.36394e+22	9.71e-01	2.88e-02	1.73e-04
 2.43611e+22	9.71e-01	2.89e-02	1.74e-04
 2.50107e+22	9.71e-01	2.89e-02	1.74e-04
 2.55953e+22	9.71e-01	2.89e-02	1.74e-04
 2.61214e+22	9.71e-01	2.89e-02	1.74e-04
 2.65950e+22	9.71e-01	2.89e-02	1.74e-04
 2.70211e+22	9.71e-01	2.89e-02	1.75e-04
 2.74047e+22	9.71e-01	2.89e-02	1.75e-04
 2.77499e+22	9.71e-01	2.89e-02	1.75e-04
 2.80677e+22	9.71e-01	2.90e-02	1.75e-04
 2.83763e+22	9.71e-01	2.90e-02	1.75e-04
 2.86849e+22	9.71e-01	2.90e-02	1.75e-04
 2.89934e+22	9.71e-01	2.90e-02	1.76e-04
 2.93020e+22	9.71e-01	2.90e-02	1.76e-04
 2.96106e+22	9.71e-01	2.91e-02	1.77e-04
 2.99191e+22	9.71e-01	2.91e-02	1.77e-04
 3.02277e+22	9.71e-01	2.91e-02	1.77e-04
 3.05363e+22	9.71e-01	2.91e-02	1.77e-04
 3.07737e+22	9.71e-01	2.91e-02	1.78e-04
