#depth	He	He+	He+2
 7.27340e+16	4.57e-05	5.74e-02	9.43e-01
 4.36404e+17	4.57e-05	5.74e-02	9.43e-01
 1.89108e+18	4.58e-05	5.76e-02	9.42e-01
 7.70980e+18	4.67e-05	5.90e-02	9.41e-01
 1.84162e+19	4.71e-05	5.96e-02	9.40e-01
 3.02031e+19	4.84e-05	6.09e-02	9.39e-01
 4.18093e+19	5.09e-05	6.32e-02	9.37e-01
 5.53122e+19	5.52e-05	6.74e-02	9.33e-01
 7.28660e+19	6.24e-05	7.42e-02	9.26e-01
 9.56859e+19	7.45e-05	8.56e-02	9.14e-01
 1.18100e+20	8.89e-05	9.97e-02	9.00e-01
 1.33871e+20	1.02e-04	1.13e-01	8.87e-01
 1.45051e+20	1.14e-04	1.25e-01	8.75e-01
 1.56378e+20	1.30e-04	1.40e-01	8.60e-01
 1.68263e+20	1.49e-04	1.57e-01	8.42e-01
 1.78328e+20	1.68e-04	1.75e-01	8.25e-01
 1.87231e+20	1.88e-04	1.94e-01	8.06e-01
 1.97168e+20	2.16e-04	2.19e-01	7.81e-01
 2.07398e+20	2.48e-04	2.47e-01	7.53e-01
 2.15535e+20	2.78e-04	2.73e-01	7.26e-01
 2.23636e+20	3.14e-04	3.03e-01	6.97e-01
 2.32365e+20	3.57e-04	3.38e-01	6.62e-01
 2.40099e+20	3.99e-04	3.71e-01	6.29e-01
 2.47148e+20	4.42e-04	4.04e-01	5.96e-01
 2.55122e+20	4.97e-04	4.43e-01	5.57e-01
 2.63568e+20	5.58e-04	4.84e-01	5.15e-01
 2.70852e+20	6.15e-04	5.21e-01	4.79e-01
 2.77516e+20	6.71e-04	5.54e-01	4.46e-01
 2.85150e+20	7.40e-04	5.91e-01	4.08e-01
 2.93377e+20	8.15e-04	6.29e-01	3.70e-01
 3.00809e+20	8.85e-04	6.61e-01	3.38e-01
 3.08905e+20	9.67e-04	6.94e-01	3.05e-01
 3.17861e+20	1.06e-03	7.27e-01	2.72e-01
 3.26415e+20	1.15e-03	7.55e-01	2.44e-01
 3.36015e+20	1.25e-03	7.83e-01	2.16e-01
 3.46715e+20	1.37e-03	8.10e-01	1.89e-01
 3.54856e+20	1.46e-03	8.26e-01	1.72e-01
 3.60049e+20	1.52e-03	8.36e-01	1.63e-01
 3.65400e+20	1.58e-03	8.46e-01	1.52e-01
 3.72356e+20	1.67e-03	8.58e-01	1.40e-01
 3.79704e+20	1.77e-03	8.69e-01	1.29e-01
 3.86096e+20	1.85e-03	8.77e-01	1.21e-01
 3.91965e+20	1.93e-03	8.84e-01	1.14e-01
 3.98620e+20	2.03e-03	8.92e-01	1.06e-01
 4.05821e+20	2.14e-03	8.99e-01	9.89e-02
 4.12137e+20	2.25e-03	9.05e-01	9.32e-02
 4.17816e+20	2.35e-03	9.09e-01	8.83e-02
 4.24261e+20	2.47e-03	9.15e-01	8.30e-02
 4.31164e+20	2.61e-03	9.19e-01	7.82e-02
 4.37203e+20	2.74e-03	9.23e-01	7.42e-02
 4.42673e+20	2.87e-03	9.26e-01	7.08e-02
 4.48862e+20	3.04e-03	9.30e-01	6.71e-02
 4.55487e+20	3.22e-03	9.33e-01	6.38e-02
 4.61218e+20	3.40e-03	9.36e-01	6.10e-02
 4.66341e+20	3.57e-03	9.38e-01	5.87e-02
 4.72138e+20	3.80e-03	9.40e-01	5.60e-02
 4.78362e+20	4.05e-03	9.42e-01	5.36e-02
 4.83830e+20	4.31e-03	9.44e-01	5.15e-02
 4.88773e+20	4.56e-03	9.46e-01	4.98e-02
 4.94347e+20	4.89e-03	9.47e-01	4.78e-02
 5.00220e+20	5.28e-03	9.49e-01	4.60e-02
 5.05156e+20	5.65e-03	9.50e-01	4.46e-02
 5.09451e+20	6.02e-03	9.51e-01	4.33e-02
 5.14236e+20	6.50e-03	9.52e-01	4.19e-02
 5.19351e+20	7.05e-03	9.52e-01	4.07e-02
 5.23694e+20	7.61e-03	9.53e-01	3.96e-02
 5.27408e+20	8.15e-03	9.53e-01	3.88e-02
 5.31502e+20	8.84e-03	9.53e-01	3.78e-02
 5.35893e+20	9.70e-03	9.54e-01	3.68e-02
 5.39663e+20	1.05e-02	9.53e-01	3.60e-02
 5.42964e+20	1.14e-02	9.53e-01	3.54e-02
 5.46662e+20	1.26e-02	9.53e-01	3.46e-02
 5.50575e+20	1.40e-02	9.52e-01	3.39e-02
 5.53915e+20	1.54e-02	9.51e-01	3.33e-02
 5.56621e+20	1.68e-02	9.50e-01	3.28e-02
 5.58926e+20	1.81e-02	9.49e-01	3.24e-02
 5.61494e+20	1.99e-02	9.48e-01	3.19e-02
 5.64199e+20	2.20e-02	9.46e-01	3.15e-02
 5.66467e+20	2.41e-02	9.45e-01	3.12e-02
 5.68416e+20	2.62e-02	9.43e-01	3.09e-02
 5.70560e+20	2.88e-02	9.41e-01	3.06e-02
 5.72859e+20	3.21e-02	9.38e-01	3.04e-02
 5.74862e+20	3.54e-02	9.34e-01	3.02e-02
 5.76643e+20	3.88e-02	9.31e-01	3.01e-02
 5.78632e+20	4.34e-02	9.27e-01	2.99e-02
 5.80780e+20	4.90e-02	9.21e-01	2.99e-02
 5.82703e+20	5.51e-02	9.15e-01	2.98e-02
 5.84475e+20	6.18e-02	9.08e-01	2.98e-02
 5.86206e+20	6.93e-02	9.01e-01	2.99e-02
 5.87905e+20	7.80e-02	8.92e-01	3.01e-02
 5.89541e+20	8.74e-02	8.82e-01	3.04e-02
 5.91106e+20	9.82e-02	8.71e-01	3.07e-02
 5.92606e+20	1.10e-01	8.59e-01	3.10e-02
 5.93992e+20	1.23e-01	8.46e-01	3.13e-02
 5.95267e+20	1.35e-01	8.33e-01	3.18e-02
 5.96427e+20	1.49e-01	8.19e-01	3.21e-02
 5.97488e+20	1.62e-01	8.06e-01	3.25e-02
 5.98495e+20	1.76e-01	7.92e-01	3.29e-02
 5.99450e+20	1.90e-01	7.77e-01	3.32e-02
 6.00207e+20	2.02e-01	7.65e-01	3.35e-02
 6.00736e+20	2.10e-01	7.56e-01	3.36e-02
 6.01247e+20	2.20e-01	7.47e-01	3.38e-02
 6.01826e+20	2.31e-01	7.35e-01	3.39e-02
 6.02445e+20	2.42e-01	7.24e-01	3.41e-02
 6.03063e+20	2.55e-01	7.11e-01	3.42e-02
 6.03669e+20	2.68e-01	6.98e-01	3.44e-02
 6.04281e+20	2.81e-01	6.84e-01	3.44e-02
 6.04906e+20	2.96e-01	6.70e-01	3.45e-02
 6.05539e+20	3.11e-01	6.55e-01	3.45e-02
 6.06191e+20	3.26e-01	6.39e-01	3.45e-02
 6.06865e+20	3.44e-01	6.22e-01	3.44e-02
 6.07559e+20	3.62e-01	6.04e-01	3.43e-02
 6.08263e+20	3.80e-01	5.86e-01	3.41e-02
 6.08998e+20	4.00e-01	5.66e-01	3.38e-02
 6.09772e+20	4.21e-01	5.45e-01	3.35e-02
 6.10592e+20	4.43e-01	5.24e-01	3.30e-02
 6.11464e+20	4.66e-01	5.01e-01	3.24e-02
 6.12402e+20	4.91e-01	4.77e-01	3.17e-02
 6.13425e+20	5.16e-01	4.53e-01	3.09e-02
 6.14533e+20	5.41e-01	4.29e-01	3.00e-02
 6.15752e+20	5.66e-01	4.05e-01	2.90e-02
 6.17127e+20	5.90e-01	3.82e-01	2.79e-02
 6.18596e+20	6.10e-01	3.63e-01	2.69e-02
 6.20059e+20	6.27e-01	3.47e-01	2.60e-02
 6.21496e+20	6.39e-01	3.36e-01	2.53e-02
 6.22913e+20	6.49e-01	3.27e-01	2.46e-02
 6.24315e+20	6.57e-01	3.19e-01	2.39e-02
 6.25920e+20	6.63e-01	3.14e-01	2.36e-02
 6.28006e+20	6.69e-01	3.08e-01	2.30e-02
 6.30719e+20	6.75e-01	3.02e-01	2.24e-02
 6.34245e+20	6.81e-01	2.97e-01	2.18e-02
 6.38828e+20	6.87e-01	2.92e-01	2.10e-02
 6.44787e+20	6.93e-01	2.87e-01	2.01e-02
 6.52534e+20	7.01e-01	2.80e-01	1.90e-02
 6.62604e+20	7.11e-01	2.71e-01	1.77e-02
 6.75696e+20	7.23e-01	2.61e-01	1.61e-02
 6.91850e+20	7.36e-01	2.49e-01	1.45e-02
 7.09391e+20	7.49e-01	2.38e-01	1.30e-02
 7.26801e+20	7.61e-01	2.27e-01	1.17e-02
 7.44324e+20	7.73e-01	2.17e-01	1.06e-02
 7.62365e+20	7.83e-01	2.07e-01	9.56e-03
 7.81085e+20	7.93e-01	1.98e-01	8.64e-03
 8.00392e+20	8.03e-01	1.89e-01	7.80e-03
 8.20340e+20	8.13e-01	1.80e-01	7.05e-03
 8.40977e+20	8.22e-01	1.72e-01	6.37e-03
 8.62018e+20	8.30e-01	1.64e-01	5.75e-03
 8.83565e+20	8.38e-01	1.57e-01	5.20e-03
 9.05705e+20	8.46e-01	1.50e-01	4.71e-03
 9.28418e+20	8.53e-01	1.43e-01	4.26e-03
 9.51694e+20	8.60e-01	1.36e-01	3.86e-03
 9.75384e+20	8.67e-01	1.30e-01	3.49e-03
 9.99837e+20	8.73e-01	1.24e-01	3.16e-03
 1.02517e+21	8.79e-01	1.18e-01	2.86e-03
 1.05098e+21	8.85e-01	1.13e-01	2.59e-03
 1.07725e+21	8.90e-01	1.08e-01	2.34e-03
 1.10410e+21	8.95e-01	1.03e-01	2.13e-03
 1.13137e+21	9.00e-01	9.81e-02	1.93e-03
 1.15924e+21	9.05e-01	9.37e-02	1.76e-03
 1.18815e+21	9.09e-01	8.95e-02	1.59e-03
 1.21807e+21	9.13e-01	8.54e-02	1.44e-03
 1.24872e+21	9.17e-01	8.15e-02	1.31e-03
 1.27991e+21	9.21e-01	7.78e-02	1.19e-03
 1.31185e+21	9.25e-01	7.42e-02	1.08e-03
 1.34469e+21	9.28e-01	7.08e-02	9.82e-04
 1.37839e+21	9.31e-01	6.76e-02	8.92e-04
 1.41264e+21	9.35e-01	6.46e-02	8.12e-04
 1.44681e+21	9.37e-01	6.18e-02	7.41e-04
 1.48044e+21	9.40e-01	5.92e-02	6.78e-04
 1.51347e+21	9.43e-01	5.68e-02	6.24e-04
 1.54582e+21	9.45e-01	5.47e-02	5.76e-04
 1.57732e+21	9.47e-01	5.27e-02	5.34e-04
 1.60781e+21	9.49e-01	5.09e-02	4.98e-04
 1.63724e+21	9.50e-01	4.93e-02	4.67e-04
 1.66558e+21	9.52e-01	4.79e-02	4.40e-04
