#depth	N	N+	N+2	N+3	N+4	N+5	N+6	N+7
 2.29901e+16	6.38e-07	1.02e-03	1.53e-01	5.05e-01	2.69e-01	7.22e-02	8.31e-05	0.00e+00
 1.37941e+17	6.35e-07	1.02e-03	1.53e-01	5.06e-01	2.69e-01	7.21e-02	8.29e-05	0.00e+00
 5.97743e+17	6.29e-07	1.02e-03	1.54e-01	5.06e-01	2.68e-01	7.13e-02	8.19e-05	0.00e+00
 2.43695e+18	6.20e-07	1.03e-03	1.58e-01	5.10e-01	2.63e-01	6.85e-02	7.80e-05	0.00e+00
 5.82109e+18	5.87e-07	1.03e-03	1.63e-01	5.15e-01	2.56e-01	6.48e-02	7.31e-05	0.00e+00
 9.55289e+18	5.86e-07	1.05e-03	1.70e-01	5.20e-01	2.49e-01	6.08e-02	6.77e-05	0.00e+00
 1.32415e+19	6.12e-07	1.10e-03	1.78e-01	5.24e-01	2.41e-01	5.66e-02	6.22e-05	0.00e+00
 1.75415e+19	6.71e-07	1.19e-03	1.89e-01	5.28e-01	2.30e-01	5.15e-02	5.55e-05	0.00e+00
 2.31315e+19	7.73e-07	1.33e-03	2.07e-01	5.32e-01	2.15e-01	4.51e-02	4.75e-05	0.00e+00
 3.03985e+19	9.46e-07	1.55e-03	2.32e-01	5.33e-01	1.95e-01	3.76e-02	3.86e-05	0.00e+00
 3.75523e+19	1.13e-06	1.78e-03	2.59e-01	5.31e-01	1.76e-01	3.15e-02	3.17e-05	0.00e+00
 4.26071e+19	1.29e-06	1.98e-03	2.81e-01	5.27e-01	1.62e-01	2.75e-02	2.73e-05	0.00e+00
 4.61773e+19	1.43e-06	2.15e-03	2.99e-01	5.23e-01	1.52e-01	2.47e-02	2.43e-05	0.00e+00
 4.97693e+19	1.62e-06	2.37e-03	3.18e-01	5.17e-01	1.41e-01	2.18e-02	2.12e-05	0.00e+00
 5.35509e+19	1.83e-06	2.60e-03	3.39e-01	5.10e-01	1.29e-01	1.91e-02	1.84e-05	0.00e+00
 5.67692e+19	2.03e-06	2.82e-03	3.58e-01	5.03e-01	1.20e-01	1.70e-02	1.62e-05	0.00e+00
 5.96159e+19	2.21e-06	3.02e-03	3.75e-01	4.96e-01	1.11e-01	1.51e-02	1.43e-05	0.00e+00
 6.27892e+19	2.48e-06	3.30e-03	3.96e-01	4.87e-01	1.01e-01	1.31e-02	1.23e-05	0.00e+00
 6.60533e+19	2.81e-06	3.63e-03	4.17e-01	4.77e-01	9.12e-02	1.13e-02	1.05e-05	0.00e+00
 6.86436e+19	3.08e-06	3.89e-03	4.34e-01	4.69e-01	8.37e-02	9.92e-03	9.12e-06	0.00e+00
 7.12191e+19	3.42e-06	4.20e-03	4.51e-01	4.60e-01	7.61e-02	8.60e-03	7.82e-06	0.00e+00
 7.39916e+19	3.80e-06	4.55e-03	4.69e-01	4.50e-01	6.86e-02	7.37e-03	6.61e-06	0.00e+00
 7.64489e+19	4.18e-06	4.88e-03	4.85e-01	4.42e-01	6.22e-02	6.38e-03	5.65e-06	0.00e+00
 7.86958e+19	4.57e-06	5.22e-03	4.99e-01	4.33e-01	5.65e-02	5.55e-03	4.84e-06	0.00e+00
 8.12402e+19	5.10e-06	5.66e-03	5.16e-01	4.23e-01	5.03e-02	4.69e-03	4.01e-06	0.00e+00
 8.39309e+19	5.70e-06	6.14e-03	5.32e-01	4.13e-01	4.45e-02	3.93e-03	3.29e-06	0.00e+00
 8.62453e+19	6.28e-06	6.59e-03	5.46e-01	4.05e-01	3.99e-02	3.37e-03	2.76e-06	0.00e+00
 8.83611e+19	6.90e-06	7.04e-03	5.58e-01	3.96e-01	3.60e-02	2.92e-03	2.33e-06	0.00e+00
 9.07853e+19	7.72e-06	7.64e-03	5.72e-01	3.86e-01	3.18e-02	2.46e-03	1.91e-06	0.00e+00
 9.33988e+19	8.69e-06	8.30e-03	5.85e-01	3.76e-01	2.80e-02	2.07e-03	1.54e-06	0.00e+00
 9.57615e+19	9.69e-06	8.96e-03	5.97e-01	3.67e-01	2.49e-02	1.77e-03	1.28e-06	0.00e+00
 9.83359e+19	1.10e-05	9.79e-03	6.11e-01	3.56e-01	2.18e-02	1.49e-03	1.03e-06	0.00e+00
 1.01183e+20	1.26e-05	1.08e-02	6.24e-01	3.45e-01	1.89e-02	1.24e-03	8.20e-07	0.00e+00
 1.03901e+20	1.45e-05	1.18e-02	6.37e-01	3.34e-01	1.66e-02	1.06e-03	6.62e-07	0.00e+00
 1.06951e+20	1.70e-05	1.31e-02	6.50e-01	3.21e-01	1.43e-02	8.79e-04	5.18e-07	0.00e+00
 1.10351e+20	2.03e-05	1.48e-02	6.65e-01	3.08e-01	1.22e-02	7.27e-04	4.00e-07	0.00e+00
 1.12938e+20	2.31e-05	1.61e-02	6.75e-01	2.98e-01	1.09e-02	6.37e-04	3.32e-07	0.00e+00
 1.14591e+20	2.53e-05	1.71e-02	6.81e-01	2.91e-01	1.01e-02	5.83e-04	2.94e-07	0.00e+00
 1.16294e+20	2.79e-05	1.82e-02	6.88e-01	2.84e-01	9.37e-03	5.31e-04	2.57e-07	0.00e+00
 1.18507e+20	3.18e-05	1.99e-02	6.97e-01	2.74e-01	8.47e-03	4.71e-04	2.16e-07	0.00e+00
 1.20845e+20	3.63e-05	2.17e-02	7.05e-01	2.65e-01	7.66e-03	4.17e-04	1.81e-07	0.00e+00
 1.22879e+20	4.10e-05	2.34e-02	7.13e-01	2.56e-01	7.03e-03	3.75e-04	1.55e-07	0.00e+00
 1.24747e+20	4.59e-05	2.52e-02	7.20e-01	2.48e-01	6.49e-03	3.40e-04	1.34e-07	0.00e+00
 1.26868e+20	5.26e-05	2.76e-02	7.28e-01	2.39e-01	5.91e-03	3.02e-04	0.00e+00	0.00e+00
 1.29161e+20	6.09e-05	3.03e-02	7.36e-01	2.28e-01	5.36e-03	2.67e-04	0.00e+00	0.00e+00
 1.31171e+20	6.94e-05	3.30e-02	7.42e-01	2.20e-01	4.93e-03	2.39e-04	0.00e+00	0.00e+00
 1.32982e+20	7.85e-05	3.58e-02	7.48e-01	2.11e-01	4.56e-03	2.16e-04	0.00e+00	0.00e+00
 1.35039e+20	9.10e-05	3.93e-02	7.55e-01	2.01e-01	4.15e-03	1.91e-04	0.00e+00	0.00e+00
 1.37235e+20	1.07e-04	4.36e-02	7.61e-01	1.91e-01	3.77e-03	1.67e-04	0.00e+00	0.00e+00
 1.39147e+20	1.23e-04	4.79e-02	7.67e-01	1.82e-01	3.47e-03	1.48e-04	0.00e+00	0.00e+00
 1.40882e+20	1.41e-04	5.22e-02	7.71e-01	1.73e-01	3.20e-03	1.33e-04	0.00e+00	0.00e+00
 1.42852e+20	1.65e-04	5.79e-02	7.76e-01	1.63e-01	2.92e-03	1.16e-04	0.00e+00	0.00e+00
 1.44953e+20	1.97e-04	6.48e-02	7.80e-01	1.53e-01	2.64e-03	9.97e-05	0.00e+00	0.00e+00
 1.46773e+20	2.31e-04	7.15e-02	7.82e-01	1.44e-01	2.42e-03	8.72e-05	0.00e+00	0.00e+00
 1.48428e+20	2.68e-04	7.87e-02	7.84e-01	1.35e-01	2.22e-03	7.66e-05	0.00e+00	0.00e+00
 1.50322e+20	3.21e-04	8.83e-02	7.84e-01	1.25e-01	2.01e-03	6.53e-05	0.00e+00	0.00e+00
 1.52347e+20	3.90e-04	9.99e-02	7.83e-01	1.15e-01	1.80e-03	5.48e-05	0.00e+00	0.00e+00
 1.54087e+20	4.65e-04	1.12e-01	7.81e-01	1.06e-01	1.63e-03	4.68e-05	0.00e+00	0.00e+00
 1.55631e+20	5.47e-04	1.23e-01	7.77e-01	9.75e-02	1.48e-03	4.01e-05	0.00e+00	0.00e+00
 1.57374e+20	6.65e-04	1.39e-01	7.70e-01	8.83e-02	1.33e-03	3.34e-05	0.00e+00	0.00e+00
 1.59221e+20	8.20e-04	1.59e-01	7.61e-01	7.88e-02	1.17e-03	2.71e-05	0.00e+00	0.00e+00
 1.60795e+20	9.87e-04	1.78e-01	7.50e-01	7.08e-02	1.05e-03	2.25e-05	0.00e+00	0.00e+00
 1.62178e+20	1.17e-03	1.97e-01	7.37e-01	6.40e-02	9.46e-04	1.88e-05	0.00e+00	0.00e+00
 1.63725e+20	1.43e-03	2.22e-01	7.19e-01	5.62e-02	8.32e-04	1.51e-05	0.00e+00	0.00e+00
 1.65357e+20	1.78e-03	2.52e-01	6.97e-01	4.85e-02	7.23e-04	1.19e-05	0.00e+00	0.00e+00
 1.66724e+20	2.14e-03	2.81e-01	6.74e-01	4.24e-02	6.35e-04	9.51e-06	0.00e+00	0.00e+00
 1.67911e+20	2.54e-03	3.09e-01	6.50e-01	3.71e-02	5.63e-04	7.72e-06	0.00e+00	0.00e+00
 1.69234e+20	3.10e-03	3.45e-01	6.19e-01	3.15e-02	4.84e-04	5.97e-06	0.00e+00	0.00e+00
 1.70640e+20	3.82e-03	3.87e-01	5.83e-01	2.61e-02	4.09e-04	4.48e-06	0.00e+00	0.00e+00
 1.71844e+20	4.61e-03	4.27e-01	5.47e-01	2.18e-02	3.48e-04	3.40e-06	0.00e+00	0.00e+00
 1.72899e+20	5.47e-03	4.65e-01	5.11e-01	1.82e-02	2.97e-04	2.62e-06	0.00e+00	0.00e+00
 1.74070e+20	6.66e-03	5.11e-01	4.68e-01	1.46e-02	2.44e-04	1.89e-06	0.00e+00	0.00e+00
 1.75316e+20	8.18e-03	5.61e-01	4.19e-01	1.13e-02	1.95e-04	1.31e-06	0.00e+00	0.00e+00
 1.76388e+20	9.83e-03	6.07e-01	3.74e-01	8.76e-03	1.57e-04	9.21e-07	0.00e+00	0.00e+00
 1.77258e+20	1.14e-02	6.45e-01	3.37e-01	7.01e-03	1.29e-04	6.76e-07	0.00e+00	0.00e+00
 1.77999e+20	1.31e-02	6.77e-01	3.04e-01	5.69e-03	1.08e-04	5.07e-07	0.00e+00	0.00e+00
 1.78825e+20	1.52e-02	7.14e-01	2.67e-01	4.39e-03	8.58e-05	3.56e-07	0.00e+00	0.00e+00
 1.79694e+20	1.79e-02	7.50e-01	2.29e-01	3.29e-03	6.65e-05	2.40e-07	0.00e+00	0.00e+00
 1.80415e+20	2.05e-02	7.78e-01	1.99e-01	2.55e-03	5.28e-05	1.70e-07	0.00e+00	0.00e+00
 1.81035e+20	2.31e-02	8.01e-01	1.74e-01	2.01e-03	4.27e-05	1.24e-07	0.00e+00	0.00e+00
 1.81724e+20	2.65e-02	8.24e-01	1.48e-01	1.51e-03	3.30e-05	0.00e+00	0.00e+00	0.00e+00
 1.82469e+20	3.08e-02	8.46e-01	1.22e-01	1.10e-03	2.46e-05	0.00e+00	0.00e+00	0.00e+00
 1.83114e+20	3.52e-02	8.62e-01	1.02e-01	8.27e-04	1.87e-05	0.00e+00	0.00e+00	0.00e+00
 1.83677e+20	3.98e-02	8.74e-01	8.55e-02	6.36e-04	1.44e-05	0.00e+00	0.00e+00	0.00e+00
 1.84303e+20	4.58e-02	8.84e-01	6.95e-02	4.72e-04	1.06e-05	0.00e+00	0.00e+00	0.00e+00
 1.84989e+20	5.35e-02	8.91e-01	5.47e-02	3.42e-04	7.53e-06	0.00e+00	0.00e+00	0.00e+00
 1.85610e+20	6.20e-02	8.95e-01	4.32e-02	2.56e-04	5.40e-06	0.00e+00	0.00e+00	0.00e+00
 1.86181e+20	7.15e-02	8.94e-01	3.43e-02	1.98e-04	3.90e-06	0.00e+00	0.00e+00	0.00e+00
 1.86738e+20	8.25e-02	8.90e-01	2.70e-02	1.56e-04	2.81e-06	0.00e+00	0.00e+00	0.00e+00
 1.87282e+20	9.52e-02	8.84e-01	2.11e-02	1.25e-04	2.01e-06	0.00e+00	0.00e+00	0.00e+00
 1.87805e+20	1.09e-01	8.74e-01	1.65e-02	1.03e-04	1.45e-06	0.00e+00	0.00e+00	0.00e+00
 1.88308e+20	1.26e-01	8.61e-01	1.29e-02	8.70e-05	1.05e-06	0.00e+00	0.00e+00	0.00e+00
 1.88793e+20	1.44e-01	8.46e-01	1.01e-02	7.48e-05	7.64e-07	0.00e+00	0.00e+00	0.00e+00
 1.89238e+20	1.64e-01	8.28e-01	7.96e-03	6.56e-05	5.66e-07	0.00e+00	0.00e+00	0.00e+00
 1.89650e+20	1.83e-01	8.10e-01	6.38e-03	5.87e-05	4.29e-07	0.00e+00	0.00e+00	0.00e+00
 1.90024e+20	2.04e-01	7.91e-01	5.19e-03	5.33e-05	3.33e-07	0.00e+00	0.00e+00	0.00e+00
 1.90366e+20	2.24e-01	7.72e-01	4.29e-03	4.90e-05	2.64e-07	0.00e+00	0.00e+00	0.00e+00
 1.90689e+20	2.44e-01	7.52e-01	3.57e-03	4.53e-05	2.12e-07	0.00e+00	0.00e+00	0.00e+00
 1.90995e+20	2.65e-01	7.32e-01	3.00e-03	4.22e-05	1.73e-07	0.00e+00	0.00e+00	0.00e+00
 1.91238e+20	2.81e-01	7.16e-01	2.63e-03	4.00e-05	1.48e-07	0.00e+00	0.00e+00	0.00e+00
 1.91405e+20	2.93e-01	7.05e-01	2.39e-03	3.85e-05	1.33e-07	0.00e+00	0.00e+00	0.00e+00
 1.91565e+20	3.05e-01	6.93e-01	2.18e-03	3.71e-05	0.00e+00	0.00e+00	0.00e+00	0.00e+00
 1.91748e+20	3.19e-01	6.79e-01	1.97e-03	3.56e-05	0.00e+00	0.00e+00	0.00e+00	0.00e+00
 1.91946e+20	3.34e-01	6.64e-01	1.76e-03	3.40e-05	0.00e+00	0.00e+00	0.00e+00	0.00e+00
 1.92142e+20	3.49e-01	6.49e-01	1.58e-03	3.26e-05	0.00e+00	0.00e+00	0.00e+00	0.00e+00
 1.92333e+20	3.64e-01	6.34e-01	1.42e-03	3.13e-05	0.00e+00	0.00e+00	0.00e+00	0.00e+00
 1.92528e+20	3.80e-01	6.19e-01	1.28e-03	3.00e-05	0.00e+00	0.00e+00	0.00e+00	0.00e+00
 1.92726e+20	3.95e-01	6.04e-01	1.15e-03	2.87e-05	0.00e+00	0.00e+00	0.00e+00	0.00e+00
 1.92928e+20	4.11e-01	5.88e-01	1.04e-03	2.75e-05	0.00e+00	0.00e+00	0.00e+00	0.00e+00
 1.93134e+20	4.27e-01	5.72e-01	9.38e-04	2.64e-05	0.00e+00	0.00e+00	0.00e+00	0.00e+00
 1.93346e+20	4.43e-01	5.56e-01	8.47e-04	2.53e-05	0.00e+00	0.00e+00	0.00e+00	0.00e+00
 1.93565e+20	4.59e-01	5.40e-01	7.66e-04	2.42e-05	0.00e+00	0.00e+00	0.00e+00	0.00e+00
 1.93789e+20	4.75e-01	5.24e-01	6.95e-04	2.32e-05	0.00e+00	0.00e+00	0.00e+00	0.00e+00
 1.94018e+20	4.90e-01	5.09e-01	6.33e-04	2.22e-05	0.00e+00	0.00e+00	0.00e+00	0.00e+00
 1.94259e+20	5.06e-01	4.93e-01	5.77e-04	2.13e-05	0.00e+00	0.00e+00	0.00e+00	0.00e+00
 1.94517e+20	5.21e-01	4.78e-01	5.27e-04	2.04e-05	0.00e+00	0.00e+00	0.00e+00	0.00e+00
 1.94793e+20	5.37e-01	4.63e-01	4.83e-04	1.95e-05	0.00e+00	0.00e+00	0.00e+00	0.00e+00
 1.95088e+20	5.51e-01	4.48e-01	4.45e-04	1.87e-05	0.00e+00	0.00e+00	0.00e+00	0.00e+00
 1.95402e+20	5.65e-01	4.34e-01	4.11e-04	1.79e-05	0.00e+00	0.00e+00	0.00e+00	0.00e+00
 1.95747e+20	5.78e-01	4.21e-01	3.83e-04	1.72e-05	0.00e+00	0.00e+00	0.00e+00	0.00e+00
 1.96125e+20	5.91e-01	4.09e-01	3.59e-04	1.66e-05	0.00e+00	0.00e+00	0.00e+00	0.00e+00
 1.96549e+20	6.02e-01	3.98e-01	3.39e-04	1.60e-05	0.00e+00	0.00e+00	0.00e+00	0.00e+00
 1.97013e+20	6.11e-01	3.88e-01	3.22e-04	1.56e-05	0.00e+00	0.00e+00	0.00e+00	0.00e+00
 1.97479e+20	6.18e-01	3.81e-01	3.11e-04	1.52e-05	0.00e+00	0.00e+00	0.00e+00	0.00e+00
 1.97937e+20	6.24e-01	3.75e-01	3.02e-04	1.49e-05	0.00e+00	0.00e+00	0.00e+00	0.00e+00
 1.98388e+20	6.28e-01	3.71e-01	2.95e-04	1.47e-05	0.00e+00	0.00e+00	0.00e+00	0.00e+00
 1.98833e+20	6.33e-01	3.67e-01	2.90e-04	1.45e-05	0.00e+00	0.00e+00	0.00e+00	0.00e+00
 1.99343e+20	6.35e-01	3.65e-01	2.86e-04	1.44e-05	0.00e+00	0.00e+00	0.00e+00	0.00e+00
 2.00006e+20	6.39e-01	3.61e-01	2.81e-04	1.42e-05	0.00e+00	0.00e+00	0.00e+00	0.00e+00
 2.00868e+20	6.42e-01	3.58e-01	2.76e-04	1.40e-05	0.00e+00	0.00e+00	0.00e+00	0.00e+00
 2.01988e+20	6.46e-01	3.54e-01	2.71e-04	1.38e-05	0.00e+00	0.00e+00	0.00e+00	0.00e+00
 2.03444e+20	6.51e-01	3.49e-01	2.64e-04	1.36e-05	0.00e+00	0.00e+00	0.00e+00	0.00e+00
 2.05338e+20	6.56e-01	3.44e-01	2.58e-04	1.33e-05	0.00e+00	0.00e+00	0.00e+00	0.00e+00
 2.07799e+20	6.63e-01	3.37e-01	2.49e-04	1.30e-05	0.00e+00	0.00e+00	0.00e+00	0.00e+00
 2.10999e+20	6.71e-01	3.29e-01	2.39e-04	1.25e-05	0.00e+00	0.00e+00	0.00e+00	0.00e+00
 2.15158e+20	6.81e-01	3.19e-01	2.28e-04	1.20e-05	0.00e+00	0.00e+00	0.00e+00	0.00e+00
 2.20315e+20	6.93e-01	3.07e-01	2.15e-04	1.15e-05	0.00e+00	0.00e+00	0.00e+00	0.00e+00
 2.25943e+20	7.04e-01	2.96e-01	2.04e-04	1.09e-05	0.00e+00	0.00e+00	0.00e+00	0.00e+00
 2.31532e+20	7.15e-01	2.85e-01	1.93e-04	1.04e-05	0.00e+00	0.00e+00	0.00e+00	0.00e+00
 2.37150e+20	7.25e-01	2.75e-01	1.84e-04	9.92e-06	0.00e+00	0.00e+00	0.00e+00	0.00e+00
 2.42931e+20	7.34e-01	2.65e-01	1.76e-04	9.47e-06	0.00e+00	0.00e+00	0.00e+00	0.00e+00
 2.48929e+20	7.44e-01	2.56e-01	1.68e-04	9.04e-06	0.00e+00	0.00e+00	0.00e+00	0.00e+00
 2.55110e+20	7.53e-01	2.47e-01	1.61e-04	8.62e-06	0.00e+00	0.00e+00	0.00e+00	0.00e+00
 2.61503e+20	7.62e-01	2.37e-01	1.55e-04	8.21e-06	0.00e+00	0.00e+00	0.00e+00	0.00e+00
 2.68132e+20	7.71e-01	2.28e-01	1.48e-04	7.83e-06	0.00e+00	0.00e+00	0.00e+00	0.00e+00
 2.74874e+20	7.80e-01	2.20e-01	1.43e-04	7.47e-06	0.00e+00	0.00e+00	0.00e+00	0.00e+00
 2.81759e+20	7.88e-01	2.11e-01	1.37e-04	7.12e-06	0.00e+00	0.00e+00	0.00e+00	0.00e+00
 2.88841e+20	7.97e-01	2.03e-01	1.32e-04	6.79e-06	0.00e+00	0.00e+00	0.00e+00	0.00e+00
 2.96121e+20	8.05e-01	1.95e-01	1.28e-04	6.48e-06	0.00e+00	0.00e+00	0.00e+00	0.00e+00
 3.03586e+20	8.13e-01	1.87e-01	1.23e-04	6.17e-06	0.00e+00	0.00e+00	0.00e+00	0.00e+00
 3.11236e+20	8.21e-01	1.79e-01	1.19e-04	5.87e-06	0.00e+00	0.00e+00	0.00e+00	0.00e+00
 3.19088e+20	8.29e-01	1.71e-01	1.15e-04	5.59e-06	0.00e+00	0.00e+00	0.00e+00	0.00e+00
 3.27096e+20	8.36e-01	1.63e-01	1.11e-04	5.32e-06	0.00e+00	0.00e+00	0.00e+00	0.00e+00
 3.35261e+20	8.44e-01	1.56e-01	1.07e-04	5.06e-06	0.00e+00	0.00e+00	0.00e+00	0.00e+00
 3.43621e+20	8.51e-01	1.49e-01	1.04e-04	4.81e-06	0.00e+00	0.00e+00	0.00e+00	0.00e+00
 3.52092e+20	8.58e-01	1.42e-01	1.00e-04	4.58e-06	0.00e+00	0.00e+00	0.00e+00	0.00e+00
 3.60727e+20	8.64e-01	1.36e-01	9.72e-05	4.35e-06	0.00e+00	0.00e+00	0.00e+00	0.00e+00
 3.69706e+20	8.71e-01	1.29e-01	9.41e-05	4.13e-06	0.00e+00	0.00e+00	0.00e+00	0.00e+00
 3.78954e+20	8.77e-01	1.23e-01	9.10e-05	3.92e-06	0.00e+00	0.00e+00	0.00e+00	0.00e+00
 3.88349e+20	8.83e-01	1.17e-01	8.82e-05	3.72e-06	0.00e+00	0.00e+00	0.00e+00	0.00e+00
 3.97926e+20	8.89e-01	1.11e-01	8.54e-05	3.52e-06	0.00e+00	0.00e+00	0.00e+00	0.00e+00
 4.07743e+20	8.95e-01	1.05e-01	8.27e-05	3.34e-06	0.00e+00	0.00e+00	0.00e+00	0.00e+00
 4.17807e+20	9.00e-01	9.98e-02	8.01e-05	3.16e-06	0.00e+00	0.00e+00	0.00e+00	0.00e+00
 4.28040e+20	9.05e-01	9.47e-02	7.75e-05	2.99e-06	0.00e+00	0.00e+00	0.00e+00	0.00e+00
 4.38254e+20	9.10e-01	8.99e-02	7.52e-05	2.84e-06	0.00e+00	0.00e+00	0.00e+00	0.00e+00
 4.48294e+20	9.15e-01	8.54e-02	7.29e-05	2.70e-06	0.00e+00	0.00e+00	0.00e+00	0.00e+00
 4.58138e+20	9.19e-01	8.13e-02	7.08e-05	2.57e-06	0.00e+00	0.00e+00	0.00e+00	0.00e+00
 4.67801e+20	9.23e-01	7.74e-02	6.89e-05	2.45e-06	0.00e+00	0.00e+00	0.00e+00	0.00e+00
 4.77253e+20	9.26e-01	7.38e-02	6.70e-05	2.34e-06	0.00e+00	0.00e+00	0.00e+00	0.00e+00
 4.86420e+20	9.29e-01	7.05e-02	6.53e-05	2.24e-06	0.00e+00	0.00e+00	0.00e+00	0.00e+00
 4.95250e+20	9.33e-01	6.74e-02	6.37e-05	2.15e-06	0.00e+00	0.00e+00	0.00e+00	0.00e+00
 5.03729e+20	9.35e-01	6.46e-02	6.22e-05	2.07e-06	0.00e+00	0.00e+00	0.00e+00	0.00e+00
 5.11857e+20	9.38e-01	6.20e-02	6.09e-05	1.99e-06	0.00e+00	0.00e+00	0.00e+00	0.00e+00
 5.19635e+20	9.40e-01	5.96e-02	5.96e-05	1.93e-06	0.00e+00	0.00e+00	0.00e+00	0.00e+00
