#depth	N	N+	N+2	N+3	N+4	N+5	N+6	N+7
 6.35519e+16	5.09e-07	1.42e-03	2.11e-01	5.80e-01	1.80e-01	2.81e-02	2.53e-05	0.00e+00
 3.81311e+17	5.07e-07	1.42e-03	2.10e-01	5.80e-01	1.80e-01	2.81e-02	2.52e-05	0.00e+00
 1.65235e+18	5.03e-07	1.41e-03	2.11e-01	5.80e-01	1.79e-01	2.79e-02	2.51e-05	0.00e+00
 6.73650e+18	4.93e-07	1.40e-03	2.15e-01	5.81e-01	1.76e-01	2.70e-02	2.42e-05	0.00e+00
 1.60913e+19	4.59e-07	1.36e-03	2.19e-01	5.83e-01	1.71e-01	2.59e-02	2.31e-05	0.00e+00
 2.82526e+19	4.51e-07	1.36e-03	2.26e-01	5.84e-01	1.65e-01	2.43e-02	2.16e-05	0.00e+00
 4.40623e+19	4.63e-07	1.40e-03	2.38e-01	5.83e-01	1.56e-01	2.22e-02	1.96e-05	0.00e+00
 6.46149e+19	5.00e-07	1.50e-03	2.57e-01	5.79e-01	1.43e-01	1.94e-02	1.70e-05	0.00e+00
 8.71586e+19	5.50e-07	1.62e-03	2.81e-01	5.71e-01	1.29e-01	1.67e-02	1.45e-05	0.00e+00
 1.07063e+20	6.10e-07	1.78e-03	3.06e-01	5.62e-01	1.16e-01	1.44e-02	1.24e-05	0.00e+00
 1.23190e+20	6.74e-07	1.93e-03	3.29e-01	5.51e-01	1.05e-01	1.25e-02	1.08e-05	0.00e+00
 1.36426e+20	7.41e-07	2.09e-03	3.50e-01	5.42e-01	9.57e-02	1.11e-02	9.50e-06	0.00e+00
 1.48138e+20	8.12e-07	2.25e-03	3.69e-01	5.32e-01	8.72e-02	9.76e-03	8.38e-06	0.00e+00
 1.59120e+20	8.89e-07	2.42e-03	3.88e-01	5.22e-01	7.93e-02	8.59e-03	7.38e-06	0.00e+00
 1.69554e+20	9.70e-07	2.59e-03	4.06e-01	5.12e-01	7.17e-02	7.54e-03	6.47e-06	0.00e+00
 1.79431e+20	1.06e-06	2.77e-03	4.24e-01	5.02e-01	6.47e-02	6.59e-03	5.65e-06	0.00e+00
 1.88770e+20	1.15e-06	2.95e-03	4.40e-01	4.93e-01	5.82e-02	5.75e-03	4.92e-06	0.00e+00
 1.97735e+20	1.25e-06	3.14e-03	4.55e-01	4.84e-01	5.21e-02	5.00e-03	4.27e-06	0.00e+00
 2.06517e+20	1.35e-06	3.34e-03	4.70e-01	4.76e-01	4.65e-02	4.33e-03	3.68e-06	0.00e+00
 2.15192e+20	1.47e-06	3.55e-03	4.84e-01	4.68e-01	4.12e-02	3.72e-03	3.15e-06	0.00e+00
 2.25127e+20	1.61e-06	3.81e-03	4.99e-01	4.59e-01	3.55e-02	3.11e-03	2.60e-06	0.00e+00
 2.35306e+20	1.77e-06	4.06e-03	5.13e-01	4.50e-01	3.04e-02	2.60e-03	2.15e-06	0.00e+00
 2.43617e+20	1.91e-06	4.29e-03	5.24e-01	4.43e-01	2.67e-02	2.25e-03	1.83e-06	0.00e+00
 2.52237e+20	2.08e-06	4.55e-03	5.35e-01	4.35e-01	2.32e-02	1.93e-03	1.54e-06	0.00e+00
 2.61730e+20	2.28e-06	4.83e-03	5.46e-01	4.27e-01	1.99e-02	1.66e-03	1.29e-06	0.00e+00
 2.70692e+20	2.49e-06	5.11e-03	5.56e-01	4.20e-01	1.73e-02	1.45e-03	1.11e-06	0.00e+00
 2.80675e+20	2.75e-06	5.45e-03	5.66e-01	4.12e-01	1.48e-02	1.26e-03	9.31e-07	0.00e+00
 2.91911e+20	3.08e-06	5.84e-03	5.77e-01	4.03e-01	1.26e-02	1.10e-03	7.84e-07	0.00e+00
 3.04040e+20	3.47e-06	6.27e-03	5.88e-01	3.94e-01	1.06e-02	9.60e-04	6.61e-07	0.00e+00
 3.18148e+20	3.99e-06	6.80e-03	5.99e-01	3.84e-01	8.86e-03	8.40e-04	5.52e-07	0.00e+00
 3.34253e+20	4.65e-06	7.42e-03	6.11e-01	3.74e-01	7.35e-03	7.36e-04	4.60e-07	0.00e+00
 3.52849e+20	5.54e-06	8.18e-03	6.23e-01	3.62e-01	6.06e-03	6.43e-04	3.79e-07	0.00e+00
 3.75998e+20	6.89e-06	9.24e-03	6.38e-01	3.48e-01	4.91e-03	5.52e-04	3.03e-07	0.00e+00
 4.00417e+20	8.61e-06	1.04e-02	6.51e-01	3.34e-01	4.07e-03	4.77e-04	2.43e-07	0.00e+00
 4.22396e+20	1.06e-05	1.18e-02	6.64e-01	3.20e-01	3.49e-03	4.16e-04	1.97e-07	0.00e+00
 4.39376e+20	1.25e-05	1.29e-02	6.73e-01	3.10e-01	3.15e-03	3.76e-04	1.68e-07	0.00e+00
 4.50743e+20	1.40e-05	1.38e-02	6.80e-01	3.03e-01	2.94e-03	3.48e-04	1.50e-07	0.00e+00
 4.62310e+20	1.60e-05	1.48e-02	6.87e-01	2.95e-01	2.73e-03	3.21e-04	1.32e-07	0.00e+00
 4.77346e+20	1.89e-05	1.64e-02	6.97e-01	2.84e-01	2.49e-03	2.87e-04	0.00e+00	0.00e+00
 4.92283e+20	2.24e-05	1.81e-02	7.06e-01	2.73e-01	2.29e-03	2.56e-04	0.00e+00	0.00e+00
 5.03595e+20	2.58e-05	1.97e-02	7.14e-01	2.64e-01	2.15e-03	2.33e-04	0.00e+00	0.00e+00
 5.13168e+20	2.92e-05	2.12e-02	7.21e-01	2.56e-01	2.03e-03	2.14e-04	0.00e+00	0.00e+00
 5.23973e+20	3.39e-05	2.32e-02	7.28e-01	2.46e-01	1.90e-03	1.93e-04	0.00e+00	0.00e+00
 5.35611e+20	4.00e-05	2.57e-02	7.37e-01	2.36e-01	1.77e-03	1.71e-04	0.00e+00	0.00e+00
 5.45742e+20	4.64e-05	2.82e-02	7.44e-01	2.26e-01	1.66e-03	1.54e-04	0.00e+00	0.00e+00
 5.54565e+20	5.34e-05	3.07e-02	7.51e-01	2.17e-01	1.56e-03	1.39e-04	0.00e+00	0.00e+00
 5.64280e+20	6.29e-05	3.40e-02	7.58e-01	2.06e-01	1.46e-03	1.23e-04	0.00e+00	0.00e+00
 5.74574e+20	7.50e-05	3.80e-02	7.65e-01	1.95e-01	1.36e-03	1.08e-04	0.00e+00	0.00e+00
 5.83250e+20	8.80e-05	4.20e-02	7.71e-01	1.85e-01	1.28e-03	9.53e-05	0.00e+00	0.00e+00
 5.90749e+20	1.02e-04	4.59e-02	7.76e-01	1.76e-01	1.20e-03	8.52e-05	0.00e+00	0.00e+00
 5.99090e+20	1.21e-04	5.12e-02	7.82e-01	1.66e-01	1.12e-03	7.43e-05	0.00e+00	0.00e+00
 6.07974e+20	1.46e-04	5.76e-02	7.86e-01	1.55e-01	1.04e-03	6.39e-05	0.00e+00	0.00e+00
 6.15620e+20	1.73e-04	6.41e-02	7.90e-01	1.45e-01	9.70e-04	5.56e-05	0.00e+00	0.00e+00
 6.22360e+20	2.03e-04	7.08e-02	7.92e-01	1.36e-01	9.09e-04	4.87e-05	0.00e+00	0.00e+00
 6.29867e+20	2.46e-04	7.97e-02	7.94e-01	1.26e-01	8.39e-04	4.14e-05	0.00e+00	0.00e+00
 6.37783e+20	3.02e-04	9.06e-02	7.93e-01	1.15e-01	7.69e-04	3.46e-05	0.00e+00	0.00e+00
 6.44494e+20	3.63e-04	1.02e-01	7.92e-01	1.06e-01	7.10e-04	2.94e-05	0.00e+00	0.00e+00
 6.50421e+20	4.31e-04	1.13e-01	7.89e-01	9.74e-02	6.57e-04	2.51e-05	0.00e+00	0.00e+00
 6.57067e+20	5.30e-04	1.28e-01	7.83e-01	8.79e-02	5.98e-04	2.07e-05	0.00e+00	0.00e+00
 6.63988e+20	6.60e-04	1.46e-01	7.74e-01	7.84e-02	5.39e-04	1.68e-05	0.00e+00	0.00e+00
 6.69665e+20	7.96e-04	1.64e-01	7.64e-01	7.07e-02	4.93e-04	1.40e-05	0.00e+00	0.00e+00
 6.74568e+20	9.46e-04	1.82e-01	7.53e-01	6.40e-02	4.51e-04	1.17e-05	0.00e+00	0.00e+00
 6.80071e+20	1.17e-03	2.06e-01	7.36e-01	5.63e-02	4.04e-04	9.38e-06	0.00e+00	0.00e+00
 6.85791e+20	1.44e-03	2.33e-01	7.16e-01	4.90e-02	3.59e-04	7.41e-06	0.00e+00	0.00e+00
 6.90536e+20	1.74e-03	2.60e-01	6.95e-01	4.30e-02	3.21e-04	5.97e-06	0.00e+00	0.00e+00
 6.94688e+20	2.07e-03	2.87e-01	6.73e-01	3.79e-02	2.88e-04	4.86e-06	0.00e+00	0.00e+00
 6.99323e+20	2.53e-03	3.21e-01	6.44e-01	3.24e-02	2.53e-04	3.78e-06	0.00e+00	0.00e+00
 7.04234e+20	3.14e-03	3.61e-01	6.09e-01	2.70e-02	2.17e-04	2.84e-06	0.00e+00	0.00e+00
 7.08371e+20	3.79e-03	3.99e-01	5.74e-01	2.27e-02	1.88e-04	2.18e-06	0.00e+00	0.00e+00
 7.11942e+20	4.48e-03	4.35e-01	5.42e-01	1.93e-02	1.64e-04	1.70e-06	0.00e+00	0.00e+00
 7.15908e+20	5.45e-03	4.79e-01	5.00e-01	1.57e-02	1.38e-04	1.25e-06	0.00e+00	0.00e+00
 7.20156e+20	6.71e-03	5.28e-01	4.53e-01	1.23e-02	1.12e-04	8.79e-07	0.00e+00	0.00e+00
 7.23827e+20	8.09e-03	5.73e-01	4.09e-01	9.71e-03	9.22e-05	6.26e-07	0.00e+00	0.00e+00
 7.27053e+20	9.55e-03	6.14e-01	3.68e-01	7.72e-03	7.61e-05	4.53e-07	0.00e+00	0.00e+00
 7.29920e+20	1.11e-02	6.51e-01	3.31e-01	6.17e-03	6.30e-05	3.31e-07	0.00e+00	0.00e+00
 7.32396e+20	1.27e-02	6.83e-01	2.99e-01	5.01e-03	5.29e-05	2.49e-07	0.00e+00	0.00e+00
 7.35084e+20	1.47e-02	7.18e-01	2.63e-01	3.88e-03	4.27e-05	1.75e-07	0.00e+00	0.00e+00
 7.37890e+20	1.72e-02	7.52e-01	2.28e-01	2.93e-03	3.36e-05	0.00e+00	0.00e+00	0.00e+00
 7.40182e+20	1.95e-02	7.78e-01	2.00e-01	2.30e-03	2.73e-05	0.00e+00	0.00e+00	0.00e+00
 7.42157e+20	2.20e-02	8.00e-01	1.76e-01	1.82e-03	2.23e-05	0.00e+00	0.00e+00	0.00e+00
 7.44386e+20	2.52e-02	8.23e-01	1.50e-01	1.37e-03	1.75e-05	0.00e+00	0.00e+00	0.00e+00
 7.46739e+20	2.89e-02	8.44e-01	1.26e-01	1.01e-03	1.35e-05	0.00e+00	0.00e+00	0.00e+00
 7.48756e+20	3.29e-02	8.60e-01	1.07e-01	7.62e-04	1.05e-05	0.00e+00	0.00e+00	0.00e+00
 7.50524e+20	3.67e-02	8.71e-01	9.16e-02	5.90e-04	8.34e-06	0.00e+00	0.00e+00	0.00e+00
 7.52460e+20	4.18e-02	8.82e-01	7.60e-02	4.38e-04	6.36e-06	0.00e+00	0.00e+00	0.00e+00
 7.54570e+20	4.83e-02	8.90e-01	6.13e-02	3.15e-04	4.68e-06	0.00e+00	0.00e+00	0.00e+00
 7.56438e+20	5.52e-02	8.95e-01	5.00e-02	2.34e-04	3.50e-06	0.00e+00	0.00e+00	0.00e+00
 7.58097e+20	6.23e-02	8.96e-01	4.12e-02	1.79e-04	2.67e-06	0.00e+00	0.00e+00	0.00e+00
 7.59948e+20	7.20e-02	8.95e-01	3.26e-02	1.32e-04	1.94e-06	0.00e+00	0.00e+00	0.00e+00
 7.61977e+20	8.46e-02	8.90e-01	2.49e-02	9.65e-05	1.35e-06	0.00e+00	0.00e+00	0.00e+00
 7.63803e+20	9.86e-02	8.82e-01	1.93e-02	7.38e-05	9.53e-07	0.00e+00	0.00e+00	0.00e+00
 7.65395e+20	1.13e-01	8.72e-01	1.52e-02	5.92e-05	6.97e-07	0.00e+00	0.00e+00	0.00e+00
 7.66886e+20	1.29e-01	8.59e-01	1.20e-02	4.89e-05	5.13e-07	0.00e+00	0.00e+00	0.00e+00
 7.68364e+20	1.48e-01	8.43e-01	9.38e-03	4.10e-05	3.74e-07	0.00e+00	0.00e+00	0.00e+00
 7.69788e+20	1.68e-01	8.25e-01	7.35e-03	3.52e-05	2.75e-07	0.00e+00	0.00e+00	0.00e+00
 7.71042e+20	1.89e-01	8.05e-01	5.87e-03	3.10e-05	2.08e-07	0.00e+00	0.00e+00	0.00e+00
 7.72155e+20	2.09e-01	7.86e-01	4.77e-03	2.79e-05	1.61e-07	0.00e+00	0.00e+00	0.00e+00
 7.73193e+20	2.31e-01	7.65e-01	3.91e-03	2.54e-05	1.26e-07	0.00e+00	0.00e+00	0.00e+00
 7.74169e+20	2.52e-01	7.45e-01	3.22e-03	2.33e-05	0.00e+00	0.00e+00	0.00e+00	0.00e+00
 7.75092e+20	2.75e-01	7.22e-01	2.67e-03	2.15e-05	0.00e+00	0.00e+00	0.00e+00	0.00e+00
 7.75791e+20	2.92e-01	7.06e-01	2.33e-03	2.03e-05	0.00e+00	0.00e+00	0.00e+00	0.00e+00
 7.76264e+20	3.04e-01	6.94e-01	2.11e-03	1.96e-05	0.00e+00	0.00e+00	0.00e+00	0.00e+00
 7.76727e+20	3.17e-01	6.81e-01	1.91e-03	1.88e-05	0.00e+00	0.00e+00	0.00e+00	0.00e+00
 7.77256e+20	3.33e-01	6.66e-01	1.70e-03	1.80e-05	0.00e+00	0.00e+00	0.00e+00	0.00e+00
 7.77803e+20	3.49e-01	6.50e-01	1.51e-03	1.71e-05	0.00e+00	0.00e+00	0.00e+00	0.00e+00
 7.78331e+20	3.64e-01	6.34e-01	1.34e-03	1.64e-05	0.00e+00	0.00e+00	0.00e+00	0.00e+00
 7.78851e+20	3.81e-01	6.18e-01	1.19e-03	1.57e-05	0.00e+00	0.00e+00	0.00e+00	0.00e+00
 7.79365e+20	3.97e-01	6.02e-01	1.07e-03	1.50e-05	0.00e+00	0.00e+00	0.00e+00	0.00e+00
 7.79877e+20	4.14e-01	5.85e-01	9.48e-04	1.43e-05	0.00e+00	0.00e+00	0.00e+00	0.00e+00
 7.80387e+20	4.30e-01	5.69e-01	8.46e-04	1.37e-05	0.00e+00	0.00e+00	0.00e+00	0.00e+00
 7.80897e+20	4.47e-01	5.52e-01	7.53e-04	1.31e-05	0.00e+00	0.00e+00	0.00e+00	0.00e+00
 7.81409e+20	4.64e-01	5.35e-01	6.70e-04	1.25e-05	0.00e+00	0.00e+00	0.00e+00	0.00e+00
 7.81912e+20	4.81e-01	5.18e-01	5.99e-04	1.20e-05	0.00e+00	0.00e+00	0.00e+00	0.00e+00
 7.82411e+20	4.98e-01	5.01e-01	5.35e-04	1.14e-05	0.00e+00	0.00e+00	0.00e+00	0.00e+00
 7.82916e+20	5.15e-01	4.84e-01	4.78e-04	1.09e-05	0.00e+00	0.00e+00	0.00e+00	0.00e+00
 7.83421e+20	5.32e-01	4.68e-01	4.28e-04	1.04e-05	0.00e+00	0.00e+00	0.00e+00	0.00e+00
 7.83924e+20	5.49e-01	4.51e-01	3.84e-04	9.93e-06	0.00e+00	0.00e+00	0.00e+00	0.00e+00
 7.84429e+20	5.65e-01	4.35e-01	3.45e-04	9.47e-06	0.00e+00	0.00e+00	0.00e+00	0.00e+00
 7.84937e+20	5.82e-01	4.18e-01	3.11e-04	9.02e-06	0.00e+00	0.00e+00	0.00e+00	0.00e+00
 7.85447e+20	5.97e-01	4.02e-01	2.81e-04	8.61e-06	0.00e+00	0.00e+00	0.00e+00	0.00e+00
 7.85956e+20	6.13e-01	3.87e-01	2.54e-04	8.21e-06	0.00e+00	0.00e+00	0.00e+00	0.00e+00
 7.86475e+20	6.28e-01	3.72e-01	2.31e-04	7.82e-06	0.00e+00	0.00e+00	0.00e+00	0.00e+00
 7.87001e+20	6.43e-01	3.56e-01	2.11e-04	7.45e-06	0.00e+00	0.00e+00	0.00e+00	0.00e+00
 7.87528e+20	6.58e-01	3.42e-01	1.93e-04	7.10e-06	0.00e+00	0.00e+00	0.00e+00	0.00e+00
 7.88053e+20	6.71e-01	3.29e-01	1.78e-04	6.78e-06	0.00e+00	0.00e+00	0.00e+00	0.00e+00
 7.88579e+20	6.84e-01	3.16e-01	1.65e-04	6.48e-06	0.00e+00	0.00e+00	0.00e+00	0.00e+00
 7.89108e+20	6.96e-01	3.03e-01	1.54e-04	6.19e-06	0.00e+00	0.00e+00	0.00e+00	0.00e+00
 7.89644e+20	7.08e-01	2.92e-01	1.44e-04	5.93e-06	0.00e+00	0.00e+00	0.00e+00	0.00e+00
 7.90188e+20	7.19e-01	2.81e-01	1.36e-04	5.68e-06	0.00e+00	0.00e+00	0.00e+00	0.00e+00
 7.90741e+20	7.30e-01	2.70e-01	1.28e-04	5.45e-06	0.00e+00	0.00e+00	0.00e+00	0.00e+00
 7.91310e+20	7.39e-01	2.61e-01	1.22e-04	5.23e-06	0.00e+00	0.00e+00	0.00e+00	0.00e+00
 7.91892e+20	7.48e-01	2.52e-01	1.16e-04	5.04e-06	0.00e+00	0.00e+00	0.00e+00	0.00e+00
 7.92494e+20	7.57e-01	2.43e-01	1.11e-04	4.85e-06	0.00e+00	0.00e+00	0.00e+00	0.00e+00
 7.93131e+20	7.65e-01	2.35e-01	1.07e-04	4.68e-06	0.00e+00	0.00e+00	0.00e+00	0.00e+00
 7.93803e+20	7.73e-01	2.27e-01	1.03e-04	4.52e-06	0.00e+00	0.00e+00	0.00e+00	0.00e+00
 7.94523e+20	7.80e-01	2.20e-01	9.99e-05	4.38e-06	0.00e+00	0.00e+00	0.00e+00	0.00e+00
 7.95308e+20	7.86e-01	2.14e-01	9.70e-05	4.24e-06	0.00e+00	0.00e+00	0.00e+00	0.00e+00
 7.96182e+20	7.92e-01	2.08e-01	9.45e-05	4.12e-06	0.00e+00	0.00e+00	0.00e+00	0.00e+00
 7.97177e+20	7.98e-01	2.02e-01	9.22e-05	4.00e-06	0.00e+00	0.00e+00	0.00e+00	0.00e+00
 7.98312e+20	8.03e-01	1.97e-01	9.04e-05	3.90e-06	0.00e+00	0.00e+00	0.00e+00	0.00e+00
 7.99514e+20	8.07e-01	1.93e-01	8.89e-05	3.83e-06	0.00e+00	0.00e+00	0.00e+00	0.00e+00
 8.00703e+20	8.10e-01	1.90e-01	8.79e-05	3.77e-06	0.00e+00	0.00e+00	0.00e+00	0.00e+00
 8.01882e+20	8.12e-01	1.88e-01	8.71e-05	3.72e-06	0.00e+00	0.00e+00	0.00e+00	0.00e+00
 8.03053e+20	8.13e-01	1.86e-01	8.65e-05	3.69e-06	0.00e+00	0.00e+00	0.00e+00	0.00e+00
 8.04220e+20	8.15e-01	1.85e-01	8.60e-05	3.65e-06	0.00e+00	0.00e+00	0.00e+00	0.00e+00
 8.05382e+20	8.16e-01	1.84e-01	8.56e-05	3.63e-06	0.00e+00	0.00e+00	0.00e+00	0.00e+00
 8.06541e+20	8.17e-01	1.83e-01	8.54e-05	3.62e-06	0.00e+00	0.00e+00	0.00e+00	0.00e+00
 8.07872e+20	8.18e-01	1.82e-01	8.50e-05	3.60e-06	0.00e+00	0.00e+00	0.00e+00	0.00e+00
 8.09602e+20	8.19e-01	1.81e-01	8.47e-05	3.58e-06	0.00e+00	0.00e+00	0.00e+00	0.00e+00
 8.11852e+20	8.19e-01	1.81e-01	8.43e-05	3.56e-06	0.00e+00	0.00e+00	0.00e+00	0.00e+00
 8.14777e+20	8.21e-01	1.79e-01	8.39e-05	3.53e-06	0.00e+00	0.00e+00	0.00e+00	0.00e+00
 8.18579e+20	8.22e-01	1.78e-01	8.33e-05	3.50e-06	0.00e+00	0.00e+00	0.00e+00	0.00e+00
 8.23521e+20	8.24e-01	1.76e-01	8.27e-05	3.46e-06	0.00e+00	0.00e+00	0.00e+00	0.00e+00
 8.29947e+20	8.26e-01	1.74e-01	8.18e-05	3.41e-06	0.00e+00	0.00e+00	0.00e+00	0.00e+00
 8.38300e+20	8.28e-01	1.71e-01	8.08e-05	3.34e-06	0.00e+00	0.00e+00	0.00e+00	0.00e+00
 8.49159e+20	8.32e-01	1.68e-01	7.95e-05	3.27e-06	0.00e+00	0.00e+00	0.00e+00	0.00e+00
 8.63275e+20	8.36e-01	1.64e-01	7.79e-05	3.17e-06	0.00e+00	0.00e+00	0.00e+00	0.00e+00
 8.81627e+20	8.41e-01	1.59e-01	7.60e-05	3.05e-06	0.00e+00	0.00e+00	0.00e+00	0.00e+00
 9.05484e+20	8.47e-01	1.53e-01	7.37e-05	2.91e-06	0.00e+00	0.00e+00	0.00e+00	0.00e+00
 9.33194e+20	8.53e-01	1.47e-01	7.14e-05	2.76e-06	0.00e+00	0.00e+00	0.00e+00	0.00e+00
 9.61435e+20	8.59e-01	1.41e-01	6.92e-05	2.63e-06	0.00e+00	0.00e+00	0.00e+00	0.00e+00
 9.89708e+20	8.64e-01	1.36e-01	6.73e-05	2.50e-06	0.00e+00	0.00e+00	0.00e+00	0.00e+00
 1.01943e+21	8.69e-01	1.31e-01	6.53e-05	2.38e-06	0.00e+00	0.00e+00	0.00e+00	0.00e+00
 1.05084e+21	8.74e-01	1.26e-01	6.34e-05	2.27e-06	0.00e+00	0.00e+00	0.00e+00	0.00e+00
 1.08369e+21	8.79e-01	1.21e-01	6.15e-05	2.15e-06	0.00e+00	0.00e+00	0.00e+00	0.00e+00
 1.11819e+21	8.84e-01	1.16e-01	5.97e-05	2.04e-06	0.00e+00	0.00e+00	0.00e+00	0.00e+00
 1.15403e+21	8.89e-01	1.11e-01	5.79e-05	1.93e-06	0.00e+00	0.00e+00	0.00e+00	0.00e+00
 1.19126e+21	8.94e-01	1.06e-01	5.62e-05	1.83e-06	0.00e+00	0.00e+00	0.00e+00	0.00e+00
 1.23004e+21	8.98e-01	1.02e-01	5.45e-05	1.73e-06	0.00e+00	0.00e+00	0.00e+00	0.00e+00
 1.27058e+21	9.03e-01	9.70e-02	5.28e-05	1.64e-06	0.00e+00	0.00e+00	0.00e+00	0.00e+00
 1.31298e+21	9.07e-01	9.26e-02	5.11e-05	1.55e-06	0.00e+00	0.00e+00	0.00e+00	0.00e+00
 1.35717e+21	9.12e-01	8.83e-02	4.95e-05	1.46e-06	0.00e+00	0.00e+00	0.00e+00	0.00e+00
 1.40323e+21	9.16e-01	8.39e-02	4.78e-05	1.37e-06	0.00e+00	0.00e+00	0.00e+00	0.00e+00
 1.45166e+21	9.20e-01	7.97e-02	4.62e-05	1.29e-06	0.00e+00	0.00e+00	0.00e+00	0.00e+00
 1.50239e+21	9.24e-01	7.55e-02	4.46e-05	1.20e-06	0.00e+00	0.00e+00	0.00e+00	0.00e+00
 1.55493e+21	9.28e-01	7.16e-02	4.30e-05	1.13e-06	0.00e+00	0.00e+00	0.00e+00	0.00e+00
 1.60965e+21	9.32e-01	6.78e-02	4.15e-05	1.05e-06	0.00e+00	0.00e+00	0.00e+00	0.00e+00
 1.66700e+21	9.36e-01	6.40e-02	4.00e-05	9.80e-07	0.00e+00	0.00e+00	0.00e+00	0.00e+00
 1.72702e+21	9.40e-01	6.04e-02	3.84e-05	9.11e-07	0.00e+00	0.00e+00	0.00e+00	0.00e+00
 1.78985e+21	9.43e-01	5.68e-02	3.69e-05	8.44e-07	0.00e+00	0.00e+00	0.00e+00	0.00e+00
 1.85588e+21	9.47e-01	5.34e-02	3.54e-05	7.81e-07	0.00e+00	0.00e+00	0.00e+00	0.00e+00
 1.92518e+21	9.50e-01	5.01e-02	3.39e-05	7.20e-07	0.00e+00	0.00e+00	0.00e+00	0.00e+00
 1.99768e+21	9.53e-01	4.69e-02	3.24e-05	6.62e-07	0.00e+00	0.00e+00	0.00e+00	0.00e+00
 2.07348e+21	9.56e-01	4.38e-02	3.10e-05	6.08e-07	0.00e+00	0.00e+00	0.00e+00	0.00e+00
 2.15276e+21	9.59e-01	4.09e-02	2.95e-05	5.56e-07	0.00e+00	0.00e+00	0.00e+00	0.00e+00
 2.23397e+21	9.62e-01	3.81e-02	2.81e-05	5.08e-07	0.00e+00	0.00e+00	0.00e+00	0.00e+00
 2.31447e+21	9.64e-01	3.55e-02	2.69e-05	4.66e-07	0.00e+00	0.00e+00	0.00e+00	0.00e+00
 2.39328e+21	9.67e-01	3.32e-02	2.57e-05	4.28e-07	0.00e+00	0.00e+00	0.00e+00	0.00e+00
 2.47057e+21	9.69e-01	3.10e-02	2.46e-05	3.94e-07	0.00e+00	0.00e+00	0.00e+00	0.00e+00
 2.54609e+21	9.71e-01	2.90e-02	2.36e-05	3.64e-07	0.00e+00	0.00e+00	0.00e+00	0.00e+00
 2.61909e+21	9.73e-01	2.72e-02	2.26e-05	3.37e-07	0.00e+00	0.00e+00	0.00e+00	0.00e+00
 2.68881e+21	9.74e-01	2.55e-02	2.18e-05	3.13e-07	0.00e+00	0.00e+00	0.00e+00	0.00e+00
 2.75492e+21	9.76e-01	2.40e-02	2.10e-05	2.92e-07	0.00e+00	0.00e+00	0.00e+00	0.00e+00
 2.81759e+21	9.77e-01	2.26e-02	2.03e-05	2.73e-07	0.00e+00	0.00e+00	0.00e+00	0.00e+00
