#depth	He	He+	He+2
 3.99586e+15	2.63e-03	3.20e-01	6.78e-01
 2.39752e+16	2.63e-03	3.19e-01	6.78e-01
 1.03892e+17	2.61e-03	3.20e-01	6.78e-01
 4.23562e+17	2.58e-03	3.22e-01	6.75e-01
 1.01175e+18	2.48e-03	3.22e-01	6.76e-01
 1.77640e+18	2.43e-03	3.26e-01	6.71e-01
 2.77044e+18	2.44e-03	3.37e-01	6.61e-01
 4.06270e+18	2.53e-03	3.55e-01	6.43e-01
 5.74263e+18	2.74e-03	3.85e-01	6.12e-01
 7.74193e+18	3.08e-03	4.27e-01	5.69e-01
 1.00929e+19	3.68e-03	4.87e-01	5.09e-01
 1.20506e+19	4.21e-03	5.40e-01	4.56e-01
 1.31434e+19	4.61e-03	5.71e-01	4.25e-01
 1.39987e+19	4.96e-03	5.95e-01	4.00e-01
 1.49623e+19	5.42e-03	6.22e-01	3.73e-01
 1.59875e+19	5.93e-03	6.49e-01	3.45e-01
 1.68703e+19	6.36e-03	6.71e-01	3.22e-01
 1.77952e+19	6.95e-03	6.94e-01	2.99e-01
 1.87166e+19	7.50e-03	7.14e-01	2.78e-01
 1.94558e+19	7.97e-03	7.29e-01	2.63e-01
 2.02389e+19	8.60e-03	7.45e-01	2.46e-01
 2.10582e+19	9.24e-03	7.60e-01	2.31e-01
 2.17736e+19	9.87e-03	7.72e-01	2.18e-01
 2.24484e+19	1.05e-02	7.82e-01	2.07e-01
 2.32213e+19	1.14e-02	7.94e-01	1.95e-01
 2.40350e+19	1.23e-02	8.04e-01	1.83e-01
 2.47315e+19	1.33e-02	8.13e-01	1.74e-01
 2.53619e+19	1.43e-02	8.20e-01	1.66e-01
 2.60771e+19	1.56e-02	8.27e-01	1.57e-01
 2.68493e+19	1.72e-02	8.34e-01	1.49e-01
 2.75281e+19	1.88e-02	8.39e-01	1.42e-01
 2.81189e+19	2.05e-02	8.43e-01	1.37e-01
 2.87629e+19	2.26e-02	8.47e-01	1.31e-01
 2.94205e+19	2.52e-02	8.49e-01	1.25e-01
 2.99342e+19	2.76e-02	8.51e-01	1.21e-01
 3.03504e+19	2.98e-02	8.52e-01	1.18e-01
 3.08014e+19	3.27e-02	8.53e-01	1.15e-01
 3.12881e+19	3.59e-02	8.52e-01	1.12e-01
 3.17230e+19	3.95e-02	8.52e-01	1.09e-01
 3.21095e+19	4.30e-02	8.50e-01	1.07e-01
 3.25312e+19	4.74e-02	8.48e-01	1.04e-01
 3.29865e+19	5.29e-02	8.45e-01	1.02e-01
 3.33829e+19	5.82e-02	8.41e-01	1.01e-01
 3.37958e+19	6.47e-02	8.37e-01	9.87e-02
 3.42502e+19	7.28e-02	8.30e-01	9.68e-02
 3.46669e+19	8.10e-02	8.23e-01	9.57e-02
 3.50719e+19	9.03e-02	8.15e-01	9.44e-02
 3.55113e+19	1.01e-01	8.05e-01	9.33e-02
 3.59513e+19	1.14e-01	7.94e-01	9.23e-02
 3.63449e+19	1.27e-01	7.82e-01	9.14e-02
 3.66983e+19	1.39e-01	7.70e-01	9.07e-02
 3.70377e+19	1.52e-01	7.58e-01	9.00e-02
 3.73714e+19	1.66e-01	7.44e-01	8.93e-02
 3.76994e+19	1.81e-01	7.31e-01	8.86e-02
 3.80200e+19	1.96e-01	7.16e-01	8.78e-02
 3.82764e+19	2.08e-01	7.04e-01	8.73e-02
 3.84599e+19	2.18e-01	6.96e-01	8.67e-02
 3.86417e+19	2.27e-01	6.86e-01	8.62e-02
 3.88556e+19	2.39e-01	6.75e-01	8.54e-02
 3.90892e+19	2.52e-01	6.63e-01	8.45e-02
 3.93214e+19	2.65e-01	6.51e-01	8.37e-02
 3.95586e+19	2.79e-01	6.38e-01	8.27e-02
 3.98073e+19	2.94e-01	6.24e-01	8.17e-02
 4.00700e+19	3.10e-01	6.10e-01	8.03e-02
 4.03472e+19	3.26e-01	5.95e-01	7.90e-02
 4.06414e+19	3.43e-01	5.79e-01	7.75e-02
 4.09582e+19	3.61e-01	5.63e-01	7.58e-02
 4.13040e+19	3.81e-01	5.46e-01	7.38e-02
 4.16810e+19	4.00e-01	5.28e-01	7.18e-02
 4.20997e+19	4.20e-01	5.10e-01	6.95e-02
 4.25789e+19	4.41e-01	4.92e-01	6.70e-02
 4.31179e+19	4.61e-01	4.75e-01	6.42e-02
 4.36777e+19	4.78e-01	4.60e-01	6.17e-02
 4.42238e+19	4.93e-01	4.48e-01	5.94e-02
 4.48450e+19	5.07e-01	4.36e-01	5.69e-02
 4.56525e+19	5.22e-01	4.24e-01	5.40e-02
 4.67023e+19	5.38e-01	4.11e-01	5.07e-02
 4.80670e+19	5.55e-01	3.98e-01	4.70e-02
 4.98017e+19	5.73e-01	3.84e-01	4.30e-02
 5.18198e+19	5.91e-01	3.70e-01	3.90e-02
 5.39715e+19	6.08e-01	3.56e-01	3.54e-02
 5.62163e+19	6.25e-01	3.43e-01	3.21e-02
 5.85894e+19	6.41e-01	3.30e-01	2.91e-02
 6.11163e+19	6.57e-01	3.17e-01	2.64e-02
 6.37869e+19	6.72e-01	3.04e-01	2.39e-02
 6.65968e+19	6.87e-01	2.92e-01	2.16e-02
 6.95582e+19	7.01e-01	2.80e-01	1.95e-02
 7.26862e+19	7.15e-01	2.68e-01	1.77e-02
 7.59888e+19	7.28e-01	2.56e-01	1.60e-02
 7.94711e+19	7.41e-01	2.45e-01	1.44e-02
 8.31415e+19	7.53e-01	2.34e-01	1.30e-02
 8.70102e+19	7.65e-01	2.24e-01	1.17e-02
 9.10875e+19	7.76e-01	2.14e-01	1.06e-02
 9.53817e+19	7.87e-01	2.04e-01	9.56e-03
 9.99012e+19	7.97e-01	1.94e-01	8.62e-03
 1.04655e+20	8.07e-01	1.85e-01	7.77e-03
 1.09651e+20	8.16e-01	1.77e-01	7.01e-03
 1.14899e+20	8.25e-01	1.68e-01	6.31e-03
 1.20394e+20	8.34e-01	1.60e-01	5.70e-03
 1.26158e+20	8.42e-01	1.53e-01	5.14e-03
 1.32187e+20	8.50e-01	1.45e-01	4.63e-03
 1.38496e+20	8.57e-01	1.38e-01	4.18e-03
 1.45119e+20	8.64e-01	1.32e-01	3.77e-03
 1.52023e+20	8.71e-01	1.25e-01	3.40e-03
 1.59223e+20	8.78e-01	1.19e-01	3.06e-03
 1.66761e+20	8.84e-01	1.14e-01	2.76e-03
 1.74576e+20	8.89e-01	1.08e-01	2.49e-03
 1.82662e+20	8.95e-01	1.03e-01	2.26e-03
 1.91012e+20	9.00e-01	9.81e-02	2.04e-03
 1.99744e+20	9.05e-01	9.34e-02	1.84e-03
 2.08899e+20	9.09e-01	8.89e-02	1.66e-03
 2.18286e+20	9.14e-01	8.47e-02	1.51e-03
 2.27882e+20	9.18e-01	8.08e-02	1.36e-03
 2.37812e+20	9.22e-01	7.70e-02	1.23e-03
 2.48087e+20	9.26e-01	7.34e-02	1.12e-03
 2.58628e+20	9.29e-01	7.00e-02	1.01e-03
 2.69452e+20	9.32e-01	6.67e-02	9.18e-04
 2.80663e+20	9.36e-01	6.36e-02	8.33e-04
 2.92216e+20	9.39e-01	6.07e-02	7.56e-04
 3.03919e+20	9.41e-01	5.80e-02	6.87e-04
 3.15845e+20	9.44e-01	5.54e-02	6.25e-04
 3.28131e+20	9.46e-01	5.30e-02	5.68e-04
 3.40767e+20	9.49e-01	5.06e-02	5.17e-04
 3.53691e+20	9.51e-01	4.83e-02	4.70e-04
 3.66852e+20	9.53e-01	4.62e-02	4.28e-04
 3.80000e+20	9.55e-01	4.42e-02	3.91e-04
 3.92818e+20	9.57e-01	4.24e-02	3.59e-04
 4.05247e+20	9.59e-01	4.08e-02	3.31e-04
 4.17343e+20	9.60e-01	3.93e-02	3.07e-04
 4.29094e+20	9.62e-01	3.80e-02	2.86e-04
 4.40447e+20	9.63e-01	3.68e-02	2.67e-04
 4.51344e+20	9.64e-01	3.56e-02	2.50e-04
 4.61738e+20	9.65e-01	3.46e-02	2.36e-04
 4.71623e+20	9.66e-01	3.37e-02	2.23e-04
 4.81013e+20	9.67e-01	3.29e-02	2.12e-04
 4.89908e+20	9.68e-01	3.22e-02	2.02e-04
 4.98291e+20	9.68e-01	3.16e-02	1.94e-04
