#depth	N	N+	N+2	N+3	N+4	N+5	N+6	N+7
 5.06708e+16	7.17e-07	1.81e-03	2.41e-01	5.66e-01	1.70e-01	2.15e-02	1.60e-05	0.00e+00
 3.04025e+17	7.15e-07	1.80e-03	2.41e-01	5.66e-01	1.70e-01	2.15e-02	1.59e-05	0.00e+00
 1.31744e+18	7.15e-07	1.81e-03	2.42e-01	5.66e-01	1.69e-01	2.12e-02	1.57e-05	0.00e+00
 5.37111e+18	7.22e-07	1.83e-03	2.48e-01	5.66e-01	1.64e-01	2.03e-02	1.49e-05	0.00e+00
 1.28299e+19	7.22e-07	1.84e-03	2.55e-01	5.67e-01	1.57e-01	1.88e-02	1.35e-05	0.00e+00
 2.05274e+19	7.31e-07	1.87e-03	2.63e-01	5.67e-01	1.51e-01	1.75e-02	1.24e-05	0.00e+00
 2.71625e+19	7.57e-07	1.91e-03	2.70e-01	5.66e-01	1.45e-01	1.64e-02	1.15e-05	0.00e+00
 3.44152e+19	8.04e-07	1.99e-03	2.81e-01	5.63e-01	1.39e-01	1.51e-02	1.05e-05	0.00e+00
 4.38437e+19	8.77e-07	2.12e-03	2.95e-01	5.59e-01	1.30e-01	1.37e-02	9.39e-06	0.00e+00
 5.61008e+19	9.89e-07	2.30e-03	3.16e-01	5.51e-01	1.19e-01	1.19e-02	8.06e-06	0.00e+00
 6.96027e+19	1.12e-06	2.51e-03	3.39e-01	5.41e-01	1.07e-01	1.02e-02	6.85e-06	0.00e+00
 8.17073e+19	1.25e-06	2.72e-03	3.62e-01	5.29e-01	9.71e-02	8.87e-03	5.91e-06	0.00e+00
 9.20696e+19	1.39e-06	2.93e-03	3.83e-01	5.18e-01	8.84e-02	7.79e-03	5.18e-06	0.00e+00
 1.01354e+20	1.53e-06	3.15e-03	4.03e-01	5.07e-01	8.05e-02	6.87e-03	4.56e-06	0.00e+00
 1.10017e+20	1.68e-06	3.37e-03	4.22e-01	4.95e-01	7.33e-02	6.06e-03	4.01e-06	0.00e+00
 1.18247e+20	1.84e-06	3.60e-03	4.41e-01	4.83e-01	6.65e-02	5.34e-03	3.53e-06	0.00e+00
 1.26089e+20	2.02e-06	3.84e-03	4.59e-01	4.72e-01	6.02e-02	4.68e-03	3.10e-06	0.00e+00
 1.33581e+20	2.21e-06	4.09e-03	4.77e-01	4.61e-01	5.43e-02	4.10e-03	2.71e-06	0.00e+00
 1.40787e+20	2.42e-06	4.36e-03	4.94e-01	4.50e-01	4.88e-02	3.58e-03	2.35e-06	0.00e+00
 1.47771e+20	2.65e-06	4.64e-03	5.09e-01	4.39e-01	4.37e-02	3.11e-03	2.04e-06	0.00e+00
 1.54624e+20	2.90e-06	4.95e-03	5.24e-01	4.29e-01	3.90e-02	2.69e-03	1.76e-06	0.00e+00
 1.61426e+20	3.19e-06	5.27e-03	5.39e-01	4.19e-01	3.45e-02	2.32e-03	1.50e-06	0.00e+00
 1.69237e+20	3.57e-06	5.69e-03	5.55e-01	4.08e-01	2.98e-02	1.94e-03	1.23e-06	0.00e+00
 1.77463e+20	4.02e-06	6.15e-03	5.70e-01	3.97e-01	2.54e-02	1.61e-03	1.01e-06	0.00e+00
 1.84580e+20	4.46e-06	6.58e-03	5.83e-01	3.87e-01	2.21e-02	1.38e-03	8.43e-07	0.00e+00
 1.92181e+20	5.03e-06	7.10e-03	5.96e-01	3.77e-01	1.89e-02	1.16e-03	6.90e-07	0.00e+00
 2.00480e+20	5.71e-06	7.67e-03	6.08e-01	3.67e-01	1.60e-02	9.76e-04	5.62e-07	0.00e+00
 2.08232e+20	6.42e-06	8.24e-03	6.19e-01	3.58e-01	1.38e-02	8.40e-04	4.68e-07	0.00e+00
 2.16851e+20	7.36e-06	8.95e-03	6.31e-01	3.48e-01	1.16e-02	7.16e-04	3.83e-07	0.00e+00
 2.28056e+20	8.77e-06	9.91e-03	6.45e-01	3.35e-01	9.47e-03	5.95e-04	3.00e-07	0.00e+00
 2.39947e+20	1.04e-05	1.10e-02	6.58e-01	3.23e-01	7.79e-03	5.03e-04	2.39e-07	0.00e+00
 2.50591e+20	1.22e-05	1.20e-02	6.68e-01	3.12e-01	6.63e-03	4.38e-04	1.97e-07	0.00e+00
 2.62292e+20	1.46e-05	1.33e-02	6.80e-01	3.01e-01	5.58e-03	3.79e-04	1.60e-07	0.00e+00
 2.77504e+20	1.84e-05	1.52e-02	6.94e-01	2.86e-01	4.55e-03	3.16e-04	1.23e-07	0.00e+00
 2.90355e+20	2.22e-05	1.70e-02	7.04e-01	2.74e-01	3.95e-03	2.75e-04	0.00e+00	0.00e+00
 2.97330e+20	2.46e-05	1.80e-02	7.10e-01	2.68e-01	3.66e-03	2.55e-04	0.00e+00	0.00e+00
 3.03591e+20	2.74e-05	1.92e-02	7.16e-01	2.61e-01	3.40e-03	2.36e-04	0.00e+00	0.00e+00
 3.11730e+20	3.13e-05	2.08e-02	7.23e-01	2.53e-01	3.10e-03	2.14e-04	0.00e+00	0.00e+00
 3.20628e+20	3.63e-05	2.27e-02	7.30e-01	2.44e-01	2.82e-03	1.92e-04	0.00e+00	0.00e+00
 3.28569e+20	4.17e-05	2.47e-02	7.37e-01	2.35e-01	2.60e-03	1.74e-04	0.00e+00	0.00e+00
 3.35612e+20	4.73e-05	2.67e-02	7.43e-01	2.28e-01	2.41e-03	1.59e-04	0.00e+00	0.00e+00
 3.43435e+20	5.48e-05	2.92e-02	7.50e-01	2.19e-01	2.22e-03	1.42e-04	0.00e+00	0.00e+00
 3.51732e+20	6.44e-05	3.23e-02	7.57e-01	2.09e-01	2.03e-03	1.26e-04	0.00e+00	0.00e+00
 3.58797e+20	7.40e-05	3.52e-02	7.62e-01	2.00e-01	1.89e-03	1.13e-04	0.00e+00	0.00e+00
 3.65011e+20	8.44e-05	3.82e-02	7.67e-01	1.92e-01	1.77e-03	1.03e-04	0.00e+00	0.00e+00
 3.71968e+20	9.84e-05	4.21e-02	7.73e-01	1.83e-01	1.64e-03	9.11e-05	0.00e+00	0.00e+00
 3.79411e+20	1.17e-04	4.68e-02	7.78e-01	1.73e-01	1.50e-03	7.98e-05	0.00e+00	0.00e+00
 3.85825e+20	1.35e-04	5.15e-02	7.82e-01	1.65e-01	1.40e-03	7.09e-05	0.00e+00	0.00e+00
 3.91512e+20	1.56e-04	5.63e-02	7.86e-01	1.56e-01	1.31e-03	6.33e-05	0.00e+00	0.00e+00
 3.97918e+20	1.85e-04	6.26e-02	7.89e-01	1.47e-01	1.21e-03	5.51e-05	0.00e+00	0.00e+00
 4.04749e+20	2.21e-04	7.02e-02	7.92e-01	1.37e-01	1.10e-03	4.74e-05	0.00e+00	0.00e+00
 4.10607e+20	2.61e-04	7.78e-02	7.93e-01	1.28e-01	1.02e-03	4.12e-05	0.00e+00	0.00e+00
 4.15784e+20	3.03e-04	8.56e-02	7.93e-01	1.20e-01	9.50e-04	3.62e-05	0.00e+00	0.00e+00
 4.21607e+20	3.64e-04	9.59e-02	7.92e-01	1.11e-01	8.70e-04	3.08e-05	0.00e+00	0.00e+00
 4.27856e+20	4.42e-04	1.08e-01	7.89e-01	1.01e-01	7.90e-04	2.58e-05	0.00e+00	0.00e+00
 4.33296e+20	5.30e-04	1.21e-01	7.85e-01	9.26e-02	7.22e-04	2.18e-05	0.00e+00	0.00e+00
 4.38126e+20	6.28e-04	1.35e-01	7.79e-01	8.50e-02	6.63e-04	1.86e-05	0.00e+00	0.00e+00
 4.43530e+20	7.67e-04	1.52e-01	7.70e-01	7.63e-02	5.97e-04	1.53e-05	0.00e+00	0.00e+00
 4.49198e+20	9.51e-04	1.74e-01	7.57e-01	6.76e-02	5.33e-04	1.23e-05	0.00e+00	0.00e+00
 4.53890e+20	1.14e-03	1.94e-01	7.44e-01	6.05e-02	4.81e-04	1.02e-05	0.00e+00	0.00e+00
 4.57954e+20	1.35e-03	2.14e-01	7.30e-01	5.44e-02	4.37e-04	8.52e-06	0.00e+00	0.00e+00
 4.62521e+20	1.65e-03	2.41e-01	7.10e-01	4.76e-02	3.88e-04	6.81e-06	0.00e+00	0.00e+00
 4.67349e+20	2.03e-03	2.72e-01	6.85e-01	4.09e-02	3.40e-04	5.33e-06	0.00e+00	0.00e+00
 4.71437e+20	2.44e-03	3.02e-01	6.59e-01	3.54e-02	3.00e-04	4.23e-06	0.00e+00	0.00e+00
 4.74991e+20	2.89e-03	3.32e-01	6.34e-01	3.08e-02	2.66e-04	3.41e-06	0.00e+00	0.00e+00
 4.78929e+20	3.52e-03	3.70e-01	6.01e-01	2.59e-02	2.30e-04	2.61e-06	0.00e+00	0.00e+00
 4.83116e+20	4.34e-03	4.13e-01	5.61e-01	2.12e-02	1.94e-04	1.93e-06	0.00e+00	0.00e+00
 4.86676e+20	5.22e-03	4.53e-01	5.24e-01	1.75e-02	1.65e-04	1.45e-06	0.00e+00	0.00e+00
 4.89786e+20	6.16e-03	4.92e-01	4.88e-01	1.46e-02	1.41e-04	1.11e-06	0.00e+00	0.00e+00
 4.93261e+20	7.45e-03	5.38e-01	4.43e-01	1.15e-02	1.16e-04	7.94e-07	0.00e+00	0.00e+00
 4.96989e+20	9.16e-03	5.89e-01	3.93e-01	8.75e-03	9.20e-05	5.38e-07	0.00e+00	0.00e+00
 5.00204e+20	1.10e-02	6.34e-01	3.48e-01	6.70e-03	7.35e-05	3.71e-07	0.00e+00	0.00e+00
 5.02739e+20	1.27e-02	6.70e-01	3.12e-01	5.34e-03	6.06e-05	2.71e-07	0.00e+00	0.00e+00
 5.04832e+20	1.44e-02	6.99e-01	2.82e-01	4.33e-03	5.08e-05	2.04e-07	0.00e+00	0.00e+00
 5.07152e+20	1.66e-02	7.32e-01	2.48e-01	3.36e-03	4.09e-05	1.44e-07	0.00e+00	0.00e+00
 5.09620e+20	1.94e-02	7.65e-01	2.13e-01	2.51e-03	3.19e-05	0.00e+00	0.00e+00	0.00e+00
 5.11687e+20	2.20e-02	7.91e-01	1.85e-01	1.94e-03	2.55e-05	0.00e+00	0.00e+00	0.00e+00
 5.13438e+20	2.46e-02	8.11e-01	1.63e-01	1.53e-03	2.08e-05	0.00e+00	0.00e+00	0.00e+00
 5.15374e+20	2.80e-02	8.32e-01	1.39e-01	1.16e-03	1.63e-05	0.00e+00	0.00e+00	0.00e+00
 5.17461e+20	3.22e-02	8.51e-01	1.16e-01	8.47e-04	1.23e-05	0.00e+00	0.00e+00	0.00e+00
 5.19263e+20	3.66e-02	8.65e-01	9.75e-02	6.36e-04	9.53e-06	0.00e+00	0.00e+00	0.00e+00
 5.20806e+20	4.07e-02	8.75e-01	8.35e-02	4.95e-04	7.59e-06	0.00e+00	0.00e+00	0.00e+00
 5.22494e+20	4.62e-02	8.84e-01	6.93e-02	3.70e-04	5.78e-06	0.00e+00	0.00e+00	0.00e+00
 5.24338e+20	5.31e-02	8.91e-01	5.59e-02	2.69e-04	4.24e-06	0.00e+00	0.00e+00	0.00e+00
 5.25982e+20	6.04e-02	8.94e-01	4.56e-02	2.02e-04	3.17e-06	0.00e+00	0.00e+00	0.00e+00
 5.27453e+20	6.83e-02	8.94e-01	3.74e-02	1.56e-04	2.41e-06	0.00e+00	0.00e+00	0.00e+00
 5.29101e+20	7.88e-02	8.92e-01	2.95e-02	1.16e-04	1.74e-06	0.00e+00	0.00e+00	0.00e+00
 5.30892e+20	9.18e-02	8.85e-01	2.27e-02	8.72e-05	1.21e-06	0.00e+00	0.00e+00	0.00e+00
 5.32525e+20	1.07e-01	8.76e-01	1.76e-02	6.78e-05	8.61e-07	0.00e+00	0.00e+00	0.00e+00
 5.34005e+20	1.23e-01	8.64e-01	1.37e-02	5.48e-05	6.21e-07	0.00e+00	0.00e+00	0.00e+00
 5.35381e+20	1.39e-01	8.50e-01	1.08e-02	4.58e-05	4.57e-07	0.00e+00	0.00e+00	0.00e+00
 5.36664e+20	1.58e-01	8.33e-01	8.55e-03	3.92e-05	3.39e-07	0.00e+00	0.00e+00	0.00e+00
 5.37893e+20	1.78e-01	8.15e-01	6.79e-03	3.42e-05	2.53e-07	0.00e+00	0.00e+00	0.00e+00
 5.39031e+20	2.00e-01	7.95e-01	5.45e-03	3.04e-05	1.93e-07	0.00e+00	0.00e+00	0.00e+00
 5.40047e+20	2.20e-01	7.75e-01	4.44e-03	2.75e-05	1.50e-07	0.00e+00	0.00e+00	0.00e+00
 5.40982e+20	2.41e-01	7.55e-01	3.67e-03	2.51e-05	0.00e+00	0.00e+00	0.00e+00	0.00e+00
 5.41847e+20	2.63e-01	7.34e-01	3.06e-03	2.32e-05	0.00e+00	0.00e+00	0.00e+00	0.00e+00
 5.42523e+20	2.79e-01	7.18e-01	2.66e-03	2.19e-05	0.00e+00	0.00e+00	0.00e+00	0.00e+00
 5.42984e+20	2.91e-01	7.06e-01	2.41e-03	2.10e-05	0.00e+00	0.00e+00	0.00e+00	0.00e+00
 5.43424e+20	3.04e-01	6.94e-01	2.19e-03	2.02e-05	0.00e+00	0.00e+00	0.00e+00	0.00e+00
 5.43924e+20	3.19e-01	6.79e-01	1.95e-03	1.93e-05	0.00e+00	0.00e+00	0.00e+00	0.00e+00
 5.44456e+20	3.35e-01	6.64e-01	1.73e-03	1.84e-05	0.00e+00	0.00e+00	0.00e+00	0.00e+00
 5.44964e+20	3.50e-01	6.49e-01	1.55e-03	1.76e-05	0.00e+00	0.00e+00	0.00e+00	0.00e+00
 5.45460e+20	3.66e-01	6.33e-01	1.38e-03	1.69e-05	0.00e+00	0.00e+00	0.00e+00	0.00e+00
 5.45957e+20	3.81e-01	6.17e-01	1.23e-03	1.62e-05	0.00e+00	0.00e+00	0.00e+00	0.00e+00
 5.46455e+20	3.98e-01	6.01e-01	1.10e-03	1.55e-05	0.00e+00	0.00e+00	0.00e+00	0.00e+00
 5.46953e+20	4.14e-01	5.85e-01	9.80e-04	1.48e-05	0.00e+00	0.00e+00	0.00e+00	0.00e+00
 5.47455e+20	4.31e-01	5.68e-01	8.72e-04	1.41e-05	0.00e+00	0.00e+00	0.00e+00	0.00e+00
 5.47960e+20	4.49e-01	5.51e-01	7.75e-04	1.35e-05	0.00e+00	0.00e+00	0.00e+00	0.00e+00
 5.48453e+20	4.65e-01	5.34e-01	6.93e-04	1.29e-05	0.00e+00	0.00e+00	0.00e+00	0.00e+00
 5.48947e+20	4.82e-01	5.17e-01	6.18e-04	1.23e-05	0.00e+00	0.00e+00	0.00e+00	0.00e+00
 5.49449e+20	4.99e-01	5.00e-01	5.52e-04	1.18e-05	0.00e+00	0.00e+00	0.00e+00	0.00e+00
 5.49954e+20	5.17e-01	4.83e-01	4.93e-04	1.12e-05	0.00e+00	0.00e+00	0.00e+00	0.00e+00
 5.50459e+20	5.33e-01	4.66e-01	4.42e-04	1.07e-05	0.00e+00	0.00e+00	0.00e+00	0.00e+00
 5.50969e+20	5.51e-01	4.49e-01	3.95e-04	1.02e-05	0.00e+00	0.00e+00	0.00e+00	0.00e+00
 5.51484e+20	5.67e-01	4.33e-01	3.55e-04	9.77e-06	0.00e+00	0.00e+00	0.00e+00	0.00e+00
 5.52007e+20	5.84e-01	4.16e-01	3.19e-04	9.32e-06	0.00e+00	0.00e+00	0.00e+00	0.00e+00
 5.52544e+20	6.00e-01	4.00e-01	2.87e-04	8.88e-06	0.00e+00	0.00e+00	0.00e+00	0.00e+00
 5.53078e+20	6.16e-01	3.84e-01	2.60e-04	8.47e-06	0.00e+00	0.00e+00	0.00e+00	0.00e+00
 5.53622e+20	6.31e-01	3.69e-01	2.36e-04	8.07e-06	0.00e+00	0.00e+00	0.00e+00	0.00e+00
 5.54184e+20	6.47e-01	3.53e-01	2.15e-04	7.69e-06	0.00e+00	0.00e+00	0.00e+00	0.00e+00
 5.54760e+20	6.61e-01	3.39e-01	1.97e-04	7.33e-06	0.00e+00	0.00e+00	0.00e+00	0.00e+00
 5.55337e+20	6.75e-01	3.25e-01	1.81e-04	7.00e-06	0.00e+00	0.00e+00	0.00e+00	0.00e+00
 5.55918e+20	6.88e-01	3.12e-01	1.68e-04	6.69e-06	0.00e+00	0.00e+00	0.00e+00	0.00e+00
 5.56512e+20	7.00e-01	3.00e-01	1.56e-04	6.40e-06	0.00e+00	0.00e+00	0.00e+00	0.00e+00
 5.57127e+20	7.12e-01	2.88e-01	1.46e-04	6.14e-06	0.00e+00	0.00e+00	0.00e+00	0.00e+00
 5.57765e+20	7.23e-01	2.77e-01	1.37e-04	5.89e-06	0.00e+00	0.00e+00	0.00e+00	0.00e+00
 5.58426e+20	7.33e-01	2.67e-01	1.30e-04	5.66e-06	0.00e+00	0.00e+00	0.00e+00	0.00e+00
 5.59126e+20	7.43e-01	2.57e-01	1.23e-04	5.45e-06	0.00e+00	0.00e+00	0.00e+00	0.00e+00
 5.59882e+20	7.52e-01	2.48e-01	1.18e-04	5.25e-06	0.00e+00	0.00e+00	0.00e+00	0.00e+00
 5.60700e+20	7.60e-01	2.40e-01	1.13e-04	5.07e-06	0.00e+00	0.00e+00	0.00e+00	0.00e+00
 5.61596e+20	7.68e-01	2.32e-01	1.09e-04	4.91e-06	0.00e+00	0.00e+00	0.00e+00	0.00e+00
 5.62611e+20	7.75e-01	2.25e-01	1.05e-04	4.75e-06	0.00e+00	0.00e+00	0.00e+00	0.00e+00
 5.63782e+20	7.82e-01	2.18e-01	1.02e-04	4.62e-06	0.00e+00	0.00e+00	0.00e+00	0.00e+00
 5.65025e+20	7.87e-01	2.13e-01	9.93e-05	4.51e-06	0.00e+00	0.00e+00	0.00e+00	0.00e+00
 5.66253e+20	7.91e-01	2.09e-01	9.76e-05	4.43e-06	0.00e+00	0.00e+00	0.00e+00	0.00e+00
 5.67469e+20	7.94e-01	2.06e-01	9.63e-05	4.37e-06	0.00e+00	0.00e+00	0.00e+00	0.00e+00
 5.68676e+20	7.96e-01	2.04e-01	9.53e-05	4.32e-06	0.00e+00	0.00e+00	0.00e+00	0.00e+00
 5.69876e+20	7.99e-01	2.01e-01	9.44e-05	4.27e-06	0.00e+00	0.00e+00	0.00e+00	0.00e+00
 5.71070e+20	8.00e-01	2.00e-01	9.38e-05	4.25e-06	0.00e+00	0.00e+00	0.00e+00	0.00e+00
 5.72440e+20	8.02e-01	1.98e-01	9.31e-05	4.22e-06	0.00e+00	0.00e+00	0.00e+00	0.00e+00
 5.74222e+20	8.04e-01	1.96e-01	9.23e-05	4.17e-06	0.00e+00	0.00e+00	0.00e+00	0.00e+00
 5.76538e+20	8.05e-01	1.95e-01	9.17e-05	4.14e-06	0.00e+00	0.00e+00	0.00e+00	0.00e+00
 5.79549e+20	8.07e-01	1.93e-01	9.08e-05	4.09e-06	0.00e+00	0.00e+00	0.00e+00	0.00e+00
 5.83463e+20	8.10e-01	1.90e-01	8.97e-05	4.04e-06	0.00e+00	0.00e+00	0.00e+00	0.00e+00
 5.88551e+20	8.13e-01	1.87e-01	8.84e-05	3.97e-06	0.00e+00	0.00e+00	0.00e+00	0.00e+00
 5.95166e+20	8.17e-01	1.83e-01	8.68e-05	3.88e-06	0.00e+00	0.00e+00	0.00e+00	0.00e+00
 6.03765e+20	8.22e-01	1.78e-01	8.49e-05	3.77e-06	0.00e+00	0.00e+00	0.00e+00	0.00e+00
 6.14944e+20	8.28e-01	1.72e-01	8.26e-05	3.64e-06	0.00e+00	0.00e+00	0.00e+00	0.00e+00
 6.29477e+20	8.35e-01	1.65e-01	7.99e-05	3.49e-06	0.00e+00	0.00e+00	0.00e+00	0.00e+00
 6.46522e+20	8.43e-01	1.57e-01	7.72e-05	3.32e-06	0.00e+00	0.00e+00	0.00e+00	0.00e+00
 6.64016e+20	8.50e-01	1.50e-01	7.47e-05	3.17e-06	0.00e+00	0.00e+00	0.00e+00	0.00e+00
 6.81308e+20	8.57e-01	1.43e-01	7.24e-05	3.03e-06	0.00e+00	0.00e+00	0.00e+00	0.00e+00
 6.98899e+20	8.64e-01	1.36e-01	7.03e-05	2.90e-06	0.00e+00	0.00e+00	0.00e+00	0.00e+00
 7.17252e+20	8.70e-01	1.30e-01	6.83e-05	2.76e-06	0.00e+00	0.00e+00	0.00e+00	0.00e+00
 7.36385e+20	8.76e-01	1.24e-01	6.64e-05	2.64e-06	0.00e+00	0.00e+00	0.00e+00	0.00e+00
 7.56039e+20	8.82e-01	1.18e-01	6.46e-05	2.52e-06	0.00e+00	0.00e+00	0.00e+00	0.00e+00
 7.76158e+20	8.87e-01	1.12e-01	6.28e-05	2.40e-06	0.00e+00	0.00e+00	0.00e+00	0.00e+00
 7.97129e+20	8.93e-01	1.07e-01	6.12e-05	2.29e-06	0.00e+00	0.00e+00	0.00e+00	0.00e+00
 8.19033e+20	8.98e-01	1.02e-01	5.95e-05	2.18e-06	0.00e+00	0.00e+00	0.00e+00	0.00e+00
 8.41622e+20	9.03e-01	9.67e-02	5.79e-05	2.08e-06	0.00e+00	0.00e+00	0.00e+00	0.00e+00
 8.64893e+20	9.08e-01	9.17e-02	5.64e-05	1.98e-06	0.00e+00	0.00e+00	0.00e+00	0.00e+00
 8.88959e+20	9.13e-01	8.69e-02	5.49e-05	1.88e-06	0.00e+00	0.00e+00	0.00e+00	0.00e+00
 9.13880e+20	9.18e-01	8.23e-02	5.34e-05	1.78e-06	0.00e+00	0.00e+00	0.00e+00	0.00e+00
 9.39646e+20	9.22e-01	7.79e-02	5.20e-05	1.69e-06	0.00e+00	0.00e+00	0.00e+00	0.00e+00
 9.66237e+20	9.26e-01	7.37e-02	5.06e-05	1.60e-06	0.00e+00	0.00e+00	0.00e+00	0.00e+00
 9.93567e+20	9.30e-01	6.97e-02	4.92e-05	1.52e-06	0.00e+00	0.00e+00	0.00e+00	0.00e+00
 1.02115e+21	9.34e-01	6.58e-02	4.79e-05	1.44e-06	0.00e+00	0.00e+00	0.00e+00	0.00e+00
 1.04847e+21	9.38e-01	6.23e-02	4.67e-05	1.36e-06	0.00e+00	0.00e+00	0.00e+00	0.00e+00
 1.07536e+21	9.41e-01	5.90e-02	4.55e-05	1.30e-06	0.00e+00	0.00e+00	0.00e+00	0.00e+00
 1.10176e+21	9.44e-01	5.60e-02	4.44e-05	1.24e-06	0.00e+00	0.00e+00	0.00e+00	0.00e+00
 1.12760e+21	9.47e-01	5.33e-02	4.34e-05	1.18e-06	0.00e+00	0.00e+00	0.00e+00	0.00e+00
 1.15278e+21	9.49e-01	5.07e-02	4.24e-05	1.13e-06	0.00e+00	0.00e+00	0.00e+00	0.00e+00
 1.17716e+21	9.52e-01	4.83e-02	4.15e-05	1.08e-06	0.00e+00	0.00e+00	0.00e+00	0.00e+00
 1.20067e+21	9.54e-01	4.62e-02	4.07e-05	1.04e-06	0.00e+00	0.00e+00	0.00e+00	0.00e+00
