#depth	O	O+	O+2	O+3	O+4	O+5	O+6	O+7	O+8	O[1]	O[2]	O[3]
 1.20935e+18	2.97e-07	1.73e-04	3.28e-02	3.89e-01	4.14e-01	1.40e-01	2.41e-02	2.61e-05	0.00e+00	2.97e-07	2.28e-12	2.54e-12
 7.25611e+18	2.95e-07	1.74e-04	3.30e-02	3.90e-01	4.14e-01	1.39e-01	2.39e-02	2.59e-05	0.00e+00	2.95e-07	2.26e-12	2.52e-12
 3.14431e+19	2.88e-07	1.74e-04	3.35e-02	3.92e-01	4.13e-01	1.38e-01	2.36e-02	2.55e-05	0.00e+00	2.88e-07	2.20e-12	2.45e-12
 1.28191e+20	2.67e-07	1.75e-04	3.55e-02	3.99e-01	4.09e-01	1.34e-01	2.25e-02	2.41e-05	0.00e+00	2.67e-07	2.05e-12	2.28e-12
 3.06208e+20	2.24e-07	1.73e-04	3.85e-02	4.09e-01	4.01e-01	1.30e-01	2.12e-02	2.27e-05	0.00e+00	2.24e-07	1.71e-12	1.90e-12
 5.37629e+20	2.19e-07	1.87e-04	4.33e-02	4.24e-01	3.91e-01	1.23e-01	1.95e-02	2.04e-05	0.00e+00	2.19e-07	1.67e-12	1.86e-12
 8.38477e+20	2.36e-07	2.18e-04	5.10e-02	4.42e-01	3.77e-01	1.13e-01	1.71e-02	1.75e-05	0.00e+00	2.36e-07	1.80e-12	2.01e-12
 1.15753e+21	2.58e-07	2.57e-04	6.02e-02	4.60e-01	3.61e-01	1.04e-01	1.50e-02	1.48e-05	0.00e+00	2.58e-07	1.96e-12	2.20e-12
 1.43245e+21	2.91e-07	3.04e-04	7.01e-02	4.74e-01	3.47e-01	9.52e-02	1.32e-02	1.27e-05	0.00e+00	2.91e-07	2.21e-12	2.48e-12
 1.67656e+21	3.35e-07	3.62e-04	8.11e-02	4.87e-01	3.33e-01	8.74e-02	1.17e-02	1.09e-05	0.00e+00	3.35e-07	2.54e-12	2.85e-12
 1.91084e+21	3.92e-07	4.35e-04	9.39e-02	4.98e-01	3.18e-01	7.98e-02	1.02e-02	9.28e-06	0.00e+00	3.92e-07	2.97e-12	3.33e-12
 2.13439e+21	4.63e-07	5.22e-04	1.09e-01	5.07e-01	3.02e-01	7.25e-02	8.91e-03	7.89e-06	0.00e+00	4.63e-07	3.50e-12	3.93e-12
 2.33995e+21	5.48e-07	6.25e-04	1.25e-01	5.14e-01	2.87e-01	6.58e-02	7.79e-03	6.73e-06	0.00e+00	5.48e-07	4.15e-12	4.65e-12
 2.52948e+21	6.50e-07	7.46e-04	1.43e-01	5.19e-01	2.71e-01	5.96e-02	6.80e-03	5.74e-06	0.00e+00	6.50e-07	4.92e-12	5.52e-12
 2.70791e+21	7.76e-07	8.89e-04	1.63e-01	5.22e-01	2.55e-01	5.37e-02	5.91e-03	4.88e-06	0.00e+00	7.76e-07	5.87e-12	6.59e-12
 2.87809e+21	9.32e-07	1.06e-03	1.86e-01	5.22e-01	2.38e-01	4.81e-02	5.11e-03	4.13e-06	0.00e+00	9.32e-07	7.05e-12	7.92e-12
 3.03035e+21	1.11e-06	1.24e-03	2.09e-01	5.20e-01	2.23e-01	4.32e-02	4.44e-03	3.52e-06	0.00e+00	1.11e-06	8.37e-12	9.39e-12
 3.15629e+21	1.28e-06	1.42e-03	2.30e-01	5.16e-01	2.09e-01	3.92e-02	3.92e-03	3.06e-06	0.00e+00	1.28e-06	9.69e-12	1.09e-11
 3.26903e+21	1.49e-06	1.62e-03	2.53e-01	5.11e-01	1.96e-01	3.55e-02	3.46e-03	2.66e-06	0.00e+00	1.49e-06	1.13e-11	1.26e-11
 3.39754e+21	1.74e-06	1.86e-03	2.81e-01	5.02e-01	1.81e-01	3.14e-02	2.97e-03	2.24e-06	0.00e+00	1.74e-06	1.31e-11	1.47e-11
 3.53587e+21	2.10e-06	2.19e-03	3.14e-01	4.91e-01	1.64e-01	2.72e-02	2.48e-03	1.84e-06	0.00e+00	2.10e-06	1.59e-11	1.78e-11
 3.65159e+21	2.49e-06	2.52e-03	3.44e-01	4.78e-01	1.50e-01	2.38e-02	2.11e-03	1.53e-06	0.00e+00	2.49e-06	1.88e-11	2.11e-11
 3.74566e+21	2.97e-06	2.89e-03	3.72e-01	4.65e-01	1.37e-01	2.11e-02	1.81e-03	1.29e-06	0.00e+00	2.97e-06	2.24e-11	2.51e-11
 3.83125e+21	3.32e-06	3.17e-03	3.97e-01	4.53e-01	1.27e-01	1.88e-02	1.58e-03	1.12e-06	0.00e+00	3.32e-06	2.51e-11	2.81e-11
 3.92680e+21	4.00e-06	3.64e-03	4.29e-01	4.36e-01	1.14e-01	1.63e-02	1.32e-03	9.11e-07	0.00e+00	4.00e-06	3.02e-11	3.39e-11
 4.02729e+21	4.70e-06	4.12e-03	4.62e-01	4.17e-01	1.02e-01	1.39e-02	1.09e-03	7.40e-07	0.00e+00	4.70e-06	3.55e-11	3.98e-11
 4.11720e+21	5.49e-06	4.61e-03	4.92e-01	3.99e-01	9.14e-02	1.20e-02	9.05e-04	6.04e-07	0.00e+00	5.49e-06	4.14e-11	4.65e-11
 4.20318e+21	6.39e-06	5.14e-03	5.22e-01	3.80e-01	8.16e-02	1.03e-02	7.50e-04	4.91e-07	0.00e+00	6.39e-06	4.82e-11	5.41e-11
 4.28797e+21	7.44e-06	5.72e-03	5.52e-01	3.61e-01	7.24e-02	8.73e-03	6.16e-04	3.95e-07	0.00e+00	7.44e-06	5.61e-11	6.30e-11
 4.37171e+21	8.67e-06	6.35e-03	5.81e-01	3.41e-01	6.40e-02	7.38e-03	5.03e-04	3.15e-07	0.00e+00	8.67e-06	6.53e-11	7.34e-11
 4.45383e+21	1.01e-05	7.03e-03	6.09e-01	3.21e-01	5.63e-02	6.22e-03	4.08e-04	2.50e-07	0.00e+00	1.01e-05	7.59e-11	8.54e-11
 4.53458e+21	1.17e-05	7.76e-03	6.36e-01	3.02e-01	4.94e-02	5.21e-03	3.29e-04	1.97e-07	0.00e+00	1.17e-05	8.83e-11	9.93e-11
 4.61480e+21	1.37e-05	8.55e-03	6.62e-01	2.82e-01	4.32e-02	4.35e-03	2.64e-04	1.54e-07	0.00e+00	1.37e-05	1.03e-10	1.16e-10
 4.70700e+21	1.64e-05	9.60e-03	6.91e-01	2.59e-01	3.66e-02	3.48e-03	2.02e-04	0.00e+00	0.00e+00	1.64e-05	1.23e-10	1.39e-10
 4.80248e+21	1.93e-05	1.06e-02	7.17e-01	2.38e-01	3.11e-02	2.79e-03	1.55e-04	0.00e+00	0.00e+00	1.93e-05	1.45e-10	1.63e-10
 4.88545e+21	2.26e-05	1.17e-02	7.40e-01	2.19e-01	2.68e-02	2.28e-03	1.21e-04	0.00e+00	0.00e+00	2.26e-05	1.70e-10	1.91e-10
 4.97652e+21	2.77e-05	1.31e-02	7.64e-01	1.99e-01	2.25e-02	1.80e-03	9.04e-05	0.00e+00	0.00e+00	2.77e-05	2.08e-10	2.34e-10
 5.07366e+21	3.35e-05	1.46e-02	7.86e-01	1.79e-01	1.89e-02	1.41e-03	6.74e-05	0.00e+00	0.00e+00	3.35e-05	2.51e-10	2.83e-10
 5.16254e+21	4.01e-05	1.61e-02	8.04e-01	1.63e-01	1.61e-02	1.13e-03	5.12e-05	0.00e+00	0.00e+00	4.01e-05	2.99e-10	3.38e-10
 5.26196e+21	4.92e-05	1.81e-02	8.23e-01	1.45e-01	1.34e-02	8.72e-04	3.74e-05	0.00e+00	0.00e+00	4.92e-05	3.68e-10	4.16e-10
 5.35050e+21	5.76e-05	1.97e-02	8.36e-01	1.32e-01	1.16e-02	7.11e-04	2.92e-05	0.00e+00	0.00e+00	5.76e-05	4.30e-10	4.86e-10
 5.40828e+21	6.57e-05	2.11e-02	8.45e-01	1.23e-01	1.04e-02	6.12e-04	2.43e-05	0.00e+00	0.00e+00	6.57e-05	4.91e-10	5.55e-10
 5.46676e+21	7.44e-05	2.26e-02	8.53e-01	1.14e-01	9.42e-03	5.27e-04	2.03e-05	0.00e+00	0.00e+00	7.44e-05	5.55e-10	6.28e-10
 5.54280e+21	8.76e-05	2.46e-02	8.63e-01	1.04e-01	8.25e-03	4.33e-04	1.60e-05	0.00e+00	0.00e+00	8.76e-05	6.54e-10	7.39e-10
 5.61981e+21	1.03e-04	2.68e-02	8.71e-01	9.46e-02	7.31e-03	3.60e-04	1.28e-05	0.00e+00	0.00e+00	1.03e-04	7.67e-10	8.66e-10
 5.68184e+21	1.17e-04	2.87e-02	8.77e-01	8.76e-02	6.64e-03	3.10e-04	1.07e-05	0.00e+00	0.00e+00	1.17e-04	8.76e-10	9.89e-10
 5.74620e+21	1.34e-04	3.08e-02	8.82e-01	8.06e-02	6.01e-03	2.64e-04	8.89e-06	0.00e+00	0.00e+00	1.34e-04	1.00e-09	1.13e-09
 5.81893e+21	1.60e-04	3.36e-02	8.87e-01	7.31e-02	5.38e-03	2.20e-04	7.15e-06	0.00e+00	0.00e+00	1.60e-04	1.19e-09	1.34e-09
 5.88454e+21	1.85e-04	3.63e-02	8.91e-01	6.72e-02	4.91e-03	1.88e-04	5.97e-06	0.00e+00	0.00e+00	1.85e-04	1.38e-09	1.55e-09
 5.94177e+21	2.11e-04	3.88e-02	8.94e-01	6.22e-02	4.53e-03	1.64e-04	5.09e-06	0.00e+00	0.00e+00	2.11e-04	1.58e-09	1.77e-09
 6.00611e+21	2.43e-04	4.19e-02	8.97e-01	5.70e-02	4.16e-03	1.40e-04	4.27e-06	0.00e+00	0.00e+00	2.43e-04	1.82e-09	2.05e-09
 6.07854e+21	2.92e-04	4.59e-02	8.98e-01	5.14e-02	3.78e-03	1.17e-04	3.48e-06	0.00e+00	0.00e+00	2.92e-04	2.19e-09	2.45e-09
 6.14319e+21	3.38e-04	4.95e-02	8.99e-01	4.71e-02	3.50e-03	1.01e-04	2.96e-06	0.00e+00	0.00e+00	3.38e-04	2.54e-09	2.84e-09
 6.20896e+21	4.02e-04	5.42e-02	8.99e-01	4.26e-02	3.23e-03	8.49e-05	2.46e-06	0.00e+00	0.00e+00	4.02e-04	3.04e-09	3.38e-09
 6.27800e+21	4.79e-04	5.93e-02	8.99e-01	3.85e-02	2.99e-03	7.18e-05	2.06e-06	0.00e+00	0.00e+00	4.79e-04	3.63e-09	4.02e-09
 6.33758e+21	5.56e-04	6.40e-02	8.97e-01	3.53e-02	2.81e-03	6.22e-05	1.78e-06	0.00e+00	0.00e+00	5.56e-04	4.22e-09	4.66e-09
 6.40132e+21	6.66e-04	7.02e-02	8.95e-01	3.18e-02	2.62e-03	5.25e-05	1.50e-06	0.00e+00	0.00e+00	6.66e-04	5.09e-09	5.58e-09
 6.46871e+21	7.96e-04	7.70e-02	8.91e-01	2.87e-02	2.45e-03	4.45e-05	1.27e-06	0.00e+00	0.00e+00	7.96e-04	6.10e-09	6.66e-09
 6.52838e+21	9.43e-04	8.41e-02	8.87e-01	2.60e-02	2.31e-03	3.82e-05	1.09e-06	0.00e+00	0.00e+00	9.43e-04	7.28e-09	7.89e-09
 6.58417e+21	1.11e-03	9.15e-02	8.82e-01	2.36e-02	2.19e-03	3.29e-05	9.49e-07	0.00e+00	0.00e+00	1.11e-03	8.64e-09	9.29e-09
 6.64739e+21	1.35e-03	1.01e-01	8.74e-01	2.11e-02	2.06e-03	2.77e-05	8.06e-07	0.00e+00	0.00e+00	1.35e-03	1.06e-08	1.13e-08
 6.71473e+21	1.66e-03	1.13e-01	8.65e-01	1.87e-02	1.93e-03	2.30e-05	6.80e-07	0.00e+00	0.00e+00	1.66e-03	1.32e-08	1.39e-08
 6.77273e+21	2.00e-03	1.24e-01	8.55e-01	1.67e-02	1.83e-03	1.95e-05	5.86e-07	0.00e+00	0.00e+00	2.00e-03	1.61e-08	1.67e-08
 6.82434e+21	2.39e-03	1.36e-01	8.45e-01	1.50e-02	1.74e-03	1.67e-05	5.11e-07	0.00e+00	0.00e+00	2.39e-03	1.93e-08	1.99e-08
 6.88236e+21	2.93e-03	1.51e-01	8.31e-01	1.33e-02	1.64e-03	1.40e-05	4.35e-07	0.00e+00	0.00e+00	2.93e-03	2.40e-08	2.43e-08
 6.94397e+21	3.65e-03	1.69e-01	8.14e-01	1.16e-02	1.54e-03	1.15e-05	3.67e-07	0.00e+00	0.00e+00	3.65e-03	3.03e-08	3.03e-08
 6.99617e+21	4.44e-03	1.87e-01	7.97e-01	1.03e-02	1.46e-03	9.67e-06	3.16e-07	0.00e+00	0.00e+00	4.44e-03	3.73e-08	3.67e-08
 7.04120e+21	5.29e-03	2.04e-01	7.80e-01	9.18e-03	1.39e-03	8.26e-06	2.75e-07	0.00e+00	0.00e+00	5.29e-03	4.49e-08	4.37e-08
 7.09098e+21	6.53e-03	2.27e-01	7.57e-01	7.99e-03	1.30e-03	6.82e-06	2.33e-07	0.00e+00	0.00e+00	6.53e-03	5.60e-08	5.38e-08
 7.14315e+21	8.10e-03	2.53e-01	7.31e-01	6.91e-03	1.22e-03	5.58e-06	1.95e-07	0.00e+00	0.00e+00	8.10e-03	7.05e-08	6.66e-08
 7.18710e+21	9.72e-03	2.77e-01	7.06e-01	6.08e-03	1.14e-03	4.69e-06	1.68e-07	0.00e+00	0.00e+00	9.72e-03	8.51e-08	7.97e-08
 7.22694e+21	1.17e-02	3.02e-01	6.79e-01	5.32e-03	1.07e-03	3.91e-06	1.43e-07	0.00e+00	0.00e+00	1.17e-02	1.03e-07	9.55e-08
 7.26658e+21	1.40e-02	3.30e-01	6.50e-01	4.64e-03	9.95e-04	3.25e-06	1.22e-07	0.00e+00	0.00e+00	1.40e-02	1.24e-07	1.14e-07
 7.30596e+21	1.69e-02	3.60e-01	6.18e-01	4.01e-03	9.19e-04	2.67e-06	0.00e+00	0.00e+00	0.00e+00	1.69e-02	1.51e-07	1.37e-07
 7.34484e+21	2.04e-02	3.93e-01	5.83e-01	3.43e-03	8.42e-04	2.17e-06	0.00e+00	0.00e+00	0.00e+00	2.04e-02	1.83e-07	1.65e-07
 7.38244e+21	2.46e-02	4.26e-01	5.46e-01	2.92e-03	7.66e-04	1.75e-06	0.00e+00	0.00e+00	0.00e+00	2.46e-02	2.20e-07	1.98e-07
 7.41899e+21	2.96e-02	4.61e-01	5.06e-01	2.46e-03	6.89e-04	1.40e-06	0.00e+00	0.00e+00	0.00e+00	2.96e-02	2.66e-07	2.37e-07
 7.45487e+21	3.57e-02	4.98e-01	4.64e-01	2.05e-03	6.11e-04	1.09e-06	0.00e+00	0.00e+00	0.00e+00	3.57e-02	3.20e-07	2.85e-07
 7.48975e+21	4.30e-02	5.34e-01	4.21e-01	1.69e-03	5.35e-04	8.45e-07	0.00e+00	0.00e+00	0.00e+00	4.30e-02	3.85e-07	3.41e-07
 7.52161e+21	5.08e-02	5.67e-01	3.80e-01	1.40e-03	4.69e-04	6.59e-07	0.00e+00	0.00e+00	0.00e+00	5.08e-02	4.53e-07	4.01e-07
 7.54991e+21	5.94e-02	5.97e-01	3.42e-01	1.17e-03	4.08e-04	5.13e-07	0.00e+00	0.00e+00	0.00e+00	5.94e-02	5.27e-07	4.65e-07
 7.57680e+21	6.88e-02	6.24e-01	3.05e-01	9.70e-04	3.53e-04	4.00e-07	0.00e+00	0.00e+00	0.00e+00	6.88e-02	6.07e-07	5.35e-07
 7.60735e+21	8.16e-02	6.54e-01	2.64e-01	7.73e-04	2.93e-04	2.92e-07	0.00e+00	0.00e+00	0.00e+00	8.16e-02	7.14e-07	6.28e-07
 7.63928e+21	9.72e-02	6.80e-01	2.22e-01	6.03e-04	2.36e-04	2.05e-07	0.00e+00	0.00e+00	0.00e+00	9.72e-02	8.43e-07	7.39e-07
 7.66559e+21	1.13e-01	6.98e-01	1.88e-01	4.82e-04	1.92e-04	1.48e-07	0.00e+00	0.00e+00	0.00e+00	1.13e-01	9.68e-07	8.48e-07
 7.68803e+21	1.28e-01	7.10e-01	1.62e-01	3.97e-04	1.59e-04	0.00e+00	0.00e+00	0.00e+00	0.00e+00	1.28e-01	1.08e-06	9.48e-07
 7.71287e+21	1.47e-01	7.19e-01	1.34e-01	3.15e-04	1.25e-04	0.00e+00	0.00e+00	0.00e+00	0.00e+00	1.47e-01	1.23e-06	1.07e-06
 7.74072e+21	1.71e-01	7.23e-01	1.06e-01	2.42e-04	9.38e-05	0.00e+00	0.00e+00	0.00e+00	0.00e+00	1.71e-01	1.40e-06	1.23e-06
 7.76709e+21	1.97e-01	7.20e-01	8.27e-02	1.87e-04	6.92e-05	0.00e+00	0.00e+00	0.00e+00	0.00e+00	1.97e-01	1.59e-06	1.39e-06
 7.79199e+21	2.26e-01	7.10e-01	6.38e-02	1.46e-04	5.03e-05	0.00e+00	0.00e+00	0.00e+00	0.00e+00	2.26e-01	1.77e-06	1.55e-06
 7.81565e+21	2.56e-01	6.95e-01	4.89e-02	1.16e-04	3.65e-05	0.00e+00	0.00e+00	0.00e+00	0.00e+00	2.56e-01	1.95e-06	1.70e-06
 7.83778e+21	2.87e-01	6.75e-01	3.73e-02	9.27e-05	2.63e-05	0.00e+00	0.00e+00	0.00e+00	0.00e+00	2.87e-01	2.13e-06	1.86e-06
 7.85868e+21	3.19e-01	6.52e-01	2.84e-02	7.55e-05	1.89e-05	0.00e+00	0.00e+00	0.00e+00	0.00e+00	3.19e-01	2.29e-06	2.00e-06
 7.87853e+21	3.52e-01	6.26e-01	2.14e-02	6.20e-05	1.35e-05	0.00e+00	0.00e+00	0.00e+00	0.00e+00	3.52e-01	2.44e-06	2.13e-06
 7.89745e+21	3.84e-01	5.99e-01	1.63e-02	5.19e-05	9.79e-06	0.00e+00	0.00e+00	0.00e+00	0.00e+00	3.84e-01	2.56e-06	2.24e-06
 7.91514e+21	4.16e-01	5.71e-01	1.24e-02	4.39e-05	7.12e-06	0.00e+00	0.00e+00	0.00e+00	0.00e+00	4.16e-01	2.67e-06	2.33e-06
 7.93182e+21	4.47e-01	5.43e-01	9.54e-03	3.76e-05	5.23e-06	0.00e+00	0.00e+00	0.00e+00	0.00e+00	4.47e-01	2.76e-06	2.41e-06
 7.94752e+21	4.77e-01	5.15e-01	7.37e-03	3.26e-05	3.88e-06	0.00e+00	0.00e+00	0.00e+00	0.00e+00	4.77e-01	2.83e-06	2.47e-06
 7.96228e+21	5.04e-01	4.90e-01	5.79e-03	2.86e-05	2.94e-06	0.00e+00	0.00e+00	0.00e+00	0.00e+00	5.04e-01	2.88e-06	2.51e-06
 7.97579e+21	5.29e-01	4.66e-01	4.63e-03	2.55e-05	2.28e-06	0.00e+00	0.00e+00	0.00e+00	0.00e+00	5.29e-01	2.91e-06	2.54e-06
 7.98810e+21	5.52e-01	4.44e-01	3.77e-03	2.30e-05	1.81e-06	0.00e+00	0.00e+00	0.00e+00	0.00e+00	5.52e-01	2.93e-06	2.55e-06
 8.00016e+21	5.73e-01	4.24e-01	3.10e-03	2.08e-05	1.45e-06	0.00e+00	0.00e+00	0.00e+00	0.00e+00	5.73e-01	2.94e-06	2.56e-06
 8.01210e+21	5.94e-01	4.04e-01	2.55e-03	1.89e-05	1.16e-06	0.00e+00	0.00e+00	0.00e+00	0.00e+00	5.94e-01	2.94e-06	2.56e-06
 8.02161e+21	6.08e-01	3.89e-01	2.21e-03	1.77e-05	9.92e-07	0.00e+00	0.00e+00	0.00e+00	0.00e+00	6.08e-01	2.94e-06	2.56e-06
 8.02836e+21	6.19e-01	3.79e-01	2.00e-03	1.68e-05	8.86e-07	0.00e+00	0.00e+00	0.00e+00	0.00e+00	6.19e-01	2.93e-06	2.55e-06
 8.03514e+21	6.29e-01	3.69e-01	1.80e-03	1.60e-05	7.89e-07	0.00e+00	0.00e+00	0.00e+00	0.00e+00	6.29e-01	2.92e-06	2.54e-06
 8.04305e+21	6.41e-01	3.57e-01	1.60e-03	1.51e-05	6.92e-07	0.00e+00	0.00e+00	0.00e+00	0.00e+00	6.41e-01	2.91e-06	2.53e-06
 8.05152e+21	6.53e-01	3.46e-01	1.42e-03	1.43e-05	6.08e-07	0.00e+00	0.00e+00	0.00e+00	0.00e+00	6.53e-01	2.90e-06	2.52e-06
 8.06011e+21	6.65e-01	3.34e-01	1.27e-03	1.35e-05	5.35e-07	0.00e+00	0.00e+00	0.00e+00	0.00e+00	6.64e-01	2.88e-06	2.50e-06
 8.06884e+21	6.75e-01	3.24e-01	1.13e-03	1.28e-05	4.74e-07	0.00e+00	0.00e+00	0.00e+00	0.00e+00	6.75e-01	2.86e-06	2.48e-06
 8.07804e+21	6.86e-01	3.13e-01	1.02e-03	1.21e-05	4.20e-07	0.00e+00	0.00e+00	0.00e+00	0.00e+00	6.86e-01	2.84e-06	2.46e-06
 8.08776e+21	6.96e-01	3.03e-01	9.14e-04	1.15e-05	3.73e-07	0.00e+00	0.00e+00	0.00e+00	0.00e+00	6.96e-01	2.82e-06	2.44e-06
 8.09808e+21	7.06e-01	2.93e-01	8.24e-04	1.09e-05	3.33e-07	0.00e+00	0.00e+00	0.00e+00	0.00e+00	7.06e-01	2.80e-06	2.42e-06
 8.10935e+21	7.15e-01	2.84e-01	7.45e-04	1.04e-05	2.98e-07	0.00e+00	0.00e+00	0.00e+00	0.00e+00	7.15e-01	2.77e-06	2.40e-06
 8.12184e+21	7.25e-01	2.74e-01	6.75e-04	9.89e-06	2.67e-07	0.00e+00	0.00e+00	0.00e+00	0.00e+00	7.25e-01	2.74e-06	2.38e-06
 8.13566e+21	7.33e-01	2.66e-01	6.16e-04	9.43e-06	2.41e-07	0.00e+00	0.00e+00	0.00e+00	0.00e+00	7.33e-01	2.72e-06	2.35e-06
 8.15139e+21	7.41e-01	2.58e-01	5.66e-04	9.01e-06	2.19e-07	0.00e+00	0.00e+00	0.00e+00	0.00e+00	7.41e-01	2.69e-06	2.33e-06
 8.16882e+21	7.48e-01	2.51e-01	5.26e-04	8.65e-06	2.02e-07	0.00e+00	0.00e+00	0.00e+00	0.00e+00	7.48e-01	2.67e-06	2.31e-06
 8.18632e+21	7.54e-01	2.46e-01	4.98e-04	8.38e-06	1.89e-07	0.00e+00	0.00e+00	0.00e+00	0.00e+00	7.54e-01	2.65e-06	2.29e-06
 8.20337e+21	7.58e-01	2.42e-01	4.77e-04	8.18e-06	1.80e-07	0.00e+00	0.00e+00	0.00e+00	0.00e+00	7.58e-01	2.64e-06	2.28e-06
 8.22008e+21	7.61e-01	2.39e-01	4.62e-04	8.01e-06	1.73e-07	0.00e+00	0.00e+00	0.00e+00	0.00e+00	7.61e-01	2.63e-06	2.27e-06
 8.23652e+21	7.64e-01	2.35e-01	4.49e-04	7.84e-06	1.67e-07	0.00e+00	0.00e+00	0.00e+00	0.00e+00	7.64e-01	2.62e-06	2.26e-06
 8.25531e+21	7.65e-01	2.34e-01	4.40e-04	7.78e-06	1.64e-07	0.00e+00	0.00e+00	0.00e+00	0.00e+00	7.65e-01	2.61e-06	2.25e-06
 8.27973e+21	7.68e-01	2.32e-01	4.29e-04	7.65e-06	1.58e-07	0.00e+00	0.00e+00	0.00e+00	0.00e+00	7.68e-01	2.60e-06	2.24e-06
 8.31147e+21	7.70e-01	2.29e-01	4.19e-04	7.52e-06	1.54e-07	0.00e+00	0.00e+00	0.00e+00	0.00e+00	7.70e-01	2.59e-06	2.24e-06
 8.35274e+21	7.73e-01	2.27e-01	4.08e-04	7.37e-06	1.48e-07	0.00e+00	0.00e+00	0.00e+00	0.00e+00	7.73e-01	2.58e-06	2.23e-06
 8.40638e+21	7.76e-01	2.24e-01	3.95e-04	7.21e-06	1.42e-07	0.00e+00	0.00e+00	0.00e+00	0.00e+00	7.76e-01	2.57e-06	2.22e-06
 8.47613e+21	7.79e-01	2.20e-01	3.81e-04	7.02e-06	1.36e-07	0.00e+00	0.00e+00	0.00e+00	0.00e+00	7.79e-01	2.56e-06	2.20e-06
 8.56679e+21	7.83e-01	2.16e-01	3.65e-04	6.78e-06	1.28e-07	0.00e+00	0.00e+00	0.00e+00	0.00e+00	7.83e-01	2.55e-06	2.19e-06
 8.68465e+21	7.89e-01	2.11e-01	3.45e-04	6.49e-06	0.00e+00	0.00e+00	0.00e+00	0.00e+00	0.00e+00	7.89e-01	2.53e-06	2.17e-06
 8.83788e+21	7.95e-01	2.05e-01	3.23e-04	6.16e-06	0.00e+00	0.00e+00	0.00e+00	0.00e+00	0.00e+00	7.95e-01	2.51e-06	2.14e-06
 9.03321e+21	8.02e-01	1.97e-01	2.99e-04	5.77e-06	0.00e+00	0.00e+00	0.00e+00	0.00e+00	0.00e+00	8.02e-01	2.48e-06	2.11e-06
 9.25599e+21	8.10e-01	1.90e-01	2.76e-04	5.38e-06	0.00e+00	0.00e+00	0.00e+00	0.00e+00	0.00e+00	8.10e-01	2.45e-06	2.08e-06
 9.48183e+21	8.17e-01	1.83e-01	2.56e-04	5.02e-06	0.00e+00	0.00e+00	0.00e+00	0.00e+00	0.00e+00	8.17e-01	2.42e-06	2.05e-06
 9.70893e+21	8.23e-01	1.76e-01	2.40e-04	4.71e-06	0.00e+00	0.00e+00	0.00e+00	0.00e+00	0.00e+00	8.23e-01	2.40e-06	2.02e-06
 9.94532e+21	8.30e-01	1.70e-01	2.24e-04	4.41e-06	0.00e+00	0.00e+00	0.00e+00	0.00e+00	0.00e+00	8.30e-01	2.37e-06	1.99e-06
 1.01950e+22	8.36e-01	1.64e-01	2.10e-04	4.12e-06	0.00e+00	0.00e+00	0.00e+00	0.00e+00	0.00e+00	8.36e-01	2.34e-06	1.96e-06
 1.04574e+22	8.42e-01	1.58e-01	1.98e-04	3.85e-06	0.00e+00	0.00e+00	0.00e+00	0.00e+00	0.00e+00	8.42e-01	2.31e-06	1.93e-06
 1.07305e+22	8.47e-01	1.52e-01	1.86e-04	3.60e-06	0.00e+00	0.00e+00	0.00e+00	0.00e+00	0.00e+00	8.47e-01	2.28e-06	1.89e-06
 1.10130e+22	8.53e-01	1.47e-01	1.76e-04	3.36e-06	0.00e+00	0.00e+00	0.00e+00	0.00e+00	0.00e+00	8.53e-01	2.26e-06	1.86e-06
 1.13055e+22	8.58e-01	1.42e-01	1.67e-04	3.14e-06	0.00e+00	0.00e+00	0.00e+00	0.00e+00	0.00e+00	8.58e-01	2.23e-06	1.83e-06
 1.16118e+22	8.63e-01	1.37e-01	1.58e-04	2.92e-06	0.00e+00	0.00e+00	0.00e+00	0.00e+00	0.00e+00	8.63e-01	2.20e-06	1.80e-06
 1.19308e+22	8.68e-01	1.32e-01	1.50e-04	2.73e-06	0.00e+00	0.00e+00	0.00e+00	0.00e+00	0.00e+00	8.68e-01	2.18e-06	1.77e-06
 1.22612e+22	8.73e-01	1.27e-01	1.42e-04	2.54e-06	0.00e+00	0.00e+00	0.00e+00	0.00e+00	0.00e+00	8.73e-01	2.15e-06	1.75e-06
 1.26061e+22	8.78e-01	1.22e-01	1.35e-04	2.36e-06	0.00e+00	0.00e+00	0.00e+00	0.00e+00	0.00e+00	8.78e-01	2.13e-06	1.72e-06
 1.29655e+22	8.82e-01	1.18e-01	1.28e-04	2.20e-06	0.00e+00	0.00e+00	0.00e+00	0.00e+00	0.00e+00	8.82e-01	2.10e-06	1.69e-06
 1.33391e+22	8.86e-01	1.14e-01	1.22e-04	2.04e-06	0.00e+00	0.00e+00	0.00e+00	0.00e+00	0.00e+00	8.86e-01	2.08e-06	1.67e-06
 1.37278e+22	8.90e-01	1.10e-01	1.16e-04	1.90e-06	0.00e+00	0.00e+00	0.00e+00	0.00e+00	0.00e+00	8.90e-01	2.06e-06	1.64e-06
 1.41334e+22	8.94e-01	1.06e-01	1.11e-04	1.76e-06	0.00e+00	0.00e+00	0.00e+00	0.00e+00	0.00e+00	8.94e-01	2.04e-06	1.61e-06
 1.45572e+22	8.98e-01	1.02e-01	1.05e-04	1.63e-06	0.00e+00	0.00e+00	0.00e+00	0.00e+00	0.00e+00	8.98e-01	2.01e-06	1.59e-06
 1.49997e+22	9.02e-01	9.84e-02	1.00e-04	1.51e-06	0.00e+00	0.00e+00	0.00e+00	0.00e+00	0.00e+00	9.02e-01	1.99e-06	1.57e-06
 1.54616e+22	9.05e-01	9.48e-02	9.55e-05	1.40e-06	0.00e+00	0.00e+00	0.00e+00	0.00e+00	0.00e+00	9.05e-01	1.97e-06	1.54e-06
 1.59458e+22	9.08e-01	9.15e-02	9.07e-05	1.29e-06	0.00e+00	0.00e+00	0.00e+00	0.00e+00	0.00e+00	9.08e-01	1.95e-06	1.52e-06
 1.64533e+22	9.12e-01	8.82e-02	8.62e-05	1.19e-06	0.00e+00	0.00e+00	0.00e+00	0.00e+00	0.00e+00	9.12e-01	1.93e-06	1.50e-06
 1.69849e+22	9.15e-01	8.51e-02	8.18e-05	1.09e-06	0.00e+00	0.00e+00	0.00e+00	0.00e+00	0.00e+00	9.15e-01	1.91e-06	1.48e-06
 1.75485e+22	9.18e-01	8.21e-02	7.75e-05	1.01e-06	0.00e+00	0.00e+00	0.00e+00	0.00e+00	0.00e+00	9.18e-01	1.89e-06	1.46e-06
 1.81458e+22	9.21e-01	7.92e-02	7.33e-05	9.22e-07	0.00e+00	0.00e+00	0.00e+00	0.00e+00	0.00e+00	9.21e-01	1.87e-06	1.44e-06
 1.87728e+22	9.24e-01	7.64e-02	6.92e-05	8.44e-07	0.00e+00	0.00e+00	0.00e+00	0.00e+00	0.00e+00	9.24e-01	1.85e-06	1.42e-06
 1.94373e+22	9.26e-01	7.38e-02	6.52e-05	7.71e-07	0.00e+00	0.00e+00	0.00e+00	0.00e+00	0.00e+00	9.26e-01	1.83e-06	1.40e-06
 2.01473e+22	9.29e-01	7.12e-02	6.13e-05	7.02e-07	0.00e+00	0.00e+00	0.00e+00	0.00e+00	0.00e+00	9.29e-01	1.81e-06	1.38e-06
 2.09087e+22	9.31e-01	6.87e-02	5.74e-05	6.37e-07	0.00e+00	0.00e+00	0.00e+00	0.00e+00	0.00e+00	9.31e-01	1.79e-06	1.37e-06
 2.17324e+22	9.34e-01	6.64e-02	5.36e-05	5.76e-07	0.00e+00	0.00e+00	0.00e+00	0.00e+00	0.00e+00	9.34e-01	1.76e-06	1.35e-06
 2.25879e+22	9.36e-01	6.42e-02	4.99e-05	5.21e-07	0.00e+00	0.00e+00	0.00e+00	0.00e+00	0.00e+00	9.36e-01	1.74e-06	1.33e-06
 2.34076e+22	9.38e-01	6.24e-02	4.67e-05	4.75e-07	0.00e+00	0.00e+00	0.00e+00	0.00e+00	0.00e+00	9.38e-01	1.72e-06	1.32e-06
 2.41525e+22	9.39e-01	6.09e-02	4.41e-05	4.39e-07	0.00e+00	0.00e+00	0.00e+00	0.00e+00	0.00e+00	9.39e-01	1.70e-06	1.31e-06
 2.48229e+22	9.40e-01	5.96e-02	4.18e-05	4.09e-07	0.00e+00	0.00e+00	0.00e+00	0.00e+00	0.00e+00	9.40e-01	1.68e-06	1.30e-06
 2.54263e+22	9.41e-01	5.86e-02	3.99e-05	3.84e-07	0.00e+00	0.00e+00	0.00e+00	0.00e+00	0.00e+00	9.41e-01	1.66e-06	1.29e-06
 2.59693e+22	9.42e-01	5.77e-02	3.83e-05	3.63e-07	0.00e+00	0.00e+00	0.00e+00	0.00e+00	0.00e+00	9.42e-01	1.64e-06	1.29e-06
 2.64581e+22	9.43e-01	5.69e-02	3.69e-05	3.46e-07	0.00e+00	0.00e+00	0.00e+00	0.00e+00	0.00e+00	9.43e-01	1.62e-06	1.28e-06
 2.68980e+22	9.44e-01	5.63e-02	3.57e-05	3.31e-07	0.00e+00	0.00e+00	0.00e+00	0.00e+00	0.00e+00	9.44e-01	1.61e-06	1.28e-06
 2.72938e+22	9.44e-01	5.57e-02	3.46e-05	3.18e-07	0.00e+00	0.00e+00	0.00e+00	0.00e+00	0.00e+00	9.44e-01	1.60e-06	1.27e-06
 2.76501e+22	9.45e-01	5.52e-02	3.37e-05	3.07e-07	0.00e+00	0.00e+00	0.00e+00	0.00e+00	0.00e+00	9.45e-01	1.58e-06	1.27e-06
 2.79732e+22	9.45e-01	5.47e-02	3.29e-05	2.97e-07	0.00e+00	0.00e+00	0.00e+00	0.00e+00	0.00e+00	9.45e-01	1.57e-06	1.27e-06
 2.82818e+22	9.46e-01	5.42e-02	3.21e-05	2.88e-07	0.00e+00	0.00e+00	0.00e+00	0.00e+00	0.00e+00	9.46e-01	1.56e-06	1.26e-06
 2.85903e+22	9.46e-01	5.38e-02	3.14e-05	2.80e-07	0.00e+00	0.00e+00	0.00e+00	0.00e+00	0.00e+00	9.46e-01	1.55e-06	1.26e-06
 2.88989e+22	9.47e-01	5.33e-02	3.07e-05	2.71e-07	0.00e+00	0.00e+00	0.00e+00	0.00e+00	0.00e+00	9.47e-01	1.54e-06	1.26e-06
 2.92075e+22	9.47e-01	5.28e-02	3.00e-05	2.63e-07	0.00e+00	0.00e+00	0.00e+00	0.00e+00	0.00e+00	9.47e-01	1.52e-06	1.25e-06
 2.95160e+22	9.48e-01	5.23e-02	2.93e-05	2.54e-07	0.00e+00	0.00e+00	0.00e+00	0.00e+00	0.00e+00	9.48e-01	1.51e-06	1.25e-06
 2.98246e+22	9.48e-01	5.18e-02	2.86e-05	2.46e-07	0.00e+00	0.00e+00	0.00e+00	0.00e+00	0.00e+00	9.48e-01	1.50e-06	1.25e-06
 3.01332e+22	9.49e-01	5.12e-02	2.80e-05	2.38e-07	0.00e+00	0.00e+00	0.00e+00	0.00e+00	0.00e+00	9.49e-01	1.48e-06	1.24e-06
 3.04417e+22	9.49e-01	5.07e-02	2.73e-05	2.31e-07	0.00e+00	0.00e+00	0.00e+00	0.00e+00	0.00e+00	9.49e-01	1.47e-06	1.24e-06
 3.07264e+22	9.50e-01	5.01e-02	2.67e-05	2.24e-07	0.00e+00	0.00e+00	0.00e+00	0.00e+00	0.00e+00	9.50e-01	1.46e-06	1.23e-06
