#depth	O	O+	O+2	O+3	O+4	O+5	O+6	O+7	O+8	O[1]	O[2]	O[3]
 1.39438e+15	9.60e-02	8.42e-01	6.17e-02	2.10e-04	1.11e-06	0.00e+00	0.00e+00	0.00e+00	0.00e+00	9.60e-02	6.38e-06	7.20e-06
 8.36628e+15	9.53e-02	8.42e-01	6.22e-02	2.13e-04	1.13e-06	0.00e+00	0.00e+00	0.00e+00	0.00e+00	9.53e-02	6.33e-06	7.15e-06
 3.62539e+16	9.48e-02	8.42e-01	6.27e-02	2.15e-04	1.14e-06	0.00e+00	0.00e+00	0.00e+00	0.00e+00	9.48e-02	6.30e-06	7.11e-06
 1.47804e+17	9.42e-02	8.42e-01	6.37e-02	2.17e-04	1.15e-06	0.00e+00	0.00e+00	0.00e+00	0.00e+00	9.42e-02	6.26e-06	7.07e-06
 3.53057e+17	8.96e-02	8.41e-01	6.86e-02	2.41e-04	1.27e-06	0.00e+00	0.00e+00	0.00e+00	0.00e+00	8.96e-02	5.94e-06	6.72e-06
 6.19886e+17	8.80e-02	8.41e-01	7.06e-02	2.47e-04	1.30e-06	0.00e+00	0.00e+00	0.00e+00	0.00e+00	8.79e-02	5.82e-06	6.58e-06
 9.66763e+17	8.84e-02	8.41e-01	7.06e-02	2.39e-04	1.25e-06	0.00e+00	0.00e+00	0.00e+00	0.00e+00	8.84e-02	5.83e-06	6.60e-06
 1.41770e+18	9.13e-02	8.40e-01	6.82e-02	2.16e-04	1.13e-06	0.00e+00	0.00e+00	0.00e+00	0.00e+00	9.13e-02	6.00e-06	6.79e-06
 1.96408e+18	9.67e-02	8.39e-01	6.38e-02	1.84e-04	9.71e-07	0.00e+00	0.00e+00	0.00e+00	0.00e+00	9.67e-02	6.33e-06	7.16e-06
 2.57887e+18	1.06e-01	8.37e-01	5.70e-02	1.45e-04	7.73e-07	0.00e+00	0.00e+00	0.00e+00	0.00e+00	1.06e-01	6.89e-06	7.80e-06
 3.29482e+18	1.21e-01	8.31e-01	4.80e-02	1.02e-04	5.59e-07	0.00e+00	0.00e+00	0.00e+00	0.00e+00	1.21e-01	7.80e-06	8.82e-06
 4.09210e+18	1.43e-01	8.19e-01	3.82e-02	6.56e-05	3.74e-07	0.00e+00	0.00e+00	0.00e+00	0.00e+00	1.43e-01	9.10e-06	1.03e-05
 4.84974e+18	1.69e-01	8.01e-01	2.97e-02	4.09e-05	2.45e-07	0.00e+00	0.00e+00	0.00e+00	0.00e+00	1.69e-01	1.06e-05	1.20e-05
 5.48981e+18	1.98e-01	7.79e-01	2.33e-02	2.64e-05	1.66e-07	0.00e+00	0.00e+00	0.00e+00	0.00e+00	1.98e-01	1.22e-05	1.37e-05
 6.03498e+18	2.27e-01	7.54e-01	1.86e-02	1.77e-05	0.00e+00	0.00e+00	0.00e+00	0.00e+00	0.00e+00	2.27e-01	1.37e-05	1.54e-05
 6.62573e+18	2.62e-01	7.23e-01	1.45e-02	1.14e-05	0.00e+00	0.00e+00	0.00e+00	0.00e+00	0.00e+00	2.62e-01	1.53e-05	1.72e-05
 7.27651e+18	3.05e-01	6.84e-01	1.09e-02	7.04e-06	0.00e+00	0.00e+00	0.00e+00	0.00e+00	0.00e+00	3.05e-01	1.71e-05	1.92e-05
 7.86606e+18	3.46e-01	6.45e-01	8.33e-03	4.57e-06	0.00e+00	0.00e+00	0.00e+00	0.00e+00	0.00e+00	3.46e-01	1.87e-05	2.09e-05
 8.36010e+18	3.82e-01	6.11e-01	6.67e-03	3.21e-06	0.00e+00	0.00e+00	0.00e+00	0.00e+00	0.00e+00	3.82e-01	1.98e-05	2.22e-05
 8.77954e+18	4.13e-01	5.81e-01	5.53e-03	2.40e-06	0.00e+00	0.00e+00	0.00e+00	0.00e+00	0.00e+00	4.13e-01	2.06e-05	2.31e-05
 9.16969e+18	4.41e-01	5.54e-01	4.64e-03	1.84e-06	0.00e+00	0.00e+00	0.00e+00	0.00e+00	0.00e+00	4.41e-01	2.13e-05	2.38e-05
 9.55851e+18	4.69e-01	5.27e-01	3.91e-03	1.42e-06	0.00e+00	0.00e+00	0.00e+00	0.00e+00	0.00e+00	4.69e-01	2.18e-05	2.44e-05
 9.94338e+18	4.97e-01	5.00e-01	3.29e-03	1.11e-06	0.00e+00	0.00e+00	0.00e+00	0.00e+00	0.00e+00	4.97e-01	2.22e-05	2.48e-05
 1.03243e+19	5.22e-01	4.75e-01	2.79e-03	8.81e-07	0.00e+00	0.00e+00	0.00e+00	0.00e+00	0.00e+00	5.22e-01	2.24e-05	2.51e-05
 1.06969e+19	5.46e-01	4.52e-01	2.39e-03	7.09e-07	0.00e+00	0.00e+00	0.00e+00	0.00e+00	0.00e+00	5.46e-01	2.26e-05	2.53e-05
 1.10522e+19	5.67e-01	4.31e-01	2.06e-03	5.81e-07	0.00e+00	0.00e+00	0.00e+00	0.00e+00	0.00e+00	5.67e-01	2.27e-05	2.53e-05
 1.14012e+19	5.87e-01	4.11e-01	1.78e-03	4.82e-07	0.00e+00	0.00e+00	0.00e+00	0.00e+00	0.00e+00	5.87e-01	2.27e-05	2.53e-05
 1.16883e+19	6.02e-01	3.97e-01	1.60e-03	4.19e-07	0.00e+00	0.00e+00	0.00e+00	0.00e+00	0.00e+00	6.02e-01	2.27e-05	2.53e-05
 1.18952e+19	6.13e-01	3.86e-01	1.47e-03	3.77e-07	0.00e+00	0.00e+00	0.00e+00	0.00e+00	0.00e+00	6.13e-01	2.26e-05	2.52e-05
 1.20965e+19	6.23e-01	3.76e-01	1.36e-03	3.42e-07	0.00e+00	0.00e+00	0.00e+00	0.00e+00	0.00e+00	6.23e-01	2.25e-05	2.52e-05
 1.23303e+19	6.35e-01	3.64e-01	1.24e-03	3.04e-07	0.00e+00	0.00e+00	0.00e+00	0.00e+00	0.00e+00	6.35e-01	2.24e-05	2.51e-05
 1.25850e+19	6.47e-01	3.52e-01	1.12e-03	2.70e-07	0.00e+00	0.00e+00	0.00e+00	0.00e+00	0.00e+00	6.47e-01	2.23e-05	2.49e-05
 1.28425e+19	6.58e-01	3.41e-01	1.02e-03	2.41e-07	0.00e+00	0.00e+00	0.00e+00	0.00e+00	0.00e+00	6.58e-01	2.22e-05	2.48e-05
 1.31038e+19	6.70e-01	3.29e-01	9.22e-04	2.15e-07	0.00e+00	0.00e+00	0.00e+00	0.00e+00	0.00e+00	6.70e-01	2.20e-05	2.46e-05
 1.33680e+19	6.80e-01	3.19e-01	8.35e-04	1.92e-07	0.00e+00	0.00e+00	0.00e+00	0.00e+00	0.00e+00	6.80e-01	2.19e-05	2.44e-05
 1.36404e+19	6.91e-01	3.08e-01	7.56e-04	1.72e-07	0.00e+00	0.00e+00	0.00e+00	0.00e+00	0.00e+00	6.91e-01	2.17e-05	2.42e-05
 1.39246e+19	7.02e-01	2.98e-01	6.82e-04	1.54e-07	0.00e+00	0.00e+00	0.00e+00	0.00e+00	0.00e+00	7.02e-01	2.15e-05	2.40e-05
 1.42186e+19	7.12e-01	2.87e-01	6.14e-04	1.38e-07	0.00e+00	0.00e+00	0.00e+00	0.00e+00	0.00e+00	7.12e-01	2.13e-05	2.37e-05
 1.45217e+19	7.22e-01	2.77e-01	5.52e-04	1.23e-07	0.00e+00	0.00e+00	0.00e+00	0.00e+00	0.00e+00	7.22e-01	2.11e-05	2.34e-05
 1.48323e+19	7.32e-01	2.67e-01	4.96e-04	0.00e+00	0.00e+00	0.00e+00	0.00e+00	0.00e+00	0.00e+00	7.32e-01	2.08e-05	2.32e-05
 1.51514e+19	7.42e-01	2.58e-01	4.44e-04	0.00e+00	0.00e+00	0.00e+00	0.00e+00	0.00e+00	0.00e+00	7.42e-01	2.06e-05	2.29e-05
 1.54825e+19	7.51e-01	2.48e-01	3.98e-04	0.00e+00	0.00e+00	0.00e+00	0.00e+00	0.00e+00	0.00e+00	7.51e-01	2.03e-05	2.26e-05
 1.58249e+19	7.60e-01	2.39e-01	3.55e-04	0.00e+00	0.00e+00	0.00e+00	0.00e+00	0.00e+00	0.00e+00	7.60e-01	2.01e-05	2.23e-05
 1.61785e+19	7.70e-01	2.30e-01	3.17e-04	0.00e+00	0.00e+00	0.00e+00	0.00e+00	0.00e+00	0.00e+00	7.70e-01	1.98e-05	2.20e-05
 1.65413e+19	7.78e-01	2.22e-01	2.83e-04	0.00e+00	0.00e+00	0.00e+00	0.00e+00	0.00e+00	0.00e+00	7.78e-01	1.95e-05	2.17e-05
 1.69149e+19	7.87e-01	2.13e-01	2.52e-04	0.00e+00	0.00e+00	0.00e+00	0.00e+00	0.00e+00	0.00e+00	7.87e-01	1.92e-05	2.13e-05
 1.73034e+19	7.95e-01	2.05e-01	2.24e-04	0.00e+00	0.00e+00	0.00e+00	0.00e+00	0.00e+00	0.00e+00	7.95e-01	1.89e-05	2.10e-05
 1.77062e+19	8.03e-01	1.97e-01	1.99e-04	0.00e+00	0.00e+00	0.00e+00	0.00e+00	0.00e+00	0.00e+00	8.03e-01	1.86e-05	2.07e-05
 1.81228e+19	8.11e-01	1.89e-01	1.76e-04	0.00e+00	0.00e+00	0.00e+00	0.00e+00	0.00e+00	0.00e+00	8.11e-01	1.83e-05	2.03e-05
 1.85524e+19	8.18e-01	1.82e-01	1.56e-04	0.00e+00	0.00e+00	0.00e+00	0.00e+00	0.00e+00	0.00e+00	8.18e-01	1.80e-05	2.00e-05
 1.89982e+19	8.25e-01	1.75e-01	1.38e-04	0.00e+00	0.00e+00	0.00e+00	0.00e+00	0.00e+00	0.00e+00	8.25e-01	1.78e-05	1.97e-05
 1.94647e+19	8.32e-01	1.68e-01	1.22e-04	0.00e+00	0.00e+00	0.00e+00	0.00e+00	0.00e+00	0.00e+00	8.32e-01	1.75e-05	1.93e-05
 1.99520e+19	8.39e-01	1.61e-01	1.08e-04	0.00e+00	0.00e+00	0.00e+00	0.00e+00	0.00e+00	0.00e+00	8.39e-01	1.72e-05	1.90e-05
 2.04596e+19	8.46e-01	1.54e-01	9.57e-05	0.00e+00	0.00e+00	0.00e+00	0.00e+00	0.00e+00	0.00e+00	8.46e-01	1.69e-05	1.87e-05
 2.09885e+19	8.52e-01	1.48e-01	8.47e-05	0.00e+00	0.00e+00	0.00e+00	0.00e+00	0.00e+00	0.00e+00	8.52e-01	1.66e-05	1.83e-05
 2.15373e+19	8.58e-01	1.42e-01	7.50e-05	0.00e+00	0.00e+00	0.00e+00	0.00e+00	0.00e+00	0.00e+00	8.58e-01	1.63e-05	1.80e-05
 2.21049e+19	8.63e-01	1.37e-01	6.66e-05	0.00e+00	0.00e+00	0.00e+00	0.00e+00	0.00e+00	0.00e+00	8.63e-01	1.61e-05	1.77e-05
 2.26953e+19	8.69e-01	1.31e-01	5.93e-05	0.00e+00	0.00e+00	0.00e+00	0.00e+00	0.00e+00	0.00e+00	8.69e-01	1.58e-05	1.74e-05
 2.33136e+19	8.74e-01	1.26e-01	5.28e-05	0.00e+00	0.00e+00	0.00e+00	0.00e+00	0.00e+00	0.00e+00	8.74e-01	1.55e-05	1.71e-05
 2.39635e+19	8.78e-01	1.22e-01	4.71e-05	0.00e+00	0.00e+00	0.00e+00	0.00e+00	0.00e+00	0.00e+00	8.78e-01	1.53e-05	1.69e-05
 2.46481e+19	8.83e-01	1.17e-01	4.22e-05	0.00e+00	0.00e+00	0.00e+00	0.00e+00	0.00e+00	0.00e+00	8.83e-01	1.51e-05	1.66e-05
 2.53730e+19	8.87e-01	1.13e-01	3.78e-05	0.00e+00	0.00e+00	0.00e+00	0.00e+00	0.00e+00	0.00e+00	8.87e-01	1.48e-05	1.63e-05
 2.61430e+19	8.91e-01	1.09e-01	3.39e-05	0.00e+00	0.00e+00	0.00e+00	0.00e+00	0.00e+00	0.00e+00	8.91e-01	1.46e-05	1.61e-05
 2.69622e+19	8.95e-01	1.05e-01	3.05e-05	0.00e+00	0.00e+00	0.00e+00	0.00e+00	0.00e+00	0.00e+00	8.95e-01	1.44e-05	1.58e-05
 2.78375e+19	8.99e-01	1.01e-01	2.74e-05	0.00e+00	0.00e+00	0.00e+00	0.00e+00	0.00e+00	0.00e+00	8.99e-01	1.42e-05	1.56e-05
 2.87787e+19	9.02e-01	9.75e-02	2.47e-05	0.00e+00	0.00e+00	0.00e+00	0.00e+00	0.00e+00	0.00e+00	9.02e-01	1.40e-05	1.54e-05
 2.97937e+19	9.06e-01	9.41e-02	2.23e-05	0.00e+00	0.00e+00	0.00e+00	0.00e+00	0.00e+00	0.00e+00	9.06e-01	1.38e-05	1.51e-05
 3.08882e+19	9.09e-01	9.09e-02	2.02e-05	0.00e+00	0.00e+00	0.00e+00	0.00e+00	0.00e+00	0.00e+00	9.09e-01	1.36e-05	1.49e-05
 3.20677e+19	9.12e-01	8.78e-02	1.83e-05	0.00e+00	0.00e+00	0.00e+00	0.00e+00	0.00e+00	0.00e+00	9.12e-01	1.34e-05	1.47e-05
 3.33327e+19	9.15e-01	8.48e-02	1.66e-05	0.00e+00	0.00e+00	0.00e+00	0.00e+00	0.00e+00	0.00e+00	9.15e-01	1.32e-05	1.45e-05
 3.46971e+19	9.18e-01	8.19e-02	1.51e-05	0.00e+00	0.00e+00	0.00e+00	0.00e+00	0.00e+00	0.00e+00	9.18e-01	1.30e-05	1.43e-05
 3.61739e+19	9.21e-01	7.91e-02	1.37e-05	0.00e+00	0.00e+00	0.00e+00	0.00e+00	0.00e+00	0.00e+00	9.21e-01	1.28e-05	1.41e-05
 3.77536e+19	9.24e-01	7.63e-02	1.24e-05	0.00e+00	0.00e+00	0.00e+00	0.00e+00	0.00e+00	0.00e+00	9.24e-01	1.27e-05	1.39e-05
 3.94327e+19	9.26e-01	7.36e-02	1.13e-05	0.00e+00	0.00e+00	0.00e+00	0.00e+00	0.00e+00	0.00e+00	9.26e-01	1.25e-05	1.36e-05
 4.12103e+19	9.29e-01	7.11e-02	1.03e-05	0.00e+00	0.00e+00	0.00e+00	0.00e+00	0.00e+00	0.00e+00	9.29e-01	1.23e-05	1.34e-05
 4.30879e+19	9.31e-01	6.86e-02	9.46e-06	0.00e+00	0.00e+00	0.00e+00	0.00e+00	0.00e+00	0.00e+00	9.31e-01	1.21e-05	1.31e-05
 4.50662e+19	9.34e-01	6.61e-02	8.66e-06	0.00e+00	0.00e+00	0.00e+00	0.00e+00	0.00e+00	0.00e+00	9.34e-01	1.19e-05	1.28e-05
 4.71376e+19	9.36e-01	6.37e-02	7.93e-06	0.00e+00	0.00e+00	0.00e+00	0.00e+00	0.00e+00	0.00e+00	9.36e-01	1.17e-05	1.26e-05
 4.93105e+19	9.39e-01	6.14e-02	7.29e-06	0.00e+00	0.00e+00	0.00e+00	0.00e+00	0.00e+00	0.00e+00	9.39e-01	1.15e-05	1.23e-05
 5.15776e+19	9.41e-01	5.92e-02	6.70e-06	0.00e+00	0.00e+00	0.00e+00	0.00e+00	0.00e+00	0.00e+00	9.41e-01	1.14e-05	1.21e-05
 5.39235e+19	9.43e-01	5.71e-02	6.19e-06	0.00e+00	0.00e+00	0.00e+00	0.00e+00	0.00e+00	0.00e+00	9.43e-01	1.12e-05	1.19e-05
 5.63496e+19	9.45e-01	5.50e-02	5.72e-06	0.00e+00	0.00e+00	0.00e+00	0.00e+00	0.00e+00	0.00e+00	9.45e-01	1.10e-05	1.17e-05
 5.88635e+19	9.47e-01	5.30e-02	5.30e-06	0.00e+00	0.00e+00	0.00e+00	0.00e+00	0.00e+00	0.00e+00	9.47e-01	1.09e-05	1.14e-05
 6.14739e+19	9.49e-01	5.11e-02	4.93e-06	0.00e+00	0.00e+00	0.00e+00	0.00e+00	0.00e+00	0.00e+00	9.49e-01	1.07e-05	1.12e-05
 6.41686e+19	9.51e-01	4.92e-02	4.59e-06	0.00e+00	0.00e+00	0.00e+00	0.00e+00	0.00e+00	0.00e+00	9.51e-01	1.06e-05	1.11e-05
 6.68867e+19	9.53e-01	4.74e-02	4.29e-06	0.00e+00	0.00e+00	0.00e+00	0.00e+00	0.00e+00	0.00e+00	9.53e-01	1.05e-05	1.09e-05
 6.95630e+19	9.54e-01	4.58e-02	4.04e-06	0.00e+00	0.00e+00	0.00e+00	0.00e+00	0.00e+00	0.00e+00	9.54e-01	1.03e-05	1.07e-05
 7.21903e+19	9.56e-01	4.43e-02	3.82e-06	0.00e+00	0.00e+00	0.00e+00	0.00e+00	0.00e+00	0.00e+00	9.56e-01	1.02e-05	1.05e-05
 7.47794e+19	9.57e-01	4.28e-02	3.63e-06	0.00e+00	0.00e+00	0.00e+00	0.00e+00	0.00e+00	0.00e+00	9.57e-01	1.01e-05	1.04e-05
 7.73237e+19	9.58e-01	4.15e-02	3.46e-06	0.00e+00	0.00e+00	0.00e+00	0.00e+00	0.00e+00	0.00e+00	9.58e-01	9.98e-06	1.02e-05
 7.98158e+19	9.60e-01	4.02e-02	3.31e-06	0.00e+00	0.00e+00	0.00e+00	0.00e+00	0.00e+00	0.00e+00	9.60e-01	9.87e-06	1.01e-05
 8.22461e+19	9.61e-01	3.91e-02	3.18e-06	0.00e+00	0.00e+00	0.00e+00	0.00e+00	0.00e+00	0.00e+00	9.61e-01	9.76e-06	9.99e-06
 8.45931e+19	9.62e-01	3.79e-02	3.07e-06	0.00e+00	0.00e+00	0.00e+00	0.00e+00	0.00e+00	0.00e+00	9.62e-01	9.67e-06	9.87e-06
 8.68440e+19	9.63e-01	3.69e-02	2.97e-06	0.00e+00	0.00e+00	0.00e+00	0.00e+00	0.00e+00	0.00e+00	9.63e-01	9.57e-06	9.75e-06
 8.89925e+19	9.64e-01	3.59e-02	2.88e-06	0.00e+00	0.00e+00	0.00e+00	0.00e+00	0.00e+00	0.00e+00	9.64e-01	9.49e-06	9.65e-06
 9.10318e+19	9.65e-01	3.50e-02	2.81e-06	0.00e+00	0.00e+00	0.00e+00	0.00e+00	0.00e+00	0.00e+00	9.65e-01	9.40e-06	9.55e-06
 9.29620e+19	9.66e-01	3.42e-02	2.74e-06	0.00e+00	0.00e+00	0.00e+00	0.00e+00	0.00e+00	0.00e+00	9.66e-01	9.32e-06	9.45e-06
