#depth	He	He+	He+2
 1.29601e+17	2.44e-03	3.57e-01	6.41e-01
 7.77607e+17	2.44e-03	3.57e-01	6.40e-01
 3.36963e+18	2.43e-03	3.58e-01	6.40e-01
 1.37377e+19	2.41e-03	3.61e-01	6.37e-01
 3.28150e+19	2.30e-03	3.58e-01	6.40e-01
 5.76155e+19	2.25e-03	3.62e-01	6.36e-01
 8.98561e+19	2.25e-03	3.73e-01	6.25e-01
 1.31769e+20	2.33e-03	3.95e-01	6.03e-01
 1.86256e+20	2.52e-03	4.30e-01	5.67e-01
 2.57088e+20	2.89e-03	4.87e-01	5.10e-01
 3.43902e+20	3.52e-03	5.67e-01	4.29e-01
 4.27736e+20	4.27e-03	6.49e-01	3.47e-01
 4.88520e+20	4.89e-03	7.04e-01	2.91e-01
 5.29428e+20	5.35e-03	7.37e-01	2.58e-01
 5.63142e+20	5.76e-03	7.62e-01	2.32e-01
 6.01170e+20	6.26e-03	7.88e-01	2.06e-01
 6.41242e+20	6.80e-03	8.11e-01	1.83e-01
 6.75007e+20	7.27e-03	8.27e-01	1.65e-01
 7.04786e+20	7.72e-03	8.41e-01	1.52e-01
 7.38347e+20	8.28e-03	8.54e-01	1.37e-01
 7.73719e+20	8.91e-03	8.67e-01	1.24e-01
 8.03221e+20	9.47e-03	8.75e-01	1.15e-01
 8.28656e+20	1.00e-02	8.82e-01	1.08e-01
 8.57025e+20	1.07e-02	8.90e-01	9.95e-02
 8.87350e+20	1.15e-02	8.96e-01	9.21e-02
 9.13194e+20	1.23e-02	9.01e-01	8.65e-02
 9.35542e+20	1.31e-02	9.05e-01	8.19e-02
 9.60365e+20	1.40e-02	9.09e-01	7.69e-02
 9.86964e+20	1.52e-02	9.13e-01	7.22e-02
 1.00981e+21	1.64e-02	9.15e-01	6.85e-02
 1.02971e+21	1.76e-02	9.17e-01	6.55e-02
 1.05184e+21	1.92e-02	9.19e-01	6.20e-02
 1.07554e+21	2.11e-02	9.20e-01	5.89e-02
 1.09623e+21	2.32e-02	9.20e-01	5.63e-02
 1.11343e+21	2.52e-02	9.20e-01	5.44e-02
 1.12830e+21	2.72e-02	9.20e-01	5.27e-02
 1.14253e+21	2.95e-02	9.19e-01	5.12e-02
 1.15650e+21	3.19e-02	9.18e-01	4.98e-02
 1.16992e+21	3.48e-02	9.17e-01	4.85e-02
 1.18239e+21	3.77e-02	9.15e-01	4.74e-02
 1.19394e+21	4.09e-02	9.13e-01	4.64e-02
 1.20494e+21	4.41e-02	9.10e-01	4.56e-02
 1.21729e+21	4.84e-02	9.07e-01	4.47e-02
 1.23007e+21	5.34e-02	9.03e-01	4.39e-02
 1.24048e+21	5.79e-02	8.99e-01	4.33e-02
 1.24960e+21	6.25e-02	8.95e-01	4.28e-02
 1.25998e+21	6.84e-02	8.89e-01	4.22e-02
 1.27133e+21	7.56e-02	8.83e-01	4.17e-02
 1.28151e+21	8.26e-02	8.76e-01	4.14e-02
 1.29210e+21	9.11e-02	8.68e-01	4.10e-02
 1.30362e+21	1.01e-01	8.58e-01	4.08e-02
 1.31447e+21	1.12e-01	8.48e-01	4.05e-02
 1.32498e+21	1.24e-01	8.36e-01	4.04e-02
 1.33526e+21	1.36e-01	8.24e-01	4.02e-02
 1.34481e+21	1.49e-01	8.11e-01	4.02e-02
 1.35369e+21	1.62e-01	7.98e-01	4.01e-02
 1.36220e+21	1.75e-01	7.85e-01	4.00e-02
 1.37045e+21	1.89e-01	7.71e-01	4.00e-02
 1.37700e+21	2.01e-01	7.59e-01	4.00e-02
 1.38147e+21	2.09e-01	7.51e-01	4.00e-02
 1.38573e+21	2.17e-01	7.43e-01	3.99e-02
 1.39062e+21	2.27e-01	7.33e-01	3.98e-02
 1.39590e+21	2.38e-01	7.22e-01	3.97e-02
 1.40118e+21	2.50e-01	7.10e-01	3.96e-02
 1.40637e+21	2.61e-01	6.99e-01	3.96e-02
 1.41165e+21	2.74e-01	6.87e-01	3.94e-02
 1.41700e+21	2.87e-01	6.74e-01	3.93e-02
 1.42245e+21	3.00e-01	6.61e-01	3.90e-02
 1.42799e+21	3.14e-01	6.47e-01	3.89e-02
 1.43361e+21	3.29e-01	6.32e-01	3.86e-02
 1.43941e+21	3.44e-01	6.17e-01	3.83e-02
 1.44538e+21	3.61e-01	6.01e-01	3.79e-02
 1.45148e+21	3.77e-01	5.85e-01	3.76e-02
 1.45774e+21	3.95e-01	5.68e-01	3.71e-02
 1.46430e+21	4.13e-01	5.50e-01	3.66e-02
 1.47119e+21	4.32e-01	5.32e-01	3.60e-02
 1.47835e+21	4.52e-01	5.13e-01	3.53e-02
 1.48587e+21	4.72e-01	4.93e-01	3.46e-02
 1.49397e+21	4.93e-01	4.73e-01	3.38e-02
 1.50263e+21	5.15e-01	4.52e-01	3.28e-02
 1.51189e+21	5.36e-01	4.32e-01	3.18e-02
 1.52189e+21	5.58e-01	4.11e-01	3.07e-02
 1.53275e+21	5.79e-01	3.92e-01	2.96e-02
 1.54485e+21	5.99e-01	3.73e-01	2.83e-02
 1.55867e+21	6.19e-01	3.54e-01	2.71e-02
 1.57327e+21	6.35e-01	3.39e-01	2.59e-02
 1.58762e+21	6.48e-01	3.27e-01	2.48e-02
 1.60175e+21	6.59e-01	3.17e-01	2.39e-02
 1.61790e+21	6.69e-01	3.08e-01	2.30e-02
 1.63889e+21	6.80e-01	2.98e-01	2.18e-02
 1.66618e+21	6.91e-01	2.88e-01	2.06e-02
 1.70165e+21	7.03e-01	2.78e-01	1.92e-02
 1.74777e+21	7.15e-01	2.67e-01	1.76e-02
 1.80660e+21	7.29e-01	2.55e-01	1.59e-02
 1.87470e+21	7.43e-01	2.43e-01	1.42e-02
 1.94562e+21	7.56e-01	2.31e-01	1.28e-02
 2.01825e+21	7.68e-01	2.20e-01	1.15e-02
 2.09476e+21	7.80e-01	2.10e-01	1.03e-02
 2.17675e+21	7.92e-01	1.99e-01	9.21e-03
 2.26411e+21	8.03e-01	1.89e-01	8.22e-03
 2.35651e+21	8.13e-01	1.79e-01	7.34e-03
 2.45439e+21	8.24e-01	1.70e-01	6.54e-03
 2.55870e+21	8.33e-01	1.61e-01	5.82e-03
 2.67014e+21	8.43e-01	1.52e-01	5.17e-03
 2.78934e+21	8.52e-01	1.43e-01	4.58e-03
 2.91701e+21	8.61e-01	1.35e-01	4.05e-03
 3.05424e+21	8.69e-01	1.27e-01	3.58e-03
 3.20208e+21	8.77e-01	1.20e-01	3.15e-03
 3.36155e+21	8.85e-01	1.12e-01	2.77e-03
 3.53551e+21	8.92e-01	1.05e-01	2.42e-03
 3.72568e+21	8.99e-01	9.85e-02	2.11e-03
 3.93282e+21	9.06e-01	9.20e-02	1.84e-03
 4.16075e+21	9.13e-01	8.59e-02	1.60e-03
 4.41420e+21	9.19e-01	7.99e-02	1.38e-03
 4.69700e+21	9.25e-01	7.42e-02	1.19e-03
 5.01386e+21	9.30e-01	6.88e-02	1.02e-03
 5.37510e+21	9.35e-01	6.37e-02	8.70e-04
 5.79295e+21	9.40e-01	5.88e-02	7.39e-04
 6.28064e+21	9.45e-01	5.42e-02	6.27e-04
 6.86014e+21	9.50e-01	4.98e-02	5.29e-04
 7.53492e+21	9.54e-01	4.59e-02	4.49e-04
 8.28841e+21	9.57e-01	4.27e-02	3.86e-04
 9.11725e+21	9.60e-01	4.00e-02	3.38e-04
 1.00290e+22	9.62e-01	3.77e-02	3.00e-04
 1.10319e+22	9.64e-01	3.59e-02	2.71e-04
 1.21351e+22	9.65e-01	3.44e-02	2.49e-04
 1.33486e+22	9.67e-01	3.32e-02	2.31e-04
 1.46834e+22	9.68e-01	3.23e-02	2.18e-04
 1.61518e+22	9.68e-01	3.15e-02	2.07e-04
 1.76177e+22	9.69e-01	3.09e-02	1.99e-04
 1.89416e+22	9.69e-01	3.05e-02	1.94e-04
 2.01331e+22	9.70e-01	3.03e-02	1.91e-04
 2.12055e+22	9.70e-01	3.01e-02	1.88e-04
 2.21706e+22	9.70e-01	2.99e-02	1.86e-04
 2.30392e+22	9.70e-01	2.98e-02	1.85e-04
 2.38210e+22	9.70e-01	2.97e-02	1.84e-04
 2.45246e+22	9.70e-01	2.97e-02	1.83e-04
 2.51578e+22	9.70e-01	2.96e-02	1.82e-04
 2.57277e+22	9.70e-01	2.96e-02	1.82e-04
 2.62406e+22	9.70e-01	2.95e-02	1.82e-04
 2.67022e+22	9.70e-01	2.95e-02	1.81e-04
 2.71177e+22	9.70e-01	2.95e-02	1.81e-04
 2.74916e+22	9.70e-01	2.95e-02	1.81e-04
 2.78281e+22	9.70e-01	2.95e-02	1.81e-04
 2.81418e+22	9.70e-01	2.95e-02	1.81e-04
 2.84504e+22	9.70e-01	2.95e-02	1.81e-04
 2.87589e+22	9.70e-01	2.95e-02	1.81e-04
 2.90675e+22	9.70e-01	2.95e-02	1.81e-04
 2.93761e+22	9.70e-01	2.95e-02	1.82e-04
 2.96846e+22	9.70e-01	2.95e-02	1.82e-04
 2.99932e+22	9.70e-01	2.95e-02	1.82e-04
 3.03018e+22	9.70e-01	2.96e-02	1.82e-04
 3.06103e+22	9.70e-01	2.96e-02	1.82e-04
 3.08107e+22	9.70e-01	2.96e-02	1.83e-04
