#depth	O	O+	O+2	O+3	O+4	O+5	O+6	O+7	O+8	O[1]	O[2]	O[3]
 1.45566e+18	1.20e-07	1.48e-04	2.92e-02	3.77e-01	4.29e-01	1.37e-01	2.71e-02	3.32e-05	0.00e+00	1.20e-07	9.27e-13	1.02e-12
 8.73397e+18	1.19e-07	1.48e-04	2.93e-02	3.78e-01	4.29e-01	1.37e-01	2.71e-02	3.31e-05	0.00e+00	1.19e-07	9.19e-13	1.01e-12
 3.78472e+19	1.15e-07	1.47e-04	2.97e-02	3.79e-01	4.28e-01	1.36e-01	2.69e-02	3.28e-05	0.00e+00	1.15e-07	8.95e-13	9.83e-13
 1.54300e+20	1.05e-07	1.44e-04	3.13e-02	3.85e-01	4.24e-01	1.33e-01	2.61e-02	3.17e-05	0.00e+00	1.05e-07	8.14e-13	8.94e-13
 3.68574e+20	7.90e-08	1.34e-04	3.34e-02	3.93e-01	4.18e-01	1.30e-01	2.56e-02	3.15e-05	0.00e+00	7.90e-08	6.12e-13	6.72e-13
 6.47129e+20	7.09e-08	1.36e-04	3.69e-02	4.05e-01	4.10e-01	1.24e-01	2.41e-02	2.95e-05	0.00e+00	7.09e-08	5.49e-13	6.03e-13
 1.00925e+21	7.08e-08	1.48e-04	4.24e-02	4.20e-01	3.99e-01	1.17e-01	2.21e-02	2.66e-05	0.00e+00	7.08e-08	5.48e-13	6.02e-13
 1.48001e+21	7.85e-08	1.73e-04	5.15e-02	4.39e-01	3.83e-01	1.07e-01	1.94e-02	2.29e-05	0.00e+00	7.85e-08	6.08e-13	6.68e-13
 1.94318e+21	8.52e-08	2.00e-04	6.20e-02	4.57e-01	3.66e-01	9.71e-02	1.72e-02	1.99e-05	0.00e+00	8.52e-08	6.60e-13	7.25e-13
 2.29431e+21	9.67e-08	2.32e-04	7.25e-02	4.70e-01	3.52e-01	8.95e-02	1.55e-02	1.77e-05	0.00e+00	9.67e-08	7.48e-13	8.22e-13
 2.59642e+21	1.13e-07	2.74e-04	8.38e-02	4.82e-01	3.38e-01	8.26e-02	1.40e-02	1.56e-05	0.00e+00	1.13e-07	8.78e-13	9.64e-13
 2.93698e+21	1.43e-07	3.40e-04	1.00e-01	4.93e-01	3.20e-01	7.45e-02	1.22e-02	1.33e-05	0.00e+00	1.43e-07	1.11e-12	1.21e-12
 3.28704e+21	1.78e-07	4.22e-04	1.20e-01	5.03e-01	2.99e-01	6.62e-02	1.05e-02	1.13e-05	0.00e+00	1.78e-07	1.38e-12	1.52e-12
 3.56854e+21	2.19e-07	5.11e-04	1.41e-01	5.09e-01	2.81e-01	5.94e-02	9.18e-03	9.73e-06	0.00e+00	2.19e-07	1.70e-12	1.86e-12
 3.80721e+21	2.66e-07	6.12e-04	1.62e-01	5.13e-01	2.63e-01	5.33e-02	8.06e-03	8.44e-06	0.00e+00	2.66e-07	2.07e-12	2.27e-12
 4.07114e+21	3.43e-07	7.65e-04	1.91e-01	5.14e-01	2.41e-01	4.65e-02	6.81e-03	7.03e-06	0.00e+00	3.43e-07	2.66e-12	2.92e-12
 4.33994e+21	4.38e-07	9.51e-04	2.25e-01	5.11e-01	2.18e-01	3.97e-02	5.66e-03	5.76e-06	0.00e+00	4.38e-07	3.40e-12	3.72e-12
 4.53784e+21	5.23e-07	1.12e-03	2.55e-01	5.05e-01	1.99e-01	3.48e-02	4.86e-03	4.91e-06	0.00e+00	5.23e-07	4.07e-12	4.45e-12
 4.68631e+21	6.10e-07	1.27e-03	2.80e-01	4.99e-01	1.84e-01	3.11e-02	4.25e-03	4.27e-06	0.00e+00	6.10e-07	4.74e-12	5.19e-12
 4.84774e+21	7.32e-07	1.49e-03	3.10e-01	4.90e-01	1.67e-01	2.71e-02	3.62e-03	3.60e-06	0.00e+00	7.32e-07	5.68e-12	6.22e-12
 5.02297e+21	8.34e-07	1.67e-03	3.45e-01	4.78e-01	1.50e-01	2.32e-02	3.02e-03	2.98e-06	0.00e+00	8.34e-07	6.48e-12	7.10e-12
 5.21612e+21	1.10e-06	2.08e-03	3.89e-01	4.59e-01	1.29e-01	1.90e-02	2.37e-03	2.30e-06	0.00e+00	1.10e-06	8.53e-12	9.34e-12
 5.39372e+21	1.30e-06	2.40e-03	4.28e-01	4.40e-01	1.12e-01	1.57e-02	1.90e-03	1.82e-06	0.00e+00	1.30e-06	1.01e-11	1.11e-11
 5.52346e+21	1.50e-06	2.68e-03	4.59e-01	4.23e-01	9.97e-02	1.34e-02	1.58e-03	1.50e-06	0.00e+00	1.50e-06	1.16e-11	1.27e-11
 5.66445e+21	1.77e-06	3.04e-03	4.95e-01	4.03e-01	8.65e-02	1.11e-02	1.26e-03	1.18e-06	0.00e+00	1.77e-06	1.37e-11	1.51e-11
 5.82260e+21	2.10e-06	3.46e-03	5.34e-01	3.79e-01	7.35e-02	9.00e-03	9.81e-04	9.02e-07	0.00e+00	2.10e-06	1.63e-11	1.79e-11
 5.96483e+21	2.44e-06	3.86e-03	5.68e-01	3.57e-01	6.30e-02	7.37e-03	7.72e-04	6.98e-07	0.00e+00	2.44e-06	1.89e-11	2.08e-11
 6.08545e+21	2.78e-06	4.24e-03	5.96e-01	3.38e-01	5.49e-02	6.17e-03	6.23e-04	5.53e-07	0.00e+00	2.78e-06	2.15e-11	2.36e-11
 6.21620e+21	3.25e-06	4.71e-03	6.28e-01	3.15e-01	4.67e-02	5.02e-03	4.84e-04	4.20e-07	0.00e+00	3.25e-06	2.51e-11	2.76e-11
 6.35817e+21	3.79e-06	5.22e-03	6.59e-01	2.92e-01	3.93e-02	4.03e-03	3.72e-04	3.15e-07	0.00e+00	3.79e-06	2.92e-11	3.22e-11
 6.47467e+21	4.29e-06	5.66e-03	6.83e-01	2.73e-01	3.41e-02	3.37e-03	2.98e-04	2.47e-07	0.00e+00	4.29e-06	3.31e-11	3.64e-11
 6.56504e+21	4.74e-06	6.02e-03	7.01e-01	2.59e-01	3.05e-02	2.92e-03	2.50e-04	2.03e-07	0.00e+00	4.74e-06	3.65e-11	4.02e-11
 6.66149e+21	5.31e-06	6.47e-03	7.21e-01	2.43e-01	2.69e-02	2.49e-03	2.05e-04	1.63e-07	0.00e+00	5.31e-06	4.09e-11	4.51e-11
 6.78687e+21	6.19e-06	7.09e-03	7.44e-01	2.24e-01	2.28e-02	2.02e-03	1.58e-04	1.22e-07	0.00e+00	6.19e-06	4.76e-11	5.26e-11
 6.91216e+21	7.11e-06	7.69e-03	7.65e-01	2.06e-01	1.95e-02	1.67e-03	1.24e-04	0.00e+00	0.00e+00	7.11e-06	5.45e-11	6.03e-11
 7.01460e+21	7.98e-06	8.21e-03	7.81e-01	1.93e-01	1.72e-02	1.42e-03	1.02e-04	0.00e+00	0.00e+00	7.98e-06	6.11e-11	6.77e-11
 7.12505e+21	9.13e-06	8.87e-03	7.97e-01	1.78e-01	1.49e-02	1.19e-03	8.11e-05	0.00e+00	0.00e+00	9.13e-06	6.99e-11	7.75e-11
 7.26864e+21	1.09e-05	9.77e-03	8.17e-01	1.60e-01	1.25e-02	9.47e-04	6.08e-05	0.00e+00	0.00e+00	1.09e-05	8.31e-11	9.23e-11
 7.41587e+21	1.29e-05	1.07e-02	8.34e-01	1.44e-01	1.06e-02	7.63e-04	4.62e-05	0.00e+00	0.00e+00	1.29e-05	9.84e-11	1.09e-10
 7.54218e+21	1.50e-05	1.16e-02	8.47e-01	1.31e-01	9.18e-03	6.35e-04	3.65e-05	0.00e+00	0.00e+00	1.50e-05	1.14e-10	1.27e-10
 7.68071e+21	1.78e-05	1.27e-02	8.61e-01	1.18e-01	7.88e-03	5.18e-04	2.81e-05	0.00e+00	0.00e+00	1.78e-05	1.35e-10	1.51e-10
 7.86079e+21	2.23e-05	1.42e-02	8.76e-01	1.03e-01	6.54e-03	4.00e-04	2.03e-05	0.00e+00	0.00e+00	2.23e-05	1.69e-10	1.89e-10
 8.05364e+21	2.83e-05	1.60e-02	8.89e-01	8.88e-02	5.47e-03	3.09e-04	1.46e-05	0.00e+00	0.00e+00	2.83e-05	2.15e-10	2.40e-10
 8.23196e+21	3.57e-05	1.79e-02	9.00e-01	7.73e-02	4.70e-03	2.44e-04	1.09e-05	0.00e+00	0.00e+00	3.57e-05	2.70e-10	3.02e-10
 8.43265e+21	4.68e-05	2.04e-02	9.10e-01	6.58e-02	4.00e-03	1.87e-04	7.84e-06	0.00e+00	0.00e+00	4.68e-05	3.53e-10	3.96e-10
 8.69355e+21	6.75e-05	2.44e-02	9.19e-01	5.31e-02	3.32e-03	1.32e-04	5.24e-06	0.00e+00	0.00e+00	6.75e-05	5.08e-10	5.71e-10
 8.96683e+21	1.02e-04	2.97e-02	9.25e-01	4.22e-02	2.82e-03	9.22e-05	3.50e-06	0.00e+00	0.00e+00	1.02e-04	7.65e-10	8.62e-10
 9.19380e+21	1.49e-04	3.56e-02	9.27e-01	3.44e-02	2.50e-03	6.74e-05	2.52e-06	0.00e+00	0.00e+00	1.49e-04	1.11e-09	1.26e-09
 9.34094e+21	1.94e-04	4.04e-02	9.27e-01	3.01e-02	2.33e-03	5.47e-05	2.04e-06	0.00e+00	0.00e+00	1.94e-04	1.45e-09	1.63e-09
 9.41861e+21	2.24e-04	4.33e-02	9.26e-01	2.79e-02	2.25e-03	4.87e-05	1.82e-06	0.00e+00	0.00e+00	2.24e-04	1.67e-09	1.89e-09
 9.49148e+21	2.58e-04	4.64e-02	9.25e-01	2.58e-02	2.17e-03	4.34e-05	1.63e-06	0.00e+00	0.00e+00	2.58e-04	1.93e-09	2.18e-09
 9.58621e+21	3.13e-04	5.09e-02	9.23e-01	2.33e-02	2.07e-03	3.72e-05	1.41e-06	0.00e+00	0.00e+00	3.13e-04	2.33e-09	2.64e-09
 9.69157e+21	3.89e-04	5.67e-02	9.20e-01	2.08e-02	1.98e-03	3.13e-05	1.20e-06	0.00e+00	0.00e+00	3.89e-04	2.90e-09	3.28e-09
 9.78642e+21	4.79e-04	6.27e-02	9.16e-01	1.86e-02	1.90e-03	2.66e-05	1.04e-06	0.00e+00	0.00e+00	4.79e-04	3.56e-09	4.04e-09
 9.86709e+21	5.77e-04	6.87e-02	9.12e-01	1.69e-02	1.83e-03	2.30e-05	9.15e-07	0.00e+00	0.00e+00	5.77e-04	4.28e-09	4.85e-09
 9.94236e+21	6.91e-04	7.51e-02	9.07e-01	1.54e-02	1.77e-03	2.00e-05	8.10e-07	0.00e+00	0.00e+00	6.91e-04	5.12e-09	5.81e-09
 1.00289e+22	8.60e-04	8.37e-02	9.00e-01	1.37e-02	1.70e-03	1.69e-05	6.99e-07	0.00e+00	0.00e+00	8.60e-04	6.37e-09	7.23e-09
 1.01178e+22	1.08e-03	9.40e-02	8.91e-01	1.21e-02	1.63e-03	1.41e-05	6.00e-07	0.00e+00	0.00e+00	1.08e-03	8.03e-09	9.10e-09
 1.01884e+22	1.32e-03	1.03e-01	8.83e-01	1.09e-02	1.57e-03	1.21e-05	5.28e-07	0.00e+00	0.00e+00	1.32e-03	9.74e-09	1.10e-08
 1.02477e+22	1.56e-03	1.13e-01	8.74e-01	9.96e-03	1.52e-03	1.06e-05	4.72e-07	0.00e+00	0.00e+00	1.56e-03	1.16e-08	1.31e-08
 1.03136e+22	1.91e-03	1.25e-01	8.63e-01	8.93e-03	1.47e-03	9.07e-06	4.14e-07	0.00e+00	0.00e+00	1.91e-03	1.41e-08	1.60e-08
 1.03845e+22	2.38e-03	1.39e-01	8.49e-01	7.91e-03	1.41e-03	7.62e-06	3.57e-07	0.00e+00	0.00e+00	2.38e-03	1.76e-08	1.99e-08
 1.04454e+22	2.90e-03	1.54e-01	8.35e-01	7.07e-03	1.35e-03	6.51e-06	3.13e-07	0.00e+00	0.00e+00	2.90e-03	2.14e-08	2.42e-08
 1.04974e+22	3.46e-03	1.68e-01	8.21e-01	6.39e-03	1.30e-03	5.64e-06	2.77e-07	0.00e+00	0.00e+00	3.46e-03	2.56e-08	2.89e-08
 1.05544e+22	4.25e-03	1.86e-01	8.03e-01	5.67e-03	1.24e-03	4.77e-06	2.40e-07	0.00e+00	0.00e+00	4.25e-03	3.14e-08	3.54e-08
 1.06150e+22	5.32e-03	2.07e-01	7.81e-01	4.97e-03	1.18e-03	3.96e-06	2.05e-07	0.00e+00	0.00e+00	5.31e-03	3.93e-08	4.42e-08
 1.06659e+22	6.46e-03	2.28e-01	7.60e-01	4.41e-03	1.12e-03	3.36e-06	1.78e-07	0.00e+00	0.00e+00	6.46e-03	4.77e-08	5.35e-08
 1.07097e+22	7.68e-03	2.48e-01	7.39e-01	3.95e-03	1.07e-03	2.89e-06	1.56e-07	0.00e+00	0.00e+00	7.68e-03	5.68e-08	6.36e-08
 1.07583e+22	9.42e-03	2.74e-01	7.12e-01	3.46e-03	1.01e-03	2.40e-06	1.33e-07	0.00e+00	0.00e+00	9.42e-03	6.96e-08	7.77e-08
 1.08101e+22	1.17e-02	3.04e-01	6.81e-01	2.99e-03	9.37e-04	1.96e-06	0.00e+00	0.00e+00	0.00e+00	1.17e-02	8.67e-08	9.65e-08
 1.08542e+22	1.42e-02	3.32e-01	6.50e-01	2.61e-03	8.74e-04	1.63e-06	0.00e+00	0.00e+00	0.00e+00	1.42e-02	1.05e-07	1.17e-07
 1.08926e+22	1.69e-02	3.60e-01	6.20e-01	2.29e-03	8.15e-04	1.37e-06	0.00e+00	0.00e+00	0.00e+00	1.69e-02	1.25e-07	1.38e-07
 1.09354e+22	2.07e-02	3.94e-01	5.83e-01	1.96e-03	7.45e-04	1.11e-06	0.00e+00	0.00e+00	0.00e+00	2.07e-02	1.53e-07	1.69e-07
 1.09811e+22	2.57e-02	4.32e-01	5.40e-01	1.65e-03	6.70e-04	8.69e-07	0.00e+00	0.00e+00	0.00e+00	2.57e-02	1.89e-07	2.08e-07
 1.10206e+22	3.12e-02	4.68e-01	4.99e-01	1.39e-03	6.00e-04	6.91e-07	0.00e+00	0.00e+00	0.00e+00	3.12e-02	2.29e-07	2.51e-07
 1.10554e+22	3.71e-02	5.01e-01	4.60e-01	1.19e-03	5.38e-04	5.54e-07	0.00e+00	0.00e+00	0.00e+00	3.71e-02	2.72e-07	2.97e-07
 1.10942e+22	4.52e-02	5.39e-01	4.14e-01	9.82e-04	4.68e-04	4.24e-07	0.00e+00	0.00e+00	0.00e+00	4.52e-02	3.29e-07	3.59e-07
 1.11331e+22	5.50e-02	5.77e-01	3.67e-01	8.01e-04	3.99e-04	3.18e-07	0.00e+00	0.00e+00	0.00e+00	5.50e-02	3.98e-07	4.33e-07
 1.11626e+22	6.40e-02	6.05e-01	3.30e-01	6.77e-04	3.48e-04	2.50e-07	0.00e+00	0.00e+00	0.00e+00	6.40e-02	4.61e-07	5.01e-07
 1.11871e+22	7.28e-02	6.28e-01	2.98e-01	5.83e-04	3.06e-04	2.01e-07	0.00e+00	0.00e+00	0.00e+00	7.28e-02	5.20e-07	5.65e-07
 1.12145e+22	8.41e-02	6.52e-01	2.63e-01	4.89e-04	2.61e-04	1.55e-07	0.00e+00	0.00e+00	0.00e+00	8.41e-02	5.96e-07	6.47e-07
 1.12450e+22	9.84e-02	6.76e-01	2.25e-01	3.99e-04	2.14e-04	1.14e-07	0.00e+00	0.00e+00	0.00e+00	9.84e-02	6.91e-07	7.49e-07
 1.12727e+22	1.14e-01	6.94e-01	1.92e-01	3.27e-04	1.75e-04	0.00e+00	0.00e+00	0.00e+00	0.00e+00	1.14e-01	7.91e-07	8.57e-07
 1.12970e+22	1.29e-01	7.06e-01	1.64e-01	2.74e-04	1.45e-04	0.00e+00	0.00e+00	0.00e+00	0.00e+00	1.29e-01	8.87e-07	9.60e-07
 1.13235e+22	1.49e-01	7.15e-01	1.36e-01	2.23e-04	1.14e-04	0.00e+00	0.00e+00	0.00e+00	0.00e+00	1.49e-01	1.00e-06	1.09e-06
 1.13525e+22	1.72e-01	7.19e-01	1.08e-01	1.77e-04	8.61e-05	0.00e+00	0.00e+00	0.00e+00	0.00e+00	1.72e-01	1.14e-06	1.24e-06
 1.13788e+22	1.97e-01	7.17e-01	8.57e-02	1.43e-04	6.47e-05	0.00e+00	0.00e+00	0.00e+00	0.00e+00	1.97e-01	1.28e-06	1.39e-06
 1.14031e+22	2.24e-01	7.08e-01	6.75e-02	1.16e-04	4.83e-05	0.00e+00	0.00e+00	0.00e+00	0.00e+00	2.24e-01	1.42e-06	1.54e-06
 1.14306e+22	2.57e-01	6.93e-01	5.02e-02	9.20e-05	3.37e-05	0.00e+00	0.00e+00	0.00e+00	0.00e+00	2.57e-01	1.58e-06	1.71e-06
 1.14581e+22	2.94e-01	6.70e-01	3.64e-02	7.29e-05	2.29e-05	0.00e+00	0.00e+00	0.00e+00	0.00e+00	2.94e-01	1.75e-06	1.89e-06
 1.14785e+22	3.24e-01	6.47e-01	2.80e-02	6.11e-05	1.67e-05	0.00e+00	0.00e+00	0.00e+00	0.00e+00	3.24e-01	1.87e-06	2.02e-06
 1.14949e+22	3.51e-01	6.27e-01	2.24e-02	5.30e-05	1.28e-05	0.00e+00	0.00e+00	0.00e+00	0.00e+00	3.51e-01	1.96e-06	2.12e-06
 1.15128e+22	3.82e-01	6.01e-01	1.72e-02	4.51e-05	9.33e-06	0.00e+00	0.00e+00	0.00e+00	0.00e+00	3.82e-01	2.07e-06	2.23e-06
 1.15320e+22	4.16e-01	5.71e-01	1.28e-02	3.83e-05	6.65e-06	0.00e+00	0.00e+00	0.00e+00	0.00e+00	4.16e-01	2.16e-06	2.33e-06
 1.15489e+22	4.47e-01	5.43e-01	9.82e-03	3.30e-05	4.86e-06	0.00e+00	0.00e+00	0.00e+00	0.00e+00	4.47e-01	2.23e-06	2.41e-06
 1.15638e+22	4.75e-01	5.17e-01	7.67e-03	2.90e-05	3.65e-06	0.00e+00	0.00e+00	0.00e+00	0.00e+00	4.75e-01	2.28e-06	2.47e-06
 1.15777e+22	5.03e-01	4.91e-01	6.04e-03	2.57e-05	2.77e-06	0.00e+00	0.00e+00	0.00e+00	0.00e+00	5.03e-01	2.32e-06	2.51e-06
 1.15910e+22	5.29e-01	4.67e-01	4.78e-03	2.28e-05	2.12e-06	0.00e+00	0.00e+00	0.00e+00	0.00e+00	5.29e-01	2.35e-06	2.54e-06
 1.16035e+22	5.53e-01	4.43e-01	3.83e-03	2.05e-05	1.65e-06	0.00e+00	0.00e+00	0.00e+00	0.00e+00	5.53e-01	2.37e-06	2.56e-06
 1.16148e+22	5.75e-01	4.22e-01	3.13e-03	1.86e-05	1.31e-06	0.00e+00	0.00e+00	0.00e+00	0.00e+00	5.75e-01	2.38e-06	2.56e-06
 1.16254e+22	5.95e-01	4.03e-01	2.58e-03	1.70e-05	1.06e-06	0.00e+00	0.00e+00	0.00e+00	0.00e+00	5.95e-01	2.38e-06	2.56e-06
 1.16341e+22	6.10e-01	3.88e-01	2.23e-03	1.58e-05	8.95e-07	0.00e+00	0.00e+00	0.00e+00	0.00e+00	6.10e-01	2.37e-06	2.56e-06
 1.16401e+22	6.21e-01	3.77e-01	2.00e-03	1.51e-05	7.94e-07	0.00e+00	0.00e+00	0.00e+00	0.00e+00	6.21e-01	2.36e-06	2.55e-06
 1.16460e+22	6.32e-01	3.67e-01	1.80e-03	1.44e-05	7.07e-07	0.00e+00	0.00e+00	0.00e+00	0.00e+00	6.32e-01	2.36e-06	2.54e-06
 1.16526e+22	6.44e-01	3.55e-01	1.60e-03	1.36e-05	6.20e-07	0.00e+00	0.00e+00	0.00e+00	0.00e+00	6.44e-01	2.35e-06	2.53e-06
 1.16596e+22	6.56e-01	3.43e-01	1.42e-03	1.28e-05	5.41e-07	0.00e+00	0.00e+00	0.00e+00	0.00e+00	6.56e-01	2.33e-06	2.51e-06
 1.16666e+22	6.67e-01	3.31e-01	1.26e-03	1.21e-05	4.75e-07	0.00e+00	0.00e+00	0.00e+00	0.00e+00	6.67e-01	2.32e-06	2.50e-06
 1.16735e+22	6.78e-01	3.21e-01	1.12e-03	1.15e-05	4.19e-07	0.00e+00	0.00e+00	0.00e+00	0.00e+00	6.78e-01	2.30e-06	2.48e-06
 1.16805e+22	6.89e-01	3.10e-01	1.00e-03	1.09e-05	3.69e-07	0.00e+00	0.00e+00	0.00e+00	0.00e+00	6.89e-01	2.28e-06	2.46e-06
 1.16877e+22	7.00e-01	2.99e-01	8.96e-04	1.03e-05	3.27e-07	0.00e+00	0.00e+00	0.00e+00	0.00e+00	7.00e-01	2.27e-06	2.44e-06
 1.16951e+22	7.11e-01	2.89e-01	8.02e-04	9.77e-06	2.89e-07	0.00e+00	0.00e+00	0.00e+00	0.00e+00	7.11e-01	2.24e-06	2.41e-06
 1.17026e+22	7.20e-01	2.79e-01	7.21e-04	9.27e-06	2.57e-07	0.00e+00	0.00e+00	0.00e+00	0.00e+00	7.20e-01	2.22e-06	2.39e-06
 1.17104e+22	7.31e-01	2.69e-01	6.49e-04	8.78e-06	2.29e-07	0.00e+00	0.00e+00	0.00e+00	0.00e+00	7.31e-01	2.20e-06	2.36e-06
 1.17185e+22	7.40e-01	2.59e-01	5.87e-04	8.34e-06	2.05e-07	0.00e+00	0.00e+00	0.00e+00	0.00e+00	7.40e-01	2.17e-06	2.34e-06
 1.17269e+22	7.49e-01	2.50e-01	5.32e-04	7.92e-06	1.84e-07	0.00e+00	0.00e+00	0.00e+00	0.00e+00	7.49e-01	2.15e-06	2.31e-06
 1.17359e+22	7.58e-01	2.41e-01	4.85e-04	7.53e-06	1.66e-07	0.00e+00	0.00e+00	0.00e+00	0.00e+00	7.58e-01	2.12e-06	2.28e-06
 1.17455e+22	7.67e-01	2.33e-01	4.42e-04	7.15e-06	1.50e-07	0.00e+00	0.00e+00	0.00e+00	0.00e+00	7.67e-01	2.10e-06	2.25e-06
 1.17558e+22	7.75e-01	2.25e-01	4.07e-04	6.81e-06	1.36e-07	0.00e+00	0.00e+00	0.00e+00	0.00e+00	7.75e-01	2.07e-06	2.22e-06
 1.17669e+22	7.83e-01	2.17e-01	3.76e-04	6.50e-06	1.25e-07	0.00e+00	0.00e+00	0.00e+00	0.00e+00	7.83e-01	2.04e-06	2.19e-06
 1.17791e+22	7.89e-01	2.10e-01	3.50e-04	6.22e-06	0.00e+00	0.00e+00	0.00e+00	0.00e+00	0.00e+00	7.89e-01	2.02e-06	2.17e-06
 1.17927e+22	7.96e-01	2.04e-01	3.29e-04	5.96e-06	0.00e+00	0.00e+00	0.00e+00	0.00e+00	0.00e+00	7.96e-01	2.00e-06	2.14e-06
 1.18077e+22	8.01e-01	1.98e-01	3.12e-04	5.75e-06	0.00e+00	0.00e+00	0.00e+00	0.00e+00	0.00e+00	8.01e-01	1.98e-06	2.12e-06
 1.18232e+22	8.06e-01	1.94e-01	2.99e-04	5.58e-06	0.00e+00	0.00e+00	0.00e+00	0.00e+00	0.00e+00	8.06e-01	1.96e-06	2.10e-06
 1.18382e+22	8.09e-01	1.91e-01	2.90e-04	5.46e-06	0.00e+00	0.00e+00	0.00e+00	0.00e+00	0.00e+00	8.09e-01	1.95e-06	2.09e-06
 1.18531e+22	8.11e-01	1.89e-01	2.84e-04	5.37e-06	0.00e+00	0.00e+00	0.00e+00	0.00e+00	0.00e+00	8.11e-01	1.94e-06	2.08e-06
 1.18677e+22	8.13e-01	1.87e-01	2.79e-04	5.30e-06	0.00e+00	0.00e+00	0.00e+00	0.00e+00	0.00e+00	8.13e-01	1.93e-06	2.07e-06
 1.18822e+22	8.14e-01	1.86e-01	2.75e-04	5.25e-06	0.00e+00	0.00e+00	0.00e+00	0.00e+00	0.00e+00	8.14e-01	1.93e-06	2.06e-06
 1.18965e+22	8.15e-01	1.85e-01	2.73e-04	5.20e-06	0.00e+00	0.00e+00	0.00e+00	0.00e+00	0.00e+00	8.15e-01	1.92e-06	2.06e-06
 1.19130e+22	8.16e-01	1.83e-01	2.70e-04	5.15e-06	0.00e+00	0.00e+00	0.00e+00	0.00e+00	0.00e+00	8.16e-01	1.92e-06	2.05e-06
 1.19344e+22	8.17e-01	1.82e-01	2.67e-04	5.11e-06	0.00e+00	0.00e+00	0.00e+00	0.00e+00	0.00e+00	8.17e-01	1.91e-06	2.05e-06
 1.19622e+22	8.19e-01	1.80e-01	2.63e-04	5.03e-06	0.00e+00	0.00e+00	0.00e+00	0.00e+00	0.00e+00	8.19e-01	1.91e-06	2.04e-06
 1.19984e+22	8.20e-01	1.80e-01	2.61e-04	5.00e-06	0.00e+00	0.00e+00	0.00e+00	0.00e+00	0.00e+00	8.20e-01	1.90e-06	2.04e-06
 1.20454e+22	8.21e-01	1.79e-01	2.57e-04	4.94e-06	0.00e+00	0.00e+00	0.00e+00	0.00e+00	0.00e+00	8.21e-01	1.90e-06	2.03e-06
 1.21066e+22	8.23e-01	1.77e-01	2.53e-04	4.86e-06	0.00e+00	0.00e+00	0.00e+00	0.00e+00	0.00e+00	8.23e-01	1.89e-06	2.02e-06
 1.21861e+22	8.25e-01	1.75e-01	2.47e-04	4.76e-06	0.00e+00	0.00e+00	0.00e+00	0.00e+00	0.00e+00	8.25e-01	1.88e-06	2.01e-06
 1.22894e+22	8.28e-01	1.72e-01	2.41e-04	4.64e-06	0.00e+00	0.00e+00	0.00e+00	0.00e+00	0.00e+00	8.28e-01	1.87e-06	2.00e-06
 1.24237e+22	8.31e-01	1.69e-01	2.33e-04	4.48e-06	0.00e+00	0.00e+00	0.00e+00	0.00e+00	0.00e+00	8.31e-01	1.85e-06	1.98e-06
 1.25983e+22	8.35e-01	1.64e-01	2.24e-04	4.30e-06	0.00e+00	0.00e+00	0.00e+00	0.00e+00	0.00e+00	8.35e-01	1.84e-06	1.96e-06
 1.28253e+22	8.40e-01	1.60e-01	2.13e-04	4.08e-06	0.00e+00	0.00e+00	0.00e+00	0.00e+00	0.00e+00	8.40e-01	1.81e-06	1.94e-06
 1.31121e+22	8.46e-01	1.54e-01	2.01e-04	3.82e-06	0.00e+00	0.00e+00	0.00e+00	0.00e+00	0.00e+00	8.46e-01	1.79e-06	1.91e-06
 1.34341e+22	8.52e-01	1.48e-01	1.90e-04	3.58e-06	0.00e+00	0.00e+00	0.00e+00	0.00e+00	0.00e+00	8.52e-01	1.76e-06	1.88e-06
 1.37580e+22	8.57e-01	1.43e-01	1.80e-04	3.35e-06	0.00e+00	0.00e+00	0.00e+00	0.00e+00	0.00e+00	8.57e-01	1.74e-06	1.85e-06
 1.40851e+22	8.62e-01	1.38e-01	1.71e-04	3.15e-06	0.00e+00	0.00e+00	0.00e+00	0.00e+00	0.00e+00	8.62e-01	1.71e-06	1.83e-06
 1.44302e+22	8.67e-01	1.33e-01	1.63e-04	2.95e-06	0.00e+00	0.00e+00	0.00e+00	0.00e+00	0.00e+00	8.67e-01	1.69e-06	1.80e-06
 1.47974e+22	8.71e-01	1.28e-01	1.55e-04	2.76e-06	0.00e+00	0.00e+00	0.00e+00	0.00e+00	0.00e+00	8.71e-01	1.66e-06	1.77e-06
 1.51852e+22	8.76e-01	1.24e-01	1.48e-04	2.58e-06	0.00e+00	0.00e+00	0.00e+00	0.00e+00	0.00e+00	8.76e-01	1.64e-06	1.74e-06
 1.55908e+22	8.80e-01	1.20e-01	1.41e-04	2.42e-06	0.00e+00	0.00e+00	0.00e+00	0.00e+00	0.00e+00	8.80e-01	1.62e-06	1.72e-06
 1.60156e+22	8.85e-01	1.15e-01	1.35e-04	2.26e-06	0.00e+00	0.00e+00	0.00e+00	0.00e+00	0.00e+00	8.85e-01	1.59e-06	1.69e-06
 1.64640e+22	8.89e-01	1.11e-01	1.29e-04	2.11e-06	0.00e+00	0.00e+00	0.00e+00	0.00e+00	0.00e+00	8.89e-01	1.57e-06	1.67e-06
 1.69355e+22	8.93e-01	1.07e-01	1.23e-04	1.97e-06	0.00e+00	0.00e+00	0.00e+00	0.00e+00	0.00e+00	8.93e-01	1.55e-06	1.64e-06
 1.74340e+22	8.96e-01	1.04e-01	1.17e-04	1.83e-06	0.00e+00	0.00e+00	0.00e+00	0.00e+00	0.00e+00	8.96e-01	1.53e-06	1.62e-06
 1.79616e+22	9.00e-01	1.00e-01	1.12e-04	1.70e-06	0.00e+00	0.00e+00	0.00e+00	0.00e+00	0.00e+00	9.00e-01	1.50e-06	1.59e-06
 1.85169e+22	9.03e-01	9.66e-02	1.06e-04	1.58e-06	0.00e+00	0.00e+00	0.00e+00	0.00e+00	0.00e+00	9.03e-01	1.48e-06	1.57e-06
 1.91038e+22	9.07e-01	9.32e-02	1.01e-04	1.47e-06	0.00e+00	0.00e+00	0.00e+00	0.00e+00	0.00e+00	9.07e-01	1.46e-06	1.55e-06
 1.97261e+22	9.10e-01	9.00e-02	9.65e-05	1.36e-06	0.00e+00	0.00e+00	0.00e+00	0.00e+00	0.00e+00	9.10e-01	1.45e-06	1.53e-06
 2.03879e+22	9.13e-01	8.69e-02	9.17e-05	1.26e-06	0.00e+00	0.00e+00	0.00e+00	0.00e+00	0.00e+00	9.13e-01	1.43e-06	1.51e-06
 2.10934e+22	9.16e-01	8.40e-02	8.70e-05	1.16e-06	0.00e+00	0.00e+00	0.00e+00	0.00e+00	0.00e+00	9.16e-01	1.41e-06	1.49e-06
 2.18472e+22	9.19e-01	8.11e-02	8.25e-05	1.07e-06	0.00e+00	0.00e+00	0.00e+00	0.00e+00	0.00e+00	9.19e-01	1.39e-06	1.47e-06
 2.26546e+22	9.22e-01	7.84e-02	7.79e-05	9.82e-07	0.00e+00	0.00e+00	0.00e+00	0.00e+00	0.00e+00	9.22e-01	1.37e-06	1.45e-06
 2.34615e+22	9.24e-01	7.59e-02	7.38e-05	9.06e-07	0.00e+00	0.00e+00	0.00e+00	0.00e+00	0.00e+00	9.24e-01	1.36e-06	1.43e-06
 2.42011e+22	9.26e-01	7.39e-02	7.03e-05	8.44e-07	0.00e+00	0.00e+00	0.00e+00	0.00e+00	0.00e+00	9.26e-01	1.35e-06	1.42e-06
 2.48666e+22	9.28e-01	7.23e-02	6.74e-05	7.93e-07	0.00e+00	0.00e+00	0.00e+00	0.00e+00	0.00e+00	9.28e-01	1.33e-06	1.41e-06
 2.54656e+22	9.29e-01	7.09e-02	6.49e-05	7.51e-07	0.00e+00	0.00e+00	0.00e+00	0.00e+00	0.00e+00	9.29e-01	1.33e-06	1.40e-06
 2.60048e+22	9.30e-01	6.97e-02	6.27e-05	7.16e-07	0.00e+00	0.00e+00	0.00e+00	0.00e+00	0.00e+00	9.30e-01	1.32e-06	1.39e-06
 2.64900e+22	9.31e-01	6.86e-02	6.09e-05	6.86e-07	0.00e+00	0.00e+00	0.00e+00	0.00e+00	0.00e+00	9.31e-01	1.31e-06	1.38e-06
 2.69266e+22	9.32e-01	6.78e-02	5.93e-05	6.61e-07	0.00e+00	0.00e+00	0.00e+00	0.00e+00	0.00e+00	9.32e-01	1.30e-06	1.38e-06
 2.73197e+22	9.33e-01	6.70e-02	5.79e-05	6.39e-07	0.00e+00	0.00e+00	0.00e+00	0.00e+00	0.00e+00	9.33e-01	1.30e-06	1.37e-06
 2.76734e+22	9.34e-01	6.64e-02	5.66e-05	6.20e-07	0.00e+00	0.00e+00	0.00e+00	0.00e+00	0.00e+00	9.34e-01	1.30e-06	1.37e-06
 2.79952e+22	9.34e-01	6.58e-02	5.56e-05	6.04e-07	0.00e+00	0.00e+00	0.00e+00	0.00e+00	0.00e+00	9.34e-01	1.29e-06	1.36e-06
 2.83038e+22	9.35e-01	6.53e-02	5.45e-05	5.89e-07	0.00e+00	0.00e+00	0.00e+00	0.00e+00	0.00e+00	9.35e-01	1.29e-06	1.36e-06
 2.86123e+22	9.35e-01	6.47e-02	5.35e-05	5.74e-07	0.00e+00	0.00e+00	0.00e+00	0.00e+00	0.00e+00	9.35e-01	1.28e-06	1.35e-06
 2.89209e+22	9.36e-01	6.42e-02	5.26e-05	5.59e-07	0.00e+00	0.00e+00	0.00e+00	0.00e+00	0.00e+00	9.36e-01	1.28e-06	1.35e-06
 2.92295e+22	9.36e-01	6.37e-02	5.16e-05	5.46e-07	0.00e+00	0.00e+00	0.00e+00	0.00e+00	0.00e+00	9.36e-01	1.28e-06	1.35e-06
 2.95380e+22	9.37e-01	6.32e-02	5.07e-05	5.33e-07	0.00e+00	0.00e+00	0.00e+00	0.00e+00	0.00e+00	9.37e-01	1.27e-06	1.34e-06
 2.98466e+22	9.37e-01	6.27e-02	4.98e-05	5.20e-07	0.00e+00	0.00e+00	0.00e+00	0.00e+00	0.00e+00	9.37e-01	1.27e-06	1.34e-06
 3.01552e+22	9.38e-01	6.22e-02	4.89e-05	5.07e-07	0.00e+00	0.00e+00	0.00e+00	0.00e+00	0.00e+00	9.38e-01	1.27e-06	1.34e-06
 3.04637e+22	9.38e-01	6.18e-02	4.80e-05	4.95e-07	0.00e+00	0.00e+00	0.00e+00	0.00e+00	0.00e+00	9.38e-01	1.26e-06	1.33e-06
 3.07374e+22	9.39e-01	6.14e-02	4.73e-05	4.84e-07	0.00e+00	0.00e+00	0.00e+00	0.00e+00	0.00e+00	9.39e-01	1.26e-06	1.33e-06
