#depth	N	N+	N+2	N+3	N+4	N+5	N+6	N+7
 8.85737e+17	4.97e-07	9.18e-04	1.37e-01	5.10e-01	2.67e-01	8.45e-02	1.13e-04	0.00e+00
 5.31442e+18	4.94e-07	9.16e-04	1.37e-01	5.11e-01	2.67e-01	8.43e-02	1.13e-04	0.00e+00
 2.30292e+19	4.89e-07	9.13e-04	1.38e-01	5.12e-01	2.66e-01	8.37e-02	1.12e-04	0.00e+00
 9.38881e+19	4.74e-07	9.11e-04	1.42e-01	5.15e-01	2.62e-01	8.09e-02	1.07e-04	0.00e+00
 2.24268e+20	4.29e-07	8.82e-04	1.45e-01	5.20e-01	2.56e-01	7.75e-02	1.02e-04	0.00e+00
 3.93763e+20	4.26e-07	8.99e-04	1.53e-01	5.26e-01	2.48e-01	7.22e-02	9.34e-05	0.00e+00
 6.14106e+20	4.52e-07	9.60e-04	1.66e-01	5.33e-01	2.35e-01	6.49e-02	8.19e-05	0.00e+00
 9.00552e+20	5.16e-07	1.09e-03	1.86e-01	5.40e-01	2.18e-01	5.54e-02	6.75e-05	0.00e+00
 1.18017e+21	5.82e-07	1.22e-03	2.08e-01	5.43e-01	2.00e-01	4.74e-02	5.63e-05	0.00e+00
 1.38809e+21	6.56e-07	1.36e-03	2.29e-01	5.43e-01	1.85e-01	4.16e-02	4.83e-05	0.00e+00
 1.55521e+21	7.36e-07	1.50e-03	2.48e-01	5.42e-01	1.72e-01	3.69e-02	4.21e-05	0.00e+00
 1.70591e+21	8.27e-07	1.66e-03	2.67e-01	5.38e-01	1.60e-01	3.27e-02	3.68e-05	0.00e+00
 1.84585e+21	9.25e-07	1.83e-03	2.86e-01	5.34e-01	1.49e-01	2.91e-02	3.21e-05	0.00e+00
 1.97298e+21	1.03e-06	2.00e-03	3.05e-01	5.29e-01	1.38e-01	2.59e-02	2.82e-05	0.00e+00
 2.09244e+21	1.14e-06	2.18e-03	3.24e-01	5.23e-01	1.28e-01	2.29e-02	2.47e-05	0.00e+00
 2.20686e+21	1.24e-06	2.35e-03	3.42e-01	5.17e-01	1.18e-01	2.03e-02	2.16e-05	0.00e+00
 2.33547e+21	1.44e-06	2.64e-03	3.65e-01	5.08e-01	1.07e-01	1.74e-02	1.82e-05	0.00e+00
 2.45886e+21	1.61e-06	2.89e-03	3.87e-01	4.99e-01	9.68e-02	1.50e-02	1.55e-05	0.00e+00
 2.55181e+21	1.73e-06	3.07e-03	4.03e-01	4.92e-01	8.91e-02	1.32e-02	1.35e-05	0.00e+00
 2.64900e+21	1.95e-06	3.36e-03	4.22e-01	4.83e-01	8.08e-02	1.14e-02	1.15e-05	0.00e+00
 2.74954e+21	2.16e-06	3.64e-03	4.40e-01	4.74e-01	7.30e-02	9.83e-03	9.76e-06	0.00e+00
 2.83646e+21	2.36e-06	3.89e-03	4.55e-01	4.66e-01	6.64e-02	8.55e-03	8.38e-06	0.00e+00
 2.93146e+21	2.61e-06	4.21e-03	4.73e-01	4.56e-01	5.93e-02	7.24e-03	6.98e-06	0.00e+00
 3.03063e+21	2.89e-06	4.55e-03	4.90e-01	4.47e-01	5.27e-02	6.10e-03	5.77e-06	0.00e+00
 3.11360e+21	3.15e-06	4.85e-03	5.04e-01	4.39e-01	4.75e-02	5.26e-03	4.89e-06	0.00e+00
 3.18773e+21	3.40e-06	5.14e-03	5.16e-01	4.31e-01	4.32e-02	4.58e-03	4.19e-06	0.00e+00
 3.27200e+21	3.74e-06	5.51e-03	5.30e-01	4.22e-01	3.84e-02	3.89e-03	3.48e-06	0.00e+00
 3.36169e+21	4.12e-06	5.90e-03	5.43e-01	4.13e-01	3.41e-02	3.30e-03	2.87e-06	0.00e+00
 3.44043e+21	4.48e-06	6.27e-03	5.55e-01	4.05e-01	3.06e-02	2.85e-03	2.42e-06	0.00e+00
 3.52481e+21	4.95e-06	6.73e-03	5.68e-01	3.96e-01	2.71e-02	2.43e-03	2.00e-06	0.00e+00
 3.61653e+21	5.49e-06	7.23e-03	5.80e-01	3.87e-01	2.39e-02	2.06e-03	1.64e-06	0.00e+00
 3.70093e+21	6.04e-06	7.73e-03	5.91e-01	3.78e-01	2.13e-02	1.78e-03	1.37e-06	0.00e+00
 3.79378e+21	6.77e-06	8.36e-03	6.04e-01	3.68e-01	1.87e-02	1.52e-03	1.12e-06	0.00e+00
 3.89719e+21	7.68e-06	9.09e-03	6.16e-01	3.57e-01	1.63e-02	1.29e-03	9.04e-07	0.00e+00
 3.99725e+21	8.71e-06	9.87e-03	6.28e-01	3.47e-01	1.43e-02	1.10e-03	7.39e-07	0.00e+00
 4.11025e+21	1.01e-05	1.09e-02	6.41e-01	3.34e-01	1.23e-02	9.32e-04	5.87e-07	0.00e+00
 4.25714e+21	1.23e-05	1.24e-02	6.58e-01	3.19e-01	1.02e-02	7.57e-04	4.40e-07	0.00e+00
 4.41124e+21	1.52e-05	1.41e-02	6.74e-01	3.03e-01	8.52e-03	6.18e-04	3.30e-07	0.00e+00
 4.51813e+21	1.75e-05	1.54e-02	6.84e-01	2.92e-01	7.59e-03	5.42e-04	2.73e-07	0.00e+00
 4.58325e+21	1.93e-05	1.64e-02	6.91e-01	2.85e-01	7.06e-03	4.98e-04	2.41e-07	0.00e+00
 4.65066e+21	2.14e-05	1.75e-02	6.98e-01	2.78e-01	6.52e-03	4.55e-04	2.11e-07	0.00e+00
 4.73829e+21	2.45e-05	1.90e-02	7.07e-01	2.68e-01	5.90e-03	4.06e-04	1.77e-07	0.00e+00
 4.83338e+21	2.84e-05	2.09e-02	7.16e-01	2.57e-01	5.32e-03	3.58e-04	1.47e-07	0.00e+00
 4.91668e+21	3.25e-05	2.27e-02	7.24e-01	2.48e-01	4.86e-03	3.20e-04	1.24e-07	0.00e+00
 4.99072e+21	3.68e-05	2.46e-02	7.31e-01	2.39e-01	4.48e-03	2.89e-04	0.00e+00	0.00e+00
 5.07419e+21	4.25e-05	2.69e-02	7.39e-01	2.29e-01	4.08e-03	2.56e-04	0.00e+00	0.00e+00
 5.16390e+21	5.00e-05	2.98e-02	7.48e-01	2.19e-01	3.69e-03	2.24e-04	0.00e+00	0.00e+00
 5.24166e+21	5.76e-05	3.26e-02	7.55e-01	2.09e-01	3.39e-03	1.99e-04	0.00e+00	0.00e+00
 5.31057e+21	6.58e-05	3.54e-02	7.61e-01	2.01e-01	3.13e-03	1.79e-04	0.00e+00	0.00e+00
 5.38802e+21	7.72e-05	3.92e-02	7.67e-01	1.90e-01	2.86e-03	1.57e-04	0.00e+00	0.00e+00
 5.47058e+21	9.15e-05	4.36e-02	7.74e-01	1.79e-01	2.59e-03	1.36e-04	0.00e+00	0.00e+00
 5.54177e+21	1.07e-04	4.80e-02	7.79e-01	1.70e-01	2.38e-03	1.19e-04	0.00e+00	0.00e+00
 5.60566e+21	1.24e-04	5.27e-02	7.84e-01	1.61e-01	2.20e-03	1.05e-04	0.00e+00	0.00e+00
 5.67810e+21	1.47e-04	5.88e-02	7.88e-01	1.51e-01	2.00e-03	9.07e-05	0.00e+00	0.00e+00
 5.75474e+21	1.77e-04	6.60e-02	7.92e-01	1.40e-01	1.81e-03	7.72e-05	0.00e+00	0.00e+00
 5.82038e+21	2.10e-04	7.34e-02	7.94e-01	1.31e-01	1.65e-03	6.66e-05	0.00e+00	0.00e+00
 5.87881e+21	2.47e-04	8.11e-02	7.95e-01	1.22e-01	1.51e-03	5.77e-05	0.00e+00	0.00e+00
 5.94430e+21	2.98e-04	9.12e-02	7.94e-01	1.13e-01	1.37e-03	4.86e-05	0.00e+00	0.00e+00
 6.01423e+21	3.66e-04	1.04e-01	7.92e-01	1.03e-01	1.22e-03	4.02e-05	0.00e+00	0.00e+00
 6.07457e+21	4.42e-04	1.16e-01	7.89e-01	9.38e-02	1.11e-03	3.37e-05	0.00e+00	0.00e+00
 6.12759e+21	5.23e-04	1.29e-01	7.83e-01	8.61e-02	1.01e-03	2.86e-05	0.00e+00	0.00e+00
 6.18647e+21	6.41e-04	1.46e-01	7.75e-01	7.75e-02	8.99e-04	2.34e-05	0.00e+00	0.00e+00
 6.24844e+21	8.00e-04	1.66e-01	7.63e-01	6.85e-02	7.92e-04	1.87e-05	0.00e+00	0.00e+00
 6.29948e+21	9.65e-04	1.86e-01	7.51e-01	6.14e-02	7.09e-04	1.54e-05	0.00e+00	0.00e+00
 6.34277e+21	1.14e-03	2.05e-01	7.37e-01	5.56e-02	6.42e-04	1.29e-05	0.00e+00	0.00e+00
 6.39095e+21	1.39e-03	2.31e-01	7.19e-01	4.88e-02	5.66e-04	1.03e-05	0.00e+00	0.00e+00
 6.44201e+21	1.72e-03	2.61e-01	6.95e-01	4.22e-02	4.93e-04	8.02e-06	0.00e+00	0.00e+00
 6.48546e+21	2.08e-03	2.90e-01	6.71e-01	3.68e-02	4.34e-04	6.38e-06	0.00e+00	0.00e+00
 6.52360e+21	2.46e-03	3.19e-01	6.46e-01	3.22e-02	3.84e-04	5.14e-06	0.00e+00	0.00e+00
 6.56619e+21	3.01e-03	3.55e-01	6.14e-01	2.72e-02	3.30e-04	3.93e-06	0.00e+00	0.00e+00
 6.61137e+21	3.74e-03	3.98e-01	5.76e-01	2.24e-02	2.77e-04	2.90e-06	0.00e+00	0.00e+00
 6.64950e+21	4.50e-03	4.38e-01	5.39e-01	1.87e-02	2.35e-04	2.19e-06	0.00e+00	0.00e+00
 6.68254e+21	5.31e-03	4.75e-01	5.04e-01	1.57e-02	2.02e-04	1.69e-06	0.00e+00	0.00e+00
 6.71936e+21	6.45e-03	5.20e-01	4.60e-01	1.26e-02	1.66e-04	1.22e-06	0.00e+00	0.00e+00
 6.75885e+21	7.95e-03	5.71e-01	4.11e-01	9.71e-03	1.32e-04	8.35e-07	0.00e+00	0.00e+00
 6.79305e+21	9.58e-03	6.16e-01	3.66e-01	7.54e-03	1.06e-04	5.81e-07	0.00e+00	0.00e+00
 6.82033e+21	1.11e-02	6.53e-01	3.30e-01	6.07e-03	8.75e-05	4.28e-07	0.00e+00	0.00e+00
 6.84310e+21	1.26e-02	6.84e-01	2.99e-01	4.96e-03	7.32e-05	3.22e-07	0.00e+00	0.00e+00
 6.86844e+21	1.46e-02	7.17e-01	2.64e-01	3.89e-03	5.92e-05	2.30e-07	0.00e+00	0.00e+00
 6.89573e+21	1.71e-02	7.52e-01	2.28e-01	2.95e-03	4.64e-05	1.58e-07	0.00e+00	0.00e+00
 6.91910e+21	1.96e-02	7.80e-01	1.98e-01	2.27e-03	3.67e-05	0.00e+00	0.00e+00	0.00e+00
 6.93868e+21	2.21e-02	8.02e-01	1.74e-01	1.81e-03	3.00e-05	0.00e+00	0.00e+00	0.00e+00
 6.95976e+21	2.52e-02	8.24e-01	1.49e-01	1.38e-03	2.35e-05	0.00e+00	0.00e+00	0.00e+00
 6.98255e+21	2.91e-02	8.45e-01	1.25e-01	1.02e-03	1.79e-05	0.00e+00	0.00e+00	0.00e+00
 7.00247e+21	3.31e-02	8.61e-01	1.05e-01	7.72e-04	1.38e-05	0.00e+00	0.00e+00	0.00e+00
 7.01981e+21	3.70e-02	8.72e-01	9.00e-02	6.03e-04	1.09e-05	0.00e+00	0.00e+00	0.00e+00
 7.03892e+21	4.23e-02	8.83e-01	7.44e-02	4.51e-04	8.26e-06	0.00e+00	0.00e+00	0.00e+00
 7.05977e+21	4.89e-02	8.91e-01	5.98e-02	3.29e-04	6.03e-06	0.00e+00	0.00e+00	0.00e+00
 7.07850e+21	5.61e-02	8.95e-01	4.84e-02	2.47e-04	4.46e-06	0.00e+00	0.00e+00	0.00e+00
 7.09553e+21	6.38e-02	8.97e-01	3.95e-02	1.91e-04	3.34e-06	0.00e+00	0.00e+00	0.00e+00
 7.11474e+21	7.43e-02	8.95e-01	3.08e-02	1.43e-04	2.37e-06	0.00e+00	0.00e+00	0.00e+00
 7.13597e+21	8.82e-02	8.89e-01	2.31e-02	1.07e-04	1.60e-06	0.00e+00	0.00e+00	0.00e+00
 7.15495e+21	1.04e-01	8.79e-01	1.76e-02	8.34e-05	1.11e-06	0.00e+00	0.00e+00	0.00e+00
 7.17112e+21	1.19e-01	8.67e-01	1.37e-02	6.88e-05	8.04e-07	0.00e+00	0.00e+00	0.00e+00
 7.18617e+21	1.36e-01	8.53e-01	1.08e-02	5.82e-05	5.88e-07	0.00e+00	0.00e+00	0.00e+00
 7.20103e+21	1.55e-01	8.36e-01	8.45e-03	5.00e-05	4.30e-07	0.00e+00	0.00e+00	0.00e+00
 7.21490e+21	1.76e-01	8.17e-01	6.66e-03	4.39e-05	3.19e-07	0.00e+00	0.00e+00	0.00e+00
 7.22725e+21	1.97e-01	7.98e-01	5.36e-03	3.94e-05	2.44e-07	0.00e+00	0.00e+00	0.00e+00
 7.23837e+21	2.18e-01	7.78e-01	4.38e-03	3.58e-05	1.90e-07	0.00e+00	0.00e+00	0.00e+00
 7.24877e+21	2.39e-01	7.58e-01	3.61e-03	3.29e-05	1.51e-07	0.00e+00	0.00e+00	0.00e+00
 7.25876e+21	2.61e-01	7.36e-01	2.99e-03	3.03e-05	0.00e+00	0.00e+00	0.00e+00	0.00e+00
 7.26646e+21	2.77e-01	7.20e-01	2.61e-03	2.87e-05	0.00e+00	0.00e+00	0.00e+00	0.00e+00
 7.27156e+21	2.89e-01	7.08e-01	2.37e-03	2.76e-05	0.00e+00	0.00e+00	0.00e+00	0.00e+00
 7.27643e+21	3.01e-01	6.96e-01	2.15e-03	2.65e-05	0.00e+00	0.00e+00	0.00e+00	0.00e+00
 7.28199e+21	3.16e-01	6.82e-01	1.93e-03	2.54e-05	0.00e+00	0.00e+00	0.00e+00	0.00e+00
 7.28790e+21	3.31e-01	6.67e-01	1.72e-03	2.43e-05	0.00e+00	0.00e+00	0.00e+00	0.00e+00
 7.29379e+21	3.47e-01	6.52e-01	1.53e-03	2.32e-05	0.00e+00	0.00e+00	0.00e+00	0.00e+00
 7.29950e+21	3.62e-01	6.37e-01	1.37e-03	2.22e-05	0.00e+00	0.00e+00	0.00e+00	0.00e+00
 7.30514e+21	3.77e-01	6.21e-01	1.23e-03	2.13e-05	0.00e+00	0.00e+00	0.00e+00	0.00e+00
 7.31089e+21	3.93e-01	6.06e-01	1.10e-03	2.03e-05	0.00e+00	0.00e+00	0.00e+00	0.00e+00
 7.31673e+21	4.10e-01	5.89e-01	9.86e-04	1.95e-05	0.00e+00	0.00e+00	0.00e+00	0.00e+00
 7.32258e+21	4.26e-01	5.73e-01	8.85e-04	1.86e-05	0.00e+00	0.00e+00	0.00e+00	0.00e+00
 7.32843e+21	4.42e-01	5.57e-01	7.94e-04	1.78e-05	0.00e+00	0.00e+00	0.00e+00	0.00e+00
 7.33440e+21	4.59e-01	5.41e-01	7.13e-04	1.70e-05	0.00e+00	0.00e+00	0.00e+00	0.00e+00
 7.34049e+21	4.75e-01	5.24e-01	6.40e-04	1.63e-05	0.00e+00	0.00e+00	0.00e+00	0.00e+00
 7.34665e+21	4.92e-01	5.08e-01	5.77e-04	1.55e-05	0.00e+00	0.00e+00	0.00e+00	0.00e+00
 7.35288e+21	5.08e-01	4.92e-01	5.21e-04	1.49e-05	0.00e+00	0.00e+00	0.00e+00	0.00e+00
 7.35932e+21	5.24e-01	4.76e-01	4.71e-04	1.42e-05	0.00e+00	0.00e+00	0.00e+00	0.00e+00
 7.36599e+21	5.40e-01	4.59e-01	4.27e-04	1.35e-05	0.00e+00	0.00e+00	0.00e+00	0.00e+00
 7.37285e+21	5.56e-01	4.44e-01	3.88e-04	1.29e-05	0.00e+00	0.00e+00	0.00e+00	0.00e+00
 7.37994e+21	5.71e-01	4.28e-01	3.54e-04	1.24e-05	0.00e+00	0.00e+00	0.00e+00	0.00e+00
 7.38743e+21	5.86e-01	4.13e-01	3.24e-04	1.18e-05	0.00e+00	0.00e+00	0.00e+00	0.00e+00
 7.39527e+21	6.01e-01	3.99e-01	2.97e-04	1.13e-05	0.00e+00	0.00e+00	0.00e+00	0.00e+00
 7.40343e+21	6.14e-01	3.86e-01	2.75e-04	1.08e-05	0.00e+00	0.00e+00	0.00e+00	0.00e+00
 7.41196e+21	6.27e-01	3.72e-01	2.56e-04	1.04e-05	0.00e+00	0.00e+00	0.00e+00	0.00e+00
 7.42104e+21	6.39e-01	3.61e-01	2.40e-04	9.96e-06	0.00e+00	0.00e+00	0.00e+00	0.00e+00
 7.43084e+21	6.50e-01	3.50e-01	2.26e-04	9.59e-06	0.00e+00	0.00e+00	0.00e+00	0.00e+00
 7.44167e+21	6.60e-01	3.40e-01	2.14e-04	9.25e-06	0.00e+00	0.00e+00	0.00e+00	0.00e+00
 7.45406e+21	6.70e-01	3.30e-01	2.03e-04	8.94e-06	0.00e+00	0.00e+00	0.00e+00	0.00e+00
 7.46763e+21	6.77e-01	3.22e-01	1.95e-04	8.68e-06	0.00e+00	0.00e+00	0.00e+00	0.00e+00
 7.48138e+21	6.84e-01	3.16e-01	1.89e-04	8.48e-06	0.00e+00	0.00e+00	0.00e+00	0.00e+00
 7.49490e+21	6.88e-01	3.12e-01	1.84e-04	8.33e-06	0.00e+00	0.00e+00	0.00e+00	0.00e+00
 7.50825e+21	6.92e-01	3.08e-01	1.81e-04	8.21e-06	0.00e+00	0.00e+00	0.00e+00	0.00e+00
 7.52147e+21	6.94e-01	3.05e-01	1.78e-04	8.12e-06	0.00e+00	0.00e+00	0.00e+00	0.00e+00
 7.53460e+21	6.97e-01	3.02e-01	1.76e-04	8.01e-06	0.00e+00	0.00e+00	0.00e+00	0.00e+00
 7.54965e+21	6.99e-01	3.01e-01	1.74e-04	7.96e-06	0.00e+00	0.00e+00	0.00e+00	0.00e+00
 7.56922e+21	7.02e-01	2.98e-01	1.72e-04	7.85e-06	0.00e+00	0.00e+00	0.00e+00	0.00e+00
 7.59466e+21	7.04e-01	2.96e-01	1.70e-04	7.79e-06	0.00e+00	0.00e+00	0.00e+00	0.00e+00
 7.62774e+21	7.06e-01	2.93e-01	1.67e-04	7.68e-06	0.00e+00	0.00e+00	0.00e+00	0.00e+00
 7.67073e+21	7.10e-01	2.90e-01	1.64e-04	7.56e-06	0.00e+00	0.00e+00	0.00e+00	0.00e+00
 7.72662e+21	7.13e-01	2.87e-01	1.61e-04	7.41e-06	0.00e+00	0.00e+00	0.00e+00	0.00e+00
 7.79928e+21	7.18e-01	2.82e-01	1.57e-04	7.22e-06	0.00e+00	0.00e+00	0.00e+00	0.00e+00
 7.89374e+21	7.24e-01	2.76e-01	1.52e-04	6.99e-06	0.00e+00	0.00e+00	0.00e+00	0.00e+00
 8.01654e+21	7.31e-01	2.69e-01	1.46e-04	6.71e-06	0.00e+00	0.00e+00	0.00e+00	0.00e+00
 8.17617e+21	7.40e-01	2.60e-01	1.38e-04	6.37e-06	0.00e+00	0.00e+00	0.00e+00	0.00e+00
 8.37306e+21	7.50e-01	2.50e-01	1.31e-04	5.99e-06	0.00e+00	0.00e+00	0.00e+00	0.00e+00
 8.58734e+21	7.60e-01	2.40e-01	1.24e-04	5.63e-06	0.00e+00	0.00e+00	0.00e+00	0.00e+00
 8.80342e+21	7.68e-01	2.31e-01	1.17e-04	5.30e-06	0.00e+00	0.00e+00	0.00e+00	0.00e+00
 9.02340e+21	7.77e-01	2.23e-01	1.12e-04	4.99e-06	0.00e+00	0.00e+00	0.00e+00	0.00e+00
 9.25484e+21	7.85e-01	2.15e-01	1.06e-04	4.69e-06	0.00e+00	0.00e+00	0.00e+00	0.00e+00
 9.50194e+21	7.93e-01	2.07e-01	1.01e-04	4.39e-06	0.00e+00	0.00e+00	0.00e+00	0.00e+00
 9.76263e+21	8.01e-01	1.99e-01	9.60e-05	4.11e-06	0.00e+00	0.00e+00	0.00e+00	0.00e+00
 1.00353e+22	8.09e-01	1.91e-01	9.13e-05	3.85e-06	0.00e+00	0.00e+00	0.00e+00	0.00e+00
 1.03216e+22	8.16e-01	1.84e-01	8.69e-05	3.59e-06	0.00e+00	0.00e+00	0.00e+00	0.00e+00
 1.06236e+22	8.23e-01	1.77e-01	8.26e-05	3.35e-06	0.00e+00	0.00e+00	0.00e+00	0.00e+00
 1.09430e+22	8.30e-01	1.70e-01	7.84e-05	3.11e-06	0.00e+00	0.00e+00	0.00e+00	0.00e+00
 1.12798e+22	8.37e-01	1.63e-01	7.45e-05	2.89e-06	0.00e+00	0.00e+00	0.00e+00	0.00e+00
 1.16379e+22	8.44e-01	1.56e-01	7.06e-05	2.67e-06	0.00e+00	0.00e+00	0.00e+00	0.00e+00
 1.20198e+22	8.50e-01	1.50e-01	6.69e-05	2.47e-06	0.00e+00	0.00e+00	0.00e+00	0.00e+00
 1.24266e+22	8.57e-01	1.43e-01	6.32e-05	2.27e-06	0.00e+00	0.00e+00	0.00e+00	0.00e+00
 1.28626e+22	8.63e-01	1.37e-01	5.96e-05	2.08e-06	0.00e+00	0.00e+00	0.00e+00	0.00e+00
 1.33349e+22	8.69e-01	1.31e-01	5.61e-05	1.90e-06	0.00e+00	0.00e+00	0.00e+00	0.00e+00
 1.38435e+22	8.75e-01	1.25e-01	5.26e-05	1.72e-06	0.00e+00	0.00e+00	0.00e+00	0.00e+00
 1.43895e+22	8.81e-01	1.19e-01	4.92e-05	1.56e-06	0.00e+00	0.00e+00	0.00e+00	0.00e+00
 1.49886e+22	8.86e-01	1.14e-01	4.57e-05	1.40e-06	0.00e+00	0.00e+00	0.00e+00	0.00e+00
 1.56508e+22	8.92e-01	1.08e-01	4.23e-05	1.25e-06	0.00e+00	0.00e+00	0.00e+00	0.00e+00
 1.63876e+22	8.97e-01	1.03e-01	3.89e-05	1.10e-06	0.00e+00	0.00e+00	0.00e+00	0.00e+00
 1.72137e+22	9.03e-01	9.72e-02	3.55e-05	9.66e-07	0.00e+00	0.00e+00	0.00e+00	0.00e+00
 1.80662e+22	9.08e-01	9.25e-02	3.24e-05	8.48e-07	0.00e+00	0.00e+00	0.00e+00	0.00e+00
 1.88501e+22	9.11e-01	8.87e-02	2.98e-05	7.56e-07	0.00e+00	0.00e+00	0.00e+00	0.00e+00
 1.95663e+22	9.14e-01	8.57e-02	2.77e-05	6.83e-07	0.00e+00	0.00e+00	0.00e+00	0.00e+00
 2.03663e+22	9.17e-01	8.25e-02	2.55e-05	6.10e-07	0.00e+00	0.00e+00	0.00e+00	0.00e+00
 2.12422e+22	9.20e-01	7.96e-02	2.33e-05	5.43e-07	0.00e+00	0.00e+00	0.00e+00	0.00e+00
 2.20155e+22	9.23e-01	7.73e-02	2.16e-05	4.92e-07	0.00e+00	0.00e+00	0.00e+00	0.00e+00
 2.26882e+22	9.24e-01	7.56e-02	2.03e-05	4.53e-07	0.00e+00	0.00e+00	0.00e+00	0.00e+00
 2.34034e+22	9.26e-01	7.38e-02	1.89e-05	4.14e-07	0.00e+00	0.00e+00	0.00e+00	0.00e+00
 2.41487e+22	9.28e-01	7.21e-02	1.76e-05	3.80e-07	0.00e+00	0.00e+00	0.00e+00	0.00e+00
 2.48195e+22	9.29e-01	7.08e-02	1.65e-05	3.51e-07	0.00e+00	0.00e+00	0.00e+00	0.00e+00
 2.54233e+22	9.30e-01	6.96e-02	1.56e-05	3.28e-07	0.00e+00	0.00e+00	0.00e+00	0.00e+00
 2.59666e+22	9.31e-01	6.87e-02	1.49e-05	3.09e-07	0.00e+00	0.00e+00	0.00e+00	0.00e+00
 2.64556e+22	9.32e-01	6.79e-02	1.42e-05	2.92e-07	0.00e+00	0.00e+00	0.00e+00	0.00e+00
 2.68957e+22	9.33e-01	6.72e-02	1.37e-05	2.79e-07	0.00e+00	0.00e+00	0.00e+00	0.00e+00
 2.72919e+22	9.33e-01	6.66e-02	1.32e-05	2.67e-07	0.00e+00	0.00e+00	0.00e+00	0.00e+00
 2.76483e+22	9.34e-01	6.61e-02	1.28e-05	2.57e-07	0.00e+00	0.00e+00	0.00e+00	0.00e+00
 2.79715e+22	9.34e-01	6.55e-02	1.24e-05	2.48e-07	0.00e+00	0.00e+00	0.00e+00	0.00e+00
 2.82801e+22	9.35e-01	6.51e-02	1.21e-05	2.40e-07	0.00e+00	0.00e+00	0.00e+00	0.00e+00
 2.85886e+22	9.35e-01	6.46e-02	1.17e-05	2.32e-07	0.00e+00	0.00e+00	0.00e+00	0.00e+00
 2.88972e+22	9.36e-01	6.41e-02	1.14e-05	2.24e-07	0.00e+00	0.00e+00	0.00e+00	0.00e+00
 2.92058e+22	9.36e-01	6.36e-02	1.11e-05	2.16e-07	0.00e+00	0.00e+00	0.00e+00	0.00e+00
 2.95143e+22	9.37e-01	6.31e-02	1.08e-05	2.09e-07	0.00e+00	0.00e+00	0.00e+00	0.00e+00
 2.98229e+22	9.37e-01	6.26e-02	1.05e-05	2.02e-07	0.00e+00	0.00e+00	0.00e+00	0.00e+00
 3.01315e+22	9.38e-01	6.21e-02	1.02e-05	1.95e-07	0.00e+00	0.00e+00	0.00e+00	0.00e+00
 3.04400e+22	9.39e-01	6.15e-02	9.97e-06	1.88e-07	0.00e+00	0.00e+00	0.00e+00	0.00e+00
 3.07255e+22	9.39e-01	6.11e-02	9.72e-06	1.82e-07	0.00e+00	0.00e+00	0.00e+00	0.00e+00
