#depth	O	O+	O+2	O+3	O+4	O+5	O+6	O+7	O+8	O[1]	O[2]	O[3]
 3.68374e+16	9.17e-07	1.90e-03	1.86e-01	6.60e-01	1.41e-01	1.01e-02	3.46e-04	1.54e-07	0.00e+00	9.17e-07	6.85e-11	7.96e-11
 2.21024e+17	9.16e-07	1.90e-03	1.87e-01	6.60e-01	1.41e-01	1.00e-02	3.45e-04	1.53e-07	0.00e+00	9.16e-07	6.85e-11	7.95e-11
 9.57772e+17	9.16e-07	1.90e-03	1.89e-01	6.59e-01	1.39e-01	9.91e-03	3.40e-04	1.51e-07	0.00e+00	9.16e-07	6.84e-11	7.95e-11
 3.90476e+18	9.28e-07	1.93e-03	1.97e-01	6.56e-01	1.35e-01	9.51e-03	3.24e-04	1.43e-07	0.00e+00	9.28e-07	6.93e-11	8.05e-11
 9.32723e+18	9.25e-07	1.96e-03	2.10e-01	6.51e-01	1.28e-01	8.92e-03	2.98e-04	1.29e-07	0.00e+00	9.25e-07	6.89e-11	8.03e-11
 1.51742e+19	9.29e-07	2.00e-03	2.24e-01	6.45e-01	1.21e-01	8.33e-03	2.75e-04	0.00e+00	0.00e+00	9.29e-07	6.91e-11	8.06e-11
 2.08178e+19	9.63e-07	2.08e-03	2.38e-01	6.38e-01	1.14e-01	7.78e-03	2.54e-04	0.00e+00	0.00e+00	9.63e-07	7.15e-11	8.35e-11
 2.73994e+19	1.03e-06	2.22e-03	2.56e-01	6.27e-01	1.07e-01	7.17e-03	2.32e-04	0.00e+00	0.00e+00	1.03e-06	7.65e-11	8.93e-11
 3.59556e+19	1.15e-06	2.44e-03	2.83e-01	6.11e-01	9.75e-02	6.41e-03	2.06e-04	0.00e+00	0.00e+00	1.15e-06	8.52e-11	9.94e-11
 4.70785e+19	1.34e-06	2.79e-03	3.21e-01	5.84e-01	8.59e-02	5.49e-03	1.75e-04	0.00e+00	0.00e+00	1.34e-06	9.95e-11	1.16e-10
 5.88909e+19	1.57e-06	3.22e-03	3.68e-01	5.50e-01	7.38e-02	4.60e-03	1.46e-04	0.00e+00	0.00e+00	1.57e-06	1.17e-10	1.36e-10
 6.88765e+19	1.84e-06	3.69e-03	4.14e-01	5.14e-01	6.36e-02	3.87e-03	1.23e-04	0.00e+00	0.00e+00	1.83e-06	1.36e-10	1.59e-10
 7.71658e+19	2.11e-06	4.17e-03	4.58e-01	4.80e-01	5.50e-02	3.28e-03	1.05e-04	0.00e+00	0.00e+00	2.11e-06	1.56e-10	1.83e-10
 8.46279e+19	2.43e-06	4.69e-03	5.01e-01	4.45e-01	4.73e-02	2.78e-03	8.85e-05	0.00e+00	0.00e+00	2.43e-06	1.80e-10	2.10e-10
 9.18190e+19	2.75e-06	5.20e-03	5.45e-01	4.08e-01	4.01e-02	2.31e-03	7.37e-05	0.00e+00	0.00e+00	2.75e-06	2.04e-10	2.37e-10
 1.00003e+20	3.36e-06	6.09e-03	5.98e-01	3.62e-01	3.23e-02	1.82e-03	5.77e-05	0.00e+00	0.00e+00	3.36e-06	2.49e-10	2.90e-10
 1.08026e+20	3.94e-06	6.90e-03	6.49e-01	3.17e-01	2.56e-02	1.42e-03	4.47e-05	0.00e+00	0.00e+00	3.94e-06	2.91e-10	3.39e-10
 1.14377e+20	4.51e-06	7.64e-03	6.89e-01	2.82e-01	2.07e-02	1.14e-03	3.54e-05	0.00e+00	0.00e+00	4.51e-06	3.33e-10	3.88e-10
 1.21170e+20	5.27e-06	8.54e-03	7.30e-01	2.44e-01	1.62e-02	8.78e-04	2.68e-05	0.00e+00	0.00e+00	5.27e-06	3.89e-10	4.53e-10
 1.28682e+20	6.17e-06	9.53e-03	7.70e-01	2.08e-01	1.22e-02	6.57e-04	1.95e-05	0.00e+00	0.00e+00	6.17e-06	4.55e-10	5.31e-10
 1.35833e+20	7.17e-06	1.05e-02	8.03e-01	1.77e-01	9.27e-03	4.96e-04	1.43e-05	0.00e+00	0.00e+00	7.17e-06	5.28e-10	6.16e-10
 1.43830e+20	8.49e-06	1.16e-02	8.35e-01	1.46e-01	6.76e-03	3.60e-04	9.93e-06	0.00e+00	0.00e+00	8.49e-06	6.25e-10	7.29e-10
 1.52394e+20	9.98e-06	1.28e-02	8.61e-01	1.21e-01	4.94e-03	2.63e-04	6.91e-06	0.00e+00	0.00e+00	9.98e-06	7.29e-10	8.51e-10
 1.60214e+20	1.15e-05	1.38e-02	8.80e-01	1.02e-01	3.77e-03	2.00e-04	5.03e-06	0.00e+00	0.00e+00	1.15e-05	8.32e-10	9.73e-10
 1.68711e+20	1.34e-05	1.50e-02	8.97e-01	8.52e-02	2.87e-03	1.51e-04	3.62e-06	0.00e+00	0.00e+00	1.34e-05	9.61e-10	1.13e-09
 1.78984e+20	1.60e-05	1.63e-02	9.12e-01	6.94e-02	2.15e-03	1.11e-04	2.53e-06	0.00e+00	0.00e+00	1.60e-05	1.13e-09	1.33e-09
 1.90561e+20	1.93e-05	1.77e-02	9.24e-01	5.61e-02	1.65e-03	8.20e-05	1.79e-06	0.00e+00	0.00e+00	1.93e-05	1.36e-09	1.59e-09
 2.03427e+20	2.37e-05	1.93e-02	9.34e-01	4.50e-02	1.30e-03	6.04e-05	1.28e-06	0.00e+00	0.00e+00	2.37e-05	1.65e-09	1.94e-09
 2.16860e+20	2.92e-05	2.10e-02	9.41e-01	3.65e-02	1.08e-03	4.56e-05	9.66e-07	0.00e+00	0.00e+00	2.91e-05	2.01e-09	2.36e-09
 2.32027e+20	3.70e-05	2.31e-02	9.47e-01	2.91e-02	9.26e-04	3.37e-05	7.34e-07	0.00e+00	0.00e+00	3.70e-05	2.54e-09	2.99e-09
 2.48650e+20	4.80e-05	2.55e-02	9.50e-01	2.33e-02	8.23e-04	2.50e-05	5.76e-07	0.00e+00	0.00e+00	4.80e-05	3.29e-09	3.86e-09
 2.61092e+20	5.83e-05	2.74e-02	9.52e-01	2.00e-02	7.75e-04	2.04e-05	4.97e-07	0.00e+00	0.00e+00	5.83e-05	4.00e-09	4.68e-09
 2.68824e+20	6.62e-05	2.88e-02	9.52e-01	1.82e-02	7.50e-04	1.80e-05	4.55e-07	0.00e+00	0.00e+00	6.62e-05	4.55e-09	5.32e-09
 2.76506e+20	7.59e-05	3.03e-02	9.52e-01	1.65e-02	7.28e-04	1.57e-05	4.16e-07	0.00e+00	0.00e+00	7.59e-05	5.23e-09	6.10e-09
 2.86492e+20	9.10e-05	3.25e-02	9.52e-01	1.45e-02	7.04e-04	1.32e-05	3.73e-07	0.00e+00	0.00e+00	9.10e-05	6.29e-09	7.31e-09
 2.96734e+20	1.10e-04	3.49e-02	9.51e-01	1.28e-02	6.86e-04	1.11e-05	3.37e-07	0.00e+00	0.00e+00	1.10e-04	7.62e-09	8.83e-09
 3.04954e+20	1.28e-04	3.71e-02	9.50e-01	1.16e-02	6.74e-04	9.67e-06	3.11e-07	0.00e+00	0.00e+00	1.28e-04	8.97e-09	1.03e-08
 3.12053e+20	1.48e-04	3.93e-02	9.49e-01	1.06e-02	6.64e-04	8.54e-06	2.90e-07	0.00e+00	0.00e+00	1.48e-04	1.04e-08	1.19e-08
 3.20046e+20	1.76e-04	4.22e-02	9.47e-01	9.54e-03	6.53e-04	7.37e-06	2.67e-07	0.00e+00	0.00e+00	1.76e-04	1.24e-08	1.42e-08
 3.28567e+20	2.11e-04	4.55e-02	9.45e-01	8.56e-03	6.45e-04	6.32e-06	2.45e-07	0.00e+00	0.00e+00	2.11e-04	1.50e-08	1.71e-08
 3.35831e+20	2.49e-04	4.88e-02	9.43e-01	7.80e-03	6.37e-04	5.53e-06	2.27e-07	0.00e+00	0.00e+00	2.49e-04	1.78e-08	2.02e-08
 3.42173e+20	2.89e-04	5.20e-02	9.40e-01	7.16e-03	6.31e-04	4.90e-06	2.12e-07	0.00e+00	0.00e+00	2.89e-04	2.09e-08	2.35e-08
 3.49259e+20	3.45e-04	5.63e-02	9.36e-01	6.48e-03	6.24e-04	4.24e-06	1.96e-07	0.00e+00	0.00e+00	3.45e-04	2.53e-08	2.82e-08
 3.56743e+20	4.18e-04	6.13e-02	9.32e-01	5.84e-03	6.16e-04	3.65e-06	1.80e-07	0.00e+00	0.00e+00	4.18e-04	3.09e-08	3.41e-08
 3.63086e+20	4.95e-04	6.61e-02	9.27e-01	5.33e-03	6.11e-04	3.20e-06	1.67e-07	0.00e+00	0.00e+00	4.95e-04	3.71e-08	4.05e-08
 3.68661e+20	5.78e-04	7.10e-02	9.23e-01	4.90e-03	6.05e-04	2.84e-06	1.56e-07	0.00e+00	0.00e+00	5.78e-04	4.38e-08	4.74e-08
 3.74895e+20	6.96e-04	7.74e-02	9.17e-01	4.43e-03	5.98e-04	2.46e-06	1.43e-07	0.00e+00	0.00e+00	6.96e-04	5.34e-08	5.72e-08
 3.81524e+20	8.50e-04	8.50e-02	9.10e-01	3.99e-03	5.89e-04	2.11e-06	1.30e-07	0.00e+00	0.00e+00	8.50e-04	6.61e-08	6.99e-08
 3.87224e+20	1.02e-03	9.26e-02	9.02e-01	3.63e-03	5.83e-04	1.85e-06	0.00e+00	0.00e+00	0.00e+00	1.02e-03	8.03e-08	8.38e-08
 3.92278e+20	1.20e-03	1.00e-01	8.95e-01	3.32e-03	5.75e-04	1.63e-06	0.00e+00	0.00e+00	0.00e+00	1.20e-03	9.62e-08	9.91e-08
 3.97934e+20	1.47e-03	1.10e-01	8.85e-01	2.98e-03	5.66e-04	1.40e-06	0.00e+00	0.00e+00	0.00e+00	1.47e-03	1.19e-07	1.21e-07
 4.03957e+20	1.81e-03	1.23e-01	8.72e-01	2.66e-03	5.54e-04	1.19e-06	0.00e+00	0.00e+00	0.00e+00	1.81e-03	1.50e-07	1.50e-07
 4.09170e+20	2.20e-03	1.35e-01	8.60e-01	2.40e-03	5.45e-04	1.03e-06	0.00e+00	0.00e+00	0.00e+00	2.20e-03	1.85e-07	1.82e-07
 4.13802e+20	2.63e-03	1.48e-01	8.47e-01	2.17e-03	5.34e-04	9.00e-07	0.00e+00	0.00e+00	0.00e+00	2.63e-03	2.25e-07	2.18e-07
 4.18966e+20	3.27e-03	1.64e-01	8.30e-01	1.93e-03	5.20e-04	7.63e-07	0.00e+00	0.00e+00	0.00e+00	3.27e-03	2.83e-07	2.71e-07
 4.24321e+20	4.09e-03	1.84e-01	8.10e-01	1.70e-03	5.03e-04	6.40e-07	0.00e+00	0.00e+00	0.00e+00	4.09e-03	3.59e-07	3.39e-07
 4.28680e+20	4.95e-03	2.02e-01	7.91e-01	1.52e-03	4.88e-04	5.51e-07	0.00e+00	0.00e+00	0.00e+00	4.95e-03	4.37e-07	4.09e-07
 4.32445e+20	5.88e-03	2.20e-01	7.72e-01	1.38e-03	4.74e-04	4.80e-07	0.00e+00	0.00e+00	0.00e+00	5.88e-03	5.23e-07	4.85e-07
 4.36683e+20	7.23e-03	2.44e-01	7.47e-01	1.22e-03	4.54e-04	4.05e-07	0.00e+00	0.00e+00	0.00e+00	7.23e-03	6.47e-07	5.95e-07
 4.41166e+20	9.01e-03	2.71e-01	7.18e-01	1.06e-03	4.33e-04	3.37e-07	0.00e+00	0.00e+00	0.00e+00	9.00e-03	8.12e-07	7.39e-07
 4.44956e+20	1.09e-02	2.98e-01	6.90e-01	9.37e-04	4.12e-04	2.85e-07	0.00e+00	0.00e+00	0.00e+00	1.09e-02	9.89e-07	8.94e-07
 4.48250e+20	1.30e-02	3.24e-01	6.62e-01	8.33e-04	3.92e-04	2.43e-07	0.00e+00	0.00e+00	0.00e+00	1.30e-02	1.18e-06	1.06e-06
 4.51910e+20	1.60e-02	3.57e-01	6.26e-01	7.22e-04	3.66e-04	2.00e-07	0.00e+00	0.00e+00	0.00e+00	1.60e-02	1.46e-06	1.30e-06
 4.55789e+20	1.99e-02	3.95e-01	5.85e-01	6.15e-04	3.36e-04	1.60e-07	0.00e+00	0.00e+00	0.00e+00	1.99e-02	1.81e-06	1.61e-06
 4.59074e+20	2.42e-02	4.29e-01	5.46e-01	5.31e-04	3.09e-04	1.31e-07	0.00e+00	0.00e+00	0.00e+00	2.42e-02	2.20e-06	1.95e-06
 4.61939e+20	2.87e-02	4.62e-01	5.09e-01	4.63e-04	2.84e-04	0.00e+00	0.00e+00	0.00e+00	0.00e+00	2.87e-02	2.60e-06	2.30e-06
 4.65141e+20	3.50e-02	5.01e-01	4.63e-01	3.91e-04	2.54e-04	0.00e+00	0.00e+00	0.00e+00	0.00e+00	3.50e-02	3.17e-06	2.80e-06
 4.68580e+20	4.36e-02	5.44e-01	4.12e-01	3.21e-04	2.20e-04	0.00e+00	0.00e+00	0.00e+00	0.00e+00	4.36e-02	3.93e-06	3.45e-06
 4.71547e+20	5.27e-02	5.82e-01	3.65e-01	2.68e-04	1.90e-04	0.00e+00	0.00e+00	0.00e+00	0.00e+00	5.27e-02	4.73e-06	4.15e-06
 4.73866e+20	6.12e-02	6.10e-01	3.28e-01	2.30e-04	1.67e-04	0.00e+00	0.00e+00	0.00e+00	0.00e+00	6.12e-02	5.46e-06	4.79e-06
 4.75736e+20	6.95e-02	6.33e-01	2.98e-01	2.02e-04	1.48e-04	0.00e+00	0.00e+00	0.00e+00	0.00e+00	6.94e-02	6.16e-06	5.39e-06
 4.77778e+20	8.02e-02	6.57e-01	2.63e-01	1.72e-04	1.28e-04	0.00e+00	0.00e+00	0.00e+00	0.00e+00	8.01e-02	7.06e-06	6.18e-06
 4.79943e+20	9.30e-02	6.79e-01	2.28e-01	1.46e-04	1.07e-04	0.00e+00	0.00e+00	0.00e+00	0.00e+00	9.30e-02	8.12e-06	7.09e-06
 4.81764e+20	1.05e-01	6.95e-01	2.00e-01	1.26e-04	9.14e-05	0.00e+00	0.00e+00	0.00e+00	0.00e+00	1.05e-01	9.11e-06	7.96e-06
 4.83331e+20	1.17e-01	7.06e-01	1.77e-01	1.10e-04	7.88e-05	0.00e+00	0.00e+00	0.00e+00	0.00e+00	1.17e-01	1.00e-05	8.77e-06
 4.85069e+20	1.33e-01	7.16e-01	1.51e-01	9.43e-05	6.50e-05	0.00e+00	0.00e+00	0.00e+00	0.00e+00	1.33e-01	1.13e-05	9.82e-06
 4.86892e+20	1.50e-01	7.22e-01	1.27e-01	8.03e-05	5.28e-05	0.00e+00	0.00e+00	0.00e+00	0.00e+00	1.50e-01	1.26e-05	1.10e-05
 4.88430e+20	1.67e-01	7.24e-01	1.08e-01	6.95e-05	4.34e-05	0.00e+00	0.00e+00	0.00e+00	0.00e+00	1.67e-01	1.38e-05	1.20e-05
 4.89775e+20	1.83e-01	7.24e-01	9.33e-02	6.14e-05	3.63e-05	0.00e+00	0.00e+00	0.00e+00	0.00e+00	1.83e-01	1.49e-05	1.30e-05
 4.91267e+20	2.03e-01	7.19e-01	7.77e-02	5.30e-05	2.91e-05	0.00e+00	0.00e+00	0.00e+00	0.00e+00	2.03e-01	1.63e-05	1.42e-05
 4.92879e+20	2.27e-01	7.10e-01	6.31e-02	4.53e-05	2.26e-05	0.00e+00	0.00e+00	0.00e+00	0.00e+00	2.27e-01	1.78e-05	1.55e-05
 4.94294e+20	2.50e-01	6.98e-01	5.18e-02	3.93e-05	1.78e-05	0.00e+00	0.00e+00	0.00e+00	0.00e+00	2.50e-01	1.92e-05	1.67e-05
 4.95554e+20	2.72e-01	6.85e-01	4.29e-02	3.45e-05	1.42e-05	0.00e+00	0.00e+00	0.00e+00	0.00e+00	2.72e-01	2.05e-05	1.78e-05
 4.96967e+20	3.00e-01	6.66e-01	3.41e-02	2.97e-05	1.07e-05	0.00e+00	0.00e+00	0.00e+00	0.00e+00	3.00e-01	2.20e-05	1.91e-05
 4.98504e+20	3.30e-01	6.43e-01	2.64e-02	2.53e-05	7.93e-06	0.00e+00	0.00e+00	0.00e+00	0.00e+00	3.30e-01	2.35e-05	2.04e-05
 4.99909e+20	3.61e-01	6.18e-01	2.05e-02	2.18e-05	5.87e-06	0.00e+00	0.00e+00	0.00e+00	0.00e+00	3.61e-01	2.48e-05	2.16e-05
 5.01234e+20	3.92e-01	5.92e-01	1.59e-02	1.89e-05	4.34e-06	0.00e+00	0.00e+00	0.00e+00	0.00e+00	3.92e-01	2.60e-05	2.26e-05
 5.02606e+20	4.25e-01	5.63e-01	1.21e-02	1.63e-05	3.14e-06	0.00e+00	0.00e+00	0.00e+00	0.00e+00	4.25e-01	2.71e-05	2.35e-05
 5.03923e+20	4.58e-01	5.33e-01	9.21e-03	1.41e-05	2.28e-06	0.00e+00	0.00e+00	0.00e+00	0.00e+00	4.58e-01	2.80e-05	2.43e-05
 5.05042e+20	4.87e-01	5.06e-01	7.21e-03	1.24e-05	1.72e-06	0.00e+00	0.00e+00	0.00e+00	0.00e+00	4.87e-01	2.86e-05	2.48e-05
 5.06050e+20	5.13e-01	4.81e-01	5.75e-03	1.11e-05	1.32e-06	0.00e+00	0.00e+00	0.00e+00	0.00e+00	5.13e-01	2.91e-05	2.52e-05
 5.06983e+20	5.38e-01	4.57e-01	4.62e-03	9.97e-06	1.03e-06	0.00e+00	0.00e+00	0.00e+00	0.00e+00	5.38e-01	2.94e-05	2.54e-05
 5.07863e+20	5.61e-01	4.36e-01	3.75e-03	9.04e-06	8.11e-07	0.00e+00	0.00e+00	0.00e+00	0.00e+00	5.61e-01	2.95e-05	2.56e-05
 5.08706e+20	5.83e-01	4.14e-01	3.05e-03	8.19e-06	6.42e-07	0.00e+00	0.00e+00	0.00e+00	0.00e+00	5.83e-01	2.95e-05	2.55e-05
 5.09343e+20	5.99e-01	3.99e-01	2.63e-03	7.65e-06	5.42e-07	0.00e+00	0.00e+00	0.00e+00	0.00e+00	5.99e-01	2.94e-05	2.55e-05
 5.09766e+20	6.09e-01	3.88e-01	2.37e-03	7.30e-06	4.83e-07	0.00e+00	0.00e+00	0.00e+00	0.00e+00	6.09e-01	2.94e-05	2.54e-05
 5.10181e+20	6.20e-01	3.78e-01	2.13e-03	6.96e-06	4.29e-07	0.00e+00	0.00e+00	0.00e+00	0.00e+00	6.20e-01	2.93e-05	2.53e-05
 5.10662e+20	6.33e-01	3.65e-01	1.88e-03	6.57e-06	3.73e-07	0.00e+00	0.00e+00	0.00e+00	0.00e+00	6.33e-01	2.91e-05	2.52e-05
 5.11168e+20	6.46e-01	3.53e-01	1.65e-03	6.20e-06	3.22e-07	0.00e+00	0.00e+00	0.00e+00	0.00e+00	6.46e-01	2.90e-05	2.50e-05
 5.11650e+20	6.57e-01	3.41e-01	1.46e-03	5.87e-06	2.82e-07	0.00e+00	0.00e+00	0.00e+00	0.00e+00	6.57e-01	2.88e-05	2.49e-05
 5.12119e+20	6.69e-01	3.30e-01	1.29e-03	5.55e-06	2.46e-07	0.00e+00	0.00e+00	0.00e+00	0.00e+00	6.69e-01	2.85e-05	2.47e-05
 5.12589e+20	6.80e-01	3.19e-01	1.15e-03	5.27e-06	2.15e-07	0.00e+00	0.00e+00	0.00e+00	0.00e+00	6.80e-01	2.83e-05	2.45e-05
 5.13062e+20	6.92e-01	3.07e-01	1.01e-03	4.98e-06	1.87e-07	0.00e+00	0.00e+00	0.00e+00	0.00e+00	6.91e-01	2.80e-05	2.42e-05
 5.13535e+20	7.02e-01	2.97e-01	8.97e-04	4.72e-06	1.64e-07	0.00e+00	0.00e+00	0.00e+00	0.00e+00	7.02e-01	2.78e-05	2.40e-05
 5.14004e+20	7.13e-01	2.86e-01	7.93e-04	4.47e-06	1.43e-07	0.00e+00	0.00e+00	0.00e+00	0.00e+00	7.13e-01	2.75e-05	2.37e-05
 5.14475e+20	7.23e-01	2.76e-01	7.03e-04	4.24e-06	1.26e-07	0.00e+00	0.00e+00	0.00e+00	0.00e+00	7.23e-01	2.72e-05	2.34e-05
 5.14952e+20	7.34e-01	2.66e-01	6.22e-04	4.01e-06	0.00e+00	0.00e+00	0.00e+00	0.00e+00	0.00e+00	7.34e-01	2.68e-05	2.31e-05
 5.15431e+20	7.44e-01	2.56e-01	5.51e-04	3.80e-06	0.00e+00	0.00e+00	0.00e+00	0.00e+00	0.00e+00	7.44e-01	2.65e-05	2.28e-05
 5.15901e+20	7.53e-01	2.46e-01	4.90e-04	3.60e-06	0.00e+00	0.00e+00	0.00e+00	0.00e+00	0.00e+00	7.53e-01	2.61e-05	2.25e-05
 5.16371e+20	7.63e-01	2.37e-01	4.36e-04	3.42e-06	0.00e+00	0.00e+00	0.00e+00	0.00e+00	0.00e+00	7.63e-01	2.58e-05	2.22e-05
 5.16852e+20	7.72e-01	2.28e-01	3.88e-04	3.23e-06	0.00e+00	0.00e+00	0.00e+00	0.00e+00	0.00e+00	7.72e-01	2.54e-05	2.18e-05
 5.17333e+20	7.81e-01	2.19e-01	3.47e-04	3.07e-06	0.00e+00	0.00e+00	0.00e+00	0.00e+00	0.00e+00	7.81e-01	2.50e-05	2.15e-05
 5.17818e+20	7.90e-01	2.10e-01	3.10e-04	2.91e-06	0.00e+00	0.00e+00	0.00e+00	0.00e+00	0.00e+00	7.90e-01	2.46e-05	2.12e-05
 5.18306e+20	7.98e-01	2.02e-01	2.78e-04	2.76e-06	0.00e+00	0.00e+00	0.00e+00	0.00e+00	0.00e+00	7.98e-01	2.42e-05	2.08e-05
 5.18801e+20	8.06e-01	1.94e-01	2.50e-04	2.62e-06	0.00e+00	0.00e+00	0.00e+00	0.00e+00	0.00e+00	8.06e-01	2.38e-05	2.05e-05
 5.19310e+20	8.14e-01	1.86e-01	2.26e-04	2.48e-06	0.00e+00	0.00e+00	0.00e+00	0.00e+00	0.00e+00	8.14e-01	2.34e-05	2.01e-05
 5.19817e+20	8.21e-01	1.79e-01	2.05e-04	2.36e-06	0.00e+00	0.00e+00	0.00e+00	0.00e+00	0.00e+00	8.21e-01	2.31e-05	1.98e-05
 5.20331e+20	8.28e-01	1.71e-01	1.87e-04	2.24e-06	0.00e+00	0.00e+00	0.00e+00	0.00e+00	0.00e+00	8.28e-01	2.27e-05	1.94e-05
 5.20856e+20	8.35e-01	1.64e-01	1.71e-04	2.13e-06	0.00e+00	0.00e+00	0.00e+00	0.00e+00	0.00e+00	8.35e-01	2.23e-05	1.91e-05
 5.21387e+20	8.42e-01	1.58e-01	1.57e-04	2.03e-06	0.00e+00	0.00e+00	0.00e+00	0.00e+00	0.00e+00	8.42e-01	2.19e-05	1.88e-05
 5.21919e+20	8.48e-01	1.52e-01	1.46e-04	1.93e-06	0.00e+00	0.00e+00	0.00e+00	0.00e+00	0.00e+00	8.48e-01	2.16e-05	1.85e-05
 5.22455e+20	8.54e-01	1.46e-01	1.36e-04	1.84e-06	0.00e+00	0.00e+00	0.00e+00	0.00e+00	0.00e+00	8.54e-01	2.12e-05	1.82e-05
 5.23002e+20	8.59e-01	1.41e-01	1.27e-04	1.76e-06	0.00e+00	0.00e+00	0.00e+00	0.00e+00	0.00e+00	8.59e-01	2.09e-05	1.79e-05
 5.23565e+20	8.64e-01	1.36e-01	1.20e-04	1.69e-06	0.00e+00	0.00e+00	0.00e+00	0.00e+00	0.00e+00	8.64e-01	2.06e-05	1.76e-05
 5.24145e+20	8.69e-01	1.31e-01	1.14e-04	1.62e-06	0.00e+00	0.00e+00	0.00e+00	0.00e+00	0.00e+00	8.69e-01	2.03e-05	1.73e-05
 5.24747e+20	8.73e-01	1.27e-01	1.08e-04	1.55e-06	0.00e+00	0.00e+00	0.00e+00	0.00e+00	0.00e+00	8.73e-01	2.00e-05	1.71e-05
 5.25377e+20	8.78e-01	1.22e-01	1.04e-04	1.49e-06	0.00e+00	0.00e+00	0.00e+00	0.00e+00	0.00e+00	8.77e-01	1.97e-05	1.68e-05
 5.26045e+20	8.81e-01	1.19e-01	9.98e-05	1.44e-06	0.00e+00	0.00e+00	0.00e+00	0.00e+00	0.00e+00	8.81e-01	1.95e-05	1.66e-05
 5.26757e+20	8.85e-01	1.15e-01	9.64e-05	1.39e-06	0.00e+00	0.00e+00	0.00e+00	0.00e+00	0.00e+00	8.85e-01	1.92e-05	1.64e-05
 5.27530e+20	8.88e-01	1.12e-01	9.34e-05	1.34e-06	0.00e+00	0.00e+00	0.00e+00	0.00e+00	0.00e+00	8.88e-01	1.90e-05	1.62e-05
 5.28390e+20	8.91e-01	1.09e-01	9.09e-05	1.30e-06	0.00e+00	0.00e+00	0.00e+00	0.00e+00	0.00e+00	8.91e-01	1.88e-05	1.60e-05
 5.29368e+20	8.94e-01	1.06e-01	8.87e-05	1.26e-06	0.00e+00	0.00e+00	0.00e+00	0.00e+00	0.00e+00	8.94e-01	1.86e-05	1.58e-05
 5.30502e+20	8.97e-01	1.03e-01	8.69e-05	1.22e-06	0.00e+00	0.00e+00	0.00e+00	0.00e+00	0.00e+00	8.97e-01	1.84e-05	1.56e-05
 5.31714e+20	8.99e-01	1.01e-01	8.55e-05	1.20e-06	0.00e+00	0.00e+00	0.00e+00	0.00e+00	0.00e+00	8.99e-01	1.83e-05	1.55e-05
 5.32910e+20	9.00e-01	9.97e-02	8.46e-05	1.18e-06	0.00e+00	0.00e+00	0.00e+00	0.00e+00	0.00e+00	9.00e-01	1.82e-05	1.54e-05
 5.34096e+20	9.02e-01	9.84e-02	8.39e-05	1.16e-06	0.00e+00	0.00e+00	0.00e+00	0.00e+00	0.00e+00	9.01e-01	1.81e-05	1.53e-05
 5.35274e+20	9.02e-01	9.76e-02	8.34e-05	1.15e-06	0.00e+00	0.00e+00	0.00e+00	0.00e+00	0.00e+00	9.02e-01	1.80e-05	1.52e-05
 5.36445e+20	9.03e-01	9.69e-02	8.30e-05	1.14e-06	0.00e+00	0.00e+00	0.00e+00	0.00e+00	0.00e+00	9.03e-01	1.80e-05	1.52e-05
 5.37612e+20	9.04e-01	9.63e-02	8.26e-05	1.13e-06	0.00e+00	0.00e+00	0.00e+00	0.00e+00	0.00e+00	9.04e-01	1.79e-05	1.52e-05
 5.38951e+20	9.05e-01	9.54e-02	8.23e-05	1.12e-06	0.00e+00	0.00e+00	0.00e+00	0.00e+00	0.00e+00	9.04e-01	1.79e-05	1.51e-05
 5.40693e+20	9.05e-01	9.51e-02	8.20e-05	1.11e-06	0.00e+00	0.00e+00	0.00e+00	0.00e+00	0.00e+00	9.05e-01	1.79e-05	1.51e-05
 5.42957e+20	9.05e-01	9.46e-02	8.16e-05	1.10e-06	0.00e+00	0.00e+00	0.00e+00	0.00e+00	0.00e+00	9.05e-01	1.78e-05	1.50e-05
 5.45900e+20	9.06e-01	9.37e-02	8.12e-05	1.09e-06	0.00e+00	0.00e+00	0.00e+00	0.00e+00	0.00e+00	9.06e-01	1.78e-05	1.50e-05
 5.49726e+20	9.07e-01	9.29e-02	8.07e-05	1.08e-06	0.00e+00	0.00e+00	0.00e+00	0.00e+00	0.00e+00	9.07e-01	1.77e-05	1.49e-05
 5.54700e+20	9.08e-01	9.17e-02	8.02e-05	1.06e-06	0.00e+00	0.00e+00	0.00e+00	0.00e+00	0.00e+00	9.08e-01	1.77e-05	1.48e-05
 5.61166e+20	9.09e-01	9.04e-02	7.95e-05	1.04e-06	0.00e+00	0.00e+00	0.00e+00	0.00e+00	0.00e+00	9.09e-01	1.76e-05	1.47e-05
 5.69571e+20	9.11e-01	8.88e-02	7.87e-05	1.01e-06	0.00e+00	0.00e+00	0.00e+00	0.00e+00	0.00e+00	9.11e-01	1.75e-05	1.46e-05
 5.80499e+20	9.13e-01	8.67e-02	7.77e-05	9.83e-07	0.00e+00	0.00e+00	0.00e+00	0.00e+00	0.00e+00	9.13e-01	1.74e-05	1.45e-05
 5.94704e+20	9.16e-01	8.42e-02	7.65e-05	9.44e-07	0.00e+00	0.00e+00	0.00e+00	0.00e+00	0.00e+00	9.16e-01	1.73e-05	1.43e-05
 6.13172e+20	9.19e-01	8.11e-02	7.52e-05	8.98e-07	0.00e+00	0.00e+00	0.00e+00	0.00e+00	0.00e+00	9.19e-01	1.71e-05	1.40e-05
 6.34538e+20	9.22e-01	7.79e-02	7.39e-05	8.50e-07	0.00e+00	0.00e+00	0.00e+00	0.00e+00	0.00e+00	9.22e-01	1.69e-05	1.37e-05
 6.56152e+20	9.25e-01	7.50e-02	7.27e-05	8.07e-07	0.00e+00	0.00e+00	0.00e+00	0.00e+00	0.00e+00	9.25e-01	1.68e-05	1.34e-05
 6.77740e+20	9.28e-01	7.23e-02	7.17e-05	7.67e-07	0.00e+00	0.00e+00	0.00e+00	0.00e+00	0.00e+00	9.28e-01	1.66e-05	1.31e-05
 7.00210e+20	9.30e-01	6.97e-02	7.07e-05	7.29e-07	0.00e+00	0.00e+00	0.00e+00	0.00e+00	0.00e+00	9.30e-01	1.65e-05	1.28e-05
 7.24049e+20	9.33e-01	6.72e-02	6.97e-05	6.92e-07	0.00e+00	0.00e+00	0.00e+00	0.00e+00	0.00e+00	9.33e-01	1.63e-05	1.26e-05
 7.49060e+20	9.35e-01	6.48e-02	6.88e-05	6.56e-07	0.00e+00	0.00e+00	0.00e+00	0.00e+00	0.00e+00	9.35e-01	1.62e-05	1.24e-05
 7.74941e+20	9.38e-01	6.24e-02	6.79e-05	6.22e-07	0.00e+00	0.00e+00	0.00e+00	0.00e+00	0.00e+00	9.38e-01	1.61e-05	1.21e-05
 8.02331e+20	9.40e-01	6.01e-02	6.70e-05	5.89e-07	0.00e+00	0.00e+00	0.00e+00	0.00e+00	0.00e+00	9.40e-01	1.59e-05	1.19e-05
 8.31198e+20	9.42e-01	5.79e-02	6.62e-05	5.57e-07	0.00e+00	0.00e+00	0.00e+00	0.00e+00	0.00e+00	9.42e-01	1.58e-05	1.17e-05
 8.60958e+20	9.44e-01	5.58e-02	6.53e-05	5.27e-07	0.00e+00	0.00e+00	0.00e+00	0.00e+00	0.00e+00	9.44e-01	1.57e-05	1.15e-05
 8.91998e+20	9.46e-01	5.37e-02	6.45e-05	4.99e-07	0.00e+00	0.00e+00	0.00e+00	0.00e+00	0.00e+00	9.46e-01	1.55e-05	1.13e-05
 9.24587e+20	9.48e-01	5.17e-02	6.36e-05	4.71e-07	0.00e+00	0.00e+00	0.00e+00	0.00e+00	0.00e+00	9.48e-01	1.54e-05	1.11e-05
 9.58697e+20	9.50e-01	4.98e-02	6.27e-05	4.44e-07	0.00e+00	0.00e+00	0.00e+00	0.00e+00	0.00e+00	9.50e-01	1.52e-05	1.09e-05
 9.94245e+20	9.52e-01	4.79e-02	6.19e-05	4.19e-07	0.00e+00	0.00e+00	0.00e+00	0.00e+00	0.00e+00	9.52e-01	1.50e-05	1.08e-05
 1.03126e+21	9.54e-01	4.61e-02	6.10e-05	3.95e-07	0.00e+00	0.00e+00	0.00e+00	0.00e+00	0.00e+00	9.54e-01	1.49e-05	1.06e-05
 1.06982e+21	9.56e-01	4.44e-02	6.02e-05	3.72e-07	0.00e+00	0.00e+00	0.00e+00	0.00e+00	0.00e+00	9.56e-01	1.47e-05	1.05e-05
 1.10994e+21	9.57e-01	4.27e-02	5.93e-05	3.50e-07	0.00e+00	0.00e+00	0.00e+00	0.00e+00	0.00e+00	9.57e-01	1.44e-05	1.03e-05
 1.15093e+21	9.59e-01	4.11e-02	5.85e-05	3.29e-07	0.00e+00	0.00e+00	0.00e+00	0.00e+00	0.00e+00	9.59e-01	1.42e-05	1.01e-05
 1.19158e+21	9.60e-01	3.96e-02	5.77e-05	3.10e-07	0.00e+00	0.00e+00	0.00e+00	0.00e+00	0.00e+00	9.60e-01	1.39e-05	1.00e-05
 1.23140e+21	9.62e-01	3.82e-02	5.69e-05	2.93e-07	0.00e+00	0.00e+00	0.00e+00	0.00e+00	0.00e+00	9.62e-01	1.36e-05	9.88e-06
 1.27045e+21	9.63e-01	3.69e-02	5.63e-05	2.77e-07	0.00e+00	0.00e+00	0.00e+00	0.00e+00	0.00e+00	9.63e-01	1.33e-05	9.76e-06
 1.30860e+21	9.64e-01	3.56e-02	5.56e-05	2.62e-07	0.00e+00	0.00e+00	0.00e+00	0.00e+00	0.00e+00	9.64e-01	1.29e-05	9.64e-06
 1.34547e+21	9.66e-01	3.44e-02	5.50e-05	2.48e-07	0.00e+00	0.00e+00	0.00e+00	0.00e+00	0.00e+00	9.66e-01	1.26e-05	9.53e-06
 1.38077e+21	9.67e-01	3.32e-02	5.45e-05	2.35e-07	0.00e+00	0.00e+00	0.00e+00	0.00e+00	0.00e+00	9.67e-01	1.22e-05	9.42e-06
