#depth	He	He+	He+2
 7.41557e+15	6.92e-03	6.11e-01	3.82e-01
 4.44934e+16	6.91e-03	6.11e-01	3.82e-01
 1.92805e+17	6.91e-03	6.12e-01	3.81e-01
 7.86050e+17	6.96e-03	6.17e-01	3.76e-01
 1.87762e+18	6.97e-03	6.21e-01	3.72e-01
 3.29667e+18	7.06e-03	6.32e-01	3.61e-01
 5.14142e+18	7.26e-03	6.50e-01	3.42e-01
 7.53961e+18	7.62e-03	6.77e-01	3.15e-01
 1.06572e+19	8.20e-03	7.15e-01	2.77e-01
 1.47102e+19	9.12e-03	7.63e-01	2.27e-01
 1.98967e+19	1.04e-02	8.18e-01	1.72e-01
 2.47080e+19	1.14e-02	8.57e-01	1.31e-01
 2.80398e+19	1.23e-02	8.79e-01	1.09e-01
 3.07605e+19	1.29e-02	8.93e-01	9.43e-02
 3.37606e+19	1.38e-02	9.06e-01	8.03e-02
 3.69208e+19	1.46e-02	9.16e-01	6.89e-02
 3.95908e+19	1.54e-02	9.23e-01	6.11e-02
 4.19275e+19	1.62e-02	9.29e-01	5.53e-02
 4.45288e+19	1.71e-02	9.33e-01	4.95e-02
 4.72488e+19	1.82e-02	9.37e-01	4.47e-02
 4.94984e+19	1.92e-02	9.39e-01	4.14e-02
 5.14318e+19	2.02e-02	9.41e-01	3.88e-02
 5.35789e+19	2.15e-02	9.42e-01	3.61e-02
 5.58716e+19	2.30e-02	9.43e-01	3.36e-02
 5.78298e+19	2.46e-02	9.44e-01	3.18e-02
 5.95244e+19	2.62e-02	9.43e-01	3.04e-02
 6.13999e+19	2.84e-02	9.43e-01	2.88e-02
 6.33780e+19	3.11e-02	9.42e-01	2.74e-02
 6.50012e+19	3.39e-02	9.40e-01	2.63e-02
 6.62818e+19	3.64e-02	9.38e-01	2.55e-02
 6.76050e+19	3.96e-02	9.36e-01	2.47e-02
 6.89857e+19	4.34e-02	9.33e-01	2.40e-02
 7.01006e+19	4.71e-02	9.29e-01	2.34e-02
 7.10073e+19	5.06e-02	9.26e-01	2.30e-02
 7.19839e+19	5.49e-02	9.22e-01	2.26e-02
 7.30162e+19	6.01e-02	9.18e-01	2.22e-02
 7.38796e+19	6.51e-02	9.13e-01	2.19e-02
 7.46121e+19	7.01e-02	9.08e-01	2.17e-02
 7.54161e+19	7.62e-02	9.02e-01	2.14e-02
 7.62724e+19	8.34e-02	8.95e-01	2.12e-02
 7.70086e+19	9.02e-02	8.89e-01	2.11e-02
 7.76670e+19	9.70e-02	8.82e-01	2.10e-02
 7.84127e+19	1.06e-01	8.73e-01	2.09e-02
 7.92163e+19	1.16e-01	8.63e-01	2.09e-02
 7.99354e+19	1.26e-01	8.53e-01	2.09e-02
 8.06062e+19	1.37e-01	8.43e-01	2.08e-02
 8.12816e+19	1.48e-01	8.31e-01	2.08e-02
 8.19409e+19	1.60e-01	8.19e-01	2.08e-02
 8.25519e+19	1.72e-01	8.07e-01	2.08e-02
 8.31240e+19	1.84e-01	7.96e-01	2.09e-02
 8.35775e+19	1.93e-01	7.86e-01	2.09e-02
 8.38922e+19	2.00e-01	7.79e-01	2.09e-02
 8.41916e+19	2.07e-01	7.72e-01	2.09e-02
 8.45369e+19	2.16e-01	7.63e-01	2.08e-02
 8.49055e+19	2.25e-01	7.54e-01	2.09e-02
 8.52714e+19	2.35e-01	7.45e-01	2.08e-02
 8.56353e+19	2.44e-01	7.35e-01	2.08e-02
 8.59946e+19	2.54e-01	7.25e-01	2.08e-02
 8.63567e+19	2.65e-01	7.15e-01	2.08e-02
 8.67265e+19	2.75e-01	7.04e-01	2.08e-02
 8.71030e+19	2.87e-01	6.92e-01	2.07e-02
 8.74795e+19	2.98e-01	6.81e-01	2.07e-02
 8.78590e+19	3.11e-01	6.69e-01	2.06e-02
 8.82421e+19	3.23e-01	6.57e-01	2.06e-02
 8.86304e+19	3.36e-01	6.43e-01	2.05e-02
 8.90229e+19	3.49e-01	6.31e-01	2.04e-02
 8.94227e+19	3.63e-01	6.17e-01	2.03e-02
 8.98318e+19	3.77e-01	6.02e-01	2.02e-02
 9.02365e+19	3.92e-01	5.88e-01	2.00e-02
 9.06460e+19	4.06e-01	5.74e-01	1.99e-02
 9.10720e+19	4.22e-01	5.58e-01	1.97e-02
 9.15047e+19	4.38e-01	5.43e-01	1.95e-02
 9.19442e+19	4.54e-01	5.26e-01	1.93e-02
 9.23973e+19	4.71e-01	5.10e-01	1.90e-02
 9.28584e+19	4.88e-01	4.93e-01	1.88e-02
 9.33317e+19	5.06e-01	4.76e-01	1.85e-02
 9.38185e+19	5.23e-01	4.59e-01	1.82e-02
 9.43138e+19	5.41e-01	4.41e-01	1.78e-02
 9.48167e+19	5.58e-01	4.24e-01	1.74e-02
 9.53310e+19	5.76e-01	4.07e-01	1.70e-02
 9.58620e+19	5.93e-01	3.90e-01	1.66e-02
 9.64140e+19	6.10e-01	3.73e-01	1.61e-02
 9.69904e+19	6.28e-01	3.57e-01	1.56e-02
 9.75946e+19	6.44e-01	3.40e-01	1.51e-02
 9.82309e+19	6.61e-01	3.24e-01	1.46e-02
 9.89103e+19	6.77e-01	3.09e-01	1.41e-02
 9.96452e+19	6.93e-01	2.93e-01	1.35e-02
 1.00447e+20	7.09e-01	2.78e-01	1.29e-02
 1.01334e+20	7.24e-01	2.64e-01	1.23e-02
 1.02330e+20	7.38e-01	2.50e-01	1.16e-02
 1.03466e+20	7.52e-01	2.37e-01	1.10e-02
 1.04688e+20	7.63e-01	2.26e-01	1.04e-02
 1.05910e+20	7.73e-01	2.17e-01	9.89e-03
 1.07308e+20	7.82e-01	2.09e-01	9.34e-03
 1.09126e+20	7.91e-01	2.00e-01	8.75e-03
 1.11489e+20	8.01e-01	1.91e-01	8.09e-03
 1.14434e+20	8.10e-01	1.82e-01	7.39e-03
 1.17838e+20	8.19e-01	1.74e-01	6.72e-03
 1.21550e+20	8.28e-01	1.66e-01	6.10e-03
 1.25502e+20	8.36e-01	1.59e-01	5.51e-03
 1.29706e+20	8.44e-01	1.51e-01	4.98e-03
 1.34113e+20	8.51e-01	1.44e-01	4.51e-03
 1.38643e+20	8.58e-01	1.38e-01	4.07e-03
 1.43357e+20	8.65e-01	1.31e-01	3.68e-03
 1.48289e+20	8.71e-01	1.25e-01	3.33e-03
 1.53371e+20	8.77e-01	1.20e-01	3.01e-03
 1.58628e+20	8.83e-01	1.14e-01	2.73e-03
 1.64124e+20	8.89e-01	1.09e-01	2.47e-03
 1.69861e+20	8.94e-01	1.04e-01	2.23e-03
 1.75813e+20	8.99e-01	9.87e-02	2.01e-03
 1.81971e+20	9.04e-01	9.41e-02	1.82e-03
 1.88325e+20	9.09e-01	8.97e-02	1.65e-03
 1.94742e+20	9.13e-01	8.56e-02	1.49e-03
 2.01086e+20	9.17e-01	8.19e-02	1.36e-03
 2.07327e+20	9.20e-01	7.85e-02	1.25e-03
 2.13469e+20	9.23e-01	7.54e-02	1.15e-03
 2.19500e+20	9.26e-01	7.26e-02	1.06e-03
 2.25384e+20	9.29e-01	6.99e-02	9.77e-04
 2.31084e+20	9.32e-01	6.75e-02	9.08e-04
 2.36580e+20	9.34e-01	6.53e-02	8.47e-04
