#depth	O	O+	O+2	O+3	O+4	O+5	O+6	O+7	O+8	O[1]	O[2]	O[3]
 1.60145e+16	5.85e-07	1.00e-03	1.29e-01	6.45e-01	2.06e-01	1.92e-02	6.58e-04	1.96e-07	0.00e+00	5.85e-07	1.38e-10	1.59e-10
 9.60868e+16	5.84e-07	1.01e-03	1.29e-01	6.45e-01	2.05e-01	1.91e-02	6.56e-04	1.95e-07	0.00e+00	5.84e-07	1.38e-10	1.59e-10
 4.16376e+17	5.83e-07	1.01e-03	1.31e-01	6.45e-01	2.04e-01	1.89e-02	6.47e-04	1.92e-07	0.00e+00	5.82e-07	1.37e-10	1.59e-10
 1.69753e+18	5.88e-07	1.03e-03	1.37e-01	6.45e-01	1.98e-01	1.82e-02	6.14e-04	1.81e-07	0.00e+00	5.87e-07	1.38e-10	1.60e-10
 4.05486e+18	5.78e-07	1.05e-03	1.48e-01	6.46e-01	1.88e-01	1.70e-02	5.63e-04	1.63e-07	0.00e+00	5.77e-07	1.36e-10	1.57e-10
 6.48759e+18	5.75e-07	1.08e-03	1.58e-01	6.46e-01	1.79e-01	1.59e-02	5.17e-04	1.48e-07	0.00e+00	5.74e-07	1.35e-10	1.56e-10
 8.58564e+18	5.92e-07	1.13e-03	1.68e-01	6.44e-01	1.71e-01	1.51e-02	4.81e-04	1.36e-07	0.00e+00	5.91e-07	1.38e-10	1.61e-10
 1.08804e+19	6.34e-07	1.21e-03	1.80e-01	6.41e-01	1.63e-01	1.41e-02	4.42e-04	0.00e+00	0.00e+00	6.34e-07	1.48e-10	1.72e-10
 1.38636e+19	7.04e-07	1.33e-03	1.97e-01	6.36e-01	1.53e-01	1.29e-02	3.97e-04	0.00e+00	0.00e+00	7.04e-07	1.65e-10	1.91e-10
 1.77418e+19	8.22e-07	1.52e-03	2.22e-01	6.25e-01	1.40e-01	1.13e-02	3.42e-04	0.00e+00	0.00e+00	8.21e-07	1.92e-10	2.23e-10
 2.20361e+19	9.71e-07	1.76e-03	2.54e-01	6.09e-01	1.25e-01	9.80e-03	2.91e-04	0.00e+00	0.00e+00	9.70e-07	2.26e-10	2.63e-10
 2.59095e+19	1.14e-06	2.03e-03	2.88e-01	5.89e-01	1.12e-01	8.48e-03	2.48e-04	0.00e+00	0.00e+00	1.14e-06	2.65e-10	3.08e-10
 2.92230e+19	1.33e-06	2.31e-03	3.21e-01	5.68e-01	1.01e-01	7.38e-03	2.14e-04	0.00e+00	0.00e+00	1.32e-06	3.09e-10	3.59e-10
 3.21818e+19	1.54e-06	2.62e-03	3.56e-01	5.44e-01	9.05e-02	6.41e-03	1.85e-04	0.00e+00	0.00e+00	1.54e-06	3.59e-10	4.18e-10
 3.49364e+19	1.79e-06	2.97e-03	3.92e-01	5.18e-01	8.06e-02	5.54e-03	1.59e-04	0.00e+00	0.00e+00	1.79e-06	4.17e-10	4.85e-10
 3.75528e+19	2.08e-06	3.36e-03	4.31e-01	4.90e-01	7.11e-02	4.74e-03	1.35e-04	0.00e+00	0.00e+00	2.08e-06	4.84e-10	5.63e-10
 4.00464e+19	2.41e-06	3.79e-03	4.70e-01	4.60e-01	6.20e-02	4.00e-03	1.13e-04	0.00e+00	0.00e+00	2.41e-06	5.62e-10	6.52e-10
 4.24282e+19	2.80e-06	4.26e-03	5.11e-01	4.28e-01	5.35e-02	3.35e-03	9.40e-05	0.00e+00	0.00e+00	2.80e-06	6.52e-10	7.56e-10
 4.47178e+19	3.24e-06	4.78e-03	5.53e-01	3.94e-01	4.56e-02	2.76e-03	7.69e-05	0.00e+00	0.00e+00	3.24e-06	7.55e-10	8.76e-10
 4.69362e+19	3.75e-06	5.34e-03	5.94e-01	3.60e-01	3.83e-02	2.25e-03	6.19e-05	0.00e+00	0.00e+00	3.75e-06	8.74e-10	1.01e-09
 4.91131e+19	4.35e-06	5.95e-03	6.34e-01	3.26e-01	3.18e-02	1.80e-03	4.90e-05	0.00e+00	0.00e+00	4.35e-06	1.01e-09	1.17e-09
 5.12734e+19	5.04e-06	6.61e-03	6.74e-01	2.92e-01	2.59e-02	1.42e-03	3.80e-05	0.00e+00	0.00e+00	5.04e-06	1.17e-09	1.36e-09
 5.37546e+19	6.00e-06	7.44e-03	7.17e-01	2.54e-01	2.00e-02	1.05e-03	2.76e-05	0.00e+00	0.00e+00	6.00e-06	1.40e-09	1.62e-09
 5.63680e+19	7.13e-06	8.33e-03	7.58e-01	2.18e-01	1.51e-02	7.62e-04	1.95e-05	0.00e+00	0.00e+00	7.13e-06	1.66e-09	1.92e-09
 5.86265e+19	8.26e-06	9.12e-03	7.89e-01	1.89e-01	1.18e-02	5.72e-04	1.42e-05	0.00e+00	0.00e+00	8.26e-06	1.92e-09	2.23e-09
 6.10357e+19	9.73e-06	1.00e-02	8.19e-01	1.62e-01	8.85e-03	4.14e-04	9.97e-06	0.00e+00	0.00e+00	9.73e-06	2.25e-09	2.62e-09
 6.36645e+19	1.15e-05	1.10e-02	8.45e-01	1.37e-01	6.58e-03	2.97e-04	6.88e-06	0.00e+00	0.00e+00	1.15e-05	2.65e-09	3.09e-09
 6.61200e+19	1.33e-05	1.19e-02	8.65e-01	1.17e-01	5.03e-03	2.19e-04	4.89e-06	0.00e+00	0.00e+00	1.33e-05	3.08e-09	3.58e-09
 6.88537e+19	1.58e-05	1.30e-02	8.84e-01	9.86e-02	3.74e-03	1.57e-04	3.35e-06	0.00e+00	0.00e+00	1.57e-05	3.64e-09	4.24e-09
 7.24074e+19	1.94e-05	1.44e-02	9.04e-01	7.93e-02	2.63e-03	1.05e-04	2.12e-06	0.00e+00	0.00e+00	1.94e-05	4.47e-09	5.21e-09
 7.61807e+19	2.39e-05	1.58e-02	9.18e-01	6.42e-02	1.91e-03	7.28e-05	1.39e-06	0.00e+00	0.00e+00	2.39e-05	5.45e-09	6.35e-09
 7.95618e+19	2.87e-05	1.71e-02	9.28e-01	5.36e-02	1.49e-03	5.38e-05	9.84e-07	0.00e+00	0.00e+00	2.87e-05	6.50e-09	7.59e-09
 8.32797e+19	3.53e-05	1.87e-02	9.36e-01	4.40e-02	1.16e-03	3.92e-05	6.91e-07	0.00e+00	0.00e+00	3.53e-05	7.95e-09	9.28e-09
 8.81130e+19	4.62e-05	2.09e-02	9.44e-01	3.45e-02	9.01e-04	2.69e-05	4.62e-07	0.00e+00	0.00e+00	4.62e-05	1.04e-08	1.21e-08
 9.21963e+19	5.75e-05	2.28e-02	9.48e-01	2.88e-02	7.72e-04	2.06e-05	3.53e-07	0.00e+00	0.00e+00	5.75e-05	1.29e-08	1.50e-08
 9.44138e+19	6.50e-05	2.40e-02	9.49e-01	2.61e-02	7.19e-04	1.79e-05	3.08e-07	0.00e+00	0.00e+00	6.49e-05	1.46e-08	1.69e-08
 9.64059e+19	7.33e-05	2.52e-02	9.50e-01	2.38e-02	6.74e-04	1.55e-05	2.71e-07	0.00e+00	0.00e+00	7.32e-05	1.64e-08	1.91e-08
 9.89956e+19	8.57e-05	2.69e-02	9.51e-01	2.11e-02	6.26e-04	1.30e-05	2.32e-07	0.00e+00	0.00e+00	8.57e-05	1.92e-08	2.23e-08
 1.01826e+20	1.02e-04	2.88e-02	9.52e-01	1.86e-02	5.87e-04	1.09e-05	2.00e-07	0.00e+00	0.00e+00	1.02e-04	2.29e-08	2.65e-08
 1.04351e+20	1.19e-04	3.08e-02	9.52e-01	1.66e-02	5.59e-04	9.29e-06	1.76e-07	0.00e+00	0.00e+00	1.19e-04	2.69e-08	3.10e-08
 1.06597e+20	1.38e-04	3.28e-02	9.51e-01	1.50e-02	5.37e-04	8.04e-06	1.58e-07	0.00e+00	0.00e+00	1.38e-04	3.12e-08	3.59e-08
 1.09100e+20	1.64e-04	3.53e-02	9.51e-01	1.34e-02	5.15e-04	6.81e-06	1.40e-07	0.00e+00	0.00e+00	1.64e-04	3.72e-08	4.27e-08
 1.11747e+20	1.96e-04	3.82e-02	9.49e-01	1.19e-02	4.98e-04	5.76e-06	1.25e-07	0.00e+00	0.00e+00	1.96e-04	4.49e-08	5.12e-08
 1.13990e+20	2.30e-04	4.10e-02	9.48e-01	1.07e-02	4.84e-04	4.98e-06	0.00e+00	0.00e+00	0.00e+00	2.30e-04	5.30e-08	6.02e-08
 1.15961e+20	2.66e-04	4.38e-02	9.46e-01	9.79e-03	4.74e-04	4.37e-06	0.00e+00	0.00e+00	0.00e+00	2.66e-04	6.16e-08	6.97e-08
 1.18168e+20	3.16e-04	4.74e-02	9.43e-01	8.80e-03	4.63e-04	3.76e-06	0.00e+00	0.00e+00	0.00e+00	3.16e-04	7.38e-08	8.30e-08
 1.20528e+20	3.81e-04	5.17e-02	9.40e-01	7.86e-03	4.52e-04	3.20e-06	0.00e+00	0.00e+00	0.00e+00	3.81e-04	8.95e-08	1.00e-07
 1.22570e+20	4.50e-04	5.58e-02	9.36e-01	7.12e-03	4.45e-04	2.79e-06	0.00e+00	0.00e+00	0.00e+00	4.49e-04	1.07e-07	1.18e-07
 1.24390e+20	5.26e-04	6.01e-02	9.32e-01	6.50e-03	4.38e-04	2.45e-06	0.00e+00	0.00e+00	0.00e+00	5.25e-04	1.26e-07	1.38e-07
 1.26433e+20	6.33e-04	6.57e-02	9.27e-01	5.82e-03	4.29e-04	2.10e-06	0.00e+00	0.00e+00	0.00e+00	6.32e-04	1.53e-07	1.67e-07
 1.28599e+20	7.69e-04	7.23e-02	9.21e-01	5.20e-03	4.21e-04	1.79e-06	0.00e+00	0.00e+00	0.00e+00	7.69e-04	1.87e-07	2.03e-07
 1.30459e+20	9.15e-04	7.88e-02	9.15e-01	4.71e-03	4.15e-04	1.56e-06	0.00e+00	0.00e+00	0.00e+00	9.15e-04	2.26e-07	2.42e-07
 1.32124e+20	1.08e-03	8.55e-02	9.09e-01	4.28e-03	4.08e-04	1.37e-06	0.00e+00	0.00e+00	0.00e+00	1.08e-03	2.69e-07	2.85e-07
 1.34000e+20	1.31e-03	9.43e-02	9.00e-01	3.82e-03	4.00e-04	1.17e-06	0.00e+00	0.00e+00	0.00e+00	1.31e-03	3.30e-07	3.47e-07
 1.35995e+20	1.62e-03	1.05e-01	8.90e-01	3.39e-03	3.91e-04	9.93e-07	0.00e+00	0.00e+00	0.00e+00	1.62e-03	4.11e-07	4.26e-07
 1.37721e+20	1.96e-03	1.15e-01	8.79e-01	3.05e-03	3.84e-04	8.59e-07	0.00e+00	0.00e+00	0.00e+00	1.95e-03	5.01e-07	5.14e-07
 1.39273e+20	2.34e-03	1.26e-01	8.68e-01	2.75e-03	3.76e-04	7.46e-07	0.00e+00	0.00e+00	0.00e+00	2.34e-03	6.04e-07	6.14e-07
 1.41024e+20	2.90e-03	1.41e-01	8.53e-01	2.42e-03	3.66e-04	6.30e-07	0.00e+00	0.00e+00	0.00e+00	2.89e-03	7.56e-07	7.59e-07
 1.42844e+20	3.63e-03	1.58e-01	8.36e-01	2.12e-03	3.55e-04	5.27e-07	0.00e+00	0.00e+00	0.00e+00	3.63e-03	9.55e-07	9.48e-07
 1.44332e+20	4.38e-03	1.74e-01	8.19e-01	1.90e-03	3.45e-04	4.54e-07	0.00e+00	0.00e+00	0.00e+00	4.38e-03	1.16e-06	1.14e-06
 1.45620e+20	5.21e-03	1.91e-01	8.02e-01	1.71e-03	3.35e-04	3.95e-07	0.00e+00	0.00e+00	0.00e+00	5.21e-03	1.39e-06	1.36e-06
 1.47069e+20	6.41e-03	2.12e-01	7.80e-01	1.50e-03	3.22e-04	3.33e-07	0.00e+00	0.00e+00	0.00e+00	6.40e-03	1.71e-06	1.66e-06
 1.48606e+20	7.97e-03	2.37e-01	7.54e-01	1.30e-03	3.08e-04	2.78e-07	0.00e+00	0.00e+00	0.00e+00	7.97e-03	2.14e-06	2.06e-06
 1.49909e+20	9.68e-03	2.61e-01	7.28e-01	1.15e-03	2.94e-04	2.35e-07	0.00e+00	0.00e+00	0.00e+00	9.67e-03	2.61e-06	2.50e-06
 1.51043e+20	1.15e-02	2.85e-01	7.02e-01	1.02e-03	2.81e-04	2.01e-07	0.00e+00	0.00e+00	0.00e+00	1.15e-02	3.12e-06	2.97e-06
 1.52304e+20	1.42e-02	3.16e-01	6.69e-01	8.79e-04	2.64e-04	1.66e-07	0.00e+00	0.00e+00	0.00e+00	1.42e-02	3.83e-06	3.63e-06
 1.53640e+20	1.77e-02	3.51e-01	6.31e-01	7.46e-04	2.45e-04	1.34e-07	0.00e+00	0.00e+00	0.00e+00	1.76e-02	4.78e-06	4.51e-06
 1.54772e+20	2.14e-02	3.84e-01	5.94e-01	6.42e-04	2.27e-04	0.00e+00	0.00e+00	0.00e+00	0.00e+00	2.14e-02	5.78e-06	5.44e-06
 1.55761e+20	2.54e-02	4.15e-01	5.59e-01	5.57e-04	2.10e-04	0.00e+00	0.00e+00	0.00e+00	0.00e+00	2.54e-02	6.87e-06	6.44e-06
 1.56871e+20	3.11e-02	4.54e-01	5.14e-01	4.66e-04	1.90e-04	0.00e+00	0.00e+00	0.00e+00	0.00e+00	3.11e-02	8.38e-06	7.85e-06
 1.58057e+20	3.85e-02	4.97e-01	4.64e-01	3.81e-04	1.67e-04	0.00e+00	0.00e+00	0.00e+00	0.00e+00	3.85e-02	1.03e-05	9.66e-06
 1.59084e+20	4.66e-02	5.35e-01	4.18e-01	3.15e-04	1.47e-04	0.00e+00	0.00e+00	0.00e+00	0.00e+00	4.66e-02	1.25e-05	1.16e-05
 1.59904e+20	5.45e-02	5.66e-01	3.79e-01	2.67e-04	1.30e-04	0.00e+00	0.00e+00	0.00e+00	0.00e+00	5.45e-02	1.45e-05	1.35e-05
 1.60574e+20	6.21e-02	5.91e-01	3.46e-01	2.31e-04	1.17e-04	0.00e+00	0.00e+00	0.00e+00	0.00e+00	6.20e-02	1.64e-05	1.53e-05
 1.61304e+20	7.20e-02	6.19e-01	3.08e-01	1.94e-04	1.01e-04	0.00e+00	0.00e+00	0.00e+00	0.00e+00	7.20e-02	1.89e-05	1.76e-05
 1.62080e+20	8.40e-02	6.46e-01	2.70e-01	1.60e-04	8.59e-05	0.00e+00	0.00e+00	0.00e+00	0.00e+00	8.40e-02	2.19e-05	2.03e-05
 1.62737e+20	9.57e-02	6.66e-01	2.38e-01	1.35e-04	7.37e-05	0.00e+00	0.00e+00	0.00e+00	0.00e+00	9.56e-02	2.47e-05	2.30e-05
 1.63304e+20	1.07e-01	6.82e-01	2.11e-01	1.15e-04	6.36e-05	0.00e+00	0.00e+00	0.00e+00	0.00e+00	1.07e-01	2.75e-05	2.55e-05
 1.63935e+20	1.22e-01	6.97e-01	1.81e-01	9.59e-05	5.30e-05	0.00e+00	0.00e+00	0.00e+00	0.00e+00	1.22e-01	3.09e-05	2.87e-05
 1.64608e+20	1.40e-01	7.08e-01	1.52e-01	7.85e-05	4.28e-05	0.00e+00	0.00e+00	0.00e+00	0.00e+00	1.39e-01	3.49e-05	3.24e-05
 1.65179e+20	1.57e-01	7.14e-01	1.29e-01	6.57e-05	3.50e-05	0.00e+00	0.00e+00	0.00e+00	0.00e+00	1.57e-01	3.87e-05	3.59e-05
 1.65666e+20	1.72e-01	7.17e-01	1.11e-01	5.65e-05	2.93e-05	0.00e+00	0.00e+00	0.00e+00	0.00e+00	1.72e-01	4.20e-05	3.89e-05
 1.66200e+20	1.92e-01	7.15e-01	9.23e-02	4.73e-05	2.34e-05	0.00e+00	0.00e+00	0.00e+00	0.00e+00	1.92e-01	4.61e-05	4.28e-05
 1.66782e+20	2.16e-01	7.09e-01	7.47e-02	3.91e-05	1.81e-05	0.00e+00	0.00e+00	0.00e+00	0.00e+00	2.16e-01	5.08e-05	4.70e-05
 1.67302e+20	2.39e-01	7.00e-01	6.08e-02	3.28e-05	1.41e-05	0.00e+00	0.00e+00	0.00e+00	0.00e+00	2.39e-01	5.51e-05	5.10e-05
 1.67772e+20	2.63e-01	6.87e-01	4.97e-02	2.79e-05	1.11e-05	0.00e+00	0.00e+00	0.00e+00	0.00e+00	2.63e-01	5.92e-05	5.48e-05
 1.68298e+20	2.92e-01	6.69e-01	3.89e-02	2.32e-05	8.24e-06	0.00e+00	0.00e+00	0.00e+00	0.00e+00	2.92e-01	6.39e-05	5.92e-05
 1.68869e+20	3.24e-01	6.46e-01	2.95e-02	1.92e-05	5.93e-06	0.00e+00	0.00e+00	0.00e+00	0.00e+00	3.24e-01	6.88e-05	6.36e-05
 1.69388e+20	3.57e-01	6.20e-01	2.24e-02	1.61e-05	4.29e-06	0.00e+00	0.00e+00	0.00e+00	0.00e+00	3.57e-01	7.31e-05	6.77e-05
 1.69860e+20	3.89e-01	5.93e-01	1.72e-02	1.36e-05	3.12e-06	0.00e+00	0.00e+00	0.00e+00	0.00e+00	3.89e-01	7.69e-05	7.11e-05
 1.70299e+20	4.20e-01	5.67e-01	1.33e-02	1.17e-05	2.31e-06	0.00e+00	0.00e+00	0.00e+00	0.00e+00	4.20e-01	7.99e-05	7.39e-05
 1.70711e+20	4.51e-01	5.39e-01	1.03e-02	1.01e-05	1.71e-06	0.00e+00	0.00e+00	0.00e+00	0.00e+00	4.50e-01	8.25e-05	7.63e-05
 1.71106e+20	4.80e-01	5.12e-01	7.94e-03	8.87e-06	1.27e-06	0.00e+00	0.00e+00	0.00e+00	0.00e+00	4.80e-01	8.45e-05	7.81e-05
 1.71472e+20	5.08e-01	4.85e-01	6.21e-03	7.80e-06	9.55e-07	0.00e+00	0.00e+00	0.00e+00	0.00e+00	5.08e-01	8.60e-05	7.94e-05
 1.71798e+20	5.33e-01	4.62e-01	4.95e-03	6.98e-06	7.38e-07	0.00e+00	0.00e+00	0.00e+00	0.00e+00	5.33e-01	8.69e-05	8.03e-05
 1.72097e+20	5.56e-01	4.40e-01	4.01e-03	6.29e-06	5.79e-07	0.00e+00	0.00e+00	0.00e+00	0.00e+00	5.56e-01	8.75e-05	8.07e-05
 1.72373e+20	5.78e-01	4.19e-01	3.27e-03	5.71e-06	4.60e-07	0.00e+00	0.00e+00	0.00e+00	0.00e+00	5.78e-01	8.77e-05	8.09e-05
 1.72590e+20	5.94e-01	4.03e-01	2.80e-03	5.31e-06	3.87e-07	0.00e+00	0.00e+00	0.00e+00	0.00e+00	5.94e-01	8.76e-05	8.08e-05
 1.72737e+20	6.05e-01	3.92e-01	2.51e-03	5.05e-06	3.42e-07	0.00e+00	0.00e+00	0.00e+00	0.00e+00	6.05e-01	8.74e-05	8.06e-05
 1.72874e+20	6.16e-01	3.82e-01	2.26e-03	4.82e-06	3.04e-07	0.00e+00	0.00e+00	0.00e+00	0.00e+00	6.15e-01	8.72e-05	8.04e-05
 1.73034e+20	6.28e-01	3.70e-01	1.99e-03	4.55e-06	2.64e-07	0.00e+00	0.00e+00	0.00e+00	0.00e+00	6.28e-01	8.68e-05	8.00e-05
 1.73204e+20	6.41e-01	3.57e-01	1.74e-03	4.28e-06	2.28e-07	0.00e+00	0.00e+00	0.00e+00	0.00e+00	6.41e-01	8.63e-05	7.95e-05
 1.73366e+20	6.53e-01	3.46e-01	1.54e-03	4.05e-06	1.98e-07	0.00e+00	0.00e+00	0.00e+00	0.00e+00	6.53e-01	8.57e-05	7.90e-05
 1.73523e+20	6.65e-01	3.34e-01	1.36e-03	3.83e-06	1.72e-07	0.00e+00	0.00e+00	0.00e+00	0.00e+00	6.65e-01	8.51e-05	7.84e-05
 1.73681e+20	6.76e-01	3.23e-01	1.20e-03	3.63e-06	1.50e-07	0.00e+00	0.00e+00	0.00e+00	0.00e+00	6.76e-01	8.44e-05	7.77e-05
 1.73840e+20	6.88e-01	3.11e-01	1.05e-03	3.43e-06	1.31e-07	0.00e+00	0.00e+00	0.00e+00	0.00e+00	6.87e-01	8.36e-05	7.70e-05
 1.73998e+20	6.98e-01	3.01e-01	9.29e-04	3.25e-06	0.00e+00	0.00e+00	0.00e+00	0.00e+00	0.00e+00	6.98e-01	8.28e-05	7.62e-05
 1.74155e+20	7.09e-01	2.90e-01	8.18e-04	3.07e-06	0.00e+00	0.00e+00	0.00e+00	0.00e+00	0.00e+00	7.09e-01	8.19e-05	7.54e-05
 1.74314e+20	7.20e-01	2.80e-01	7.22e-04	2.91e-06	0.00e+00	0.00e+00	0.00e+00	0.00e+00	0.00e+00	7.19e-01	8.11e-05	7.45e-05
 1.74473e+20	7.30e-01	2.69e-01	6.35e-04	2.75e-06	0.00e+00	0.00e+00	0.00e+00	0.00e+00	0.00e+00	7.30e-01	8.01e-05	7.36e-05
 1.74634e+20	7.40e-01	2.59e-01	5.59e-04	2.61e-06	0.00e+00	0.00e+00	0.00e+00	0.00e+00	0.00e+00	7.40e-01	7.90e-05	7.26e-05
 1.74792e+20	7.50e-01	2.50e-01	4.94e-04	2.47e-06	0.00e+00	0.00e+00	0.00e+00	0.00e+00	0.00e+00	7.50e-01	7.80e-05	7.16e-05
 1.74950e+20	7.59e-01	2.40e-01	4.36e-04	2.34e-06	0.00e+00	0.00e+00	0.00e+00	0.00e+00	0.00e+00	7.59e-01	7.69e-05	7.06e-05
 1.75112e+20	7.69e-01	2.31e-01	3.85e-04	2.22e-06	0.00e+00	0.00e+00	0.00e+00	0.00e+00	0.00e+00	7.69e-01	7.58e-05	6.96e-05
 1.75274e+20	7.77e-01	2.22e-01	3.41e-04	2.10e-06	0.00e+00	0.00e+00	0.00e+00	0.00e+00	0.00e+00	7.77e-01	7.47e-05	6.85e-05
 1.75438e+20	7.86e-01	2.13e-01	3.02e-04	1.99e-06	0.00e+00	0.00e+00	0.00e+00	0.00e+00	0.00e+00	7.86e-01	7.35e-05	6.74e-05
 1.75603e+20	7.95e-01	2.05e-01	2.69e-04	1.89e-06	0.00e+00	0.00e+00	0.00e+00	0.00e+00	0.00e+00	7.94e-01	7.24e-05	6.64e-05
 1.75771e+20	8.03e-01	1.97e-01	2.39e-04	1.79e-06	0.00e+00	0.00e+00	0.00e+00	0.00e+00	0.00e+00	8.03e-01	7.13e-05	6.53e-05
 1.75943e+20	8.11e-01	1.89e-01	2.13e-04	1.70e-06	0.00e+00	0.00e+00	0.00e+00	0.00e+00	0.00e+00	8.11e-01	7.01e-05	6.41e-05
 1.76117e+20	8.18e-01	1.82e-01	1.91e-04	1.61e-06	0.00e+00	0.00e+00	0.00e+00	0.00e+00	0.00e+00	8.18e-01	6.89e-05	6.31e-05
 1.76294e+20	8.26e-01	1.74e-01	1.71e-04	1.53e-06	0.00e+00	0.00e+00	0.00e+00	0.00e+00	0.00e+00	8.25e-01	6.78e-05	6.20e-05
 1.76476e+20	8.33e-01	1.67e-01	1.54e-04	1.46e-06	0.00e+00	0.00e+00	0.00e+00	0.00e+00	0.00e+00	8.32e-01	6.67e-05	6.09e-05
 1.76659e+20	8.39e-01	1.61e-01	1.40e-04	1.39e-06	0.00e+00	0.00e+00	0.00e+00	0.00e+00	0.00e+00	8.39e-01	6.56e-05	5.99e-05
 1.76845e+20	8.45e-01	1.55e-01	1.28e-04	1.32e-06	0.00e+00	0.00e+00	0.00e+00	0.00e+00	0.00e+00	8.45e-01	6.45e-05	5.89e-05
 1.77033e+20	8.51e-01	1.49e-01	1.18e-04	1.26e-06	0.00e+00	0.00e+00	0.00e+00	0.00e+00	0.00e+00	8.51e-01	6.36e-05	5.80e-05
 1.77227e+20	8.56e-01	1.44e-01	1.09e-04	1.21e-06	0.00e+00	0.00e+00	0.00e+00	0.00e+00	0.00e+00	8.56e-01	6.26e-05	5.70e-05
 1.77429e+20	8.61e-01	1.39e-01	1.01e-04	1.16e-06	0.00e+00	0.00e+00	0.00e+00	0.00e+00	0.00e+00	8.61e-01	6.17e-05	5.62e-05
 1.77639e+20	8.66e-01	1.34e-01	9.49e-05	1.11e-06	0.00e+00	0.00e+00	0.00e+00	0.00e+00	0.00e+00	8.66e-01	6.08e-05	5.53e-05
 1.77859e+20	8.70e-01	1.30e-01	8.93e-05	1.07e-06	0.00e+00	0.00e+00	0.00e+00	0.00e+00	0.00e+00	8.70e-01	6.00e-05	5.45e-05
 1.78095e+20	8.74e-01	1.25e-01	8.45e-05	1.03e-06	0.00e+00	0.00e+00	0.00e+00	0.00e+00	0.00e+00	8.74e-01	5.92e-05	5.38e-05
 1.78351e+20	8.78e-01	1.22e-01	8.03e-05	9.93e-07	0.00e+00	0.00e+00	0.00e+00	0.00e+00	0.00e+00	8.78e-01	5.84e-05	5.31e-05
 1.78633e+20	8.82e-01	1.18e-01	7.68e-05	9.60e-07	0.00e+00	0.00e+00	0.00e+00	0.00e+00	0.00e+00	8.82e-01	5.77e-05	5.24e-05
 1.78949e+20	8.85e-01	1.15e-01	7.38e-05	9.30e-07	0.00e+00	0.00e+00	0.00e+00	0.00e+00	0.00e+00	8.85e-01	5.71e-05	5.18e-05
 1.79317e+20	8.88e-01	1.12e-01	7.12e-05	9.02e-07	0.00e+00	0.00e+00	0.00e+00	0.00e+00	0.00e+00	8.88e-01	5.65e-05	5.12e-05
 1.79712e+20	8.90e-01	1.10e-01	6.93e-05	8.81e-07	0.00e+00	0.00e+00	0.00e+00	0.00e+00	0.00e+00	8.90e-01	5.60e-05	5.07e-05
 1.80101e+20	8.92e-01	1.08e-01	6.79e-05	8.63e-07	0.00e+00	0.00e+00	0.00e+00	0.00e+00	0.00e+00	8.92e-01	5.56e-05	5.03e-05
 1.80487e+20	8.93e-01	1.07e-01	6.69e-05	8.50e-07	0.00e+00	0.00e+00	0.00e+00	0.00e+00	0.00e+00	8.93e-01	5.53e-05	5.01e-05
 1.80869e+20	8.94e-01	1.06e-01	6.61e-05	8.41e-07	0.00e+00	0.00e+00	0.00e+00	0.00e+00	0.00e+00	8.94e-01	5.51e-05	4.98e-05
 1.81249e+20	8.95e-01	1.05e-01	6.56e-05	8.33e-07	0.00e+00	0.00e+00	0.00e+00	0.00e+00	0.00e+00	8.95e-01	5.50e-05	4.97e-05
 1.81628e+20	8.96e-01	1.04e-01	6.50e-05	8.23e-07	0.00e+00	0.00e+00	0.00e+00	0.00e+00	0.00e+00	8.96e-01	5.48e-05	4.95e-05
 1.82062e+20	8.97e-01	1.03e-01	6.47e-05	8.20e-07	0.00e+00	0.00e+00	0.00e+00	0.00e+00	0.00e+00	8.96e-01	5.47e-05	4.94e-05
 1.82627e+20	8.97e-01	1.03e-01	6.42e-05	8.12e-07	0.00e+00	0.00e+00	0.00e+00	0.00e+00	0.00e+00	8.97e-01	5.45e-05	4.92e-05
 1.83361e+20	8.98e-01	1.02e-01	6.37e-05	8.04e-07	0.00e+00	0.00e+00	0.00e+00	0.00e+00	0.00e+00	8.98e-01	5.44e-05	4.90e-05
 1.84315e+20	8.99e-01	1.01e-01	6.31e-05	7.94e-07	0.00e+00	0.00e+00	0.00e+00	0.00e+00	0.00e+00	8.99e-01	5.42e-05	4.88e-05
 1.85555e+20	9.00e-01	9.97e-02	6.25e-05	7.83e-07	0.00e+00	0.00e+00	0.00e+00	0.00e+00	0.00e+00	9.00e-01	5.40e-05	4.86e-05
 1.87168e+20	9.02e-01	9.84e-02	6.17e-05	7.70e-07	0.00e+00	0.00e+00	0.00e+00	0.00e+00	0.00e+00	9.01e-01	5.38e-05	4.83e-05
 1.89264e+20	9.03e-01	9.66e-02	6.08e-05	7.51e-07	0.00e+00	0.00e+00	0.00e+00	0.00e+00	0.00e+00	9.03e-01	5.34e-05	4.79e-05
 1.91990e+20	9.05e-01	9.44e-02	5.97e-05	7.30e-07	0.00e+00	0.00e+00	0.00e+00	0.00e+00	0.00e+00	9.05e-01	5.30e-05	4.74e-05
 1.95533e+20	9.08e-01	9.18e-02	5.85e-05	7.03e-07	0.00e+00	0.00e+00	0.00e+00	0.00e+00	0.00e+00	9.08e-01	5.25e-05	4.68e-05
 2.00139e+20	9.11e-01	8.86e-02	5.70e-05	6.71e-07	0.00e+00	0.00e+00	0.00e+00	0.00e+00	0.00e+00	9.11e-01	5.19e-05	4.61e-05
 2.05523e+20	9.15e-01	8.50e-02	5.56e-05	6.37e-07	0.00e+00	0.00e+00	0.00e+00	0.00e+00	0.00e+00	9.15e-01	5.12e-05	4.51e-05
 2.11062e+20	9.18e-01	8.18e-02	5.44e-05	6.05e-07	0.00e+00	0.00e+00	0.00e+00	0.00e+00	0.00e+00	9.18e-01	5.05e-05	4.40e-05
 2.16560e+20	9.21e-01	7.87e-02	5.34e-05	5.76e-07	0.00e+00	0.00e+00	0.00e+00	0.00e+00	0.00e+00	9.21e-01	4.98e-05	4.31e-05
 2.22131e+20	9.24e-01	7.58e-02	5.25e-05	5.49e-07	0.00e+00	0.00e+00	0.00e+00	0.00e+00	0.00e+00	9.24e-01	4.92e-05	4.22e-05
 2.27920e+20	9.27e-01	7.31e-02	5.17e-05	5.23e-07	0.00e+00	0.00e+00	0.00e+00	0.00e+00	0.00e+00	9.27e-01	4.86e-05	4.13e-05
 2.33910e+20	9.30e-01	7.04e-02	5.09e-05	4.97e-07	0.00e+00	0.00e+00	0.00e+00	0.00e+00	0.00e+00	9.29e-01	4.79e-05	4.04e-05
 2.40076e+20	9.32e-01	6.78e-02	5.02e-05	4.73e-07	0.00e+00	0.00e+00	0.00e+00	0.00e+00	0.00e+00	9.32e-01	4.73e-05	3.96e-05
 2.46457e+20	9.35e-01	6.52e-02	4.96e-05	4.50e-07	0.00e+00	0.00e+00	0.00e+00	0.00e+00	0.00e+00	9.35e-01	4.67e-05	3.88e-05
 2.53057e+20	9.37e-01	6.28e-02	4.91e-05	4.28e-07	0.00e+00	0.00e+00	0.00e+00	0.00e+00	0.00e+00	9.37e-01	4.61e-05	3.81e-05
 2.59869e+20	9.40e-01	6.04e-02	4.86e-05	4.07e-07	0.00e+00	0.00e+00	0.00e+00	0.00e+00	0.00e+00	9.39e-01	4.55e-05	3.73e-05
 2.66899e+20	9.42e-01	5.82e-02	4.81e-05	3.87e-07	0.00e+00	0.00e+00	0.00e+00	0.00e+00	0.00e+00	9.42e-01	4.49e-05	3.66e-05
 2.74150e+20	9.44e-01	5.60e-02	4.76e-05	3.67e-07	0.00e+00	0.00e+00	0.00e+00	0.00e+00	0.00e+00	9.44e-01	4.44e-05	3.60e-05
 2.81626e+20	9.46e-01	5.39e-02	4.72e-05	3.49e-07	0.00e+00	0.00e+00	0.00e+00	0.00e+00	0.00e+00	9.46e-01	4.38e-05	3.53e-05
 2.89329e+20	9.48e-01	5.18e-02	4.69e-05	3.31e-07	0.00e+00	0.00e+00	0.00e+00	0.00e+00	0.00e+00	9.48e-01	4.31e-05	3.47e-05
 2.97223e+20	9.50e-01	4.98e-02	4.65e-05	3.14e-07	0.00e+00	0.00e+00	0.00e+00	0.00e+00	0.00e+00	9.50e-01	4.25e-05	3.41e-05
 3.05166e+20	9.52e-01	4.80e-02	4.62e-05	2.99e-07	0.00e+00	0.00e+00	0.00e+00	0.00e+00	0.00e+00	9.52e-01	4.19e-05	3.36e-05
 3.13016e+20	9.54e-01	4.63e-02	4.59e-05	2.84e-07	0.00e+00	0.00e+00	0.00e+00	0.00e+00	0.00e+00	9.54e-01	4.12e-05	3.31e-05
 3.20748e+20	9.55e-01	4.46e-02	4.57e-05	2.71e-07	0.00e+00	0.00e+00	0.00e+00	0.00e+00	0.00e+00	9.55e-01	4.05e-05	3.26e-05
 3.28362e+20	9.57e-01	4.31e-02	4.55e-05	2.58e-07	0.00e+00	0.00e+00	0.00e+00	0.00e+00	0.00e+00	9.57e-01	3.98e-05	3.21e-05
 3.35820e+20	9.58e-01	4.16e-02	4.53e-05	2.46e-07	0.00e+00	0.00e+00	0.00e+00	0.00e+00	0.00e+00	9.58e-01	3.91e-05	3.17e-05
 3.43076e+20	9.60e-01	4.02e-02	4.52e-05	2.36e-07	0.00e+00	0.00e+00	0.00e+00	0.00e+00	0.00e+00	9.60e-01	3.84e-05	3.13e-05
 3.50097e+20	9.61e-01	3.89e-02	4.50e-05	2.25e-07	0.00e+00	0.00e+00	0.00e+00	0.00e+00	0.00e+00	9.61e-01	3.77e-05	3.09e-05
 3.56871e+20	9.62e-01	3.76e-02	4.49e-05	2.16e-07	0.00e+00	0.00e+00	0.00e+00	0.00e+00	0.00e+00	9.62e-01	3.70e-05	3.05e-05
 3.63396e+20	9.64e-01	3.64e-02	4.49e-05	2.07e-07	0.00e+00	0.00e+00	0.00e+00	0.00e+00	0.00e+00	9.63e-01	3.63e-05	3.02e-05
