#depth	He	He+	He+2
 3.81377e+14	7.22e-02	7.82e-01	1.46e-01
 2.28826e+15	7.20e-02	7.82e-01	1.46e-01
 9.91581e+15	7.20e-02	7.82e-01	1.46e-01
 4.04260e+16	7.22e-02	7.82e-01	1.46e-01
 9.65648e+16	7.21e-02	7.83e-01	1.45e-01
 1.69545e+17	7.26e-02	7.84e-01	1.44e-01
 2.64420e+17	7.34e-02	7.84e-01	1.43e-01
 3.87756e+17	7.44e-02	7.84e-01	1.41e-01
 5.38673e+17	7.57e-02	7.85e-01	1.40e-01
 7.10038e+17	7.76e-02	7.85e-01	1.38e-01
 9.11126e+17	8.04e-02	7.84e-01	1.35e-01
 1.15032e+18	8.42e-02	7.83e-01	1.33e-01
 1.39948e+18	8.89e-02	7.81e-01	1.30e-01
 1.61743e+18	9.37e-02	7.78e-01	1.28e-01
 1.79824e+18	9.87e-02	7.75e-01	1.26e-01
 1.98926e+18	1.05e-01	7.71e-01	1.24e-01
 2.20191e+18	1.12e-01	7.66e-01	1.22e-01
 2.39697e+18	1.20e-01	7.60e-01	1.20e-01
 2.56202e+18	1.28e-01	7.54e-01	1.18e-01
 2.70727e+18	1.35e-01	7.49e-01	1.16e-01
 2.84866e+18	1.43e-01	7.43e-01	1.14e-01
 2.99205e+18	1.51e-01	7.36e-01	1.13e-01
 3.13527e+18	1.60e-01	7.29e-01	1.11e-01
 3.27591e+18	1.70e-01	7.22e-01	1.08e-01
 3.41592e+18	1.79e-01	7.14e-01	1.06e-01
 3.55616e+18	1.90e-01	7.06e-01	1.04e-01
 3.69508e+18	2.00e-01	6.98e-01	1.02e-01
 3.80890e+18	2.08e-01	6.91e-01	1.01e-01
 3.89202e+18	2.15e-01	6.86e-01	9.91e-02
 3.97445e+18	2.22e-01	6.80e-01	9.76e-02
 4.06783e+18	2.30e-01	6.74e-01	9.61e-02
 4.17228e+18	2.39e-01	6.67e-01	9.42e-02
 4.27930e+18	2.48e-01	6.60e-01	9.25e-02
 4.38607e+18	2.57e-01	6.52e-01	9.07e-02
 4.49683e+18	2.67e-01	6.44e-01	8.87e-02
 4.61027e+18	2.77e-01	6.36e-01	8.68e-02
 4.72739e+18	2.88e-01	6.27e-01	8.47e-02
 4.84958e+18	2.99e-01	6.18e-01	8.26e-02
 4.97645e+18	3.11e-01	6.09e-01	8.05e-02
 5.10796e+18	3.23e-01	5.99e-01	7.83e-02
 5.24344e+18	3.36e-01	5.88e-01	7.61e-02
 5.38332e+18	3.49e-01	5.78e-01	7.38e-02
 5.52920e+18	3.62e-01	5.67e-01	7.15e-02
 5.68123e+18	3.76e-01	5.55e-01	6.91e-02
 5.83965e+18	3.90e-01	5.43e-01	6.66e-02
 6.00371e+18	4.05e-01	5.31e-01	6.42e-02
 6.17460e+18	4.20e-01	5.18e-01	6.18e-02
 6.35473e+18	4.36e-01	5.05e-01	5.93e-02
 6.54439e+18	4.52e-01	4.92e-01	5.68e-02
 6.74430e+18	4.68e-01	4.78e-01	5.42e-02
 6.95452e+18	4.85e-01	4.64e-01	5.16e-02
 7.17644e+18	5.01e-01	4.50e-01	4.91e-02
 7.41211e+18	5.18e-01	4.35e-01	4.65e-02
 7.66056e+18	5.35e-01	4.21e-01	4.39e-02
 7.92262e+18	5.52e-01	4.07e-01	4.14e-02
 8.20134e+18	5.68e-01	3.93e-01	3.90e-02
 8.49925e+18	5.84e-01	3.79e-01	3.65e-02
 8.81905e+18	6.01e-01	3.65e-01	3.41e-02
 9.16312e+18	6.16e-01	3.52e-01	3.18e-02
 9.53420e+18	6.32e-01	3.39e-01	2.95e-02
 9.93645e+18	6.47e-01	3.26e-01	2.73e-02
 1.03739e+19	6.62e-01	3.13e-01	2.52e-02
 1.08493e+19	6.76e-01	3.01e-01	2.32e-02
 1.13645e+19	6.90e-01	2.89e-01	2.12e-02
 1.19212e+19	7.04e-01	2.77e-01	1.94e-02
 1.25175e+19	7.17e-01	2.66e-01	1.77e-02
 1.31572e+19	7.29e-01	2.55e-01	1.61e-02
 1.38440e+19	7.42e-01	2.44e-01	1.47e-02
 1.45727e+19	7.53e-01	2.33e-01	1.33e-02
 1.53413e+19	7.65e-01	2.23e-01	1.21e-02
 1.61505e+19	7.75e-01	2.14e-01	1.09e-02
 1.70008e+19	7.86e-01	2.04e-01	9.91e-03
 1.78912e+19	7.96e-01	1.95e-01	8.98e-03
 1.88180e+19	8.05e-01	1.87e-01	8.15e-03
 1.97836e+19	8.14e-01	1.79e-01	7.39e-03
 2.07925e+19	8.22e-01	1.71e-01	6.70e-03
 2.18509e+19	8.31e-01	1.63e-01	6.07e-03
 2.29533e+19	8.38e-01	1.56e-01	5.51e-03
 2.40895e+19	8.46e-01	1.49e-01	5.00e-03
 2.52663e+19	8.53e-01	1.43e-01	4.55e-03
 2.64863e+19	8.59e-01	1.37e-01	4.13e-03
 2.77540e+19	8.66e-01	1.31e-01	3.75e-03
 2.90659e+19	8.72e-01	1.25e-01	3.41e-03
 3.03885e+19	8.77e-01	1.20e-01	3.11e-03
 3.16920e+19	8.82e-01	1.15e-01	2.85e-03
 3.29721e+19	8.87e-01	1.10e-01	2.62e-03
 3.42330e+19	8.91e-01	1.06e-01	2.42e-03
 3.54729e+19	8.95e-01	1.02e-01	2.24e-03
 3.66861e+19	8.99e-01	9.89e-02	2.08e-03
 3.78653e+19	9.02e-01	9.56e-02	1.94e-03
 3.90035e+19	9.06e-01	9.27e-02	1.81e-03
 4.00970e+19	9.08e-01	8.99e-02	1.70e-03
 4.11433e+19	9.11e-01	8.74e-02	1.60e-03
 4.21405e+19	9.13e-01	8.51e-02	1.51e-03
 4.30849e+19	9.16e-01	8.29e-02	1.43e-03
