#depth	O	O+	O+2	O+3	O+4	O+5	O+6	O+7	O+8	O[1]	O[2]	O[3]
 3.22595e+15	1.55e-03	1.48e-01	6.86e-01	1.56e-01	7.83e-03	5.18e-05	2.31e-07	0.00e+00	0.00e+00	1.55e-03	3.71e-07	4.09e-07
 1.93557e+16	1.53e-03	1.47e-01	6.87e-01	1.57e-01	7.84e-03	5.20e-05	2.32e-07	0.00e+00	0.00e+00	1.53e-03	3.69e-07	4.05e-07
 8.38747e+16	1.50e-03	1.45e-01	6.90e-01	1.56e-01	7.79e-03	5.18e-05	2.32e-07	0.00e+00	0.00e+00	1.50e-03	3.61e-07	3.96e-07
 3.41951e+17	1.44e-03	1.40e-01	6.98e-01	1.53e-01	7.48e-03	4.98e-05	2.24e-07	0.00e+00	0.00e+00	1.44e-03	3.46e-07	3.80e-07
 8.16810e+17	1.24e-03	1.27e-01	7.12e-01	1.53e-01	7.21e-03	4.95e-05	2.25e-07	0.00e+00	0.00e+00	1.24e-03	2.94e-07	3.24e-07
 1.40729e+18	1.11e-03	1.18e-01	7.26e-01	1.48e-01	6.74e-03	4.72e-05	2.17e-07	0.00e+00	0.00e+00	1.11e-03	2.61e-07	2.89e-07
 2.14809e+18	1.06e-03	1.14e-01	7.39e-01	1.39e-01	6.04e-03	4.24e-05	1.96e-07	0.00e+00	0.00e+00	1.05e-03	2.46e-07	2.74e-07
 3.11112e+18	1.06e-03	1.14e-01	7.54e-01	1.25e-01	5.13e-03	3.55e-05	1.65e-07	0.00e+00	0.00e+00	1.06e-03	2.45e-07	2.73e-07
 4.36307e+18	1.15e-03	1.20e-01	7.69e-01	1.06e-01	4.03e-03	2.69e-05	0.00e+00	0.00e+00	0.00e+00	1.14e-03	2.65e-07	2.95e-07
 5.95174e+18	1.37e-03	1.34e-01	7.79e-01	8.27e-02	2.86e-03	1.77e-05	0.00e+00	0.00e+00	0.00e+00	1.37e-03	3.19e-07	3.52e-07
 7.54407e+18	1.70e-03	1.52e-01	7.81e-01	6.29e-02	1.99e-03	1.13e-05	0.00e+00	0.00e+00	0.00e+00	1.70e-03	3.98e-07	4.37e-07
 8.77052e+18	2.11e-03	1.72e-01	7.75e-01	4.96e-02	1.46e-03	7.63e-06	0.00e+00	0.00e+00	0.00e+00	2.11e-03	4.96e-07	5.41e-07
 9.70195e+18	2.55e-03	1.91e-01	7.65e-01	4.06e-02	1.13e-03	5.49e-06	0.00e+00	0.00e+00	0.00e+00	2.54e-03	6.03e-07	6.53e-07
 1.05180e+19	3.05e-03	2.11e-01	7.52e-01	3.37e-02	8.99e-04	4.03e-06	0.00e+00	0.00e+00	0.00e+00	3.05e-03	7.27e-07	7.83e-07
 1.14376e+19	3.78e-03	2.36e-01	7.33e-01	2.69e-02	6.80e-04	2.77e-06	0.00e+00	0.00e+00	0.00e+00	3.78e-03	9.05e-07	9.71e-07
 1.23894e+19	4.77e-03	2.65e-01	7.08e-01	2.12e-02	5.12e-04	1.88e-06	0.00e+00	0.00e+00	0.00e+00	4.77e-03	1.15e-06	1.23e-06
 1.31528e+19	5.77e-03	2.91e-01	6.86e-01	1.74e-02	4.06e-04	1.36e-06	0.00e+00	0.00e+00	0.00e+00	5.77e-03	1.40e-06	1.48e-06
 1.38009e+19	6.80e-03	3.15e-01	6.64e-01	1.46e-02	3.32e-04	1.03e-06	0.00e+00	0.00e+00	0.00e+00	6.80e-03	1.66e-06	1.75e-06
 1.45294e+19	8.28e-03	3.45e-01	6.35e-01	1.18e-02	2.61e-04	7.31e-07	0.00e+00	0.00e+00	0.00e+00	8.28e-03	2.03e-06	2.13e-06
 1.53187e+19	1.02e-02	3.79e-01	6.01e-01	9.31e-03	2.02e-04	5.07e-07	0.00e+00	0.00e+00	0.00e+00	1.02e-02	2.52e-06	2.64e-06
 1.60187e+19	1.24e-02	4.12e-01	5.68e-01	7.46e-03	1.61e-04	3.60e-07	0.00e+00	0.00e+00	0.00e+00	1.24e-02	3.06e-06	3.20e-06
 1.66425e+19	1.47e-02	4.43e-01	5.36e-01	6.09e-03	1.31e-04	2.65e-07	0.00e+00	0.00e+00	0.00e+00	1.47e-02	3.65e-06	3.81e-06
 1.73358e+19	1.80e-02	4.80e-01	4.97e-01	4.74e-03	1.02e-04	1.83e-07	0.00e+00	0.00e+00	0.00e+00	1.80e-02	4.47e-06	4.65e-06
 1.80762e+19	2.23e-02	5.20e-01	4.54e-01	3.61e-03	7.89e-05	1.23e-07	0.00e+00	0.00e+00	0.00e+00	2.23e-02	5.52e-06	5.73e-06
 1.87202e+19	2.69e-02	5.55e-01	4.15e-01	2.80e-03	6.25e-05	0.00e+00	0.00e+00	0.00e+00	0.00e+00	2.69e-02	6.66e-06	6.90e-06
 1.92985e+19	3.20e-02	5.88e-01	3.78e-01	2.19e-03	5.03e-05	0.00e+00	0.00e+00	0.00e+00	0.00e+00	3.20e-02	7.89e-06	8.16e-06
 1.99489e+19	3.92e-02	6.25e-01	3.35e-01	1.62e-03	3.88e-05	0.00e+00	0.00e+00	0.00e+00	0.00e+00	3.92e-02	9.61e-06	9.93e-06
 2.06462e+19	4.85e-02	6.61e-01	2.89e-01	1.15e-03	2.92e-05	0.00e+00	0.00e+00	0.00e+00	0.00e+00	4.85e-02	1.18e-05	1.22e-05
 2.12522e+19	5.83e-02	6.90e-01	2.51e-01	8.41e-04	2.27e-05	0.00e+00	0.00e+00	0.00e+00	0.00e+00	5.83e-02	1.41e-05	1.46e-05
 2.17848e+19	6.89e-02	7.13e-01	2.17e-01	6.24e-04	1.79e-05	0.00e+00	0.00e+00	0.00e+00	0.00e+00	6.89e-02	1.66e-05	1.71e-05
 2.22851e+19	8.08e-02	7.32e-01	1.87e-01	4.61e-04	1.41e-05	0.00e+00	0.00e+00	0.00e+00	0.00e+00	8.08e-02	1.93e-05	1.98e-05
 2.27560e+19	9.40e-02	7.45e-01	1.60e-01	3.41e-04	1.11e-05	0.00e+00	0.00e+00	0.00e+00	0.00e+00	9.39e-02	2.22e-05	2.28e-05
 2.31925e+19	1.08e-01	7.55e-01	1.37e-01	2.54e-04	8.83e-06	0.00e+00	0.00e+00	0.00e+00	0.00e+00	1.08e-01	2.52e-05	2.60e-05
 2.35974e+19	1.23e-01	7.60e-01	1.17e-01	1.90e-04	7.03e-06	0.00e+00	0.00e+00	0.00e+00	0.00e+00	1.23e-01	2.85e-05	2.93e-05
 2.39767e+19	1.39e-01	7.61e-01	9.97e-02	1.43e-04	5.61e-06	0.00e+00	0.00e+00	0.00e+00	0.00e+00	1.39e-01	3.18e-05	3.27e-05
 2.43367e+19	1.57e-01	7.58e-01	8.47e-02	1.09e-04	4.49e-06	0.00e+00	0.00e+00	0.00e+00	0.00e+00	1.57e-01	3.52e-05	3.62e-05
 2.46817e+19	1.75e-01	7.53e-01	7.17e-02	8.21e-05	3.58e-06	0.00e+00	0.00e+00	0.00e+00	0.00e+00	1.75e-01	3.88e-05	3.98e-05
 2.50104e+19	1.95e-01	7.45e-01	6.07e-02	6.26e-05	2.86e-06	0.00e+00	0.00e+00	0.00e+00	0.00e+00	1.95e-01	4.23e-05	4.35e-05
 2.53246e+19	2.15e-01	7.34e-01	5.13e-02	4.80e-05	2.29e-06	0.00e+00	0.00e+00	0.00e+00	0.00e+00	2.15e-01	4.59e-05	4.71e-05
 2.56307e+19	2.36e-01	7.21e-01	4.32e-02	3.68e-05	1.83e-06	0.00e+00	0.00e+00	0.00e+00	0.00e+00	2.36e-01	4.95e-05	5.08e-05
 2.59311e+19	2.58e-01	7.05e-01	3.62e-02	2.83e-05	1.45e-06	0.00e+00	0.00e+00	0.00e+00	0.00e+00	2.58e-01	5.30e-05	5.44e-05
 2.62261e+19	2.82e-01	6.88e-01	3.02e-02	2.18e-05	1.15e-06	0.00e+00	0.00e+00	0.00e+00	0.00e+00	2.82e-01	5.65e-05	5.80e-05
 2.65166e+19	3.06e-01	6.69e-01	2.51e-02	1.69e-05	9.11e-07	0.00e+00	0.00e+00	0.00e+00	0.00e+00	3.06e-01	5.99e-05	6.15e-05
 2.68488e+19	3.36e-01	6.44e-01	2.01e-02	1.25e-05	6.88e-07	0.00e+00	0.00e+00	0.00e+00	0.00e+00	3.36e-01	6.37e-05	6.53e-05
 2.71962e+19	3.66e-01	6.18e-01	1.59e-02	9.30e-06	5.17e-07	0.00e+00	0.00e+00	0.00e+00	0.00e+00	3.66e-01	6.71e-05	6.89e-05
 2.74957e+19	3.94e-01	5.93e-01	1.29e-02	7.19e-06	3.99e-07	0.00e+00	0.00e+00	0.00e+00	0.00e+00	3.94e-01	7.00e-05	7.18e-05
 2.77968e+19	4.24e-01	5.66e-01	1.03e-02	5.55e-06	3.04e-07	0.00e+00	0.00e+00	0.00e+00	0.00e+00	4.24e-01	7.25e-05	7.44e-05
 2.81322e+19	4.55e-01	5.37e-01	8.08e-03	4.23e-06	2.26e-07	0.00e+00	0.00e+00	0.00e+00	0.00e+00	4.55e-01	7.48e-05	7.67e-05
 2.84510e+19	4.85e-01	5.08e-01	6.37e-03	3.30e-06	1.71e-07	0.00e+00	0.00e+00	0.00e+00	0.00e+00	4.85e-01	7.66e-05	7.85e-05
 2.87227e+19	5.11e-01	4.84e-01	5.17e-03	2.69e-06	1.34e-07	0.00e+00	0.00e+00	0.00e+00	0.00e+00	5.11e-01	7.77e-05	7.96e-05
 2.89789e+19	5.34e-01	4.61e-01	4.24e-03	2.24e-06	0.00e+00	0.00e+00	0.00e+00	0.00e+00	0.00e+00	5.34e-01	7.85e-05	8.04e-05
 2.92313e+19	5.58e-01	4.39e-01	3.48e-03	1.88e-06	0.00e+00	0.00e+00	0.00e+00	0.00e+00	0.00e+00	5.58e-01	7.90e-05	8.08e-05
 2.94803e+19	5.79e-01	4.18e-01	2.87e-03	1.60e-06	0.00e+00	0.00e+00	0.00e+00	0.00e+00	0.00e+00	5.79e-01	7.91e-05	8.10e-05
 2.96831e+19	5.96e-01	4.02e-01	2.46e-03	1.42e-06	0.00e+00	0.00e+00	0.00e+00	0.00e+00	0.00e+00	5.96e-01	7.91e-05	8.09e-05
 2.98183e+19	6.07e-01	3.91e-01	2.22e-03	1.31e-06	0.00e+00	0.00e+00	0.00e+00	0.00e+00	0.00e+00	6.06e-01	7.90e-05	8.08e-05
 2.99441e+19	6.17e-01	3.81e-01	2.01e-03	1.22e-06	0.00e+00	0.00e+00	0.00e+00	0.00e+00	0.00e+00	6.17e-01	7.89e-05	8.06e-05
 3.00929e+19	6.29e-01	3.69e-01	1.79e-03	1.12e-06	0.00e+00	0.00e+00	0.00e+00	0.00e+00	0.00e+00	6.29e-01	7.86e-05	8.04e-05
 3.02546e+19	6.41e-01	3.57e-01	1.58e-03	1.02e-06	0.00e+00	0.00e+00	0.00e+00	0.00e+00	0.00e+00	6.41e-01	7.83e-05	8.00e-05
 3.04155e+19	6.53e-01	3.45e-01	1.39e-03	9.39e-07	0.00e+00	0.00e+00	0.00e+00	0.00e+00	0.00e+00	6.53e-01	7.78e-05	7.95e-05
 3.05741e+19	6.64e-01	3.34e-01	1.24e-03	8.69e-07	0.00e+00	0.00e+00	0.00e+00	0.00e+00	0.00e+00	6.64e-01	7.73e-05	7.89e-05
 3.07339e+19	6.76e-01	3.23e-01	1.09e-03	8.04e-07	0.00e+00	0.00e+00	0.00e+00	0.00e+00	0.00e+00	6.76e-01	7.67e-05	7.83e-05
 3.08996e+19	6.86e-01	3.13e-01	9.67e-04	7.45e-07	0.00e+00	0.00e+00	0.00e+00	0.00e+00	0.00e+00	6.86e-01	7.60e-05	7.76e-05
 3.10712e+19	6.98e-01	3.01e-01	8.51e-04	6.90e-07	0.00e+00	0.00e+00	0.00e+00	0.00e+00	0.00e+00	6.98e-01	7.53e-05	7.68e-05
 3.12451e+19	7.08e-01	2.91e-01	7.52e-04	6.42e-07	0.00e+00	0.00e+00	0.00e+00	0.00e+00	0.00e+00	7.08e-01	7.45e-05	7.61e-05
 3.14219e+19	7.18e-01	2.81e-01	6.63e-04	5.98e-07	0.00e+00	0.00e+00	0.00e+00	0.00e+00	0.00e+00	7.18e-01	7.37e-05	7.52e-05
 3.16056e+19	7.28e-01	2.71e-01	5.84e-04	5.58e-07	0.00e+00	0.00e+00	0.00e+00	0.00e+00	0.00e+00	7.28e-01	7.29e-05	7.44e-05
 3.17975e+19	7.38e-01	2.61e-01	5.13e-04	5.20e-07	0.00e+00	0.00e+00	0.00e+00	0.00e+00	0.00e+00	7.38e-01	7.20e-05	7.34e-05
 3.19946e+19	7.47e-01	2.52e-01	4.52e-04	4.88e-07	0.00e+00	0.00e+00	0.00e+00	0.00e+00	0.00e+00	7.47e-01	7.11e-05	7.25e-05
 3.21979e+19	7.57e-01	2.43e-01	3.98e-04	4.57e-07	0.00e+00	0.00e+00	0.00e+00	0.00e+00	0.00e+00	7.56e-01	7.02e-05	7.15e-05
 3.24127e+19	7.65e-01	2.34e-01	3.50e-04	4.29e-07	0.00e+00	0.00e+00	0.00e+00	0.00e+00	0.00e+00	7.65e-01	6.93e-05	7.06e-05
 3.26411e+19	7.74e-01	2.25e-01	3.07e-04	4.03e-07	0.00e+00	0.00e+00	0.00e+00	0.00e+00	0.00e+00	7.74e-01	6.83e-05	6.95e-05
 3.28805e+19	7.82e-01	2.18e-01	2.71e-04	3.80e-07	0.00e+00	0.00e+00	0.00e+00	0.00e+00	0.00e+00	7.82e-01	6.74e-05	6.86e-05
 3.31372e+19	7.90e-01	2.09e-01	2.39e-04	3.58e-07	0.00e+00	0.00e+00	0.00e+00	0.00e+00	0.00e+00	7.90e-01	6.64e-05	6.75e-05
 3.34169e+19	7.98e-01	2.02e-01	2.10e-04	3.37e-07	0.00e+00	0.00e+00	0.00e+00	0.00e+00	0.00e+00	7.98e-01	6.54e-05	6.65e-05
 3.37154e+19	8.05e-01	1.94e-01	1.86e-04	3.19e-07	0.00e+00	0.00e+00	0.00e+00	0.00e+00	0.00e+00	8.05e-01	6.44e-05	6.55e-05
 3.40408e+19	8.12e-01	1.88e-01	1.65e-04	3.03e-07	0.00e+00	0.00e+00	0.00e+00	0.00e+00	0.00e+00	8.12e-01	6.35e-05	6.45e-05
 3.44009e+19	8.19e-01	1.81e-01	1.47e-04	2.87e-07	0.00e+00	0.00e+00	0.00e+00	0.00e+00	0.00e+00	8.19e-01	6.26e-05	6.35e-05
 3.48031e+19	8.25e-01	1.75e-01	1.31e-04	2.74e-07	0.00e+00	0.00e+00	0.00e+00	0.00e+00	0.00e+00	8.25e-01	6.17e-05	6.26e-05
 3.52564e+19	8.31e-01	1.69e-01	1.18e-04	2.61e-07	0.00e+00	0.00e+00	0.00e+00	0.00e+00	0.00e+00	8.30e-01	6.08e-05	6.17e-05
 3.57321e+19	8.35e-01	1.65e-01	1.07e-04	2.51e-07	0.00e+00	0.00e+00	0.00e+00	0.00e+00	0.00e+00	8.35e-01	6.01e-05	6.10e-05
 3.61988e+19	8.39e-01	1.61e-01	9.95e-05	2.42e-07	0.00e+00	0.00e+00	0.00e+00	0.00e+00	0.00e+00	8.39e-01	5.95e-05	6.03e-05
 3.67307e+19	8.43e-01	1.57e-01	9.21e-05	2.34e-07	0.00e+00	0.00e+00	0.00e+00	0.00e+00	0.00e+00	8.43e-01	5.89e-05	5.96e-05
 3.74223e+19	8.47e-01	1.52e-01	8.45e-05	2.26e-07	0.00e+00	0.00e+00	0.00e+00	0.00e+00	0.00e+00	8.47e-01	5.82e-05	5.89e-05
 3.83213e+19	8.52e-01	1.48e-01	7.68e-05	2.16e-07	0.00e+00	0.00e+00	0.00e+00	0.00e+00	0.00e+00	8.52e-01	5.74e-05	5.80e-05
 3.94477e+19	8.57e-01	1.43e-01	6.94e-05	2.06e-07	0.00e+00	0.00e+00	0.00e+00	0.00e+00	0.00e+00	8.57e-01	5.65e-05	5.71e-05
 4.07492e+19	8.62e-01	1.38e-01	6.25e-05	1.96e-07	0.00e+00	0.00e+00	0.00e+00	0.00e+00	0.00e+00	8.62e-01	5.56e-05	5.62e-05
 4.21603e+19	8.67e-01	1.33e-01	5.64e-05	1.87e-07	0.00e+00	0.00e+00	0.00e+00	0.00e+00	0.00e+00	8.67e-01	5.48e-05	5.52e-05
 4.36559e+19	8.72e-01	1.28e-01	5.10e-05	1.78e-07	0.00e+00	0.00e+00	0.00e+00	0.00e+00	0.00e+00	8.72e-01	5.39e-05	5.43e-05
 4.52333e+19	8.77e-01	1.23e-01	4.62e-05	1.70e-07	0.00e+00	0.00e+00	0.00e+00	0.00e+00	0.00e+00	8.77e-01	5.30e-05	5.34e-05
 4.68788e+19	8.81e-01	1.19e-01	4.20e-05	1.62e-07	0.00e+00	0.00e+00	0.00e+00	0.00e+00	0.00e+00	8.81e-01	5.22e-05	5.25e-05
 4.85735e+19	8.86e-01	1.14e-01	3.83e-05	1.55e-07	0.00e+00	0.00e+00	0.00e+00	0.00e+00	0.00e+00	8.86e-01	5.14e-05	5.16e-05
 5.03262e+19	8.90e-01	1.10e-01	3.50e-05	1.48e-07	0.00e+00	0.00e+00	0.00e+00	0.00e+00	0.00e+00	8.90e-01	5.06e-05	5.08e-05
 5.21506e+19	8.94e-01	1.06e-01	3.22e-05	1.41e-07	0.00e+00	0.00e+00	0.00e+00	0.00e+00	0.00e+00	8.94e-01	4.98e-05	4.99e-05
 5.40437e+19	8.98e-01	1.02e-01	2.96e-05	1.35e-07	0.00e+00	0.00e+00	0.00e+00	0.00e+00	0.00e+00	8.98e-01	4.90e-05	4.91e-05
 5.59994e+19	9.02e-01	9.83e-02	2.73e-05	1.29e-07	0.00e+00	0.00e+00	0.00e+00	0.00e+00	0.00e+00	9.02e-01	4.82e-05	4.83e-05
 5.80200e+19	9.05e-01	9.47e-02	2.53e-05	1.23e-07	0.00e+00	0.00e+00	0.00e+00	0.00e+00	0.00e+00	9.05e-01	4.75e-05	4.75e-05
 6.01100e+19	9.09e-01	9.12e-02	2.36e-05	0.00e+00	0.00e+00	0.00e+00	0.00e+00	0.00e+00	0.00e+00	9.09e-01	4.68e-05	4.67e-05
 6.22624e+19	9.12e-01	8.78e-02	2.20e-05	0.00e+00	0.00e+00	0.00e+00	0.00e+00	0.00e+00	0.00e+00	9.12e-01	4.60e-05	4.59e-05
 6.44925e+19	9.15e-01	8.45e-02	2.06e-05	0.00e+00	0.00e+00	0.00e+00	0.00e+00	0.00e+00	0.00e+00	9.15e-01	4.52e-05	4.49e-05
 6.68060e+19	9.19e-01	8.13e-02	1.94e-05	0.00e+00	0.00e+00	0.00e+00	0.00e+00	0.00e+00	0.00e+00	9.19e-01	4.45e-05	4.39e-05
 6.91813e+19	9.22e-01	7.83e-02	1.83e-05	0.00e+00	0.00e+00	0.00e+00	0.00e+00	0.00e+00	0.00e+00	9.22e-01	4.37e-05	4.29e-05
 7.16103e+19	9.25e-01	7.53e-02	1.74e-05	0.00e+00	0.00e+00	0.00e+00	0.00e+00	0.00e+00	0.00e+00	9.25e-01	4.30e-05	4.20e-05
 7.41045e+19	9.27e-01	7.25e-02	1.65e-05	0.00e+00	0.00e+00	0.00e+00	0.00e+00	0.00e+00	0.00e+00	9.27e-01	4.23e-05	4.11e-05
 7.66796e+19	9.30e-01	6.99e-02	1.58e-05	0.00e+00	0.00e+00	0.00e+00	0.00e+00	0.00e+00	0.00e+00	9.30e-01	4.16e-05	4.02e-05
 7.93161e+19	9.33e-01	6.72e-02	1.51e-05	0.00e+00	0.00e+00	0.00e+00	0.00e+00	0.00e+00	0.00e+00	9.33e-01	4.09e-05	3.94e-05
 8.20195e+19	9.35e-01	6.47e-02	1.45e-05	0.00e+00	0.00e+00	0.00e+00	0.00e+00	0.00e+00	0.00e+00	9.35e-01	4.03e-05	3.86e-05
 8.48162e+19	9.38e-01	6.23e-02	1.40e-05	0.00e+00	0.00e+00	0.00e+00	0.00e+00	0.00e+00	0.00e+00	9.38e-01	3.97e-05	3.78e-05
 8.76945e+19	9.40e-01	5.99e-02	1.35e-05	0.00e+00	0.00e+00	0.00e+00	0.00e+00	0.00e+00	0.00e+00	9.40e-01	3.90e-05	3.71e-05
 9.06361e+19	9.42e-01	5.76e-02	1.31e-05	0.00e+00	0.00e+00	0.00e+00	0.00e+00	0.00e+00	0.00e+00	9.42e-01	3.84e-05	3.64e-05
 9.36150e+19	9.45e-01	5.54e-02	1.28e-05	0.00e+00	0.00e+00	0.00e+00	0.00e+00	0.00e+00	0.00e+00	9.44e-01	3.78e-05	3.57e-05
 9.65740e+19	9.47e-01	5.34e-02	1.25e-05	0.00e+00	0.00e+00	0.00e+00	0.00e+00	0.00e+00	0.00e+00	9.47e-01	3.73e-05	3.50e-05
 9.94702e+19	9.49e-01	5.15e-02	1.22e-05	0.00e+00	0.00e+00	0.00e+00	0.00e+00	0.00e+00	0.00e+00	9.48e-01	3.68e-05	3.44e-05
 1.02302e+20	9.50e-01	4.97e-02	1.20e-05	0.00e+00	0.00e+00	0.00e+00	0.00e+00	0.00e+00	0.00e+00	9.50e-01	3.63e-05	3.39e-05
 1.05072e+20	9.52e-01	4.80e-02	1.18e-05	0.00e+00	0.00e+00	0.00e+00	0.00e+00	0.00e+00	0.00e+00	9.52e-01	3.58e-05	3.34e-05
 1.07779e+20	9.54e-01	4.65e-02	1.17e-05	0.00e+00	0.00e+00	0.00e+00	0.00e+00	0.00e+00	0.00e+00	9.53e-01	3.53e-05	3.29e-05
 1.10416e+20	9.55e-01	4.50e-02	1.16e-05	0.00e+00	0.00e+00	0.00e+00	0.00e+00	0.00e+00	0.00e+00	9.55e-01	3.48e-05	3.24e-05
 1.12966e+20	9.56e-01	4.36e-02	1.15e-05	0.00e+00	0.00e+00	0.00e+00	0.00e+00	0.00e+00	0.00e+00	9.56e-01	3.44e-05	3.20e-05
 1.15419e+20	9.58e-01	4.23e-02	1.14e-05	0.00e+00	0.00e+00	0.00e+00	0.00e+00	0.00e+00	0.00e+00	9.58e-01	3.39e-05	3.16e-05
 1.17771e+20	9.59e-01	4.11e-02	1.13e-05	0.00e+00	0.00e+00	0.00e+00	0.00e+00	0.00e+00	0.00e+00	9.59e-01	3.35e-05	3.12e-05
 1.20019e+20	9.60e-01	4.00e-02	1.13e-05	0.00e+00	0.00e+00	0.00e+00	0.00e+00	0.00e+00	0.00e+00	9.60e-01	3.31e-05	3.08e-05
 1.22159e+20	9.61e-01	3.89e-02	1.12e-05	0.00e+00	0.00e+00	0.00e+00	0.00e+00	0.00e+00	0.00e+00	9.61e-01	3.28e-05	3.04e-05
