#depth	O	O+	O+2	O+3	O+4	O+5	O+6	O+7	O+8	O[1]	O[2]	O[3]
 3.80486e+16	2.97e-07	1.75e-04	3.30e-02	3.90e-01	4.14e-01	1.40e-01	2.39e-02	2.57e-05	0.00e+00	2.97e-07	7.18e-11	7.99e-11
 2.28292e+17	2.94e-07	1.75e-04	3.32e-02	3.90e-01	4.14e-01	1.39e-01	2.38e-02	2.56e-05	0.00e+00	2.94e-07	7.11e-11	7.92e-11
 9.89265e+17	2.86e-07	1.74e-04	3.36e-02	3.92e-01	4.13e-01	1.38e-01	2.35e-02	2.53e-05	0.00e+00	2.86e-07	6.91e-11	7.69e-11
 4.03316e+18	2.61e-07	1.72e-04	3.52e-02	3.97e-01	4.09e-01	1.36e-01	2.28e-02	2.46e-05	0.00e+00	2.61e-07	6.30e-11	7.01e-11
 9.63392e+18	2.10e-07	1.64e-04	3.73e-02	4.04e-01	4.03e-01	1.33e-01	2.22e-02	2.42e-05	0.00e+00	2.10e-07	5.07e-11	5.65e-11
 1.69149e+19	1.96e-07	1.69e-04	4.07e-02	4.14e-01	3.95e-01	1.29e-01	2.12e-02	2.32e-05	0.00e+00	1.96e-07	4.73e-11	5.28e-11
 2.63802e+19	2.00e-07	1.86e-04	4.59e-02	4.27e-01	3.85e-01	1.23e-01	1.98e-02	2.15e-05	0.00e+00	1.99e-07	4.80e-11	5.36e-11
 3.86851e+19	2.20e-07	2.20e-04	5.44e-02	4.43e-01	3.71e-01	1.14e-01	1.78e-02	1.90e-05	0.00e+00	2.20e-07	5.28e-11	5.90e-11
 5.17927e+19	2.46e-07	2.63e-04	6.51e-02	4.59e-01	3.55e-01	1.05e-01	1.58e-02	1.68e-05	0.00e+00	2.45e-07	5.90e-11	6.59e-11
 6.30671e+19	2.82e-07	3.17e-04	7.70e-02	4.72e-01	3.40e-01	9.67e-02	1.42e-02	1.48e-05	0.00e+00	2.82e-07	6.76e-11	7.56e-11
 7.27906e+19	3.28e-07	3.83e-04	9.01e-02	4.83e-01	3.25e-01	8.89e-02	1.26e-02	1.31e-05	0.00e+00	3.28e-07	7.87e-11	8.81e-11
 8.16831e+19	3.87e-07	4.63e-04	1.05e-01	4.92e-01	3.10e-01	8.15e-02	1.12e-02	1.15e-05	0.00e+00	3.87e-07	9.29e-11	1.04e-10
 8.98904e+19	4.59e-07	5.58e-04	1.22e-01	4.99e-01	2.94e-01	7.43e-02	9.97e-03	1.01e-05	0.00e+00	4.59e-07	1.10e-10	1.23e-10
 9.73996e+19	5.47e-07	6.72e-04	1.41e-01	5.04e-01	2.78e-01	6.75e-02	8.80e-03	8.83e-06	0.00e+00	5.47e-07	1.31e-10	1.47e-10
 1.04354e+20	6.54e-07	8.05e-04	1.63e-01	5.07e-01	2.61e-01	6.10e-02	7.73e-03	7.67e-06	0.00e+00	6.53e-07	1.57e-10	1.75e-10
 1.10911e+20	7.81e-07	9.61e-04	1.86e-01	5.07e-01	2.44e-01	5.48e-02	6.76e-03	6.64e-06	0.00e+00	7.81e-07	1.87e-10	2.09e-10
 1.17216e+20	9.22e-07	1.13e-03	2.14e-01	5.05e-01	2.25e-01	4.86e-02	5.83e-03	5.68e-06	0.00e+00	9.22e-07	2.21e-10	2.47e-10
 1.23018e+20	1.14e-06	1.37e-03	2.43e-01	5.00e-01	2.07e-01	4.29e-02	4.98e-03	4.79e-06	0.00e+00	1.14e-06	2.74e-10	3.07e-10
 1.27565e+20	1.29e-06	1.54e-03	2.68e-01	4.94e-01	1.93e-01	3.86e-02	4.39e-03	4.20e-06	0.00e+00	1.29e-06	3.11e-10	3.47e-10
 1.31833e+20	1.52e-06	1.78e-03	2.96e-01	4.86e-01	1.78e-01	3.43e-02	3.80e-03	3.61e-06	0.00e+00	1.52e-06	3.64e-10	4.07e-10
 1.36447e+20	1.80e-06	2.05e-03	3.28e-01	4.75e-01	1.62e-01	3.00e-02	3.23e-03	3.03e-06	0.00e+00	1.80e-06	4.32e-10	4.83e-10
 1.40527e+20	2.11e-06	2.34e-03	3.58e-01	4.63e-01	1.47e-01	2.63e-02	2.75e-03	2.55e-06	0.00e+00	2.11e-06	5.06e-10	5.66e-10
 1.44144e+20	2.45e-06	2.63e-03	3.87e-01	4.51e-01	1.34e-01	2.31e-02	2.36e-03	2.17e-06	0.00e+00	2.45e-06	5.87e-10	6.56e-10
 1.48146e+20	2.97e-06	3.05e-03	4.22e-01	4.34e-01	1.20e-01	1.97e-02	1.94e-03	1.75e-06	0.00e+00	2.97e-06	7.12e-10	7.95e-10
 1.52202e+20	3.51e-06	3.46e-03	4.57e-01	4.15e-01	1.06e-01	1.67e-02	1.59e-03	1.42e-06	0.00e+00	3.51e-06	8.41e-10	9.40e-10
 1.55569e+20	4.06e-06	3.85e-03	4.87e-01	3.98e-01	9.50e-02	1.44e-02	1.33e-03	1.17e-06	0.00e+00	4.06e-06	9.71e-10	1.09e-09
 1.59189e+20	4.80e-06	4.34e-03	5.21e-01	3.78e-01	8.34e-02	1.21e-02	1.07e-03	9.27e-07	0.00e+00	4.79e-06	1.15e-09	1.28e-09
 1.63061e+20	5.69e-06	4.89e-03	5.56e-01	3.56e-01	7.24e-02	9.96e-03	8.49e-04	7.21e-07	0.00e+00	5.69e-06	1.36e-09	1.52e-09
 1.66307e+20	6.46e-06	5.33e-03	5.84e-01	3.38e-01	6.40e-02	8.45e-03	6.97e-04	5.83e-07	0.00e+00	6.46e-06	1.54e-09	1.73e-09
 1.69120e+20	7.36e-06	5.81e-03	6.08e-01	3.21e-01	5.71e-02	7.25e-03	5.79e-04	4.76e-07	0.00e+00	7.36e-06	1.76e-09	1.97e-09
 1.72327e+20	8.77e-06	6.49e-03	6.37e-01	3.00e-01	4.97e-02	6.00e-03	4.58e-04	3.67e-07	0.00e+00	8.76e-06	2.09e-09	2.34e-09
 1.75655e+20	1.00e-05	7.06e-03	6.63e-01	2.81e-01	4.33e-02	5.00e-03	3.68e-04	2.89e-07	0.00e+00	9.99e-06	2.38e-09	2.67e-09
 1.78631e+20	1.17e-05	7.77e-03	6.87e-01	2.63e-01	3.79e-02	4.18e-03	2.95e-04	2.25e-07	0.00e+00	1.17e-05	2.79e-09	3.13e-09
 1.81498e+20	1.34e-05	8.41e-03	7.08e-01	2.46e-01	3.35e-02	3.53e-03	2.40e-04	1.79e-07	0.00e+00	1.34e-05	3.18e-09	3.57e-09
 1.84733e+20	1.58e-05	9.26e-03	7.31e-01	2.27e-01	2.88e-02	2.88e-03	1.87e-04	1.35e-07	0.00e+00	1.58e-05	3.75e-09	4.21e-09
 1.88244e+20	1.86e-05	1.02e-02	7.54e-01	2.09e-01	2.47e-02	2.33e-03	1.44e-04	0.00e+00	0.00e+00	1.86e-05	4.42e-09	4.97e-09
 1.91494e+20	2.14e-05	1.10e-02	7.73e-01	1.93e-01	2.15e-02	1.93e-03	1.15e-04	0.00e+00	0.00e+00	2.14e-05	5.08e-09	5.71e-09
 1.95097e+20	2.60e-05	1.23e-02	7.94e-01	1.74e-01	1.82e-02	1.53e-03	8.63e-05	0.00e+00	0.00e+00	2.60e-05	6.17e-09	6.95e-09
 1.99007e+20	3.14e-05	1.36e-02	8.13e-01	1.57e-01	1.55e-02	1.22e-03	6.49e-05	0.00e+00	0.00e+00	3.14e-05	7.44e-09	8.38e-09
 2.02719e+20	3.78e-05	1.50e-02	8.29e-01	1.42e-01	1.33e-02	9.77e-04	4.95e-05	0.00e+00	0.00e+00	3.78e-05	8.94e-09	1.01e-08
 2.06945e+20	4.71e-05	1.68e-02	8.46e-01	1.25e-01	1.11e-02	7.56e-04	3.62e-05	0.00e+00	0.00e+00	4.70e-05	1.11e-08	1.25e-08
 2.11490e+20	5.92e-05	1.90e-02	8.61e-01	1.10e-01	9.40e-03	5.84e-04	2.64e-05	0.00e+00	0.00e+00	5.92e-05	1.40e-08	1.58e-08
 2.14769e+20	6.95e-05	2.06e-02	8.70e-01	1.01e-01	8.42e-03	4.91e-04	2.14e-05	0.00e+00	0.00e+00	6.95e-05	1.64e-08	1.85e-08
 2.16792e+20	7.73e-05	2.17e-02	8.75e-01	9.49e-02	7.86e-03	4.39e-04	1.87e-05	0.00e+00	0.00e+00	7.73e-05	1.83e-08	2.06e-08
 2.18866e+20	8.66e-05	2.30e-02	8.80e-01	8.90e-02	7.30e-03	3.89e-04	1.62e-05	0.00e+00	0.00e+00	8.66e-05	2.05e-08	2.31e-08
 2.21561e+20	1.01e-04	2.49e-02	8.86e-01	8.18e-02	6.66e-03	3.33e-04	1.35e-05	0.00e+00	0.00e+00	1.00e-04	2.38e-08	2.67e-08
 2.24453e+20	1.17e-04	2.68e-02	8.92e-01	7.52e-02	6.11e-03	2.86e-04	1.13e-05	0.00e+00	0.00e+00	1.16e-04	2.76e-08	3.10e-08
 2.27058e+20	1.35e-04	2.89e-02	8.96e-01	6.93e-02	5.65e-03	2.48e-04	9.57e-06	0.00e+00	0.00e+00	1.35e-04	3.19e-08	3.58e-08
 2.29467e+20	1.56e-04	3.10e-02	8.99e-01	6.41e-02	5.27e-03	2.17e-04	8.21e-06	0.00e+00	0.00e+00	1.55e-04	3.69e-08	4.13e-08
 2.31778e+20	1.77e-04	3.31e-02	9.02e-01	5.97e-02	4.95e-03	1.92e-04	7.15e-06	0.00e+00	0.00e+00	1.77e-04	4.19e-08	4.69e-08
 2.34394e+20	2.08e-04	3.60e-02	9.04e-01	5.45e-02	4.61e-03	1.65e-04	6.05e-06	0.00e+00	0.00e+00	2.08e-04	4.95e-08	5.53e-08
 2.37145e+20	2.44e-04	3.90e-02	9.06e-01	5.00e-02	4.31e-03	1.42e-04	5.18e-06	0.00e+00	0.00e+00	2.43e-04	5.80e-08	6.47e-08
 2.39572e+20	2.83e-04	4.21e-02	9.07e-01	4.60e-02	4.07e-03	1.24e-04	4.49e-06	0.00e+00	0.00e+00	2.83e-04	6.77e-08	7.51e-08
 2.41849e+20	3.27e-04	4.54e-02	9.08e-01	4.25e-02	3.86e-03	1.10e-04	3.94e-06	0.00e+00	0.00e+00	3.27e-04	7.85e-08	8.68e-08
 2.44431e+20	3.88e-04	4.95e-02	9.08e-01	3.87e-02	3.64e-03	9.43e-05	3.38e-06	0.00e+00	0.00e+00	3.88e-04	9.34e-08	1.03e-07
 2.47161e+20	4.65e-04	5.44e-02	9.07e-01	3.51e-02	3.44e-03	8.08e-05	2.90e-06	0.00e+00	0.00e+00	4.65e-04	1.13e-07	1.23e-07
 2.49485e+20	5.50e-04	5.92e-02	9.05e-01	3.22e-02	3.28e-03	7.04e-05	2.54e-06	0.00e+00	0.00e+00	5.49e-04	1.34e-07	1.45e-07
 2.51519e+20	6.33e-04	6.37e-02	9.03e-01	2.98e-02	3.15e-03	6.26e-05	2.27e-06	0.00e+00	0.00e+00	6.32e-04	1.55e-07	1.67e-07
 2.53775e+20	7.49e-04	6.95e-02	9.00e-01	2.72e-02	3.01e-03	5.44e-05	1.99e-06	0.00e+00	0.00e+00	7.48e-04	1.85e-07	1.98e-07
 2.56260e+20	9.04e-04	7.67e-02	8.95e-01	2.45e-02	2.87e-03	4.67e-05	1.73e-06	0.00e+00	0.00e+00	9.03e-04	2.26e-07	2.39e-07
 2.58510e+20	1.08e-03	8.41e-02	8.90e-01	2.23e-02	2.76e-03	4.05e-05	1.53e-06	0.00e+00	0.00e+00	1.08e-03	2.72e-07	2.85e-07
 2.60526e+20	1.27e-03	9.17e-02	8.84e-01	2.04e-02	2.65e-03	3.55e-05	1.36e-06	0.00e+00	0.00e+00	1.27e-03	3.25e-07	3.36e-07
 2.62773e+20	1.54e-03	1.01e-01	8.76e-01	1.84e-02	2.54e-03	3.03e-05	1.18e-06	0.00e+00	0.00e+00	1.54e-03	4.00e-07	4.07e-07
 2.65181e+20	1.91e-03	1.13e-01	8.66e-01	1.64e-02	2.42e-03	2.57e-05	1.02e-06	0.00e+00	0.00e+00	1.91e-03	5.02e-07	5.01e-07
 2.67256e+20	2.31e-03	1.25e-01	8.55e-01	1.47e-02	2.32e-03	2.21e-05	9.00e-07	0.00e+00	0.00e+00	2.31e-03	6.19e-07	6.06e-07
 2.69065e+20	2.74e-03	1.37e-01	8.45e-01	1.34e-02	2.24e-03	1.92e-05	8.00e-07	0.00e+00	0.00e+00	2.74e-03	7.48e-07	7.19e-07
 2.71072e+20	3.36e-03	1.52e-01	8.30e-01	1.19e-02	2.14e-03	1.63e-05	6.96e-07	0.00e+00	0.00e+00	3.36e-03	9.33e-07	8.79e-07
 2.73203e+20	4.18e-03	1.71e-01	8.13e-01	1.05e-02	2.03e-03	1.37e-05	5.99e-07	0.00e+00	0.00e+00	4.17e-03	1.19e-06	1.09e-06
 2.75018e+20	5.08e-03	1.89e-01	7.95e-01	9.36e-03	1.94e-03	1.17e-05	5.23e-07	0.00e+00	0.00e+00	5.07e-03	1.47e-06	1.32e-06
 2.76595e+20	6.06e-03	2.07e-01	7.77e-01	8.42e-03	1.85e-03	1.01e-05	4.61e-07	0.00e+00	0.00e+00	6.05e-03	1.79e-06	1.58e-06
 2.78340e+20	7.49e-03	2.31e-01	7.53e-01	7.37e-03	1.75e-03	8.41e-06	3.94e-07	0.00e+00	0.00e+00	7.49e-03	2.25e-06	1.94e-06
 2.80159e+20	9.31e-03	2.58e-01	7.25e-01	6.41e-03	1.64e-03	6.95e-06	3.35e-07	0.00e+00	0.00e+00	9.31e-03	2.85e-06	2.41e-06
 2.81677e+20	1.12e-02	2.83e-01	6.99e-01	5.66e-03	1.54e-03	5.88e-06	2.89e-07	0.00e+00	0.00e+00	1.12e-02	3.49e-06	2.89e-06
 2.83028e+20	1.34e-02	3.09e-01	6.71e-01	5.01e-03	1.45e-03	4.98e-06	2.50e-07	0.00e+00	0.00e+00	1.34e-02	4.20e-06	3.44e-06
 2.84559e+20	1.65e-02	3.42e-01	6.36e-01	4.30e-03	1.34e-03	4.05e-06	2.08e-07	0.00e+00	0.00e+00	1.65e-02	5.25e-06	4.23e-06
 2.86168e+20	2.06e-02	3.79e-01	5.96e-01	3.63e-03	1.22e-03	3.23e-06	1.70e-07	0.00e+00	0.00e+00	2.06e-02	6.60e-06	5.25e-06
 2.87513e+20	2.49e-02	4.13e-01	5.58e-01	3.12e-03	1.11e-03	2.64e-06	1.41e-07	0.00e+00	0.00e+00	2.49e-02	8.02e-06	6.31e-06
 2.88696e+20	2.96e-02	4.46e-01	5.21e-01	2.69e-03	1.01e-03	2.15e-06	0.00e+00	0.00e+00	0.00e+00	2.96e-02	9.56e-06	7.48e-06
 2.90034e+20	3.63e-02	4.86e-01	4.75e-01	2.23e-03	8.92e-04	1.68e-06	0.00e+00	0.00e+00	0.00e+00	3.62e-02	1.18e-05	9.11e-06
 2.91462e+20	4.50e-02	5.29e-01	4.23e-01	1.80e-03	7.67e-04	1.26e-06	0.00e+00	0.00e+00	0.00e+00	4.50e-02	1.46e-05	1.12e-05
 2.92636e+20	5.39e-02	5.65e-01	3.79e-01	1.49e-03	6.65e-04	9.67e-07	0.00e+00	0.00e+00	0.00e+00	5.39e-02	1.74e-05	1.34e-05
 2.93590e+20	6.28e-02	5.95e-01	3.40e-01	1.26e-03	5.79e-04	7.60e-07	0.00e+00	0.00e+00	0.00e+00	6.28e-02	2.03e-05	1.55e-05
 2.94629e+20	7.44e-02	6.26e-01	2.98e-01	1.03e-03	4.89e-04	5.71e-07	0.00e+00	0.00e+00	0.00e+00	7.43e-02	2.39e-05	1.81e-05
 2.95771e+20	8.94e-02	6.57e-01	2.52e-01	8.12e-04	3.97e-04	4.07e-07	0.00e+00	0.00e+00	0.00e+00	8.93e-02	2.84e-05	2.15e-05
 2.96794e+20	1.06e-01	6.82e-01	2.12e-01	6.46e-04	3.19e-04	2.89e-07	0.00e+00	0.00e+00	0.00e+00	1.06e-01	3.33e-05	2.52e-05
 2.97690e+20	1.22e-01	6.98e-01	1.79e-01	5.26e-04	2.60e-04	2.12e-07	0.00e+00	0.00e+00	0.00e+00	1.22e-01	3.80e-05	2.86e-05
 2.98675e+20	1.43e-01	7.12e-01	1.44e-01	4.12e-04	1.99e-04	1.43e-07	0.00e+00	0.00e+00	0.00e+00	1.43e-01	4.40e-05	3.31e-05
 2.99773e+20	1.71e-01	7.18e-01	1.11e-01	3.12e-04	1.44e-04	0.00e+00	0.00e+00	0.00e+00	0.00e+00	1.71e-01	5.14e-05	3.86e-05
 3.00809e+20	2.01e-01	7.15e-01	8.30e-02	2.37e-04	1.01e-04	0.00e+00	0.00e+00	0.00e+00	0.00e+00	2.01e-01	5.91e-05	4.44e-05
 3.01776e+20	2.35e-01	7.04e-01	6.14e-02	1.82e-04	7.02e-05	0.00e+00	0.00e+00	0.00e+00	0.00e+00	2.35e-01	6.70e-05	5.03e-05
 3.02709e+20	2.71e-01	6.84e-01	4.45e-02	1.41e-04	4.76e-05	0.00e+00	0.00e+00	0.00e+00	0.00e+00	2.71e-01	7.49e-05	5.62e-05
 3.03510e+20	3.06e-01	6.61e-01	3.29e-02	1.13e-04	3.32e-05	0.00e+00	0.00e+00	0.00e+00	0.00e+00	3.06e-01	8.17e-05	6.13e-05
 3.04133e+20	3.35e-01	6.39e-01	2.57e-02	9.59e-05	2.47e-05	0.00e+00	0.00e+00	0.00e+00	0.00e+00	3.35e-01	8.68e-05	6.51e-05
 3.04751e+20	3.66e-01	6.14e-01	1.97e-02	8.09e-05	1.80e-05	0.00e+00	0.00e+00	0.00e+00	0.00e+00	3.66e-01	9.18e-05	6.87e-05
 3.05419e+20	4.01e-01	5.84e-01	1.46e-02	6.77e-05	1.27e-05	0.00e+00	0.00e+00	0.00e+00	0.00e+00	4.01e-01	9.66e-05	7.23e-05
 3.06048e+20	4.35e-01	5.54e-01	1.09e-02	5.74e-05	9.07e-06	0.00e+00	0.00e+00	0.00e+00	0.00e+00	4.35e-01	1.01e-04	7.52e-05
 3.06603e+20	4.66e-01	5.25e-01	8.41e-03	4.97e-05	6.69e-06	0.00e+00	0.00e+00	0.00e+00	0.00e+00	4.66e-01	1.03e-04	7.73e-05
 3.07093e+20	4.93e-01	5.00e-01	6.64e-03	4.39e-05	5.10e-06	0.00e+00	0.00e+00	0.00e+00	0.00e+00	4.93e-01	1.05e-04	7.88e-05
 3.07548e+20	5.19e-01	4.76e-01	5.33e-03	3.92e-05	3.96e-06	0.00e+00	0.00e+00	0.00e+00	0.00e+00	5.18e-01	1.07e-04	7.98e-05
 3.07985e+20	5.42e-01	4.53e-01	4.31e-03	3.52e-05	3.11e-06	0.00e+00	0.00e+00	0.00e+00	0.00e+00	5.42e-01	1.08e-04	8.05e-05
 3.08411e+20	5.65e-01	4.32e-01	3.52e-03	3.18e-05	2.48e-06	0.00e+00	0.00e+00	0.00e+00	0.00e+00	5.64e-01	1.08e-04	8.08e-05
 3.08820e+20	5.85e-01	4.12e-01	2.91e-03	2.90e-05	2.00e-06	0.00e+00	0.00e+00	0.00e+00	0.00e+00	5.85e-01	1.09e-04	8.09e-05
 3.09143e+20	6.00e-01	3.97e-01	2.53e-03	2.71e-05	1.71e-06	0.00e+00	0.00e+00	0.00e+00	0.00e+00	6.00e-01	1.08e-04	8.08e-05
 3.09371e+20	6.11e-01	3.87e-01	2.29e-03	2.58e-05	1.53e-06	0.00e+00	0.00e+00	0.00e+00	0.00e+00	6.11e-01	1.08e-04	8.07e-05
 3.09597e+20	6.21e-01	3.77e-01	2.08e-03	2.46e-05	1.37e-06	0.00e+00	0.00e+00	0.00e+00	0.00e+00	6.21e-01	1.08e-04	8.05e-05
 3.09865e+20	6.33e-01	3.65e-01	1.86e-03	2.33e-05	1.21e-06	0.00e+00	0.00e+00	0.00e+00	0.00e+00	6.33e-01	1.08e-04	8.02e-05
 3.10156e+20	6.46e-01	3.53e-01	1.65e-03	2.20e-05	1.07e-06	0.00e+00	0.00e+00	0.00e+00	0.00e+00	6.45e-01	1.07e-04	7.98e-05
 3.10446e+20	6.56e-01	3.42e-01	1.49e-03	2.08e-05	9.47e-07	0.00e+00	0.00e+00	0.00e+00	0.00e+00	6.56e-01	1.07e-04	7.93e-05
 3.10744e+20	6.68e-01	3.31e-01	1.34e-03	1.97e-05	8.42e-07	0.00e+00	0.00e+00	0.00e+00	0.00e+00	6.68e-01	1.06e-04	7.88e-05
 3.11058e+20	6.78e-01	3.21e-01	1.21e-03	1.88e-05	7.53e-07	0.00e+00	0.00e+00	0.00e+00	0.00e+00	6.78e-01	1.05e-04	7.83e-05
 3.11396e+20	6.89e-01	3.10e-01	1.09e-03	1.78e-05	6.72e-07	0.00e+00	0.00e+00	0.00e+00	0.00e+00	6.89e-01	1.05e-04	7.77e-05
 3.11757e+20	6.98e-01	3.00e-01	9.93e-04	1.69e-05	6.04e-07	0.00e+00	0.00e+00	0.00e+00	0.00e+00	6.98e-01	1.04e-04	7.70e-05
 3.12146e+20	7.08e-01	2.91e-01	9.06e-04	1.61e-05	5.45e-07	0.00e+00	0.00e+00	0.00e+00	0.00e+00	7.08e-01	1.03e-04	7.64e-05
 3.12586e+20	7.17e-01	2.82e-01	8.30e-04	1.54e-05	4.94e-07	0.00e+00	0.00e+00	0.00e+00	0.00e+00	7.17e-01	1.02e-04	7.57e-05
 3.13094e+20	7.26e-01	2.73e-01	7.64e-04	1.46e-05	4.49e-07	0.00e+00	0.00e+00	0.00e+00	0.00e+00	7.26e-01	1.01e-04	7.50e-05
 3.13661e+20	7.33e-01	2.66e-01	7.11e-04	1.41e-05	4.14e-07	0.00e+00	0.00e+00	0.00e+00	0.00e+00	7.33e-01	1.00e-04	7.43e-05
 3.14238e+20	7.39e-01	2.60e-01	6.73e-04	1.36e-05	3.88e-07	0.00e+00	0.00e+00	0.00e+00	0.00e+00	7.39e-01	9.97e-05	7.38e-05
 3.14798e+20	7.44e-01	2.56e-01	6.46e-04	1.33e-05	3.70e-07	0.00e+00	0.00e+00	0.00e+00	0.00e+00	7.43e-01	9.92e-05	7.34e-05
 3.15345e+20	7.47e-01	2.52e-01	6.26e-04	1.30e-05	3.56e-07	0.00e+00	0.00e+00	0.00e+00	0.00e+00	7.47e-01	9.88e-05	7.30e-05
 3.15883e+20	7.50e-01	2.50e-01	6.12e-04	1.28e-05	3.47e-07	0.00e+00	0.00e+00	0.00e+00	0.00e+00	7.49e-01	9.85e-05	7.28e-05
 3.16413e+20	7.52e-01	2.48e-01	6.01e-04	1.27e-05	3.39e-07	0.00e+00	0.00e+00	0.00e+00	0.00e+00	7.51e-01	9.83e-05	7.26e-05
 3.17020e+20	7.54e-01	2.45e-01	5.89e-04	1.25e-05	3.31e-07	0.00e+00	0.00e+00	0.00e+00	0.00e+00	7.54e-01	9.80e-05	7.23e-05
 3.17809e+20	7.55e-01	2.44e-01	5.81e-04	1.24e-05	3.25e-07	0.00e+00	0.00e+00	0.00e+00	0.00e+00	7.55e-01	9.79e-05	7.22e-05
 3.18834e+20	7.57e-01	2.42e-01	5.71e-04	1.22e-05	3.18e-07	0.00e+00	0.00e+00	0.00e+00	0.00e+00	7.57e-01	9.77e-05	7.20e-05
 3.20167e+20	7.60e-01	2.40e-01	5.60e-04	1.20e-05	3.10e-07	0.00e+00	0.00e+00	0.00e+00	0.00e+00	7.59e-01	9.75e-05	7.18e-05
 3.21901e+20	7.62e-01	2.38e-01	5.48e-04	1.18e-05	3.01e-07	0.00e+00	0.00e+00	0.00e+00	0.00e+00	7.62e-01	9.72e-05	7.15e-05
 3.24154e+20	7.65e-01	2.35e-01	5.34e-04	1.16e-05	2.92e-07	0.00e+00	0.00e+00	0.00e+00	0.00e+00	7.64e-01	9.70e-05	7.12e-05
 3.27082e+20	7.68e-01	2.31e-01	5.17e-04	1.13e-05	2.80e-07	0.00e+00	0.00e+00	0.00e+00	0.00e+00	7.68e-01	9.66e-05	7.08e-05
 3.30890e+20	7.72e-01	2.27e-01	4.98e-04	1.10e-05	2.66e-07	0.00e+00	0.00e+00	0.00e+00	0.00e+00	7.72e-01	9.62e-05	7.04e-05
 3.35840e+20	7.78e-01	2.22e-01	4.75e-04	1.06e-05	2.49e-07	0.00e+00	0.00e+00	0.00e+00	0.00e+00	7.78e-01	9.57e-05	6.97e-05
 3.42274e+20	7.84e-01	2.15e-01	4.48e-04	1.01e-05	2.31e-07	0.00e+00	0.00e+00	0.00e+00	0.00e+00	7.84e-01	9.51e-05	6.90e-05
 3.50605e+20	7.92e-01	2.08e-01	4.19e-04	9.52e-06	2.11e-07	0.00e+00	0.00e+00	0.00e+00	0.00e+00	7.92e-01	9.43e-05	6.80e-05
 3.60287e+20	8.00e-01	2.00e-01	3.91e-04	8.93e-06	1.92e-07	0.00e+00	0.00e+00	0.00e+00	0.00e+00	8.00e-01	9.35e-05	6.70e-05
 3.70205e+20	8.07e-01	1.92e-01	3.68e-04	8.40e-06	1.76e-07	0.00e+00	0.00e+00	0.00e+00	0.00e+00	8.07e-01	9.28e-05	6.60e-05
 3.80189e+20	8.14e-01	1.86e-01	3.48e-04	7.93e-06	1.62e-07	0.00e+00	0.00e+00	0.00e+00	0.00e+00	8.14e-01	9.22e-05	6.51e-05
 3.90535e+20	8.21e-01	1.79e-01	3.30e-04	7.47e-06	1.50e-07	0.00e+00	0.00e+00	0.00e+00	0.00e+00	8.21e-01	9.15e-05	6.42e-05
 4.01474e+20	8.27e-01	1.73e-01	3.13e-04	7.04e-06	1.39e-07	0.00e+00	0.00e+00	0.00e+00	0.00e+00	8.27e-01	9.09e-05	6.32e-05
 4.13024e+20	8.33e-01	1.66e-01	2.98e-04	6.63e-06	1.29e-07	0.00e+00	0.00e+00	0.00e+00	0.00e+00	8.33e-01	9.01e-05	6.22e-05
 4.25057e+20	8.40e-01	1.60e-01	2.84e-04	6.24e-06	0.00e+00	0.00e+00	0.00e+00	0.00e+00	0.00e+00	8.39e-01	8.94e-05	6.11e-05
 4.37507e+20	8.45e-01	1.54e-01	2.72e-04	5.87e-06	0.00e+00	0.00e+00	0.00e+00	0.00e+00	0.00e+00	8.45e-01	8.86e-05	6.01e-05
 4.50415e+20	8.51e-01	1.49e-01	2.61e-04	5.52e-06	0.00e+00	0.00e+00	0.00e+00	0.00e+00	0.00e+00	8.51e-01	8.79e-05	5.91e-05
 4.63893e+20	8.56e-01	1.43e-01	2.50e-04	5.20e-06	0.00e+00	0.00e+00	0.00e+00	0.00e+00	0.00e+00	8.56e-01	8.73e-05	5.82e-05
 4.77955e+20	8.62e-01	1.38e-01	2.40e-04	4.88e-06	0.00e+00	0.00e+00	0.00e+00	0.00e+00	0.00e+00	8.61e-01	8.66e-05	5.72e-05
 4.92558e+20	8.67e-01	1.33e-01	2.31e-04	4.59e-06	0.00e+00	0.00e+00	0.00e+00	0.00e+00	0.00e+00	8.66e-01	8.60e-05	5.63e-05
 5.07712e+20	8.71e-01	1.28e-01	2.23e-04	4.31e-06	0.00e+00	0.00e+00	0.00e+00	0.00e+00	0.00e+00	8.71e-01	8.55e-05	5.53e-05
 5.23456e+20	8.76e-01	1.24e-01	2.15e-04	4.05e-06	0.00e+00	0.00e+00	0.00e+00	0.00e+00	0.00e+00	8.76e-01	8.49e-05	5.44e-05
 5.39810e+20	8.81e-01	1.19e-01	2.07e-04	3.80e-06	0.00e+00	0.00e+00	0.00e+00	0.00e+00	0.00e+00	8.80e-01	8.44e-05	5.36e-05
 5.56796e+20	8.85e-01	1.15e-01	2.00e-04	3.56e-06	0.00e+00	0.00e+00	0.00e+00	0.00e+00	0.00e+00	8.85e-01	8.39e-05	5.27e-05
 5.74424e+20	8.89e-01	1.11e-01	1.93e-04	3.34e-06	0.00e+00	0.00e+00	0.00e+00	0.00e+00	0.00e+00	8.89e-01	8.34e-05	5.19e-05
 5.92708e+20	8.93e-01	1.07e-01	1.86e-04	3.13e-06	0.00e+00	0.00e+00	0.00e+00	0.00e+00	0.00e+00	8.93e-01	8.29e-05	5.10e-05
 6.11666e+20	8.97e-01	1.03e-01	1.80e-04	2.93e-06	0.00e+00	0.00e+00	0.00e+00	0.00e+00	0.00e+00	8.97e-01	8.25e-05	5.02e-05
 6.31290e+20	9.01e-01	9.89e-02	1.74e-04	2.74e-06	0.00e+00	0.00e+00	0.00e+00	0.00e+00	0.00e+00	9.01e-01	8.21e-05	4.94e-05
 6.51618e+20	9.05e-01	9.53e-02	1.68e-04	2.56e-06	0.00e+00	0.00e+00	0.00e+00	0.00e+00	0.00e+00	9.04e-01	8.17e-05	4.87e-05
 6.72629e+20	9.08e-01	9.17e-02	1.63e-04	2.39e-06	0.00e+00	0.00e+00	0.00e+00	0.00e+00	0.00e+00	9.08e-01	8.13e-05	4.79e-05
 6.94524e+20	9.11e-01	8.84e-02	1.57e-04	2.23e-06	0.00e+00	0.00e+00	0.00e+00	0.00e+00	0.00e+00	9.11e-01	8.09e-05	4.72e-05
 7.17194e+20	9.15e-01	8.51e-02	1.52e-04	2.08e-06	0.00e+00	0.00e+00	0.00e+00	0.00e+00	0.00e+00	9.15e-01	8.06e-05	4.65e-05
 7.40426e+20	9.18e-01	8.20e-02	1.47e-04	1.94e-06	0.00e+00	0.00e+00	0.00e+00	0.00e+00	0.00e+00	9.18e-01	8.02e-05	4.58e-05
 7.64467e+20	9.21e-01	7.89e-02	1.42e-04	1.81e-06	0.00e+00	0.00e+00	0.00e+00	0.00e+00	0.00e+00	9.21e-01	7.98e-05	4.51e-05
 7.89358e+20	9.24e-01	7.61e-02	1.37e-04	1.69e-06	0.00e+00	0.00e+00	0.00e+00	0.00e+00	0.00e+00	9.24e-01	7.95e-05	4.45e-05
 8.14984e+20	9.27e-01	7.31e-02	1.32e-04	1.57e-06	0.00e+00	0.00e+00	0.00e+00	0.00e+00	0.00e+00	9.27e-01	7.91e-05	4.38e-05
 8.41554e+20	9.29e-01	7.04e-02	1.27e-04	1.45e-06	0.00e+00	0.00e+00	0.00e+00	0.00e+00	0.00e+00	9.29e-01	7.87e-05	4.32e-05
 8.68966e+20	9.32e-01	6.78e-02	1.23e-04	1.35e-06	0.00e+00	0.00e+00	0.00e+00	0.00e+00	0.00e+00	9.32e-01	7.84e-05	4.26e-05
 8.96630e+20	9.35e-01	6.53e-02	1.18e-04	1.25e-06	0.00e+00	0.00e+00	0.00e+00	0.00e+00	0.00e+00	9.34e-01	7.80e-05	4.20e-05
 9.24974e+20	9.37e-01	6.28e-02	1.14e-04	1.16e-06	0.00e+00	0.00e+00	0.00e+00	0.00e+00	0.00e+00	9.37e-01	7.75e-05	4.14e-05
 9.54452e+20	9.39e-01	6.04e-02	1.10e-04	1.08e-06	0.00e+00	0.00e+00	0.00e+00	0.00e+00	0.00e+00	9.39e-01	7.71e-05	4.09e-05
 9.84672e+20	9.42e-01	5.82e-02	1.06e-04	9.98e-07	0.00e+00	0.00e+00	0.00e+00	0.00e+00	0.00e+00	9.42e-01	7.66e-05	4.03e-05
 1.01541e+21	9.44e-01	5.59e-02	1.02e-04	9.23e-07	0.00e+00	0.00e+00	0.00e+00	0.00e+00	0.00e+00	9.44e-01	7.61e-05	3.98e-05
 1.04672e+21	9.46e-01	5.38e-02	9.88e-05	8.54e-07	0.00e+00	0.00e+00	0.00e+00	0.00e+00	0.00e+00	9.46e-01	7.55e-05	3.92e-05
 1.07870e+21	9.48e-01	5.18e-02	9.53e-05	7.90e-07	0.00e+00	0.00e+00	0.00e+00	0.00e+00	0.00e+00	9.48e-01	7.48e-05	3.86e-05
 1.11131e+21	9.50e-01	4.98e-02	9.19e-05	7.30e-07	0.00e+00	0.00e+00	0.00e+00	0.00e+00	0.00e+00	9.50e-01	7.41e-05	3.79e-05
 1.14434e+21	9.52e-01	4.79e-02	8.87e-05	6.75e-07	0.00e+00	0.00e+00	0.00e+00	0.00e+00	0.00e+00	9.52e-01	7.33e-05	3.73e-05
 1.17737e+21	9.54e-01	4.61e-02	8.57e-05	6.23e-07	0.00e+00	0.00e+00	0.00e+00	0.00e+00	0.00e+00	9.54e-01	7.24e-05	3.67e-05
 1.21013e+21	9.56e-01	4.44e-02	8.29e-05	5.77e-07	0.00e+00	0.00e+00	0.00e+00	0.00e+00	0.00e+00	9.55e-01	7.15e-05	3.61e-05
 1.24379e+21	9.57e-01	4.27e-02	8.02e-05	5.34e-07	0.00e+00	0.00e+00	0.00e+00	0.00e+00	0.00e+00	9.57e-01	7.06e-05	3.55e-05
 1.27922e+21	9.59e-01	4.10e-02	7.74e-05	4.92e-07	0.00e+00	0.00e+00	0.00e+00	0.00e+00	0.00e+00	9.59e-01	6.96e-05	3.50e-05
 1.31461e+21	9.60e-01	3.95e-02	7.49e-05	4.54e-07	0.00e+00	0.00e+00	0.00e+00	0.00e+00	0.00e+00	9.60e-01	6.85e-05	3.44e-05
 1.34849e+21	9.62e-01	3.80e-02	7.25e-05	4.21e-07	0.00e+00	0.00e+00	0.00e+00	0.00e+00	0.00e+00	9.62e-01	6.74e-05	3.40e-05
 1.38320e+21	9.63e-01	3.66e-02	7.02e-05	3.90e-07	0.00e+00	0.00e+00	0.00e+00	0.00e+00	0.00e+00	9.63e-01	6.62e-05	3.35e-05
 1.42062e+21	9.65e-01	3.52e-02	6.79e-05	3.58e-07	0.00e+00	0.00e+00	0.00e+00	0.00e+00	0.00e+00	9.65e-01	6.49e-05	3.30e-05
 1.45852e+21	9.66e-01	3.38e-02	6.56e-05	3.30e-07	0.00e+00	0.00e+00	0.00e+00	0.00e+00	0.00e+00	9.66e-01	6.34e-05	3.25e-05
 1.49502e+21	9.67e-01	3.25e-02	6.36e-05	3.05e-07	0.00e+00	0.00e+00	0.00e+00	0.00e+00	0.00e+00	9.67e-01	6.19e-05	3.21e-05
 1.53101e+21	9.69e-01	3.13e-02	6.17e-05	2.82e-07	0.00e+00	0.00e+00	0.00e+00	0.00e+00	0.00e+00	9.69e-01	6.04e-05	3.17e-05
 1.56711e+21	9.70e-01	3.02e-02	5.99e-05	2.62e-07	0.00e+00	0.00e+00	0.00e+00	0.00e+00	0.00e+00	9.70e-01	5.88e-05	3.13e-05
 1.60234e+21	9.71e-01	2.91e-02	5.82e-05	2.43e-07	0.00e+00	0.00e+00	0.00e+00	0.00e+00	0.00e+00	9.71e-01	5.71e-05	3.09e-05
 1.63605e+21	9.72e-01	2.81e-02	5.67e-05	2.26e-07	0.00e+00	0.00e+00	0.00e+00	0.00e+00	0.00e+00	9.72e-01	5.53e-05	3.06e-05
 1.66846e+21	9.73e-01	2.72e-02	5.53e-05	2.11e-07	0.00e+00	0.00e+00	0.00e+00	0.00e+00	0.00e+00	9.73e-01	5.36e-05	3.03e-05
 1.69978e+21	9.74e-01	2.63e-02	5.40e-05	1.98e-07	0.00e+00	0.00e+00	0.00e+00	0.00e+00	0.00e+00	9.74e-01	5.17e-05	3.00e-05
 1.72975e+21	9.74e-01	2.55e-02	5.28e-05	1.86e-07	0.00e+00	0.00e+00	0.00e+00	0.00e+00	0.00e+00	9.74e-01	4.99e-05	2.97e-05
 1.75807e+21	9.75e-01	2.47e-02	5.18e-05	1.75e-07	0.00e+00	0.00e+00	0.00e+00	0.00e+00	0.00e+00	9.75e-01	4.80e-05	2.94e-05
 1.78461e+21	9.76e-01	2.38e-02	5.09e-05	1.64e-07	0.00e+00	0.00e+00	0.00e+00	0.00e+00	0.00e+00	9.76e-01	4.62e-05	2.91e-05
 1.80930e+21	9.77e-01	2.30e-02	5.02e-05	1.55e-07	0.00e+00	0.00e+00	0.00e+00	0.00e+00	0.00e+00	9.77e-01	4.44e-05	2.89e-05
 1.83083e+21	9.78e-01	2.22e-02	4.95e-05	1.46e-07	0.00e+00	0.00e+00	0.00e+00	0.00e+00	0.00e+00	9.78e-01	4.26e-05	2.86e-05
