#depth	He	He+	He+2
 1.43991e+16	5.93e-02	7.70e-01	1.71e-01
 8.63946e+16	5.95e-02	7.70e-01	1.70e-01
 3.74376e+17	5.95e-02	7.70e-01	1.70e-01
 1.52630e+18	5.95e-02	7.71e-01	1.70e-01
 3.64585e+18	5.85e-02	7.71e-01	1.71e-01
 6.40126e+18	5.84e-02	7.71e-01	1.71e-01
 9.98329e+18	5.85e-02	7.72e-01	1.70e-01
 1.46399e+19	5.90e-02	7.73e-01	1.68e-01
 2.05621e+19	6.01e-02	7.74e-01	1.66e-01
 2.74003e+19	6.18e-02	7.76e-01	1.63e-01
 3.53453e+19	6.47e-02	7.78e-01	1.57e-01
 4.50026e+19	6.94e-02	7.80e-01	1.51e-01
 5.46603e+19	7.47e-02	7.81e-01	1.45e-01
 6.30972e+19	8.08e-02	7.80e-01	1.39e-01
 7.09975e+19	8.74e-02	7.79e-01	1.34e-01
 7.84806e+19	9.47e-02	7.76e-01	1.29e-01
 8.54148e+19	1.03e-01	7.72e-01	1.25e-01
 9.18238e+19	1.11e-01	7.68e-01	1.22e-01
 9.78430e+19	1.19e-01	7.63e-01	1.19e-01
 1.03489e+20	1.28e-01	7.57e-01	1.16e-01
 1.08883e+20	1.36e-01	7.51e-01	1.13e-01
 1.13998e+20	1.45e-01	7.44e-01	1.11e-01
 1.18835e+20	1.54e-01	7.37e-01	1.08e-01
 1.23652e+20	1.64e-01	7.30e-01	1.06e-01
 1.28591e+20	1.74e-01	7.22e-01	1.03e-01
 1.33523e+20	1.85e-01	7.14e-01	1.01e-01
 1.38355e+20	1.96e-01	7.05e-01	9.86e-02
 1.43232e+20	2.08e-01	6.96e-01	9.60e-02
 1.47263e+20	2.17e-01	6.89e-01	9.43e-02
 1.50214e+20	2.25e-01	6.83e-01	9.27e-02
 1.53180e+20	2.32e-01	6.77e-01	9.12e-02
 1.56602e+20	2.41e-01	6.69e-01	8.94e-02
 1.60344e+20	2.51e-01	6.61e-01	8.74e-02
 1.64110e+20	2.61e-01	6.53e-01	8.55e-02
 1.67943e+20	2.72e-01	6.45e-01	8.35e-02
 1.71909e+20	2.83e-01	6.36e-01	8.16e-02
 1.76045e+20	2.94e-01	6.26e-01	7.95e-02
 1.80380e+20	3.07e-01	6.16e-01	7.73e-02
 1.84799e+20	3.19e-01	6.06e-01	7.52e-02
 1.89355e+20	3.32e-01	5.95e-01	7.30e-02
 1.94173e+20	3.46e-01	5.84e-01	7.07e-02
 1.99167e+20	3.60e-01	5.72e-01	6.85e-02
 2.04359e+20	3.74e-01	5.59e-01	6.60e-02
 2.09769e+20	3.89e-01	5.47e-01	6.37e-02
 2.15416e+20	4.05e-01	5.34e-01	6.13e-02
 2.21371e+20	4.21e-01	5.20e-01	5.89e-02
 2.27681e+20	4.38e-01	5.06e-01	5.64e-02
 2.34369e+20	4.55e-01	4.91e-01	5.38e-02
 2.41358e+20	4.72e-01	4.76e-01	5.13e-02
 2.48801e+20	4.90e-01	4.61e-01	4.87e-02
 2.56850e+20	5.09e-01	4.45e-01	4.61e-02
 2.65478e+20	5.27e-01	4.30e-01	4.34e-02
 2.74605e+20	5.45e-01	4.14e-01	4.08e-02
 2.84329e+20	5.63e-01	3.99e-01	3.83e-02
 2.94851e+20	5.81e-01	3.83e-01	3.58e-02
 3.06331e+20	5.99e-01	3.68e-01	3.33e-02
 3.18894e+20	6.16e-01	3.53e-01	3.08e-02
 3.32712e+20	6.33e-01	3.38e-01	2.84e-02
 3.48008e+20	6.50e-01	3.24e-01	2.61e-02
 3.65014e+20	6.67e-01	3.09e-01	2.38e-02
 3.83914e+20	6.83e-01	2.96e-01	2.17e-02
 4.04989e+20	6.98e-01	2.82e-01	1.96e-02
 4.28402e+20	7.14e-01	2.69e-01	1.76e-02
 4.54236e+20	7.29e-01	2.56e-01	1.58e-02
 4.82660e+20	7.43e-01	2.43e-01	1.42e-02
 5.13754e+20	7.57e-01	2.30e-01	1.26e-02
 5.47632e+20	7.70e-01	2.18e-01	1.12e-02
 5.84418e+20	7.83e-01	2.07e-01	9.98e-03
 6.24318e+20	7.96e-01	1.95e-01	8.85e-03
 6.67499e+20	8.07e-01	1.85e-01	7.84e-03
 7.14170e+20	8.19e-01	1.74e-01	6.94e-03
 7.64749e+20	8.29e-01	1.64e-01	6.13e-03
 8.19717e+20	8.40e-01	1.55e-01	5.41e-03
 8.79534e+20	8.50e-01	1.46e-01	4.76e-03
 9.44675e+20	8.59e-01	1.37e-01	4.19e-03
 1.01577e+21	8.68e-01	1.29e-01	3.67e-03
 1.09369e+21	8.76e-01	1.20e-01	3.22e-03
 1.17948e+21	8.84e-01	1.13e-01	2.81e-03
 1.27434e+21	8.92e-01	1.05e-01	2.45e-03
 1.37974e+21	8.99e-01	9.84e-02	2.13e-03
 1.49753e+21	9.06e-01	9.17e-02	1.85e-03
 1.63012e+21	9.13e-01	8.53e-02	1.59e-03
 1.78056e+21	9.19e-01	7.92e-02	1.37e-03
 1.95279e+21	9.25e-01	7.34e-02	1.17e-03
 2.14715e+21	9.31e-01	6.80e-02	1.01e-03
 2.36186e+21	9.36e-01	6.31e-02	8.66e-04
 2.59805e+21	9.40e-01	5.88e-02	7.49e-04
 2.85785e+21	9.44e-01	5.49e-02	6.51e-04
 3.14364e+21	9.48e-01	5.14e-02	5.70e-04
 3.45800e+21	9.51e-01	4.83e-02	5.03e-04
 3.80380e+21	9.54e-01	4.56e-02	4.47e-04
 4.18418e+21	9.56e-01	4.32e-02	4.01e-04
 4.60260e+21	9.59e-01	4.11e-02	3.62e-04
 5.06286e+21	9.60e-01	3.93e-02	3.30e-04
 5.56915e+21	9.62e-01	3.77e-02	3.03e-04
 6.12607e+21	9.63e-01	3.63e-02	2.80e-04
 6.73867e+21	9.65e-01	3.51e-02	2.62e-04
 7.41254e+21	9.66e-01	3.40e-02	2.46e-04
 8.15379e+21	9.67e-01	3.32e-02	2.33e-04
 8.96917e+21	9.67e-01	3.24e-02	2.22e-04
 9.86609e+21	9.68e-01	3.18e-02	2.13e-04
 1.08527e+22	9.69e-01	3.12e-02	2.05e-04
 1.19380e+22	9.69e-01	3.08e-02	1.99e-04
 1.31318e+22	9.69e-01	3.04e-02	1.94e-04
 1.44449e+22	9.70e-01	3.00e-02	1.89e-04
 1.58894e+22	9.70e-01	2.98e-02	1.86e-04
 1.73566e+22	9.70e-01	2.96e-02	1.83e-04
 1.87066e+22	9.70e-01	2.94e-02	1.81e-04
 1.99216e+22	9.70e-01	2.93e-02	1.79e-04
 2.10152e+22	9.71e-01	2.93e-02	1.79e-04
 2.19993e+22	9.71e-01	2.92e-02	1.78e-04
 2.28851e+22	9.71e-01	2.92e-02	1.77e-04
 2.36822e+22	9.71e-01	2.91e-02	1.77e-04
 2.43997e+22	9.71e-01	2.91e-02	1.77e-04
 2.50454e+22	9.71e-01	2.91e-02	1.77e-04
 2.56265e+22	9.71e-01	2.91e-02	1.77e-04
 2.61496e+22	9.71e-01	2.91e-02	1.77e-04
 2.66203e+22	9.71e-01	2.91e-02	1.77e-04
 2.70439e+22	9.71e-01	2.91e-02	1.77e-04
 2.74252e+22	9.71e-01	2.91e-02	1.77e-04
 2.77684e+22	9.71e-01	2.92e-02	1.77e-04
 2.80852e+22	9.71e-01	2.92e-02	1.77e-04
 2.83938e+22	9.71e-01	2.92e-02	1.77e-04
 2.87023e+22	9.71e-01	2.92e-02	1.78e-04
 2.90109e+22	9.71e-01	2.92e-02	1.78e-04
 2.93195e+22	9.71e-01	2.92e-02	1.78e-04
 2.96280e+22	9.71e-01	2.92e-02	1.78e-04
 2.99366e+22	9.71e-01	2.93e-02	1.79e-04
 3.02452e+22	9.71e-01	2.93e-02	1.79e-04
 3.05537e+22	9.71e-01	2.93e-02	1.79e-04
 3.07824e+22	9.70e-01	2.93e-02	1.80e-04
