#depth	He	He+	He+2
 9.14379e+16	3.75e-03	5.09e-01	4.87e-01
 5.48627e+17	3.76e-03	5.10e-01	4.87e-01
 2.37738e+18	3.75e-03	5.10e-01	4.86e-01
 9.69241e+18	3.74e-03	5.14e-01	4.82e-01
 2.31521e+19	3.65e-03	5.13e-01	4.83e-01
 4.06496e+19	3.61e-03	5.19e-01	4.77e-01
 6.33964e+19	3.64e-03	5.33e-01	4.63e-01
 9.29673e+19	3.76e-03	5.58e-01	4.38e-01
 1.31409e+20	4.02e-03	5.97e-01	3.99e-01
 1.81384e+20	4.46e-03	6.54e-01	3.41e-01
 2.46351e+20	5.16e-03	7.29e-01	2.66e-01
 3.19788e+20	6.00e-03	8.03e-01	1.91e-01
 3.88736e+20	6.77e-03	8.56e-01	1.37e-01
 4.46742e+20	7.39e-03	8.88e-01	1.05e-01
 4.95821e+20	7.92e-03	9.08e-01	8.44e-02
 5.42302e+20	8.45e-03	9.22e-01	6.97e-02
 5.88468e+20	9.00e-03	9.33e-01	5.84e-02
 6.33271e+20	9.57e-03	9.41e-01	4.97e-02
 6.75362e+20	1.02e-02	9.47e-01	4.31e-02
 7.14544e+20	1.08e-02	9.51e-01	3.81e-02
 7.51253e+20	1.14e-02	9.55e-01	3.41e-02
 7.85834e+20	1.21e-02	9.57e-01	3.08e-02
 8.18393e+20	1.28e-02	9.59e-01	2.81e-02
 8.48989e+20	1.37e-02	9.60e-01	2.59e-02
 8.77850e+20	1.45e-02	9.62e-01	2.40e-02
 9.05081e+20	1.54e-02	9.62e-01	2.24e-02
 9.30789e+20	1.64e-02	9.63e-01	2.10e-02
 9.55133e+20	1.75e-02	9.63e-01	1.98e-02
 9.78342e+20	1.88e-02	9.63e-01	1.87e-02
 1.00061e+21	2.01e-02	9.62e-01	1.77e-02
 1.02182e+21	2.17e-02	9.61e-01	1.69e-02
 1.04199e+21	2.34e-02	9.61e-01	1.61e-02
 1.06127e+21	2.53e-02	9.59e-01	1.54e-02
 1.07980e+21	2.76e-02	9.58e-01	1.47e-02
 1.09688e+21	2.99e-02	9.56e-01	1.42e-02
 1.11217e+21	3.25e-02	9.54e-01	1.38e-02
 1.12609e+21	3.53e-02	9.51e-01	1.33e-02
 1.13865e+21	3.81e-02	9.49e-01	1.30e-02
 1.15035e+21	4.13e-02	9.46e-01	1.27e-02
 1.16138e+21	4.45e-02	9.43e-01	1.25e-02
 1.17178e+21	4.82e-02	9.40e-01	1.22e-02
 1.18165e+21	5.20e-02	9.36e-01	1.21e-02
 1.19088e+21	5.62e-02	9.32e-01	1.19e-02
 1.19970e+21	6.06e-02	9.28e-01	1.18e-02
 1.20816e+21	6.55e-02	9.23e-01	1.17e-02
 1.21634e+21	7.06e-02	9.18e-01	1.16e-02
 1.22430e+21	7.64e-02	9.12e-01	1.15e-02
 1.23203e+21	8.24e-02	9.06e-01	1.15e-02
 1.24076e+21	9.02e-02	8.98e-01	1.14e-02
 1.24988e+21	9.91e-02	8.90e-01	1.14e-02
 1.25755e+21	1.07e-01	8.81e-01	1.14e-02
 1.26514e+21	1.17e-01	8.72e-01	1.14e-02
 1.27331e+21	1.28e-01	8.61e-01	1.15e-02
 1.28105e+21	1.39e-01	8.50e-01	1.15e-02
 1.28836e+21	1.51e-01	8.38e-01	1.15e-02
 1.29546e+21	1.63e-01	8.26e-01	1.16e-02
 1.30224e+21	1.76e-01	8.13e-01	1.16e-02
 1.30885e+21	1.89e-01	8.00e-01	1.17e-02
 1.31413e+21	1.99e-01	7.89e-01	1.17e-02
 1.31765e+21	2.07e-01	7.81e-01	1.18e-02
 1.32093e+21	2.15e-01	7.74e-01	1.18e-02
 1.32469e+21	2.24e-01	7.64e-01	1.18e-02
 1.32877e+21	2.34e-01	7.54e-01	1.19e-02
 1.33280e+21	2.44e-01	7.44e-01	1.19e-02
 1.33675e+21	2.54e-01	7.34e-01	1.19e-02
 1.34074e+21	2.65e-01	7.23e-01	1.19e-02
 1.34474e+21	2.76e-01	7.12e-01	1.20e-02
 1.34876e+21	2.88e-01	7.00e-01	1.20e-02
 1.35285e+21	3.00e-01	6.88e-01	1.20e-02
 1.35693e+21	3.13e-01	6.75e-01	1.20e-02
 1.36098e+21	3.26e-01	6.62e-01	1.21e-02
 1.36507e+21	3.39e-01	6.49e-01	1.21e-02
 1.36924e+21	3.53e-01	6.35e-01	1.21e-02
 1.37346e+21	3.68e-01	6.20e-01	1.21e-02
 1.37769e+21	3.82e-01	6.06e-01	1.21e-02
 1.38197e+21	3.97e-01	5.91e-01	1.20e-02
 1.38632e+21	4.13e-01	5.75e-01	1.20e-02
 1.39069e+21	4.29e-01	5.59e-01	1.19e-02
 1.39508e+21	4.46e-01	5.42e-01	1.19e-02
 1.39955e+21	4.63e-01	5.25e-01	1.18e-02
 1.40414e+21	4.80e-01	5.08e-01	1.17e-02
 1.40883e+21	4.98e-01	4.90e-01	1.16e-02
 1.41360e+21	5.16e-01	4.72e-01	1.15e-02
 1.41838e+21	5.35e-01	4.54e-01	1.14e-02
 1.42322e+21	5.53e-01	4.36e-01	1.12e-02
 1.42815e+21	5.71e-01	4.18e-01	1.10e-02
 1.43314e+21	5.89e-01	4.00e-01	1.09e-02
 1.43820e+21	6.07e-01	3.82e-01	1.06e-02
 1.44342e+21	6.25e-01	3.64e-01	1.04e-02
 1.44883e+21	6.44e-01	3.46e-01	1.02e-02
 1.45444e+21	6.61e-01	3.29e-01	9.89e-03
 1.46029e+21	6.79e-01	3.11e-01	9.59e-03
 1.46645e+21	6.97e-01	2.94e-01	9.28e-03
 1.47305e+21	7.14e-01	2.77e-01	8.94e-03
 1.48017e+21	7.31e-01	2.61e-01	8.58e-03
 1.48795e+21	7.47e-01	2.45e-01	8.21e-03
 1.49660e+21	7.63e-01	2.29e-01	7.82e-03
 1.50641e+21	7.78e-01	2.14e-01	7.41e-03
 1.51779e+21	7.93e-01	2.00e-01	7.00e-03
 1.52999e+21	8.05e-01	1.89e-01	6.62e-03
 1.54207e+21	8.14e-01	1.80e-01	6.31e-03
 1.55405e+21	8.21e-01	1.73e-01	6.05e-03
 1.56595e+21	8.27e-01	1.67e-01	5.82e-03
 1.57959e+21	8.32e-01	1.62e-01	5.59e-03
 1.59733e+21	8.38e-01	1.57e-01	5.33e-03
 1.62039e+21	8.44e-01	1.51e-01	5.04e-03
 1.65036e+21	8.49e-01	1.46e-01	4.72e-03
 1.68933e+21	8.55e-01	1.40e-01	4.37e-03
 1.73999e+21	8.62e-01	1.34e-01	3.97e-03
 1.80585e+21	8.70e-01	1.27e-01	3.54e-03
 1.88901e+21	8.78e-01	1.18e-01	3.09e-03
 1.98459e+21	8.87e-01	1.11e-01	2.68e-03
 2.08629e+21	8.94e-01	1.03e-01	2.33e-03
 2.19605e+21	9.02e-01	9.64e-02	2.03e-03
 2.31915e+21	9.09e-01	8.97e-02	1.75e-03
 2.45910e+21	9.15e-01	8.33e-02	1.51e-03
 2.61810e+21	9.22e-01	7.72e-02	1.29e-03
 2.79958e+21	9.28e-01	7.14e-02	1.10e-03
 3.00975e+21	9.33e-01	6.58e-02	9.35e-04
 3.25679e+21	9.39e-01	6.06e-02	7.91e-04
 3.55317e+21	9.44e-01	5.57e-02	6.66e-04
 3.90149e+21	9.48e-01	5.13e-02	5.64e-04
 4.29164e+21	9.52e-01	4.76e-02	4.83e-04
 4.72080e+21	9.55e-01	4.44e-02	4.21e-04
 5.19288e+21	9.58e-01	4.18e-02	3.72e-04
 5.71217e+21	9.60e-01	3.96e-02	3.33e-04
 6.28338e+21	9.62e-01	3.78e-02	3.03e-04
 6.91172e+21	9.63e-01	3.63e-02	2.78e-04
 7.60290e+21	9.65e-01	3.50e-02	2.59e-04
 8.36319e+21	9.66e-01	3.39e-02	2.43e-04
 9.19950e+21	9.67e-01	3.30e-02	2.29e-04
 1.01195e+22	9.67e-01	3.23e-02	2.19e-04
 1.11314e+22	9.68e-01	3.17e-02	2.10e-04
 1.22445e+22	9.69e-01	3.12e-02	2.03e-04
 1.34690e+22	9.69e-01	3.07e-02	1.97e-04
 1.48159e+22	9.69e-01	3.03e-02	1.92e-04
 1.62882e+22	9.70e-01	3.00e-02	1.88e-04
 1.77450e+22	9.70e-01	2.97e-02	1.84e-04
 1.90562e+22	9.70e-01	2.96e-02	1.83e-04
 2.02363e+22	9.70e-01	2.95e-02	1.81e-04
 2.12983e+22	9.70e-01	2.94e-02	1.80e-04
 2.22542e+22	9.70e-01	2.94e-02	1.79e-04
 2.31144e+22	9.70e-01	2.93e-02	1.79e-04
 2.38887e+22	9.71e-01	2.93e-02	1.79e-04
 2.45855e+22	9.71e-01	2.93e-02	1.78e-04
 2.52126e+22	9.71e-01	2.93e-02	1.78e-04
 2.57770e+22	9.71e-01	2.93e-02	1.78e-04
 2.62850e+22	9.71e-01	2.92e-02	1.78e-04
 2.67422e+22	9.71e-01	2.92e-02	1.78e-04
 2.71536e+22	9.71e-01	2.92e-02	1.78e-04
 2.75239e+22	9.71e-01	2.93e-02	1.78e-04
 2.78572e+22	9.71e-01	2.93e-02	1.78e-04
 2.81694e+22	9.71e-01	2.93e-02	1.78e-04
 2.84780e+22	9.71e-01	2.93e-02	1.78e-04
 2.87865e+22	9.71e-01	2.93e-02	1.78e-04
 2.90951e+22	9.71e-01	2.93e-02	1.79e-04
 2.94037e+22	9.70e-01	2.93e-02	1.79e-04
 2.97122e+22	9.70e-01	2.93e-02	1.79e-04
 3.00208e+22	9.70e-01	2.94e-02	1.80e-04
 3.03294e+22	9.70e-01	2.94e-02	1.80e-04
 3.06379e+22	9.70e-01	2.94e-02	1.80e-04
 3.08245e+22	9.70e-01	2.94e-02	1.81e-04
