#depth	O	O+	O+2	O+3	O+4	O+5	O+6	O+7	O+8	O[1]	O[2]	O[3]
 4.57581e+16	1.20e-07	1.49e-04	2.93e-02	3.78e-01	4.28e-01	1.38e-01	2.70e-02	3.28e-05	0.00e+00	1.20e-07	2.93e-11	3.22e-11
 2.74549e+17	1.19e-07	1.48e-04	2.94e-02	3.78e-01	4.28e-01	1.38e-01	2.69e-02	3.27e-05	0.00e+00	1.19e-07	2.90e-11	3.19e-11
 1.18971e+18	1.15e-07	1.47e-04	2.97e-02	3.79e-01	4.27e-01	1.37e-01	2.68e-02	3.27e-05	0.00e+00	1.15e-07	2.81e-11	3.08e-11
 4.85036e+18	1.02e-07	1.41e-04	3.08e-02	3.82e-01	4.25e-01	1.35e-01	2.66e-02	3.26e-05	0.00e+00	1.02e-07	2.49e-11	2.73e-11
 1.15860e+19	7.28e-08	1.25e-04	3.20e-02	3.87e-01	4.20e-01	1.34e-01	2.70e-02	3.40e-05	0.00e+00	7.27e-08	1.78e-11	1.95e-11
 2.03422e+19	6.10e-08	1.20e-04	3.41e-02	3.93e-01	4.14e-01	1.32e-01	2.67e-02	3.42e-05	0.00e+00	6.09e-08	1.49e-11	1.64e-11
 3.17254e+19	5.57e-08	1.21e-04	3.74e-02	4.01e-01	4.07e-01	1.28e-01	2.60e-02	3.38e-05	0.00e+00	5.56e-08	1.36e-11	1.49e-11
 4.65235e+19	5.51e-08	1.30e-04	4.27e-02	4.13e-01	3.98e-01	1.22e-01	2.48e-02	3.26e-05	0.00e+00	5.50e-08	1.35e-11	1.48e-11
 6.57610e+19	5.98e-08	1.51e-04	5.14e-02	4.28e-01	3.84e-01	1.14e-01	2.31e-02	3.06e-05	0.00e+00	5.98e-08	1.46e-11	1.61e-11
 8.62361e+19	6.68e-08	1.79e-04	6.32e-02	4.43e-01	3.67e-01	1.05e-01	2.13e-02	2.86e-05	0.00e+00	6.67e-08	1.64e-11	1.79e-11
 1.03523e+20	7.80e-08	2.17e-04	7.69e-02	4.56e-01	3.50e-01	9.66e-02	1.94e-02	2.65e-05	0.00e+00	7.80e-08	1.92e-11	2.10e-11
 1.17667e+20	9.34e-08	2.64e-04	9.19e-02	4.67e-01	3.34e-01	8.87e-02	1.77e-02	2.44e-05	0.00e+00	9.33e-08	2.30e-11	2.51e-11
 1.30099e+20	1.14e-07	3.21e-04	1.09e-01	4.77e-01	3.17e-01	8.10e-02	1.61e-02	2.22e-05	0.00e+00	1.14e-07	2.80e-11	3.05e-11
 1.41771e+20	1.40e-07	3.93e-04	1.29e-01	4.85e-01	2.99e-01	7.32e-02	1.44e-02	2.00e-05	0.00e+00	1.39e-07	3.44e-11	3.75e-11
 1.52804e+20	1.73e-07	4.83e-04	1.52e-01	4.91e-01	2.78e-01	6.54e-02	1.27e-02	1.78e-05	0.00e+00	1.73e-07	4.26e-11	4.65e-11
 1.63028e+20	2.14e-07	5.91e-04	1.79e-01	4.94e-01	2.57e-01	5.78e-02	1.11e-02	1.57e-05	0.00e+00	2.14e-07	5.28e-11	5.76e-11
 1.72433e+20	2.64e-07	7.17e-04	2.08e-01	4.95e-01	2.36e-01	5.06e-02	9.61e-03	1.37e-05	0.00e+00	2.64e-07	6.52e-11	7.10e-11
 1.81169e+20	3.22e-07	8.60e-04	2.40e-01	4.93e-01	2.14e-01	4.40e-02	8.21e-03	1.17e-05	0.00e+00	3.21e-07	7.95e-11	8.65e-11
 1.89437e+20	3.69e-07	9.85e-04	2.74e-01	4.88e-01	1.93e-01	3.77e-02	6.95e-03	9.97e-06	0.00e+00	3.69e-07	9.13e-11	9.94e-11
 1.97507e+20	4.72e-07	1.21e-03	3.11e-01	4.79e-01	1.71e-01	3.18e-02	5.71e-03	8.20e-06	0.00e+00	4.72e-07	1.17e-10	1.27e-10
 2.04227e+20	5.42e-07	1.37e-03	3.43e-01	4.69e-01	1.54e-01	2.74e-02	4.83e-03	6.96e-06	0.00e+00	5.42e-07	1.34e-10	1.46e-10
 2.10430e+20	6.35e-07	1.57e-03	3.77e-01	4.57e-01	1.37e-01	2.33e-02	4.01e-03	5.77e-06	0.00e+00	6.35e-07	1.57e-10	1.71e-10
 2.17199e+20	7.13e-07	1.74e-03	4.13e-01	4.43e-01	1.20e-01	1.95e-02	3.27e-03	4.70e-06	0.00e+00	7.13e-07	1.76e-10	1.92e-10
 2.24703e+20	8.87e-07	2.07e-03	4.57e-01	4.22e-01	1.01e-01	1.56e-02	2.50e-03	3.58e-06	0.00e+00	8.87e-07	2.19e-10	2.39e-10
 2.31864e+20	1.03e-06	2.33e-03	4.96e-01	4.01e-01	8.61e-02	1.26e-02	1.95e-03	2.77e-06	0.00e+00	1.02e-06	2.53e-10	2.76e-10
 2.37303e+20	1.15e-06	2.55e-03	5.27e-01	3.83e-01	7.53e-02	1.06e-02	1.59e-03	2.24e-06	0.00e+00	1.15e-06	2.84e-10	3.10e-10
 2.43097e+20	1.32e-06	2.81e-03	5.60e-01	3.62e-01	6.47e-02	8.69e-03	1.25e-03	1.75e-06	0.00e+00	1.32e-06	3.25e-10	3.55e-10
 2.49328e+20	1.50e-06	3.10e-03	5.93e-01	3.40e-01	5.50e-02	7.05e-03	9.74e-04	1.34e-06	0.00e+00	1.50e-06	3.70e-10	4.04e-10
 2.54812e+20	1.68e-06	3.35e-03	6.21e-01	3.21e-01	4.76e-02	5.87e-03	7.79e-04	1.06e-06	0.00e+00	1.68e-06	4.13e-10	4.52e-10
 2.60626e+20	1.92e-06	3.66e-03	6.51e-01	2.99e-01	4.05e-02	4.78e-03	6.04e-04	8.07e-07	0.00e+00	1.92e-06	4.72e-10	5.17e-10
 2.66762e+20	2.18e-06	3.97e-03	6.79e-01	2.78e-01	3.43e-02	3.89e-03	4.68e-04	6.14e-07	0.00e+00	2.18e-06	5.34e-10	5.86e-10
 2.72203e+20	2.45e-06	4.27e-03	7.03e-01	2.59e-01	2.97e-02	3.25e-03	3.73e-04	4.80e-07	0.00e+00	2.44e-06	5.99e-10	6.58e-10
 2.76696e+20	2.67e-06	4.50e-03	7.21e-01	2.45e-01	2.65e-02	2.82e-03	3.12e-04	3.96e-07	0.00e+00	2.67e-06	6.54e-10	7.18e-10
 2.81073e+20	2.96e-06	4.78e-03	7.39e-01	2.30e-01	2.35e-02	2.43e-03	2.58e-04	3.21e-07	0.00e+00	2.96e-06	7.24e-10	7.97e-10
 2.85819e+20	3.28e-06	5.06e-03	7.56e-01	2.16e-01	2.08e-02	2.10e-03	2.14e-04	2.60e-07	0.00e+00	3.28e-06	8.00e-10	8.81e-10
 2.90283e+20	3.61e-06	5.35e-03	7.71e-01	2.03e-01	1.86e-02	1.83e-03	1.79e-04	2.13e-07	0.00e+00	3.61e-06	8.81e-10	9.71e-10
 2.95325e+20	4.06e-06	5.70e-03	7.88e-01	1.88e-01	1.64e-02	1.56e-03	1.46e-04	1.70e-07	0.00e+00	4.06e-06	9.89e-10	1.09e-09
 3.00853e+20	4.58e-06	6.08e-03	8.04e-01	1.74e-01	1.44e-02	1.34e-03	1.19e-04	1.34e-07	0.00e+00	4.58e-06	1.11e-09	1.23e-09
 3.06094e+20	5.15e-06	6.45e-03	8.18e-01	1.61e-01	1.28e-02	1.15e-03	9.79e-05	0.00e+00	0.00e+00	5.14e-06	1.25e-09	1.38e-09
 3.11987e+20	5.90e-06	6.92e-03	8.33e-01	1.48e-01	1.13e-02	9.81e-04	7.89e-05	0.00e+00	0.00e+00	5.90e-06	1.43e-09	1.59e-09
 3.18623e+20	6.84e-06	7.45e-03	8.47e-01	1.34e-01	9.88e-03	8.28e-04	6.31e-05	0.00e+00	0.00e+00	6.83e-06	1.66e-09	1.84e-09
 3.25212e+20	7.96e-06	8.01e-03	8.60e-01	1.22e-01	8.74e-03	7.03e-04	5.08e-05	0.00e+00	0.00e+00	7.96e-06	1.93e-09	2.14e-09
 3.32766e+20	9.53e-06	8.73e-03	8.74e-01	1.09e-01	7.66e-03	5.84e-04	3.99e-05	0.00e+00	0.00e+00	9.53e-06	2.30e-09	2.56e-09
 3.42587e+20	1.21e-05	9.76e-03	8.89e-01	9.43e-02	6.57e-03	4.64e-04	2.97e-05	0.00e+00	0.00e+00	1.21e-05	2.92e-09	3.25e-09
 3.52892e+20	1.56e-05	1.10e-02	9.01e-01	8.14e-02	5.75e-03	3.71e-04	2.25e-05	0.00e+00	0.00e+00	1.55e-05	3.74e-09	4.18e-09
 3.62254e+20	1.98e-05	1.22e-02	9.11e-01	7.11e-02	5.16e-03	3.03e-04	1.76e-05	0.00e+00	0.00e+00	1.98e-05	4.76e-09	5.32e-09
 3.72851e+20	2.65e-05	1.39e-02	9.21e-01	6.05e-02	4.62e-03	2.40e-04	1.35e-05	0.00e+00	0.00e+00	2.65e-05	6.35e-09	7.11e-09
 3.84808e+20	3.73e-05	1.63e-02	9.29e-01	5.05e-02	4.17e-03	1.85e-04	1.01e-05	0.00e+00	0.00e+00	3.73e-05	8.92e-09	1.00e-08
 3.96194e+20	5.34e-05	1.91e-02	9.35e-01	4.22e-02	3.83e-03	1.42e-04	7.77e-06	0.00e+00	0.00e+00	5.34e-05	1.27e-08	1.43e-08
 4.06697e+20	7.67e-05	2.26e-02	9.38e-01	3.54e-02	3.57e-03	1.10e-04	6.07e-06	0.00e+00	0.00e+00	7.66e-05	1.83e-08	2.05e-08
 4.16470e+20	1.11e-04	2.68e-02	9.40e-01	2.97e-02	3.36e-03	8.55e-05	4.81e-06	0.00e+00	0.00e+00	1.11e-04	2.63e-08	2.96e-08
 4.25223e+20	1.59e-04	3.19e-02	9.40e-01	2.51e-02	3.19e-03	6.68e-05	3.87e-06	0.00e+00	0.00e+00	1.59e-04	3.77e-08	4.25e-08
 4.31197e+20	2.07e-04	3.62e-02	9.38e-01	2.23e-02	3.08e-03	5.59e-05	3.32e-06	0.00e+00	0.00e+00	2.07e-04	4.92e-08	5.55e-08
 4.34372e+20	2.41e-04	3.90e-02	9.37e-01	2.08e-02	3.02e-03	5.06e-05	3.05e-06	0.00e+00	0.00e+00	2.41e-04	5.72e-08	6.44e-08
 4.37283e+20	2.79e-04	4.18e-02	9.35e-01	1.94e-02	2.97e-03	4.58e-05	2.81e-06	0.00e+00	0.00e+00	2.79e-04	6.61e-08	7.45e-08
 4.41068e+20	3.39e-04	4.61e-02	9.33e-01	1.77e-02	2.90e-03	4.01e-05	2.52e-06	0.00e+00	0.00e+00	3.39e-04	8.04e-08	9.05e-08
 4.45173e+20	4.22e-04	5.14e-02	9.29e-01	1.60e-02	2.83e-03	3.46e-05	2.23e-06	0.00e+00	0.00e+00	4.22e-04	1.00e-07	1.13e-07
 4.48727e+20	5.16e-04	5.68e-02	9.25e-01	1.46e-02	2.76e-03	3.02e-05	2.00e-06	0.00e+00	0.00e+00	5.16e-04	1.23e-07	1.38e-07
 4.51719e+20	6.16e-04	6.21e-02	9.21e-01	1.35e-02	2.70e-03	2.68e-05	1.81e-06	0.00e+00	0.00e+00	6.16e-04	1.46e-07	1.64e-07
 4.54949e+20	7.56e-04	6.89e-02	9.15e-01	1.22e-02	2.64e-03	2.34e-05	1.62e-06	0.00e+00	0.00e+00	7.56e-04	1.80e-07	2.01e-07
 4.58352e+20	9.46e-04	7.72e-02	9.08e-01	1.10e-02	2.57e-03	2.01e-05	1.43e-06	0.00e+00	0.00e+00	9.45e-04	2.25e-07	2.52e-07
 4.61163e+20	1.15e-03	8.52e-02	9.01e-01	1.01e-02	2.51e-03	1.76e-05	1.29e-06	0.00e+00	0.00e+00	1.15e-03	2.74e-07	3.05e-07
 4.63544e+20	1.36e-03	9.30e-02	8.94e-01	9.28e-03	2.45e-03	1.57e-05	1.17e-06	0.00e+00	0.00e+00	1.36e-03	3.26e-07	3.61e-07
 4.66182e+20	1.67e-03	1.03e-01	8.84e-01	8.42e-03	2.38e-03	1.36e-05	1.04e-06	0.00e+00	0.00e+00	1.67e-03	4.01e-07	4.42e-07
 4.68978e+20	2.08e-03	1.16e-01	8.72e-01	7.57e-03	2.31e-03	1.17e-05	9.19e-07	0.00e+00	0.00e+00	2.08e-03	5.03e-07	5.50e-07
 4.71331e+20	2.53e-03	1.28e-01	8.60e-01	6.88e-03	2.24e-03	1.02e-05	8.20e-07	0.00e+00	0.00e+00	2.52e-03	6.15e-07	6.68e-07
 4.73344e+20	3.01e-03	1.40e-01	8.48e-01	6.30e-03	2.18e-03	9.04e-06	7.40e-07	0.00e+00	0.00e+00	3.01e-03	7.37e-07	7.94e-07
 4.75566e+20	3.69e-03	1.56e-01	8.33e-01	5.68e-03	2.10e-03	7.80e-06	6.53e-07	0.00e+00	0.00e+00	3.69e-03	9.13e-07	9.73e-07
 4.77926e+20	4.61e-03	1.75e-01	8.14e-01	5.06e-03	2.01e-03	6.62e-06	5.68e-07	0.00e+00	0.00e+00	4.61e-03	1.15e-06	1.21e-06
 4.79916e+20	5.61e-03	1.93e-01	7.95e-01	4.56e-03	1.93e-03	5.72e-06	5.01e-07	0.00e+00	0.00e+00	5.61e-03	1.42e-06	1.47e-06
 4.81621e+20	6.68e-03	2.11e-01	7.76e-01	4.15e-03	1.86e-03	5.01e-06	4.46e-07	0.00e+00	0.00e+00	6.68e-03	1.71e-06	1.75e-06
 4.83505e+20	8.19e-03	2.34e-01	7.52e-01	3.70e-03	1.77e-03	4.27e-06	3.87e-07	0.00e+00	0.00e+00	8.19e-03	2.13e-06	2.14e-06
 4.85510e+20	1.02e-02	2.62e-01	7.23e-01	3.25e-03	1.66e-03	3.56e-06	3.30e-07	0.00e+00	0.00e+00	1.02e-02	2.71e-06	2.66e-06
 4.87210e+20	1.24e-02	2.89e-01	6.94e-01	2.89e-03	1.56e-03	3.01e-06	2.84e-07	0.00e+00	0.00e+00	1.24e-02	3.36e-06	3.23e-06
 4.88666e+20	1.48e-02	3.14e-01	6.67e-01	2.59e-03	1.48e-03	2.59e-06	2.47e-07	0.00e+00	0.00e+00	1.48e-02	4.05e-06	3.83e-06
 4.90271e+20	1.81e-02	3.46e-01	6.32e-01	2.27e-03	1.37e-03	2.15e-06	2.08e-07	0.00e+00	0.00e+00	1.81e-02	5.05e-06	4.66e-06
 4.91993e+20	2.25e-02	3.83e-01	5.91e-01	1.95e-03	1.24e-03	1.73e-06	1.70e-07	0.00e+00	0.00e+00	2.25e-02	6.41e-06	5.78e-06
 4.93473e+20	2.73e-02	4.18e-01	5.52e-01	1.70e-03	1.13e-03	1.41e-06	1.41e-07	0.00e+00	0.00e+00	2.73e-02	7.89e-06	6.96e-06
 4.94766e+20	3.25e-02	4.51e-01	5.14e-01	1.49e-03	1.03e-03	1.16e-06	0.00e+00	0.00e+00	0.00e+00	3.25e-02	9.50e-06	8.24e-06
 4.96213e+20	3.98e-02	4.91e-01	4.67e-01	1.26e-03	9.07e-04	9.14e-07	0.00e+00	0.00e+00	0.00e+00	3.97e-02	1.18e-05	1.00e-05
 4.97697e+20	4.88e-02	5.32e-01	4.18e-01	1.06e-03	7.84e-04	7.00e-07	0.00e+00	0.00e+00	0.00e+00	4.88e-02	1.47e-05	1.22e-05
 4.98878e+20	5.76e-02	5.65e-01	3.76e-01	9.05e-04	6.86e-04	5.54e-07	0.00e+00	0.00e+00	0.00e+00	5.76e-02	1.74e-05	1.43e-05
 4.99887e+20	6.67e-02	5.93e-01	3.39e-01	7.85e-04	6.00e-04	4.43e-07	0.00e+00	0.00e+00	0.00e+00	6.66e-02	2.03e-05	1.64e-05
 5.01024e+20	7.89e-02	6.24e-01	2.96e-01	6.59e-04	5.05e-04	3.36e-07	0.00e+00	0.00e+00	0.00e+00	7.89e-02	2.41e-05	1.92e-05
 5.02262e+20	9.44e-02	6.54e-01	2.51e-01	5.41e-04	4.11e-04	2.43e-07	0.00e+00	0.00e+00	0.00e+00	9.43e-02	2.88e-05	2.27e-05
 5.03363e+20	1.11e-01	6.77e-01	2.11e-01	4.48e-04	3.32e-04	1.76e-07	0.00e+00	0.00e+00	0.00e+00	1.11e-01	3.37e-05	2.64e-05
 5.04344e+20	1.29e-01	6.94e-01	1.77e-01	3.74e-04	2.66e-04	1.28e-07	0.00e+00	0.00e+00	0.00e+00	1.29e-01	3.88e-05	3.02e-05
 5.05435e+20	1.51e-01	7.07e-01	1.42e-01	3.05e-04	2.04e-04	0.00e+00	0.00e+00	0.00e+00	0.00e+00	1.51e-01	4.51e-05	3.47e-05
 5.06659e+20	1.80e-01	7.12e-01	1.07e-01	2.40e-04	1.45e-04	0.00e+00	0.00e+00	0.00e+00	0.00e+00	1.80e-01	5.29e-05	4.05e-05
 5.07800e+20	2.13e-01	7.08e-01	7.95e-02	1.89e-04	1.01e-04	0.00e+00	0.00e+00	0.00e+00	0.00e+00	2.13e-01	6.11e-05	4.65e-05
 5.08820e+20	2.47e-01	6.95e-01	5.86e-02	1.52e-04	6.96e-05	0.00e+00	0.00e+00	0.00e+00	0.00e+00	2.46e-01	6.90e-05	5.23e-05
 5.09775e+20	2.83e-01	6.74e-01	4.26e-02	1.23e-04	4.74e-05	0.00e+00	0.00e+00	0.00e+00	0.00e+00	2.83e-01	7.67e-05	5.80e-05
 5.10706e+20	3.23e-01	6.47e-01	3.02e-02	9.96e-05	3.15e-05	0.00e+00	0.00e+00	0.00e+00	0.00e+00	3.22e-01	8.43e-05	6.35e-05
 5.11460e+20	3.57e-01	6.20e-01	2.25e-02	8.38e-05	2.22e-05	0.00e+00	0.00e+00	0.00e+00	0.00e+00	3.57e-01	9.02e-05	6.78e-05
 5.11979e+20	3.83e-01	5.99e-01	1.81e-02	7.43e-05	1.71e-05	0.00e+00	0.00e+00	0.00e+00	0.00e+00	3.83e-01	9.40e-05	7.05e-05
 5.12485e+20	4.10e-01	5.75e-01	1.44e-02	6.55e-05	1.31e-05	0.00e+00	0.00e+00	0.00e+00	0.00e+00	4.10e-01	9.76e-05	7.31e-05
 5.13088e+20	4.43e-01	5.46e-01	1.08e-02	5.66e-05	9.39e-06	0.00e+00	0.00e+00	0.00e+00	0.00e+00	4.43e-01	1.01e-04	7.58e-05
 5.13685e+20	4.77e-01	5.15e-01	8.12e-03	4.89e-05	6.74e-06	0.00e+00	0.00e+00	0.00e+00	0.00e+00	4.77e-01	1.04e-04	7.80e-05
 5.14181e+20	5.05e-01	4.89e-01	6.35e-03	4.32e-05	5.08e-06	0.00e+00	0.00e+00	0.00e+00	0.00e+00	5.05e-01	1.06e-04	7.93e-05
 5.14602e+20	5.29e-01	4.65e-01	5.12e-03	3.89e-05	3.97e-06	0.00e+00	0.00e+00	0.00e+00	0.00e+00	5.29e-01	1.08e-04	8.02e-05
 5.14992e+20	5.52e-01	4.44e-01	4.18e-03	3.53e-05	3.15e-06	0.00e+00	0.00e+00	0.00e+00	0.00e+00	5.52e-01	1.08e-04	8.07e-05
 5.15374e+20	5.75e-01	4.22e-01	3.43e-03	3.20e-05	2.52e-06	0.00e+00	0.00e+00	0.00e+00	0.00e+00	5.74e-01	1.09e-04	8.09e-05
 5.15747e+20	5.96e-01	4.01e-01	2.82e-03	2.92e-05	2.02e-06	0.00e+00	0.00e+00	0.00e+00	0.00e+00	5.95e-01	1.09e-04	8.09e-05
 5.16044e+20	6.12e-01	3.86e-01	2.44e-03	2.72e-05	1.72e-06	0.00e+00	0.00e+00	0.00e+00	0.00e+00	6.11e-01	1.09e-04	8.07e-05
 5.16245e+20	6.22e-01	3.75e-01	2.21e-03	2.59e-05	1.54e-06	0.00e+00	0.00e+00	0.00e+00	0.00e+00	6.22e-01	1.08e-04	8.05e-05
 5.16433e+20	6.33e-01	3.65e-01	2.00e-03	2.47e-05	1.38e-06	0.00e+00	0.00e+00	0.00e+00	0.00e+00	6.33e-01	1.08e-04	8.02e-05
 5.16648e+20	6.44e-01	3.54e-01	1.80e-03	2.34e-05	1.22e-06	0.00e+00	0.00e+00	0.00e+00	0.00e+00	6.44e-01	1.08e-04	7.99e-05
 5.16883e+20	6.57e-01	3.42e-01	1.60e-03	2.21e-05	1.07e-06	0.00e+00	0.00e+00	0.00e+00	0.00e+00	6.57e-01	1.07e-04	7.94e-05
 5.17118e+20	6.69e-01	3.30e-01	1.43e-03	2.09e-05	9.48e-07	0.00e+00	0.00e+00	0.00e+00	0.00e+00	6.69e-01	1.06e-04	7.88e-05
 5.17343e+20	6.80e-01	3.19e-01	1.29e-03	1.99e-05	8.46e-07	0.00e+00	0.00e+00	0.00e+00	0.00e+00	6.79e-01	1.06e-04	7.83e-05
 5.17572e+20	6.91e-01	3.08e-01	1.17e-03	1.88e-05	7.54e-07	0.00e+00	0.00e+00	0.00e+00	0.00e+00	6.90e-01	1.05e-04	7.76e-05
 5.17807e+20	7.01e-01	2.98e-01	1.06e-03	1.79e-05	6.75e-07	0.00e+00	0.00e+00	0.00e+00	0.00e+00	7.01e-01	1.04e-04	7.69e-05
 5.18048e+20	7.12e-01	2.87e-01	9.60e-04	1.69e-05	6.05e-07	0.00e+00	0.00e+00	0.00e+00	0.00e+00	7.12e-01	1.03e-04	7.62e-05
 5.18294e+20	7.22e-01	2.77e-01	8.75e-04	1.61e-05	5.45e-07	0.00e+00	0.00e+00	0.00e+00	0.00e+00	7.22e-01	1.02e-04	7.54e-05
 5.18547e+20	7.32e-01	2.67e-01	7.99e-04	1.52e-05	4.93e-07	0.00e+00	0.00e+00	0.00e+00	0.00e+00	7.32e-01	1.01e-04	7.45e-05
 5.18811e+20	7.41e-01	2.58e-01	7.34e-04	1.45e-05	4.47e-07	0.00e+00	0.00e+00	0.00e+00	0.00e+00	7.41e-01	9.97e-05	7.37e-05
 5.19088e+20	7.51e-01	2.49e-01	6.75e-04	1.37e-05	4.07e-07	0.00e+00	0.00e+00	0.00e+00	0.00e+00	7.50e-01	9.86e-05	7.28e-05
 5.19377e+20	7.59e-01	2.40e-01	6.25e-04	1.31e-05	3.72e-07	0.00e+00	0.00e+00	0.00e+00	0.00e+00	7.59e-01	9.74e-05	7.19e-05
 5.19684e+20	7.68e-01	2.32e-01	5.82e-04	1.24e-05	3.42e-07	0.00e+00	0.00e+00	0.00e+00	0.00e+00	7.68e-01	9.62e-05	7.10e-05
 5.20018e+20	7.76e-01	2.24e-01	5.43e-04	1.19e-05	3.16e-07	0.00e+00	0.00e+00	0.00e+00	0.00e+00	7.76e-01	9.50e-05	7.01e-05
 5.20380e+20	7.84e-01	2.16e-01	5.11e-04	1.13e-05	2.93e-07	0.00e+00	0.00e+00	0.00e+00	0.00e+00	7.83e-01	9.38e-05	6.91e-05
 5.20773e+20	7.91e-01	2.09e-01	4.83e-04	1.08e-05	2.75e-07	0.00e+00	0.00e+00	0.00e+00	0.00e+00	7.90e-01	9.27e-05	6.83e-05
 5.21209e+20	7.97e-01	2.03e-01	4.61e-04	1.04e-05	2.59e-07	0.00e+00	0.00e+00	0.00e+00	0.00e+00	7.97e-01	9.17e-05	6.75e-05
 5.21686e+20	8.02e-01	1.98e-01	4.43e-04	1.00e-05	2.46e-07	0.00e+00	0.00e+00	0.00e+00	0.00e+00	8.02e-01	9.08e-05	6.68e-05
 5.22173e+20	8.06e-01	1.93e-01	4.30e-04	9.77e-06	2.37e-07	0.00e+00	0.00e+00	0.00e+00	0.00e+00	8.06e-01	9.01e-05	6.63e-05
 5.22648e+20	8.09e-01	1.90e-01	4.20e-04	9.57e-06	2.31e-07	0.00e+00	0.00e+00	0.00e+00	0.00e+00	8.09e-01	8.95e-05	6.58e-05
 5.23115e+20	8.11e-01	1.88e-01	4.14e-04	9.43e-06	2.26e-07	0.00e+00	0.00e+00	0.00e+00	0.00e+00	8.11e-01	8.92e-05	6.55e-05
 5.23576e+20	8.13e-01	1.87e-01	4.09e-04	9.33e-06	2.23e-07	0.00e+00	0.00e+00	0.00e+00	0.00e+00	8.13e-01	8.89e-05	6.53e-05
 5.24032e+20	8.14e-01	1.85e-01	4.06e-04	9.24e-06	2.20e-07	0.00e+00	0.00e+00	0.00e+00	0.00e+00	8.14e-01	8.86e-05	6.51e-05
 5.24484e+20	8.16e-01	1.84e-01	4.02e-04	9.14e-06	2.17e-07	0.00e+00	0.00e+00	0.00e+00	0.00e+00	8.15e-01	8.84e-05	6.49e-05
 5.25003e+20	8.16e-01	1.84e-01	4.00e-04	9.12e-06	2.16e-07	0.00e+00	0.00e+00	0.00e+00	0.00e+00	8.16e-01	8.83e-05	6.49e-05
 5.25677e+20	8.17e-01	1.82e-01	3.97e-04	9.02e-06	2.14e-07	0.00e+00	0.00e+00	0.00e+00	0.00e+00	8.17e-01	8.81e-05	6.47e-05
 5.26553e+20	8.18e-01	1.82e-01	3.96e-04	9.00e-06	2.13e-07	0.00e+00	0.00e+00	0.00e+00	0.00e+00	8.18e-01	8.80e-05	6.46e-05
 5.27693e+20	8.19e-01	1.81e-01	3.93e-04	8.94e-06	2.11e-07	0.00e+00	0.00e+00	0.00e+00	0.00e+00	8.18e-01	8.79e-05	6.45e-05
 5.29174e+20	8.19e-01	1.80e-01	3.91e-04	8.87e-06	2.09e-07	0.00e+00	0.00e+00	0.00e+00	0.00e+00	8.19e-01	8.77e-05	6.44e-05
 5.31100e+20	8.21e-01	1.79e-01	3.87e-04	8.79e-06	2.06e-07	0.00e+00	0.00e+00	0.00e+00	0.00e+00	8.20e-01	8.75e-05	6.42e-05
 5.33603e+20	8.22e-01	1.78e-01	3.84e-04	8.69e-06	2.04e-07	0.00e+00	0.00e+00	0.00e+00	0.00e+00	8.22e-01	8.73e-05	6.40e-05
 5.36858e+20	8.24e-01	1.76e-01	3.79e-04	8.57e-06	2.00e-07	0.00e+00	0.00e+00	0.00e+00	0.00e+00	8.23e-01	8.70e-05	6.38e-05
 5.41088e+20	8.26e-01	1.74e-01	3.73e-04	8.41e-06	1.96e-07	0.00e+00	0.00e+00	0.00e+00	0.00e+00	8.26e-01	8.66e-05	6.34e-05
 5.46588e+20	8.29e-01	1.71e-01	3.66e-04	8.21e-06	1.90e-07	0.00e+00	0.00e+00	0.00e+00	0.00e+00	8.28e-01	8.61e-05	6.30e-05
 5.53738e+20	8.32e-01	1.68e-01	3.57e-04	7.97e-06	1.84e-07	0.00e+00	0.00e+00	0.00e+00	0.00e+00	8.32e-01	8.55e-05	6.25e-05
 5.63033e+20	8.36e-01	1.64e-01	3.47e-04	7.68e-06	1.76e-07	0.00e+00	0.00e+00	0.00e+00	0.00e+00	8.36e-01	8.48e-05	6.19e-05
 5.75116e+20	8.41e-01	1.58e-01	3.35e-04	7.33e-06	1.67e-07	0.00e+00	0.00e+00	0.00e+00	0.00e+00	8.41e-01	8.39e-05	6.11e-05
 5.90441e+20	8.47e-01	1.53e-01	3.23e-04	6.93e-06	1.58e-07	0.00e+00	0.00e+00	0.00e+00	0.00e+00	8.47e-01	8.28e-05	6.02e-05
 6.07460e+20	8.53e-01	1.47e-01	3.10e-04	6.53e-06	1.49e-07	0.00e+00	0.00e+00	0.00e+00	0.00e+00	8.53e-01	8.18e-05	5.92e-05
 6.24740e+20	8.58e-01	1.42e-01	3.00e-04	6.18e-06	1.41e-07	0.00e+00	0.00e+00	0.00e+00	0.00e+00	8.58e-01	8.08e-05	5.83e-05
 6.42411e+20	8.63e-01	1.37e-01	2.90e-04	5.85e-06	1.34e-07	0.00e+00	0.00e+00	0.00e+00	0.00e+00	8.63e-01	7.98e-05	5.74e-05
 6.60837e+20	8.68e-01	1.32e-01	2.81e-04	5.54e-06	1.27e-07	0.00e+00	0.00e+00	0.00e+00	0.00e+00	8.68e-01	7.88e-05	5.65e-05
 6.80358e+20	8.73e-01	1.27e-01	2.72e-04	5.24e-06	0.00e+00	0.00e+00	0.00e+00	0.00e+00	0.00e+00	8.72e-01	7.79e-05	5.56e-05
 7.00986e+20	8.77e-01	1.23e-01	2.63e-04	4.95e-06	0.00e+00	0.00e+00	0.00e+00	0.00e+00	0.00e+00	8.77e-01	7.70e-05	5.47e-05
 7.22729e+20	8.82e-01	1.18e-01	2.55e-04	4.68e-06	0.00e+00	0.00e+00	0.00e+00	0.00e+00	0.00e+00	8.81e-01	7.61e-05	5.39e-05
 7.45497e+20	8.86e-01	1.14e-01	2.48e-04	4.42e-06	0.00e+00	0.00e+00	0.00e+00	0.00e+00	0.00e+00	8.86e-01	7.52e-05	5.31e-05
 7.69391e+20	8.90e-01	1.10e-01	2.40e-04	4.17e-06	0.00e+00	0.00e+00	0.00e+00	0.00e+00	0.00e+00	8.90e-01	7.44e-05	5.22e-05
 7.94420e+20	8.94e-01	1.06e-01	2.33e-04	3.93e-06	0.00e+00	0.00e+00	0.00e+00	0.00e+00	0.00e+00	8.94e-01	7.36e-05	5.14e-05
 8.20655e+20	8.97e-01	1.02e-01	2.26e-04	3.70e-06	0.00e+00	0.00e+00	0.00e+00	0.00e+00	0.00e+00	8.97e-01	7.28e-05	5.07e-05
 8.48211e+20	9.01e-01	9.86e-02	2.20e-04	3.49e-06	0.00e+00	0.00e+00	0.00e+00	0.00e+00	0.00e+00	9.01e-01	7.21e-05	4.99e-05
 8.77073e+20	9.05e-01	9.51e-02	2.13e-04	3.28e-06	0.00e+00	0.00e+00	0.00e+00	0.00e+00	0.00e+00	9.05e-01	7.14e-05	4.92e-05
 9.07292e+20	9.08e-01	9.17e-02	2.07e-04	3.09e-06	0.00e+00	0.00e+00	0.00e+00	0.00e+00	0.00e+00	9.08e-01	7.07e-05	4.85e-05
 9.38968e+20	9.11e-01	8.84e-02	2.00e-04	2.90e-06	0.00e+00	0.00e+00	0.00e+00	0.00e+00	0.00e+00	9.11e-01	7.01e-05	4.78e-05
 9.72143e+20	9.15e-01	8.53e-02	1.94e-04	2.72e-06	0.00e+00	0.00e+00	0.00e+00	0.00e+00	0.00e+00	9.14e-01	6.95e-05	4.71e-05
 1.00682e+21	9.18e-01	8.22e-02	1.88e-04	2.55e-06	0.00e+00	0.00e+00	0.00e+00	0.00e+00	0.00e+00	9.17e-01	6.89e-05	4.64e-05
 1.04307e+21	9.21e-01	7.93e-02	1.82e-04	2.39e-06	0.00e+00	0.00e+00	0.00e+00	0.00e+00	0.00e+00	9.20e-01	6.84e-05	4.58e-05
 1.08102e+21	9.23e-01	7.64e-02	1.76e-04	2.24e-06	0.00e+00	0.00e+00	0.00e+00	0.00e+00	0.00e+00	9.23e-01	6.79e-05	4.52e-05
 1.12071e+21	9.26e-01	7.37e-02	1.70e-04	2.09e-06	0.00e+00	0.00e+00	0.00e+00	0.00e+00	0.00e+00	9.26e-01	6.75e-05	4.46e-05
 1.16216e+21	9.29e-01	7.10e-02	1.64e-04	1.96e-06	0.00e+00	0.00e+00	0.00e+00	0.00e+00	0.00e+00	9.29e-01	6.70e-05	4.40e-05
 1.20542e+21	9.31e-01	6.85e-02	1.59e-04	1.83e-06	0.00e+00	0.00e+00	0.00e+00	0.00e+00	0.00e+00	9.31e-01	6.66e-05	4.34e-05
 1.25057e+21	9.34e-01	6.60e-02	1.53e-04	1.70e-06	0.00e+00	0.00e+00	0.00e+00	0.00e+00	0.00e+00	9.34e-01	6.62e-05	4.29e-05
 1.29770e+21	9.36e-01	6.37e-02	1.47e-04	1.58e-06	0.00e+00	0.00e+00	0.00e+00	0.00e+00	0.00e+00	9.36e-01	6.59e-05	4.23e-05
 1.34687e+21	9.39e-01	6.13e-02	1.42e-04	1.47e-06	0.00e+00	0.00e+00	0.00e+00	0.00e+00	0.00e+00	9.38e-01	6.56e-05	4.18e-05
 1.39810e+21	9.41e-01	5.91e-02	1.36e-04	1.37e-06	0.00e+00	0.00e+00	0.00e+00	0.00e+00	0.00e+00	9.41e-01	6.53e-05	4.13e-05
 1.45144e+21	9.43e-01	5.70e-02	1.31e-04	1.27e-06	0.00e+00	0.00e+00	0.00e+00	0.00e+00	0.00e+00	9.43e-01	6.51e-05	4.08e-05
 1.50698e+21	9.45e-01	5.49e-02	1.25e-04	1.18e-06	0.00e+00	0.00e+00	0.00e+00	0.00e+00	0.00e+00	9.45e-01	6.48e-05	4.03e-05
 1.56476e+21	9.47e-01	5.29e-02	1.20e-04	1.09e-06	0.00e+00	0.00e+00	0.00e+00	0.00e+00	0.00e+00	9.47e-01	6.46e-05	3.99e-05
 1.62486e+21	9.49e-01	5.10e-02	1.15e-04	1.01e-06	0.00e+00	0.00e+00	0.00e+00	0.00e+00	0.00e+00	9.49e-01	6.45e-05	3.94e-05
 1.68730e+21	9.51e-01	4.92e-02	1.10e-04	9.28e-07	0.00e+00	0.00e+00	0.00e+00	0.00e+00	0.00e+00	9.51e-01	6.43e-05	3.90e-05
 1.75219e+21	9.52e-01	4.74e-02	1.05e-04	8.56e-07	0.00e+00	0.00e+00	0.00e+00	0.00e+00	0.00e+00	9.52e-01	6.42e-05	3.86e-05
 1.81952e+21	9.54e-01	4.57e-02	9.99e-05	7.88e-07	0.00e+00	0.00e+00	0.00e+00	0.00e+00	0.00e+00	9.54e-01	6.41e-05	3.82e-05
 1.88920e+21	9.56e-01	4.40e-02	9.51e-05	7.24e-07	0.00e+00	0.00e+00	0.00e+00	0.00e+00	0.00e+00	9.56e-01	6.40e-05	3.78e-05
 1.96197e+21	9.58e-01	4.24e-02	9.04e-05	6.64e-07	0.00e+00	0.00e+00	0.00e+00	0.00e+00	0.00e+00	9.57e-01	6.39e-05	3.74e-05
 2.03774e+21	9.59e-01	4.09e-02	8.58e-05	6.09e-07	0.00e+00	0.00e+00	0.00e+00	0.00e+00	0.00e+00	9.59e-01	6.39e-05	3.70e-05
 2.11576e+21	9.61e-01	3.93e-02	8.14e-05	5.57e-07	0.00e+00	0.00e+00	0.00e+00	0.00e+00	0.00e+00	9.60e-01	6.39e-05	3.66e-05
 2.19645e+21	9.62e-01	3.79e-02	7.71e-05	5.10e-07	0.00e+00	0.00e+00	0.00e+00	0.00e+00	0.00e+00	9.62e-01	6.39e-05	3.63e-05
 2.28016e+21	9.63e-01	3.65e-02	7.29e-05	4.65e-07	0.00e+00	0.00e+00	0.00e+00	0.00e+00	0.00e+00	9.63e-01	6.39e-05	3.60e-05
 2.36745e+21	9.65e-01	3.52e-02	6.89e-05	4.24e-07	0.00e+00	0.00e+00	0.00e+00	0.00e+00	0.00e+00	9.65e-01	6.39e-05	3.56e-05
 2.45791e+21	9.66e-01	3.39e-02	6.49e-05	3.85e-07	0.00e+00	0.00e+00	0.00e+00	0.00e+00	0.00e+00	9.66e-01	6.39e-05	3.53e-05
 2.55083e+21	9.67e-01	3.27e-02	6.12e-05	3.51e-07	0.00e+00	0.00e+00	0.00e+00	0.00e+00	0.00e+00	9.67e-01	6.40e-05	3.50e-05
 2.64707e+21	9.68e-01	3.15e-02	5.76e-05	3.18e-07	0.00e+00	0.00e+00	0.00e+00	0.00e+00	0.00e+00	9.68e-01	6.40e-05	3.47e-05
 2.74717e+21	9.70e-01	3.03e-02	5.41e-05	2.89e-07	0.00e+00	0.00e+00	0.00e+00	0.00e+00	0.00e+00	9.70e-01	6.41e-05	3.45e-05
 2.85091e+21	9.71e-01	2.92e-02	5.08e-05	2.61e-07	0.00e+00	0.00e+00	0.00e+00	0.00e+00	0.00e+00	9.71e-01	6.41e-05	3.42e-05
 2.95892e+21	9.72e-01	2.81e-02	4.76e-05	2.36e-07	0.00e+00	0.00e+00	0.00e+00	0.00e+00	0.00e+00	9.72e-01	6.42e-05	3.39e-05
 3.07102e+21	9.73e-01	2.71e-02	4.45e-05	2.12e-07	0.00e+00	0.00e+00	0.00e+00	0.00e+00	0.00e+00	9.73e-01	6.43e-05	3.36e-05
 3.18662e+21	9.74e-01	2.61e-02	4.16e-05	1.92e-07	0.00e+00	0.00e+00	0.00e+00	0.00e+00	0.00e+00	9.74e-01	6.43e-05	3.34e-05
 3.30617e+21	9.75e-01	2.51e-02	3.89e-05	1.72e-07	0.00e+00	0.00e+00	0.00e+00	0.00e+00	0.00e+00	9.75e-01	6.44e-05	3.32e-05
 3.43036e+21	9.76e-01	2.42e-02	3.63e-05	1.55e-07	0.00e+00	0.00e+00	0.00e+00	0.00e+00	0.00e+00	9.76e-01	6.44e-05	3.29e-05
 3.55958e+21	9.77e-01	2.33e-02	3.38e-05	1.39e-07	0.00e+00	0.00e+00	0.00e+00	0.00e+00	0.00e+00	9.77e-01	6.45e-05	3.27e-05
 3.69377e+21	9.78e-01	2.25e-02	3.14e-05	1.24e-07	0.00e+00	0.00e+00	0.00e+00	0.00e+00	0.00e+00	9.77e-01	6.45e-05	3.24e-05
 3.83397e+21	9.78e-01	2.16e-02	2.92e-05	0.00e+00	0.00e+00	0.00e+00	0.00e+00	0.00e+00	0.00e+00	9.78e-01	6.45e-05	3.22e-05
 3.97999e+21	9.79e-01	2.08e-02	2.70e-05	0.00e+00	0.00e+00	0.00e+00	0.00e+00	0.00e+00	0.00e+00	9.79e-01	6.44e-05	3.19e-05
 4.12969e+21	9.80e-01	2.01e-02	2.51e-05	0.00e+00	0.00e+00	0.00e+00	0.00e+00	0.00e+00	0.00e+00	9.80e-01	6.43e-05	3.17e-05
 4.28519e+21	9.81e-01	1.93e-02	2.32e-05	0.00e+00	0.00e+00	0.00e+00	0.00e+00	0.00e+00	0.00e+00	9.81e-01	6.42e-05	3.14e-05
 4.44396e+21	9.81e-01	1.86e-02	2.16e-05	0.00e+00	0.00e+00	0.00e+00	0.00e+00	0.00e+00	0.00e+00	9.81e-01	6.40e-05	3.12e-05
 4.59639e+21	9.82e-01	1.80e-02	2.01e-05	0.00e+00	0.00e+00	0.00e+00	0.00e+00	0.00e+00	0.00e+00	9.82e-01	6.38e-05	3.10e-05
 4.74121e+21	9.83e-01	1.74e-02	1.88e-05	0.00e+00	0.00e+00	0.00e+00	0.00e+00	0.00e+00	0.00e+00	9.82e-01	6.36e-05	3.08e-05
 4.90192e+21	9.83e-01	1.69e-02	1.75e-05	0.00e+00	0.00e+00	0.00e+00	0.00e+00	0.00e+00	0.00e+00	9.83e-01	6.33e-05	3.06e-05
 5.07732e+21	9.84e-01	1.63e-02	1.63e-05	0.00e+00	0.00e+00	0.00e+00	0.00e+00	0.00e+00	0.00e+00	9.84e-01	6.29e-05	3.04e-05
 5.23326e+21	9.84e-01	1.58e-02	1.53e-05	0.00e+00	0.00e+00	0.00e+00	0.00e+00	0.00e+00	0.00e+00	9.84e-01	6.25e-05	3.02e-05
 5.36628e+21	9.85e-01	1.54e-02	1.45e-05	0.00e+00	0.00e+00	0.00e+00	0.00e+00	0.00e+00	0.00e+00	9.85e-01	6.20e-05	3.00e-05
 5.51082e+21	9.85e-01	1.49e-02	1.37e-05	0.00e+00	0.00e+00	0.00e+00	0.00e+00	0.00e+00	0.00e+00	9.85e-01	6.16e-05	2.98e-05
 5.69874e+21	9.86e-01	1.44e-02	1.28e-05	0.00e+00	0.00e+00	0.00e+00	0.00e+00	0.00e+00	0.00e+00	9.85e-01	6.09e-05	2.96e-05
 5.88931e+21	9.86e-01	1.39e-02	1.20e-05	0.00e+00	0.00e+00	0.00e+00	0.00e+00	0.00e+00	0.00e+00	9.86e-01	6.00e-05	2.94e-05
 6.05172e+21	9.86e-01	1.36e-02	1.13e-05	0.00e+00	0.00e+00	0.00e+00	0.00e+00	0.00e+00	0.00e+00	9.86e-01	5.92e-05	2.92e-05
 6.19755e+21	9.87e-01	1.32e-02	1.08e-05	0.00e+00	0.00e+00	0.00e+00	0.00e+00	0.00e+00	0.00e+00	9.87e-01	5.85e-05	2.91e-05
 6.33080e+21	9.87e-01	1.29e-02	1.03e-05	0.00e+00	0.00e+00	0.00e+00	0.00e+00	0.00e+00	0.00e+00	9.87e-01	5.77e-05	2.90e-05
 6.48135e+21	9.87e-01	1.26e-02	9.79e-06	0.00e+00	0.00e+00	0.00e+00	0.00e+00	0.00e+00	0.00e+00	9.87e-01	5.69e-05	2.88e-05
 6.67000e+21	9.88e-01	1.22e-02	9.20e-06	0.00e+00	0.00e+00	0.00e+00	0.00e+00	0.00e+00	0.00e+00	9.88e-01	5.57e-05	2.86e-05
 6.87299e+21	9.88e-01	1.19e-02	8.65e-06	0.00e+00	0.00e+00	0.00e+00	0.00e+00	0.00e+00	0.00e+00	9.88e-01	5.43e-05	2.85e-05
 7.06185e+21	9.88e-01	1.16e-02	8.18e-06	0.00e+00	0.00e+00	0.00e+00	0.00e+00	0.00e+00	0.00e+00	9.88e-01	5.27e-05	2.83e-05
 7.23742e+21	9.89e-01	1.12e-02	7.78e-06	0.00e+00	0.00e+00	0.00e+00	0.00e+00	0.00e+00	0.00e+00	9.89e-01	5.12e-05	2.81e-05
 7.39533e+21	9.89e-01	1.10e-02	7.45e-06	0.00e+00	0.00e+00	0.00e+00	0.00e+00	0.00e+00	0.00e+00	9.89e-01	4.96e-05	2.80e-05
 7.53519e+21	9.89e-01	1.08e-02	7.18e-06	0.00e+00	0.00e+00	0.00e+00	0.00e+00	0.00e+00	0.00e+00	9.89e-01	4.82e-05	2.79e-05
 7.68157e+21	9.89e-01	1.05e-02	6.90e-06	0.00e+00	0.00e+00	0.00e+00	0.00e+00	0.00e+00	0.00e+00	9.89e-01	4.67e-05	2.77e-05
 7.83885e+21	9.90e-01	1.02e-02	6.64e-06	0.00e+00	0.00e+00	0.00e+00	0.00e+00	0.00e+00	0.00e+00	9.90e-01	4.49e-05	2.76e-05
 7.98492e+21	9.90e-01	9.96e-03	6.41e-06	0.00e+00	0.00e+00	0.00e+00	0.00e+00	0.00e+00	0.00e+00	9.90e-01	4.31e-05	2.74e-05
 8.10211e+21	9.90e-01	9.72e-03	6.25e-06	0.00e+00	0.00e+00	0.00e+00	0.00e+00	0.00e+00	0.00e+00	9.90e-01	4.14e-05	2.73e-05
