#depth	He	He+	He+2
 2.34491e+15	6.92e-03	6.11e-01	3.82e-01
 1.40694e+16	6.91e-03	6.11e-01	3.82e-01
 6.09675e+16	6.91e-03	6.12e-01	3.81e-01
 2.48560e+17	6.96e-03	6.17e-01	3.76e-01
 5.93730e+17	6.97e-03	6.22e-01	3.71e-01
 1.04245e+18	7.06e-03	6.32e-01	3.61e-01
 1.62579e+18	7.27e-03	6.51e-01	3.42e-01
 2.38413e+18	7.62e-03	6.78e-01	3.15e-01
 3.36997e+18	8.20e-03	7.15e-01	2.77e-01
 4.65156e+18	9.13e-03	7.64e-01	2.27e-01
 6.28370e+18	1.04e-02	8.18e-01	1.72e-01
 7.78936e+18	1.14e-02	8.57e-01	1.32e-01
 8.83114e+18	1.22e-02	8.78e-01	1.10e-01
 9.68616e+18	1.29e-02	8.92e-01	9.50e-02
 1.06318e+19	1.38e-02	9.05e-01	8.09e-02
 1.16272e+19	1.46e-02	9.16e-01	6.95e-02
 1.24676e+19	1.54e-02	9.23e-01	6.17e-02
 1.32033e+19	1.61e-02	9.28e-01	5.58e-02
 1.40226e+19	1.71e-02	9.33e-01	5.00e-02
 1.48793e+19	1.81e-02	9.37e-01	4.52e-02
 1.55878e+19	1.91e-02	9.39e-01	4.18e-02
 1.61969e+19	2.01e-02	9.41e-01	3.92e-02
 1.68733e+19	2.14e-02	9.42e-01	3.64e-02
 1.75957e+19	2.29e-02	9.43e-01	3.40e-02
 1.82128e+19	2.45e-02	9.43e-01	3.22e-02
 1.87476e+19	2.61e-02	9.43e-01	3.07e-02
 1.93406e+19	2.83e-02	9.43e-01	2.91e-02
 1.99683e+19	3.10e-02	9.41e-01	2.76e-02
 2.04815e+19	3.38e-02	9.40e-01	2.66e-02
 2.08809e+19	3.63e-02	9.38e-01	2.58e-02
 2.12921e+19	3.94e-02	9.36e-01	2.50e-02
 2.17238e+19	4.32e-02	9.33e-01	2.43e-02
 2.20760e+19	4.68e-02	9.29e-01	2.37e-02
 2.23633e+19	5.03e-02	9.26e-01	2.33e-02
 2.26722e+19	5.47e-02	9.22e-01	2.29e-02
 2.29981e+19	5.98e-02	9.18e-01	2.25e-02
 2.32698e+19	6.48e-02	9.13e-01	2.22e-02
 2.35003e+19	6.97e-02	9.08e-01	2.20e-02
 2.37535e+19	7.58e-02	9.02e-01	2.17e-02
 2.40235e+19	8.29e-02	8.96e-01	2.15e-02
 2.42559e+19	8.98e-02	8.89e-01	2.14e-02
 2.44639e+19	9.66e-02	8.82e-01	2.13e-02
 2.46992e+19	1.05e-01	8.73e-01	2.12e-02
 2.49527e+19	1.15e-01	8.64e-01	2.12e-02
 2.51798e+19	1.25e-01	8.53e-01	2.12e-02
 2.53915e+19	1.36e-01	8.43e-01	2.11e-02
 2.56045e+19	1.47e-01	8.32e-01	2.11e-02
 2.58127e+19	1.59e-01	8.20e-01	2.11e-02
 2.60058e+19	1.71e-01	8.08e-01	2.11e-02
 2.61868e+19	1.82e-01	7.96e-01	2.11e-02
 2.63304e+19	1.92e-01	7.87e-01	2.12e-02
 2.64302e+19	1.99e-01	7.80e-01	2.12e-02
 2.65251e+19	2.06e-01	7.73e-01	2.12e-02
 2.66347e+19	2.15e-01	7.64e-01	2.11e-02
 2.67516e+19	2.24e-01	7.55e-01	2.12e-02
 2.68675e+19	2.33e-01	7.45e-01	2.11e-02
 2.69829e+19	2.43e-01	7.36e-01	2.11e-02
 2.70969e+19	2.53e-01	7.26e-01	2.11e-02
 2.72119e+19	2.63e-01	7.15e-01	2.11e-02
 2.73291e+19	2.74e-01	7.05e-01	2.11e-02
 2.74482e+19	2.86e-01	6.93e-01	2.10e-02
 2.75681e+19	2.97e-01	6.82e-01	2.10e-02
 2.76889e+19	3.09e-01	6.70e-01	2.09e-02
 2.78101e+19	3.22e-01	6.58e-01	2.09e-02
 2.79330e+19	3.35e-01	6.44e-01	2.07e-02
 2.80576e+19	3.48e-01	6.32e-01	2.07e-02
 2.81845e+19	3.62e-01	6.18e-01	2.06e-02
 2.83143e+19	3.76e-01	6.03e-01	2.04e-02
 2.84433e+19	3.91e-01	5.89e-01	2.03e-02
 2.85739e+19	4.05e-01	5.74e-01	2.01e-02
 2.87089e+19	4.21e-01	5.59e-01	1.99e-02
 2.88460e+19	4.37e-01	5.43e-01	1.98e-02
 2.89857e+19	4.54e-01	5.27e-01	1.95e-02
 2.91287e+19	4.70e-01	5.11e-01	1.93e-02
 2.92749e+19	4.87e-01	4.94e-01	1.90e-02
 2.94262e+19	5.05e-01	4.76e-01	1.87e-02
 2.95817e+19	5.23e-01	4.59e-01	1.83e-02
 2.97396e+19	5.40e-01	4.42e-01	1.80e-02
 2.98992e+19	5.58e-01	4.25e-01	1.76e-02
 3.00623e+19	5.75e-01	4.08e-01	1.72e-02
 3.02313e+19	5.93e-01	3.91e-01	1.67e-02
 3.04070e+19	6.10e-01	3.74e-01	1.63e-02
 3.05899e+19	6.27e-01	3.57e-01	1.58e-02
 3.07814e+19	6.44e-01	3.41e-01	1.53e-02
 3.09843e+19	6.61e-01	3.25e-01	1.47e-02
 3.12005e+19	6.77e-01	3.09e-01	1.42e-02
 3.14339e+19	6.93e-01	2.93e-01	1.36e-02
 3.16894e+19	7.08e-01	2.79e-01	1.30e-02
 3.19717e+19	7.23e-01	2.64e-01	1.24e-02
 3.22881e+19	7.38e-01	2.51e-01	1.17e-02
 3.26495e+19	7.51e-01	2.38e-01	1.11e-02
 3.30370e+19	7.63e-01	2.27e-01	1.05e-02
 3.34235e+19	7.72e-01	2.18e-01	9.95e-03
 3.38657e+19	7.81e-01	2.09e-01	9.41e-03
 3.44405e+19	7.90e-01	2.01e-01	8.80e-03
 3.51879e+19	8.00e-01	1.92e-01	8.13e-03
 3.61153e+19	8.09e-01	1.83e-01	7.44e-03
 3.71789e+19	8.18e-01	1.75e-01	6.77e-03
 3.83322e+19	8.27e-01	1.67e-01	6.14e-03
 3.95673e+19	8.35e-01	1.59e-01	5.56e-03
 4.08736e+19	8.43e-01	1.52e-01	5.03e-03
 4.22258e+19	8.50e-01	1.45e-01	4.56e-03
 4.36170e+19	8.57e-01	1.39e-01	4.12e-03
 4.50668e+19	8.64e-01	1.32e-01	3.74e-03
 4.65730e+19	8.70e-01	1.26e-01	3.39e-03
 4.81235e+19	8.76e-01	1.21e-01	3.07e-03
 4.97327e+19	8.82e-01	1.15e-01	2.78e-03
 5.14010e+19	8.88e-01	1.10e-01	2.52e-03
 5.31255e+19	8.93e-01	1.05e-01	2.28e-03
 5.48979e+19	8.98e-01	1.00e-01	2.07e-03
 5.66808e+19	9.02e-01	9.57e-02	1.88e-03
 5.84327e+19	9.07e-01	9.17e-02	1.72e-03
 6.01500e+19	9.10e-01	8.80e-02	1.58e-03
 6.18390e+19	9.14e-01	8.46e-02	1.45e-03
 6.34932e+19	9.17e-01	8.15e-02	1.34e-03
 6.51019e+19	9.20e-01	7.86e-02	1.24e-03
 6.66561e+19	9.23e-01	7.60e-02	1.16e-03
 6.81507e+19	9.25e-01	7.35e-02	1.08e-03
 6.95858e+19	9.28e-01	7.13e-02	1.01e-03
