#depth	He	He+	He+2
 8.85737e+17	3.36e-05	4.96e-02	9.50e-01
 5.31442e+18	3.36e-05	4.96e-02	9.50e-01
 2.30292e+19	3.36e-05	4.97e-02	9.50e-01
 9.38881e+19	3.40e-05	5.08e-02	9.49e-01
 2.24268e+20	3.37e-05	5.11e-02	9.49e-01
 3.93763e+20	3.50e-05	5.30e-02	9.47e-01
 6.14106e+20	3.82e-05	5.70e-02	9.43e-01
 9.00552e+20	4.44e-05	6.46e-02	9.35e-01
 1.18017e+21	5.17e-05	7.40e-02	9.26e-01
 1.38809e+21	5.95e-05	8.39e-02	9.16e-01
 1.55521e+21	6.79e-05	9.42e-02	9.06e-01
 1.70591e+21	7.75e-05	1.06e-01	8.94e-01
 1.84585e+21	8.84e-05	1.19e-01	8.81e-01
 1.97298e+21	1.01e-04	1.33e-01	8.67e-01
 2.09244e+21	1.14e-04	1.49e-01	8.51e-01
 2.20686e+21	1.30e-04	1.67e-01	8.33e-01
 2.33547e+21	1.53e-04	1.91e-01	8.09e-01
 2.45886e+21	1.77e-04	2.18e-01	7.82e-01
 2.55181e+21	1.99e-04	2.42e-01	7.57e-01
 2.64900e+21	2.28e-04	2.71e-01	7.29e-01
 2.74954e+21	2.60e-04	3.04e-01	6.96e-01
 2.83646e+21	2.92e-04	3.35e-01	6.65e-01
 2.93146e+21	3.33e-04	3.72e-01	6.27e-01
 3.03063e+21	3.79e-04	4.13e-01	5.86e-01
 3.11360e+21	4.21e-04	4.49e-01	5.51e-01
 3.18773e+21	4.61e-04	4.82e-01	5.18e-01
 3.27200e+21	5.12e-04	5.20e-01	4.80e-01
 3.36169e+21	5.67e-04	5.59e-01	4.40e-01
 3.44043e+21	6.17e-04	5.92e-01	4.07e-01
 3.52481e+21	6.76e-04	6.28e-01	3.71e-01
 3.61653e+21	7.38e-04	6.63e-01	3.36e-01
 3.70093e+21	7.98e-04	6.94e-01	3.06e-01
 3.79378e+21	8.67e-04	7.25e-01	2.74e-01
 3.89719e+21	9.43e-04	7.56e-01	2.43e-01
 3.99725e+21	1.02e-03	7.83e-01	2.16e-01
 4.11025e+21	1.11e-03	8.10e-01	1.89e-01
 4.25714e+21	1.23e-03	8.39e-01	1.60e-01
 4.41124e+21	1.35e-03	8.63e-01	1.35e-01
 4.51813e+21	1.44e-03	8.77e-01	1.22e-01
 4.58325e+21	1.49e-03	8.84e-01	1.14e-01
 4.65066e+21	1.55e-03	8.92e-01	1.07e-01
 4.73829e+21	1.64e-03	9.01e-01	9.74e-02
 4.83338e+21	1.73e-03	9.09e-01	8.92e-02
 4.91668e+21	1.82e-03	9.15e-01	8.28e-02
 4.99072e+21	1.90e-03	9.21e-01	7.75e-02
 5.07419e+21	1.99e-03	9.26e-01	7.19e-02
 5.16390e+21	2.10e-03	9.31e-01	6.67e-02
 5.24166e+21	2.21e-03	9.35e-01	6.27e-02
 5.31057e+21	2.30e-03	9.38e-01	5.93e-02
 5.38802e+21	2.43e-03	9.42e-01	5.57e-02
 5.47058e+21	2.56e-03	9.45e-01	5.23e-02
 5.54177e+21	2.69e-03	9.48e-01	4.96e-02
 5.60566e+21	2.82e-03	9.50e-01	4.74e-02
 5.67810e+21	2.98e-03	9.52e-01	4.49e-02
 5.75474e+21	3.17e-03	9.54e-01	4.25e-02
 5.82038e+21	3.34e-03	9.56e-01	4.07e-02
 5.87881e+21	3.52e-03	9.57e-01	3.92e-02
 5.94430e+21	3.74e-03	9.59e-01	3.74e-02
 6.01423e+21	4.01e-03	9.60e-01	3.57e-02
 6.07457e+21	4.26e-03	9.61e-01	3.44e-02
 6.12759e+21	4.52e-03	9.62e-01	3.32e-02
 6.18647e+21	4.84e-03	9.63e-01	3.19e-02
 6.24844e+21	5.22e-03	9.64e-01	3.07e-02
 6.29948e+21	5.58e-03	9.65e-01	2.98e-02
 6.34277e+21	5.93e-03	9.65e-01	2.90e-02
 6.39095e+21	6.38e-03	9.66e-01	2.81e-02
 6.44201e+21	6.91e-03	9.66e-01	2.72e-02
 6.48546e+21	7.44e-03	9.66e-01	2.65e-02
 6.52360e+21	7.96e-03	9.66e-01	2.59e-02
 6.56619e+21	8.65e-03	9.66e-01	2.52e-02
 6.61137e+21	9.48e-03	9.66e-01	2.45e-02
 6.64950e+21	1.03e-02	9.66e-01	2.39e-02
 6.68254e+21	1.11e-02	9.65e-01	2.35e-02
 6.71936e+21	1.22e-02	9.65e-01	2.29e-02
 6.75885e+21	1.36e-02	9.64e-01	2.24e-02
 6.79305e+21	1.50e-02	9.63e-01	2.19e-02
 6.82033e+21	1.62e-02	9.62e-01	2.16e-02
 6.84310e+21	1.75e-02	9.61e-01	2.13e-02
 6.86844e+21	1.91e-02	9.60e-01	2.10e-02
 6.89573e+21	2.11e-02	9.58e-01	2.07e-02
 6.91910e+21	2.31e-02	9.56e-01	2.04e-02
 6.93868e+21	2.49e-02	9.55e-01	2.03e-02
 6.95976e+21	2.73e-02	9.53e-01	2.00e-02
 6.98255e+21	3.03e-02	9.50e-01	1.98e-02
 7.00247e+21	3.33e-02	9.47e-01	1.96e-02
 7.01981e+21	3.62e-02	9.44e-01	1.96e-02
 7.03892e+21	4.01e-02	9.41e-01	1.94e-02
 7.05977e+21	4.48e-02	9.36e-01	1.93e-02
 7.07850e+21	4.99e-02	9.31e-01	1.93e-02
 7.09553e+21	5.53e-02	9.25e-01	1.93e-02
 7.11474e+21	6.25e-02	9.18e-01	1.93e-02
 7.13597e+21	7.17e-02	9.09e-01	1.93e-02
 7.15495e+21	8.17e-02	8.99e-01	1.95e-02
 7.17112e+21	9.17e-02	8.89e-01	1.96e-02
 7.18617e+21	1.03e-01	8.78e-01	1.98e-02
 7.20103e+21	1.15e-01	8.65e-01	2.01e-02
 7.21490e+21	1.28e-01	8.52e-01	2.03e-02
 7.22725e+21	1.41e-01	8.39e-01	2.06e-02
 7.23837e+21	1.54e-01	8.25e-01	2.09e-02
 7.24877e+21	1.67e-01	8.11e-01	2.11e-02
 7.25876e+21	1.82e-01	7.97e-01	2.14e-02
 7.26646e+21	1.93e-01	7.85e-01	2.16e-02
 7.27156e+21	2.01e-01	7.77e-01	2.17e-02
 7.27643e+21	2.10e-01	7.68e-01	2.19e-02
 7.28199e+21	2.20e-01	7.58e-01	2.20e-02
 7.28790e+21	2.31e-01	7.47e-01	2.22e-02
 7.29379e+21	2.42e-01	7.35e-01	2.23e-02
 7.29950e+21	2.54e-01	7.24e-01	2.24e-02
 7.30514e+21	2.66e-01	7.11e-01	2.26e-02
 7.31089e+21	2.79e-01	6.98e-01	2.27e-02
 7.31673e+21	2.93e-01	6.84e-01	2.28e-02
 7.32258e+21	3.07e-01	6.70e-01	2.29e-02
 7.32843e+21	3.22e-01	6.55e-01	2.29e-02
 7.33440e+21	3.37e-01	6.40e-01	2.30e-02
 7.34049e+21	3.54e-01	6.23e-01	2.30e-02
 7.34665e+21	3.71e-01	6.06e-01	2.30e-02
 7.35288e+21	3.89e-01	5.88e-01	2.30e-02
 7.35932e+21	4.08e-01	5.70e-01	2.29e-02
 7.36599e+21	4.28e-01	5.50e-01	2.27e-02
 7.37285e+21	4.48e-01	5.29e-01	2.26e-02
 7.37994e+21	4.70e-01	5.08e-01	2.23e-02
 7.38743e+21	4.92e-01	4.86e-01	2.20e-02
 7.39527e+21	5.16e-01	4.63e-01	2.16e-02
 7.40343e+21	5.39e-01	4.40e-01	2.12e-02
 7.41196e+21	5.63e-01	4.16e-01	2.06e-02
 7.42104e+21	5.87e-01	3.93e-01	2.01e-02
 7.43084e+21	6.10e-01	3.71e-01	1.94e-02
 7.44167e+21	6.33e-01	3.48e-01	1.87e-02
 7.45406e+21	6.56e-01	3.26e-01	1.79e-02
 7.46763e+21	6.76e-01	3.07e-01	1.72e-02
 7.48138e+21	6.92e-01	2.91e-01	1.66e-02
 7.49490e+21	7.04e-01	2.80e-01	1.60e-02
 7.50825e+21	7.14e-01	2.71e-01	1.56e-02
 7.52147e+21	7.21e-01	2.64e-01	1.52e-02
 7.53460e+21	7.27e-01	2.58e-01	1.48e-02
 7.54965e+21	7.31e-01	2.54e-01	1.47e-02
 7.56922e+21	7.37e-01	2.49e-01	1.42e-02
 7.59466e+21	7.40e-01	2.46e-01	1.40e-02
 7.62774e+21	7.44e-01	2.42e-01	1.36e-02
 7.67073e+21	7.48e-01	2.39e-01	1.32e-02
 7.72662e+21	7.53e-01	2.34e-01	1.27e-02
 7.79928e+21	7.59e-01	2.29e-01	1.21e-02
 7.89374e+21	7.66e-01	2.23e-01	1.14e-02
 8.01654e+21	7.75e-01	2.15e-01	1.05e-02
 8.17617e+21	7.85e-01	2.05e-01	9.48e-03
 8.37306e+21	7.97e-01	1.95e-01	8.43e-03
 8.58734e+21	8.09e-01	1.84e-01	7.46e-03
 8.80342e+21	8.19e-01	1.74e-01	6.64e-03
 9.02340e+21	8.29e-01	1.65e-01	5.92e-03
 9.25484e+21	8.38e-01	1.56e-01	5.27e-03
 9.50194e+21	8.47e-01	1.48e-01	4.67e-03
 9.76263e+21	8.56e-01	1.40e-01	4.14e-03
 1.00353e+22	8.64e-01	1.32e-01	3.67e-03
 1.03216e+22	8.72e-01	1.24e-01	3.25e-03
 1.06236e+22	8.80e-01	1.17e-01	2.88e-03
 1.09430e+22	8.87e-01	1.11e-01	2.54e-03
 1.12798e+22	8.94e-01	1.04e-01	2.25e-03
 1.16379e+22	9.00e-01	9.81e-02	1.98e-03
 1.20198e+22	9.06e-01	9.22e-02	1.75e-03
 1.24266e+22	9.12e-01	8.67e-02	1.54e-03
 1.28626e+22	9.17e-01	8.14e-02	1.36e-03
 1.33349e+22	9.22e-01	7.64e-02	1.19e-03
 1.38435e+22	9.27e-01	7.17e-02	1.05e-03
 1.43895e+22	9.32e-01	6.72e-02	9.20e-04
 1.49886e+22	9.36e-01	6.30e-02	8.08e-04
 1.56508e+22	9.40e-01	5.90e-02	7.08e-04
 1.63876e+22	9.44e-01	5.53e-02	6.20e-04
 1.72137e+22	9.48e-01	5.17e-02	5.44e-04
 1.80662e+22	9.51e-01	4.88e-02	4.84e-04
 1.88501e+22	9.53e-01	4.65e-02	4.40e-04
 1.95663e+22	9.55e-01	4.47e-02	4.07e-04
 2.03663e+22	9.57e-01	4.29e-02	3.75e-04
 2.12422e+22	9.58e-01	4.14e-02	3.48e-04
 2.20155e+22	9.60e-01	4.02e-02	3.29e-04
 2.26882e+22	9.60e-01	3.92e-02	3.14e-04
 2.34034e+22	9.61e-01	3.83e-02	3.00e-04
 2.41487e+22	9.62e-01	3.76e-02	2.88e-04
 2.48195e+22	9.63e-01	3.69e-02	2.78e-04
 2.54233e+22	9.63e-01	3.64e-02	2.70e-04
 2.59666e+22	9.64e-01	3.60e-02	2.65e-04
 2.64556e+22	9.64e-01	3.56e-02	2.60e-04
 2.68957e+22	9.64e-01	3.53e-02	2.56e-04
 2.72919e+22	9.65e-01	3.51e-02	2.52e-04
 2.76483e+22	9.65e-01	3.49e-02	2.50e-04
 2.79715e+22	9.65e-01	3.47e-02	2.48e-04
 2.82801e+22	9.65e-01	3.46e-02	2.46e-04
 2.85886e+22	9.65e-01	3.45e-02	2.45e-04
 2.88972e+22	9.65e-01	3.44e-02	2.44e-04
 2.92058e+22	9.65e-01	3.43e-02	2.43e-04
 2.95143e+22	9.66e-01	3.42e-02	2.42e-04
 2.98229e+22	9.66e-01	3.42e-02	2.42e-04
 3.01315e+22	9.66e-01	3.42e-02	2.43e-04
 3.04400e+22	9.66e-01	3.41e-02	2.42e-04
 3.07255e+22	9.66e-01	3.42e-02	2.44e-04
