#depth	N	N+	N+2	N+3	N+4	N+5	N+6	N+7
 3.72328e+17	9.64e-07	2.88e-03	3.26e-01	5.46e-01	1.14e-01	1.13e-02	1.23e-05	0.00e+00
 2.23397e+18	9.63e-07	2.87e-03	3.26e-01	5.46e-01	1.14e-01	1.13e-02	1.23e-05	0.00e+00
 9.68053e+18	9.66e-07	2.88e-03	3.27e-01	5.46e-01	1.13e-01	1.12e-02	1.21e-05	0.00e+00
 3.94668e+19	9.85e-07	2.91e-03	3.34e-01	5.43e-01	1.09e-01	1.06e-02	1.15e-05	0.00e+00
 9.42735e+19	1.01e-06	2.94e-03	3.42e-01	5.41e-01	1.04e-01	9.83e-03	1.04e-05	0.00e+00
 1.53561e+20	1.05e-06	2.98e-03	3.51e-01	5.38e-01	9.90e-02	9.08e-03	9.42e-06	0.00e+00
 2.10957e+20	1.10e-06	3.06e-03	3.62e-01	5.32e-01	9.39e-02	8.41e-03	8.60e-06	0.00e+00
 2.77856e+20	1.18e-06	3.20e-03	3.77e-01	5.25e-01	8.78e-02	7.66e-03	7.72e-06	0.00e+00
 3.64825e+20	1.30e-06	3.41e-03	3.97e-01	5.12e-01	8.00e-02	6.77e-03	6.72e-06	0.00e+00
 4.77884e+20	1.49e-06	3.74e-03	4.26e-01	4.94e-01	7.02e-02	5.73e-03	5.59e-06	0.00e+00
 5.90518e+20	1.66e-06	4.04e-03	4.55e-01	4.75e-01	6.13e-02	4.87e-03	4.71e-06	0.00e+00
 6.78066e+20	1.84e-06	4.33e-03	4.79e-01	4.58e-01	5.45e-02	4.25e-03	4.09e-06	0.00e+00
 7.52054e+20	2.01e-06	4.62e-03	5.01e-01	4.42e-01	4.89e-02	3.76e-03	3.60e-06	0.00e+00
 8.21664e+20	2.20e-06	4.93e-03	5.21e-01	4.27e-01	4.38e-02	3.33e-03	3.17e-06	0.00e+00
 8.89888e+20	2.38e-06	5.21e-03	5.41e-01	4.12e-01	3.90e-02	2.94e-03	2.79e-06	0.00e+00
 9.67594e+20	2.71e-06	5.70e-03	5.64e-01	3.94e-01	3.37e-02	2.51e-03	2.37e-06	0.00e+00
 1.04343e+21	3.00e-06	6.12e-03	5.84e-01	3.79e-01	2.92e-02	2.17e-03	2.03e-06	0.00e+00
 1.10297e+21	3.28e-06	6.49e-03	5.99e-01	3.66e-01	2.59e-02	1.92e-03	1.78e-06	0.00e+00
 1.16651e+21	3.65e-06	6.97e-03	6.15e-01	3.54e-01	2.25e-02	1.67e-03	1.53e-06	0.00e+00
 1.23724e+21	4.09e-06	7.50e-03	6.31e-01	3.41e-01	1.93e-02	1.44e-03	1.29e-06	0.00e+00
 1.30493e+21	4.58e-06	8.05e-03	6.45e-01	3.29e-01	1.66e-02	1.25e-03	1.10e-06	0.00e+00
 1.38058e+21	5.24e-06	8.73e-03	6.60e-01	3.17e-01	1.39e-02	1.07e-03	9.10e-07	0.00e+00
 1.46170e+21	6.01e-06	9.46e-03	6.73e-01	3.05e-01	1.17e-02	9.22e-04	7.56e-07	0.00e+00
 1.53563e+21	6.81e-06	1.02e-02	6.84e-01	2.95e-01	1.00e-02	8.11e-04	6.42e-07	0.00e+00
 1.61627e+21	7.83e-06	1.10e-02	6.95e-01	2.85e-01	8.49e-03	7.10e-04	5.39e-07	0.00e+00
 1.71456e+21	9.23e-06	1.21e-02	7.07e-01	2.73e-01	7.07e-03	6.14e-04	4.42e-07	0.00e+00
 1.82097e+21	1.09e-05	1.32e-02	7.19e-01	2.62e-01	5.93e-03	5.33e-04	3.63e-07	0.00e+00
 1.93629e+21	1.32e-05	1.46e-02	7.30e-01	2.50e-01	4.98e-03	4.62e-04	2.96e-07	0.00e+00
 2.05941e+21	1.59e-05	1.62e-02	7.40e-01	2.39e-01	4.24e-03	4.01e-04	2.40e-07	0.00e+00
 2.16137e+21	1.86e-05	1.76e-02	7.48e-01	2.30e-01	3.78e-03	3.59e-04	2.04e-07	0.00e+00
 2.23771e+21	2.09e-05	1.88e-02	7.54e-01	2.24e-01	3.48e-03	3.30e-04	1.80e-07	0.00e+00
 2.31908e+21	2.39e-05	2.02e-02	7.60e-01	2.16e-01	3.19e-03	3.01e-04	1.57e-07	0.00e+00
 2.42486e+21	2.85e-05	2.22e-02	7.68e-01	2.07e-01	2.87e-03	2.65e-04	1.30e-07	0.00e+00
 2.52842e+21	3.36e-05	2.44e-02	7.74e-01	1.98e-01	2.62e-03	2.36e-04	0.00e+00	0.00e+00
 2.60569e+21	3.84e-05	2.63e-02	7.79e-01	1.92e-01	2.46e-03	2.15e-04	0.00e+00	0.00e+00
 2.68276e+21	4.42e-05	2.85e-02	7.84e-01	1.85e-01	2.29e-03	1.94e-04	0.00e+00	0.00e+00
 2.76670e+21	5.16e-05	3.11e-02	7.90e-01	1.77e-01	2.14e-03	1.73e-04	0.00e+00	0.00e+00
 2.84116e+21	5.94e-05	3.37e-02	7.94e-01	1.70e-01	2.01e-03	1.56e-04	0.00e+00	0.00e+00
 2.90693e+21	6.77e-05	3.64e-02	7.98e-01	1.64e-01	1.90e-03	1.41e-04	0.00e+00	0.00e+00
 2.97981e+21	7.91e-05	3.99e-02	8.02e-01	1.56e-01	1.78e-03	1.26e-04	0.00e+00	0.00e+00
 3.05629e+21	9.32e-05	4.40e-02	8.06e-01	1.48e-01	1.67e-03	1.10e-04	0.00e+00	0.00e+00
 3.12011e+21	1.07e-04	4.80e-02	8.09e-01	1.42e-01	1.58e-03	9.87e-05	0.00e+00	0.00e+00
 3.17587e+21	1.23e-04	5.20e-02	8.11e-01	1.36e-01	1.50e-03	8.87e-05	0.00e+00	0.00e+00
 3.23852e+21	1.44e-04	5.72e-02	8.13e-01	1.28e-01	1.41e-03	7.79e-05	0.00e+00	0.00e+00
 3.30538e+21	1.71e-04	6.35e-02	8.14e-01	1.20e-01	1.31e-03	6.75e-05	0.00e+00	0.00e+00
 3.36246e+21	2.00e-04	6.98e-02	8.15e-01	1.14e-01	1.24e-03	5.92e-05	0.00e+00	0.00e+00
 3.41251e+21	2.30e-04	7.61e-02	8.15e-01	1.07e-01	1.17e-03	5.24e-05	0.00e+00	0.00e+00
 3.46868e+21	2.74e-04	8.46e-02	8.14e-01	1.00e-01	1.09e-03	4.50e-05	0.00e+00	0.00e+00
 3.52842e+21	3.29e-04	9.47e-02	8.12e-01	9.24e-02	1.01e-03	3.81e-05	0.00e+00	0.00e+00
 3.57981e+21	3.89e-04	1.05e-01	8.08e-01	8.57e-02	9.41e-04	3.27e-05	0.00e+00	0.00e+00
 3.62557e+21	4.56e-04	1.15e-01	8.04e-01	7.96e-02	8.79e-04	2.82e-05	0.00e+00	0.00e+00
 3.67703e+21	5.52e-04	1.30e-01	7.97e-01	7.25e-02	8.08e-04	2.35e-05	0.00e+00	0.00e+00
 3.73154e+21	6.75e-04	1.46e-01	7.87e-01	6.52e-02	7.36e-04	1.92e-05	0.00e+00	0.00e+00
 3.77780e+21	8.10e-04	1.63e-01	7.76e-01	5.90e-02	6.74e-04	1.60e-05	0.00e+00	0.00e+00
 3.81792e+21	9.56e-04	1.80e-01	7.65e-01	5.36e-02	6.21e-04	1.34e-05	0.00e+00	0.00e+00
 3.86226e+21	1.16e-03	2.02e-01	7.49e-01	4.76e-02	5.60e-04	1.09e-05	0.00e+00	0.00e+00
 3.90890e+21	1.43e-03	2.28e-01	7.29e-01	4.16e-02	5.00e-04	8.64e-06	0.00e+00	0.00e+00
 3.94818e+21	1.71e-03	2.53e-01	7.08e-01	3.67e-02	4.50e-04	6.97e-06	0.00e+00	0.00e+00
 3.98240e+21	2.03e-03	2.78e-01	6.87e-01	3.25e-02	4.06e-04	5.69e-06	0.00e+00	0.00e+00
 4.02038e+21	2.46e-03	3.10e-01	6.59e-01	2.79e-02	3.57e-04	4.43e-06	0.00e+00	0.00e+00
 4.06054e+21	3.04e-03	3.48e-01	6.25e-01	2.34e-02	3.08e-04	3.35e-06	0.00e+00	0.00e+00
 4.09431e+21	3.64e-03	3.83e-01	5.93e-01	1.99e-02	2.69e-04	2.60e-06	0.00e+00	0.00e+00
 4.12383e+21	4.30e-03	4.17e-01	5.61e-01	1.69e-02	2.35e-04	2.03e-06	0.00e+00	0.00e+00
 4.15709e+21	5.23e-03	4.60e-01	5.21e-01	1.38e-02	1.98e-04	1.49e-06	0.00e+00	0.00e+00
 4.19231e+21	6.43e-03	5.08e-01	4.75e-01	1.09e-02	1.62e-04	1.05e-06	0.00e+00	0.00e+00
 4.22215e+21	7.71e-03	5.51e-01	4.32e-01	8.70e-03	1.34e-04	7.56e-07	0.00e+00	0.00e+00
 4.24835e+21	9.09e-03	5.92e-01	3.92e-01	6.98e-03	1.11e-04	5.50e-07	0.00e+00	0.00e+00
 4.27771e+21	1.10e-02	6.39e-01	3.44e-01	5.26e-03	8.71e-05	3.69e-07	0.00e+00	0.00e+00
 4.30903e+21	1.36e-02	6.89e-01	2.94e-01	3.80e-03	6.58e-05	2.34e-07	0.00e+00	0.00e+00
 4.33310e+21	1.59e-02	7.25e-01	2.56e-01	2.90e-03	5.19e-05	1.61e-07	0.00e+00	0.00e+00
 4.34996e+21	1.78e-02	7.50e-01	2.29e-01	2.35e-03	4.31e-05	0.00e+00	0.00e+00	0.00e+00
 4.36724e+21	2.02e-02	7.76e-01	2.02e-01	1.85e-03	3.49e-05	0.00e+00	0.00e+00	0.00e+00
 4.38649e+21	2.33e-02	8.02e-01	1.73e-01	1.40e-03	2.72e-05	0.00e+00	0.00e+00	0.00e+00
 4.40379e+21	2.65e-02	8.24e-01	1.49e-01	1.08e-03	2.14e-05	0.00e+00	0.00e+00	0.00e+00
 4.41855e+21	2.96e-02	8.40e-01	1.29e-01	8.53e-04	1.73e-05	0.00e+00	0.00e+00	0.00e+00
 4.43457e+21	3.35e-02	8.56e-01	1.10e-01	6.51e-04	1.34e-05	0.00e+00	0.00e+00	0.00e+00
 4.45168e+21	3.84e-02	8.70e-01	9.10e-02	4.85e-04	1.01e-05	0.00e+00	0.00e+00	0.00e+00
 4.46613e+21	4.31e-02	8.80e-01	7.68e-02	3.75e-04	7.85e-06	0.00e+00	0.00e+00	0.00e+00
 4.47848e+21	4.80e-02	8.86e-01	6.56e-02	2.99e-04	6.23e-06	0.00e+00	0.00e+00	0.00e+00
 4.49217e+21	5.41e-02	8.91e-01	5.45e-02	2.31e-04	4.76e-06	0.00e+00	0.00e+00	0.00e+00
 4.50700e+21	6.17e-02	8.94e-01	4.42e-02	1.77e-04	3.53e-06	0.00e+00	0.00e+00	0.00e+00
 4.52003e+21	6.95e-02	8.94e-01	3.65e-02	1.40e-04	2.68e-06	0.00e+00	0.00e+00	0.00e+00
 4.53165e+21	7.76e-02	8.92e-01	3.04e-02	1.14e-04	2.08e-06	0.00e+00	0.00e+00	0.00e+00
 4.54472e+21	8.83e-02	8.87e-01	2.44e-02	9.14e-05	1.54e-06	0.00e+00	0.00e+00	0.00e+00
 4.55908e+21	1.02e-01	8.79e-01	1.91e-02	7.30e-05	1.10e-06	0.00e+00	0.00e+00	0.00e+00
 4.57213e+21	1.16e-01	8.68e-01	1.51e-02	6.03e-05	8.05e-07	0.00e+00	0.00e+00	0.00e+00
 4.58419e+21	1.32e-01	8.56e-01	1.20e-02	5.10e-05	5.94e-07	0.00e+00	0.00e+00	0.00e+00
 4.59680e+21	1.51e-01	8.39e-01	9.32e-03	4.35e-05	4.30e-07	0.00e+00	0.00e+00	0.00e+00
 4.60898e+21	1.72e-01	8.20e-01	7.28e-03	3.78e-05	3.14e-07	0.00e+00	0.00e+00	0.00e+00
 4.61931e+21	1.92e-01	8.02e-01	5.86e-03	3.38e-05	2.39e-07	0.00e+00	0.00e+00	0.00e+00
 4.62848e+21	2.12e-01	7.83e-01	4.80e-03	3.07e-05	1.87e-07	0.00e+00	0.00e+00	0.00e+00
 4.63714e+21	2.33e-01	7.63e-01	3.96e-03	2.81e-05	1.48e-07	0.00e+00	0.00e+00	0.00e+00
 4.64550e+21	2.55e-01	7.42e-01	3.27e-03	2.59e-05	0.00e+00	0.00e+00	0.00e+00	0.00e+00
 4.65366e+21	2.77e-01	7.20e-01	2.71e-03	2.39e-05	0.00e+00	0.00e+00	0.00e+00	0.00e+00
 4.66013e+21	2.95e-01	7.02e-01	2.34e-03	2.26e-05	0.00e+00	0.00e+00	0.00e+00	0.00e+00
 4.66439e+21	3.08e-01	6.90e-01	2.12e-03	2.17e-05	0.00e+00	0.00e+00	0.00e+00	0.00e+00
 4.66829e+21	3.20e-01	6.78e-01	1.93e-03	2.09e-05	0.00e+00	0.00e+00	0.00e+00	0.00e+00
 4.67277e+21	3.35e-01	6.63e-01	1.73e-03	2.00e-05	0.00e+00	0.00e+00	0.00e+00	0.00e+00
 4.67762e+21	3.51e-01	6.47e-01	1.53e-03	1.91e-05	0.00e+00	0.00e+00	0.00e+00	0.00e+00
 4.68238e+21	3.67e-01	6.32e-01	1.37e-03	1.83e-05	0.00e+00	0.00e+00	0.00e+00	0.00e+00
 4.68697e+21	3.83e-01	6.16e-01	1.22e-03	1.75e-05	0.00e+00	0.00e+00	0.00e+00	0.00e+00
 4.69156e+21	3.99e-01	6.00e-01	1.09e-03	1.67e-05	0.00e+00	0.00e+00	0.00e+00	0.00e+00
 4.69616e+21	4.15e-01	5.84e-01	9.72e-04	1.60e-05	0.00e+00	0.00e+00	0.00e+00	0.00e+00
 4.70079e+21	4.32e-01	5.67e-01	8.66e-04	1.53e-05	0.00e+00	0.00e+00	0.00e+00	0.00e+00
 4.70544e+21	4.49e-01	5.50e-01	7.71e-04	1.46e-05	0.00e+00	0.00e+00	0.00e+00	0.00e+00
 4.71003e+21	4.66e-01	5.33e-01	6.89e-04	1.40e-05	0.00e+00	0.00e+00	0.00e+00	0.00e+00
 4.71460e+21	4.83e-01	5.17e-01	6.16e-04	1.34e-05	0.00e+00	0.00e+00	0.00e+00	0.00e+00
 4.71927e+21	5.00e-01	4.99e-01	5.49e-04	1.28e-05	0.00e+00	0.00e+00	0.00e+00	0.00e+00
 4.72394e+21	5.17e-01	4.83e-01	4.92e-04	1.22e-05	0.00e+00	0.00e+00	0.00e+00	0.00e+00
 4.72862e+21	5.34e-01	4.65e-01	4.40e-04	1.16e-05	0.00e+00	0.00e+00	0.00e+00	0.00e+00
 4.73333e+21	5.50e-01	4.49e-01	3.95e-04	1.11e-05	0.00e+00	0.00e+00	0.00e+00	0.00e+00
 4.73811e+21	5.67e-01	4.32e-01	3.54e-04	1.06e-05	0.00e+00	0.00e+00	0.00e+00	0.00e+00
 4.74297e+21	5.84e-01	4.16e-01	3.18e-04	1.01e-05	0.00e+00	0.00e+00	0.00e+00	0.00e+00
 4.74781e+21	6.00e-01	4.00e-01	2.88e-04	9.59e-06	0.00e+00	0.00e+00	0.00e+00	0.00e+00
 4.75269e+21	6.16e-01	3.84e-01	2.61e-04	9.14e-06	0.00e+00	0.00e+00	0.00e+00	0.00e+00
 4.75773e+21	6.32e-01	3.68e-01	2.36e-04	8.70e-06	0.00e+00	0.00e+00	0.00e+00	0.00e+00
 4.76288e+21	6.47e-01	3.53e-01	2.15e-04	8.28e-06	0.00e+00	0.00e+00	0.00e+00	0.00e+00
 4.76804e+21	6.61e-01	3.38e-01	1.97e-04	7.88e-06	0.00e+00	0.00e+00	0.00e+00	0.00e+00
 4.77325e+21	6.75e-01	3.25e-01	1.81e-04	7.51e-06	0.00e+00	0.00e+00	0.00e+00	0.00e+00
 4.77853e+21	6.89e-01	3.11e-01	1.68e-04	7.17e-06	0.00e+00	0.00e+00	0.00e+00	0.00e+00
 4.78389e+21	7.01e-01	2.99e-01	1.56e-04	6.85e-06	0.00e+00	0.00e+00	0.00e+00	0.00e+00
 4.78934e+21	7.13e-01	2.87e-01	1.46e-04	6.55e-06	0.00e+00	0.00e+00	0.00e+00	0.00e+00
 4.79490e+21	7.24e-01	2.76e-01	1.37e-04	6.27e-06	0.00e+00	0.00e+00	0.00e+00	0.00e+00
 4.80065e+21	7.34e-01	2.65e-01	1.30e-04	6.01e-06	0.00e+00	0.00e+00	0.00e+00	0.00e+00
 4.80664e+21	7.44e-01	2.56e-01	1.23e-04	5.77e-06	0.00e+00	0.00e+00	0.00e+00	0.00e+00
 4.81292e+21	7.54e-01	2.46e-01	1.18e-04	5.55e-06	0.00e+00	0.00e+00	0.00e+00	0.00e+00
 4.81954e+21	7.62e-01	2.38e-01	1.13e-04	5.34e-06	0.00e+00	0.00e+00	0.00e+00	0.00e+00
 4.82665e+21	7.70e-01	2.30e-01	1.08e-04	5.15e-06	0.00e+00	0.00e+00	0.00e+00	0.00e+00
 4.83442e+21	7.78e-01	2.22e-01	1.05e-04	4.97e-06	0.00e+00	0.00e+00	0.00e+00	0.00e+00
 4.84299e+21	7.85e-01	2.15e-01	1.01e-04	4.81e-06	0.00e+00	0.00e+00	0.00e+00	0.00e+00
 4.85272e+21	7.91e-01	2.09e-01	9.85e-05	4.66e-06	0.00e+00	0.00e+00	0.00e+00	0.00e+00
 4.86405e+21	7.97e-01	2.03e-01	9.60e-05	4.53e-06	0.00e+00	0.00e+00	0.00e+00	0.00e+00
 4.87616e+21	8.02e-01	1.98e-01	9.41e-05	4.42e-06	0.00e+00	0.00e+00	0.00e+00	0.00e+00
 4.88812e+21	8.05e-01	1.95e-01	9.27e-05	4.34e-06	0.00e+00	0.00e+00	0.00e+00	0.00e+00
 4.89997e+21	8.07e-01	1.92e-01	9.17e-05	4.28e-06	0.00e+00	0.00e+00	0.00e+00	0.00e+00
 4.91174e+21	8.10e-01	1.90e-01	9.09e-05	4.23e-06	0.00e+00	0.00e+00	0.00e+00	0.00e+00
 4.92344e+21	8.12e-01	1.88e-01	9.02e-05	4.18e-06	0.00e+00	0.00e+00	0.00e+00	0.00e+00
 4.93509e+21	8.13e-01	1.87e-01	8.97e-05	4.15e-06	0.00e+00	0.00e+00	0.00e+00	0.00e+00
 4.94670e+21	8.14e-01	1.86e-01	8.93e-05	4.13e-06	0.00e+00	0.00e+00	0.00e+00	0.00e+00
 4.96004e+21	8.15e-01	1.85e-01	8.88e-05	4.10e-06	0.00e+00	0.00e+00	0.00e+00	0.00e+00
 4.97738e+21	8.17e-01	1.83e-01	8.82e-05	4.06e-06	0.00e+00	0.00e+00	0.00e+00	0.00e+00
 4.99992e+21	8.18e-01	1.82e-01	8.76e-05	4.03e-06	0.00e+00	0.00e+00	0.00e+00	0.00e+00
 5.02923e+21	8.19e-01	1.81e-01	8.68e-05	3.98e-06	0.00e+00	0.00e+00	0.00e+00	0.00e+00
 5.06732e+21	8.21e-01	1.79e-01	8.59e-05	3.92e-06	0.00e+00	0.00e+00	0.00e+00	0.00e+00
 5.11685e+21	8.24e-01	1.76e-01	8.48e-05	3.85e-06	0.00e+00	0.00e+00	0.00e+00	0.00e+00
 5.18123e+21	8.27e-01	1.73e-01	8.34e-05	3.76e-06	0.00e+00	0.00e+00	0.00e+00	0.00e+00
 5.26492e+21	8.30e-01	1.70e-01	8.17e-05	3.65e-06	0.00e+00	0.00e+00	0.00e+00	0.00e+00
 5.37373e+21	8.35e-01	1.65e-01	7.96e-05	3.51e-06	0.00e+00	0.00e+00	0.00e+00	0.00e+00
 5.51517e+21	8.40e-01	1.60e-01	7.71e-05	3.35e-06	0.00e+00	0.00e+00	0.00e+00	0.00e+00
 5.69905e+21	8.47e-01	1.53e-01	7.40e-05	3.16e-06	0.00e+00	0.00e+00	0.00e+00	0.00e+00
 5.91732e+21	8.54e-01	1.46e-01	7.09e-05	2.95e-06	0.00e+00	0.00e+00	0.00e+00	0.00e+00
 6.14766e+21	8.60e-01	1.40e-01	6.79e-05	2.76e-06	0.00e+00	0.00e+00	0.00e+00	0.00e+00
 6.38457e+21	8.66e-01	1.34e-01	6.50e-05	2.58e-06	0.00e+00	0.00e+00	0.00e+00	0.00e+00
 6.63657e+21	8.72e-01	1.28e-01	6.22e-05	2.41e-06	0.00e+00	0.00e+00	0.00e+00	0.00e+00
 6.91020e+21	8.78e-01	1.22e-01	5.95e-05	2.24e-06	0.00e+00	0.00e+00	0.00e+00	0.00e+00
 7.20639e+21	8.84e-01	1.16e-01	5.67e-05	2.07e-06	0.00e+00	0.00e+00	0.00e+00	0.00e+00
 7.52405e+21	8.89e-01	1.11e-01	5.39e-05	1.91e-06	0.00e+00	0.00e+00	0.00e+00	0.00e+00
 7.86894e+21	8.94e-01	1.06e-01	5.12e-05	1.75e-06	0.00e+00	0.00e+00	0.00e+00	0.00e+00
 8.24500e+21	9.00e-01	1.00e-01	4.84e-05	1.60e-06	0.00e+00	0.00e+00	0.00e+00	0.00e+00
 8.65187e+21	9.05e-01	9.51e-02	4.56e-05	1.46e-06	0.00e+00	0.00e+00	0.00e+00	0.00e+00
 9.09427e+21	9.10e-01	9.02e-02	4.29e-05	1.32e-06	0.00e+00	0.00e+00	0.00e+00	0.00e+00
 9.54720e+21	9.14e-01	8.58e-02	4.03e-05	1.19e-06	0.00e+00	0.00e+00	0.00e+00	0.00e+00
 9.97388e+21	9.18e-01	8.20e-02	3.81e-05	1.09e-06	0.00e+00	0.00e+00	0.00e+00	0.00e+00
 1.03750e+22	9.21e-01	7.88e-02	3.61e-05	1.00e-06	0.00e+00	0.00e+00	0.00e+00	0.00e+00
 1.08274e+22	9.24e-01	7.55e-02	3.40e-05	9.10e-07	0.00e+00	0.00e+00	0.00e+00	0.00e+00
 1.13123e+22	9.28e-01	7.24e-02	3.19e-05	8.27e-07	0.00e+00	0.00e+00	0.00e+00	0.00e+00
 1.17295e+22	9.30e-01	7.00e-02	3.03e-05	7.64e-07	0.00e+00	0.00e+00	0.00e+00	0.00e+00
 1.20958e+22	9.32e-01	6.80e-02	2.90e-05	7.13e-07	0.00e+00	0.00e+00	0.00e+00	0.00e+00
 1.25062e+22	9.34e-01	6.58e-02	2.75e-05	6.60e-07	0.00e+00	0.00e+00	0.00e+00	0.00e+00
 1.29647e+22	9.36e-01	6.38e-02	2.60e-05	6.07e-07	0.00e+00	0.00e+00	0.00e+00	0.00e+00
 1.33830e+22	9.38e-01	6.21e-02	2.47e-05	5.64e-07	0.00e+00	0.00e+00	0.00e+00	0.00e+00
 1.37544e+22	9.39e-01	6.06e-02	2.37e-05	5.29e-07	0.00e+00	0.00e+00	0.00e+00	0.00e+00
 1.41678e+22	9.41e-01	5.91e-02	2.25e-05	4.92e-07	0.00e+00	0.00e+00	0.00e+00	0.00e+00
 1.46238e+22	9.42e-01	5.75e-02	2.13e-05	4.56e-07	0.00e+00	0.00e+00	0.00e+00	0.00e+00
 1.50351e+22	9.44e-01	5.63e-02	2.03e-05	4.27e-07	0.00e+00	0.00e+00	0.00e+00	0.00e+00
 1.54028e+22	9.45e-01	5.52e-02	1.95e-05	4.02e-07	0.00e+00	0.00e+00	0.00e+00	0.00e+00
 1.58138e+22	9.46e-01	5.42e-02	1.85e-05	3.76e-07	0.00e+00	0.00e+00	0.00e+00	0.00e+00
 1.62679e+22	9.47e-01	5.29e-02	1.76e-05	3.51e-07	0.00e+00	0.00e+00	0.00e+00	0.00e+00
 1.66791e+22	9.48e-01	5.19e-02	1.68e-05	3.30e-07	0.00e+00	0.00e+00	0.00e+00	0.00e+00
 1.70488e+22	9.49e-01	5.11e-02	1.61e-05	3.12e-07	0.00e+00	0.00e+00	0.00e+00	0.00e+00
 1.74633e+22	9.50e-01	5.03e-02	1.54e-05	2.93e-07	0.00e+00	0.00e+00	0.00e+00	0.00e+00
 1.79215e+22	9.51e-01	4.93e-02	1.46e-05	2.74e-07	0.00e+00	0.00e+00	0.00e+00	0.00e+00
 1.83375e+22	9.51e-01	4.86e-02	1.40e-05	2.59e-07	0.00e+00	0.00e+00	0.00e+00	0.00e+00
 1.87135e+22	9.52e-01	4.78e-02	1.34e-05	2.45e-07	0.00e+00	0.00e+00	0.00e+00	0.00e+00
 1.91364e+22	9.53e-01	4.72e-02	1.28e-05	2.31e-07	0.00e+00	0.00e+00	0.00e+00	0.00e+00
 1.96056e+22	9.54e-01	4.65e-02	1.22e-05	2.17e-07	0.00e+00	0.00e+00	0.00e+00	0.00e+00
 2.00347e+22	9.54e-01	4.58e-02	1.16e-05	2.05e-07	0.00e+00	0.00e+00	0.00e+00	0.00e+00
 2.04254e+22	9.55e-01	4.52e-02	1.11e-05	1.94e-07	0.00e+00	0.00e+00	0.00e+00	0.00e+00
 2.08664e+22	9.56e-01	4.45e-02	1.06e-05	1.83e-07	0.00e+00	0.00e+00	0.00e+00	0.00e+00
 2.13516e+22	9.56e-01	4.38e-02	1.01e-05	1.72e-07	0.00e+00	0.00e+00	0.00e+00	0.00e+00
 2.17984e+22	9.57e-01	4.33e-02	9.65e-06	1.63e-07	0.00e+00	0.00e+00	0.00e+00	0.00e+00
 2.22834e+22	9.57e-01	4.27e-02	9.16e-06	1.53e-07	0.00e+00	0.00e+00	0.00e+00	0.00e+00
 2.28188e+22	9.58e-01	4.21e-02	8.67e-06	1.43e-07	0.00e+00	0.00e+00	0.00e+00	0.00e+00
 2.33150e+22	9.58e-01	4.18e-02	8.25e-06	1.35e-07	0.00e+00	0.00e+00	0.00e+00	0.00e+00
 2.38553e+22	9.59e-01	4.12e-02	7.80e-06	1.26e-07	0.00e+00	0.00e+00	0.00e+00	0.00e+00
 2.44954e+22	9.59e-01	4.06e-02	7.32e-06	0.00e+00	0.00e+00	0.00e+00	0.00e+00	0.00e+00
 2.51316e+22	9.60e-01	4.00e-02	6.87e-06	0.00e+00	0.00e+00	0.00e+00	0.00e+00	0.00e+00
 2.57041e+22	9.60e-01	3.97e-02	6.51e-06	0.00e+00	0.00e+00	0.00e+00	0.00e+00	0.00e+00
 2.62194e+22	9.61e-01	3.93e-02	6.19e-06	0.00e+00	0.00e+00	0.00e+00	0.00e+00	0.00e+00
 2.66831e+22	9.61e-01	3.89e-02	5.93e-06	0.00e+00	0.00e+00	0.00e+00	0.00e+00	0.00e+00
 2.71005e+22	9.61e-01	3.88e-02	5.70e-06	0.00e+00	0.00e+00	0.00e+00	0.00e+00	0.00e+00
 2.74761e+22	9.61e-01	3.86e-02	5.50e-06	0.00e+00	0.00e+00	0.00e+00	0.00e+00	0.00e+00
 2.78142e+22	9.61e-01	3.85e-02	5.33e-06	0.00e+00	0.00e+00	0.00e+00	0.00e+00	0.00e+00
 2.81286e+22	9.62e-01	3.83e-02	5.18e-06	0.00e+00	0.00e+00	0.00e+00	0.00e+00	0.00e+00
 2.84372e+22	9.62e-01	3.83e-02	5.03e-06	0.00e+00	0.00e+00	0.00e+00	0.00e+00	0.00e+00
 2.87457e+22	9.62e-01	3.81e-02	4.89e-06	0.00e+00	0.00e+00	0.00e+00	0.00e+00	0.00e+00
 2.90543e+22	9.62e-01	3.80e-02	4.75e-06	0.00e+00	0.00e+00	0.00e+00	0.00e+00	0.00e+00
 2.93629e+22	9.62e-01	3.79e-02	4.61e-06	0.00e+00	0.00e+00	0.00e+00	0.00e+00	0.00e+00
 2.96714e+22	9.62e-01	3.77e-02	4.48e-06	0.00e+00	0.00e+00	0.00e+00	0.00e+00	0.00e+00
 2.99800e+22	9.63e-01	3.74e-02	4.36e-06	0.00e+00	0.00e+00	0.00e+00	0.00e+00	0.00e+00
 3.02886e+22	9.63e-01	3.73e-02	4.24e-06	0.00e+00	0.00e+00	0.00e+00	0.00e+00	0.00e+00
 3.05576e+22	9.63e-01	3.70e-02	4.14e-06	0.00e+00	0.00e+00	0.00e+00	0.00e+00	0.00e+00
 3.07230e+22	9.63e-01	3.68e-02	4.08e-06	0.00e+00	0.00e+00	0.00e+00	0.00e+00	0.00e+00
 3.07940e+22	9.63e-01	3.67e-02	4.06e-06	0.00e+00	0.00e+00	0.00e+00	0.00e+00	0.00e+00
 3.08315e+22	9.63e-01	3.67e-02	4.04e-06	0.00e+00	0.00e+00	0.00e+00	0.00e+00	0.00e+00
 3.08527e+22	9.63e-01	3.66e-02	4.03e-06	0.00e+00	0.00e+00	0.00e+00	0.00e+00	0.00e+00
