#depth	He	He+	He+2
 1.48646e+17	2.08e-03	2.92e-01	7.06e-01
 8.91876e+17	2.08e-03	2.92e-01	7.05e-01
 3.86479e+18	2.07e-03	2.93e-01	7.05e-01
 1.57565e+19	2.03e-03	2.95e-01	7.03e-01
 3.76372e+19	1.91e-03	2.92e-01	7.06e-01
 6.60820e+19	1.84e-03	2.94e-01	7.04e-01
 1.03060e+20	1.82e-03	3.02e-01	6.96e-01
 1.51132e+20	1.87e-03	3.19e-01	6.79e-01
 2.13626e+20	2.01e-03	3.47e-01	6.51e-01
 2.90156e+20	2.28e-03	3.90e-01	6.07e-01
 3.83235e+20	2.80e-03	4.57e-01	5.41e-01
 4.69196e+20	3.41e-03	5.26e-01	4.70e-01
 5.24155e+20	3.92e-03	5.73e-01	4.23e-01
 5.60168e+20	4.30e-03	6.04e-01	3.92e-01
 5.90071e+20	4.66e-03	6.29e-01	3.67e-01
 6.24016e+20	5.12e-03	6.56e-01	3.38e-01
 6.59202e+20	5.61e-03	6.83e-01	3.12e-01
 6.88388e+20	6.04e-03	7.03e-01	2.91e-01
 7.14422e+20	6.47e-03	7.20e-01	2.73e-01
 7.43975e+20	7.02e-03	7.39e-01	2.54e-01
 7.74928e+20	7.61e-03	7.57e-01	2.35e-01
 8.00860e+20	8.13e-03	7.70e-01	2.21e-01
 8.23923e+20	8.66e-03	7.82e-01	2.09e-01
 8.50097e+20	9.34e-03	7.95e-01	1.96e-01
 8.77953e+20	1.01e-02	8.06e-01	1.84e-01
 9.01929e+20	1.08e-02	8.15e-01	1.74e-01
 9.23353e+20	1.16e-02	8.23e-01	1.65e-01
 9.47529e+20	1.25e-02	8.31e-01	1.56e-01
 9.73441e+20	1.36e-02	8.39e-01	1.47e-01
 9.95989e+20	1.48e-02	8.45e-01	1.40e-01
 1.01620e+21	1.59e-02	8.50e-01	1.34e-01
 1.03899e+21	1.75e-02	8.55e-01	1.27e-01
 1.06354e+21	1.94e-02	8.60e-01	1.21e-01
 1.08443e+21	2.13e-02	8.63e-01	1.15e-01
 1.10143e+21	2.32e-02	8.65e-01	1.12e-01
 1.11687e+21	2.51e-02	8.67e-01	1.08e-01
 1.13452e+21	2.76e-02	8.68e-01	1.04e-01
 1.15286e+21	3.07e-02	8.69e-01	1.01e-01
 1.16765e+21	3.34e-02	8.68e-01	9.82e-02
 1.18014e+21	3.62e-02	8.68e-01	9.60e-02
 1.19408e+21	3.98e-02	8.67e-01	9.36e-02
 1.20914e+21	4.41e-02	8.65e-01	9.13e-02
 1.22225e+21	4.83e-02	8.62e-01	8.95e-02
 1.23384e+21	5.26e-02	8.59e-01	8.80e-02
 1.24687e+21	5.81e-02	8.56e-01	8.63e-02
 1.26116e+21	6.51e-02	8.50e-01	8.47e-02
 1.27411e+21	7.18e-02	8.45e-01	8.36e-02
 1.28760e+21	8.03e-02	8.37e-01	8.23e-02
 1.30395e+21	9.19e-02	8.27e-01	8.11e-02
 1.32053e+21	1.05e-01	8.15e-01	8.01e-02
 1.33436e+21	1.18e-01	8.02e-01	7.94e-02
 1.34596e+21	1.30e-01	7.91e-01	7.88e-02
 1.35680e+21	1.43e-01	7.79e-01	7.83e-02
 1.36768e+21	1.56e-01	7.66e-01	7.77e-02
 1.37864e+21	1.71e-01	7.52e-01	7.72e-02
 1.38910e+21	1.86e-01	7.37e-01	7.66e-02
 1.39906e+21	2.01e-01	7.23e-01	7.61e-02
 1.40725e+21	2.14e-01	7.10e-01	7.57e-02
 1.41313e+21	2.24e-01	7.01e-01	7.53e-02
 1.41879e+21	2.34e-01	6.91e-01	7.49e-02
 1.42537e+21	2.46e-01	6.80e-01	7.43e-02
 1.43255e+21	2.60e-01	6.67e-01	7.36e-02
 1.43969e+21	2.73e-01	6.54e-01	7.30e-02
 1.44695e+21	2.87e-01	6.41e-01	7.22e-02
 1.45450e+21	3.02e-01	6.27e-01	7.15e-02
 1.46245e+21	3.18e-01	6.12e-01	7.05e-02
 1.47086e+21	3.35e-01	5.96e-01	6.94e-02
 1.47965e+21	3.52e-01	5.79e-01	6.81e-02
 1.48890e+21	3.70e-01	5.63e-01	6.68e-02
 1.49891e+21	3.90e-01	5.45e-01	6.53e-02
 1.50989e+21	4.10e-01	5.27e-01	6.36e-02
 1.52204e+21	4.31e-01	5.08e-01	6.17e-02
 1.53558e+21	4.52e-01	4.89e-01	5.97e-02
 1.55115e+21	4.74e-01	4.69e-01	5.73e-02
 1.56829e+21	4.93e-01	4.52e-01	5.51e-02
 1.58545e+21	5.10e-01	4.37e-01	5.29e-02
 1.60223e+21	5.23e-01	4.25e-01	5.11e-02
 1.62132e+21	5.37e-01	4.14e-01	4.90e-02
 1.64614e+21	5.51e-01	4.03e-01	4.67e-02
 1.67841e+21	5.65e-01	3.91e-01	4.39e-02
 1.72037e+21	5.81e-01	3.78e-01	4.09e-02
 1.77490e+21	5.98e-01	3.65e-01	3.75e-02
 1.84202e+21	6.15e-01	3.51e-01	3.39e-02
 1.91615e+21	6.33e-01	3.37e-01	3.06e-02
 1.99291e+21	6.49e-01	3.23e-01	2.77e-02
 2.07289e+21	6.65e-01	3.10e-01	2.50e-02
 2.15799e+21	6.81e-01	2.97e-01	2.26e-02
 2.24887e+21	6.96e-01	2.84e-01	2.03e-02
 2.34513e+21	7.10e-01	2.71e-01	1.83e-02
 2.44673e+21	7.24e-01	2.59e-01	1.65e-02
 2.55425e+21	7.38e-01	2.47e-01	1.48e-02
 2.66840e+21	7.51e-01	2.36e-01	1.33e-02
 2.78965e+21	7.64e-01	2.24e-01	1.19e-02
 2.91836e+21	7.76e-01	2.14e-01	1.07e-02
 3.05499e+21	7.87e-01	2.03e-01	9.54e-03
 3.20022e+21	7.99e-01	1.93e-01	8.53e-03
 3.35486e+21	8.10e-01	1.83e-01	7.61e-03
 3.51961e+21	8.20e-01	1.73e-01	6.78e-03
 3.69513e+21	8.30e-01	1.64e-01	6.04e-03
 3.88238e+21	8.39e-01	1.55e-01	5.37e-03
 4.08247e+21	8.49e-01	1.47e-01	4.76e-03
 4.29667e+21	8.57e-01	1.38e-01	4.22e-03
 4.52634e+21	8.66e-01	1.31e-01	3.73e-03
 4.77304e+21	8.74e-01	1.23e-01	3.29e-03
 5.03764e+21	8.81e-01	1.16e-01	2.90e-03
 5.32372e+21	8.89e-01	1.09e-01	2.55e-03
 5.63417e+21	8.96e-01	1.02e-01	2.24e-03
 5.97154e+21	9.03e-01	9.55e-02	1.96e-03
 6.34041e+21	9.09e-01	8.94e-02	1.71e-03
 6.74319e+21	9.15e-01	8.35e-02	1.49e-03
 7.18690e+21	9.21e-01	7.79e-02	1.29e-03
 7.67911e+21	9.26e-01	7.25e-02	1.12e-03
 8.22961e+21	9.32e-01	6.74e-02	9.65e-04
 8.84986e+21	9.37e-01	6.26e-02	8.29e-04
 9.55520e+21	9.41e-01	5.80e-02	7.10e-04
 1.03755e+22	9.46e-01	5.36e-02	6.06e-04
 1.13419e+22	9.50e-01	4.95e-02	5.16e-04
 1.24582e+22	9.54e-01	4.58e-02	4.40e-04
 1.37041e+22	9.57e-01	4.26e-02	3.80e-04
 1.50745e+22	9.60e-01	3.99e-02	3.33e-04
 1.65455e+22	9.62e-01	3.77e-02	2.97e-04
 1.79766e+22	9.64e-01	3.61e-02	2.72e-04
 1.92647e+22	9.65e-01	3.50e-02	2.55e-04
 2.04239e+22	9.66e-01	3.42e-02	2.43e-04
 2.14672e+22	9.66e-01	3.35e-02	2.34e-04
 2.24061e+22	9.67e-01	3.30e-02	2.27e-04
 2.32512e+22	9.67e-01	3.27e-02	2.22e-04
 2.40117e+22	9.67e-01	3.24e-02	2.18e-04
 2.46962e+22	9.68e-01	3.21e-02	2.14e-04
 2.53123e+22	9.68e-01	3.19e-02	2.12e-04
 2.58667e+22	9.68e-01	3.18e-02	2.10e-04
 2.63658e+22	9.68e-01	3.16e-02	2.08e-04
 2.68149e+22	9.68e-01	3.15e-02	2.07e-04
 2.72190e+22	9.68e-01	3.14e-02	2.06e-04
 2.75828e+22	9.68e-01	3.14e-02	2.04e-04
 2.79102e+22	9.68e-01	3.13e-02	2.04e-04
 2.82196e+22	9.69e-01	3.12e-02	2.03e-04
 2.85281e+22	9.69e-01	3.12e-02	2.03e-04
 2.88367e+22	9.69e-01	3.12e-02	2.02e-04
 2.91453e+22	9.69e-01	3.11e-02	2.02e-04
 2.94539e+22	9.69e-01	3.11e-02	2.01e-04
 2.97624e+22	9.69e-01	3.11e-02	2.01e-04
 3.00710e+22	9.69e-01	3.10e-02	2.00e-04
 3.03796e+22	9.69e-01	3.10e-02	2.00e-04
 3.06881e+22	9.69e-01	3.10e-02	2.00e-04
 3.08496e+22	9.69e-01	3.10e-02	2.01e-04
