#depth	O	O+	O+2	O+3	O+4	O+5	O+6	O+7	O+8	O[1]	O[2]	O[3]
 1.08134e+17	8.26e-04	1.29e-01	7.02e-01	1.62e-01	5.84e-03	2.81e-05	0.00e+00	0.00e+00	0.00e+00	8.26e-04	6.13e-09	6.93e-09
 6.48802e+17	8.24e-04	1.29e-01	7.03e-01	1.62e-01	5.81e-03	2.79e-05	0.00e+00	0.00e+00	0.00e+00	8.24e-04	6.11e-09	6.92e-09
 2.81148e+18	8.11e-04	1.27e-01	7.05e-01	1.61e-01	5.76e-03	2.77e-05	0.00e+00	0.00e+00	0.00e+00	8.11e-04	6.01e-09	6.80e-09
 1.14622e+19	7.66e-04	1.22e-01	7.14e-01	1.58e-01	5.56e-03	2.69e-05	0.00e+00	0.00e+00	0.00e+00	7.66e-04	5.68e-09	6.43e-09
 2.73795e+19	6.47e-04	1.09e-01	7.27e-01	1.58e-01	5.42e-03	2.72e-05	0.00e+00	0.00e+00	0.00e+00	6.47e-04	4.80e-09	5.44e-09
 4.80719e+19	5.67e-04	1.01e-01	7.40e-01	1.53e-01	5.11e-03	2.63e-05	0.00e+00	0.00e+00	0.00e+00	5.67e-04	4.20e-09	4.76e-09
 7.49721e+19	5.11e-04	9.44e-02	7.55e-01	1.45e-01	4.64e-03	2.44e-05	0.00e+00	0.00e+00	0.00e+00	5.11e-04	3.78e-09	4.29e-09
 1.09942e+20	4.77e-04	9.11e-02	7.73e-01	1.32e-01	3.99e-03	2.13e-05	0.00e+00	0.00e+00	0.00e+00	4.77e-04	3.54e-09	4.01e-09
 1.55404e+20	4.70e-04	9.13e-02	7.92e-01	1.13e-01	3.19e-03	1.71e-05	0.00e+00	0.00e+00	0.00e+00	4.70e-04	3.48e-09	3.95e-09
 2.14503e+20	5.09e-04	9.75e-02	8.10e-01	8.94e-02	2.26e-03	1.20e-05	0.00e+00	0.00e+00	0.00e+00	5.09e-04	3.77e-09	4.28e-09
 2.91333e+20	6.20e-04	1.12e-01	8.23e-01	6.23e-02	1.37e-03	7.00e-06	0.00e+00	0.00e+00	0.00e+00	6.20e-04	4.58e-09	5.20e-09
 3.72578e+20	7.95e-04	1.33e-01	8.25e-01	4.10e-02	7.73e-04	3.78e-06	0.00e+00	0.00e+00	0.00e+00	7.95e-04	5.87e-09	6.67e-09
 4.37135e+20	1.01e-03	1.53e-01	8.16e-01	2.89e-02	4.86e-04	2.26e-06	0.00e+00	0.00e+00	0.00e+00	1.01e-03	7.42e-09	8.42e-09
 4.84101e+20	1.22e-03	1.71e-01	8.05e-01	2.23e-02	3.49e-04	1.54e-06	0.00e+00	0.00e+00	0.00e+00	1.22e-03	8.98e-09	1.02e-08
 5.23531e+20	1.45e-03	1.87e-01	7.93e-01	1.79e-02	2.66e-04	1.11e-06	0.00e+00	0.00e+00	0.00e+00	1.45e-03	1.07e-08	1.21e-08
 5.67692e+20	1.79e-03	2.09e-01	7.75e-01	1.38e-02	1.96e-04	7.58e-07	0.00e+00	0.00e+00	0.00e+00	1.79e-03	1.32e-08	1.50e-08
 6.13799e+20	2.22e-03	2.32e-01	7.55e-01	1.07e-02	1.48e-04	5.21e-07	0.00e+00	0.00e+00	0.00e+00	2.22e-03	1.64e-08	1.86e-08
 6.52407e+20	2.69e-03	2.54e-01	7.35e-01	8.57e-03	1.18e-04	3.80e-07	0.00e+00	0.00e+00	0.00e+00	2.69e-03	1.99e-08	2.25e-08
 6.86534e+20	3.22e-03	2.76e-01	7.14e-01	7.01e-03	9.80e-05	2.86e-07	0.00e+00	0.00e+00	0.00e+00	3.22e-03	2.38e-08	2.68e-08
 7.24862e+20	3.99e-03	3.03e-01	6.87e-01	5.51e-03	7.96e-05	2.04e-07	0.00e+00	0.00e+00	0.00e+00	3.99e-03	2.96e-08	3.33e-08
 7.64571e+20	5.02e-03	3.34e-01	6.56e-01	4.29e-03	6.54e-05	1.44e-07	0.00e+00	0.00e+00	0.00e+00	5.02e-03	3.73e-08	4.18e-08
 7.96578e+20	6.10e-03	3.62e-01	6.28e-01	3.48e-03	5.62e-05	0.00e+00	0.00e+00	0.00e+00	0.00e+00	6.10e-03	4.55e-08	5.07e-08
 8.23528e+20	7.27e-03	3.89e-01	6.01e-01	2.87e-03	4.94e-05	0.00e+00	0.00e+00	0.00e+00	0.00e+00	7.27e-03	5.43e-08	6.03e-08
 8.53400e+20	8.93e-03	4.21e-01	5.68e-01	2.28e-03	4.26e-05	0.00e+00	0.00e+00	0.00e+00	0.00e+00	8.93e-03	6.68e-08	7.39e-08
 8.85067e+20	1.12e-02	4.58e-01	5.29e-01	1.77e-03	3.66e-05	0.00e+00	0.00e+00	0.00e+00	0.00e+00	1.12e-02	8.39e-08	9.23e-08
 9.11622e+20	1.36e-02	4.91e-01	4.94e-01	1.40e-03	3.20e-05	0.00e+00	0.00e+00	0.00e+00	0.00e+00	1.36e-02	1.03e-07	1.12e-07
 9.34147e+20	1.62e-02	5.21e-01	4.61e-01	1.14e-03	2.84e-05	0.00e+00	0.00e+00	0.00e+00	0.00e+00	1.62e-02	1.22e-07	1.33e-07
 9.58876e+20	1.98e-02	5.56e-01	4.23e-01	8.83e-04	2.46e-05	0.00e+00	0.00e+00	0.00e+00	0.00e+00	1.98e-02	1.50e-07	1.62e-07
 9.85384e+20	2.48e-02	5.95e-01	3.80e-01	6.61e-04	2.09e-05	0.00e+00	0.00e+00	0.00e+00	0.00e+00	2.48e-02	1.87e-07	2.02e-07
 1.00799e+21	3.01e-02	6.28e-01	3.42e-01	5.06e-04	1.79e-05	0.00e+00	0.00e+00	0.00e+00	0.00e+00	3.01e-02	2.28e-07	2.45e-07
 1.02733e+21	3.59e-02	6.56e-01	3.08e-01	3.93e-04	1.54e-05	0.00e+00	0.00e+00	0.00e+00	0.00e+00	3.59e-02	2.72e-07	2.90e-07
 1.04865e+21	4.39e-02	6.86e-01	2.69e-01	2.91e-04	1.29e-05	0.00e+00	0.00e+00	0.00e+00	0.00e+00	4.39e-02	3.31e-07	3.53e-07
 1.07155e+21	5.45e-02	7.16e-01	2.30e-01	2.06e-04	1.04e-05	0.00e+00	0.00e+00	0.00e+00	0.00e+00	5.45e-02	4.09e-07	4.34e-07
 1.09083e+21	6.60e-02	7.38e-01	1.96e-01	1.49e-04	8.43e-06	0.00e+00	0.00e+00	0.00e+00	0.00e+00	6.60e-02	4.93e-07	5.21e-07
 1.10609e+21	7.67e-02	7.52e-01	1.71e-01	1.15e-04	7.08e-06	0.00e+00	0.00e+00	0.00e+00	0.00e+00	7.67e-02	5.69e-07	6.00e-07
 1.12183e+21	9.02e-02	7.64e-01	1.46e-01	8.49e-05	5.75e-06	0.00e+00	0.00e+00	0.00e+00	0.00e+00	9.02e-02	6.63e-07	6.98e-07
 1.13835e+21	1.07e-01	7.71e-01	1.22e-01	6.11e-05	4.54e-06	0.00e+00	0.00e+00	0.00e+00	0.00e+00	1.07e-01	7.77e-07	8.16e-07
 1.15175e+21	1.23e-01	7.74e-01	1.04e-01	4.63e-05	3.70e-06	0.00e+00	0.00e+00	0.00e+00	0.00e+00	1.23e-01	8.81e-07	9.24e-07
 1.16271e+21	1.37e-01	7.73e-01	8.99e-02	3.65e-05	3.08e-06	0.00e+00	0.00e+00	0.00e+00	0.00e+00	1.37e-01	9.76e-07	1.02e-06
 1.17467e+21	1.56e-01	7.68e-01	7.58e-02	2.77e-05	2.48e-06	0.00e+00	0.00e+00	0.00e+00	0.00e+00	1.56e-01	1.09e-06	1.14e-06
 1.18732e+21	1.77e-01	7.60e-01	6.30e-02	2.08e-05	1.95e-06	0.00e+00	0.00e+00	0.00e+00	0.00e+00	1.77e-01	1.22e-06	1.27e-06
 1.19797e+21	1.97e-01	7.50e-01	5.33e-02	1.62e-05	1.58e-06	0.00e+00	0.00e+00	0.00e+00	0.00e+00	1.97e-01	1.33e-06	1.39e-06
 1.20716e+21	2.16e-01	7.38e-01	4.56e-02	1.30e-05	1.30e-06	0.00e+00	0.00e+00	0.00e+00	0.00e+00	2.16e-01	1.44e-06	1.50e-06
 1.21733e+21	2.38e-01	7.23e-01	3.81e-02	1.02e-05	1.04e-06	0.00e+00	0.00e+00	0.00e+00	0.00e+00	2.38e-01	1.55e-06	1.62e-06
 1.22828e+21	2.64e-01	7.04e-01	3.12e-02	7.81e-06	8.04e-07	0.00e+00	0.00e+00	0.00e+00	0.00e+00	2.64e-01	1.68e-06	1.76e-06
 1.23766e+21	2.87e-01	6.87e-01	2.62e-02	6.28e-06	6.47e-07	0.00e+00	0.00e+00	0.00e+00	0.00e+00	2.87e-01	1.79e-06	1.86e-06
 1.24594e+21	3.09e-01	6.69e-01	2.22e-02	5.16e-06	5.27e-07	0.00e+00	0.00e+00	0.00e+00	0.00e+00	3.09e-01	1.88e-06	1.96e-06
 1.25532e+21	3.35e-01	6.46e-01	1.82e-02	4.13e-06	4.13e-07	0.00e+00	0.00e+00	0.00e+00	0.00e+00	3.35e-01	1.98e-06	2.07e-06
 1.26547e+21	3.64e-01	6.21e-01	1.47e-02	3.27e-06	3.17e-07	0.00e+00	0.00e+00	0.00e+00	0.00e+00	3.64e-01	2.09e-06	2.18e-06
 1.27445e+21	3.90e-01	5.98e-01	1.21e-02	2.69e-06	2.50e-07	0.00e+00	0.00e+00	0.00e+00	0.00e+00	3.90e-01	2.17e-06	2.26e-06
 1.28326e+21	4.16e-01	5.74e-01	9.85e-03	2.22e-06	1.96e-07	0.00e+00	0.00e+00	0.00e+00	0.00e+00	4.16e-01	2.24e-06	2.34e-06
 1.29321e+21	4.46e-01	5.46e-01	7.77e-03	1.80e-06	1.48e-07	0.00e+00	0.00e+00	0.00e+00	0.00e+00	4.46e-01	2.31e-06	2.41e-06
 1.30339e+21	4.77e-01	5.17e-01	6.07e-03	1.47e-06	0.00e+00	0.00e+00	0.00e+00	0.00e+00	0.00e+00	4.77e-01	2.37e-06	2.47e-06
 1.31250e+21	5.04e-01	4.91e-01	4.84e-03	1.24e-06	0.00e+00	0.00e+00	0.00e+00	0.00e+00	0.00e+00	5.04e-01	2.41e-06	2.51e-06
 1.32058e+21	5.29e-01	4.67e-01	3.94e-03	1.06e-06	0.00e+00	0.00e+00	0.00e+00	0.00e+00	0.00e+00	5.29e-01	2.44e-06	2.54e-06
 1.32823e+21	5.52e-01	4.45e-01	3.22e-03	9.28e-07	0.00e+00	0.00e+00	0.00e+00	0.00e+00	0.00e+00	5.52e-01	2.46e-06	2.56e-06
 1.33579e+21	5.74e-01	4.23e-01	2.63e-03	8.13e-07	0.00e+00	0.00e+00	0.00e+00	0.00e+00	0.00e+00	5.74e-01	2.46e-06	2.56e-06
 1.34318e+21	5.95e-01	4.03e-01	2.15e-03	7.20e-07	0.00e+00	0.00e+00	0.00e+00	0.00e+00	0.00e+00	5.95e-01	2.46e-06	2.56e-06
 1.34901e+21	6.11e-01	3.87e-01	1.85e-03	6.58e-07	0.00e+00	0.00e+00	0.00e+00	0.00e+00	0.00e+00	6.11e-01	2.46e-06	2.56e-06
 1.35298e+21	6.22e-01	3.77e-01	1.66e-03	6.19e-07	0.00e+00	0.00e+00	0.00e+00	0.00e+00	0.00e+00	6.22e-01	2.45e-06	2.55e-06
 1.35673e+21	6.32e-01	3.66e-01	1.49e-03	5.83e-07	0.00e+00	0.00e+00	0.00e+00	0.00e+00	0.00e+00	6.32e-01	2.45e-06	2.54e-06
 1.36099e+21	6.44e-01	3.55e-01	1.32e-03	5.45e-07	0.00e+00	0.00e+00	0.00e+00	0.00e+00	0.00e+00	6.44e-01	2.43e-06	2.53e-06
 1.36557e+21	6.56e-01	3.43e-01	1.16e-03	5.09e-07	0.00e+00	0.00e+00	0.00e+00	0.00e+00	0.00e+00	6.56e-01	2.42e-06	2.51e-06
 1.37012e+21	6.68e-01	3.31e-01	1.01e-03	4.76e-07	0.00e+00	0.00e+00	0.00e+00	0.00e+00	0.00e+00	6.68e-01	2.40e-06	2.50e-06
 1.37455e+21	6.79e-01	3.20e-01	8.94e-04	4.47e-07	0.00e+00	0.00e+00	0.00e+00	0.00e+00	0.00e+00	6.79e-01	2.39e-06	2.48e-06
 1.37901e+21	6.90e-01	3.09e-01	7.84e-04	4.19e-07	0.00e+00	0.00e+00	0.00e+00	0.00e+00	0.00e+00	6.90e-01	2.37e-06	2.46e-06
 1.38349e+21	7.01e-01	2.98e-01	6.89e-04	3.94e-07	0.00e+00	0.00e+00	0.00e+00	0.00e+00	0.00e+00	7.01e-01	2.35e-06	2.44e-06
 1.38800e+21	7.12e-01	2.87e-01	6.03e-04	3.70e-07	0.00e+00	0.00e+00	0.00e+00	0.00e+00	0.00e+00	7.12e-01	2.32e-06	2.41e-06
 1.39254e+21	7.22e-01	2.77e-01	5.29e-04	3.48e-07	0.00e+00	0.00e+00	0.00e+00	0.00e+00	0.00e+00	7.22e-01	2.30e-06	2.39e-06
 1.39709e+21	7.32e-01	2.67e-01	4.63e-04	3.28e-07	0.00e+00	0.00e+00	0.00e+00	0.00e+00	0.00e+00	7.32e-01	2.28e-06	2.36e-06
 1.40170e+21	7.42e-01	2.57e-01	4.05e-04	3.09e-07	0.00e+00	0.00e+00	0.00e+00	0.00e+00	0.00e+00	7.42e-01	2.25e-06	2.33e-06
 1.40637e+21	7.52e-01	2.48e-01	3.53e-04	2.91e-07	0.00e+00	0.00e+00	0.00e+00	0.00e+00	0.00e+00	7.52e-01	2.22e-06	2.30e-06
 1.41111e+21	7.62e-01	2.38e-01	3.08e-04	2.74e-07	0.00e+00	0.00e+00	0.00e+00	0.00e+00	0.00e+00	7.62e-01	2.19e-06	2.27e-06
 1.41582e+21	7.70e-01	2.29e-01	2.69e-04	2.59e-07	0.00e+00	0.00e+00	0.00e+00	0.00e+00	0.00e+00	7.70e-01	2.16e-06	2.24e-06
 1.42061e+21	7.79e-01	2.20e-01	2.34e-04	2.45e-07	0.00e+00	0.00e+00	0.00e+00	0.00e+00	0.00e+00	7.79e-01	2.13e-06	2.21e-06
 1.42549e+21	7.88e-01	2.12e-01	2.04e-04	2.31e-07	0.00e+00	0.00e+00	0.00e+00	0.00e+00	0.00e+00	7.88e-01	2.10e-06	2.17e-06
 1.43045e+21	7.96e-01	2.03e-01	1.77e-04	2.19e-07	0.00e+00	0.00e+00	0.00e+00	0.00e+00	0.00e+00	7.96e-01	2.07e-06	2.14e-06
 1.43550e+21	8.04e-01	1.96e-01	1.54e-04	2.07e-07	0.00e+00	0.00e+00	0.00e+00	0.00e+00	0.00e+00	8.04e-01	2.04e-06	2.11e-06
 1.44069e+21	8.12e-01	1.88e-01	1.34e-04	1.96e-07	0.00e+00	0.00e+00	0.00e+00	0.00e+00	0.00e+00	8.12e-01	2.01e-06	2.07e-06
 1.44598e+21	8.20e-01	1.80e-01	1.17e-04	1.85e-07	0.00e+00	0.00e+00	0.00e+00	0.00e+00	0.00e+00	8.20e-01	1.98e-06	2.04e-06
 1.45135e+21	8.27e-01	1.73e-01	1.02e-04	1.76e-07	0.00e+00	0.00e+00	0.00e+00	0.00e+00	0.00e+00	8.27e-01	1.95e-06	2.01e-06
 1.45687e+21	8.33e-01	1.67e-01	8.90e-05	1.67e-07	0.00e+00	0.00e+00	0.00e+00	0.00e+00	0.00e+00	8.33e-01	1.91e-06	1.97e-06
 1.46249e+21	8.40e-01	1.60e-01	7.79e-05	1.59e-07	0.00e+00	0.00e+00	0.00e+00	0.00e+00	0.00e+00	8.40e-01	1.88e-06	1.94e-06
 1.46824e+21	8.46e-01	1.54e-01	6.85e-05	1.51e-07	0.00e+00	0.00e+00	0.00e+00	0.00e+00	0.00e+00	8.46e-01	1.85e-06	1.91e-06
 1.47416e+21	8.52e-01	1.48e-01	6.04e-05	1.44e-07	0.00e+00	0.00e+00	0.00e+00	0.00e+00	0.00e+00	8.52e-01	1.82e-06	1.88e-06
 1.48026e+21	8.57e-01	1.43e-01	5.35e-05	1.38e-07	0.00e+00	0.00e+00	0.00e+00	0.00e+00	0.00e+00	8.57e-01	1.80e-06	1.85e-06
 1.48659e+21	8.62e-01	1.38e-01	4.75e-05	1.32e-07	0.00e+00	0.00e+00	0.00e+00	0.00e+00	0.00e+00	8.62e-01	1.77e-06	1.82e-06
 1.49328e+21	8.67e-01	1.33e-01	4.24e-05	1.26e-07	0.00e+00	0.00e+00	0.00e+00	0.00e+00	0.00e+00	8.67e-01	1.75e-06	1.80e-06
 1.50040e+21	8.71e-01	1.29e-01	3.80e-05	0.00e+00	0.00e+00	0.00e+00	0.00e+00	0.00e+00	0.00e+00	8.71e-01	1.72e-06	1.77e-06
 1.50805e+21	8.75e-01	1.25e-01	3.42e-05	0.00e+00	0.00e+00	0.00e+00	0.00e+00	0.00e+00	0.00e+00	8.75e-01	1.70e-06	1.75e-06
 1.51634e+21	8.79e-01	1.21e-01	3.09e-05	0.00e+00	0.00e+00	0.00e+00	0.00e+00	0.00e+00	0.00e+00	8.79e-01	1.68e-06	1.72e-06
 1.52552e+21	8.83e-01	1.17e-01	2.81e-05	0.00e+00	0.00e+00	0.00e+00	0.00e+00	0.00e+00	0.00e+00	8.83e-01	1.66e-06	1.70e-06
 1.53596e+21	8.86e-01	1.14e-01	2.56e-05	0.00e+00	0.00e+00	0.00e+00	0.00e+00	0.00e+00	0.00e+00	8.86e-01	1.64e-06	1.68e-06
 1.54793e+21	8.89e-01	1.11e-01	2.35e-05	0.00e+00	0.00e+00	0.00e+00	0.00e+00	0.00e+00	0.00e+00	8.89e-01	1.62e-06	1.66e-06
 1.56062e+21	8.92e-01	1.08e-01	2.19e-05	0.00e+00	0.00e+00	0.00e+00	0.00e+00	0.00e+00	0.00e+00	8.92e-01	1.61e-06	1.65e-06
 1.57316e+21	8.94e-01	1.06e-01	2.06e-05	0.00e+00	0.00e+00	0.00e+00	0.00e+00	0.00e+00	0.00e+00	8.94e-01	1.59e-06	1.63e-06
 1.58558e+21	8.95e-01	1.05e-01	1.97e-05	0.00e+00	0.00e+00	0.00e+00	0.00e+00	0.00e+00	0.00e+00	8.95e-01	1.58e-06	1.62e-06
 1.59790e+21	8.97e-01	1.03e-01	1.89e-05	0.00e+00	0.00e+00	0.00e+00	0.00e+00	0.00e+00	0.00e+00	8.97e-01	1.58e-06	1.61e-06
 1.61202e+21	8.98e-01	1.02e-01	1.82e-05	0.00e+00	0.00e+00	0.00e+00	0.00e+00	0.00e+00	0.00e+00	8.98e-01	1.57e-06	1.60e-06
 1.63038e+21	9.00e-01	1.00e-01	1.74e-05	0.00e+00	0.00e+00	0.00e+00	0.00e+00	0.00e+00	0.00e+00	9.00e-01	1.56e-06	1.59e-06
 1.65425e+21	9.01e-01	9.87e-02	1.66e-05	0.00e+00	0.00e+00	0.00e+00	0.00e+00	0.00e+00	0.00e+00	9.01e-01	1.55e-06	1.58e-06
 1.68527e+21	9.03e-01	9.68e-02	1.57e-05	0.00e+00	0.00e+00	0.00e+00	0.00e+00	0.00e+00	0.00e+00	9.03e-01	1.54e-06	1.57e-06
 1.72560e+21	9.05e-01	9.45e-02	1.47e-05	0.00e+00	0.00e+00	0.00e+00	0.00e+00	0.00e+00	0.00e+00	9.05e-01	1.52e-06	1.56e-06
 1.77804e+21	9.08e-01	9.19e-02	1.36e-05	0.00e+00	0.00e+00	0.00e+00	0.00e+00	0.00e+00	0.00e+00	9.08e-01	1.51e-06	1.54e-06
 1.84558e+21	9.11e-01	8.89e-02	1.25e-05	0.00e+00	0.00e+00	0.00e+00	0.00e+00	0.00e+00	0.00e+00	9.11e-01	1.49e-06	1.52e-06
 1.92423e+21	9.14e-01	8.58e-02	1.14e-05	0.00e+00	0.00e+00	0.00e+00	0.00e+00	0.00e+00	0.00e+00	9.14e-01	1.47e-06	1.50e-06
 2.00628e+21	9.17e-01	8.30e-02	1.05e-05	0.00e+00	0.00e+00	0.00e+00	0.00e+00	0.00e+00	0.00e+00	9.17e-01	1.45e-06	1.48e-06
 2.09166e+21	9.20e-01	8.04e-02	9.77e-06	0.00e+00	0.00e+00	0.00e+00	0.00e+00	0.00e+00	0.00e+00	9.20e-01	1.43e-06	1.46e-06
 2.18467e+21	9.22e-01	7.78e-02	9.07e-06	0.00e+00	0.00e+00	0.00e+00	0.00e+00	0.00e+00	0.00e+00	9.22e-01	1.42e-06	1.44e-06
 2.28738e+21	9.25e-01	7.53e-02	8.43e-06	0.00e+00	0.00e+00	0.00e+00	0.00e+00	0.00e+00	0.00e+00	9.25e-01	1.40e-06	1.43e-06
 2.39985e+21	9.27e-01	7.30e-02	7.87e-06	0.00e+00	0.00e+00	0.00e+00	0.00e+00	0.00e+00	0.00e+00	9.27e-01	1.39e-06	1.41e-06
 2.52291e+21	9.29e-01	7.07e-02	7.36e-06	0.00e+00	0.00e+00	0.00e+00	0.00e+00	0.00e+00	0.00e+00	9.29e-01	1.37e-06	1.40e-06
 2.65870e+21	9.31e-01	6.85e-02	6.90e-06	0.00e+00	0.00e+00	0.00e+00	0.00e+00	0.00e+00	0.00e+00	9.31e-01	1.36e-06	1.38e-06
 2.81013e+21	9.34e-01	6.64e-02	6.49e-06	0.00e+00	0.00e+00	0.00e+00	0.00e+00	0.00e+00	0.00e+00	9.34e-01	1.34e-06	1.37e-06
 2.98034e+21	9.36e-01	6.44e-02	6.11e-06	0.00e+00	0.00e+00	0.00e+00	0.00e+00	0.00e+00	0.00e+00	9.36e-01	1.33e-06	1.35e-06
 3.17304e+21	9.38e-01	6.25e-02	5.77e-06	0.00e+00	0.00e+00	0.00e+00	0.00e+00	0.00e+00	0.00e+00	9.38e-01	1.32e-06	1.34e-06
 3.39340e+21	9.39e-01	6.07e-02	5.45e-06	0.00e+00	0.00e+00	0.00e+00	0.00e+00	0.00e+00	0.00e+00	9.39e-01	1.31e-06	1.33e-06
 3.64755e+21	9.41e-01	5.89e-02	5.15e-06	0.00e+00	0.00e+00	0.00e+00	0.00e+00	0.00e+00	0.00e+00	9.41e-01	1.30e-06	1.31e-06
 3.94743e+21	9.43e-01	5.73e-02	4.87e-06	0.00e+00	0.00e+00	0.00e+00	0.00e+00	0.00e+00	0.00e+00	9.43e-01	1.29e-06	1.30e-06
 4.30927e+21	9.44e-01	5.57e-02	4.59e-06	0.00e+00	0.00e+00	0.00e+00	0.00e+00	0.00e+00	0.00e+00	9.44e-01	1.28e-06	1.29e-06
 4.73290e+21	9.46e-01	5.43e-02	4.33e-06	0.00e+00	0.00e+00	0.00e+00	0.00e+00	0.00e+00	0.00e+00	9.46e-01	1.27e-06	1.28e-06
 5.20619e+21	9.47e-01	5.31e-02	4.09e-06	0.00e+00	0.00e+00	0.00e+00	0.00e+00	0.00e+00	0.00e+00	9.47e-01	1.26e-06	1.27e-06
 5.72681e+21	9.48e-01	5.22e-02	3.86e-06	0.00e+00	0.00e+00	0.00e+00	0.00e+00	0.00e+00	0.00e+00	9.48e-01	1.25e-06	1.26e-06
 6.29949e+21	9.49e-01	5.13e-02	3.65e-06	0.00e+00	0.00e+00	0.00e+00	0.00e+00	0.00e+00	0.00e+00	9.49e-01	1.25e-06	1.26e-06
 6.92944e+21	9.49e-01	5.07e-02	3.45e-06	0.00e+00	0.00e+00	0.00e+00	0.00e+00	0.00e+00	0.00e+00	9.49e-01	1.25e-06	1.25e-06
 7.62238e+21	9.50e-01	5.01e-02	3.25e-06	0.00e+00	0.00e+00	0.00e+00	0.00e+00	0.00e+00	0.00e+00	9.50e-01	1.24e-06	1.25e-06
 8.38462e+21	9.50e-01	4.97e-02	3.06e-06	0.00e+00	0.00e+00	0.00e+00	0.00e+00	0.00e+00	0.00e+00	9.50e-01	1.24e-06	1.25e-06
 9.22308e+21	9.51e-01	4.93e-02	2.87e-06	0.00e+00	0.00e+00	0.00e+00	0.00e+00	0.00e+00	0.00e+00	9.51e-01	1.24e-06	1.24e-06
 1.01454e+22	9.51e-01	4.91e-02	2.68e-06	0.00e+00	0.00e+00	0.00e+00	0.00e+00	0.00e+00	0.00e+00	9.51e-01	1.24e-06	1.24e-06
 1.11599e+22	9.51e-01	4.88e-02	2.50e-06	0.00e+00	0.00e+00	0.00e+00	0.00e+00	0.00e+00	0.00e+00	9.51e-01	1.24e-06	1.24e-06
 1.22759e+22	9.51e-01	4.86e-02	2.32e-06	0.00e+00	0.00e+00	0.00e+00	0.00e+00	0.00e+00	0.00e+00	9.51e-01	1.24e-06	1.24e-06
 1.35035e+22	9.51e-01	4.86e-02	2.14e-06	0.00e+00	0.00e+00	0.00e+00	0.00e+00	0.00e+00	0.00e+00	9.51e-01	1.24e-06	1.24e-06
 1.48539e+22	9.52e-01	4.84e-02	1.96e-06	0.00e+00	0.00e+00	0.00e+00	0.00e+00	0.00e+00	0.00e+00	9.52e-01	1.24e-06	1.24e-06
 1.63260e+22	9.52e-01	4.84e-02	1.79e-06	0.00e+00	0.00e+00	0.00e+00	0.00e+00	0.00e+00	0.00e+00	9.52e-01	1.24e-06	1.24e-06
 1.77790e+22	9.52e-01	4.84e-02	1.65e-06	0.00e+00	0.00e+00	0.00e+00	0.00e+00	0.00e+00	0.00e+00	9.52e-01	1.24e-06	1.24e-06
 1.90868e+22	9.52e-01	4.83e-02	1.53e-06	0.00e+00	0.00e+00	0.00e+00	0.00e+00	0.00e+00	0.00e+00	9.52e-01	1.24e-06	1.24e-06
 2.02638e+22	9.52e-01	4.83e-02	1.43e-06	0.00e+00	0.00e+00	0.00e+00	0.00e+00	0.00e+00	0.00e+00	9.52e-01	1.24e-06	1.24e-06
 2.13231e+22	9.52e-01	4.83e-02	1.35e-06	0.00e+00	0.00e+00	0.00e+00	0.00e+00	0.00e+00	0.00e+00	9.52e-01	1.23e-06	1.24e-06
 2.22765e+22	9.52e-01	4.82e-02	1.28e-06	0.00e+00	0.00e+00	0.00e+00	0.00e+00	0.00e+00	0.00e+00	9.52e-01	1.23e-06	1.24e-06
 2.31345e+22	9.52e-01	4.82e-02	1.22e-06	0.00e+00	0.00e+00	0.00e+00	0.00e+00	0.00e+00	0.00e+00	9.52e-01	1.23e-06	1.24e-06
 2.39067e+22	9.52e-01	4.82e-02	1.18e-06	0.00e+00	0.00e+00	0.00e+00	0.00e+00	0.00e+00	0.00e+00	9.52e-01	1.23e-06	1.23e-06
 2.46017e+22	9.52e-01	4.81e-02	1.14e-06	0.00e+00	0.00e+00	0.00e+00	0.00e+00	0.00e+00	0.00e+00	9.52e-01	1.23e-06	1.23e-06
 2.52272e+22	9.52e-01	4.81e-02	1.10e-06	0.00e+00	0.00e+00	0.00e+00	0.00e+00	0.00e+00	0.00e+00	9.52e-01	1.23e-06	1.23e-06
 2.57902e+22	9.52e-01	4.80e-02	1.07e-06	0.00e+00	0.00e+00	0.00e+00	0.00e+00	0.00e+00	0.00e+00	9.52e-01	1.23e-06	1.23e-06
 2.62969e+22	9.52e-01	4.80e-02	1.04e-06	0.00e+00	0.00e+00	0.00e+00	0.00e+00	0.00e+00	0.00e+00	9.52e-01	1.23e-06	1.23e-06
 2.67528e+22	9.52e-01	4.80e-02	1.02e-06	0.00e+00	0.00e+00	0.00e+00	0.00e+00	0.00e+00	0.00e+00	9.52e-01	1.23e-06	1.23e-06
 2.71632e+22	9.52e-01	4.79e-02	9.98e-07	0.00e+00	0.00e+00	0.00e+00	0.00e+00	0.00e+00	0.00e+00	9.52e-01	1.22e-06	1.23e-06
 2.75326e+22	9.52e-01	4.79e-02	9.81e-07	0.00e+00	0.00e+00	0.00e+00	0.00e+00	0.00e+00	0.00e+00	9.52e-01	1.22e-06	1.23e-06
 2.78650e+22	9.52e-01	4.79e-02	9.65e-07	0.00e+00	0.00e+00	0.00e+00	0.00e+00	0.00e+00	0.00e+00	9.52e-01	1.22e-06	1.23e-06
 2.81768e+22	9.52e-01	4.78e-02	9.50e-07	0.00e+00	0.00e+00	0.00e+00	0.00e+00	0.00e+00	0.00e+00	9.52e-01	1.22e-06	1.23e-06
 2.84853e+22	9.52e-01	4.78e-02	9.36e-07	0.00e+00	0.00e+00	0.00e+00	0.00e+00	0.00e+00	0.00e+00	9.52e-01	1.22e-06	1.23e-06
 2.87939e+22	9.52e-01	4.77e-02	9.22e-07	0.00e+00	0.00e+00	0.00e+00	0.00e+00	0.00e+00	0.00e+00	9.52e-01	1.22e-06	1.23e-06
 2.91025e+22	9.52e-01	4.77e-02	9.09e-07	0.00e+00	0.00e+00	0.00e+00	0.00e+00	0.00e+00	0.00e+00	9.52e-01	1.22e-06	1.23e-06
 2.94110e+22	9.52e-01	4.76e-02	8.95e-07	0.00e+00	0.00e+00	0.00e+00	0.00e+00	0.00e+00	0.00e+00	9.52e-01	1.22e-06	1.23e-06
 2.97196e+22	9.52e-01	4.76e-02	8.82e-07	0.00e+00	0.00e+00	0.00e+00	0.00e+00	0.00e+00	0.00e+00	9.52e-01	1.22e-06	1.23e-06
 3.00282e+22	9.52e-01	4.75e-02	8.69e-07	0.00e+00	0.00e+00	0.00e+00	0.00e+00	0.00e+00	0.00e+00	9.52e-01	1.22e-06	1.23e-06
 3.03367e+22	9.53e-01	4.74e-02	8.57e-07	0.00e+00	0.00e+00	0.00e+00	0.00e+00	0.00e+00	0.00e+00	9.53e-01	1.22e-06	1.23e-06
 3.06453e+22	9.53e-01	4.74e-02	8.44e-07	0.00e+00	0.00e+00	0.00e+00	0.00e+00	0.00e+00	0.00e+00	9.53e-01	1.21e-06	1.23e-06
 3.08282e+22	9.53e-01	4.73e-02	8.37e-07	0.00e+00	0.00e+00	0.00e+00	0.00e+00	0.00e+00	0.00e+00	9.53e-01	1.21e-06	1.23e-06
