#depth	N	N+	N+2	N+3	N+4	N+5	N+6	N+7
 1.16425e+16	9.91e-07	2.93e-03	3.28e-01	5.45e-01	1.13e-01	1.10e-02	1.19e-05	0.00e+00
 6.98550e+16	9.89e-07	2.93e-03	3.28e-01	5.45e-01	1.13e-01	1.10e-02	1.19e-05	0.00e+00
 3.02705e+17	9.91e-07	2.93e-03	3.30e-01	5.44e-01	1.12e-01	1.09e-02	1.17e-05	0.00e+00
 1.23411e+18	1.01e-06	2.95e-03	3.36e-01	5.42e-01	1.09e-01	1.04e-02	1.12e-05	0.00e+00
 2.94788e+18	1.02e-06	2.96e-03	3.43e-01	5.40e-01	1.04e-01	9.73e-03	1.02e-05	0.00e+00
 4.79632e+18	1.05e-06	2.98e-03	3.51e-01	5.37e-01	9.93e-02	9.08e-03	9.40e-06	0.00e+00
 6.58147e+18	1.09e-06	3.04e-03	3.61e-01	5.33e-01	9.47e-02	8.48e-03	8.69e-06	0.00e+00
 8.66380e+18	1.15e-06	3.15e-03	3.74e-01	5.26e-01	8.92e-02	7.83e-03	7.97e-06	0.00e+00
 1.13708e+19	1.24e-06	3.32e-03	3.92e-01	5.15e-01	8.22e-02	7.04e-03	7.10e-06	0.00e+00
 1.48900e+19	1.38e-06	3.57e-03	4.18e-01	4.99e-01	7.33e-02	6.10e-03	6.11e-06	0.00e+00
 1.86292e+19	1.54e-06	3.84e-03	4.46e-01	4.81e-01	6.43e-02	5.24e-03	5.24e-06	0.00e+00
 2.18054e+19	1.69e-06	4.12e-03	4.71e-01	4.63e-01	5.70e-02	4.57e-03	4.58e-06	0.00e+00
 2.44442e+19	1.83e-06	4.37e-03	4.93e-01	4.48e-01	5.10e-02	4.05e-03	4.07e-06	0.00e+00
 2.68224e+19	1.99e-06	4.64e-03	5.13e-01	4.33e-01	4.57e-02	3.61e-03	3.63e-06	0.00e+00
 2.91197e+19	2.14e-06	4.88e-03	5.32e-01	4.19e-01	4.08e-02	3.20e-03	3.23e-06	0.00e+00
 3.17229e+19	2.41e-06	5.31e-03	5.54e-01	4.03e-01	3.54e-02	2.76e-03	2.78e-06	0.00e+00
 3.42709e+19	2.65e-06	5.66e-03	5.73e-01	3.88e-01	3.08e-02	2.40e-03	2.42e-06	0.00e+00
 3.62845e+19	2.88e-06	6.00e-03	5.88e-01	3.77e-01	2.73e-02	2.13e-03	2.13e-06	0.00e+00
 3.84393e+19	3.19e-06	6.40e-03	6.03e-01	3.65e-01	2.37e-02	1.86e-03	1.85e-06	0.00e+00
 4.08283e+19	3.56e-06	6.86e-03	6.18e-01	3.53e-01	2.04e-02	1.62e-03	1.58e-06	0.00e+00
 4.31064e+19	3.96e-06	7.33e-03	6.31e-01	3.42e-01	1.75e-02	1.41e-03	1.36e-06	0.00e+00
 4.56526e+19	4.50e-06	7.91e-03	6.45e-01	3.31e-01	1.48e-02	1.22e-03	1.14e-06	0.00e+00
 4.83731e+19	5.12e-06	8.51e-03	6.58e-01	3.20e-01	1.25e-02	1.06e-03	9.62e-07	0.00e+00
 5.08500e+19	5.75e-06	9.09e-03	6.68e-01	3.11e-01	1.08e-02	9.45e-04	8.30e-07	0.00e+00
 5.35350e+19	6.54e-06	9.76e-03	6.78e-01	3.02e-01	9.20e-03	8.40e-04	7.11e-07	0.00e+00
 5.68327e+19	7.62e-06	1.06e-02	6.89e-01	2.92e-01	7.73e-03	7.36e-04	5.96e-07	0.00e+00
 6.05311e+19	8.98e-06	1.16e-02	7.00e-01	2.81e-01	6.51e-03	6.47e-04	4.99e-07	0.00e+00
 6.45693e+19	1.07e-05	1.27e-02	7.11e-01	2.70e-01	5.51e-03	5.68e-04	4.15e-07	0.00e+00
 6.88201e+19	1.28e-05	1.40e-02	7.21e-01	2.60e-01	4.74e-03	5.02e-04	3.47e-07	0.00e+00
 7.36569e+19	1.58e-05	1.56e-02	7.32e-01	2.48e-01	4.07e-03	4.37e-04	2.82e-07	0.00e+00
 7.89511e+19	1.98e-05	1.76e-02	7.43e-01	2.36e-01	3.53e-03	3.77e-04	2.26e-07	0.00e+00
 8.29053e+19	2.33e-05	1.92e-02	7.50e-01	2.27e-01	3.23e-03	3.39e-04	1.92e-07	0.00e+00
 8.53590e+19	2.60e-05	2.04e-02	7.54e-01	2.22e-01	3.05e-03	3.15e-04	1.73e-07	0.00e+00
 8.77967e+19	2.92e-05	2.18e-02	7.59e-01	2.16e-01	2.89e-03	2.92e-04	1.53e-07	0.00e+00
 9.09657e+19	3.42e-05	2.38e-02	7.65e-01	2.08e-01	2.69e-03	2.63e-04	1.31e-07	0.00e+00
 9.42175e+19	4.01e-05	2.60e-02	7.71e-01	2.00e-01	2.51e-03	2.36e-04	0.00e+00	0.00e+00
 9.68308e+19	4.58e-05	2.81e-02	7.76e-01	1.93e-01	2.38e-03	2.15e-04	0.00e+00	0.00e+00
 9.90885e+19	5.18e-05	3.02e-02	7.80e-01	1.87e-01	2.27e-03	1.97e-04	0.00e+00	0.00e+00
 1.01630e+20	6.00e-05	3.29e-02	7.85e-01	1.79e-01	2.15e-03	1.78e-04	0.00e+00	0.00e+00
 1.04340e+20	7.03e-05	3.61e-02	7.90e-01	1.72e-01	2.02e-03	1.58e-04	0.00e+00	0.00e+00
 1.06653e+20	8.11e-05	3.94e-02	7.94e-01	1.64e-01	1.92e-03	1.43e-04	0.00e+00	0.00e+00
 1.08668e+20	9.23e-05	4.26e-02	7.97e-01	1.58e-01	1.84e-03	1.29e-04	0.00e+00	0.00e+00
 1.10913e+20	1.08e-04	4.68e-02	8.01e-01	1.50e-01	1.73e-03	1.15e-04	0.00e+00	0.00e+00
 1.13287e+20	1.28e-04	5.18e-02	8.04e-01	1.42e-01	1.63e-03	1.01e-04	0.00e+00	0.00e+00
 1.15302e+20	1.48e-04	5.68e-02	8.06e-01	1.35e-01	1.55e-03	8.94e-05	0.00e+00	0.00e+00
 1.17075e+20	1.71e-04	6.19e-02	8.08e-01	1.28e-01	1.47e-03	7.99e-05	0.00e+00	0.00e+00
 1.19062e+20	2.01e-04	6.85e-02	8.09e-01	1.21e-01	1.39e-03	6.97e-05	0.00e+00	0.00e+00
 1.21172e+20	2.42e-04	7.66e-02	8.09e-01	1.12e-01	1.30e-03	5.99e-05	0.00e+00	0.00e+00
 1.22981e+20	2.84e-04	8.46e-02	8.09e-01	1.05e-01	1.22e-03	5.22e-05	0.00e+00	0.00e+00
 1.24586e+20	3.30e-04	9.29e-02	8.07e-01	9.86e-02	1.15e-03	4.57e-05	0.00e+00	0.00e+00
 1.26386e+20	3.98e-04	1.04e-01	8.04e-01	9.08e-02	1.07e-03	3.88e-05	0.00e+00	0.00e+00
 1.28300e+20	4.85e-04	1.17e-01	7.98e-01	8.28e-02	9.83e-04	3.24e-05	0.00e+00	0.00e+00
 1.29954e+20	5.78e-04	1.31e-01	7.92e-01	7.57e-02	9.11e-04	2.74e-05	0.00e+00	0.00e+00
 1.31429e+20	6.86e-04	1.45e-01	7.84e-01	6.93e-02	8.45e-04	2.33e-05	0.00e+00	0.00e+00
 1.33083e+20	8.42e-04	1.64e-01	7.72e-01	6.20e-02	7.69e-04	1.90e-05	0.00e+00	0.00e+00
 1.34789e+20	1.04e-03	1.86e-01	7.57e-01	5.48e-02	6.94e-04	1.53e-05	0.00e+00	0.00e+00
 1.36181e+20	1.25e-03	2.07e-01	7.42e-01	4.90e-02	6.32e-04	1.26e-05	0.00e+00	0.00e+00
 1.37385e+20	1.47e-03	2.28e-01	7.26e-01	4.40e-02	5.78e-04	1.05e-05	0.00e+00	0.00e+00
 1.38730e+20	1.79e-03	2.56e-01	7.04e-01	3.84e-02	5.17e-04	8.35e-06	0.00e+00	0.00e+00
 1.40157e+20	2.21e-03	2.88e-01	6.76e-01	3.29e-02	4.54e-04	6.47e-06	0.00e+00	0.00e+00
 1.41361e+20	2.66e-03	3.19e-01	6.49e-01	2.84e-02	4.03e-04	5.14e-06	0.00e+00	0.00e+00
 1.42407e+20	3.14e-03	3.50e-01	6.22e-01	2.47e-02	3.59e-04	4.11e-06	0.00e+00	0.00e+00
 1.43578e+20	3.82e-03	3.88e-01	5.87e-01	2.06e-02	3.09e-04	3.12e-06	0.00e+00	0.00e+00
 1.44821e+20	4.71e-03	4.33e-01	5.45e-01	1.68e-02	2.61e-04	2.28e-06	0.00e+00	0.00e+00
 1.45872e+20	5.66e-03	4.74e-01	5.06e-01	1.38e-02	2.21e-04	1.71e-06	0.00e+00	0.00e+00
 1.46787e+20	6.68e-03	5.13e-01	4.69e-01	1.14e-02	1.89e-04	1.29e-06	0.00e+00	0.00e+00
 1.47809e+20	8.11e-03	5.60e-01	4.23e-01	8.93e-03	1.54e-04	9.09e-07	0.00e+00	0.00e+00
 1.48901e+20	9.99e-03	6.11e-01	3.72e-01	6.72e-03	1.21e-04	6.06e-07	0.00e+00	0.00e+00
 1.49838e+20	1.20e-02	6.56e-01	3.27e-01	5.11e-03	9.56e-05	4.13e-07	0.00e+00	0.00e+00
 1.50570e+20	1.38e-02	6.90e-01	2.92e-01	4.07e-03	7.86e-05	3.01e-07	0.00e+00	0.00e+00
 1.51168e+20	1.56e-02	7.19e-01	2.62e-01	3.30e-03	6.56e-05	2.26e-07	0.00e+00	0.00e+00
 1.51834e+20	1.80e-02	7.50e-01	2.29e-01	2.56e-03	5.25e-05	1.60e-07	0.00e+00	0.00e+00
 1.52536e+20	2.09e-02	7.80e-01	1.97e-01	1.93e-03	4.10e-05	0.00e+00	0.00e+00	0.00e+00
 1.53122e+20	2.37e-02	8.04e-01	1.71e-01	1.50e-03	3.26e-05	0.00e+00	0.00e+00	0.00e+00
 1.53618e+20	2.65e-02	8.23e-01	1.50e-01	1.20e-03	2.66e-05	0.00e+00	0.00e+00	0.00e+00
 1.54162e+20	3.01e-02	8.41e-01	1.28e-01	9.17e-04	2.08e-05	0.00e+00	0.00e+00	0.00e+00
 1.54740e+20	3.43e-02	8.58e-01	1.07e-01	6.90e-04	1.59e-05	0.00e+00	0.00e+00	0.00e+00
 1.55237e+20	3.87e-02	8.70e-01	9.06e-02	5.35e-04	1.24e-05	0.00e+00	0.00e+00	0.00e+00
 1.55676e+20	4.32e-02	8.79e-01	7.73e-02	4.23e-04	9.83e-06	0.00e+00	0.00e+00	0.00e+00
 1.56164e+20	4.89e-02	8.87e-01	6.40e-02	3.24e-04	7.46e-06	0.00e+00	0.00e+00	0.00e+00
 1.56685e+20	5.61e-02	8.92e-01	5.18e-02	2.45e-04	5.51e-06	0.00e+00	0.00e+00	0.00e+00
 1.57132e+20	6.32e-02	8.94e-01	4.27e-02	1.94e-04	4.20e-06	0.00e+00	0.00e+00	0.00e+00
 1.57528e+20	7.06e-02	8.94e-01	3.57e-02	1.58e-04	3.26e-06	0.00e+00	0.00e+00	0.00e+00
 1.57976e+20	8.05e-02	8.91e-01	2.87e-02	1.25e-04	2.41e-06	0.00e+00	0.00e+00	0.00e+00
 1.58469e+20	9.31e-02	8.84e-01	2.24e-02	9.94e-05	1.72e-06	0.00e+00	0.00e+00	0.00e+00
 1.58921e+20	1.07e-01	8.75e-01	1.76e-02	8.15e-05	1.25e-06	0.00e+00	0.00e+00	0.00e+00
 1.59338e+20	1.22e-01	8.64e-01	1.39e-02	6.85e-05	9.12e-07	0.00e+00	0.00e+00	0.00e+00
 1.59778e+20	1.41e-01	8.49e-01	1.07e-02	5.80e-05	6.54e-07	0.00e+00	0.00e+00	0.00e+00
 1.60205e+20	1.61e-01	8.30e-01	8.31e-03	5.00e-05	4.71e-07	0.00e+00	0.00e+00	0.00e+00
 1.60563e+20	1.81e-01	8.12e-01	6.64e-03	4.45e-05	3.55e-07	0.00e+00	0.00e+00	0.00e+00
 1.60876e+20	2.01e-01	7.94e-01	5.43e-03	4.04e-05	2.76e-07	0.00e+00	0.00e+00	0.00e+00
 1.61170e+20	2.21e-01	7.74e-01	4.46e-03	3.70e-05	2.17e-07	0.00e+00	0.00e+00	0.00e+00
 1.61458e+20	2.42e-01	7.54e-01	3.67e-03	3.40e-05	1.71e-07	0.00e+00	0.00e+00	0.00e+00
 1.61729e+20	2.64e-01	7.33e-01	3.04e-03	3.15e-05	1.37e-07	0.00e+00	0.00e+00	0.00e+00
 1.61930e+20	2.81e-01	7.16e-01	2.66e-03	2.98e-05	0.00e+00	0.00e+00	0.00e+00	0.00e+00
 1.62064e+20	2.92e-01	7.05e-01	2.42e-03	2.88e-05	0.00e+00	0.00e+00	0.00e+00	0.00e+00
 1.62194e+20	3.05e-01	6.93e-01	2.20e-03	2.77e-05	0.00e+00	0.00e+00	0.00e+00	0.00e+00
 1.62347e+20	3.20e-01	6.78e-01	1.96e-03	2.65e-05	0.00e+00	0.00e+00	0.00e+00	0.00e+00
 1.62509e+20	3.36e-01	6.63e-01	1.74e-03	2.54e-05	0.00e+00	0.00e+00	0.00e+00	0.00e+00
 1.62661e+20	3.50e-01	6.48e-01	1.56e-03	2.43e-05	0.00e+00	0.00e+00	0.00e+00	0.00e+00
 1.62809e+20	3.66e-01	6.33e-01	1.40e-03	2.33e-05	0.00e+00	0.00e+00	0.00e+00	0.00e+00
 1.62959e+20	3.82e-01	6.17e-01	1.25e-03	2.23e-05	0.00e+00	0.00e+00	0.00e+00	0.00e+00
 1.63110e+20	3.98e-01	6.01e-01	1.12e-03	2.14e-05	0.00e+00	0.00e+00	0.00e+00	0.00e+00
 1.63260e+20	4.14e-01	5.85e-01	1.00e-03	2.05e-05	0.00e+00	0.00e+00	0.00e+00	0.00e+00
 1.63411e+20	4.31e-01	5.68e-01	8.96e-04	1.96e-05	0.00e+00	0.00e+00	0.00e+00	0.00e+00
 1.63563e+20	4.48e-01	5.51e-01	8.00e-04	1.88e-05	0.00e+00	0.00e+00	0.00e+00	0.00e+00
 1.63712e+20	4.64e-01	5.35e-01	7.19e-04	1.80e-05	0.00e+00	0.00e+00	0.00e+00	0.00e+00
 1.63861e+20	4.81e-01	5.18e-01	6.45e-04	1.72e-05	0.00e+00	0.00e+00	0.00e+00	0.00e+00
 1.64012e+20	4.98e-01	5.02e-01	5.79e-04	1.64e-05	0.00e+00	0.00e+00	0.00e+00	0.00e+00
 1.64163e+20	5.15e-01	4.85e-01	5.20e-04	1.57e-05	0.00e+00	0.00e+00	0.00e+00	0.00e+00
 1.64315e+20	5.31e-01	4.68e-01	4.69e-04	1.50e-05	0.00e+00	0.00e+00	0.00e+00	0.00e+00
 1.64468e+20	5.48e-01	4.51e-01	4.23e-04	1.43e-05	0.00e+00	0.00e+00	0.00e+00	0.00e+00
 1.64622e+20	5.64e-01	4.36e-01	3.83e-04	1.37e-05	0.00e+00	0.00e+00	0.00e+00	0.00e+00
 1.64778e+20	5.81e-01	4.19e-01	3.47e-04	1.31e-05	0.00e+00	0.00e+00	0.00e+00	0.00e+00
 1.64938e+20	5.97e-01	4.03e-01	3.15e-04	1.25e-05	0.00e+00	0.00e+00	0.00e+00	0.00e+00
 1.65096e+20	6.12e-01	3.88e-01	2.88e-04	1.19e-05	0.00e+00	0.00e+00	0.00e+00	0.00e+00
 1.65257e+20	6.27e-01	3.72e-01	2.64e-04	1.14e-05	0.00e+00	0.00e+00	0.00e+00	0.00e+00
 1.65422e+20	6.42e-01	3.57e-01	2.42e-04	1.09e-05	0.00e+00	0.00e+00	0.00e+00	0.00e+00
 1.65591e+20	6.57e-01	3.43e-01	2.24e-04	1.04e-05	0.00e+00	0.00e+00	0.00e+00	0.00e+00
 1.65760e+20	6.70e-01	3.29e-01	2.08e-04	9.91e-06	0.00e+00	0.00e+00	0.00e+00	0.00e+00
 1.65928e+20	6.83e-01	3.17e-01	1.94e-04	9.49e-06	0.00e+00	0.00e+00	0.00e+00	0.00e+00
 1.66099e+20	6.95e-01	3.04e-01	1.82e-04	9.10e-06	0.00e+00	0.00e+00	0.00e+00	0.00e+00
 1.66273e+20	7.07e-01	2.93e-01	1.72e-04	8.73e-06	0.00e+00	0.00e+00	0.00e+00	0.00e+00
 1.66452e+20	7.18e-01	2.82e-01	1.63e-04	8.38e-06	0.00e+00	0.00e+00	0.00e+00	0.00e+00
 1.66637e+20	7.28e-01	2.72e-01	1.55e-04	8.07e-06	0.00e+00	0.00e+00	0.00e+00	0.00e+00
 1.66828e+20	7.38e-01	2.62e-01	1.49e-04	7.77e-06	0.00e+00	0.00e+00	0.00e+00	0.00e+00
 1.67027e+20	7.47e-01	2.53e-01	1.43e-04	7.50e-06	0.00e+00	0.00e+00	0.00e+00	0.00e+00
 1.67238e+20	7.55e-01	2.45e-01	1.38e-04	7.25e-06	0.00e+00	0.00e+00	0.00e+00	0.00e+00
 1.67467e+20	7.63e-01	2.37e-01	1.33e-04	7.01e-06	0.00e+00	0.00e+00	0.00e+00	0.00e+00
 1.67713e+20	7.71e-01	2.29e-01	1.29e-04	6.80e-06	0.00e+00	0.00e+00	0.00e+00	0.00e+00
 1.67985e+20	7.77e-01	2.22e-01	1.26e-04	6.60e-06	0.00e+00	0.00e+00	0.00e+00	0.00e+00
 1.68294e+20	7.84e-01	2.16e-01	1.23e-04	6.42e-06	0.00e+00	0.00e+00	0.00e+00	0.00e+00
 1.68652e+20	7.90e-01	2.10e-01	1.20e-04	6.26e-06	0.00e+00	0.00e+00	0.00e+00	0.00e+00
 1.69036e+20	7.94e-01	2.06e-01	1.18e-04	6.14e-06	0.00e+00	0.00e+00	0.00e+00	0.00e+00
 1.69415e+20	7.98e-01	2.02e-01	1.17e-04	6.04e-06	0.00e+00	0.00e+00	0.00e+00	0.00e+00
 1.69790e+20	8.01e-01	1.99e-01	1.16e-04	5.97e-06	0.00e+00	0.00e+00	0.00e+00	0.00e+00
 1.70163e+20	8.03e-01	1.97e-01	1.15e-04	5.92e-06	0.00e+00	0.00e+00	0.00e+00	0.00e+00
 1.70534e+20	8.04e-01	1.96e-01	1.14e-04	5.87e-06	0.00e+00	0.00e+00	0.00e+00	0.00e+00
 1.70903e+20	8.05e-01	1.94e-01	1.14e-04	5.83e-06	0.00e+00	0.00e+00	0.00e+00	0.00e+00
 1.71328e+20	8.07e-01	1.93e-01	1.13e-04	5.78e-06	0.00e+00	0.00e+00	0.00e+00	0.00e+00
 1.71879e+20	8.08e-01	1.91e-01	1.13e-04	5.76e-06	0.00e+00	0.00e+00	0.00e+00	0.00e+00
 1.72596e+20	8.10e-01	1.90e-01	1.12e-04	5.71e-06	0.00e+00	0.00e+00	0.00e+00	0.00e+00
 1.73527e+20	8.11e-01	1.88e-01	1.11e-04	5.66e-06	0.00e+00	0.00e+00	0.00e+00	0.00e+00
 1.74739e+20	8.13e-01	1.86e-01	1.11e-04	5.59e-06	0.00e+00	0.00e+00	0.00e+00	0.00e+00
 1.76313e+20	8.16e-01	1.84e-01	1.09e-04	5.52e-06	0.00e+00	0.00e+00	0.00e+00	0.00e+00
 1.78361e+20	8.19e-01	1.81e-01	1.08e-04	5.42e-06	0.00e+00	0.00e+00	0.00e+00	0.00e+00
 1.81022e+20	8.23e-01	1.77e-01	1.06e-04	5.30e-06	0.00e+00	0.00e+00	0.00e+00	0.00e+00
 1.84481e+20	8.28e-01	1.72e-01	1.04e-04	5.16e-06	0.00e+00	0.00e+00	0.00e+00	0.00e+00
 1.88979e+20	8.33e-01	1.66e-01	1.02e-04	4.98e-06	0.00e+00	0.00e+00	0.00e+00	0.00e+00
 1.94826e+20	8.41e-01	1.59e-01	9.91e-05	4.76e-06	0.00e+00	0.00e+00	0.00e+00	0.00e+00
 2.01591e+20	8.48e-01	1.52e-01	9.61e-05	4.55e-06	0.00e+00	0.00e+00	0.00e+00	0.00e+00
 2.08434e+20	8.54e-01	1.46e-01	9.35e-05	4.35e-06	0.00e+00	0.00e+00	0.00e+00	0.00e+00
 2.15267e+20	8.60e-01	1.39e-01	9.10e-05	4.16e-06	0.00e+00	0.00e+00	0.00e+00	0.00e+00
 2.22371e+20	8.66e-01	1.33e-01	8.85e-05	3.98e-06	0.00e+00	0.00e+00	0.00e+00	0.00e+00
 2.29896e+20	8.72e-01	1.28e-01	8.61e-05	3.80e-06	0.00e+00	0.00e+00	0.00e+00	0.00e+00
 2.37772e+20	8.78e-01	1.22e-01	8.38e-05	3.63e-06	0.00e+00	0.00e+00	0.00e+00	0.00e+00
 2.45950e+20	8.84e-01	1.16e-01	8.15e-05	3.46e-06	0.00e+00	0.00e+00	0.00e+00	0.00e+00
 2.54498e+20	8.89e-01	1.11e-01	7.93e-05	3.30e-06	0.00e+00	0.00e+00	0.00e+00	0.00e+00
 2.63461e+20	8.94e-01	1.06e-01	7.71e-05	3.14e-06	0.00e+00	0.00e+00	0.00e+00	0.00e+00
 2.72821e+20	8.99e-01	1.00e-01	7.49e-05	2.98e-06	0.00e+00	0.00e+00	0.00e+00	0.00e+00
 2.82563e+20	9.04e-01	9.54e-02	7.27e-05	2.82e-06	0.00e+00	0.00e+00	0.00e+00	0.00e+00
 2.92704e+20	9.09e-01	9.06e-02	7.06e-05	2.67e-06	0.00e+00	0.00e+00	0.00e+00	0.00e+00
 3.03266e+20	9.14e-01	8.59e-02	6.85e-05	2.53e-06	0.00e+00	0.00e+00	0.00e+00	0.00e+00
 3.14254e+20	9.19e-01	8.14e-02	6.64e-05	2.39e-06	0.00e+00	0.00e+00	0.00e+00	0.00e+00
 3.25661e+20	9.23e-01	7.70e-02	6.44e-05	2.26e-06	0.00e+00	0.00e+00	0.00e+00	0.00e+00
 3.37291e+20	9.27e-01	7.28e-02	6.24e-05	2.13e-06	0.00e+00	0.00e+00	0.00e+00	0.00e+00
 3.48833e+20	9.31e-01	6.90e-02	6.06e-05	2.01e-06	0.00e+00	0.00e+00	0.00e+00	0.00e+00
 3.60177e+20	9.35e-01	6.54e-02	5.88e-05	1.91e-06	0.00e+00	0.00e+00	0.00e+00	0.00e+00
 3.71328e+20	9.38e-01	6.22e-02	5.72e-05	1.81e-06	0.00e+00	0.00e+00	0.00e+00	0.00e+00
 3.82250e+20	9.41e-01	5.91e-02	5.56e-05	1.72e-06	0.00e+00	0.00e+00	0.00e+00	0.00e+00
 3.92866e+20	9.44e-01	5.63e-02	5.42e-05	1.65e-06	0.00e+00	0.00e+00	0.00e+00	0.00e+00
 4.03106e+20	9.46e-01	5.37e-02	5.29e-05	1.57e-06	0.00e+00	0.00e+00	0.00e+00	0.00e+00
 4.12941e+20	9.49e-01	5.14e-02	5.16e-05	1.51e-06	0.00e+00	0.00e+00	0.00e+00	0.00e+00
