#depth	O	O+	O+2	O+3	O+4	O+5	O+6	O+7	O+8	O[1]	O[2]	O[3]
 1.26400e+16	1.33e-03	1.29e-01	6.46e-01	2.05e-01	1.80e-02	2.15e-04	1.94e-06	0.00e+00	0.00e+00	1.33e-03	1.03e-07	1.11e-07
 7.58397e+16	1.32e-03	1.28e-01	6.47e-01	2.06e-01	1.80e-02	2.16e-04	1.95e-06	0.00e+00	0.00e+00	1.32e-03	1.03e-07	1.10e-07
 3.28639e+17	1.28e-03	1.25e-01	6.49e-01	2.06e-01	1.80e-02	2.17e-04	1.96e-06	0.00e+00	0.00e+00	1.28e-03	9.98e-08	1.07e-07
 1.33984e+18	1.19e-03	1.18e-01	6.58e-01	2.05e-01	1.77e-02	2.15e-04	1.96e-06	0.00e+00	0.00e+00	1.19e-03	9.21e-08	9.92e-08
 3.20044e+18	9.45e-04	1.02e-01	6.68e-01	2.11e-01	1.77e-02	2.28e-04	2.14e-06	0.00e+00	0.00e+00	9.44e-04	7.26e-08	7.90e-08
 5.61922e+18	8.03e-04	9.26e-02	6.79e-01	2.10e-01	1.72e-02	2.29e-04	2.20e-06	0.00e+00	0.00e+00	8.03e-04	6.13e-08	6.72e-08
 8.76364e+18	7.14e-04	8.59e-02	6.94e-01	2.03e-01	1.60e-02	2.19e-04	2.13e-06	0.00e+00	0.00e+00	7.13e-04	5.42e-08	5.98e-08
 1.28514e+19	6.85e-04	8.41e-02	7.11e-01	1.89e-01	1.42e-02	1.95e-04	1.91e-06	0.00e+00	0.00e+00	6.85e-04	5.19e-08	5.74e-08
 1.81654e+19	7.09e-04	8.64e-02	7.34e-01	1.67e-01	1.18e-02	1.59e-04	1.56e-06	0.00e+00	0.00e+00	7.09e-04	5.38e-08	5.94e-08
 2.44713e+19	7.98e-04	9.35e-02	7.56e-01	1.40e-01	9.17e-03	1.18e-04	1.15e-06	0.00e+00	0.00e+00	7.97e-04	6.08e-08	6.68e-08
 3.19095e+19	1.05e-03	1.11e-01	7.74e-01	1.07e-01	6.35e-03	7.46e-05	7.08e-07	0.00e+00	0.00e+00	1.05e-03	8.11e-08	8.80e-08
 3.81357e+19	1.33e-03	1.28e-01	7.82e-01	8.40e-02	4.64e-03	5.03e-05	4.67e-07	0.00e+00	0.00e+00	1.33e-03	1.03e-07	1.11e-07
 4.16181e+19	1.59e-03	1.43e-01	7.81e-01	7.14e-02	3.77e-03	3.83e-05	3.50e-07	0.00e+00	0.00e+00	1.59e-03	1.25e-07	1.33e-07
 4.43314e+19	1.87e-03	1.57e-01	7.76e-01	6.20e-02	3.16e-03	3.03e-05	2.72e-07	0.00e+00	0.00e+00	1.87e-03	1.48e-07	1.56e-07
 4.73697e+19	2.29e-03	1.76e-01	7.67e-01	5.21e-02	2.56e-03	2.27e-05	2.00e-07	0.00e+00	0.00e+00	2.29e-03	1.84e-07	1.91e-07
 5.06099e+19	2.83e-03	1.97e-01	7.54e-01	4.33e-02	2.04e-03	1.67e-05	1.44e-07	0.00e+00	0.00e+00	2.83e-03	2.30e-07	2.36e-07
 5.34292e+19	3.44e-03	2.19e-01	7.39e-01	3.64e-02	1.67e-03	1.26e-05	0.00e+00	0.00e+00	0.00e+00	3.44e-03	2.84e-07	2.86e-07
 5.59229e+19	4.05e-03	2.38e-01	7.25e-01	3.13e-02	1.40e-03	9.80e-06	0.00e+00	0.00e+00	0.00e+00	4.05e-03	3.36e-07	3.36e-07
 5.86768e+19	5.07e-03	2.67e-01	7.01e-01	2.56e-02	1.12e-03	7.08e-06	0.00e+00	0.00e+00	0.00e+00	5.07e-03	4.28e-07	4.20e-07
 6.14717e+19	6.13e-03	2.93e-01	6.78e-01	2.13e-02	9.10e-04	5.27e-06	0.00e+00	0.00e+00	0.00e+00	6.13e-03	5.21e-07	5.08e-07
 6.38916e+19	7.52e-03	3.23e-01	6.51e-01	1.75e-02	7.43e-04	3.89e-06	0.00e+00	0.00e+00	0.00e+00	7.52e-03	6.48e-07	6.21e-07
 6.61183e+19	8.83e-03	3.48e-01	6.28e-01	1.49e-02	6.27e-04	3.02e-06	0.00e+00	0.00e+00	0.00e+00	8.83e-03	7.64e-07	7.28e-07
 6.85218e+19	1.09e-02	3.82e-01	5.95e-01	1.20e-02	5.07e-04	2.18e-06	0.00e+00	0.00e+00	0.00e+00	1.09e-02	9.48e-07	8.94e-07
 7.10590e+19	1.34e-02	4.17e-01	5.59e-01	9.65e-03	4.11e-04	1.57e-06	0.00e+00	0.00e+00	0.00e+00	1.33e-02	1.18e-06	1.10e-06
 7.32669e+19	1.60e-02	4.49e-01	5.26e-01	7.89e-03	3.40e-04	1.17e-06	0.00e+00	0.00e+00	0.00e+00	1.60e-02	1.41e-06	1.31e-06
 7.56341e+19	1.96e-02	4.86e-01	4.87e-01	6.22e-03	2.75e-04	8.30e-07	0.00e+00	0.00e+00	0.00e+00	1.96e-02	1.74e-06	1.60e-06
 7.81661e+19	2.42e-02	5.26e-01	4.45e-01	4.79e-03	2.19e-04	5.73e-07	0.00e+00	0.00e+00	0.00e+00	2.42e-02	2.16e-06	1.97e-06
 8.03639e+19	2.91e-02	5.61e-01	4.06e-01	3.76e-03	1.79e-04	4.12e-07	0.00e+00	0.00e+00	0.00e+00	2.91e-02	2.60e-06	2.36e-06
 8.23550e+19	3.47e-02	5.92e-01	3.70e-01	2.97e-03	1.48e-04	2.98e-07	0.00e+00	0.00e+00	0.00e+00	3.47e-02	3.09e-06	2.79e-06
 8.46261e+19	4.24e-02	6.28e-01	3.27e-01	2.22e-03	1.17e-04	2.02e-07	0.00e+00	0.00e+00	0.00e+00	4.24e-02	3.78e-06	3.39e-06
 8.70586e+19	5.23e-02	6.63e-01	2.83e-01	1.60e-03	9.05e-05	1.32e-07	0.00e+00	0.00e+00	0.00e+00	5.23e-02	4.64e-06	4.15e-06
 8.91397e+19	6.29e-02	6.91e-01	2.45e-01	1.19e-03	7.15e-05	0.00e+00	0.00e+00	0.00e+00	0.00e+00	6.29e-02	5.54e-06	4.95e-06
 9.08757e+19	7.32e-02	7.11e-01	2.15e-01	9.11e-04	5.84e-05	0.00e+00	0.00e+00	0.00e+00	0.00e+00	7.32e-02	6.41e-06	5.72e-06
 9.27239e+19	8.65e-02	7.29e-01	1.84e-01	6.71e-04	4.60e-05	0.00e+00	0.00e+00	0.00e+00	0.00e+00	8.65e-02	7.51e-06	6.68e-06
 9.46501e+19	1.02e-01	7.43e-01	1.54e-01	4.84e-04	3.56e-05	0.00e+00	0.00e+00	0.00e+00	0.00e+00	1.02e-01	8.79e-06	7.82e-06
 9.62104e+19	1.17e-01	7.51e-01	1.32e-01	3.68e-04	2.87e-05	0.00e+00	0.00e+00	0.00e+00	0.00e+00	1.17e-01	9.95e-06	8.83e-06
 9.75214e+19	1.32e-01	7.54e-01	1.14e-01	2.86e-04	2.34e-05	0.00e+00	0.00e+00	0.00e+00	0.00e+00	1.32e-01	1.11e-05	9.83e-06
 9.89757e+19	1.50e-01	7.54e-01	9.61e-02	2.15e-04	1.85e-05	0.00e+00	0.00e+00	0.00e+00	0.00e+00	1.50e-01	1.24e-05	1.10e-05
 1.00530e+20	1.71e-01	7.50e-01	7.94e-02	1.59e-04	1.44e-05	0.00e+00	0.00e+00	0.00e+00	0.00e+00	1.71e-01	1.39e-05	1.23e-05
 1.01866e+20	1.91e-01	7.42e-01	6.66e-02	1.21e-04	1.14e-05	0.00e+00	0.00e+00	0.00e+00	0.00e+00	1.91e-01	1.53e-05	1.35e-05
 1.03031e+20	2.10e-01	7.33e-01	5.65e-02	9.51e-05	9.19e-06	0.00e+00	0.00e+00	0.00e+00	0.00e+00	2.10e-01	1.65e-05	1.47e-05
 1.04319e+20	2.33e-01	7.20e-01	4.66e-02	7.24e-05	7.18e-06	0.00e+00	0.00e+00	0.00e+00	0.00e+00	2.33e-01	1.80e-05	1.59e-05
 1.05731e+20	2.60e-01	7.02e-01	3.76e-02	5.40e-05	5.44e-06	0.00e+00	0.00e+00	0.00e+00	0.00e+00	2.60e-01	1.96e-05	1.73e-05
 1.07006e+20	2.87e-01	6.83e-01	3.05e-02	4.14e-05	4.19e-06	0.00e+00	0.00e+00	0.00e+00	0.00e+00	2.87e-01	2.10e-05	1.86e-05
 1.08172e+20	3.11e-01	6.64e-01	2.52e-02	3.27e-05	3.30e-06	0.00e+00	0.00e+00	0.00e+00	0.00e+00	3.11e-01	2.22e-05	1.97e-05
 1.09493e+20	3.41e-01	6.39e-01	1.99e-02	2.50e-05	2.46e-06	0.00e+00	0.00e+00	0.00e+00	0.00e+00	3.41e-01	2.36e-05	2.09e-05
 1.11133e+20	3.79e-01	6.06e-01	1.48e-02	1.82e-05	1.72e-06	0.00e+00	0.00e+00	0.00e+00	0.00e+00	3.79e-01	2.51e-05	2.22e-05
 1.12778e+20	4.18e-01	5.71e-01	1.09e-02	1.35e-05	1.19e-06	0.00e+00	0.00e+00	0.00e+00	0.00e+00	4.18e-01	2.64e-05	2.34e-05
 1.14121e+20	4.49e-01	5.42e-01	8.45e-03	1.07e-05	8.79e-07	0.00e+00	0.00e+00	0.00e+00	0.00e+00	4.49e-01	2.73e-05	2.42e-05
 1.15245e+20	4.76e-01	5.17e-01	6.80e-03	8.87e-06	6.81e-07	0.00e+00	0.00e+00	0.00e+00	0.00e+00	4.76e-01	2.79e-05	2.47e-05
 1.16317e+20	5.01e-01	4.93e-01	5.51e-03	7.50e-06	5.33e-07	0.00e+00	0.00e+00	0.00e+00	0.00e+00	5.01e-01	2.84e-05	2.51e-05
 1.17405e+20	5.26e-01	4.70e-01	4.45e-03	6.39e-06	4.17e-07	0.00e+00	0.00e+00	0.00e+00	0.00e+00	5.26e-01	2.87e-05	2.54e-05
 1.18484e+20	5.49e-01	4.47e-01	3.60e-03	5.51e-06	3.28e-07	0.00e+00	0.00e+00	0.00e+00	0.00e+00	5.49e-01	2.89e-05	2.55e-05
 1.19518e+20	5.71e-01	4.26e-01	2.95e-03	4.83e-06	2.62e-07	0.00e+00	0.00e+00	0.00e+00	0.00e+00	5.71e-01	2.90e-05	2.56e-05
 1.20516e+20	5.91e-01	4.07e-01	2.44e-03	4.28e-06	2.12e-07	0.00e+00	0.00e+00	0.00e+00	0.00e+00	5.91e-01	2.90e-05	2.56e-05
 1.21328e+20	6.06e-01	3.92e-01	2.11e-03	3.92e-06	1.80e-07	0.00e+00	0.00e+00	0.00e+00	0.00e+00	6.06e-01	2.90e-05	2.56e-05
 1.21911e+20	6.17e-01	3.81e-01	1.90e-03	3.68e-06	1.60e-07	0.00e+00	0.00e+00	0.00e+00	0.00e+00	6.17e-01	2.90e-05	2.55e-05
 1.22485e+20	6.27e-01	3.71e-01	1.71e-03	3.46e-06	1.43e-07	0.00e+00	0.00e+00	0.00e+00	0.00e+00	6.27e-01	2.89e-05	2.54e-05
 1.23155e+20	6.39e-01	3.60e-01	1.51e-03	3.23e-06	1.25e-07	0.00e+00	0.00e+00	0.00e+00	0.00e+00	6.39e-01	2.88e-05	2.53e-05
 1.23884e+20	6.51e-01	3.48e-01	1.33e-03	3.02e-06	0.00e+00	0.00e+00	0.00e+00	0.00e+00	0.00e+00	6.51e-01	2.86e-05	2.52e-05
 1.24620e+20	6.62e-01	3.37e-01	1.18e-03	2.83e-06	0.00e+00	0.00e+00	0.00e+00	0.00e+00	0.00e+00	6.62e-01	2.85e-05	2.51e-05
 1.25369e+20	6.73e-01	3.26e-01	1.05e-03	2.66e-06	0.00e+00	0.00e+00	0.00e+00	0.00e+00	0.00e+00	6.73e-01	2.83e-05	2.49e-05
 1.26160e+20	6.84e-01	3.15e-01	9.25e-04	2.49e-06	0.00e+00	0.00e+00	0.00e+00	0.00e+00	0.00e+00	6.84e-01	2.81e-05	2.47e-05
 1.26989e+20	6.94e-01	3.05e-01	8.19e-04	2.35e-06	0.00e+00	0.00e+00	0.00e+00	0.00e+00	0.00e+00	6.94e-01	2.79e-05	2.45e-05
 1.27865e+20	7.04e-01	2.95e-01	7.24e-04	2.21e-06	0.00e+00	0.00e+00	0.00e+00	0.00e+00	0.00e+00	7.04e-01	2.76e-05	2.43e-05
 1.28794e+20	7.14e-01	2.85e-01	6.43e-04	2.08e-06	0.00e+00	0.00e+00	0.00e+00	0.00e+00	0.00e+00	7.14e-01	2.74e-05	2.40e-05
 1.29789e+20	7.24e-01	2.76e-01	5.70e-04	1.97e-06	0.00e+00	0.00e+00	0.00e+00	0.00e+00	0.00e+00	7.24e-01	2.71e-05	2.38e-05
 1.30874e+20	7.33e-01	2.67e-01	5.07e-04	1.86e-06	0.00e+00	0.00e+00	0.00e+00	0.00e+00	0.00e+00	7.33e-01	2.68e-05	2.36e-05
 1.32075e+20	7.42e-01	2.58e-01	4.50e-04	1.76e-06	0.00e+00	0.00e+00	0.00e+00	0.00e+00	0.00e+00	7.42e-01	2.66e-05	2.33e-05
 1.33402e+20	7.50e-01	2.49e-01	4.02e-04	1.67e-06	0.00e+00	0.00e+00	0.00e+00	0.00e+00	0.00e+00	7.50e-01	2.63e-05	2.30e-05
 1.34900e+20	7.58e-01	2.41e-01	3.60e-04	1.59e-06	0.00e+00	0.00e+00	0.00e+00	0.00e+00	0.00e+00	7.58e-01	2.60e-05	2.28e-05
 1.36603e+20	7.66e-01	2.34e-01	3.24e-04	1.51e-06	0.00e+00	0.00e+00	0.00e+00	0.00e+00	0.00e+00	7.66e-01	2.57e-05	2.25e-05
 1.38368e+20	7.72e-01	2.28e-01	2.96e-04	1.45e-06	0.00e+00	0.00e+00	0.00e+00	0.00e+00	0.00e+00	7.72e-01	2.55e-05	2.23e-05
 1.40090e+20	7.77e-01	2.23e-01	2.76e-04	1.41e-06	0.00e+00	0.00e+00	0.00e+00	0.00e+00	0.00e+00	7.77e-01	2.53e-05	2.21e-05
 1.42047e+20	7.82e-01	2.18e-01	2.56e-04	1.36e-06	0.00e+00	0.00e+00	0.00e+00	0.00e+00	0.00e+00	7.82e-01	2.51e-05	2.19e-05
 1.44592e+20	7.88e-01	2.12e-01	2.37e-04	1.31e-06	0.00e+00	0.00e+00	0.00e+00	0.00e+00	0.00e+00	7.88e-01	2.49e-05	2.17e-05
 1.47901e+20	7.93e-01	2.06e-01	2.17e-04	1.26e-06	0.00e+00	0.00e+00	0.00e+00	0.00e+00	0.00e+00	7.93e-01	2.46e-05	2.15e-05
 1.52202e+20	8.00e-01	2.00e-01	1.97e-04	1.20e-06	0.00e+00	0.00e+00	0.00e+00	0.00e+00	0.00e+00	8.00e-01	2.43e-05	2.12e-05
 1.57660e+20	8.07e-01	1.93e-01	1.78e-04	1.14e-06	0.00e+00	0.00e+00	0.00e+00	0.00e+00	0.00e+00	8.07e-01	2.40e-05	2.09e-05
 1.64005e+20	8.14e-01	1.86e-01	1.60e-04	1.08e-06	0.00e+00	0.00e+00	0.00e+00	0.00e+00	0.00e+00	8.14e-01	2.37e-05	2.06e-05
 1.70781e+20	8.21e-01	1.79e-01	1.44e-04	1.03e-06	0.00e+00	0.00e+00	0.00e+00	0.00e+00	0.00e+00	8.21e-01	2.34e-05	2.03e-05
 1.77863e+20	8.27e-01	1.73e-01	1.30e-04	9.75e-07	0.00e+00	0.00e+00	0.00e+00	0.00e+00	0.00e+00	8.27e-01	2.30e-05	2.00e-05
 1.85354e+20	8.33e-01	1.67e-01	1.18e-04	9.28e-07	0.00e+00	0.00e+00	0.00e+00	0.00e+00	0.00e+00	8.33e-01	2.27e-05	1.97e-05
 1.93319e+20	8.39e-01	1.61e-01	1.08e-04	8.83e-07	0.00e+00	0.00e+00	0.00e+00	0.00e+00	0.00e+00	8.39e-01	2.23e-05	1.93e-05
 2.01730e+20	8.45e-01	1.55e-01	9.83e-05	8.40e-07	0.00e+00	0.00e+00	0.00e+00	0.00e+00	0.00e+00	8.45e-01	2.20e-05	1.90e-05
 2.10583e+20	8.51e-01	1.49e-01	9.02e-05	8.00e-07	0.00e+00	0.00e+00	0.00e+00	0.00e+00	0.00e+00	8.51e-01	2.17e-05	1.87e-05
 2.19916e+20	8.56e-01	1.44e-01	8.30e-05	7.62e-07	0.00e+00	0.00e+00	0.00e+00	0.00e+00	0.00e+00	8.56e-01	2.14e-05	1.84e-05
 2.29773e+20	8.61e-01	1.39e-01	7.66e-05	7.26e-07	0.00e+00	0.00e+00	0.00e+00	0.00e+00	0.00e+00	8.61e-01	2.11e-05	1.81e-05
 2.40176e+20	8.66e-01	1.34e-01	7.10e-05	6.92e-07	0.00e+00	0.00e+00	0.00e+00	0.00e+00	0.00e+00	8.66e-01	2.08e-05	1.78e-05
 2.51148e+20	8.71e-01	1.29e-01	6.61e-05	6.60e-07	0.00e+00	0.00e+00	0.00e+00	0.00e+00	0.00e+00	8.71e-01	2.05e-05	1.76e-05
 2.62713e+20	8.75e-01	1.25e-01	6.17e-05	6.29e-07	0.00e+00	0.00e+00	0.00e+00	0.00e+00	0.00e+00	8.75e-01	2.02e-05	1.73e-05
 2.74905e+20	8.80e-01	1.20e-01	5.78e-05	6.00e-07	0.00e+00	0.00e+00	0.00e+00	0.00e+00	0.00e+00	8.80e-01	2.00e-05	1.70e-05
 2.87754e+20	8.84e-01	1.16e-01	5.43e-05	5.72e-07	0.00e+00	0.00e+00	0.00e+00	0.00e+00	0.00e+00	8.84e-01	1.97e-05	1.67e-05
 3.01289e+20	8.88e-01	1.12e-01	5.12e-05	5.46e-07	0.00e+00	0.00e+00	0.00e+00	0.00e+00	0.00e+00	8.88e-01	1.94e-05	1.65e-05
 3.15538e+20	8.92e-01	1.08e-01	4.84e-05	5.20e-07	0.00e+00	0.00e+00	0.00e+00	0.00e+00	0.00e+00	8.92e-01	1.92e-05	1.62e-05
 3.30531e+20	8.96e-01	1.04e-01	4.60e-05	4.96e-07	0.00e+00	0.00e+00	0.00e+00	0.00e+00	0.00e+00	8.96e-01	1.89e-05	1.60e-05
 3.46295e+20	9.00e-01	1.00e-01	4.38e-05	4.73e-07	0.00e+00	0.00e+00	0.00e+00	0.00e+00	0.00e+00	9.00e-01	1.87e-05	1.57e-05
 3.62859e+20	9.03e-01	9.67e-02	4.18e-05	4.50e-07	0.00e+00	0.00e+00	0.00e+00	0.00e+00	0.00e+00	9.03e-01	1.85e-05	1.55e-05
 3.80210e+20	9.07e-01	9.33e-02	4.00e-05	4.30e-07	0.00e+00	0.00e+00	0.00e+00	0.00e+00	0.00e+00	9.07e-01	1.83e-05	1.53e-05
 3.98401e+20	9.10e-01	8.99e-02	3.84e-05	4.09e-07	0.00e+00	0.00e+00	0.00e+00	0.00e+00	0.00e+00	9.10e-01	1.81e-05	1.50e-05
 4.17535e+20	9.13e-01	8.67e-02	3.70e-05	3.90e-07	0.00e+00	0.00e+00	0.00e+00	0.00e+00	0.00e+00	9.13e-01	1.79e-05	1.48e-05
 4.37590e+20	9.16e-01	8.36e-02	3.57e-05	3.71e-07	0.00e+00	0.00e+00	0.00e+00	0.00e+00	0.00e+00	9.16e-01	1.76e-05	1.46e-05
 4.58479e+20	9.19e-01	8.06e-02	3.45e-05	3.53e-07	0.00e+00	0.00e+00	0.00e+00	0.00e+00	0.00e+00	9.19e-01	1.75e-05	1.44e-05
 4.80317e+20	9.22e-01	7.77e-02	3.34e-05	3.36e-07	0.00e+00	0.00e+00	0.00e+00	0.00e+00	0.00e+00	9.22e-01	1.73e-05	1.42e-05
 5.03222e+20	9.25e-01	7.50e-02	3.24e-05	3.20e-07	0.00e+00	0.00e+00	0.00e+00	0.00e+00	0.00e+00	9.25e-01	1.71e-05	1.40e-05
 5.27123e+20	9.28e-01	7.22e-02	3.15e-05	3.04e-07	0.00e+00	0.00e+00	0.00e+00	0.00e+00	0.00e+00	9.28e-01	1.69e-05	1.38e-05
 5.52032e+20	9.30e-01	6.96e-02	3.07e-05	2.89e-07	0.00e+00	0.00e+00	0.00e+00	0.00e+00	0.00e+00	9.30e-01	1.67e-05	1.36e-05
 5.78012e+20	9.33e-01	6.71e-02	2.99e-05	2.75e-07	0.00e+00	0.00e+00	0.00e+00	0.00e+00	0.00e+00	9.33e-01	1.66e-05	1.34e-05
 6.05085e+20	9.35e-01	6.47e-02	2.92e-05	2.61e-07	0.00e+00	0.00e+00	0.00e+00	0.00e+00	0.00e+00	9.35e-01	1.64e-05	1.33e-05
 6.33101e+20	9.38e-01	6.23e-02	2.85e-05	2.48e-07	0.00e+00	0.00e+00	0.00e+00	0.00e+00	0.00e+00	9.38e-01	1.62e-05	1.31e-05
 6.62090e+20	9.40e-01	6.00e-02	2.79e-05	2.35e-07	0.00e+00	0.00e+00	0.00e+00	0.00e+00	0.00e+00	9.40e-01	1.61e-05	1.29e-05
 6.92267e+20	9.42e-01	5.78e-02	2.74e-05	2.23e-07	0.00e+00	0.00e+00	0.00e+00	0.00e+00	0.00e+00	9.42e-01	1.59e-05	1.27e-05
 7.23608e+20	9.44e-01	5.57e-02	2.68e-05	2.12e-07	0.00e+00	0.00e+00	0.00e+00	0.00e+00	0.00e+00	9.44e-01	1.58e-05	1.26e-05
 7.56036e+20	9.46e-01	5.37e-02	2.63e-05	2.01e-07	0.00e+00	0.00e+00	0.00e+00	0.00e+00	0.00e+00	9.46e-01	1.56e-05	1.24e-05
 7.89518e+20	9.48e-01	5.17e-02	2.59e-05	1.90e-07	0.00e+00	0.00e+00	0.00e+00	0.00e+00	0.00e+00	9.48e-01	1.55e-05	1.22e-05
 8.24158e+20	9.50e-01	4.98e-02	2.54e-05	1.80e-07	0.00e+00	0.00e+00	0.00e+00	0.00e+00	0.00e+00	9.50e-01	1.53e-05	1.20e-05
 8.59932e+20	9.52e-01	4.79e-02	2.50e-05	1.71e-07	0.00e+00	0.00e+00	0.00e+00	0.00e+00	0.00e+00	9.52e-01	1.51e-05	1.18e-05
 8.96799e+20	9.54e-01	4.61e-02	2.46e-05	1.62e-07	0.00e+00	0.00e+00	0.00e+00	0.00e+00	0.00e+00	9.54e-01	1.50e-05	1.16e-05
 9.35171e+20	9.56e-01	4.44e-02	2.43e-05	1.53e-07	0.00e+00	0.00e+00	0.00e+00	0.00e+00	0.00e+00	9.56e-01	1.48e-05	1.14e-05
 9.74596e+20	9.57e-01	4.27e-02	2.39e-05	1.44e-07	0.00e+00	0.00e+00	0.00e+00	0.00e+00	0.00e+00	9.57e-01	1.47e-05	1.13e-05
 1.01521e+21	9.59e-01	4.11e-02	2.36e-05	1.36e-07	0.00e+00	0.00e+00	0.00e+00	0.00e+00	0.00e+00	9.59e-01	1.45e-05	1.11e-05
 1.05748e+21	9.60e-01	3.96e-02	2.33e-05	1.29e-07	0.00e+00	0.00e+00	0.00e+00	0.00e+00	0.00e+00	9.60e-01	1.44e-05	1.09e-05
 1.10093e+21	9.62e-01	3.81e-02	2.29e-05	1.22e-07	0.00e+00	0.00e+00	0.00e+00	0.00e+00	0.00e+00	9.62e-01	1.42e-05	1.08e-05
 1.14557e+21	9.63e-01	3.67e-02	2.26e-05	0.00e+00	0.00e+00	0.00e+00	0.00e+00	0.00e+00	0.00e+00	9.63e-01	1.40e-05	1.06e-05
 1.19168e+21	9.65e-01	3.53e-02	2.23e-05	0.00e+00	0.00e+00	0.00e+00	0.00e+00	0.00e+00	0.00e+00	9.65e-01	1.39e-05	1.05e-05
 1.23952e+21	9.66e-01	3.40e-02	2.20e-05	0.00e+00	0.00e+00	0.00e+00	0.00e+00	0.00e+00	0.00e+00	9.66e-01	1.37e-05	1.03e-05
 1.28909e+21	9.67e-01	3.27e-02	2.17e-05	0.00e+00	0.00e+00	0.00e+00	0.00e+00	0.00e+00	0.00e+00	9.67e-01	1.36e-05	1.02e-05
 1.34031e+21	9.69e-01	3.15e-02	2.14e-05	0.00e+00	0.00e+00	0.00e+00	0.00e+00	0.00e+00	0.00e+00	9.69e-01	1.34e-05	1.01e-05
 1.39310e+21	9.70e-01	3.03e-02	2.11e-05	0.00e+00	0.00e+00	0.00e+00	0.00e+00	0.00e+00	0.00e+00	9.70e-01	1.32e-05	9.95e-06
 1.44651e+21	9.71e-01	2.91e-02	2.08e-05	0.00e+00	0.00e+00	0.00e+00	0.00e+00	0.00e+00	0.00e+00	9.71e-01	1.30e-05	9.83e-06
 1.49910e+21	9.72e-01	2.81e-02	2.05e-05	0.00e+00	0.00e+00	0.00e+00	0.00e+00	0.00e+00	0.00e+00	9.72e-01	1.28e-05	9.72e-06
 1.55045e+21	9.73e-01	2.71e-02	2.03e-05	0.00e+00	0.00e+00	0.00e+00	0.00e+00	0.00e+00	0.00e+00	9.73e-01	1.26e-05	9.62e-06
 1.60077e+21	9.74e-01	2.61e-02	2.00e-05	0.00e+00	0.00e+00	0.00e+00	0.00e+00	0.00e+00	0.00e+00	9.74e-01	1.24e-05	9.52e-06
 1.64991e+21	9.75e-01	2.53e-02	1.98e-05	0.00e+00	0.00e+00	0.00e+00	0.00e+00	0.00e+00	0.00e+00	9.75e-01	1.22e-05	9.42e-06
 1.69731e+21	9.76e-01	2.44e-02	1.96e-05	0.00e+00	0.00e+00	0.00e+00	0.00e+00	0.00e+00	0.00e+00	9.76e-01	1.20e-05	9.33e-06
 1.74266e+21	9.76e-01	2.36e-02	1.94e-05	0.00e+00	0.00e+00	0.00e+00	0.00e+00	0.00e+00	0.00e+00	9.76e-01	1.17e-05	9.24e-06
 1.78599e+21	9.77e-01	2.28e-02	1.92e-05	0.00e+00	0.00e+00	0.00e+00	0.00e+00	0.00e+00	0.00e+00	9.77e-01	1.15e-05	9.16e-06
 1.82748e+21	9.78e-01	2.21e-02	1.91e-05	0.00e+00	0.00e+00	0.00e+00	0.00e+00	0.00e+00	0.00e+00	9.78e-01	1.13e-05	9.08e-06
