#depth	He	He+	He+2
 9.31698e+16	3.19e-05	3.90e-02	9.61e-01
 5.59019e+17	3.19e-05	3.90e-02	9.61e-01
 2.42242e+18	3.19e-05	3.91e-02	9.61e-01
 9.87600e+18	3.21e-05	3.99e-02	9.60e-01
 2.35906e+19	3.17e-05	3.99e-02	9.60e-01
 4.14196e+19	3.28e-05	4.09e-02	9.59e-01
 6.45972e+19	3.55e-05	4.32e-02	9.57e-01
 9.47282e+19	4.06e-05	4.75e-02	9.52e-01
 1.24533e+20	4.61e-05	5.25e-02	9.47e-01
 1.47588e+20	5.22e-05	5.80e-02	9.42e-01
 1.67464e+20	5.91e-05	6.41e-02	9.36e-01
 1.86130e+20	6.72e-05	7.11e-02	9.29e-01
 2.03657e+20	7.65e-05	7.92e-02	9.21e-01
 2.20039e+20	8.72e-05	8.83e-02	9.12e-01
 2.35478e+20	9.95e-05	9.86e-02	9.01e-01
 2.49357e+20	1.13e-04	1.10e-01	8.90e-01
 2.61592e+20	1.27e-04	1.21e-01	8.79e-01
 2.72672e+20	1.42e-04	1.33e-01	8.67e-01
 2.82757e+20	1.57e-04	1.46e-01	8.54e-01
 2.93975e+20	1.78e-04	1.62e-01	8.38e-01
 3.05504e+20	2.03e-04	1.80e-01	8.20e-01
 3.14542e+20	2.25e-04	1.97e-01	8.03e-01
 3.23397e+20	2.52e-04	2.16e-01	7.84e-01
 3.32695e+20	2.82e-04	2.37e-01	7.63e-01
 3.41208e+20	3.15e-04	2.58e-01	7.41e-01
 3.49067e+20	3.48e-04	2.80e-01	7.20e-01
 3.57439e+20	3.89e-04	3.05e-01	6.94e-01
 3.66328e+20	4.36e-04	3.33e-01	6.66e-01
 3.73956e+20	4.80e-04	3.58e-01	6.41e-01
 3.81940e+20	5.33e-04	3.87e-01	6.13e-01
 3.90372e+20	5.92e-04	4.17e-01	5.83e-01
 3.97691e+20	6.48e-04	4.43e-01	5.56e-01
 4.05509e+20	7.15e-04	4.73e-01	5.26e-01
 4.13836e+20	7.88e-04	5.03e-01	4.96e-01
 4.21197e+20	8.56e-04	5.30e-01	4.69e-01
 4.29138e+20	9.42e-04	5.59e-01	4.40e-01
 4.37490e+20	1.03e-03	5.87e-01	4.12e-01
 4.45180e+20	1.12e-03	6.12e-01	3.87e-01
 4.51418e+20	1.19e-03	6.31e-01	3.68e-01
 4.55663e+20	1.24e-03	6.43e-01	3.56e-01
 4.59880e+20	1.30e-03	6.56e-01	3.43e-01
 4.65361e+20	1.38e-03	6.72e-01	3.27e-01
 4.71098e+20	1.46e-03	6.87e-01	3.11e-01
 4.76165e+20	1.54e-03	7.00e-01	2.98e-01
 4.81748e+20	1.63e-03	7.14e-01	2.84e-01
 4.87768e+20	1.73e-03	7.28e-01	2.70e-01
 4.93267e+20	1.82e-03	7.40e-01	2.58e-01
 4.98249e+20	1.91e-03	7.50e-01	2.48e-01
 5.03649e+20	2.02e-03	7.61e-01	2.37e-01
 5.09425e+20	2.14e-03	7.72e-01	2.26e-01
 5.14646e+20	2.25e-03	7.81e-01	2.16e-01
 5.20389e+20	2.39e-03	7.91e-01	2.06e-01
 5.26491e+20	2.54e-03	8.01e-01	1.97e-01
 5.31777e+20	2.69e-03	8.09e-01	1.89e-01
 5.37366e+20	2.86e-03	8.16e-01	1.81e-01
 5.43259e+20	3.04e-03	8.24e-01	1.73e-01
 5.48421e+20	3.22e-03	8.30e-01	1.66e-01
 5.54004e+20	3.44e-03	8.37e-01	1.59e-01
 5.59994e+20	3.69e-03	8.44e-01	1.53e-01
 5.65252e+20	3.94e-03	8.49e-01	1.47e-01
 5.70824e+20	4.23e-03	8.54e-01	1.41e-01
 5.76710e+20	4.57e-03	8.60e-01	1.36e-01
 5.81717e+20	4.90e-03	8.64e-01	1.31e-01
 5.86941e+20	5.29e-03	8.68e-01	1.26e-01
 5.92527e+20	5.75e-03	8.72e-01	1.22e-01
 5.97269e+20	6.21e-03	8.76e-01	1.18e-01
 6.01391e+20	6.64e-03	8.78e-01	1.15e-01
 6.06021e+20	7.22e-03	8.81e-01	1.12e-01
 6.10982e+20	7.93e-03	8.84e-01	1.08e-01
 6.15246e+20	8.62e-03	8.86e-01	1.05e-01
 6.19028e+20	9.31e-03	8.88e-01	1.03e-01
 6.22737e+20	1.01e-02	8.89e-01	1.01e-01
 6.26989e+20	1.12e-02	8.91e-01	9.80e-02
 6.31408e+20	1.25e-02	8.92e-01	9.53e-02
 6.35006e+20	1.37e-02	8.93e-01	9.37e-02
 6.38154e+20	1.51e-02	8.93e-01	9.19e-02
 6.41283e+20	1.66e-02	8.93e-01	9.02e-02
 6.44356e+20	1.83e-02	8.93e-01	8.86e-02
 6.47287e+20	2.03e-02	8.93e-01	8.72e-02
 6.50078e+20	2.25e-02	8.92e-01	8.59e-02
 6.52808e+20	2.49e-02	8.90e-01	8.48e-02
 6.55935e+20	2.83e-02	8.88e-01	8.36e-02
 6.59231e+20	3.27e-02	8.85e-01	8.25e-02
 6.62017e+20	3.73e-02	8.81e-01	8.17e-02
 6.64390e+20	4.22e-02	8.77e-01	8.10e-02
 6.66586e+20	4.73e-02	8.72e-01	8.07e-02
 6.69067e+20	5.44e-02	8.65e-01	8.02e-02
 6.71623e+20	6.30e-02	8.57e-01	8.02e-02
 6.73685e+20	7.17e-02	8.48e-01	8.01e-02
 6.75423e+20	7.98e-02	8.40e-01	8.05e-02
 6.77226e+20	9.01e-02	8.29e-01	8.07e-02
 6.79162e+20	1.02e-01	8.17e-01	8.13e-02
 6.80971e+20	1.16e-01	8.03e-01	8.17e-02
 6.82610e+20	1.29e-01	7.88e-01	8.23e-02
 6.84144e+20	1.44e-01	7.73e-01	8.26e-02
 6.85626e+20	1.60e-01	7.57e-01	8.31e-02
 6.87051e+20	1.76e-01	7.40e-01	8.34e-02
 6.88405e+20	1.94e-01	7.23e-01	8.34e-02
 6.89753e+20	2.12e-01	7.04e-01	8.34e-02
 6.90877e+20	2.28e-01	6.89e-01	8.32e-02
 6.91693e+20	2.40e-01	6.77e-01	8.30e-02
 6.92507e+20	2.53e-01	6.64e-01	8.27e-02
 6.93486e+20	2.69e-01	6.49e-01	8.20e-02
 6.94571e+20	2.86e-01	6.32e-01	8.15e-02
 6.95708e+20	3.05e-01	6.14e-01	8.04e-02
 6.96900e+20	3.24e-01	5.96e-01	7.95e-02
 6.98204e+20	3.45e-01	5.76e-01	7.81e-02
 6.99690e+20	3.68e-01	5.56e-01	7.65e-02
 7.01386e+20	3.91e-01	5.34e-01	7.46e-02
 7.03286e+20	4.13e-01	5.14e-01	7.27e-02
 7.05232e+20	4.33e-01	4.97e-01	7.07e-02
 7.07121e+20	4.47e-01	4.84e-01	6.90e-02
 7.08966e+20	4.59e-01	4.73e-01	6.76e-02
 7.10780e+20	4.70e-01	4.65e-01	6.59e-02
 7.12850e+20	4.76e-01	4.58e-01	6.50e-02
 7.15541e+20	4.85e-01	4.52e-01	6.35e-02
 7.19038e+20	4.93e-01	4.45e-01	6.19e-02
 7.23586e+20	5.01e-01	4.39e-01	6.00e-02
 7.29497e+20	5.10e-01	4.33e-01	5.77e-02
 7.37182e+20	5.19e-01	4.26e-01	5.50e-02
 7.47172e+20	5.32e-01	4.17e-01	5.17e-02
 7.60160e+20	5.46e-01	4.06e-01	4.79e-02
 7.77043e+20	5.64e-01	3.92e-01	4.35e-02
 7.97194e+20	5.84e-01	3.77e-01	3.90e-02
 8.18520e+20	6.04e-01	3.62e-01	3.50e-02
 8.40014e+20	6.21e-01	3.47e-01	3.15e-02
 8.62029e+20	6.39e-01	3.33e-01	2.83e-02
 8.84958e+20	6.55e-01	3.19e-01	2.55e-02
 9.08860e+20	6.71e-01	3.06e-01	2.30e-02
 9.33725e+20	6.87e-01	2.93e-01	2.07e-02
 9.59416e+20	7.01e-01	2.80e-01	1.86e-02
 9.85955e+20	7.15e-01	2.68e-01	1.68e-02
 1.01345e+21	7.29e-01	2.56e-01	1.51e-02
 1.04192e+21	7.42e-01	2.45e-01	1.36e-02
 1.07134e+21	7.54e-01	2.34e-01	1.23e-02
 1.10173e+21	7.66e-01	2.23e-01	1.11e-02
 1.13309e+21	7.77e-01	2.13e-01	9.98e-03
 1.16541e+21	7.88e-01	2.03e-01	9.00e-03
 1.19888e+21	7.98e-01	1.94e-01	8.13e-03
 1.23336e+21	8.08e-01	1.85e-01	7.33e-03
 1.26879e+21	8.17e-01	1.77e-01	6.62e-03
 1.30530e+21	8.26e-01	1.68e-01	5.98e-03
 1.34289e+21	8.34e-01	1.61e-01	5.41e-03
 1.38126e+21	8.42e-01	1.53e-01	4.90e-03
 1.42063e+21	8.49e-01	1.46e-01	4.43e-03
 1.46137e+21	8.56e-01	1.39e-01	4.01e-03
 1.50315e+21	8.63e-01	1.33e-01	3.63e-03
 1.54585e+21	8.70e-01	1.27e-01	3.29e-03
 1.58954e+21	8.76e-01	1.21e-01	2.98e-03
 1.63431e+21	8.82e-01	1.16e-01	2.71e-03
 1.68014e+21	8.87e-01	1.10e-01	2.46e-03
 1.72699e+21	8.92e-01	1.05e-01	2.23e-03
 1.77456e+21	8.97e-01	1.01e-01	2.02e-03
 1.82342e+21	9.02e-01	9.61e-02	1.84e-03
 1.87394e+21	9.07e-01	9.17e-02	1.67e-03
 1.92535e+21	9.11e-01	8.76e-02	1.52e-03
 1.97759e+21	9.15e-01	8.37e-02	1.38e-03
 2.03098e+21	9.19e-01	8.00e-02	1.26e-03
 2.08564e+21	9.22e-01	7.65e-02	1.15e-03
 2.14152e+21	9.26e-01	7.31e-02	1.04e-03
 2.19860e+21	9.29e-01	6.99e-02	9.53e-04
 2.25677e+21	9.32e-01	6.69e-02	8.69e-04
 2.31609e+21	9.35e-01	6.39e-02	7.93e-04
 2.37689e+21	9.38e-01	6.11e-02	7.24e-04
 2.43904e+21	9.41e-01	5.85e-02	6.61e-04
 2.50228e+21	9.43e-01	5.59e-02	6.03e-04
 2.56628e+21	9.46e-01	5.35e-02	5.51e-04
 2.62997e+21	9.48e-01	5.13e-02	5.05e-04
 2.69234e+21	9.50e-01	4.92e-02	4.65e-04
 2.75351e+21	9.52e-01	4.73e-02	4.29e-04
 2.81363e+21	9.54e-01	4.56e-02	3.96e-04
 2.87220e+21	9.56e-01	4.39e-02	3.68e-04
 2.92874e+21	9.57e-01	4.24e-02	3.43e-04
 2.98295e+21	9.59e-01	4.11e-02	3.21e-04
 3.03467e+21	9.60e-01	3.99e-02	3.04e-04
 3.07728e+21	9.60e-01	3.92e-02	2.93e-04
