#depth	He	He+	He+2
 6.35519e+16	5.02e-05	7.06e-02	9.29e-01
 3.81311e+17	5.02e-05	7.06e-02	9.29e-01
 1.65235e+18	5.02e-05	7.08e-02	9.29e-01
 6.73650e+18	5.07e-05	7.21e-02	9.28e-01
 1.60913e+19	5.03e-05	7.24e-02	9.28e-01
 2.82526e+19	5.17e-05	7.49e-02	9.25e-01
 4.40623e+19	5.52e-05	8.00e-02	9.20e-01
 6.46149e+19	6.23e-05	8.98e-02	9.10e-01
 8.71586e+19	7.25e-05	1.04e-01	8.96e-01
 1.07063e+20	8.54e-05	1.22e-01	8.78e-01
 1.23190e+20	1.00e-04	1.42e-01	8.57e-01
 1.36426e+20	1.16e-04	1.64e-01	8.36e-01
 1.48138e+20	1.34e-04	1.88e-01	8.12e-01
 1.59120e+20	1.55e-04	2.16e-01	7.84e-01
 1.69554e+20	1.80e-04	2.48e-01	7.52e-01
 1.79431e+20	2.08e-04	2.84e-01	7.16e-01
 1.88770e+20	2.40e-04	3.23e-01	6.76e-01
 1.97735e+20	2.75e-04	3.67e-01	6.33e-01
 2.06517e+20	3.15e-04	4.14e-01	5.86e-01
 2.15192e+20	3.58e-04	4.64e-01	5.36e-01
 2.25127e+20	4.13e-04	5.24e-01	4.76e-01
 2.35306e+20	4.71e-04	5.84e-01	4.16e-01
 2.43617e+20	5.21e-04	6.31e-01	3.69e-01
 2.52237e+20	5.76e-04	6.78e-01	3.22e-01
 2.61730e+20	6.32e-04	7.23e-01	2.77e-01
 2.70692e+20	6.84e-04	7.60e-01	2.39e-01
 2.80675e+20	7.42e-04	7.97e-01	2.02e-01
 2.91911e+20	8.03e-04	8.30e-01	1.69e-01
 3.04040e+20	8.66e-04	8.60e-01	1.39e-01
 3.18148e+20	9.35e-04	8.86e-01	1.13e-01
 3.34253e+20	1.01e-03	9.09e-01	9.02e-02
 3.52849e+20	1.09e-03	9.28e-01	7.10e-02
 3.75998e+20	1.19e-03	9.45e-01	5.42e-02
 4.00417e+20	1.29e-03	9.56e-01	4.26e-02
 4.22396e+20	1.38e-03	9.64e-01	3.49e-02
 4.39376e+20	1.46e-03	9.68e-01	3.07e-02
 4.50743e+20	1.51e-03	9.70e-01	2.82e-02
 4.62310e+20	1.57e-03	9.73e-01	2.58e-02
 4.77346e+20	1.65e-03	9.75e-01	2.31e-02
 4.92283e+20	1.74e-03	9.77e-01	2.10e-02
 5.03595e+20	1.81e-03	9.79e-01	1.96e-02
 5.13168e+20	1.88e-03	9.80e-01	1.85e-02
 5.23973e+20	1.96e-03	9.81e-01	1.73e-02
 5.35611e+20	2.06e-03	9.82e-01	1.62e-02
 5.45742e+20	2.15e-03	9.82e-01	1.54e-02
 5.54565e+20	2.24e-03	9.83e-01	1.47e-02
 5.64280e+20	2.35e-03	9.84e-01	1.39e-02
 5.74574e+20	2.47e-03	9.84e-01	1.32e-02
 5.83250e+20	2.59e-03	9.85e-01	1.27e-02
 5.90749e+20	2.71e-03	9.85e-01	1.22e-02
 5.99090e+20	2.85e-03	9.85e-01	1.17e-02
 6.07974e+20	3.02e-03	9.86e-01	1.12e-02
 6.15620e+20	3.18e-03	9.86e-01	1.09e-02
 6.22360e+20	3.33e-03	9.86e-01	1.05e-02
 6.29867e+20	3.54e-03	9.86e-01	1.02e-02
 6.37783e+20	3.78e-03	9.86e-01	9.82e-03
 6.44494e+20	4.01e-03	9.86e-01	9.54e-03
 6.50421e+20	4.24e-03	9.86e-01	9.30e-03
 6.57067e+20	4.54e-03	9.86e-01	9.02e-03
 6.63988e+20	4.88e-03	9.86e-01	8.75e-03
 6.69665e+20	5.21e-03	9.86e-01	8.55e-03
 6.74568e+20	5.53e-03	9.86e-01	8.37e-03
 6.80071e+20	5.96e-03	9.86e-01	8.16e-03
 6.85791e+20	6.45e-03	9.86e-01	7.97e-03
 6.90536e+20	6.92e-03	9.85e-01	7.81e-03
 6.94688e+20	7.40e-03	9.85e-01	7.68e-03
 6.99323e+20	8.02e-03	9.84e-01	7.51e-03
 7.04234e+20	8.76e-03	9.84e-01	7.36e-03
 7.08371e+20	9.50e-03	9.83e-01	7.22e-03
 7.11942e+20	1.02e-02	9.83e-01	7.12e-03
 7.15908e+20	1.12e-02	9.82e-01	6.99e-03
 7.20156e+20	1.24e-02	9.81e-01	6.86e-03
 7.23827e+20	1.36e-02	9.80e-01	6.75e-03
 7.27053e+20	1.49e-02	9.78e-01	6.67e-03
 7.29920e+20	1.62e-02	9.77e-01	6.58e-03
 7.32396e+20	1.74e-02	9.76e-01	6.52e-03
 7.35084e+20	1.91e-02	9.74e-01	6.45e-03
 7.37890e+20	2.11e-02	9.73e-01	6.36e-03
 7.40182e+20	2.29e-02	9.71e-01	6.33e-03
 7.42157e+20	2.47e-02	9.69e-01	6.27e-03
 7.44386e+20	2.72e-02	9.67e-01	6.22e-03
 7.46739e+20	2.99e-02	9.64e-01	6.20e-03
 7.48756e+20	3.29e-02	9.61e-01	6.15e-03
 7.50524e+20	3.57e-02	9.58e-01	6.14e-03
 7.52460e+20	3.94e-02	9.54e-01	6.12e-03
 7.54570e+20	4.40e-02	9.50e-01	6.11e-03
 7.56438e+20	4.88e-02	9.45e-01	6.11e-03
 7.58097e+20	5.37e-02	9.40e-01	6.13e-03
 7.59948e+20	6.02e-02	9.34e-01	6.15e-03
 7.61977e+20	6.85e-02	9.25e-01	6.19e-03
 7.63803e+20	7.75e-02	9.16e-01	6.24e-03
 7.65395e+20	8.65e-02	9.07e-01	6.32e-03
 7.66886e+20	9.64e-02	8.97e-01	6.40e-03
 7.68364e+20	1.08e-01	8.86e-01	6.48e-03
 7.69788e+20	1.20e-01	8.73e-01	6.61e-03
 7.71042e+20	1.33e-01	8.61e-01	6.70e-03
 7.72155e+20	1.45e-01	8.48e-01	6.83e-03
 7.73193e+20	1.58e-01	8.35e-01	6.92e-03
 7.74169e+20	1.71e-01	8.22e-01	7.05e-03
 7.75092e+20	1.85e-01	8.08e-01	7.15e-03
 7.75791e+20	1.95e-01	7.98e-01	7.24e-03
 7.76264e+20	2.03e-01	7.90e-01	7.31e-03
 7.76727e+20	2.11e-01	7.81e-01	7.37e-03
 7.77256e+20	2.21e-01	7.71e-01	7.43e-03
 7.77803e+20	2.32e-01	7.61e-01	7.51e-03
 7.78331e+20	2.42e-01	7.50e-01	7.59e-03
 7.78851e+20	2.54e-01	7.39e-01	7.65e-03
 7.79365e+20	2.65e-01	7.27e-01	7.74e-03
 7.79877e+20	2.77e-01	7.15e-01	7.79e-03
 7.80387e+20	2.89e-01	7.03e-01	7.88e-03
 7.80897e+20	3.02e-01	6.90e-01	7.94e-03
 7.81409e+20	3.16e-01	6.76e-01	8.00e-03
 7.81912e+20	3.30e-01	6.62e-01	8.06e-03
 7.82411e+20	3.44e-01	6.48e-01	8.12e-03
 7.82916e+20	3.59e-01	6.33e-01	8.17e-03
 7.83421e+20	3.74e-01	6.18e-01	8.22e-03
 7.83924e+20	3.90e-01	6.02e-01	8.26e-03
 7.84429e+20	4.06e-01	5.86e-01	8.30e-03
 7.84937e+20	4.23e-01	5.69e-01	8.31e-03
 7.85447e+20	4.40e-01	5.52e-01	8.34e-03
 7.85956e+20	4.57e-01	5.34e-01	8.34e-03
 7.86475e+20	4.75e-01	5.16e-01	8.34e-03
 7.87001e+20	4.94e-01	4.97e-01	8.31e-03
 7.87528e+20	5.13e-01	4.79e-01	8.29e-03
 7.88053e+20	5.32e-01	4.60e-01	8.24e-03
 7.88579e+20	5.51e-01	4.41e-01	8.19e-03
 7.89108e+20	5.70e-01	4.22e-01	8.10e-03
 7.89644e+20	5.89e-01	4.03e-01	8.01e-03
 7.90188e+20	6.08e-01	3.84e-01	7.89e-03
 7.90741e+20	6.27e-01	3.65e-01	7.76e-03
 7.91310e+20	6.47e-01	3.46e-01	7.61e-03
 7.91892e+20	6.65e-01	3.27e-01	7.45e-03
 7.92494e+20	6.84e-01	3.09e-01	7.25e-03
 7.93131e+20	7.02e-01	2.90e-01	7.05e-03
 7.93803e+20	7.21e-01	2.72e-01	6.82e-03
 7.94523e+20	7.39e-01	2.55e-01	6.57e-03
 7.95308e+20	7.57e-01	2.37e-01	6.30e-03
 7.96182e+20	7.74e-01	2.20e-01	6.02e-03
 7.97177e+20	7.90e-01	2.04e-01	5.72e-03
 7.98312e+20	8.06e-01	1.89e-01	5.43e-03
 7.99514e+20	8.18e-01	1.77e-01	5.18e-03
 8.00703e+20	8.27e-01	1.68e-01	4.97e-03
 8.01882e+20	8.34e-01	1.61e-01	4.81e-03
 8.03053e+20	8.39e-01	1.56e-01	4.68e-03
 8.04220e+20	8.44e-01	1.52e-01	4.55e-03
 8.05382e+20	8.47e-01	1.49e-01	4.47e-03
 8.06541e+20	8.48e-01	1.47e-01	4.44e-03
 8.07872e+20	8.51e-01	1.45e-01	4.34e-03
 8.09602e+20	8.53e-01	1.43e-01	4.28e-03
 8.11852e+20	8.54e-01	1.42e-01	4.23e-03
 8.14777e+20	8.56e-01	1.40e-01	4.15e-03
 8.18579e+20	8.58e-01	1.38e-01	4.05e-03
 8.23521e+20	8.59e-01	1.37e-01	3.95e-03
 8.29947e+20	8.62e-01	1.34e-01	3.81e-03
 8.38300e+20	8.65e-01	1.31e-01	3.64e-03
 8.49159e+20	8.69e-01	1.28e-01	3.44e-03
 8.63275e+20	8.73e-01	1.24e-01	3.21e-03
 8.81627e+20	8.79e-01	1.18e-01	2.93e-03
 9.05484e+20	8.85e-01	1.12e-01	2.62e-03
 9.33194e+20	8.92e-01	1.06e-01	2.32e-03
 9.61435e+20	8.98e-01	1.00e-01	2.07e-03
 9.89708e+20	9.03e-01	9.49e-02	1.85e-03
 1.01943e+21	9.08e-01	8.99e-02	1.65e-03
 1.05084e+21	9.13e-01	8.51e-02	1.48e-03
 1.08369e+21	9.18e-01	8.06e-02	1.32e-03
 1.11819e+21	9.23e-01	7.63e-02	1.18e-03
 1.15403e+21	9.27e-01	7.23e-02	1.05e-03
 1.19126e+21	9.31e-01	6.85e-02	9.45e-04
 1.23004e+21	9.34e-01	6.50e-02	8.47e-04
 1.27058e+21	9.38e-01	6.16e-02	7.60e-04
 1.31298e+21	9.41e-01	5.85e-02	6.82e-04
 1.35717e+21	9.44e-01	5.55e-02	6.12e-04
 1.40323e+21	9.47e-01	5.26e-02	5.50e-04
 1.45166e+21	9.50e-01	5.00e-02	4.94e-04
 1.50239e+21	9.52e-01	4.75e-02	4.44e-04
 1.55493e+21	9.54e-01	4.51e-02	4.01e-04
 1.60965e+21	9.57e-01	4.29e-02	3.61e-04
 1.66700e+21	9.59e-01	4.09e-02	3.26e-04
 1.72702e+21	9.61e-01	3.89e-02	2.95e-04
 1.78985e+21	9.63e-01	3.70e-02	2.67e-04
 1.85588e+21	9.65e-01	3.52e-02	2.41e-04
 1.92518e+21	9.66e-01	3.36e-02	2.18e-04
 1.99768e+21	9.68e-01	3.20e-02	1.98e-04
 2.07348e+21	9.69e-01	3.05e-02	1.79e-04
 2.15276e+21	9.71e-01	2.91e-02	1.63e-04
 2.23397e+21	9.72e-01	2.78e-02	1.49e-04
 2.31447e+21	9.73e-01	2.67e-02	1.36e-04
 2.39328e+21	9.74e-01	2.56e-02	1.26e-04
 2.47057e+21	9.75e-01	2.47e-02	1.16e-04
 2.54609e+21	9.76e-01	2.39e-02	1.09e-04
 2.61909e+21	9.77e-01	2.32e-02	1.02e-04
 2.68881e+21	9.77e-01	2.26e-02	9.63e-05
 2.75492e+21	9.78e-01	2.20e-02	9.17e-05
 2.81759e+21	9.78e-01	2.16e-02	8.83e-05
