#depth	He	He+	He+2
 1.33372e+16	6.47e-02	7.76e-01	1.59e-01
 8.00231e+16	6.45e-02	7.76e-01	1.60e-01
 3.46767e+17	6.45e-02	7.76e-01	1.60e-01
 1.41374e+18	6.46e-02	7.76e-01	1.59e-01
 3.37698e+18	6.40e-02	7.77e-01	1.59e-01
 5.92918e+18	6.41e-02	7.77e-01	1.59e-01
 9.24704e+18	6.46e-02	7.78e-01	1.58e-01
 1.35603e+19	6.54e-02	7.78e-01	1.56e-01
 1.89594e+19	6.66e-02	7.79e-01	1.54e-01
 2.51310e+19	6.84e-02	7.80e-01	1.51e-01
 3.23053e+19	7.12e-02	7.81e-01	1.48e-01
 4.09774e+19	7.55e-02	7.82e-01	1.43e-01
 4.98587e+19	8.07e-02	7.81e-01	1.38e-01
 5.80153e+19	8.66e-02	7.79e-01	1.34e-01
 6.58652e+19	9.36e-02	7.77e-01	1.30e-01
 7.31946e+19	1.01e-01	7.73e-01	1.26e-01
 7.97642e+19	1.09e-01	7.68e-01	1.23e-01
 8.57400e+19	1.17e-01	7.63e-01	1.20e-01
 9.13057e+19	1.25e-01	7.57e-01	1.18e-01
 9.66096e+19	1.33e-01	7.51e-01	1.15e-01
 1.01520e+20	1.42e-01	7.45e-01	1.13e-01
 1.06209e+20	1.50e-01	7.39e-01	1.11e-01
 1.10895e+20	1.59e-01	7.32e-01	1.09e-01
 1.15494e+20	1.69e-01	7.25e-01	1.07e-01
 1.20103e+20	1.79e-01	7.17e-01	1.04e-01
 1.24760e+20	1.89e-01	7.09e-01	1.02e-01
 1.29452e+20	2.01e-01	7.00e-01	9.95e-02
 1.33258e+20	2.09e-01	6.93e-01	9.77e-02
 1.35954e+20	2.16e-01	6.87e-01	9.64e-02
 1.38656e+20	2.24e-01	6.82e-01	9.48e-02
 1.41767e+20	2.31e-01	6.75e-01	9.33e-02
 1.45229e+20	2.41e-01	6.68e-01	9.13e-02
 1.48783e+20	2.50e-01	6.60e-01	8.96e-02
 1.52348e+20	2.60e-01	6.53e-01	8.77e-02
 1.56039e+20	2.70e-01	6.44e-01	8.57e-02
 1.59805e+20	2.81e-01	6.36e-01	8.38e-02
 1.63711e+20	2.92e-01	6.27e-01	8.18e-02
 1.67831e+20	3.04e-01	6.17e-01	7.95e-02
 1.72075e+20	3.15e-01	6.07e-01	7.75e-02
 1.76458e+20	3.28e-01	5.96e-01	7.52e-02
 1.81009e+20	3.41e-01	5.86e-01	7.31e-02
 1.85765e+20	3.55e-01	5.74e-01	7.07e-02
 1.90750e+20	3.69e-01	5.62e-01	6.83e-02
 1.95857e+20	3.84e-01	5.50e-01	6.60e-02
 2.01171e+20	3.99e-01	5.38e-01	6.36e-02
 2.06819e+20	4.15e-01	5.24e-01	6.11e-02
 2.12733e+20	4.30e-01	5.11e-01	5.87e-02
 2.18947e+20	4.47e-01	4.97e-01	5.61e-02
 2.25526e+20	4.64e-01	4.83e-01	5.36e-02
 2.32532e+20	4.81e-01	4.68e-01	5.09e-02
 2.39981e+20	4.99e-01	4.53e-01	4.84e-02
 2.47799e+20	5.16e-01	4.38e-01	4.58e-02
 2.56129e+20	5.34e-01	4.23e-01	4.32e-02
 2.65107e+20	5.52e-01	4.08e-01	4.06e-02
 2.74755e+20	5.69e-01	3.93e-01	3.80e-02
 2.85097e+20	5.87e-01	3.78e-01	3.55e-02
 2.96321e+20	6.04e-01	3.63e-01	3.30e-02
 3.08587e+20	6.21e-01	3.48e-01	3.06e-02
 3.22034e+20	6.38e-01	3.34e-01	2.83e-02
 3.36829e+20	6.54e-01	3.20e-01	2.60e-02
 3.53195e+20	6.70e-01	3.07e-01	2.37e-02
 3.71318e+20	6.85e-01	2.93e-01	2.16e-02
 3.91367e+20	7.00e-01	2.80e-01	1.96e-02
 4.13483e+20	7.15e-01	2.67e-01	1.77e-02
 4.37746e+20	7.30e-01	2.54e-01	1.59e-02
 4.64267e+20	7.43e-01	2.42e-01	1.43e-02
 4.93134e+20	7.57e-01	2.30e-01	1.28e-02
 5.24439e+20	7.70e-01	2.19e-01	1.15e-02
 5.58274e+20	7.82e-01	2.08e-01	1.02e-02
 5.94808e+20	7.94e-01	1.97e-01	9.11e-03
 6.34164e+20	8.05e-01	1.87e-01	8.11e-03
 6.76554e+20	8.16e-01	1.77e-01	7.22e-03
 7.22344e+20	8.27e-01	1.67e-01	6.41e-03
 7.71760e+20	8.37e-01	1.58e-01	5.69e-03
 8.25073e+20	8.46e-01	1.49e-01	5.05e-03
 8.82855e+20	8.55e-01	1.41e-01	4.47e-03
 9.45663e+20	8.64e-01	1.32e-01	3.95e-03
 1.01402e+21	8.72e-01	1.25e-01	3.49e-03
 1.08864e+21	8.80e-01	1.17e-01	3.07e-03
 1.17041e+21	8.87e-01	1.10e-01	2.70e-03
 1.26048e+21	8.94e-01	1.03e-01	2.37e-03
 1.36011e+21	9.01e-01	9.68e-02	2.07e-03
 1.47108e+21	9.08e-01	9.05e-02	1.81e-03
 1.59554e+21	9.14e-01	8.45e-02	1.57e-03
 1.73606e+21	9.20e-01	7.88e-02	1.36e-03
 1.89613e+21	9.26e-01	7.33e-02	1.18e-03
 2.08040e+21	9.31e-01	6.81e-02	1.01e-03
 2.28821e+21	9.36e-01	6.32e-02	8.72e-04
 2.51704e+21	9.40e-01	5.89e-02	7.55e-04
 2.76874e+21	9.44e-01	5.51e-02	6.58e-04
 3.04561e+21	9.48e-01	5.16e-02	5.77e-04
 3.35018e+21	9.51e-01	4.86e-02	5.10e-04
 3.68519e+21	9.54e-01	4.59e-02	4.54e-04
 4.05371e+21	9.56e-01	4.36e-02	4.07e-04
 4.45908e+21	9.58e-01	4.15e-02	3.69e-04
 4.90499e+21	9.60e-01	3.97e-02	3.37e-04
 5.39549e+21	9.62e-01	3.82e-02	3.11e-04
 5.93504e+21	9.63e-01	3.68e-02	2.89e-04
 6.52854e+21	9.64e-01	3.57e-02	2.71e-04
 7.18140e+21	9.65e-01	3.47e-02	2.55e-04
 7.89954e+21	9.66e-01	3.39e-02	2.43e-04
 8.63776e+21	9.67e-01	3.32e-02	2.33e-04
 9.33825e+21	9.67e-01	3.27e-02	2.26e-04
 1.01166e+22	9.68e-01	3.22e-02	2.18e-04
 1.09498e+22	9.68e-01	3.19e-02	2.15e-04
 1.16903e+22	9.68e-01	3.17e-02	2.11e-04
 1.23843e+22	9.68e-01	3.14e-02	2.08e-04
 1.31821e+22	9.69e-01	3.12e-02	2.04e-04
 1.40763e+22	9.69e-01	3.10e-02	2.02e-04
 1.49271e+22	9.69e-01	3.09e-02	2.00e-04
 1.57415e+22	9.69e-01	3.08e-02	1.98e-04
 1.66771e+22	9.69e-01	3.07e-02	1.97e-04
 1.78884e+22	9.69e-01	3.05e-02	1.95e-04
 1.91637e+22	9.69e-01	3.04e-02	1.93e-04
 2.03057e+22	9.69e-01	3.03e-02	1.92e-04
 2.13551e+22	9.70e-01	3.03e-02	1.91e-04
 2.23053e+22	9.70e-01	3.02e-02	1.91e-04
 2.31604e+22	9.70e-01	3.02e-02	1.90e-04
 2.39301e+22	9.70e-01	3.02e-02	1.89e-04
 2.46227e+22	9.70e-01	3.01e-02	1.89e-04
 2.52461e+22	9.70e-01	3.01e-02	1.89e-04
 2.58072e+22	9.70e-01	3.01e-02	1.89e-04
 2.63122e+22	9.70e-01	3.01e-02	1.88e-04
 2.67666e+22	9.70e-01	3.01e-02	1.89e-04
 2.71756e+22	9.70e-01	3.01e-02	1.89e-04
 2.75438e+22	9.70e-01	3.01e-02	1.89e-04
 2.78751e+22	9.70e-01	3.01e-02	1.89e-04
 2.81863e+22	9.70e-01	3.01e-02	1.90e-04
 2.84948e+22	9.70e-01	3.01e-02	1.90e-04
 2.88034e+22	9.70e-01	3.02e-02	1.91e-04
 2.91120e+22	9.70e-01	3.02e-02	1.91e-04
 2.94205e+22	9.70e-01	3.03e-02	1.93e-04
 2.97291e+22	9.69e-01	3.03e-02	1.94e-04
 3.00377e+22	9.69e-01	3.04e-02	1.96e-04
 3.03462e+22	9.69e-01	3.05e-02	1.97e-04
 3.06548e+22	9.69e-01	3.06e-02	1.99e-04
 3.08329e+22	9.69e-01	3.07e-02	2.00e-04
