#depth	O	O+	O+2	O+3	O+4	O+5	O+6	O+7	O+8	O[1]	O[2]	O[3]
 1.43491e+15	9.22e-02	8.44e-01	6.31e-02	2.97e-04	3.13e-06	0.00e+00	0.00e+00	0.00e+00	0.00e+00	9.22e-02	9.24e-06	7.17e-06
 8.60948e+15	9.22e-02	8.44e-01	6.31e-02	2.97e-04	3.13e-06	0.00e+00	0.00e+00	0.00e+00	0.00e+00	9.22e-02	9.24e-06	7.17e-06
 3.73078e+16	9.18e-02	8.44e-01	6.36e-02	3.00e-04	3.16e-06	0.00e+00	0.00e+00	0.00e+00	0.00e+00	9.17e-02	9.20e-06	7.14e-06
 1.52101e+17	9.08e-02	8.44e-01	6.50e-02	3.06e-04	3.23e-06	0.00e+00	0.00e+00	0.00e+00	0.00e+00	9.08e-02	9.10e-06	7.07e-06
 3.63320e+17	8.44e-02	8.43e-01	7.23e-02	3.57e-04	3.74e-06	0.00e+00	0.00e+00	0.00e+00	0.00e+00	8.44e-02	8.45e-06	6.60e-06
 6.37905e+17	8.10e-02	8.42e-01	7.63e-02	3.83e-04	4.00e-06	0.00e+00	0.00e+00	0.00e+00	0.00e+00	8.10e-02	8.12e-06	6.36e-06
 9.94866e+17	7.97e-02	8.42e-01	7.84e-02	3.89e-04	4.08e-06	0.00e+00	0.00e+00	0.00e+00	0.00e+00	7.97e-02	7.98e-06	6.26e-06
 1.45891e+18	8.04e-02	8.41e-01	7.82e-02	3.74e-04	3.93e-06	0.00e+00	0.00e+00	0.00e+00	0.00e+00	8.03e-02	8.05e-06	6.31e-06
 2.04695e+18	8.36e-02	8.41e-01	7.53e-02	3.35e-04	3.56e-06	0.00e+00	0.00e+00	0.00e+00	0.00e+00	8.36e-02	8.38e-06	6.55e-06
 2.72399e+18	8.97e-02	8.40e-01	7.00e-02	2.80e-04	3.04e-06	0.00e+00	0.00e+00	0.00e+00	0.00e+00	8.97e-02	8.99e-06	6.99e-06
 3.51043e+18	1.01e-01	8.38e-01	6.10e-02	2.09e-04	2.35e-06	0.00e+00	0.00e+00	0.00e+00	0.00e+00	1.01e-01	1.01e-05	7.81e-06
 4.46666e+18	1.20e-01	8.30e-01	4.93e-02	1.36e-04	1.61e-06	0.00e+00	0.00e+00	0.00e+00	0.00e+00	1.20e-01	1.20e-05	9.14e-06
 5.42769e+18	1.46e-01	8.16e-01	3.82e-02	8.37e-05	1.06e-06	0.00e+00	0.00e+00	0.00e+00	0.00e+00	1.46e-01	1.44e-05	1.09e-05
 6.27457e+18	1.77e-01	7.94e-01	2.92e-02	5.12e-05	6.92e-07	0.00e+00	0.00e+00	0.00e+00	0.00e+00	1.77e-01	1.71e-05	1.28e-05
 7.07002e+18	2.12e-01	7.66e-01	2.22e-02	3.15e-05	4.57e-07	0.00e+00	0.00e+00	0.00e+00	0.00e+00	2.12e-01	1.99e-05	1.48e-05
 7.82233e+18	2.50e-01	7.33e-01	1.69e-02	1.97e-05	3.06e-07	0.00e+00	0.00e+00	0.00e+00	0.00e+00	2.50e-01	2.28e-05	1.69e-05
 8.51808e+18	2.88e-01	6.99e-01	1.31e-02	1.29e-05	2.11e-07	0.00e+00	0.00e+00	0.00e+00	0.00e+00	2.88e-01	2.54e-05	1.88e-05
 9.16157e+18	3.25e-01	6.64e-01	1.03e-02	8.79e-06	1.51e-07	0.00e+00	0.00e+00	0.00e+00	0.00e+00	3.25e-01	2.77e-05	2.04e-05
 9.76441e+18	3.61e-01	6.30e-01	8.20e-03	6.22e-06	0.00e+00	0.00e+00	0.00e+00	0.00e+00	0.00e+00	3.61e-01	2.96e-05	2.17e-05
 1.03328e+19	3.95e-01	5.98e-01	6.66e-03	4.56e-06	0.00e+00	0.00e+00	0.00e+00	0.00e+00	0.00e+00	3.95e-01	3.12e-05	2.28e-05
 1.08677e+19	4.26e-01	5.69e-01	5.49e-03	3.47e-06	0.00e+00	0.00e+00	0.00e+00	0.00e+00	0.00e+00	4.26e-01	3.24e-05	2.37e-05
 1.13720e+19	4.54e-01	5.42e-01	4.59e-03	2.71e-06	0.00e+00	0.00e+00	0.00e+00	0.00e+00	0.00e+00	4.54e-01	3.33e-05	2.43e-05
 1.18621e+19	4.80e-01	5.16e-01	3.87e-03	2.16e-06	0.00e+00	0.00e+00	0.00e+00	0.00e+00	0.00e+00	4.80e-01	3.41e-05	2.48e-05
 1.23560e+19	5.05e-01	4.92e-01	3.27e-03	1.74e-06	0.00e+00	0.00e+00	0.00e+00	0.00e+00	0.00e+00	5.05e-01	3.46e-05	2.52e-05
 1.28481e+19	5.29e-01	4.68e-01	2.78e-03	1.42e-06	0.00e+00	0.00e+00	0.00e+00	0.00e+00	0.00e+00	5.29e-01	3.50e-05	2.54e-05
 1.33309e+19	5.51e-01	4.47e-01	2.37e-03	1.18e-06	0.00e+00	0.00e+00	0.00e+00	0.00e+00	0.00e+00	5.51e-01	3.52e-05	2.56e-05
 1.38166e+19	5.72e-01	4.26e-01	2.03e-03	9.85e-07	0.00e+00	0.00e+00	0.00e+00	0.00e+00	0.00e+00	5.71e-01	3.53e-05	2.56e-05
 1.43117e+19	5.92e-01	4.06e-01	1.73e-03	8.29e-07	0.00e+00	0.00e+00	0.00e+00	0.00e+00	0.00e+00	5.92e-01	3.54e-05	2.56e-05
 1.47194e+19	6.06e-01	3.92e-01	1.54e-03	7.33e-07	0.00e+00	0.00e+00	0.00e+00	0.00e+00	0.00e+00	6.06e-01	3.53e-05	2.56e-05
 1.50139e+19	6.17e-01	3.82e-01	1.41e-03	6.70e-07	0.00e+00	0.00e+00	0.00e+00	0.00e+00	0.00e+00	6.17e-01	3.53e-05	2.55e-05
 1.53120e+19	6.27e-01	3.72e-01	1.29e-03	6.12e-07	0.00e+00	0.00e+00	0.00e+00	0.00e+00	0.00e+00	6.27e-01	3.52e-05	2.55e-05
 1.56600e+19	6.39e-01	3.60e-01	1.16e-03	5.54e-07	0.00e+00	0.00e+00	0.00e+00	0.00e+00	0.00e+00	6.39e-01	3.50e-05	2.54e-05
 1.60374e+19	6.51e-01	3.48e-01	1.04e-03	4.99e-07	0.00e+00	0.00e+00	0.00e+00	0.00e+00	0.00e+00	6.51e-01	3.49e-05	2.52e-05
 1.64131e+19	6.62e-01	3.37e-01	9.36e-04	4.54e-07	0.00e+00	0.00e+00	0.00e+00	0.00e+00	0.00e+00	6.62e-01	3.47e-05	2.51e-05
 1.67963e+19	6.73e-01	3.26e-01	8.39e-04	4.13e-07	0.00e+00	0.00e+00	0.00e+00	0.00e+00	0.00e+00	6.73e-01	3.45e-05	2.49e-05
 1.71946e+19	6.84e-01	3.15e-01	7.52e-04	3.77e-07	0.00e+00	0.00e+00	0.00e+00	0.00e+00	0.00e+00	6.84e-01	3.42e-05	2.47e-05
 1.76092e+19	6.95e-01	3.05e-01	6.72e-04	3.44e-07	0.00e+00	0.00e+00	0.00e+00	0.00e+00	0.00e+00	6.94e-01	3.39e-05	2.45e-05
 1.80428e+19	7.05e-01	2.94e-01	5.98e-04	3.14e-07	0.00e+00	0.00e+00	0.00e+00	0.00e+00	0.00e+00	7.05e-01	3.36e-05	2.43e-05
 1.84850e+19	7.15e-01	2.84e-01	5.33e-04	2.88e-07	0.00e+00	0.00e+00	0.00e+00	0.00e+00	0.00e+00	7.15e-01	3.33e-05	2.40e-05
 1.89405e+19	7.25e-01	2.74e-01	4.75e-04	2.65e-07	0.00e+00	0.00e+00	0.00e+00	0.00e+00	0.00e+00	7.25e-01	3.30e-05	2.38e-05
 1.94210e+19	7.35e-01	2.64e-01	4.21e-04	2.44e-07	0.00e+00	0.00e+00	0.00e+00	0.00e+00	0.00e+00	7.35e-01	3.26e-05	2.35e-05
 1.99190e+19	7.45e-01	2.55e-01	3.74e-04	2.25e-07	0.00e+00	0.00e+00	0.00e+00	0.00e+00	0.00e+00	7.44e-01	3.23e-05	2.32e-05
 2.04356e+19	7.54e-01	2.46e-01	3.31e-04	2.08e-07	0.00e+00	0.00e+00	0.00e+00	0.00e+00	0.00e+00	7.54e-01	3.19e-05	2.29e-05
 2.09735e+19	7.63e-01	2.37e-01	2.93e-04	1.93e-07	0.00e+00	0.00e+00	0.00e+00	0.00e+00	0.00e+00	7.63e-01	3.15e-05	2.26e-05
 2.15383e+19	7.72e-01	2.28e-01	2.59e-04	1.79e-07	0.00e+00	0.00e+00	0.00e+00	0.00e+00	0.00e+00	7.72e-01	3.11e-05	2.23e-05
 2.21339e+19	7.80e-01	2.19e-01	2.28e-04	1.67e-07	0.00e+00	0.00e+00	0.00e+00	0.00e+00	0.00e+00	7.80e-01	3.07e-05	2.20e-05
 2.27485e+19	7.88e-01	2.11e-01	2.01e-04	1.56e-07	0.00e+00	0.00e+00	0.00e+00	0.00e+00	0.00e+00	7.88e-01	3.02e-05	2.17e-05
 2.33944e+19	7.96e-01	2.04e-01	1.78e-04	1.45e-07	0.00e+00	0.00e+00	0.00e+00	0.00e+00	0.00e+00	7.96e-01	2.98e-05	2.14e-05
 2.40881e+19	8.04e-01	1.96e-01	1.57e-04	1.36e-07	0.00e+00	0.00e+00	0.00e+00	0.00e+00	0.00e+00	8.04e-01	2.94e-05	2.11e-05
 2.48245e+19	8.12e-01	1.88e-01	1.38e-04	1.28e-07	0.00e+00	0.00e+00	0.00e+00	0.00e+00	0.00e+00	8.11e-01	2.90e-05	2.08e-05
 2.56034e+19	8.19e-01	1.81e-01	1.22e-04	0.00e+00	0.00e+00	0.00e+00	0.00e+00	0.00e+00	0.00e+00	8.19e-01	2.85e-05	2.04e-05
 2.64372e+19	8.25e-01	1.74e-01	1.08e-04	0.00e+00	0.00e+00	0.00e+00	0.00e+00	0.00e+00	0.00e+00	8.25e-01	2.81e-05	2.01e-05
 2.73228e+19	8.32e-01	1.68e-01	9.53e-05	0.00e+00	0.00e+00	0.00e+00	0.00e+00	0.00e+00	0.00e+00	8.32e-01	2.77e-05	1.98e-05
 2.82669e+19	8.38e-01	1.62e-01	8.46e-05	0.00e+00	0.00e+00	0.00e+00	0.00e+00	0.00e+00	0.00e+00	8.38e-01	2.73e-05	1.95e-05
 2.92841e+19	8.44e-01	1.56e-01	7.52e-05	0.00e+00	0.00e+00	0.00e+00	0.00e+00	0.00e+00	0.00e+00	8.44e-01	2.69e-05	1.92e-05
 3.03781e+19	8.49e-01	1.51e-01	6.70e-05	0.00e+00	0.00e+00	0.00e+00	0.00e+00	0.00e+00	0.00e+00	8.49e-01	2.65e-05	1.89e-05
 3.15631e+19	8.55e-01	1.45e-01	5.99e-05	0.00e+00	0.00e+00	0.00e+00	0.00e+00	0.00e+00	0.00e+00	8.54e-01	2.61e-05	1.86e-05
 3.28653e+19	8.59e-01	1.41e-01	5.36e-05	0.00e+00	0.00e+00	0.00e+00	0.00e+00	0.00e+00	0.00e+00	8.59e-01	2.57e-05	1.84e-05
 3.42968e+19	8.64e-01	1.36e-01	4.80e-05	0.00e+00	0.00e+00	0.00e+00	0.00e+00	0.00e+00	0.00e+00	8.64e-01	2.54e-05	1.81e-05
 3.58709e+19	8.69e-01	1.31e-01	4.30e-05	0.00e+00	0.00e+00	0.00e+00	0.00e+00	0.00e+00	0.00e+00	8.69e-01	2.50e-05	1.78e-05
 3.76075e+19	8.73e-01	1.27e-01	3.86e-05	0.00e+00	0.00e+00	0.00e+00	0.00e+00	0.00e+00	0.00e+00	8.73e-01	2.47e-05	1.76e-05
 3.95237e+19	8.77e-01	1.23e-01	3.47e-05	0.00e+00	0.00e+00	0.00e+00	0.00e+00	0.00e+00	0.00e+00	8.77e-01	2.43e-05	1.73e-05
 4.16316e+19	8.81e-01	1.19e-01	3.12e-05	0.00e+00	0.00e+00	0.00e+00	0.00e+00	0.00e+00	0.00e+00	8.81e-01	2.40e-05	1.71e-05
 4.39422e+19	8.85e-01	1.15e-01	2.81e-05	0.00e+00	0.00e+00	0.00e+00	0.00e+00	0.00e+00	0.00e+00	8.85e-01	2.37e-05	1.68e-05
 4.64647e+19	8.89e-01	1.11e-01	2.53e-05	0.00e+00	0.00e+00	0.00e+00	0.00e+00	0.00e+00	0.00e+00	8.89e-01	2.33e-05	1.66e-05
 4.91977e+19	8.93e-01	1.07e-01	2.28e-05	0.00e+00	0.00e+00	0.00e+00	0.00e+00	0.00e+00	0.00e+00	8.93e-01	2.30e-05	1.63e-05
 5.21416e+19	8.96e-01	1.04e-01	2.06e-05	0.00e+00	0.00e+00	0.00e+00	0.00e+00	0.00e+00	0.00e+00	8.96e-01	2.27e-05	1.61e-05
 5.52995e+19	9.00e-01	1.00e-01	1.86e-05	0.00e+00	0.00e+00	0.00e+00	0.00e+00	0.00e+00	0.00e+00	9.00e-01	2.24e-05	1.59e-05
 5.86771e+19	9.03e-01	9.67e-02	1.69e-05	0.00e+00	0.00e+00	0.00e+00	0.00e+00	0.00e+00	0.00e+00	9.03e-01	2.21e-05	1.57e-05
 6.22797e+19	9.07e-01	9.34e-02	1.53e-05	0.00e+00	0.00e+00	0.00e+00	0.00e+00	0.00e+00	0.00e+00	9.07e-01	2.18e-05	1.54e-05
 6.61183e+19	9.10e-01	9.03e-02	1.40e-05	0.00e+00	0.00e+00	0.00e+00	0.00e+00	0.00e+00	0.00e+00	9.10e-01	2.15e-05	1.52e-05
 7.01950e+19	9.13e-01	8.72e-02	1.27e-05	0.00e+00	0.00e+00	0.00e+00	0.00e+00	0.00e+00	0.00e+00	9.13e-01	2.12e-05	1.50e-05
 7.45160e+19	9.16e-01	8.42e-02	1.17e-05	0.00e+00	0.00e+00	0.00e+00	0.00e+00	0.00e+00	0.00e+00	9.16e-01	2.10e-05	1.48e-05
 7.91035e+19	9.19e-01	8.14e-02	1.07e-05	0.00e+00	0.00e+00	0.00e+00	0.00e+00	0.00e+00	0.00e+00	9.19e-01	2.07e-05	1.46e-05
 8.39733e+19	9.21e-01	7.86e-02	9.87e-06	0.00e+00	0.00e+00	0.00e+00	0.00e+00	0.00e+00	0.00e+00	9.21e-01	2.05e-05	1.44e-05
 8.91370e+19	9.24e-01	7.59e-02	9.11e-06	0.00e+00	0.00e+00	0.00e+00	0.00e+00	0.00e+00	0.00e+00	9.24e-01	2.02e-05	1.43e-05
 9.46079e+19	9.27e-01	7.33e-02	8.44e-06	0.00e+00	0.00e+00	0.00e+00	0.00e+00	0.00e+00	0.00e+00	9.27e-01	2.00e-05	1.41e-05
 1.00404e+20	9.29e-01	7.08e-02	7.85e-06	0.00e+00	0.00e+00	0.00e+00	0.00e+00	0.00e+00	0.00e+00	9.29e-01	1.98e-05	1.39e-05
 1.06549e+20	9.32e-01	6.83e-02	7.32e-06	0.00e+00	0.00e+00	0.00e+00	0.00e+00	0.00e+00	0.00e+00	9.32e-01	1.95e-05	1.37e-05
 1.13064e+20	9.34e-01	6.60e-02	6.85e-06	0.00e+00	0.00e+00	0.00e+00	0.00e+00	0.00e+00	0.00e+00	9.34e-01	1.93e-05	1.36e-05
 1.19974e+20	9.36e-01	6.37e-02	6.43e-06	0.00e+00	0.00e+00	0.00e+00	0.00e+00	0.00e+00	0.00e+00	9.36e-01	1.91e-05	1.34e-05
 1.27305e+20	9.38e-01	6.15e-02	6.05e-06	0.00e+00	0.00e+00	0.00e+00	0.00e+00	0.00e+00	0.00e+00	9.38e-01	1.89e-05	1.32e-05
 1.35085e+20	9.41e-01	5.94e-02	5.72e-06	0.00e+00	0.00e+00	0.00e+00	0.00e+00	0.00e+00	0.00e+00	9.41e-01	1.87e-05	1.31e-05
 1.43347e+20	9.43e-01	5.74e-02	5.42e-06	0.00e+00	0.00e+00	0.00e+00	0.00e+00	0.00e+00	0.00e+00	9.43e-01	1.85e-05	1.29e-05
 1.52126e+20	9.45e-01	5.54e-02	5.15e-06	0.00e+00	0.00e+00	0.00e+00	0.00e+00	0.00e+00	0.00e+00	9.45e-01	1.83e-05	1.28e-05
 1.61460e+20	9.46e-01	5.35e-02	4.91e-06	0.00e+00	0.00e+00	0.00e+00	0.00e+00	0.00e+00	0.00e+00	9.46e-01	1.81e-05	1.27e-05
 1.71387e+20	9.48e-01	5.17e-02	4.70e-06	0.00e+00	0.00e+00	0.00e+00	0.00e+00	0.00e+00	0.00e+00	9.48e-01	1.80e-05	1.25e-05
 1.81954e+20	9.50e-01	4.99e-02	4.51e-06	0.00e+00	0.00e+00	0.00e+00	0.00e+00	0.00e+00	0.00e+00	9.50e-01	1.78e-05	1.24e-05
 1.93208e+20	9.52e-01	4.82e-02	4.33e-06	0.00e+00	0.00e+00	0.00e+00	0.00e+00	0.00e+00	0.00e+00	9.52e-01	1.77e-05	1.23e-05
 2.05199e+20	9.53e-01	4.66e-02	4.18e-06	0.00e+00	0.00e+00	0.00e+00	0.00e+00	0.00e+00	0.00e+00	9.53e-01	1.75e-05	1.22e-05
 2.17984e+20	9.55e-01	4.50e-02	4.04e-06	0.00e+00	0.00e+00	0.00e+00	0.00e+00	0.00e+00	0.00e+00	9.55e-01	1.74e-05	1.20e-05
 2.31628e+20	9.57e-01	4.34e-02	3.91e-06	0.00e+00	0.00e+00	0.00e+00	0.00e+00	0.00e+00	0.00e+00	9.57e-01	1.72e-05	1.19e-05
 2.46199e+20	9.58e-01	4.20e-02	3.80e-06	0.00e+00	0.00e+00	0.00e+00	0.00e+00	0.00e+00	0.00e+00	9.58e-01	1.71e-05	1.18e-05
 2.61780e+20	9.59e-01	4.05e-02	3.69e-06	0.00e+00	0.00e+00	0.00e+00	0.00e+00	0.00e+00	0.00e+00	9.59e-01	1.70e-05	1.17e-05
 2.78436e+20	9.61e-01	3.91e-02	3.60e-06	0.00e+00	0.00e+00	0.00e+00	0.00e+00	0.00e+00	0.00e+00	9.61e-01	1.68e-05	1.16e-05
 2.96265e+20	9.62e-01	3.78e-02	3.51e-06	0.00e+00	0.00e+00	0.00e+00	0.00e+00	0.00e+00	0.00e+00	9.62e-01	1.67e-05	1.15e-05
 3.15378e+20	9.63e-01	3.65e-02	3.43e-06	0.00e+00	0.00e+00	0.00e+00	0.00e+00	0.00e+00	0.00e+00	9.63e-01	1.66e-05	1.14e-05
 3.35866e+20	9.65e-01	3.53e-02	3.36e-06	0.00e+00	0.00e+00	0.00e+00	0.00e+00	0.00e+00	0.00e+00	9.65e-01	1.65e-05	1.13e-05
 3.57938e+20	9.66e-01	3.41e-02	3.29e-06	0.00e+00	0.00e+00	0.00e+00	0.00e+00	0.00e+00	0.00e+00	9.66e-01	1.64e-05	1.12e-05
 3.81707e+20	9.67e-01	3.30e-02	3.22e-06	0.00e+00	0.00e+00	0.00e+00	0.00e+00	0.00e+00	0.00e+00	9.67e-01	1.63e-05	1.11e-05
 4.07312e+20	9.68e-01	3.18e-02	3.16e-06	0.00e+00	0.00e+00	0.00e+00	0.00e+00	0.00e+00	0.00e+00	9.68e-01	1.62e-05	1.10e-05
 4.34974e+20	9.69e-01	3.08e-02	3.10e-06	0.00e+00	0.00e+00	0.00e+00	0.00e+00	0.00e+00	0.00e+00	9.69e-01	1.61e-05	1.10e-05
 4.64828e+20	9.70e-01	2.97e-02	3.05e-06	0.00e+00	0.00e+00	0.00e+00	0.00e+00	0.00e+00	0.00e+00	9.70e-01	1.60e-05	1.09e-05
 4.97414e+20	9.71e-01	2.87e-02	3.00e-06	0.00e+00	0.00e+00	0.00e+00	0.00e+00	0.00e+00	0.00e+00	9.71e-01	1.60e-05	1.08e-05
 5.32969e+20	9.72e-01	2.78e-02	2.94e-06	0.00e+00	0.00e+00	0.00e+00	0.00e+00	0.00e+00	0.00e+00	9.72e-01	1.59e-05	1.07e-05
 5.71617e+20	9.73e-01	2.69e-02	2.89e-06	0.00e+00	0.00e+00	0.00e+00	0.00e+00	0.00e+00	0.00e+00	9.73e-01	1.59e-05	1.07e-05
 6.13890e+20	9.74e-01	2.60e-02	2.84e-06	0.00e+00	0.00e+00	0.00e+00	0.00e+00	0.00e+00	0.00e+00	9.74e-01	1.58e-05	1.06e-05
 6.60616e+20	9.75e-01	2.51e-02	2.79e-06	0.00e+00	0.00e+00	0.00e+00	0.00e+00	0.00e+00	0.00e+00	9.75e-01	1.58e-05	1.05e-05
 7.12431e+20	9.76e-01	2.43e-02	2.74e-06	0.00e+00	0.00e+00	0.00e+00	0.00e+00	0.00e+00	0.00e+00	9.76e-01	1.57e-05	1.05e-05
 7.69930e+20	9.76e-01	2.35e-02	2.68e-06	0.00e+00	0.00e+00	0.00e+00	0.00e+00	0.00e+00	0.00e+00	9.76e-01	1.57e-05	1.04e-05
 8.34223e+20	9.77e-01	2.28e-02	2.62e-06	0.00e+00	0.00e+00	0.00e+00	0.00e+00	0.00e+00	0.00e+00	9.77e-01	1.57e-05	1.03e-05
 9.06900e+20	9.78e-01	2.21e-02	2.56e-06	0.00e+00	0.00e+00	0.00e+00	0.00e+00	0.00e+00	0.00e+00	9.78e-01	1.57e-05	1.03e-05
 9.89665e+20	9.79e-01	2.13e-02	2.49e-06	0.00e+00	0.00e+00	0.00e+00	0.00e+00	0.00e+00	0.00e+00	9.79e-01	1.57e-05	1.02e-05
 1.08491e+21	9.79e-01	2.07e-02	2.42e-06	0.00e+00	0.00e+00	0.00e+00	0.00e+00	0.00e+00	0.00e+00	9.79e-01	1.57e-05	1.02e-05
 1.19289e+21	9.80e-01	2.01e-02	2.34e-06	0.00e+00	0.00e+00	0.00e+00	0.00e+00	0.00e+00	0.00e+00	9.80e-01	1.57e-05	1.01e-05
 1.31218e+21	9.80e-01	1.95e-02	2.26e-06	0.00e+00	0.00e+00	0.00e+00	0.00e+00	0.00e+00	0.00e+00	9.80e-01	1.58e-05	1.01e-05
 1.44340e+21	9.81e-01	1.90e-02	2.17e-06	0.00e+00	0.00e+00	0.00e+00	0.00e+00	0.00e+00	0.00e+00	9.81e-01	1.58e-05	1.00e-05
 1.58774e+21	9.81e-01	1.86e-02	2.08e-06	0.00e+00	0.00e+00	0.00e+00	0.00e+00	0.00e+00	0.00e+00	9.81e-01	1.59e-05	1.00e-05
 1.74651e+21	9.82e-01	1.82e-02	1.99e-06	0.00e+00	0.00e+00	0.00e+00	0.00e+00	0.00e+00	0.00e+00	9.82e-01	1.60e-05	9.98e-06
 1.92117e+21	9.82e-01	1.79e-02	1.89e-06	0.00e+00	0.00e+00	0.00e+00	0.00e+00	0.00e+00	0.00e+00	9.82e-01	1.61e-05	9.95e-06
 2.11328e+21	9.82e-01	1.76e-02	1.79e-06	0.00e+00	0.00e+00	0.00e+00	0.00e+00	0.00e+00	0.00e+00	9.82e-01	1.63e-05	9.93e-06
 2.32461e+21	9.83e-01	1.74e-02	1.69e-06	0.00e+00	0.00e+00	0.00e+00	0.00e+00	0.00e+00	0.00e+00	9.83e-01	1.64e-05	9.90e-06
 2.55707e+21	9.83e-01	1.72e-02	1.58e-06	0.00e+00	0.00e+00	0.00e+00	0.00e+00	0.00e+00	0.00e+00	9.83e-01	1.66e-05	9.88e-06
 2.81278e+21	9.83e-01	1.70e-02	1.47e-06	0.00e+00	0.00e+00	0.00e+00	0.00e+00	0.00e+00	0.00e+00	9.83e-01	1.68e-05	9.87e-06
 3.09406e+21	9.83e-01	1.68e-02	1.36e-06	0.00e+00	0.00e+00	0.00e+00	0.00e+00	0.00e+00	0.00e+00	9.83e-01	1.70e-05	9.85e-06
 3.40346e+21	9.83e-01	1.67e-02	1.25e-06	0.00e+00	0.00e+00	0.00e+00	0.00e+00	0.00e+00	0.00e+00	9.83e-01	1.73e-05	9.84e-06
 3.74381e+21	9.83e-01	1.66e-02	1.14e-06	0.00e+00	0.00e+00	0.00e+00	0.00e+00	0.00e+00	0.00e+00	9.83e-01	1.75e-05	9.83e-06
 4.11819e+21	9.83e-01	1.65e-02	1.03e-06	0.00e+00	0.00e+00	0.00e+00	0.00e+00	0.00e+00	0.00e+00	9.83e-01	1.78e-05	9.82e-06
 4.50510e+21	9.84e-01	1.65e-02	9.29e-07	0.00e+00	0.00e+00	0.00e+00	0.00e+00	0.00e+00	0.00e+00	9.84e-01	1.81e-05	9.82e-06
 4.87297e+21	9.84e-01	1.64e-02	8.45e-07	0.00e+00	0.00e+00	0.00e+00	0.00e+00	0.00e+00	0.00e+00	9.84e-01	1.84e-05	9.81e-06
 5.22300e+21	9.84e-01	1.63e-02	7.73e-07	0.00e+00	0.00e+00	0.00e+00	0.00e+00	0.00e+00	0.00e+00	9.84e-01	1.87e-05	9.80e-06
 5.62081e+21	9.84e-01	1.64e-02	6.97e-07	0.00e+00	0.00e+00	0.00e+00	0.00e+00	0.00e+00	0.00e+00	9.84e-01	1.89e-05	9.80e-06
 6.05832e+21	9.84e-01	1.63e-02	6.26e-07	0.00e+00	0.00e+00	0.00e+00	0.00e+00	0.00e+00	0.00e+00	9.84e-01	1.92e-05	9.80e-06
 6.44579e+21	9.84e-01	1.64e-02	5.70e-07	0.00e+00	0.00e+00	0.00e+00	0.00e+00	0.00e+00	0.00e+00	9.84e-01	1.95e-05	9.80e-06
 6.78459e+21	9.84e-01	1.63e-02	5.26e-07	0.00e+00	0.00e+00	0.00e+00	0.00e+00	0.00e+00	0.00e+00	9.84e-01	1.97e-05	9.80e-06
 7.16179e+21	9.84e-01	1.63e-02	4.80e-07	0.00e+00	0.00e+00	0.00e+00	0.00e+00	0.00e+00	0.00e+00	9.84e-01	1.99e-05	9.80e-06
 7.65214e+21	9.84e-01	1.63e-02	4.26e-07	0.00e+00	0.00e+00	0.00e+00	0.00e+00	0.00e+00	0.00e+00	9.84e-01	2.02e-05	9.79e-06
 8.14275e+21	9.84e-01	1.63e-02	3.82e-07	0.00e+00	0.00e+00	0.00e+00	0.00e+00	0.00e+00	0.00e+00	9.84e-01	2.05e-05	9.80e-06
 8.52087e+21	9.84e-01	1.63e-02	3.52e-07	0.00e+00	0.00e+00	0.00e+00	0.00e+00	0.00e+00	0.00e+00	9.84e-01	2.07e-05	9.80e-06
 8.89962e+21	9.84e-01	1.63e-02	3.23e-07	0.00e+00	0.00e+00	0.00e+00	0.00e+00	0.00e+00	0.00e+00	9.84e-01	2.09e-05	9.80e-06
 9.39199e+21	9.84e-01	1.63e-02	2.89e-07	0.00e+00	0.00e+00	0.00e+00	0.00e+00	0.00e+00	0.00e+00	9.84e-01	2.11e-05	9.80e-06
 9.90358e+21	9.84e-01	1.64e-02	2.59e-07	0.00e+00	0.00e+00	0.00e+00	0.00e+00	0.00e+00	0.00e+00	9.84e-01	2.13e-05	9.80e-06
 1.03281e+22	9.84e-01	1.64e-02	2.38e-07	0.00e+00	0.00e+00	0.00e+00	0.00e+00	0.00e+00	0.00e+00	9.84e-01	2.15e-05	9.80e-06
 1.07681e+22	9.84e-01	1.64e-02	2.17e-07	0.00e+00	0.00e+00	0.00e+00	0.00e+00	0.00e+00	0.00e+00	9.84e-01	2.16e-05	9.80e-06
 1.13400e+22	9.84e-01	1.64e-02	1.92e-07	0.00e+00	0.00e+00	0.00e+00	0.00e+00	0.00e+00	0.00e+00	9.84e-01	2.18e-05	9.80e-06
 1.19396e+22	9.84e-01	1.64e-02	1.71e-07	0.00e+00	0.00e+00	0.00e+00	0.00e+00	0.00e+00	0.00e+00	9.84e-01	2.20e-05	9.80e-06
 1.24545e+22	9.84e-01	1.64e-02	1.56e-07	0.00e+00	0.00e+00	0.00e+00	0.00e+00	0.00e+00	0.00e+00	9.84e-01	2.21e-05	9.80e-06
 1.30033e+22	9.84e-01	1.64e-02	1.40e-07	0.00e+00	0.00e+00	0.00e+00	0.00e+00	0.00e+00	0.00e+00	9.84e-01	2.22e-05	9.80e-06
 1.37168e+22	9.84e-01	1.64e-02	1.22e-07	0.00e+00	0.00e+00	0.00e+00	0.00e+00	0.00e+00	0.00e+00	9.84e-01	2.23e-05	9.80e-06
 1.46443e+22	9.84e-01	1.65e-02	1.03e-07	0.00e+00	0.00e+00	0.00e+00	0.00e+00	0.00e+00	0.00e+00	9.83e-01	2.24e-05	9.81e-06
 1.58500e+22	9.84e-01	1.65e-02	8.40e-08	0.00e+00	0.00e+00	0.00e+00	0.00e+00	0.00e+00	0.00e+00	9.83e-01	2.25e-05	9.81e-06
 1.72478e+22	9.83e-01	1.65e-02	6.72e-08	0.00e+00	0.00e+00	0.00e+00	0.00e+00	0.00e+00	0.00e+00	9.83e-01	2.25e-05	9.81e-06
 1.86087e+22	9.83e-01	1.66e-02	5.50e-08	0.00e+00	0.00e+00	0.00e+00	0.00e+00	0.00e+00	0.00e+00	9.83e-01	2.23e-05	9.81e-06
 1.98335e+22	9.83e-01	1.66e-02	4.64e-08	0.00e+00	0.00e+00	0.00e+00	0.00e+00	0.00e+00	0.00e+00	9.83e-01	2.20e-05	9.82e-06
 2.09358e+22	9.83e-01	1.66e-02	4.01e-08	0.00e+00	0.00e+00	0.00e+00	0.00e+00	0.00e+00	0.00e+00	9.83e-01	2.17e-05	9.82e-06
 2.19279e+22	9.83e-01	1.66e-02	3.54e-08	0.00e+00	0.00e+00	0.00e+00	0.00e+00	0.00e+00	0.00e+00	9.83e-01	2.13e-05	9.82e-06
 2.28208e+22	9.83e-01	1.66e-02	3.18e-08	0.00e+00	0.00e+00	0.00e+00	0.00e+00	0.00e+00	0.00e+00	9.83e-01	2.09e-05	9.82e-06
 2.36244e+22	9.83e-01	1.66e-02	2.89e-08	0.00e+00	0.00e+00	0.00e+00	0.00e+00	0.00e+00	0.00e+00	9.83e-01	2.04e-05	9.82e-06
 2.43476e+22	9.83e-01	1.66e-02	2.67e-08	0.00e+00	0.00e+00	0.00e+00	0.00e+00	0.00e+00	0.00e+00	9.83e-01	2.00e-05	9.82e-06
 2.49985e+22	9.83e-01	1.66e-02	2.49e-08	0.00e+00	0.00e+00	0.00e+00	0.00e+00	0.00e+00	0.00e+00	9.83e-01	1.96e-05	9.82e-06
 2.55844e+22	9.83e-01	1.67e-02	2.34e-08	0.00e+00	0.00e+00	0.00e+00	0.00e+00	0.00e+00	0.00e+00	9.83e-01	1.91e-05	9.82e-06
 2.61116e+22	9.83e-01	1.67e-02	2.21e-08	0.00e+00	0.00e+00	0.00e+00	0.00e+00	0.00e+00	0.00e+00	9.83e-01	1.87e-05	9.82e-06
 2.65861e+22	9.83e-01	1.67e-02	2.11e-08	0.00e+00	0.00e+00	0.00e+00	0.00e+00	0.00e+00	0.00e+00	9.83e-01	1.84e-05	9.82e-06
 2.70132e+22	9.83e-01	1.67e-02	2.02e-08	0.00e+00	0.00e+00	0.00e+00	0.00e+00	0.00e+00	0.00e+00	9.83e-01	1.80e-05	9.82e-06
 2.73975e+22	9.83e-01	1.66e-02	1.95e-08	0.00e+00	0.00e+00	0.00e+00	0.00e+00	0.00e+00	0.00e+00	9.83e-01	1.77e-05	9.82e-06
 2.77435e+22	9.83e-01	1.66e-02	1.88e-08	0.00e+00	0.00e+00	0.00e+00	0.00e+00	0.00e+00	0.00e+00	9.83e-01	1.74e-05	9.82e-06
 2.80616e+22	9.83e-01	1.66e-02	1.83e-08	0.00e+00	0.00e+00	0.00e+00	0.00e+00	0.00e+00	0.00e+00	9.83e-01	1.71e-05	9.82e-06
 2.83702e+22	9.83e-01	1.66e-02	1.77e-08	0.00e+00	0.00e+00	0.00e+00	0.00e+00	0.00e+00	0.00e+00	9.83e-01	1.68e-05	9.82e-06
 2.86787e+22	9.83e-01	1.66e-02	1.72e-08	0.00e+00	0.00e+00	0.00e+00	0.00e+00	0.00e+00	0.00e+00	9.83e-01	1.65e-05	9.81e-06
 2.89873e+22	9.83e-01	1.66e-02	1.68e-08	0.00e+00	0.00e+00	0.00e+00	0.00e+00	0.00e+00	0.00e+00	9.83e-01	1.62e-05	9.81e-06
 2.92959e+22	9.83e-01	1.65e-02	1.63e-08	0.00e+00	0.00e+00	0.00e+00	0.00e+00	0.00e+00	0.00e+00	9.83e-01	1.59e-05	9.81e-06
 2.96045e+22	9.84e-01	1.65e-02	1.59e-08	0.00e+00	0.00e+00	0.00e+00	0.00e+00	0.00e+00	0.00e+00	9.84e-01	1.56e-05	9.80e-06
 2.99130e+22	9.84e-01	1.64e-02	1.54e-08	0.00e+00	0.00e+00	0.00e+00	0.00e+00	0.00e+00	0.00e+00	9.84e-01	1.53e-05	9.80e-06
 3.02005e+22	9.84e-01	1.63e-02	1.50e-08	0.00e+00	0.00e+00	0.00e+00	0.00e+00	0.00e+00	0.00e+00	9.84e-01	1.50e-05	9.79e-06
 3.04372e+22	9.84e-01	1.62e-02	1.47e-08	0.00e+00	0.00e+00	0.00e+00	0.00e+00	0.00e+00	0.00e+00	9.84e-01	1.47e-05	9.79e-06
 3.06301e+22	9.84e-01	1.61e-02	1.45e-08	0.00e+00	0.00e+00	0.00e+00	0.00e+00	0.00e+00	0.00e+00	9.84e-01	1.45e-05	9.78e-06
 3.07881e+22	9.84e-01	1.59e-02	1.42e-08	0.00e+00	0.00e+00	0.00e+00	0.00e+00	0.00e+00	0.00e+00	9.84e-01	1.43e-05	9.77e-06
