#depth	O	O+	O+2	O+3	O+4	O+5	O+6	O+7	O+8	O[1]	O[2]	O[3]
 2.29901e+16	4.29e-07	4.73e-04	7.14e-02	5.35e-01	3.24e-01	6.45e-02	4.63e-03	1.62e-06	0.00e+00	4.29e-07	1.02e-10	1.16e-10
 1.37941e+17	4.27e-07	4.74e-04	7.17e-02	5.35e-01	3.24e-01	6.43e-02	4.62e-03	1.61e-06	0.00e+00	4.27e-07	1.01e-10	1.16e-10
 5.97743e+17	4.23e-07	4.75e-04	7.27e-02	5.37e-01	3.22e-01	6.37e-02	4.55e-03	1.58e-06	0.00e+00	4.23e-07	1.00e-10	1.14e-10
 2.43695e+18	4.16e-07	4.83e-04	7.66e-02	5.41e-01	3.16e-01	6.16e-02	4.33e-03	1.50e-06	0.00e+00	4.16e-07	9.86e-11	1.13e-10
 5.82109e+18	3.91e-07	4.92e-04	8.29e-02	5.49e-01	3.05e-01	5.85e-02	4.00e-03	1.37e-06	0.00e+00	3.91e-07	9.23e-11	1.06e-10
 9.55289e+18	3.87e-07	5.15e-04	8.98e-02	5.57e-01	2.94e-01	5.54e-02	3.69e-03	1.24e-06	0.00e+00	3.87e-07	9.12e-11	1.05e-10
 1.32415e+19	4.05e-07	5.52e-04	9.75e-02	5.63e-01	2.83e-01	5.22e-02	3.38e-03	1.13e-06	0.00e+00	4.04e-07	9.52e-11	1.09e-10
 1.75415e+19	4.48e-07	6.16e-04	1.08e-01	5.70e-01	2.70e-01	4.83e-02	3.03e-03	9.94e-07	0.00e+00	4.48e-07	1.05e-10	1.21e-10
 2.31315e+19	5.27e-07	7.22e-04	1.24e-01	5.76e-01	2.54e-01	4.34e-02	2.61e-03	8.38e-07	0.00e+00	5.27e-07	1.24e-10	1.42e-10
 3.03985e+19	6.72e-07	9.01e-04	1.49e-01	5.80e-01	2.31e-01	3.72e-02	2.12e-03	6.68e-07	0.00e+00	6.71e-07	1.57e-10	1.81e-10
 3.75523e+19	8.35e-07	1.11e-03	1.78e-01	5.78e-01	2.09e-01	3.18e-02	1.74e-03	5.38e-07	0.00e+00	8.35e-07	1.95e-10	2.25e-10
 4.26071e+19	9.99e-07	1.31e-03	2.04e-01	5.73e-01	1.93e-01	2.80e-02	1.49e-03	4.57e-07	0.00e+00	9.99e-07	2.34e-10	2.69e-10
 4.61773e+19	1.15e-06	1.48e-03	2.25e-01	5.67e-01	1.80e-01	2.54e-02	1.32e-03	4.03e-07	0.00e+00	1.15e-06	2.68e-10	3.09e-10
 4.97693e+19	1.36e-06	1.71e-03	2.51e-01	5.57e-01	1.67e-01	2.26e-02	1.14e-03	3.46e-07	0.00e+00	1.36e-06	3.18e-10	3.67e-10
 5.35509e+19	1.62e-06	1.98e-03	2.80e-01	5.45e-01	1.52e-01	1.98e-02	9.77e-04	2.95e-07	0.00e+00	1.61e-06	3.78e-10	4.35e-10
 5.67692e+19	1.88e-06	2.25e-03	3.09e-01	5.31e-01	1.40e-01	1.75e-02	8.46e-04	2.55e-07	0.00e+00	1.88e-06	4.40e-10	5.07e-10
 5.96159e+19	2.14e-06	2.51e-03	3.37e-01	5.16e-01	1.28e-01	1.55e-02	7.33e-04	2.20e-07	0.00e+00	2.14e-06	5.01e-10	5.77e-10
 6.27892e+19	2.56e-06	2.89e-03	3.73e-01	4.96e-01	1.15e-01	1.33e-02	6.10e-04	1.82e-07	0.00e+00	2.55e-06	5.97e-10	6.87e-10
 6.60533e+19	3.10e-06	3.37e-03	4.11e-01	4.72e-01	1.01e-01	1.12e-02	5.02e-04	1.50e-07	0.00e+00	3.10e-06	7.25e-10	8.34e-10
 6.86436e+19	3.58e-06	3.78e-03	4.45e-01	4.51e-01	9.08e-02	9.66e-03	4.22e-04	1.26e-07	0.00e+00	3.58e-06	8.36e-10	9.62e-10
 7.12191e+19	4.21e-06	4.27e-03	4.81e-01	4.27e-01	7.99e-02	8.14e-03	3.46e-04	0.00e+00	0.00e+00	4.21e-06	9.84e-10	1.13e-09
 7.39916e+19	4.98e-06	4.84e-03	5.20e-01	3.99e-01	6.91e-02	6.71e-03	2.77e-04	0.00e+00	0.00e+00	4.98e-06	1.16e-09	1.34e-09
 7.64489e+19	5.79e-06	5.40e-03	5.55e-01	3.73e-01	5.99e-02	5.57e-03	2.23e-04	0.00e+00	0.00e+00	5.79e-06	1.35e-09	1.56e-09
 7.86958e+19	6.69e-06	5.98e-03	5.88e-01	3.49e-01	5.20e-02	4.62e-03	1.80e-04	0.00e+00	0.00e+00	6.68e-06	1.56e-09	1.79e-09
 8.12402e+19	7.93e-06	6.72e-03	6.26e-01	3.20e-01	4.36e-02	3.67e-03	1.37e-04	0.00e+00	0.00e+00	7.93e-06	1.85e-09	2.13e-09
 8.39309e+19	9.43e-06	7.53e-03	6.63e-01	2.91e-01	3.60e-02	2.86e-03	1.03e-04	0.00e+00	0.00e+00	9.42e-06	2.20e-09	2.53e-09
 8.62453e+19	1.09e-05	8.29e-03	6.93e-01	2.66e-01	3.02e-02	2.28e-03	7.90e-05	0.00e+00	0.00e+00	1.09e-05	2.55e-09	2.93e-09
 8.83611e+19	1.26e-05	9.04e-03	7.20e-01	2.44e-01	2.55e-02	1.83e-03	6.12e-05	0.00e+00	0.00e+00	1.26e-05	2.93e-09	3.38e-09
 9.07853e+19	1.49e-05	9.98e-03	7.48e-01	2.19e-01	2.08e-02	1.40e-03	4.50e-05	0.00e+00	0.00e+00	1.49e-05	3.46e-09	3.98e-09
 9.33988e+19	1.76e-05	1.10e-02	7.76e-01	1.95e-01	1.68e-02	1.06e-03	3.24e-05	0.00e+00	0.00e+00	1.76e-05	4.10e-09	4.72e-09
 9.57615e+19	2.06e-05	1.20e-02	7.98e-01	1.76e-01	1.38e-02	8.18e-04	2.40e-05	0.00e+00	0.00e+00	2.06e-05	4.79e-09	5.51e-09
 9.83359e+19	2.46e-05	1.32e-02	8.20e-01	1.55e-01	1.10e-02	6.09e-04	1.70e-05	0.00e+00	0.00e+00	2.46e-05	5.71e-09	6.57e-09
 1.01183e+20	2.96e-05	1.46e-02	8.41e-01	1.36e-01	8.71e-03	4.46e-04	1.18e-05	0.00e+00	0.00e+00	2.96e-05	6.87e-09	7.91e-09
 1.03901e+20	3.54e-05	1.60e-02	8.57e-01	1.19e-01	6.98e-03	3.32e-04	8.36e-06	0.00e+00	0.00e+00	3.54e-05	8.22e-09	9.46e-09
 1.06951e+20	4.35e-05	1.78e-02	8.74e-01	1.03e-01	5.44e-03	2.38e-04	5.66e-06	0.00e+00	0.00e+00	4.35e-05	1.01e-08	1.16e-08
 1.10351e+20	5.45e-05	1.98e-02	8.89e-01	8.72e-02	4.21e-03	1.68e-04	3.76e-06	0.00e+00	0.00e+00	5.44e-05	1.26e-08	1.45e-08
 1.12938e+20	6.40e-05	2.14e-02	8.97e-01	7.77e-02	3.54e-03	1.32e-04	2.83e-06	0.00e+00	0.00e+00	6.39e-05	1.49e-08	1.71e-08
 1.14591e+20	7.16e-05	2.26e-02	9.02e-01	7.19e-02	3.17e-03	1.13e-04	2.36e-06	0.00e+00	0.00e+00	7.15e-05	1.67e-08	1.91e-08
 1.16294e+20	8.06e-05	2.39e-02	9.07e-01	6.61e-02	2.81e-03	9.50e-05	1.94e-06	0.00e+00	0.00e+00	8.05e-05	1.88e-08	2.15e-08
 1.18507e+20	9.42e-05	2.57e-02	9.12e-01	5.92e-02	2.43e-03	7.66e-05	1.51e-06	0.00e+00	0.00e+00	9.41e-05	2.20e-08	2.51e-08
 1.20845e+20	1.10e-04	2.77e-02	9.17e-01	5.31e-02	2.11e-03	6.21e-05	1.19e-06	0.00e+00	0.00e+00	1.10e-04	2.57e-08	2.93e-08
 1.22879e+20	1.27e-04	2.97e-02	9.20e-01	4.82e-02	1.88e-03	5.19e-05	9.68e-07	0.00e+00	0.00e+00	1.27e-04	2.98e-08	3.38e-08
 1.24747e+20	1.45e-04	3.16e-02	9.22e-01	4.41e-02	1.70e-03	4.41e-05	8.05e-07	0.00e+00	0.00e+00	1.45e-04	3.41e-08	3.86e-08
 1.26868e+20	1.70e-04	3.40e-02	9.25e-01	3.96e-02	1.52e-03	3.64e-05	6.52e-07	0.00e+00	0.00e+00	1.70e-04	3.99e-08	4.51e-08
 1.29161e+20	2.01e-04	3.69e-02	9.26e-01	3.55e-02	1.36e-03	3.00e-05	5.29e-07	0.00e+00	0.00e+00	2.01e-04	4.75e-08	5.34e-08
 1.31171e+20	2.33e-04	3.96e-02	9.27e-01	3.22e-02	1.25e-03	2.54e-05	4.44e-07	0.00e+00	0.00e+00	2.33e-04	5.54e-08	6.20e-08
 1.32982e+20	2.68e-04	4.23e-02	9.27e-01	2.95e-02	1.15e-03	2.19e-05	3.79e-07	0.00e+00	0.00e+00	2.68e-04	6.38e-08	7.12e-08
 1.35039e+20	3.16e-04	4.59e-02	9.26e-01	2.65e-02	1.06e-03	1.84e-05	3.17e-07	0.00e+00	0.00e+00	3.16e-04	7.58e-08	8.40e-08
 1.37235e+20	3.77e-04	5.00e-02	9.25e-01	2.37e-02	9.78e-04	1.53e-05	2.65e-07	0.00e+00	0.00e+00	3.77e-04	9.11e-08	1.00e-07
 1.39147e+20	4.42e-04	5.40e-02	9.23e-01	2.15e-02	9.15e-04	1.31e-05	2.28e-07	0.00e+00	0.00e+00	4.42e-04	1.07e-07	1.17e-07
 1.40882e+20	5.11e-04	5.80e-02	9.21e-01	1.97e-02	8.65e-04	1.14e-05	1.99e-07	0.00e+00	0.00e+00	5.11e-04	1.25e-07	1.35e-07
 1.42852e+20	6.09e-04	6.33e-02	9.18e-01	1.76e-02	8.13e-04	9.62e-06	1.71e-07	0.00e+00	0.00e+00	6.09e-04	1.51e-07	1.61e-07
 1.44953e+20	7.36e-04	6.96e-02	9.13e-01	1.57e-02	7.65e-04	8.07e-06	1.46e-07	0.00e+00	0.00e+00	7.36e-04	1.84e-07	1.95e-07
 1.46773e+20	8.69e-04	7.57e-02	9.09e-01	1.42e-02	7.28e-04	6.94e-06	1.28e-07	0.00e+00	0.00e+00	8.68e-04	2.19e-07	2.29e-07
 1.48428e+20	1.02e-03	8.21e-02	9.03e-01	1.29e-02	6.97e-04	6.02e-06	0.00e+00	0.00e+00	0.00e+00	1.02e-03	2.60e-07	2.69e-07
 1.50322e+20	1.23e-03	9.04e-02	8.96e-01	1.15e-02	6.62e-04	5.07e-06	0.00e+00	0.00e+00	0.00e+00	1.23e-03	3.18e-07	3.25e-07
 1.52347e+20	1.51e-03	1.00e-01	8.87e-01	1.02e-02	6.31e-04	4.25e-06	0.00e+00	0.00e+00	0.00e+00	1.51e-03	3.97e-07	3.98e-07
 1.54087e+20	1.82e-03	1.10e-01	8.78e-01	9.14e-03	6.04e-04	3.63e-06	0.00e+00	0.00e+00	0.00e+00	1.82e-03	4.81e-07	4.77e-07
 1.55631e+20	2.16e-03	1.21e-01	8.68e-01	8.24e-03	5.83e-04	3.14e-06	0.00e+00	0.00e+00	0.00e+00	2.15e-03	5.78e-07	5.65e-07
 1.57374e+20	2.63e-03	1.34e-01	8.56e-01	7.29e-03	5.56e-04	2.64e-06	0.00e+00	0.00e+00	0.00e+00	2.63e-03	7.14e-07	6.90e-07
 1.59221e+20	3.27e-03	1.50e-01	8.40e-01	6.38e-03	5.31e-04	2.20e-06	0.00e+00	0.00e+00	0.00e+00	3.27e-03	9.01e-07	8.55e-07
 1.60795e+20	3.96e-03	1.65e-01	8.24e-01	5.67e-03	5.09e-04	1.87e-06	0.00e+00	0.00e+00	0.00e+00	3.96e-03	1.10e-06	1.03e-06
 1.62178e+20	4.72e-03	1.81e-01	8.09e-01	5.07e-03	4.89e-04	1.61e-06	0.00e+00	0.00e+00	0.00e+00	4.72e-03	1.32e-06	1.23e-06
 1.63725e+20	5.82e-03	2.02e-01	7.88e-01	4.43e-03	4.66e-04	1.35e-06	0.00e+00	0.00e+00	0.00e+00	5.81e-03	1.65e-06	1.51e-06
 1.65357e+20	7.26e-03	2.26e-01	7.63e-01	3.83e-03	4.40e-04	1.11e-06	0.00e+00	0.00e+00	0.00e+00	7.25e-03	2.07e-06	1.88e-06
 1.66724e+20	8.80e-03	2.49e-01	7.38e-01	3.36e-03	4.18e-04	9.33e-07	0.00e+00	0.00e+00	0.00e+00	8.79e-03	2.53e-06	2.27e-06
 1.67911e+20	1.05e-02	2.72e-01	7.14e-01	2.97e-03	3.97e-04	7.95e-07	0.00e+00	0.00e+00	0.00e+00	1.05e-02	3.02e-06	2.70e-06
 1.69234e+20	1.29e-02	3.01e-01	6.83e-01	2.55e-03	3.71e-04	6.53e-07	0.00e+00	0.00e+00	0.00e+00	1.28e-02	3.72e-06	3.30e-06
 1.70640e+20	1.60e-02	3.35e-01	6.46e-01	2.16e-03	3.44e-04	5.29e-07	0.00e+00	0.00e+00	0.00e+00	1.59e-02	4.63e-06	4.08e-06
 1.71844e+20	1.94e-02	3.68e-01	6.11e-01	1.85e-03	3.18e-04	4.32e-07	0.00e+00	0.00e+00	0.00e+00	1.94e-02	5.63e-06	4.94e-06
 1.72899e+20	2.31e-02	3.99e-01	5.76e-01	1.59e-03	2.94e-04	3.57e-07	0.00e+00	0.00e+00	0.00e+00	2.31e-02	6.71e-06	5.87e-06
 1.74070e+20	2.83e-02	4.37e-01	5.33e-01	1.32e-03	2.65e-04	2.82e-07	0.00e+00	0.00e+00	0.00e+00	2.83e-02	8.23e-06	7.17e-06
 1.75316e+20	3.51e-02	4.80e-01	4.84e-01	1.07e-03	2.34e-04	2.16e-07	0.00e+00	0.00e+00	0.00e+00	3.51e-02	1.02e-05	8.83e-06
 1.76388e+20	4.26e-02	5.18e-01	4.38e-01	8.74e-04	2.06e-04	1.67e-07	0.00e+00	0.00e+00	0.00e+00	4.26e-02	1.23e-05	1.06e-05
 1.77258e+20	4.98e-02	5.50e-01	3.99e-01	7.32e-04	1.84e-04	1.33e-07	0.00e+00	0.00e+00	0.00e+00	4.98e-02	1.43e-05	1.24e-05
 1.77999e+20	5.72e-02	5.78e-01	3.64e-01	6.21e-04	1.64e-04	0.00e+00	0.00e+00	0.00e+00	0.00e+00	5.72e-02	1.64e-05	1.41e-05
 1.78825e+20	6.71e-02	6.08e-01	3.24e-01	5.07e-04	1.41e-04	0.00e+00	0.00e+00	0.00e+00	0.00e+00	6.71e-02	1.91e-05	1.65e-05
 1.79694e+20	7.93e-02	6.38e-01	2.82e-01	4.04e-04	1.19e-04	0.00e+00	0.00e+00	0.00e+00	0.00e+00	7.92e-02	2.23e-05	1.93e-05
 1.80415e+20	9.10e-02	6.61e-01	2.48e-01	3.31e-04	1.02e-04	0.00e+00	0.00e+00	0.00e+00	0.00e+00	9.09e-02	2.54e-05	2.19e-05
 1.81035e+20	1.03e-01	6.78e-01	2.19e-01	2.76e-04	8.72e-05	0.00e+00	0.00e+00	0.00e+00	0.00e+00	1.03e-01	2.85e-05	2.45e-05
 1.81724e+20	1.17e-01	6.95e-01	1.88e-01	2.22e-04	7.22e-05	0.00e+00	0.00e+00	0.00e+00	0.00e+00	1.17e-01	3.22e-05	2.77e-05
 1.82469e+20	1.36e-01	7.08e-01	1.56e-01	1.74e-04	5.77e-05	0.00e+00	0.00e+00	0.00e+00	0.00e+00	1.35e-01	3.67e-05	3.16e-05
 1.83114e+20	1.54e-01	7.15e-01	1.31e-01	1.39e-04	4.66e-05	0.00e+00	0.00e+00	0.00e+00	0.00e+00	1.54e-01	4.10e-05	3.52e-05
 1.83677e+20	1.72e-01	7.18e-01	1.10e-01	1.13e-04	3.77e-05	0.00e+00	0.00e+00	0.00e+00	0.00e+00	1.72e-01	4.52e-05	3.88e-05
 1.84303e+20	1.94e-01	7.16e-01	8.98e-02	8.94e-05	2.94e-05	0.00e+00	0.00e+00	0.00e+00	0.00e+00	1.94e-01	5.02e-05	4.31e-05
 1.84989e+20	2.21e-01	7.09e-01	7.04e-02	6.91e-05	2.19e-05	0.00e+00	0.00e+00	0.00e+00	0.00e+00	2.21e-01	5.58e-05	4.79e-05
 1.85610e+20	2.48e-01	6.96e-01	5.53e-02	5.44e-05	1.64e-05	0.00e+00	0.00e+00	0.00e+00	0.00e+00	2.48e-01	6.13e-05	5.25e-05
 1.86181e+20	2.77e-01	6.80e-01	4.34e-02	4.35e-05	1.22e-05	0.00e+00	0.00e+00	0.00e+00	0.00e+00	2.76e-01	6.65e-05	5.70e-05
 1.86738e+20	3.06e-01	6.60e-01	3.37e-02	3.51e-05	9.00e-06	0.00e+00	0.00e+00	0.00e+00	0.00e+00	3.06e-01	7.15e-05	6.13e-05
 1.87282e+20	3.38e-01	6.36e-01	2.59e-02	2.85e-05	6.57e-06	0.00e+00	0.00e+00	0.00e+00	0.00e+00	3.37e-01	7.63e-05	6.54e-05
 1.87805e+20	3.69e-01	6.11e-01	1.99e-02	2.35e-05	4.81e-06	0.00e+00	0.00e+00	0.00e+00	0.00e+00	3.69e-01	8.06e-05	6.90e-05
 1.88308e+20	4.02e-01	5.83e-01	1.51e-02	1.94e-05	3.48e-06	0.00e+00	0.00e+00	0.00e+00	0.00e+00	4.01e-01	8.45e-05	7.23e-05
 1.88793e+20	4.34e-01	5.55e-01	1.15e-02	1.63e-05	2.53e-06	0.00e+00	0.00e+00	0.00e+00	0.00e+00	4.33e-01	8.77e-05	7.50e-05
 1.89238e+20	4.65e-01	5.26e-01	8.81e-03	1.39e-05	1.85e-06	0.00e+00	0.00e+00	0.00e+00	0.00e+00	4.65e-01	9.03e-05	7.72e-05
 1.89650e+20	4.93e-01	5.00e-01	6.86e-03	1.20e-05	1.39e-06	0.00e+00	0.00e+00	0.00e+00	0.00e+00	4.93e-01	9.22e-05	7.88e-05
 1.90024e+20	5.20e-01	4.75e-01	5.43e-03	1.06e-05	1.06e-06	0.00e+00	0.00e+00	0.00e+00	0.00e+00	5.20e-01	9.35e-05	7.99e-05
 1.90366e+20	5.43e-01	4.52e-01	4.36e-03	9.43e-06	8.29e-07	0.00e+00	0.00e+00	0.00e+00	0.00e+00	5.43e-01	9.43e-05	8.05e-05
 1.90689e+20	5.66e-01	4.31e-01	3.54e-03	8.48e-06	6.54e-07	0.00e+00	0.00e+00	0.00e+00	0.00e+00	5.66e-01	9.47e-05	8.08e-05
 1.90995e+20	5.87e-01	4.10e-01	2.89e-03	7.67e-06	5.21e-07	0.00e+00	0.00e+00	0.00e+00	0.00e+00	5.86e-01	9.49e-05	8.09e-05
 1.91238e+20	6.02e-01	3.95e-01	2.48e-03	7.12e-06	4.39e-07	0.00e+00	0.00e+00	0.00e+00	0.00e+00	6.02e-01	9.48e-05	8.08e-05
 1.91405e+20	6.13e-01	3.84e-01	2.22e-03	6.76e-06	3.89e-07	0.00e+00	0.00e+00	0.00e+00	0.00e+00	6.13e-01	9.47e-05	8.07e-05
 1.91565e+20	6.24e-01	3.74e-01	2.00e-03	6.42e-06	3.45e-07	0.00e+00	0.00e+00	0.00e+00	0.00e+00	6.24e-01	9.44e-05	8.04e-05
 1.91748e+20	6.36e-01	3.62e-01	1.76e-03	6.06e-06	3.01e-07	0.00e+00	0.00e+00	0.00e+00	0.00e+00	6.36e-01	9.41e-05	8.01e-05
 1.91946e+20	6.48e-01	3.50e-01	1.55e-03	5.71e-06	2.60e-07	0.00e+00	0.00e+00	0.00e+00	0.00e+00	6.48e-01	9.37e-05	7.97e-05
 1.92142e+20	6.60e-01	3.39e-01	1.36e-03	5.38e-06	2.26e-07	0.00e+00	0.00e+00	0.00e+00	0.00e+00	6.60e-01	9.31e-05	7.92e-05
 1.92333e+20	6.71e-01	3.28e-01	1.20e-03	5.09e-06	1.97e-07	0.00e+00	0.00e+00	0.00e+00	0.00e+00	6.71e-01	9.26e-05	7.87e-05
 1.92528e+20	6.83e-01	3.16e-01	1.06e-03	4.81e-06	1.72e-07	0.00e+00	0.00e+00	0.00e+00	0.00e+00	6.82e-01	9.19e-05	7.81e-05
 1.92726e+20	6.93e-01	3.06e-01	9.36e-04	4.55e-06	1.50e-07	0.00e+00	0.00e+00	0.00e+00	0.00e+00	6.93e-01	9.11e-05	7.74e-05
 1.92928e+20	7.04e-01	2.95e-01	8.24e-04	4.30e-06	1.31e-07	0.00e+00	0.00e+00	0.00e+00	0.00e+00	7.04e-01	9.02e-05	7.66e-05
 1.93134e+20	7.14e-01	2.85e-01	7.29e-04	4.08e-06	0.00e+00	0.00e+00	0.00e+00	0.00e+00	0.00e+00	7.14e-01	8.94e-05	7.58e-05
 1.93346e+20	7.25e-01	2.75e-01	6.43e-04	3.86e-06	0.00e+00	0.00e+00	0.00e+00	0.00e+00	0.00e+00	7.24e-01	8.83e-05	7.49e-05
 1.93565e+20	7.34e-01	2.65e-01	5.68e-04	3.65e-06	0.00e+00	0.00e+00	0.00e+00	0.00e+00	0.00e+00	7.34e-01	8.73e-05	7.40e-05
 1.93789e+20	7.44e-01	2.55e-01	5.03e-04	3.46e-06	0.00e+00	0.00e+00	0.00e+00	0.00e+00	0.00e+00	7.44e-01	8.62e-05	7.31e-05
 1.94018e+20	7.53e-01	2.46e-01	4.47e-04	3.29e-06	0.00e+00	0.00e+00	0.00e+00	0.00e+00	0.00e+00	7.53e-01	8.52e-05	7.22e-05
 1.94259e+20	7.62e-01	2.38e-01	3.97e-04	3.12e-06	0.00e+00	0.00e+00	0.00e+00	0.00e+00	0.00e+00	7.62e-01	8.41e-05	7.12e-05
 1.94517e+20	7.71e-01	2.29e-01	3.54e-04	2.96e-06	0.00e+00	0.00e+00	0.00e+00	0.00e+00	0.00e+00	7.70e-01	8.30e-05	7.02e-05
 1.94793e+20	7.79e-01	2.21e-01	3.16e-04	2.81e-06	0.00e+00	0.00e+00	0.00e+00	0.00e+00	0.00e+00	7.79e-01	8.18e-05	6.92e-05
 1.95088e+20	7.87e-01	2.13e-01	2.83e-04	2.68e-06	0.00e+00	0.00e+00	0.00e+00	0.00e+00	0.00e+00	7.87e-01	8.08e-05	6.82e-05
 1.95402e+20	7.94e-01	2.05e-01	2.56e-04	2.55e-06	0.00e+00	0.00e+00	0.00e+00	0.00e+00	0.00e+00	7.94e-01	7.96e-05	6.72e-05
 1.95747e+20	8.01e-01	1.99e-01	2.32e-04	2.44e-06	0.00e+00	0.00e+00	0.00e+00	0.00e+00	0.00e+00	8.01e-01	7.86e-05	6.64e-05
 1.96125e+20	8.07e-01	1.92e-01	2.13e-04	2.34e-06	0.00e+00	0.00e+00	0.00e+00	0.00e+00	0.00e+00	8.07e-01	7.76e-05	6.55e-05
 1.96549e+20	8.13e-01	1.87e-01	1.97e-04	2.25e-06	0.00e+00	0.00e+00	0.00e+00	0.00e+00	0.00e+00	8.13e-01	7.68e-05	6.47e-05
 1.97013e+20	8.18e-01	1.82e-01	1.84e-04	2.17e-06	0.00e+00	0.00e+00	0.00e+00	0.00e+00	0.00e+00	8.18e-01	7.60e-05	6.40e-05
 1.97479e+20	8.21e-01	1.79e-01	1.75e-04	2.12e-06	0.00e+00	0.00e+00	0.00e+00	0.00e+00	0.00e+00	8.21e-01	7.54e-05	6.34e-05
 1.97937e+20	8.24e-01	1.76e-01	1.68e-04	2.07e-06	0.00e+00	0.00e+00	0.00e+00	0.00e+00	0.00e+00	8.24e-01	7.49e-05	6.30e-05
 1.98388e+20	8.26e-01	1.73e-01	1.63e-04	2.04e-06	0.00e+00	0.00e+00	0.00e+00	0.00e+00	0.00e+00	8.26e-01	7.46e-05	6.27e-05
 1.98833e+20	8.29e-01	1.71e-01	1.59e-04	2.00e-06	0.00e+00	0.00e+00	0.00e+00	0.00e+00	0.00e+00	8.29e-01	7.42e-05	6.23e-05
 1.99343e+20	8.30e-01	1.70e-01	1.56e-04	1.99e-06	0.00e+00	0.00e+00	0.00e+00	0.00e+00	0.00e+00	8.29e-01	7.41e-05	6.21e-05
 2.00006e+20	8.31e-01	1.69e-01	1.53e-04	1.96e-06	0.00e+00	0.00e+00	0.00e+00	0.00e+00	0.00e+00	8.31e-01	7.38e-05	6.19e-05
 2.00868e+20	8.33e-01	1.67e-01	1.49e-04	1.93e-06	0.00e+00	0.00e+00	0.00e+00	0.00e+00	0.00e+00	8.33e-01	7.35e-05	6.16e-05
 2.01988e+20	8.35e-01	1.65e-01	1.46e-04	1.90e-06	0.00e+00	0.00e+00	0.00e+00	0.00e+00	0.00e+00	8.35e-01	7.32e-05	6.13e-05
 2.03444e+20	8.37e-01	1.63e-01	1.42e-04	1.86e-06	0.00e+00	0.00e+00	0.00e+00	0.00e+00	0.00e+00	8.37e-01	7.29e-05	6.09e-05
 2.05338e+20	8.40e-01	1.60e-01	1.37e-04	1.82e-06	0.00e+00	0.00e+00	0.00e+00	0.00e+00	0.00e+00	8.40e-01	7.25e-05	6.04e-05
 2.07799e+20	8.43e-01	1.57e-01	1.32e-04	1.77e-06	0.00e+00	0.00e+00	0.00e+00	0.00e+00	0.00e+00	8.43e-01	7.20e-05	5.99e-05
 2.10999e+20	8.47e-01	1.53e-01	1.26e-04	1.70e-06	0.00e+00	0.00e+00	0.00e+00	0.00e+00	0.00e+00	8.47e-01	7.14e-05	5.92e-05
 2.15158e+20	8.52e-01	1.48e-01	1.18e-04	1.62e-06	0.00e+00	0.00e+00	0.00e+00	0.00e+00	0.00e+00	8.52e-01	7.07e-05	5.83e-05
 2.20315e+20	8.57e-01	1.42e-01	1.11e-04	1.54e-06	0.00e+00	0.00e+00	0.00e+00	0.00e+00	0.00e+00	8.57e-01	6.98e-05	5.73e-05
 2.25943e+20	8.63e-01	1.37e-01	1.04e-04	1.45e-06	0.00e+00	0.00e+00	0.00e+00	0.00e+00	0.00e+00	8.63e-01	6.90e-05	5.62e-05
 2.31532e+20	8.68e-01	1.32e-01	9.83e-05	1.37e-06	0.00e+00	0.00e+00	0.00e+00	0.00e+00	0.00e+00	8.68e-01	6.82e-05	5.53e-05
 2.37150e+20	8.73e-01	1.27e-01	9.33e-05	1.30e-06	0.00e+00	0.00e+00	0.00e+00	0.00e+00	0.00e+00	8.73e-01	6.74e-05	5.43e-05
 2.42931e+20	8.77e-01	1.22e-01	8.89e-05	1.23e-06	0.00e+00	0.00e+00	0.00e+00	0.00e+00	0.00e+00	8.77e-01	6.67e-05	5.34e-05
 2.48929e+20	8.82e-01	1.18e-01	8.49e-05	1.17e-06	0.00e+00	0.00e+00	0.00e+00	0.00e+00	0.00e+00	8.82e-01	6.60e-05	5.25e-05
 2.55110e+20	8.86e-01	1.14e-01	8.12e-05	1.11e-06	0.00e+00	0.00e+00	0.00e+00	0.00e+00	0.00e+00	8.86e-01	6.52e-05	5.16e-05
 2.61503e+20	8.91e-01	1.09e-01	7.80e-05	1.05e-06	0.00e+00	0.00e+00	0.00e+00	0.00e+00	0.00e+00	8.90e-01	6.45e-05	5.07e-05
 2.68132e+20	8.95e-01	1.05e-01	7.51e-05	9.94e-07	0.00e+00	0.00e+00	0.00e+00	0.00e+00	0.00e+00	8.95e-01	6.38e-05	4.99e-05
 2.74874e+20	8.99e-01	1.01e-01	7.25e-05	9.41e-07	0.00e+00	0.00e+00	0.00e+00	0.00e+00	0.00e+00	8.99e-01	6.31e-05	4.90e-05
 2.81759e+20	9.02e-01	9.75e-02	7.02e-05	8.91e-07	0.00e+00	0.00e+00	0.00e+00	0.00e+00	0.00e+00	9.02e-01	6.24e-05	4.82e-05
 2.88841e+20	9.06e-01	9.39e-02	6.81e-05	8.44e-07	0.00e+00	0.00e+00	0.00e+00	0.00e+00	0.00e+00	9.06e-01	6.17e-05	4.74e-05
 2.96121e+20	9.10e-01	9.04e-02	6.62e-05	7.99e-07	0.00e+00	0.00e+00	0.00e+00	0.00e+00	0.00e+00	9.09e-01	6.10e-05	4.66e-05
 3.03586e+20	9.13e-01	8.69e-02	6.45e-05	7.56e-07	0.00e+00	0.00e+00	0.00e+00	0.00e+00	0.00e+00	9.13e-01	6.03e-05	4.58e-05
 3.11236e+20	9.16e-01	8.36e-02	6.29e-05	7.15e-07	0.00e+00	0.00e+00	0.00e+00	0.00e+00	0.00e+00	9.16e-01	5.95e-05	4.49e-05
 3.19088e+20	9.20e-01	8.04e-02	6.15e-05	6.77e-07	0.00e+00	0.00e+00	0.00e+00	0.00e+00	0.00e+00	9.19e-01	5.87e-05	4.39e-05
 3.27096e+20	9.23e-01	7.74e-02	6.02e-05	6.40e-07	0.00e+00	0.00e+00	0.00e+00	0.00e+00	0.00e+00	9.22e-01	5.79e-05	4.29e-05
 3.35261e+20	9.26e-01	7.44e-02	5.91e-05	6.06e-07	0.00e+00	0.00e+00	0.00e+00	0.00e+00	0.00e+00	9.25e-01	5.71e-05	4.20e-05
 3.43621e+20	9.28e-01	7.16e-02	5.80e-05	5.74e-07	0.00e+00	0.00e+00	0.00e+00	0.00e+00	0.00e+00	9.28e-01	5.63e-05	4.11e-05
 3.52092e+20	9.31e-01	6.90e-02	5.70e-05	5.43e-07	0.00e+00	0.00e+00	0.00e+00	0.00e+00	0.00e+00	9.31e-01	5.56e-05	4.02e-05
 3.60727e+20	9.34e-01	6.64e-02	5.61e-05	5.14e-07	0.00e+00	0.00e+00	0.00e+00	0.00e+00	0.00e+00	9.33e-01	5.48e-05	3.94e-05
 3.69706e+20	9.36e-01	6.38e-02	5.52e-05	4.85e-07	0.00e+00	0.00e+00	0.00e+00	0.00e+00	0.00e+00	9.36e-01	5.40e-05	3.86e-05
 3.78954e+20	9.39e-01	6.14e-02	5.44e-05	4.59e-07	0.00e+00	0.00e+00	0.00e+00	0.00e+00	0.00e+00	9.38e-01	5.32e-05	3.78e-05
 3.88349e+20	9.41e-01	5.90e-02	5.37e-05	4.33e-07	0.00e+00	0.00e+00	0.00e+00	0.00e+00	0.00e+00	9.41e-01	5.24e-05	3.71e-05
 3.97926e+20	9.43e-01	5.68e-02	5.29e-05	4.09e-07	0.00e+00	0.00e+00	0.00e+00	0.00e+00	0.00e+00	9.43e-01	5.16e-05	3.64e-05
 4.07743e+20	9.45e-01	5.46e-02	5.22e-05	3.87e-07	0.00e+00	0.00e+00	0.00e+00	0.00e+00	0.00e+00	9.45e-01	5.07e-05	3.58e-05
 4.17807e+20	9.47e-01	5.25e-02	5.16e-05	3.65e-07	0.00e+00	0.00e+00	0.00e+00	0.00e+00	0.00e+00	9.47e-01	4.99e-05	3.51e-05
 4.28040e+20	9.49e-01	5.05e-02	5.10e-05	3.44e-07	0.00e+00	0.00e+00	0.00e+00	0.00e+00	0.00e+00	9.49e-01	4.90e-05	3.45e-05
 4.38254e+20	9.51e-01	4.86e-02	5.04e-05	3.26e-07	0.00e+00	0.00e+00	0.00e+00	0.00e+00	0.00e+00	9.51e-01	4.81e-05	3.39e-05
 4.48294e+20	9.53e-01	4.68e-02	4.99e-05	3.08e-07	0.00e+00	0.00e+00	0.00e+00	0.00e+00	0.00e+00	9.53e-01	4.72e-05	3.34e-05
 4.58138e+20	9.55e-01	4.52e-02	4.94e-05	2.92e-07	0.00e+00	0.00e+00	0.00e+00	0.00e+00	0.00e+00	9.55e-01	4.62e-05	3.29e-05
 4.67801e+20	9.56e-01	4.36e-02	4.89e-05	2.77e-07	0.00e+00	0.00e+00	0.00e+00	0.00e+00	0.00e+00	9.56e-01	4.53e-05	3.24e-05
 4.77253e+20	9.58e-01	4.21e-02	4.85e-05	2.64e-07	0.00e+00	0.00e+00	0.00e+00	0.00e+00	0.00e+00	9.58e-01	4.43e-05	3.20e-05
 4.86420e+20	9.59e-01	4.07e-02	4.82e-05	2.51e-07	0.00e+00	0.00e+00	0.00e+00	0.00e+00	0.00e+00	9.59e-01	4.33e-05	3.15e-05
 4.95250e+20	9.61e-01	3.94e-02	4.79e-05	2.39e-07	0.00e+00	0.00e+00	0.00e+00	0.00e+00	0.00e+00	9.60e-01	4.23e-05	3.11e-05
 5.03729e+20	9.62e-01	3.81e-02	4.76e-05	2.28e-07	0.00e+00	0.00e+00	0.00e+00	0.00e+00	0.00e+00	9.62e-01	4.13e-05	3.08e-05
 5.11857e+20	9.63e-01	3.69e-02	4.73e-05	2.18e-07	0.00e+00	0.00e+00	0.00e+00	0.00e+00	0.00e+00	9.63e-01	4.03e-05	3.04e-05
 5.19635e+20	9.64e-01	3.56e-02	4.71e-05	2.08e-07	0.00e+00	0.00e+00	0.00e+00	0.00e+00	0.00e+00	9.64e-01	3.93e-05	3.00e-05
