#depth	O	O+	O+2	O+3	O+4	O+5	O+6	O+7	O+8	O[1]	O[2]	O[3]
 3.40793e+15	8.35e-04	1.30e-01	7.03e-01	1.61e-01	5.79e-03	2.77e-05	0.00e+00	0.00e+00	0.00e+00	8.35e-04	1.96e-07	2.21e-07
 2.04476e+16	8.33e-04	1.29e-01	7.03e-01	1.61e-01	5.76e-03	2.76e-05	0.00e+00	0.00e+00	0.00e+00	8.33e-04	1.96e-07	2.21e-07
 8.86061e+16	8.18e-04	1.28e-01	7.06e-01	1.60e-01	5.72e-03	2.74e-05	0.00e+00	0.00e+00	0.00e+00	8.18e-04	1.92e-07	2.17e-07
 3.61240e+17	7.73e-04	1.22e-01	7.14e-01	1.57e-01	5.52e-03	2.67e-05	0.00e+00	0.00e+00	0.00e+00	7.72e-04	1.81e-07	2.05e-07
 8.62887e+17	6.53e-04	1.09e-01	7.27e-01	1.57e-01	5.39e-03	2.70e-05	0.00e+00	0.00e+00	0.00e+00	6.53e-04	1.53e-07	1.73e-07
 1.51503e+18	5.72e-04	1.01e-01	7.41e-01	1.53e-01	5.09e-03	2.62e-05	0.00e+00	0.00e+00	0.00e+00	5.72e-04	1.34e-07	1.52e-07
 2.36281e+18	5.12e-04	9.39e-02	7.56e-01	1.45e-01	4.63e-03	2.43e-05	0.00e+00	0.00e+00	0.00e+00	5.12e-04	1.20e-07	1.36e-07
 3.46493e+18	4.79e-04	9.05e-02	7.73e-01	1.32e-01	3.99e-03	2.13e-05	0.00e+00	0.00e+00	0.00e+00	4.78e-04	1.12e-07	1.27e-07
 4.89768e+18	4.74e-04	9.10e-02	7.92e-01	1.14e-01	3.20e-03	1.72e-05	0.00e+00	0.00e+00	0.00e+00	4.74e-04	1.11e-07	1.26e-07
 6.76026e+18	5.08e-04	9.64e-02	8.11e-01	9.02e-02	2.30e-03	1.23e-05	0.00e+00	0.00e+00	0.00e+00	5.07e-04	1.19e-07	1.34e-07
 9.18161e+18	6.14e-04	1.11e-01	8.24e-01	6.34e-02	1.41e-03	7.28e-06	0.00e+00	0.00e+00	0.00e+00	6.14e-04	1.44e-07	1.63e-07
 1.17775e+19	7.86e-04	1.30e-01	8.26e-01	4.18e-02	8.01e-04	3.97e-06	0.00e+00	0.00e+00	0.00e+00	7.85e-04	1.84e-07	2.08e-07
 1.38846e+19	9.93e-04	1.50e-01	8.19e-01	2.94e-02	5.02e-04	2.36e-06	0.00e+00	0.00e+00	0.00e+00	9.93e-04	2.32e-07	2.63e-07
 1.54307e+19	1.20e-03	1.67e-01	8.09e-01	2.26e-02	3.59e-04	1.61e-06	0.00e+00	0.00e+00	0.00e+00	1.20e-03	2.82e-07	3.18e-07
 1.67245e+19	1.43e-03	1.84e-01	7.97e-01	1.81e-02	2.73e-04	1.16e-06	0.00e+00	0.00e+00	0.00e+00	1.43e-03	3.36e-07	3.78e-07
 1.81677e+19	1.77e-03	2.04e-01	7.80e-01	1.40e-02	2.02e-04	7.93e-07	0.00e+00	0.00e+00	0.00e+00	1.77e-03	4.15e-07	4.67e-07
 1.96756e+19	2.20e-03	2.27e-01	7.60e-01	1.08e-02	1.52e-04	5.46e-07	0.00e+00	0.00e+00	0.00e+00	2.20e-03	5.17e-07	5.80e-07
 2.09398e+19	2.66e-03	2.48e-01	7.40e-01	8.68e-03	1.22e-04	3.99e-07	0.00e+00	0.00e+00	0.00e+00	2.66e-03	6.27e-07	7.01e-07
 2.20562e+19	3.18e-03	2.69e-01	7.20e-01	7.10e-03	1.02e-04	3.01e-07	0.00e+00	0.00e+00	0.00e+00	3.18e-03	7.53e-07	8.38e-07
 2.33081e+19	3.95e-03	2.96e-01	6.94e-01	5.59e-03	8.28e-05	2.15e-07	0.00e+00	0.00e+00	0.00e+00	3.95e-03	9.38e-07	1.04e-06
 2.46014e+19	4.97e-03	3.27e-01	6.64e-01	4.37e-03	6.84e-05	1.53e-07	0.00e+00	0.00e+00	0.00e+00	4.97e-03	1.19e-06	1.31e-06
 2.56417e+19	6.05e-03	3.54e-01	6.36e-01	3.55e-03	5.91e-05	0.00e+00	0.00e+00	0.00e+00	0.00e+00	6.04e-03	1.45e-06	1.59e-06
 2.65182e+19	7.20e-03	3.80e-01	6.10e-01	2.94e-03	5.22e-05	0.00e+00	0.00e+00	0.00e+00	0.00e+00	7.20e-03	1.73e-06	1.89e-06
 2.74883e+19	8.85e-03	4.12e-01	5.77e-01	2.34e-03	4.53e-05	0.00e+00	0.00e+00	0.00e+00	0.00e+00	8.84e-03	2.14e-06	2.31e-06
 2.85160e+19	1.11e-02	4.48e-01	5.39e-01	1.82e-03	3.90e-05	0.00e+00	0.00e+00	0.00e+00	0.00e+00	1.11e-02	2.70e-06	2.89e-06
 2.93765e+19	1.35e-02	4.81e-01	5.04e-01	1.45e-03	3.43e-05	0.00e+00	0.00e+00	0.00e+00	0.00e+00	1.35e-02	3.31e-06	3.51e-06
 3.01065e+19	1.61e-02	5.10e-01	4.72e-01	1.18e-03	3.06e-05	0.00e+00	0.00e+00	0.00e+00	0.00e+00	1.61e-02	3.96e-06	4.17e-06
 3.09086e+19	1.97e-02	5.46e-01	4.34e-01	9.20e-04	2.66e-05	0.00e+00	0.00e+00	0.00e+00	0.00e+00	1.97e-02	4.89e-06	5.09e-06
 3.17646e+19	2.45e-02	5.83e-01	3.91e-01	6.94e-04	2.28e-05	0.00e+00	0.00e+00	0.00e+00	0.00e+00	2.45e-02	6.12e-06	6.32e-06
 3.24942e+19	2.98e-02	6.17e-01	3.53e-01	5.34e-04	1.96e-05	0.00e+00	0.00e+00	0.00e+00	0.00e+00	2.98e-02	7.48e-06	7.65e-06
 3.31236e+19	3.56e-02	6.45e-01	3.19e-01	4.17e-04	1.70e-05	0.00e+00	0.00e+00	0.00e+00	0.00e+00	3.56e-02	8.93e-06	9.08e-06
 3.38193e+19	4.35e-02	6.76e-01	2.80e-01	3.10e-04	1.42e-05	0.00e+00	0.00e+00	0.00e+00	0.00e+00	4.35e-02	1.09e-05	1.10e-05
 3.45658e+19	5.40e-02	7.06e-01	2.39e-01	2.21e-04	1.16e-05	0.00e+00	0.00e+00	0.00e+00	0.00e+00	5.40e-02	1.36e-05	1.36e-05
 3.51919e+19	6.54e-02	7.29e-01	2.05e-01	1.61e-04	9.43e-06	0.00e+00	0.00e+00	0.00e+00	0.00e+00	6.54e-02	1.64e-05	1.63e-05
 3.56859e+19	7.60e-02	7.44e-01	1.80e-01	1.24e-04	7.94e-06	0.00e+00	0.00e+00	0.00e+00	0.00e+00	7.60e-02	1.89e-05	1.88e-05
 3.61277e+19	8.73e-02	7.55e-01	1.57e-01	9.65e-05	6.69e-06	0.00e+00	0.00e+00	0.00e+00	0.00e+00	8.72e-02	2.16e-05	2.14e-05
 3.66348e+19	1.03e-01	7.64e-01	1.33e-01	7.09e-05	5.38e-06	0.00e+00	0.00e+00	0.00e+00	0.00e+00	1.03e-01	2.52e-05	2.48e-05
 3.71508e+19	1.21e-01	7.69e-01	1.11e-01	5.14e-05	4.25e-06	0.00e+00	0.00e+00	0.00e+00	0.00e+00	1.21e-01	2.93e-05	2.87e-05
 3.75516e+19	1.36e-01	7.69e-01	9.48e-02	3.98e-05	3.49e-06	0.00e+00	0.00e+00	0.00e+00	0.00e+00	1.36e-01	3.28e-05	3.21e-05
 3.78838e+19	1.52e-01	7.66e-01	8.23e-02	3.17e-05	2.92e-06	0.00e+00	0.00e+00	0.00e+00	0.00e+00	1.52e-01	3.60e-05	3.52e-05
 3.82537e+19	1.71e-01	7.60e-01	6.97e-02	2.44e-05	2.36e-06	0.00e+00	0.00e+00	0.00e+00	0.00e+00	1.70e-01	3.99e-05	3.89e-05
 3.86494e+19	1.92e-01	7.50e-01	5.78e-02	1.85e-05	1.86e-06	0.00e+00	0.00e+00	0.00e+00	0.00e+00	1.92e-01	4.43e-05	4.31e-05
 3.89856e+19	2.13e-01	7.38e-01	4.89e-02	1.45e-05	1.51e-06	0.00e+00	0.00e+00	0.00e+00	0.00e+00	2.13e-01	4.81e-05	4.68e-05
 3.92734e+19	2.32e-01	7.26e-01	4.20e-02	1.18e-05	1.24e-06	0.00e+00	0.00e+00	0.00e+00	0.00e+00	2.32e-01	5.16e-05	5.01e-05
 3.95912e+19	2.55e-01	7.10e-01	3.51e-02	9.28e-06	9.96e-07	0.00e+00	0.00e+00	0.00e+00	0.00e+00	2.55e-01	5.54e-05	5.39e-05
 3.99345e+19	2.80e-01	6.91e-01	2.88e-02	7.23e-06	7.78e-07	0.00e+00	0.00e+00	0.00e+00	0.00e+00	2.80e-01	5.96e-05	5.78e-05
 4.02345e+19	3.04e-01	6.72e-01	2.41e-02	5.84e-06	6.24e-07	0.00e+00	0.00e+00	0.00e+00	0.00e+00	3.04e-01	6.30e-05	6.12e-05
 4.05025e+19	3.26e-01	6.54e-01	2.04e-02	4.82e-06	5.08e-07	0.00e+00	0.00e+00	0.00e+00	0.00e+00	3.26e-01	6.61e-05	6.41e-05
 4.08057e+19	3.53e-01	6.31e-01	1.67e-02	3.88e-06	3.97e-07	0.00e+00	0.00e+00	0.00e+00	0.00e+00	3.52e-01	6.95e-05	6.73e-05
 4.11355e+19	3.81e-01	6.05e-01	1.34e-02	3.10e-06	3.04e-07	0.00e+00	0.00e+00	0.00e+00	0.00e+00	3.81e-01	7.28e-05	7.05e-05
 4.14329e+19	4.08e-01	5.81e-01	1.09e-02	2.55e-06	2.38e-07	0.00e+00	0.00e+00	0.00e+00	0.00e+00	4.08e-01	7.54e-05	7.30e-05
 4.17274e+19	4.36e-01	5.56e-01	8.79e-03	2.10e-06	1.84e-07	0.00e+00	0.00e+00	0.00e+00	0.00e+00	4.35e-01	7.78e-05	7.53e-05
 4.20495e+19	4.66e-01	5.28e-01	6.91e-03	1.71e-06	1.38e-07	0.00e+00	0.00e+00	0.00e+00	0.00e+00	4.65e-01	8.00e-05	7.74e-05
 4.23646e+19	4.95e-01	5.00e-01	5.43e-03	1.42e-06	0.00e+00	0.00e+00	0.00e+00	0.00e+00	0.00e+00	4.95e-01	8.16e-05	7.89e-05
 4.26436e+19	5.21e-01	4.75e-01	4.36e-03	1.21e-06	0.00e+00	0.00e+00	0.00e+00	0.00e+00	0.00e+00	5.21e-01	8.27e-05	8.00e-05
 4.28965e+19	5.44e-01	4.52e-01	3.56e-03	1.05e-06	0.00e+00	0.00e+00	0.00e+00	0.00e+00	0.00e+00	5.44e-01	8.34e-05	8.06e-05
 4.31405e+19	5.67e-01	4.30e-01	2.91e-03	9.20e-07	0.00e+00	0.00e+00	0.00e+00	0.00e+00	0.00e+00	5.67e-01	8.38e-05	8.09e-05
 4.33794e+19	5.88e-01	4.09e-01	2.38e-03	8.13e-07	0.00e+00	0.00e+00	0.00e+00	0.00e+00	0.00e+00	5.88e-01	8.38e-05	8.10e-05
 4.35679e+19	6.04e-01	3.94e-01	2.04e-03	7.42e-07	0.00e+00	0.00e+00	0.00e+00	0.00e+00	0.00e+00	6.04e-01	8.37e-05	8.08e-05
 4.36952e+19	6.15e-01	3.83e-01	1.84e-03	6.98e-07	0.00e+00	0.00e+00	0.00e+00	0.00e+00	0.00e+00	6.15e-01	8.36e-05	8.07e-05
 4.38152e+19	6.26e-01	3.73e-01	1.65e-03	6.57e-07	0.00e+00	0.00e+00	0.00e+00	0.00e+00	0.00e+00	6.25e-01	8.34e-05	8.04e-05
 4.39524e+19	6.38e-01	3.61e-01	1.46e-03	6.14e-07	0.00e+00	0.00e+00	0.00e+00	0.00e+00	0.00e+00	6.37e-01	8.30e-05	8.01e-05
 4.40994e+19	6.50e-01	3.49e-01	1.28e-03	5.73e-07	0.00e+00	0.00e+00	0.00e+00	0.00e+00	0.00e+00	6.50e-01	8.26e-05	7.97e-05
 4.42447e+19	6.62e-01	3.37e-01	1.13e-03	5.36e-07	0.00e+00	0.00e+00	0.00e+00	0.00e+00	0.00e+00	6.62e-01	8.21e-05	7.92e-05
 4.43867e+19	6.73e-01	3.26e-01	9.94e-04	5.03e-07	0.00e+00	0.00e+00	0.00e+00	0.00e+00	0.00e+00	6.73e-01	8.16e-05	7.86e-05
 4.45296e+19	6.84e-01	3.15e-01	8.73e-04	4.72e-07	0.00e+00	0.00e+00	0.00e+00	0.00e+00	0.00e+00	6.84e-01	8.10e-05	7.80e-05
 4.46729e+19	6.95e-01	3.04e-01	7.68e-04	4.43e-07	0.00e+00	0.00e+00	0.00e+00	0.00e+00	0.00e+00	6.95e-01	8.03e-05	7.73e-05
 4.48167e+19	7.06e-01	2.93e-01	6.73e-04	4.16e-07	0.00e+00	0.00e+00	0.00e+00	0.00e+00	0.00e+00	7.06e-01	7.95e-05	7.66e-05
 4.49611e+19	7.17e-01	2.83e-01	5.91e-04	3.92e-07	0.00e+00	0.00e+00	0.00e+00	0.00e+00	0.00e+00	7.16e-01	7.88e-05	7.58e-05
 4.51058e+19	7.27e-01	2.72e-01	5.17e-04	3.69e-07	0.00e+00	0.00e+00	0.00e+00	0.00e+00	0.00e+00	7.27e-01	7.79e-05	7.50e-05
 4.52521e+19	7.37e-01	2.63e-01	4.53e-04	3.48e-07	0.00e+00	0.00e+00	0.00e+00	0.00e+00	0.00e+00	7.37e-01	7.71e-05	7.41e-05
 4.54002e+19	7.47e-01	2.53e-01	3.96e-04	3.28e-07	0.00e+00	0.00e+00	0.00e+00	0.00e+00	0.00e+00	7.47e-01	7.61e-05	7.32e-05
 4.55499e+19	7.57e-01	2.43e-01	3.45e-04	3.09e-07	0.00e+00	0.00e+00	0.00e+00	0.00e+00	0.00e+00	7.56e-01	7.52e-05	7.22e-05
 4.56987e+19	7.66e-01	2.34e-01	3.02e-04	2.92e-07	0.00e+00	0.00e+00	0.00e+00	0.00e+00	0.00e+00	7.65e-01	7.42e-05	7.13e-05
 4.58493e+19	7.75e-01	2.25e-01	2.63e-04	2.75e-07	0.00e+00	0.00e+00	0.00e+00	0.00e+00	0.00e+00	7.75e-01	7.32e-05	7.02e-05
 4.60021e+19	7.83e-01	2.16e-01	2.30e-04	2.60e-07	0.00e+00	0.00e+00	0.00e+00	0.00e+00	0.00e+00	7.83e-01	7.22e-05	6.92e-05
 4.61575e+19	7.92e-01	2.08e-01	2.00e-04	2.46e-07	0.00e+00	0.00e+00	0.00e+00	0.00e+00	0.00e+00	7.92e-01	7.11e-05	6.82e-05
 4.63145e+19	8.00e-01	2.00e-01	1.75e-04	2.33e-07	0.00e+00	0.00e+00	0.00e+00	0.00e+00	0.00e+00	8.00e-01	7.00e-05	6.71e-05
 4.64734e+19	8.08e-01	1.92e-01	1.53e-04	2.20e-07	0.00e+00	0.00e+00	0.00e+00	0.00e+00	0.00e+00	8.08e-01	6.89e-05	6.60e-05
 4.66369e+19	8.16e-01	1.84e-01	1.33e-04	2.09e-07	0.00e+00	0.00e+00	0.00e+00	0.00e+00	0.00e+00	8.16e-01	6.78e-05	6.49e-05
 4.68047e+19	8.23e-01	1.77e-01	1.16e-04	1.98e-07	0.00e+00	0.00e+00	0.00e+00	0.00e+00	0.00e+00	8.23e-01	6.66e-05	6.38e-05
 4.69753e+19	8.30e-01	1.70e-01	1.01e-04	1.87e-07	0.00e+00	0.00e+00	0.00e+00	0.00e+00	0.00e+00	8.30e-01	6.55e-05	6.27e-05
 4.71474e+19	8.37e-01	1.63e-01	8.90e-05	1.78e-07	0.00e+00	0.00e+00	0.00e+00	0.00e+00	0.00e+00	8.37e-01	6.44e-05	6.17e-05
 4.73226e+19	8.43e-01	1.57e-01	7.83e-05	1.69e-07	0.00e+00	0.00e+00	0.00e+00	0.00e+00	0.00e+00	8.43e-01	6.34e-05	6.06e-05
 4.75015e+19	8.49e-01	1.51e-01	6.91e-05	1.61e-07	0.00e+00	0.00e+00	0.00e+00	0.00e+00	0.00e+00	8.49e-01	6.24e-05	5.96e-05
 4.76855e+19	8.55e-01	1.45e-01	6.12e-05	1.54e-07	0.00e+00	0.00e+00	0.00e+00	0.00e+00	0.00e+00	8.55e-01	6.14e-05	5.87e-05
 4.78753e+19	8.60e-01	1.40e-01	5.44e-05	1.47e-07	0.00e+00	0.00e+00	0.00e+00	0.00e+00	0.00e+00	8.60e-01	6.05e-05	5.77e-05
 4.80723e+19	8.65e-01	1.35e-01	4.86e-05	1.41e-07	0.00e+00	0.00e+00	0.00e+00	0.00e+00	0.00e+00	8.65e-01	5.96e-05	5.68e-05
 4.82775e+19	8.70e-01	1.30e-01	4.35e-05	1.35e-07	0.00e+00	0.00e+00	0.00e+00	0.00e+00	0.00e+00	8.70e-01	5.87e-05	5.60e-05
 4.84937e+19	8.74e-01	1.26e-01	3.92e-05	1.29e-07	0.00e+00	0.00e+00	0.00e+00	0.00e+00	0.00e+00	8.74e-01	5.79e-05	5.52e-05
 4.87258e+19	8.79e-01	1.21e-01	3.54e-05	1.24e-07	0.00e+00	0.00e+00	0.00e+00	0.00e+00	0.00e+00	8.78e-01	5.71e-05	5.44e-05
 4.89769e+19	8.82e-01	1.18e-01	3.22e-05	0.00e+00	0.00e+00	0.00e+00	0.00e+00	0.00e+00	0.00e+00	8.82e-01	5.63e-05	5.36e-05
 4.92504e+19	8.86e-01	1.14e-01	2.94e-05	0.00e+00	0.00e+00	0.00e+00	0.00e+00	0.00e+00	0.00e+00	8.86e-01	5.56e-05	5.29e-05
 4.95546e+19	8.89e-01	1.11e-01	2.69e-05	0.00e+00	0.00e+00	0.00e+00	0.00e+00	0.00e+00	0.00e+00	8.89e-01	5.49e-05	5.23e-05
 4.99027e+19	8.93e-01	1.07e-01	2.48e-05	0.00e+00	0.00e+00	0.00e+00	0.00e+00	0.00e+00	0.00e+00	8.93e-01	5.43e-05	5.16e-05
 5.02897e+19	8.95e-01	1.05e-01	2.30e-05	0.00e+00	0.00e+00	0.00e+00	0.00e+00	0.00e+00	0.00e+00	8.95e-01	5.37e-05	5.11e-05
 5.06885e+19	8.98e-01	1.02e-01	2.17e-05	0.00e+00	0.00e+00	0.00e+00	0.00e+00	0.00e+00	0.00e+00	8.98e-01	5.32e-05	5.06e-05
 5.10831e+19	9.00e-01	1.00e-01	2.07e-05	0.00e+00	0.00e+00	0.00e+00	0.00e+00	0.00e+00	0.00e+00	9.00e-01	5.29e-05	5.02e-05
 5.14745e+19	9.01e-01	9.87e-02	1.98e-05	0.00e+00	0.00e+00	0.00e+00	0.00e+00	0.00e+00	0.00e+00	9.01e-01	5.25e-05	4.99e-05
 5.19228e+19	9.03e-01	9.72e-02	1.90e-05	0.00e+00	0.00e+00	0.00e+00	0.00e+00	0.00e+00	0.00e+00	9.03e-01	5.22e-05	4.96e-05
 5.25057e+19	9.05e-01	9.54e-02	1.82e-05	0.00e+00	0.00e+00	0.00e+00	0.00e+00	0.00e+00	0.00e+00	9.05e-01	5.18e-05	4.92e-05
 5.32634e+19	9.07e-01	9.35e-02	1.73e-05	0.00e+00	0.00e+00	0.00e+00	0.00e+00	0.00e+00	0.00e+00	9.06e-01	5.14e-05	4.88e-05
 5.42485e+19	9.09e-01	9.12e-02	1.64e-05	0.00e+00	0.00e+00	0.00e+00	0.00e+00	0.00e+00	0.00e+00	9.09e-01	5.09e-05	4.83e-05
 5.55291e+19	9.11e-01	8.87e-02	1.54e-05	0.00e+00	0.00e+00	0.00e+00	0.00e+00	0.00e+00	0.00e+00	9.11e-01	5.04e-05	4.78e-05
 5.71938e+19	9.14e-01	8.58e-02	1.43e-05	0.00e+00	0.00e+00	0.00e+00	0.00e+00	0.00e+00	0.00e+00	9.14e-01	4.98e-05	4.72e-05
 5.91579e+19	9.17e-01	8.26e-02	1.33e-05	0.00e+00	0.00e+00	0.00e+00	0.00e+00	0.00e+00	0.00e+00	9.17e-01	4.91e-05	4.65e-05
 6.12286e+19	9.20e-01	7.97e-02	1.24e-05	0.00e+00	0.00e+00	0.00e+00	0.00e+00	0.00e+00	0.00e+00	9.20e-01	4.85e-05	4.59e-05
 6.33329e+19	9.23e-01	7.69e-02	1.16e-05	0.00e+00	0.00e+00	0.00e+00	0.00e+00	0.00e+00	0.00e+00	9.23e-01	4.79e-05	4.53e-05
 6.54976e+19	9.26e-01	7.42e-02	1.09e-05	0.00e+00	0.00e+00	0.00e+00	0.00e+00	0.00e+00	0.00e+00	9.26e-01	4.73e-05	4.47e-05
 6.77910e+19	9.28e-01	7.16e-02	1.03e-05	0.00e+00	0.00e+00	0.00e+00	0.00e+00	0.00e+00	0.00e+00	9.28e-01	4.67e-05	4.41e-05
 7.02235e+19	9.31e-01	6.91e-02	9.71e-06	0.00e+00	0.00e+00	0.00e+00	0.00e+00	0.00e+00	0.00e+00	9.31e-01	4.61e-05	4.35e-05
 7.27684e+19	9.33e-01	6.67e-02	9.22e-06	0.00e+00	0.00e+00	0.00e+00	0.00e+00	0.00e+00	0.00e+00	9.33e-01	4.56e-05	4.30e-05
 7.54237e+19	9.36e-01	6.43e-02	8.78e-06	0.00e+00	0.00e+00	0.00e+00	0.00e+00	0.00e+00	0.00e+00	9.36e-01	4.51e-05	4.25e-05
 7.82089e+19	9.38e-01	6.21e-02	8.38e-06	0.00e+00	0.00e+00	0.00e+00	0.00e+00	0.00e+00	0.00e+00	9.38e-01	4.46e-05	4.20e-05
 8.11355e+19	9.40e-01	5.99e-02	8.03e-06	0.00e+00	0.00e+00	0.00e+00	0.00e+00	0.00e+00	0.00e+00	9.40e-01	4.41e-05	4.15e-05
 8.42090e+19	9.42e-01	5.78e-02	7.72e-06	0.00e+00	0.00e+00	0.00e+00	0.00e+00	0.00e+00	0.00e+00	9.42e-01	4.36e-05	4.10e-05
 8.74333e+19	9.44e-01	5.58e-02	7.44e-06	0.00e+00	0.00e+00	0.00e+00	0.00e+00	0.00e+00	0.00e+00	9.44e-01	4.32e-05	4.05e-05
 9.08191e+19	9.46e-01	5.38e-02	7.19e-06	0.00e+00	0.00e+00	0.00e+00	0.00e+00	0.00e+00	0.00e+00	9.46e-01	4.27e-05	4.01e-05
 9.43757e+19	9.48e-01	5.19e-02	6.97e-06	0.00e+00	0.00e+00	0.00e+00	0.00e+00	0.00e+00	0.00e+00	9.48e-01	4.23e-05	3.96e-05
 9.81120e+19	9.50e-01	5.01e-02	6.77e-06	0.00e+00	0.00e+00	0.00e+00	0.00e+00	0.00e+00	0.00e+00	9.50e-01	4.19e-05	3.92e-05
 1.02037e+20	9.52e-01	4.84e-02	6.59e-06	0.00e+00	0.00e+00	0.00e+00	0.00e+00	0.00e+00	0.00e+00	9.52e-01	4.15e-05	3.88e-05
 1.06164e+20	9.53e-01	4.67e-02	6.43e-06	0.00e+00	0.00e+00	0.00e+00	0.00e+00	0.00e+00	0.00e+00	9.53e-01	4.11e-05	3.84e-05
 1.10502e+20	9.55e-01	4.50e-02	6.28e-06	0.00e+00	0.00e+00	0.00e+00	0.00e+00	0.00e+00	0.00e+00	9.55e-01	4.07e-05	3.80e-05
 1.15065e+20	9.57e-01	4.35e-02	6.15e-06	0.00e+00	0.00e+00	0.00e+00	0.00e+00	0.00e+00	0.00e+00	9.56e-01	4.03e-05	3.77e-05
 1.19866e+20	9.58e-01	4.19e-02	6.03e-06	0.00e+00	0.00e+00	0.00e+00	0.00e+00	0.00e+00	0.00e+00	9.58e-01	4.00e-05	3.73e-05
 1.24921e+20	9.59e-01	4.05e-02	5.92e-06	0.00e+00	0.00e+00	0.00e+00	0.00e+00	0.00e+00	0.00e+00	9.59e-01	3.97e-05	3.70e-05
 1.30239e+20	9.61e-01	3.91e-02	5.83e-06	0.00e+00	0.00e+00	0.00e+00	0.00e+00	0.00e+00	0.00e+00	9.61e-01	3.93e-05	3.66e-05
 1.35867e+20	9.62e-01	3.77e-02	5.74e-06	0.00e+00	0.00e+00	0.00e+00	0.00e+00	0.00e+00	0.00e+00	9.62e-01	3.90e-05	3.63e-05
 1.41809e+20	9.64e-01	3.64e-02	5.65e-06	0.00e+00	0.00e+00	0.00e+00	0.00e+00	0.00e+00	0.00e+00	9.64e-01	3.87e-05	3.60e-05
 1.48037e+20	9.65e-01	3.51e-02	5.58e-06	0.00e+00	0.00e+00	0.00e+00	0.00e+00	0.00e+00	0.00e+00	9.65e-01	3.84e-05	3.57e-05
 1.54597e+20	9.66e-01	3.39e-02	5.51e-06	0.00e+00	0.00e+00	0.00e+00	0.00e+00	0.00e+00	0.00e+00	9.66e-01	3.81e-05	3.54e-05
 1.61552e+20	9.67e-01	3.27e-02	5.45e-06	0.00e+00	0.00e+00	0.00e+00	0.00e+00	0.00e+00	0.00e+00	9.67e-01	3.79e-05	3.51e-05
 1.68934e+20	9.68e-01	3.16e-02	5.39e-06	0.00e+00	0.00e+00	0.00e+00	0.00e+00	0.00e+00	0.00e+00	9.68e-01	3.76e-05	3.48e-05
 1.76722e+20	9.70e-01	3.05e-02	5.33e-06	0.00e+00	0.00e+00	0.00e+00	0.00e+00	0.00e+00	0.00e+00	9.69e-01	3.74e-05	3.45e-05
 1.84931e+20	9.71e-01	2.94e-02	5.28e-06	0.00e+00	0.00e+00	0.00e+00	0.00e+00	0.00e+00	0.00e+00	9.71e-01	3.71e-05	3.43e-05
 1.93648e+20	9.72e-01	2.84e-02	5.23e-06	0.00e+00	0.00e+00	0.00e+00	0.00e+00	0.00e+00	0.00e+00	9.72e-01	3.69e-05	3.40e-05
 2.02905e+20	9.73e-01	2.74e-02	5.18e-06	0.00e+00	0.00e+00	0.00e+00	0.00e+00	0.00e+00	0.00e+00	9.73e-01	3.67e-05	3.38e-05
 2.12773e+20	9.74e-01	2.64e-02	5.14e-06	0.00e+00	0.00e+00	0.00e+00	0.00e+00	0.00e+00	0.00e+00	9.73e-01	3.65e-05	3.35e-05
 2.23248e+20	9.74e-01	2.55e-02	5.09e-06	0.00e+00	0.00e+00	0.00e+00	0.00e+00	0.00e+00	0.00e+00	9.74e-01	3.63e-05	3.33e-05
 2.34313e+20	9.75e-01	2.46e-02	5.05e-06	0.00e+00	0.00e+00	0.00e+00	0.00e+00	0.00e+00	0.00e+00	9.75e-01	3.61e-05	3.31e-05
 2.46116e+20	9.76e-01	2.38e-02	5.01e-06	0.00e+00	0.00e+00	0.00e+00	0.00e+00	0.00e+00	0.00e+00	9.76e-01	3.59e-05	3.29e-05
 2.58733e+20	9.77e-01	2.30e-02	4.96e-06	0.00e+00	0.00e+00	0.00e+00	0.00e+00	0.00e+00	0.00e+00	9.77e-01	3.57e-05	3.27e-05
 2.72212e+20	9.78e-01	2.22e-02	4.92e-06	0.00e+00	0.00e+00	0.00e+00	0.00e+00	0.00e+00	0.00e+00	9.78e-01	3.55e-05	3.24e-05
 2.86598e+20	9.79e-01	2.14e-02	4.88e-06	0.00e+00	0.00e+00	0.00e+00	0.00e+00	0.00e+00	0.00e+00	9.79e-01	3.54e-05	3.22e-05
 3.02035e+20	9.79e-01	2.06e-02	4.84e-06	0.00e+00	0.00e+00	0.00e+00	0.00e+00	0.00e+00	0.00e+00	9.79e-01	3.52e-05	3.20e-05
 3.18642e+20	9.80e-01	1.99e-02	4.79e-06	0.00e+00	0.00e+00	0.00e+00	0.00e+00	0.00e+00	0.00e+00	9.80e-01	3.50e-05	3.18e-05
 3.36446e+20	9.81e-01	1.93e-02	4.75e-06	0.00e+00	0.00e+00	0.00e+00	0.00e+00	0.00e+00	0.00e+00	9.81e-01	3.49e-05	3.16e-05
 3.55410e+20	9.81e-01	1.86e-02	4.70e-06	0.00e+00	0.00e+00	0.00e+00	0.00e+00	0.00e+00	0.00e+00	9.81e-01	3.47e-05	3.14e-05
 3.76192e+20	9.82e-01	1.80e-02	4.66e-06	0.00e+00	0.00e+00	0.00e+00	0.00e+00	0.00e+00	0.00e+00	9.82e-01	3.46e-05	3.12e-05
 3.98782e+20	9.83e-01	1.73e-02	4.61e-06	0.00e+00	0.00e+00	0.00e+00	0.00e+00	0.00e+00	0.00e+00	9.83e-01	3.45e-05	3.10e-05
 4.23005e+20	9.83e-01	1.67e-02	4.56e-06	0.00e+00	0.00e+00	0.00e+00	0.00e+00	0.00e+00	0.00e+00	9.83e-01	3.43e-05	3.08e-05
 4.49420e+20	9.84e-01	1.61e-02	4.51e-06	0.00e+00	0.00e+00	0.00e+00	0.00e+00	0.00e+00	0.00e+00	9.84e-01	3.42e-05	3.06e-05
 4.78043e+20	9.84e-01	1.56e-02	4.45e-06	0.00e+00	0.00e+00	0.00e+00	0.00e+00	0.00e+00	0.00e+00	9.84e-01	3.41e-05	3.04e-05
 5.09193e+20	9.85e-01	1.50e-02	4.40e-06	0.00e+00	0.00e+00	0.00e+00	0.00e+00	0.00e+00	0.00e+00	9.85e-01	3.39e-05	3.02e-05
 5.43130e+20	9.85e-01	1.45e-02	4.34e-06	0.00e+00	0.00e+00	0.00e+00	0.00e+00	0.00e+00	0.00e+00	9.85e-01	3.38e-05	3.00e-05
 5.80198e+20	9.86e-01	1.40e-02	4.28e-06	0.00e+00	0.00e+00	0.00e+00	0.00e+00	0.00e+00	0.00e+00	9.86e-01	3.37e-05	2.98e-05
 6.20932e+20	9.86e-01	1.35e-02	4.21e-06	0.00e+00	0.00e+00	0.00e+00	0.00e+00	0.00e+00	0.00e+00	9.86e-01	3.36e-05	2.96e-05
 6.65946e+20	9.87e-01	1.30e-02	4.14e-06	0.00e+00	0.00e+00	0.00e+00	0.00e+00	0.00e+00	0.00e+00	9.87e-01	3.34e-05	2.94e-05
 7.15612e+20	9.87e-01	1.26e-02	4.07e-06	0.00e+00	0.00e+00	0.00e+00	0.00e+00	0.00e+00	0.00e+00	9.87e-01	3.33e-05	2.92e-05
 7.68779e+20	9.88e-01	1.21e-02	3.99e-06	0.00e+00	0.00e+00	0.00e+00	0.00e+00	0.00e+00	0.00e+00	9.88e-01	3.31e-05	2.90e-05
 8.23348e+20	9.88e-01	1.17e-02	3.91e-06	0.00e+00	0.00e+00	0.00e+00	0.00e+00	0.00e+00	0.00e+00	9.88e-01	3.30e-05	2.88e-05
 8.78125e+20	9.89e-01	1.14e-02	3.83e-06	0.00e+00	0.00e+00	0.00e+00	0.00e+00	0.00e+00	0.00e+00	9.89e-01	3.28e-05	2.87e-05
 9.33235e+20	9.89e-01	1.11e-02	3.76e-06	0.00e+00	0.00e+00	0.00e+00	0.00e+00	0.00e+00	0.00e+00	9.89e-01	3.27e-05	2.85e-05
 9.89039e+20	9.89e-01	1.08e-02	3.68e-06	0.00e+00	0.00e+00	0.00e+00	0.00e+00	0.00e+00	0.00e+00	9.89e-01	3.25e-05	2.83e-05
 1.04537e+21	9.89e-01	1.05e-02	3.61e-06	0.00e+00	0.00e+00	0.00e+00	0.00e+00	0.00e+00	0.00e+00	9.89e-01	3.23e-05	2.82e-05
 1.10191e+21	9.90e-01	1.02e-02	3.54e-06	0.00e+00	0.00e+00	0.00e+00	0.00e+00	0.00e+00	0.00e+00	9.90e-01	3.21e-05	2.80e-05
 1.15809e+21	9.90e-01	1.00e-02	3.47e-06	0.00e+00	0.00e+00	0.00e+00	0.00e+00	0.00e+00	0.00e+00	9.90e-01	3.19e-05	2.79e-05
 1.21304e+21	9.90e-01	9.79e-03	3.41e-06	0.00e+00	0.00e+00	0.00e+00	0.00e+00	0.00e+00	0.00e+00	9.90e-01	3.16e-05	2.78e-05
 1.26577e+21	9.90e-01	9.57e-03	3.36e-06	0.00e+00	0.00e+00	0.00e+00	0.00e+00	0.00e+00	0.00e+00	9.90e-01	3.13e-05	2.76e-05
 1.31618e+21	9.91e-01	9.36e-03	3.31e-06	0.00e+00	0.00e+00	0.00e+00	0.00e+00	0.00e+00	0.00e+00	9.91e-01	3.11e-05	2.75e-05
 1.36477e+21	9.91e-01	9.15e-03	3.26e-06	0.00e+00	0.00e+00	0.00e+00	0.00e+00	0.00e+00	0.00e+00	9.91e-01	3.08e-05	2.74e-05
 1.41110e+21	9.91e-01	8.93e-03	3.22e-06	0.00e+00	0.00e+00	0.00e+00	0.00e+00	0.00e+00	0.00e+00	9.91e-01	3.05e-05	2.72e-05
