#depth	He	He+	He+2
 1.06715e+17	3.39e-03	3.52e-01	6.45e-01
 6.40289e+17	3.38e-03	3.52e-01	6.45e-01
 2.77459e+18	3.37e-03	3.52e-01	6.45e-01
 1.13118e+19	3.36e-03	3.56e-01	6.41e-01
 2.70202e+19	3.31e-03	3.58e-01	6.38e-01
 4.74412e+19	3.31e-03	3.65e-01	6.31e-01
 7.39884e+19	3.38e-03	3.78e-01	6.19e-01
 1.08500e+20	3.54e-03	3.99e-01	5.98e-01
 1.53365e+20	3.86e-03	4.31e-01	5.65e-01
 2.05963e+20	4.34e-03	4.74e-01	5.22e-01
 2.56131e+20	4.92e-03	5.19e-01	4.76e-01
 2.94777e+20	5.46e-03	5.56e-01	4.39e-01
 3.22680e+20	5.91e-03	5.83e-01	4.12e-01
 3.46873e+20	6.37e-03	6.06e-01	3.87e-01
 3.74492e+20	6.96e-03	6.34e-01	3.59e-01
 4.04012e+20	7.61e-03	6.60e-01	3.33e-01
 4.27826e+20	8.18e-03	6.80e-01	3.12e-01
 4.47078e+20	8.66e-03	6.96e-01	2.95e-01
 4.68575e+20	9.29e-03	7.13e-01	2.77e-01
 4.92389e+20	1.00e-02	7.30e-01	2.60e-01
 5.13432e+20	1.07e-02	7.44e-01	2.45e-01
 5.31888e+20	1.14e-02	7.56e-01	2.33e-01
 5.52765e+20	1.22e-02	7.68e-01	2.19e-01
 5.75510e+20	1.32e-02	7.81e-01	2.06e-01
 5.95796e+20	1.42e-02	7.91e-01	1.95e-01
 6.14097e+20	1.52e-02	7.99e-01	1.86e-01
 6.34707e+20	1.65e-02	8.07e-01	1.76e-01
 6.57223e+20	1.82e-02	8.16e-01	1.66e-01
 6.77243e+20	1.99e-02	8.22e-01	1.58e-01
 6.94966e+20	2.16e-02	8.27e-01	1.52e-01
 7.12094e+20	2.36e-02	8.31e-01	1.45e-01
 7.28763e+20	2.58e-02	8.34e-01	1.40e-01
 7.44281e+20	2.83e-02	8.37e-01	1.35e-01
 7.58508e+20	3.09e-02	8.39e-01	1.31e-01
 7.71779e+20	3.36e-02	8.40e-01	1.27e-01
 7.84536e+20	3.68e-02	8.40e-01	1.23e-01
 7.96835e+20	3.99e-02	8.40e-01	1.20e-01
 8.10623e+20	4.43e-02	8.39e-01	1.17e-01
 8.24877e+20	4.94e-02	8.37e-01	1.14e-01
 8.36451e+20	5.42e-02	8.34e-01	1.12e-01
 8.46476e+20	5.88e-02	8.31e-01	1.10e-01
 8.57774e+20	6.50e-02	8.27e-01	1.08e-01
 8.70392e+20	7.22e-02	8.22e-01	1.06e-01
 8.82551e+20	8.04e-02	8.16e-01	1.04e-01
 8.94390e+20	8.96e-02	8.08e-01	1.02e-01
 9.07300e+20	1.00e-01	7.99e-01	1.01e-01
 9.20405e+20	1.13e-01	7.88e-01	9.96e-02
 9.31847e+20	1.25e-01	7.76e-01	9.84e-02
 9.42426e+20	1.37e-01	7.65e-01	9.76e-02
 9.52528e+20	1.50e-01	7.53e-01	9.65e-02
 9.62419e+20	1.63e-01	7.41e-01	9.56e-02
 9.72222e+20	1.78e-01	7.28e-01	9.46e-02
 9.81688e+20	1.92e-01	7.14e-01	9.37e-02
 9.89378e+20	2.04e-01	7.03e-01	9.28e-02
 9.94855e+20	2.13e-01	6.95e-01	9.22e-02
 1.00021e+21	2.22e-01	6.86e-01	9.15e-02
 1.00648e+21	2.34e-01	6.76e-01	9.06e-02
 1.01333e+21	2.46e-01	6.64e-01	8.97e-02
 1.02032e+21	2.59e-01	6.52e-01	8.85e-02
 1.02737e+21	2.72e-01	6.41e-01	8.76e-02
 1.03474e+21	2.86e-01	6.28e-01	8.63e-02
 1.04259e+21	3.01e-01	6.14e-01	8.49e-02
 1.05073e+21	3.17e-01	6.00e-01	8.34e-02
 1.05933e+21	3.33e-01	5.86e-01	8.18e-02
 1.06867e+21	3.50e-01	5.70e-01	7.99e-02
 1.07871e+21	3.68e-01	5.54e-01	7.79e-02
 1.08966e+21	3.87e-01	5.37e-01	7.56e-02
 1.10170e+21	4.07e-01	5.20e-01	7.33e-02
 1.11526e+21	4.27e-01	5.02e-01	7.05e-02
 1.13062e+21	4.47e-01	4.85e-01	6.76e-02
 1.14746e+21	4.67e-01	4.69e-01	6.47e-02
 1.16480e+21	4.83e-01	4.55e-01	6.19e-02
 1.18450e+21	5.00e-01	4.41e-01	5.89e-02
 1.21010e+21	5.18e-01	4.27e-01	5.54e-02
 1.24338e+21	5.36e-01	4.12e-01	5.14e-02
 1.28470e+21	5.55e-01	3.98e-01	4.73e-02
 1.33222e+21	5.73e-01	3.84e-01	4.32e-02
 1.38443e+21	5.91e-01	3.70e-01	3.93e-02
 1.44084e+21	6.08e-01	3.56e-01	3.57e-02
 1.50102e+21	6.25e-01	3.43e-01	3.23e-02
 1.56460e+21	6.41e-01	3.30e-01	2.93e-02
 1.63146e+21	6.57e-01	3.16e-01	2.65e-02
 1.70189e+21	6.73e-01	3.04e-01	2.39e-02
 1.77605e+21	6.87e-01	2.91e-01	2.16e-02
 1.85385e+21	7.02e-01	2.79e-01	1.95e-02
 1.93549e+21	7.16e-01	2.67e-01	1.76e-02
 2.02133e+21	7.29e-01	2.55e-01	1.59e-02
 2.11169e+21	7.42e-01	2.44e-01	1.43e-02
 2.20671e+21	7.54e-01	2.33e-01	1.29e-02
 2.30647e+21	7.66e-01	2.22e-01	1.16e-02
 2.41117e+21	7.78e-01	2.12e-01	1.05e-02
 2.52122e+21	7.89e-01	2.02e-01	9.41e-03
 2.63689e+21	7.99e-01	1.93e-01	8.46e-03
 2.75839e+21	8.09e-01	1.83e-01	7.60e-03
 2.88599e+21	8.19e-01	1.74e-01	6.83e-03
 3.01981e+21	8.28e-01	1.66e-01	6.13e-03
 3.16061e+21	8.37e-01	1.58e-01	5.50e-03
 3.30889e+21	8.45e-01	1.50e-01	4.93e-03
 3.46486e+21	8.53e-01	1.42e-01	4.42e-03
 3.62891e+21	8.61e-01	1.35e-01	3.96e-03
 3.80055e+21	8.68e-01	1.28e-01	3.55e-03
 3.98102e+21	8.75e-01	1.22e-01	3.18e-03
 4.17253e+21	8.82e-01	1.16e-01	2.85e-03
 4.37539e+21	8.88e-01	1.09e-01	2.54e-03
 4.58980e+21	8.94e-01	1.04e-01	2.27e-03
 4.81671e+21	9.00e-01	9.82e-02	2.03e-03
 5.05776e+21	9.05e-01	9.29e-02	1.81e-03
 5.31483e+21	9.10e-01	8.79e-02	1.61e-03
 5.58961e+21	9.15e-01	8.31e-02	1.44e-03
 5.88418e+21	9.20e-01	7.85e-02	1.28e-03
 6.20100e+21	9.25e-01	7.42e-02	1.14e-03
 6.54267e+21	9.29e-01	7.00e-02	1.01e-03
 6.91453e+21	9.33e-01	6.60e-02	9.00e-04
 7.32046e+21	9.37e-01	6.23e-02	8.00e-04
 7.76673e+21	9.41e-01	5.87e-02	7.10e-04
 8.22963e+21	9.44e-01	5.56e-02	6.36e-04
 8.66397e+21	9.46e-01	5.31e-02	5.79e-04
 9.06619e+21	9.48e-01	5.10e-02	5.35e-04
 9.51692e+21	9.51e-01	4.89e-02	4.92e-04
 1.00103e+22	9.53e-01	4.70e-02	4.54e-04
 1.04436e+22	9.54e-01	4.55e-02	4.26e-04
 1.08168e+22	9.55e-01	4.43e-02	4.05e-04
 1.12276e+22	9.56e-01	4.31e-02	3.84e-04
 1.17617e+22	9.58e-01	4.18e-02	3.60e-04
 1.22984e+22	9.59e-01	4.06e-02	3.41e-04
 1.27058e+22	9.60e-01	3.99e-02	3.29e-04
 1.31027e+22	9.60e-01	3.92e-02	3.18e-04
 1.36186e+22	9.61e-01	3.84e-02	3.05e-04
 1.41573e+22	9.62e-01	3.77e-02	2.94e-04
 1.46006e+22	9.63e-01	3.71e-02	2.86e-04
 1.50518e+22	9.63e-01	3.66e-02	2.78e-04
 1.56384e+22	9.64e-01	3.60e-02	2.69e-04
 1.62516e+22	9.64e-01	3.55e-02	2.62e-04
 1.67692e+22	9.65e-01	3.51e-02	2.56e-04
 1.73122e+22	9.65e-01	3.47e-02	2.51e-04
 1.80181e+22	9.65e-01	3.43e-02	2.44e-04
 1.89357e+22	9.66e-01	3.38e-02	2.38e-04
 1.99723e+22	9.66e-01	3.34e-02	2.32e-04
 2.10086e+22	9.67e-01	3.30e-02	2.27e-04
 2.19934e+22	9.67e-01	3.27e-02	2.24e-04
 2.28797e+22	9.67e-01	3.25e-02	2.21e-04
 2.36774e+22	9.68e-01	3.23e-02	2.18e-04
 2.43954e+22	9.68e-01	3.22e-02	2.16e-04
 2.50415e+22	9.68e-01	3.21e-02	2.16e-04
 2.56230e+22	9.68e-01	3.20e-02	2.14e-04
 2.61464e+22	9.68e-01	3.19e-02	2.13e-04
 2.66174e+22	9.68e-01	3.18e-02	2.12e-04
 2.70414e+22	9.68e-01	3.18e-02	2.12e-04
 2.74229e+22	9.68e-01	3.17e-02	2.11e-04
 2.77663e+22	9.68e-01	3.17e-02	2.11e-04
 2.80832e+22	9.68e-01	3.17e-02	2.10e-04
 2.83918e+22	9.68e-01	3.17e-02	2.10e-04
 2.87004e+22	9.68e-01	3.16e-02	2.10e-04
 2.90089e+22	9.68e-01	3.16e-02	2.10e-04
 2.93175e+22	9.68e-01	3.16e-02	2.10e-04
 2.96261e+22	9.68e-01	3.16e-02	2.10e-04
 2.99346e+22	9.68e-01	3.16e-02	2.10e-04
 3.02432e+22	9.68e-01	3.16e-02	2.12e-04
 3.05169e+22	9.68e-01	3.17e-02	2.13e-04
 3.06899e+22	9.68e-01	3.18e-02	2.16e-04
 3.07635e+22	9.68e-01	3.19e-02	2.17e-04
 3.07984e+22	9.68e-01	3.19e-02	2.18e-04
 3.08324e+22	9.68e-01	3.19e-02	2.18e-04
 3.08542e+22	9.68e-01	3.19e-02	2.19e-04
