#depth	He	He+	He+2
 3.04173e+15	4.05e-03	4.78e-01	5.18e-01
 1.82504e+16	4.04e-03	4.78e-01	5.18e-01
 7.90851e+16	4.03e-03	4.78e-01	5.18e-01
 3.22424e+17	4.04e-03	4.83e-01	5.13e-01
 7.70167e+17	3.98e-03	4.85e-01	5.11e-01
 1.35223e+18	4.00e-03	4.95e-01	5.01e-01
 2.10892e+18	4.10e-03	5.13e-01	4.83e-01
 3.09261e+18	4.32e-03	5.41e-01	4.54e-01
 4.37141e+18	4.70e-03	5.84e-01	4.11e-01
 6.03385e+18	5.36e-03	6.46e-01	3.48e-01
 8.11072e+18	6.33e-03	7.23e-01	2.71e-01
 9.98321e+18	7.23e-03	7.83e-01	2.10e-01
 1.12510e+19	7.87e-03	8.17e-01	1.75e-01
 1.22645e+19	8.41e-03	8.40e-01	1.51e-01
 1.33706e+19	9.04e-03	8.62e-01	1.29e-01
 1.45360e+19	9.68e-03	8.80e-01	1.10e-01
 1.55267e+19	1.02e-02	8.92e-01	9.73e-02
 1.64052e+19	1.08e-02	9.02e-01	8.74e-02
 1.73893e+19	1.14e-02	9.11e-01	7.76e-02
 1.84202e+19	1.21e-02	9.19e-01	6.93e-02
 1.92743e+19	1.28e-02	9.24e-01	6.35e-02
 2.00095e+19	1.34e-02	9.28e-01	5.90e-02
 2.08272e+19	1.42e-02	9.32e-01	5.42e-02
 2.16959e+19	1.52e-02	9.35e-01	5.01e-02
 2.24363e+19	1.62e-02	9.37e-01	4.70e-02
 2.30802e+19	1.71e-02	9.38e-01	4.44e-02
 2.37929e+19	1.84e-02	9.40e-01	4.16e-02
 2.45546e+19	1.99e-02	9.41e-01	3.91e-02
 2.52056e+19	2.15e-02	9.41e-01	3.71e-02
 2.57740e+19	2.31e-02	9.41e-01	3.55e-02
 2.63256e+19	2.50e-02	9.41e-01	3.40e-02
 2.68597e+19	2.71e-02	9.40e-01	3.26e-02
 2.73485e+19	2.94e-02	9.39e-01	3.15e-02
 2.77883e+19	3.18e-02	9.38e-01	3.05e-02
 2.81938e+19	3.44e-02	9.36e-01	2.96e-02
 2.85725e+19	3.72e-02	9.34e-01	2.88e-02
 2.89265e+19	4.00e-02	9.32e-01	2.82e-02
 2.93197e+19	4.38e-02	9.29e-01	2.74e-02
 2.97218e+19	4.82e-02	9.25e-01	2.68e-02
 3.00388e+19	5.22e-02	9.21e-01	2.63e-02
 3.03036e+19	5.59e-02	9.18e-01	2.60e-02
 3.05970e+19	6.08e-02	9.14e-01	2.56e-02
 3.09158e+19	6.65e-02	9.08e-01	2.52e-02
 3.12002e+19	7.22e-02	9.03e-01	2.49e-02
 3.14585e+19	7.78e-02	8.97e-01	2.47e-02
 3.17506e+19	8.52e-02	8.90e-01	2.45e-02
 3.20643e+19	9.39e-02	8.82e-01	2.43e-02
 3.23418e+19	1.03e-01	8.73e-01	2.41e-02
 3.25990e+19	1.11e-01	8.65e-01	2.40e-02
 3.28663e+19	1.21e-01	8.55e-01	2.39e-02
 3.31511e+19	1.33e-01	8.43e-01	2.38e-02
 3.34289e+19	1.46e-01	8.31e-01	2.38e-02
 3.36802e+19	1.58e-01	8.18e-01	2.38e-02
 3.39114e+19	1.70e-01	8.06e-01	2.37e-02
 3.41361e+19	1.83e-01	7.93e-01	2.37e-02
 3.43181e+19	1.94e-01	7.83e-01	2.37e-02
 3.44415e+19	2.01e-01	7.75e-01	2.37e-02
 3.45563e+19	2.09e-01	7.67e-01	2.37e-02
 3.46873e+19	2.18e-01	7.58e-01	2.36e-02
 3.48287e+19	2.28e-01	7.48e-01	2.36e-02
 3.49681e+19	2.39e-01	7.38e-01	2.36e-02
 3.51046e+19	2.49e-01	7.28e-01	2.36e-02
 3.52427e+19	2.60e-01	7.17e-01	2.35e-02
 3.53815e+19	2.71e-01	7.06e-01	2.35e-02
 3.55210e+19	2.83e-01	6.94e-01	2.34e-02
 3.56614e+19	2.95e-01	6.82e-01	2.34e-02
 3.58025e+19	3.08e-01	6.69e-01	2.33e-02
 3.59456e+19	3.21e-01	6.56e-01	2.33e-02
 3.60908e+19	3.35e-01	6.42e-01	2.31e-02
 3.62364e+19	3.49e-01	6.28e-01	2.30e-02
 3.63828e+19	3.63e-01	6.14e-01	2.29e-02
 3.65326e+19	3.78e-01	5.99e-01	2.28e-02
 3.66856e+19	3.94e-01	5.83e-01	2.26e-02
 3.68397e+19	4.10e-01	5.67e-01	2.24e-02
 3.69957e+19	4.27e-01	5.51e-01	2.22e-02
 3.71564e+19	4.44e-01	5.34e-01	2.19e-02
 3.73221e+19	4.62e-01	5.17e-01	2.16e-02
 3.74911e+19	4.79e-01	4.99e-01	2.13e-02
 3.76632e+19	4.98e-01	4.81e-01	2.10e-02
 3.78413e+19	5.16e-01	4.63e-01	2.06e-02
 3.80256e+19	5.35e-01	4.45e-01	2.02e-02
 3.82144e+19	5.54e-01	4.26e-01	1.97e-02
 3.84073e+19	5.73e-01	4.08e-01	1.93e-02
 3.86074e+19	5.91e-01	3.90e-01	1.88e-02
 3.88173e+19	6.09e-01	3.72e-01	1.82e-02
 3.90391e+19	6.27e-01	3.55e-01	1.76e-02
 3.92754e+19	6.45e-01	3.38e-01	1.70e-02
 3.95303e+19	6.63e-01	3.21e-01	1.64e-02
 3.98088e+19	6.80e-01	3.04e-01	1.57e-02
 4.01181e+19	6.96e-01	2.89e-01	1.50e-02
 4.04680e+19	7.12e-01	2.74e-01	1.43e-02
 4.08582e+19	7.26e-01	2.60e-01	1.36e-02
 4.12635e+19	7.38e-01	2.49e-01	1.30e-02
 4.16642e+19	7.48e-01	2.40e-01	1.24e-02
 4.20611e+19	7.55e-01	2.33e-01	1.19e-02
 4.25158e+19	7.63e-01	2.26e-01	1.14e-02
 4.31068e+19	7.71e-01	2.18e-01	1.08e-02
 4.38751e+19	7.79e-01	2.10e-01	1.02e-02
 4.48740e+19	7.88e-01	2.02e-01	9.44e-03
 4.61659e+19	7.98e-01	1.93e-01	8.60e-03
 4.77022e+19	8.08e-01	1.84e-01	7.77e-03
 4.93318e+19	8.17e-01	1.76e-01	7.03e-03
 5.09859e+19	8.26e-01	1.68e-01	6.37e-03
 5.27021e+19	8.34e-01	1.60e-01	5.77e-03
 5.45098e+19	8.42e-01	1.53e-01	5.22e-03
 5.63973e+19	8.50e-01	1.46e-01	4.72e-03
 5.83562e+19	8.57e-01	1.39e-01	4.28e-03
 6.03916e+19	8.64e-01	1.33e-01	3.87e-03
 6.24962e+19	8.70e-01	1.26e-01	3.51e-03
 6.46831e+19	8.76e-01	1.21e-01	3.18e-03
 6.69713e+19	8.82e-01	1.15e-01	2.88e-03
 6.93443e+19	8.88e-01	1.10e-01	2.61e-03
 7.17975e+19	8.93e-01	1.04e-01	2.36e-03
 7.43345e+19	8.98e-01	9.96e-02	2.14e-03
 7.69670e+19	9.03e-01	9.49e-02	1.93e-03
 7.97168e+19	9.08e-01	9.04e-02	1.75e-03
 8.25640e+19	9.12e-01	8.62e-02	1.58e-03
 8.54763e+19	9.16e-01	8.22e-02	1.44e-03
 8.84752e+19	9.20e-01	7.85e-02	1.30e-03
 9.15852e+19	9.24e-01	7.48e-02	1.18e-03
 9.48067e+19	9.28e-01	7.14e-02	1.07e-03
 9.81247e+19	9.31e-01	6.82e-02	9.71e-04
 1.01546e+20	9.34e-01	6.50e-02	8.81e-04
 1.05090e+20	9.37e-01	6.20e-02	7.99e-04
 1.08755e+20	9.40e-01	5.92e-02	7.24e-04
 1.12530e+20	9.43e-01	5.65e-02	6.57e-04
 1.16414e+20	9.46e-01	5.39e-02	5.96e-04
 1.20351e+20	9.48e-01	5.15e-02	5.43e-04
 1.24236e+20	9.50e-01	4.93e-02	4.96e-04
 1.28026e+20	9.52e-01	4.73e-02	4.55e-04
 1.31740e+20	9.54e-01	4.55e-02	4.20e-04
 1.35390e+20	9.56e-01	4.39e-02	3.88e-04
 1.38945e+20	9.57e-01	4.23e-02	3.60e-04
 1.42379e+20	9.59e-01	4.09e-02	3.35e-04
 1.45677e+20	9.60e-01	3.96e-02	3.14e-04
 1.48833e+20	9.61e-01	3.85e-02	2.95e-04
 1.51841e+20	9.62e-01	3.74e-02	2.78e-04
