#depth	N	N+	N+2	N+3	N+4	N+5	N+6	N+7
 9.31698e+16	8.90e-07	5.84e-04	8.87e-02	4.11e-01	3.34e-01	1.65e-01	7.74e-04	5.24e-07
 5.59019e+17	8.85e-07	5.83e-04	8.88e-02	4.11e-01	3.34e-01	1.64e-01	7.72e-04	5.22e-07
 2.42242e+18	8.69e-07	5.83e-04	8.95e-02	4.13e-01	3.34e-01	1.63e-01	7.65e-04	5.16e-07
 9.87600e+18	8.33e-07	5.86e-04	9.25e-02	4.18e-01	3.30e-01	1.58e-01	7.37e-04	4.94e-07
 2.35906e+19	7.53e-07	5.71e-04	9.48e-02	4.24e-01	3.27e-01	1.53e-01	7.17e-04	4.79e-07
 4.14196e+19	7.71e-07	5.93e-04	1.00e-01	4.33e-01	3.22e-01	1.44e-01	6.66e-04	4.39e-07
 6.45972e+19	8.49e-07	6.51e-04	1.09e-01	4.45e-01	3.13e-01	1.32e-01	5.92e-04	3.81e-07
 9.47282e+19	1.00e-06	7.63e-04	1.24e-01	4.62e-01	2.98e-01	1.15e-01	4.99e-04	3.11e-07
 1.24533e+20	1.16e-06	8.80e-04	1.40e-01	4.75e-01	2.83e-01	1.01e-01	4.26e-04	2.58e-07
 1.47588e+20	1.33e-06	1.01e-03	1.55e-01	4.84e-01	2.70e-01	9.06e-02	3.71e-04	2.19e-07
 1.67464e+20	1.53e-06	1.15e-03	1.70e-01	4.91e-01	2.56e-01	8.12e-02	3.23e-04	1.87e-07
 1.86130e+20	1.75e-06	1.32e-03	1.87e-01	4.96e-01	2.43e-01	7.26e-02	2.82e-04	1.59e-07
 2.03657e+20	2.00e-06	1.50e-03	2.05e-01	4.99e-01	2.29e-01	6.48e-02	2.45e-04	1.36e-07
 2.20039e+20	2.28e-06	1.70e-03	2.24e-01	5.01e-01	2.16e-01	5.78e-02	2.13e-04	0.00e+00
 2.35478e+20	2.58e-06	1.93e-03	2.43e-01	5.01e-01	2.02e-01	5.14e-02	1.85e-04	0.00e+00
 2.49357e+20	2.90e-06	2.16e-03	2.62e-01	5.00e-01	1.90e-01	4.60e-02	1.62e-04	0.00e+00
 2.61592e+20	3.21e-06	2.39e-03	2.80e-01	4.98e-01	1.78e-01	4.14e-02	1.43e-04	0.00e+00
 2.72672e+20	3.54e-06	2.64e-03	2.97e-01	4.95e-01	1.68e-01	3.74e-02	1.27e-04	0.00e+00
 2.82757e+20	3.83e-06	2.86e-03	3.14e-01	4.91e-01	1.58e-01	3.40e-02	1.13e-04	0.00e+00
 2.93975e+20	4.26e-06	3.18e-03	3.34e-01	4.86e-01	1.47e-01	3.01e-02	9.78e-05	0.00e+00
 3.05504e+20	4.82e-06	3.57e-03	3.55e-01	4.80e-01	1.35e-01	2.64e-02	8.38e-05	0.00e+00
 3.14542e+20	5.18e-06	3.84e-03	3.71e-01	4.74e-01	1.27e-01	2.39e-02	7.45e-05	0.00e+00
 3.23397e+20	5.77e-06	4.24e-03	3.89e-01	4.67e-01	1.18e-01	2.13e-02	6.46e-05	0.00e+00
 3.32695e+20	6.25e-06	4.59e-03	4.07e-01	4.60e-01	1.09e-01	1.90e-02	5.65e-05	0.00e+00
 3.41208e+20	6.97e-06	5.05e-03	4.25e-01	4.52e-01	1.01e-01	1.68e-02	4.87e-05	0.00e+00
 3.49067e+20	7.58e-06	5.46e-03	4.41e-01	4.45e-01	9.35e-02	1.51e-02	4.27e-05	0.00e+00
 3.57439e+20	8.39e-06	5.98e-03	4.59e-01	4.36e-01	8.57e-02	1.32e-02	3.65e-05	0.00e+00
 3.66328e+20	9.34e-06	6.57e-03	4.77e-01	4.27e-01	7.82e-02	1.16e-02	3.09e-05	0.00e+00
 3.73956e+20	1.02e-05	7.11e-03	4.92e-01	4.18e-01	7.21e-02	1.03e-02	2.67e-05	0.00e+00
 3.81940e+20	1.14e-05	7.80e-03	5.09e-01	4.08e-01	6.56e-02	8.97e-03	2.25e-05	0.00e+00
 3.90372e+20	1.27e-05	8.57e-03	5.26e-01	3.98e-01	5.96e-02	7.80e-03	1.89e-05	0.00e+00
 3.97691e+20	1.40e-05	9.29e-03	5.41e-01	3.89e-01	5.46e-02	6.90e-03	1.62e-05	0.00e+00
 4.05509e+20	1.57e-05	1.02e-02	5.57e-01	3.78e-01	4.95e-02	5.99e-03	1.35e-05	0.00e+00
 4.13836e+20	1.77e-05	1.13e-02	5.73e-01	3.66e-01	4.46e-02	5.19e-03	1.12e-05	0.00e+00
 4.21197e+20	1.96e-05	1.22e-02	5.86e-01	3.56e-01	4.08e-02	4.59e-03	9.51e-06	0.00e+00
 4.29138e+20	2.25e-05	1.36e-02	6.02e-01	3.44e-01	3.67e-02	3.94e-03	7.74e-06	0.00e+00
 4.37490e+20	2.55e-05	1.50e-02	6.17e-01	3.32e-01	3.31e-02	3.42e-03	6.39e-06	0.00e+00
 4.45180e+20	2.90e-05	1.66e-02	6.31e-01	3.20e-01	2.99e-02	2.97e-03	5.27e-06	0.00e+00
 4.51418e+20	3.26e-05	1.81e-02	6.42e-01	3.10e-01	2.76e-02	2.65e-03	4.48e-06	0.00e+00
 4.55663e+20	3.51e-05	1.92e-02	6.49e-01	3.03e-01	2.62e-02	2.46e-03	4.04e-06	0.00e+00
 4.59880e+20	3.78e-05	2.02e-02	6.56e-01	2.97e-01	2.48e-02	2.28e-03	3.63e-06	0.00e+00
 4.65361e+20	4.23e-05	2.20e-02	6.66e-01	2.87e-01	2.30e-02	2.04e-03	3.11e-06	0.00e+00
 4.71098e+20	4.71e-05	2.38e-02	6.75e-01	2.78e-01	2.14e-02	1.84e-03	2.67e-06	0.00e+00
 4.76165e+20	5.21e-05	2.56e-02	6.83e-01	2.70e-01	2.00e-02	1.67e-03	2.33e-06	0.00e+00
 4.81748e+20	5.85e-05	2.78e-02	6.92e-01	2.60e-01	1.85e-02	1.50e-03	1.99e-06	0.00e+00
 4.87768e+20	6.58e-05	3.02e-02	7.01e-01	2.50e-01	1.72e-02	1.34e-03	1.70e-06	0.00e+00
 4.93267e+20	7.45e-05	3.29e-02	7.09e-01	2.41e-01	1.60e-02	1.20e-03	1.45e-06	0.00e+00
 4.98249e+20	8.26e-05	3.54e-02	7.16e-01	2.33e-01	1.50e-02	1.09e-03	1.26e-06	0.00e+00
 5.03649e+20	9.40e-05	3.87e-02	7.24e-01	2.23e-01	1.39e-02	9.71e-04	1.06e-06	0.00e+00
 5.09425e+20	1.07e-04	4.24e-02	7.31e-01	2.13e-01	1.28e-02	8.63e-04	8.94e-07	0.00e+00
 5.14646e+20	1.21e-04	4.61e-02	7.37e-01	2.04e-01	1.20e-02	7.74e-04	7.62e-07	0.00e+00
 5.20389e+20	1.40e-04	5.09e-02	7.44e-01	1.93e-01	1.10e-02	6.81e-04	6.31e-07	0.00e+00
 5.26491e+20	1.64e-04	5.64e-02	7.50e-01	1.83e-01	1.01e-02	5.95e-04	5.18e-07	0.00e+00
 5.31777e+20	1.87e-04	6.15e-02	7.55e-01	1.74e-01	9.44e-03	5.30e-04	4.37e-07	0.00e+00
 5.37366e+20	2.19e-04	6.83e-02	7.59e-01	1.63e-01	8.66e-03	4.61e-04	3.56e-07	0.00e+00
 5.43259e+20	2.58e-04	7.60e-02	7.63e-01	1.53e-01	7.94e-03	3.99e-04	2.88e-07	0.00e+00
 5.48421e+20	2.98e-04	8.36e-02	7.65e-01	1.44e-01	7.35e-03	3.50e-04	2.38e-07	0.00e+00
 5.54004e+20	3.54e-04	9.33e-02	7.66e-01	1.33e-01	6.71e-03	3.00e-04	1.90e-07	0.00e+00
 5.59994e+20	4.24e-04	1.05e-01	7.65e-01	1.23e-01	6.09e-03	2.54e-04	1.49e-07	0.00e+00
 5.65252e+20	4.99e-04	1.16e-01	7.63e-01	1.14e-01	5.59e-03	2.19e-04	1.21e-07	0.00e+00
 5.70824e+20	6.03e-04	1.31e-01	7.59e-01	1.04e-01	5.03e-03	1.83e-04	0.00e+00	0.00e+00
 5.76710e+20	7.38e-04	1.49e-01	7.52e-01	9.36e-02	4.51e-03	1.50e-04	0.00e+00	0.00e+00
 5.81717e+20	8.76e-04	1.65e-01	7.44e-01	8.54e-02	4.10e-03	1.27e-04	0.00e+00	0.00e+00
 5.86941e+20	1.06e-03	1.86e-01	7.32e-01	7.65e-02	3.67e-03	1.04e-04	0.00e+00	0.00e+00
 5.92527e+20	1.32e-03	2.12e-01	7.16e-01	6.71e-02	3.23e-03	8.31e-05	0.00e+00	0.00e+00
 5.97269e+20	1.59e-03	2.37e-01	6.99e-01	5.97e-02	2.88e-03	6.79e-05	0.00e+00	0.00e+00
 6.01391e+20	1.88e-03	2.61e-01	6.81e-01	5.33e-02	2.59e-03	5.62e-05	0.00e+00	0.00e+00
 6.06021e+20	2.29e-03	2.93e-01	6.56e-01	4.62e-02	2.27e-03	4.46e-05	0.00e+00	0.00e+00
 6.10982e+20	2.83e-03	3.30e-01	6.26e-01	3.93e-02	1.95e-03	3.43e-05	0.00e+00	0.00e+00
 6.15246e+20	3.41e-03	3.65e-01	5.96e-01	3.37e-02	1.70e-03	2.71e-05	0.00e+00	0.00e+00
 6.19028e+20	4.06e-03	4.01e-01	5.65e-01	2.88e-02	1.47e-03	2.12e-05	0.00e+00	0.00e+00
 6.22737e+20	4.83e-03	4.39e-01	5.31e-01	2.44e-02	1.27e-03	1.65e-05	0.00e+00	0.00e+00
 6.26989e+20	5.94e-03	4.86e-01	4.87e-01	1.98e-02	1.05e-03	1.20e-05	0.00e+00	0.00e+00
 6.31408e+20	7.38e-03	5.38e-01	4.38e-01	1.55e-02	8.39e-04	8.41e-06	0.00e+00	0.00e+00
 6.35006e+20	8.79e-03	5.82e-01	3.96e-01	1.25e-02	6.88e-04	6.16e-06	0.00e+00	0.00e+00
 6.38154e+20	1.03e-02	6.22e-01	3.57e-01	1.01e-02	5.66e-04	4.54e-06	0.00e+00	0.00e+00
 6.41283e+20	1.22e-02	6.62e-01	3.17e-01	8.03e-03	4.57e-04	3.28e-06	0.00e+00	0.00e+00
 6.44356e+20	1.43e-02	7.02e-01	2.77e-01	6.28e-03	3.62e-04	2.31e-06	0.00e+00	0.00e+00
 6.47287e+20	1.68e-02	7.38e-01	2.40e-01	4.90e-03	2.84e-04	1.63e-06	0.00e+00	0.00e+00
 6.50078e+20	1.95e-02	7.71e-01	2.06e-01	3.80e-03	2.20e-04	1.14e-06	0.00e+00	0.00e+00
 6.52808e+20	2.27e-02	8.00e-01	1.74e-01	2.94e-03	1.69e-04	7.91e-07	0.00e+00	0.00e+00
 6.55935e+20	2.71e-02	8.30e-01	1.40e-01	2.16e-03	1.21e-04	5.08e-07	0.00e+00	0.00e+00
 6.59231e+20	3.28e-02	8.56e-01	1.09e-01	1.55e-03	8.24e-05	3.16e-07	0.00e+00	0.00e+00
 6.62017e+20	3.88e-02	8.74e-01	8.62e-02	1.17e-03	5.78e-05	2.08e-07	0.00e+00	0.00e+00
 6.64390e+20	4.51e-02	8.85e-01	6.90e-02	9.25e-04	4.17e-05	1.45e-07	0.00e+00	0.00e+00
 6.66586e+20	5.19e-02	8.92e-01	5.56e-02	7.51e-04	3.05e-05	0.00e+00	0.00e+00	0.00e+00
 6.69067e+20	6.13e-02	8.95e-01	4.27e-02	5.98e-04	2.09e-05	0.00e+00	0.00e+00	0.00e+00
 6.71623e+20	7.27e-02	8.95e-01	3.22e-02	4.84e-04	1.41e-05	0.00e+00	0.00e+00	0.00e+00
 6.73685e+20	8.42e-02	8.90e-01	2.53e-02	4.11e-04	1.01e-05	0.00e+00	0.00e+00	0.00e+00
 6.75423e+20	9.50e-02	8.84e-01	2.05e-02	3.63e-04	7.65e-06	0.00e+00	0.00e+00	0.00e+00
 6.77226e+20	1.08e-01	8.75e-01	1.64e-02	3.19e-04	5.66e-06	0.00e+00	0.00e+00	0.00e+00
 6.79162e+20	1.24e-01	8.63e-01	1.29e-02	2.82e-04	4.14e-06	0.00e+00	0.00e+00	0.00e+00
 6.80971e+20	1.41e-01	8.49e-01	1.03e-02	2.53e-04	3.09e-06	0.00e+00	0.00e+00	0.00e+00
 6.82610e+20	1.57e-01	8.34e-01	8.41e-03	2.30e-04	2.39e-06	0.00e+00	0.00e+00	0.00e+00
 6.84144e+20	1.74e-01	8.19e-01	6.97e-03	2.11e-04	1.88e-06	0.00e+00	0.00e+00	0.00e+00
 6.85626e+20	1.91e-01	8.03e-01	5.86e-03	1.96e-04	1.52e-06	0.00e+00	0.00e+00	0.00e+00
 6.87051e+20	2.08e-01	7.87e-01	4.99e-03	1.82e-04	1.24e-06	0.00e+00	0.00e+00	0.00e+00
 6.88405e+20	2.25e-01	7.71e-01	4.31e-03	1.71e-04	1.04e-06	0.00e+00	0.00e+00	0.00e+00
 6.89753e+20	2.41e-01	7.55e-01	3.76e-03	1.61e-04	8.82e-07	0.00e+00	0.00e+00	0.00e+00
 6.90877e+20	2.54e-01	7.42e-01	3.40e-03	1.54e-04	7.79e-07	0.00e+00	0.00e+00	0.00e+00
 6.91693e+20	2.64e-01	7.33e-01	3.16e-03	1.49e-04	7.15e-07	0.00e+00	0.00e+00	0.00e+00
 6.92507e+20	2.73e-01	7.24e-01	2.95e-03	1.44e-04	6.57e-07	0.00e+00	0.00e+00	0.00e+00
 6.93486e+20	2.84e-01	7.13e-01	2.72e-03	1.39e-04	5.97e-07	0.00e+00	0.00e+00	0.00e+00
 6.94571e+20	2.96e-01	7.02e-01	2.52e-03	1.34e-04	5.44e-07	0.00e+00	0.00e+00	0.00e+00
 6.95708e+20	3.07e-01	6.90e-01	2.34e-03	1.30e-04	4.97e-07	0.00e+00	0.00e+00	0.00e+00
 6.96900e+20	3.18e-01	6.80e-01	2.18e-03	1.25e-04	4.58e-07	0.00e+00	0.00e+00	0.00e+00
 6.98204e+20	3.29e-01	6.69e-01	2.04e-03	1.21e-04	4.22e-07	0.00e+00	0.00e+00	0.00e+00
 6.99690e+20	3.39e-01	6.59e-01	1.91e-03	1.17e-04	3.90e-07	0.00e+00	0.00e+00	0.00e+00
 7.01386e+20	3.50e-01	6.48e-01	1.80e-03	1.14e-04	3.62e-07	0.00e+00	0.00e+00	0.00e+00
 7.03286e+20	3.59e-01	6.39e-01	1.71e-03	1.11e-04	3.39e-07	0.00e+00	0.00e+00	0.00e+00
 7.05232e+20	3.67e-01	6.32e-01	1.63e-03	1.08e-04	3.22e-07	0.00e+00	0.00e+00	0.00e+00
 7.07121e+20	3.72e-01	6.26e-01	1.58e-03	1.06e-04	3.10e-07	0.00e+00	0.00e+00	0.00e+00
 7.08966e+20	3.77e-01	6.22e-01	1.55e-03	1.05e-04	3.00e-07	0.00e+00	0.00e+00	0.00e+00
 7.10780e+20	3.81e-01	6.17e-01	1.51e-03	1.03e-04	2.91e-07	0.00e+00	0.00e+00	0.00e+00
 7.12850e+20	3.84e-01	6.14e-01	1.49e-03	1.02e-04	2.86e-07	0.00e+00	0.00e+00	0.00e+00
 7.15541e+20	3.88e-01	6.11e-01	1.46e-03	1.01e-04	2.78e-07	0.00e+00	0.00e+00	0.00e+00
 7.19038e+20	3.92e-01	6.07e-01	1.43e-03	9.99e-05	2.70e-07	0.00e+00	0.00e+00	0.00e+00
 7.23586e+20	3.96e-01	6.02e-01	1.39e-03	9.85e-05	2.62e-07	0.00e+00	0.00e+00	0.00e+00
 7.29497e+20	4.02e-01	5.97e-01	1.35e-03	9.67e-05	2.51e-07	0.00e+00	0.00e+00	0.00e+00
 7.37182e+20	4.08e-01	5.90e-01	1.31e-03	9.46e-05	2.40e-07	0.00e+00	0.00e+00	0.00e+00
 7.47172e+20	4.17e-01	5.82e-01	1.25e-03	9.20e-05	2.26e-07	0.00e+00	0.00e+00	0.00e+00
 7.60160e+20	4.27e-01	5.72e-01	1.19e-03	8.89e-05	2.10e-07	0.00e+00	0.00e+00	0.00e+00
 7.77043e+20	4.39e-01	5.60e-01	1.11e-03	8.50e-05	1.92e-07	0.00e+00	0.00e+00	0.00e+00
 7.97194e+20	4.53e-01	5.46e-01	1.04e-03	8.10e-05	1.74e-07	0.00e+00	0.00e+00	0.00e+00
 8.18520e+20	4.66e-01	5.33e-01	9.70e-04	7.71e-05	1.58e-07	0.00e+00	0.00e+00	0.00e+00
 8.40014e+20	4.79e-01	5.20e-01	9.12e-04	7.35e-05	1.45e-07	0.00e+00	0.00e+00	0.00e+00
 8.62029e+20	4.91e-01	5.08e-01	8.59e-04	7.01e-05	1.33e-07	0.00e+00	0.00e+00	0.00e+00
 8.84958e+20	5.03e-01	4.96e-01	8.11e-04	6.68e-05	1.22e-07	0.00e+00	0.00e+00	0.00e+00
 9.08860e+20	5.16e-01	4.84e-01	7.65e-04	6.36e-05	0.00e+00	0.00e+00	0.00e+00	0.00e+00
 9.33725e+20	5.28e-01	4.72e-01	7.22e-04	6.06e-05	0.00e+00	0.00e+00	0.00e+00	0.00e+00
 9.59416e+20	5.40e-01	4.60e-01	6.82e-04	5.76e-05	0.00e+00	0.00e+00	0.00e+00	0.00e+00
 9.85955e+20	5.51e-01	4.48e-01	6.46e-04	5.48e-05	0.00e+00	0.00e+00	0.00e+00	0.00e+00
 1.01345e+21	5.63e-01	4.36e-01	6.12e-04	5.21e-05	0.00e+00	0.00e+00	0.00e+00	0.00e+00
 1.04192e+21	5.75e-01	4.25e-01	5.80e-04	4.94e-05	0.00e+00	0.00e+00	0.00e+00	0.00e+00
 1.07134e+21	5.86e-01	4.13e-01	5.51e-04	4.69e-05	0.00e+00	0.00e+00	0.00e+00	0.00e+00
 1.10173e+21	5.98e-01	4.02e-01	5.23e-04	4.44e-05	0.00e+00	0.00e+00	0.00e+00	0.00e+00
 1.13309e+21	6.09e-01	3.90e-01	4.98e-04	4.21e-05	0.00e+00	0.00e+00	0.00e+00	0.00e+00
 1.16541e+21	6.20e-01	3.79e-01	4.73e-04	3.98e-05	0.00e+00	0.00e+00	0.00e+00	0.00e+00
 1.19888e+21	6.32e-01	3.67e-01	4.50e-04	3.76e-05	0.00e+00	0.00e+00	0.00e+00	0.00e+00
 1.23336e+21	6.44e-01	3.55e-01	4.28e-04	3.54e-05	0.00e+00	0.00e+00	0.00e+00	0.00e+00
 1.26879e+21	6.56e-01	3.44e-01	4.07e-04	3.34e-05	0.00e+00	0.00e+00	0.00e+00	0.00e+00
 1.30530e+21	6.67e-01	3.32e-01	3.87e-04	3.14e-05	0.00e+00	0.00e+00	0.00e+00	0.00e+00
 1.34289e+21	6.79e-01	3.21e-01	3.69e-04	2.95e-05	0.00e+00	0.00e+00	0.00e+00	0.00e+00
 1.38126e+21	6.90e-01	3.10e-01	3.51e-04	2.77e-05	0.00e+00	0.00e+00	0.00e+00	0.00e+00
 1.42063e+21	7.01e-01	2.98e-01	3.34e-04	2.60e-05	0.00e+00	0.00e+00	0.00e+00	0.00e+00
 1.46137e+21	7.13e-01	2.87e-01	3.18e-04	2.43e-05	0.00e+00	0.00e+00	0.00e+00	0.00e+00
 1.50315e+21	7.24e-01	2.76e-01	3.03e-04	2.28e-05	0.00e+00	0.00e+00	0.00e+00	0.00e+00
 1.54585e+21	7.35e-01	2.65e-01	2.88e-04	2.13e-05	0.00e+00	0.00e+00	0.00e+00	0.00e+00
 1.58954e+21	7.45e-01	2.54e-01	2.74e-04	1.99e-05	0.00e+00	0.00e+00	0.00e+00	0.00e+00
 1.63431e+21	7.56e-01	2.44e-01	2.61e-04	1.86e-05	0.00e+00	0.00e+00	0.00e+00	0.00e+00
 1.68014e+21	7.66e-01	2.33e-01	2.48e-04	1.73e-05	0.00e+00	0.00e+00	0.00e+00	0.00e+00
 1.72699e+21	7.77e-01	2.23e-01	2.36e-04	1.61e-05	0.00e+00	0.00e+00	0.00e+00	0.00e+00
 1.77456e+21	7.87e-01	2.13e-01	2.25e-04	1.50e-05	0.00e+00	0.00e+00	0.00e+00	0.00e+00
 1.82342e+21	7.96e-01	2.03e-01	2.14e-04	1.40e-05	0.00e+00	0.00e+00	0.00e+00	0.00e+00
 1.87394e+21	8.06e-01	1.94e-01	2.03e-04	1.30e-05	0.00e+00	0.00e+00	0.00e+00	0.00e+00
 1.92535e+21	8.15e-01	1.84e-01	1.93e-04	1.20e-05	0.00e+00	0.00e+00	0.00e+00	0.00e+00
 1.97759e+21	8.25e-01	1.75e-01	1.83e-04	1.11e-05	0.00e+00	0.00e+00	0.00e+00	0.00e+00
 2.03098e+21	8.34e-01	1.66e-01	1.74e-04	1.03e-05	0.00e+00	0.00e+00	0.00e+00	0.00e+00
 2.08564e+21	8.42e-01	1.58e-01	1.65e-04	9.49e-06	0.00e+00	0.00e+00	0.00e+00	0.00e+00
 2.14152e+21	8.51e-01	1.49e-01	1.57e-04	8.75e-06	0.00e+00	0.00e+00	0.00e+00	0.00e+00
 2.19860e+21	8.59e-01	1.41e-01	1.49e-04	8.06e-06	0.00e+00	0.00e+00	0.00e+00	0.00e+00
 2.25677e+21	8.67e-01	1.33e-01	1.41e-04	7.41e-06	0.00e+00	0.00e+00	0.00e+00	0.00e+00
 2.31609e+21	8.74e-01	1.26e-01	1.33e-04	6.81e-06	0.00e+00	0.00e+00	0.00e+00	0.00e+00
 2.37689e+21	8.81e-01	1.18e-01	1.26e-04	6.24e-06	0.00e+00	0.00e+00	0.00e+00	0.00e+00
 2.43904e+21	8.88e-01	1.11e-01	1.19e-04	5.71e-06	0.00e+00	0.00e+00	0.00e+00	0.00e+00
 2.50228e+21	8.95e-01	1.05e-01	1.13e-04	5.22e-06	0.00e+00	0.00e+00	0.00e+00	0.00e+00
 2.56628e+21	9.02e-01	9.83e-02	1.07e-04	4.77e-06	0.00e+00	0.00e+00	0.00e+00	0.00e+00
 2.62997e+21	9.08e-01	9.24e-02	1.01e-04	4.36e-06	0.00e+00	0.00e+00	0.00e+00	0.00e+00
 2.69234e+21	9.13e-01	8.69e-02	9.58e-05	4.00e-06	0.00e+00	0.00e+00	0.00e+00	0.00e+00
 2.75351e+21	9.18e-01	8.18e-02	9.09e-05	3.68e-06	0.00e+00	0.00e+00	0.00e+00	0.00e+00
 2.81363e+21	9.23e-01	7.71e-02	8.64e-05	3.39e-06	0.00e+00	0.00e+00	0.00e+00	0.00e+00
 2.87220e+21	9.27e-01	7.27e-02	8.22e-05	3.13e-06	0.00e+00	0.00e+00	0.00e+00	0.00e+00
 2.92874e+21	9.31e-01	6.87e-02	7.84e-05	2.90e-06	0.00e+00	0.00e+00	0.00e+00	0.00e+00
 2.98295e+21	9.35e-01	6.50e-02	7.50e-05	2.69e-06	0.00e+00	0.00e+00	0.00e+00	0.00e+00
 3.03467e+21	9.38e-01	6.16e-02	7.19e-05	2.52e-06	0.00e+00	0.00e+00	0.00e+00	0.00e+00
 3.07728e+21	9.41e-01	5.90e-02	6.95e-05	2.38e-06	0.00e+00	0.00e+00	0.00e+00	0.00e+00
