#depth	N	N+	N+2	N+3	N+4	N+5	N+6	N+7
 3.68374e+16	9.89e-07	2.93e-03	3.28e-01	5.45e-01	1.13e-01	1.11e-02	1.19e-05	0.00e+00
 2.21024e+17	9.88e-07	2.93e-03	3.28e-01	5.45e-01	1.13e-01	1.10e-02	1.19e-05	0.00e+00
 9.57772e+17	9.90e-07	2.93e-03	3.30e-01	5.44e-01	1.12e-01	1.09e-02	1.18e-05	0.00e+00
 3.90476e+18	1.00e-06	2.95e-03	3.35e-01	5.42e-01	1.09e-01	1.05e-02	1.12e-05	0.00e+00
 9.32723e+18	1.02e-06	2.96e-03	3.43e-01	5.40e-01	1.04e-01	9.74e-03	1.02e-05	0.00e+00
 1.51742e+19	1.05e-06	2.98e-03	3.51e-01	5.37e-01	9.93e-02	9.08e-03	9.41e-06	0.00e+00
 2.08178e+19	1.09e-06	3.05e-03	3.61e-01	5.33e-01	9.46e-02	8.48e-03	8.69e-06	0.00e+00
 2.73994e+19	1.15e-06	3.15e-03	3.74e-01	5.26e-01	8.92e-02	7.83e-03	7.96e-06	0.00e+00
 3.59556e+19	1.24e-06	3.32e-03	3.92e-01	5.15e-01	8.21e-02	7.03e-03	7.08e-06	0.00e+00
 4.70785e+19	1.39e-06	3.57e-03	4.18e-01	4.99e-01	7.31e-02	6.09e-03	6.10e-06	0.00e+00
 5.88909e+19	1.54e-06	3.85e-03	4.46e-01	4.81e-01	6.42e-02	5.23e-03	5.22e-06	0.00e+00
 6.88765e+19	1.70e-06	4.12e-03	4.71e-01	4.63e-01	5.68e-02	4.56e-03	4.55e-06	0.00e+00
 7.71658e+19	1.85e-06	4.39e-03	4.93e-01	4.47e-01	5.09e-02	4.04e-03	4.04e-06	0.00e+00
 8.46279e+19	2.00e-06	4.66e-03	5.13e-01	4.33e-01	4.56e-02	3.59e-03	3.60e-06	0.00e+00
 9.18190e+19	2.15e-06	4.90e-03	5.33e-01	4.19e-01	4.07e-02	3.19e-03	3.20e-06	0.00e+00
 1.00003e+20	2.42e-06	5.33e-03	5.54e-01	4.02e-01	3.54e-02	2.75e-03	2.76e-06	0.00e+00
 1.08026e+20	2.67e-06	5.69e-03	5.74e-01	3.88e-01	3.07e-02	2.39e-03	2.39e-06	0.00e+00
 1.14377e+20	2.90e-06	6.02e-03	5.89e-01	3.76e-01	2.72e-02	2.12e-03	2.11e-06	0.00e+00
 1.21170e+20	3.21e-06	6.44e-03	6.04e-01	3.64e-01	2.37e-02	1.85e-03	1.83e-06	0.00e+00
 1.28682e+20	3.58e-06	6.89e-03	6.19e-01	3.52e-01	2.03e-02	1.61e-03	1.56e-06	0.00e+00
 1.35833e+20	3.98e-06	7.37e-03	6.32e-01	3.42e-01	1.75e-02	1.41e-03	1.34e-06	0.00e+00
 1.43830e+20	4.52e-06	7.95e-03	6.46e-01	3.30e-01	1.48e-02	1.21e-03	1.13e-06	0.00e+00
 1.52394e+20	5.14e-06	8.56e-03	6.58e-01	3.19e-01	1.24e-02	1.06e-03	9.50e-07	0.00e+00
 1.60214e+20	5.78e-06	9.15e-03	6.69e-01	3.10e-01	1.07e-02	9.39e-04	8.19e-07	0.00e+00
 1.68711e+20	6.58e-06	9.83e-03	6.79e-01	3.01e-01	9.16e-03	8.32e-04	7.00e-07	0.00e+00
 1.78984e+20	7.65e-06	1.07e-02	6.90e-01	2.91e-01	7.71e-03	7.30e-04	5.88e-07	0.00e+00
 1.90561e+20	9.02e-06	1.17e-02	7.01e-01	2.80e-01	6.49e-03	6.41e-04	4.91e-07	0.00e+00
 2.03427e+20	1.08e-05	1.28e-02	7.12e-01	2.69e-01	5.48e-03	5.62e-04	4.07e-07	0.00e+00
 2.16860e+20	1.29e-05	1.41e-02	7.22e-01	2.58e-01	4.70e-03	4.95e-04	3.39e-07	0.00e+00
 2.32027e+20	1.59e-05	1.58e-02	7.33e-01	2.46e-01	4.03e-03	4.30e-04	2.76e-07	0.00e+00
 2.48650e+20	1.99e-05	1.78e-02	7.44e-01	2.34e-01	3.50e-03	3.71e-04	2.21e-07	0.00e+00
 2.61092e+20	2.36e-05	1.94e-02	7.51e-01	2.26e-01	3.19e-03	3.33e-04	1.87e-07	0.00e+00
 2.68824e+20	2.63e-05	2.06e-02	7.56e-01	2.20e-01	3.02e-03	3.10e-04	1.68e-07	0.00e+00
 2.76506e+20	2.96e-05	2.20e-02	7.61e-01	2.14e-01	2.85e-03	2.86e-04	1.49e-07	0.00e+00
 2.86492e+20	3.46e-05	2.41e-02	7.67e-01	2.06e-01	2.66e-03	2.58e-04	1.27e-07	0.00e+00
 2.96734e+20	4.06e-05	2.64e-02	7.73e-01	1.98e-01	2.48e-03	2.31e-04	0.00e+00	0.00e+00
 3.04954e+20	4.65e-05	2.85e-02	7.78e-01	1.91e-01	2.35e-03	2.10e-04	0.00e+00	0.00e+00
 3.12053e+20	5.25e-05	3.06e-02	7.82e-01	1.85e-01	2.24e-03	1.93e-04	0.00e+00	0.00e+00
 3.20046e+20	6.10e-05	3.34e-02	7.87e-01	1.78e-01	2.12e-03	1.74e-04	0.00e+00	0.00e+00
 3.28567e+20	7.15e-05	3.67e-02	7.91e-01	1.70e-01	1.99e-03	1.55e-04	0.00e+00	0.00e+00
 3.35831e+20	8.25e-05	3.99e-02	7.95e-01	1.63e-01	1.89e-03	1.39e-04	0.00e+00	0.00e+00
 3.42173e+20	9.40e-05	4.32e-02	7.99e-01	1.56e-01	1.81e-03	1.26e-04	0.00e+00	0.00e+00
 3.49259e+20	1.10e-04	4.75e-02	8.02e-01	1.49e-01	1.71e-03	1.12e-04	0.00e+00	0.00e+00
 3.56743e+20	1.30e-04	5.27e-02	8.05e-01	1.40e-01	1.61e-03	9.78e-05	0.00e+00	0.00e+00
 3.63086e+20	1.51e-04	5.77e-02	8.07e-01	1.33e-01	1.52e-03	8.68e-05	0.00e+00	0.00e+00
 3.68661e+20	1.74e-04	6.28e-02	8.09e-01	1.27e-01	1.45e-03	7.76e-05	0.00e+00	0.00e+00
 3.74895e+20	2.06e-04	6.97e-02	8.10e-01	1.19e-01	1.36e-03	6.75e-05	0.00e+00	0.00e+00
 3.81524e+20	2.47e-04	7.79e-02	8.10e-01	1.11e-01	1.27e-03	5.80e-05	0.00e+00	0.00e+00
 3.87224e+20	2.90e-04	8.61e-02	8.09e-01	1.04e-01	1.19e-03	5.04e-05	0.00e+00	0.00e+00
 3.92278e+20	3.38e-04	9.46e-02	8.07e-01	9.69e-02	1.12e-03	4.41e-05	0.00e+00	0.00e+00
 3.97934e+20	4.07e-04	1.06e-01	8.03e-01	8.92e-02	1.04e-03	3.74e-05	0.00e+00	0.00e+00
 4.03957e+20	4.97e-04	1.20e-01	7.98e-01	8.12e-02	9.62e-04	3.12e-05	0.00e+00	0.00e+00
 4.09170e+20	5.94e-04	1.33e-01	7.91e-01	7.42e-02	8.90e-04	2.63e-05	0.00e+00	0.00e+00
 4.13802e+20	7.04e-04	1.48e-01	7.83e-01	6.79e-02	8.25e-04	2.23e-05	0.00e+00	0.00e+00
 4.18966e+20	8.62e-04	1.67e-01	7.71e-01	6.07e-02	7.51e-04	1.82e-05	0.00e+00	0.00e+00
 4.24321e+20	1.07e-03	1.90e-01	7.55e-01	5.36e-02	6.76e-04	1.46e-05	0.00e+00	0.00e+00
 4.28680e+20	1.28e-03	2.11e-01	7.39e-01	4.79e-02	6.16e-04	1.20e-05	0.00e+00	0.00e+00
 4.32445e+20	1.51e-03	2.32e-01	7.23e-01	4.30e-02	5.63e-04	1.00e-05	0.00e+00	0.00e+00
 4.36683e+20	1.84e-03	2.60e-01	7.00e-01	3.75e-02	5.03e-04	7.97e-06	0.00e+00	0.00e+00
 4.41166e+20	2.26e-03	2.93e-01	6.73e-01	3.20e-02	4.42e-04	6.18e-06	0.00e+00	0.00e+00
 4.44956e+20	2.72e-03	3.24e-01	6.45e-01	2.76e-02	3.91e-04	4.88e-06	0.00e+00	0.00e+00
 4.48250e+20	3.22e-03	3.55e-01	6.17e-01	2.39e-02	3.47e-04	3.90e-06	0.00e+00	0.00e+00
 4.51910e+20	3.92e-03	3.94e-01	5.81e-01	2.00e-02	2.99e-04	2.95e-06	0.00e+00	0.00e+00
 4.55789e+20	4.84e-03	4.39e-01	5.40e-01	1.62e-02	2.52e-04	2.15e-06	0.00e+00	0.00e+00
 4.59074e+20	5.81e-03	4.80e-01	5.00e-01	1.33e-02	2.13e-04	1.60e-06	0.00e+00	0.00e+00
 4.61939e+20	6.85e-03	5.19e-01	4.63e-01	1.10e-02	1.82e-04	1.21e-06	0.00e+00	0.00e+00
 4.65141e+20	8.28e-03	5.66e-01	4.17e-01	8.61e-03	1.48e-04	8.56e-07	0.00e+00	0.00e+00
 4.68580e+20	1.02e-02	6.17e-01	3.66e-01	6.46e-03	1.16e-04	5.68e-07	0.00e+00	0.00e+00
 4.71547e+20	1.22e-02	6.62e-01	3.21e-01	4.90e-03	9.16e-05	3.86e-07	0.00e+00	0.00e+00
 4.73866e+20	1.41e-02	6.96e-01	2.85e-01	3.87e-03	7.48e-05	2.79e-07	0.00e+00	0.00e+00
 4.75736e+20	1.60e-02	7.25e-01	2.56e-01	3.14e-03	6.23e-05	2.09e-07	0.00e+00	0.00e+00
 4.77778e+20	1.84e-02	7.55e-01	2.24e-01	2.44e-03	4.99e-05	1.48e-07	0.00e+00	0.00e+00
 4.79943e+20	2.13e-02	7.84e-01	1.92e-01	1.84e-03	3.89e-05	0.00e+00	0.00e+00	0.00e+00
 4.81764e+20	2.42e-02	8.07e-01	1.67e-01	1.44e-03	3.11e-05	0.00e+00	0.00e+00	0.00e+00
 4.83331e+20	2.69e-02	8.25e-01	1.46e-01	1.15e-03	2.54e-05	0.00e+00	0.00e+00	0.00e+00
 4.85069e+20	3.07e-02	8.44e-01	1.24e-01	8.72e-04	1.97e-05	0.00e+00	0.00e+00	0.00e+00
 4.86892e+20	3.50e-02	8.60e-01	1.04e-01	6.55e-04	1.50e-05	0.00e+00	0.00e+00	0.00e+00
 4.88430e+20	3.95e-02	8.72e-01	8.79e-02	5.08e-04	1.17e-05	0.00e+00	0.00e+00	0.00e+00
 4.89775e+20	4.37e-02	8.80e-01	7.56e-02	4.06e-04	9.37e-06	0.00e+00	0.00e+00	0.00e+00
 4.91267e+20	4.94e-02	8.87e-01	6.28e-02	3.13e-04	7.16e-06	0.00e+00	0.00e+00	0.00e+00
 4.92879e+20	5.65e-02	8.92e-01	5.10e-02	2.38e-04	5.31e-06	0.00e+00	0.00e+00	0.00e+00
 4.94294e+20	6.38e-02	8.94e-01	4.20e-02	1.88e-04	4.03e-06	0.00e+00	0.00e+00	0.00e+00
 4.95554e+20	7.15e-02	8.93e-01	3.49e-02	1.52e-04	3.11e-06	0.00e+00	0.00e+00	0.00e+00
 4.96967e+20	8.17e-02	8.90e-01	2.80e-02	1.21e-04	2.29e-06	0.00e+00	0.00e+00	0.00e+00
 4.98504e+20	9.42e-02	8.84e-01	2.19e-02	9.64e-05	1.64e-06	0.00e+00	0.00e+00	0.00e+00
 4.99909e+20	1.08e-01	8.75e-01	1.72e-02	7.92e-05	1.19e-06	0.00e+00	0.00e+00	0.00e+00
 5.01234e+20	1.24e-01	8.63e-01	1.36e-02	6.66e-05	8.71e-07	0.00e+00	0.00e+00	0.00e+00
 5.02606e+20	1.42e-01	8.47e-01	1.05e-02	5.65e-05	6.26e-07	0.00e+00	0.00e+00	0.00e+00
 5.03923e+20	1.62e-01	8.29e-01	8.18e-03	4.89e-05	4.54e-07	0.00e+00	0.00e+00	0.00e+00
 5.05042e+20	1.83e-01	8.11e-01	6.54e-03	4.35e-05	3.42e-07	0.00e+00	0.00e+00	0.00e+00
 5.06050e+20	2.02e-01	7.92e-01	5.32e-03	3.94e-05	2.65e-07	0.00e+00	0.00e+00	0.00e+00
 5.06983e+20	2.23e-01	7.72e-01	4.36e-03	3.61e-05	2.08e-07	0.00e+00	0.00e+00	0.00e+00
 5.07863e+20	2.44e-01	7.52e-01	3.60e-03	3.32e-05	1.65e-07	0.00e+00	0.00e+00	0.00e+00
 5.08706e+20	2.66e-01	7.31e-01	2.99e-03	3.08e-05	1.32e-07	0.00e+00	0.00e+00	0.00e+00
 5.09343e+20	2.83e-01	7.15e-01	2.61e-03	2.92e-05	0.00e+00	0.00e+00	0.00e+00	0.00e+00
 5.09766e+20	2.94e-01	7.03e-01	2.38e-03	2.81e-05	0.00e+00	0.00e+00	0.00e+00	0.00e+00
 5.10181e+20	3.07e-01	6.91e-01	2.16e-03	2.71e-05	0.00e+00	0.00e+00	0.00e+00	0.00e+00
 5.10662e+20	3.22e-01	6.76e-01	1.93e-03	2.59e-05	0.00e+00	0.00e+00	0.00e+00	0.00e+00
 5.11168e+20	3.38e-01	6.61e-01	1.71e-03	2.48e-05	0.00e+00	0.00e+00	0.00e+00	0.00e+00
 5.11650e+20	3.53e-01	6.46e-01	1.53e-03	2.37e-05	0.00e+00	0.00e+00	0.00e+00	0.00e+00
 5.12119e+20	3.68e-01	6.30e-01	1.37e-03	2.27e-05	0.00e+00	0.00e+00	0.00e+00	0.00e+00
 5.12589e+20	3.84e-01	6.15e-01	1.23e-03	2.18e-05	0.00e+00	0.00e+00	0.00e+00	0.00e+00
 5.13062e+20	4.00e-01	5.98e-01	1.10e-03	2.09e-05	0.00e+00	0.00e+00	0.00e+00	0.00e+00
 5.13535e+20	4.17e-01	5.82e-01	9.83e-04	2.00e-05	0.00e+00	0.00e+00	0.00e+00	0.00e+00
 5.14004e+20	4.33e-01	5.66e-01	8.79e-04	1.91e-05	0.00e+00	0.00e+00	0.00e+00	0.00e+00
 5.14475e+20	4.50e-01	5.50e-01	7.88e-04	1.83e-05	0.00e+00	0.00e+00	0.00e+00	0.00e+00
 5.14952e+20	4.67e-01	5.33e-01	7.04e-04	1.75e-05	0.00e+00	0.00e+00	0.00e+00	0.00e+00
 5.15431e+20	4.84e-01	5.16e-01	6.31e-04	1.67e-05	0.00e+00	0.00e+00	0.00e+00	0.00e+00
 5.15901e+20	5.00e-01	4.99e-01	5.67e-04	1.60e-05	0.00e+00	0.00e+00	0.00e+00	0.00e+00
 5.16371e+20	5.17e-01	4.83e-01	5.10e-04	1.53e-05	0.00e+00	0.00e+00	0.00e+00	0.00e+00
 5.16852e+20	5.34e-01	4.66e-01	4.59e-04	1.46e-05	0.00e+00	0.00e+00	0.00e+00	0.00e+00
 5.17333e+20	5.50e-01	4.49e-01	4.14e-04	1.40e-05	0.00e+00	0.00e+00	0.00e+00	0.00e+00
 5.17818e+20	5.67e-01	4.33e-01	3.74e-04	1.33e-05	0.00e+00	0.00e+00	0.00e+00	0.00e+00
 5.18306e+20	5.83e-01	4.17e-01	3.40e-04	1.27e-05	0.00e+00	0.00e+00	0.00e+00	0.00e+00
 5.18801e+20	5.99e-01	4.01e-01	3.09e-04	1.22e-05	0.00e+00	0.00e+00	0.00e+00	0.00e+00
 5.19310e+20	6.15e-01	3.85e-01	2.81e-04	1.16e-05	0.00e+00	0.00e+00	0.00e+00	0.00e+00
 5.19817e+20	6.30e-01	3.70e-01	2.58e-04	1.11e-05	0.00e+00	0.00e+00	0.00e+00	0.00e+00
 5.20331e+20	6.44e-01	3.55e-01	2.37e-04	1.06e-05	0.00e+00	0.00e+00	0.00e+00	0.00e+00
 5.20856e+20	6.59e-01	3.41e-01	2.19e-04	1.01e-05	0.00e+00	0.00e+00	0.00e+00	0.00e+00
 5.21387e+20	6.72e-01	3.28e-01	2.04e-04	9.65e-06	0.00e+00	0.00e+00	0.00e+00	0.00e+00
 5.21919e+20	6.85e-01	3.15e-01	1.90e-04	9.23e-06	0.00e+00	0.00e+00	0.00e+00	0.00e+00
 5.22455e+20	6.97e-01	3.03e-01	1.79e-04	8.85e-06	0.00e+00	0.00e+00	0.00e+00	0.00e+00
 5.23002e+20	7.09e-01	2.91e-01	1.69e-04	8.49e-06	0.00e+00	0.00e+00	0.00e+00	0.00e+00
 5.23565e+20	7.19e-01	2.80e-01	1.60e-04	8.15e-06	0.00e+00	0.00e+00	0.00e+00	0.00e+00
 5.24145e+20	7.30e-01	2.70e-01	1.52e-04	7.84e-06	0.00e+00	0.00e+00	0.00e+00	0.00e+00
 5.24747e+20	7.39e-01	2.61e-01	1.46e-04	7.55e-06	0.00e+00	0.00e+00	0.00e+00	0.00e+00
 5.25377e+20	7.49e-01	2.51e-01	1.40e-04	7.28e-06	0.00e+00	0.00e+00	0.00e+00	0.00e+00
 5.26045e+20	7.57e-01	2.43e-01	1.35e-04	7.04e-06	0.00e+00	0.00e+00	0.00e+00	0.00e+00
 5.26757e+20	7.65e-01	2.35e-01	1.31e-04	6.81e-06	0.00e+00	0.00e+00	0.00e+00	0.00e+00
 5.27530e+20	7.72e-01	2.28e-01	1.27e-04	6.60e-06	0.00e+00	0.00e+00	0.00e+00	0.00e+00
 5.28390e+20	7.79e-01	2.21e-01	1.23e-04	6.41e-06	0.00e+00	0.00e+00	0.00e+00	0.00e+00
 5.29368e+20	7.85e-01	2.14e-01	1.20e-04	6.23e-06	0.00e+00	0.00e+00	0.00e+00	0.00e+00
 5.30502e+20	7.91e-01	2.09e-01	1.18e-04	6.08e-06	0.00e+00	0.00e+00	0.00e+00	0.00e+00
 5.31714e+20	7.96e-01	2.04e-01	1.16e-04	5.95e-06	0.00e+00	0.00e+00	0.00e+00	0.00e+00
 5.32910e+20	7.99e-01	2.01e-01	1.15e-04	5.86e-06	0.00e+00	0.00e+00	0.00e+00	0.00e+00
 5.34096e+20	8.02e-01	1.98e-01	1.13e-04	5.79e-06	0.00e+00	0.00e+00	0.00e+00	0.00e+00
 5.35274e+20	8.04e-01	1.96e-01	1.13e-04	5.73e-06	0.00e+00	0.00e+00	0.00e+00	0.00e+00
 5.36445e+20	8.06e-01	1.94e-01	1.12e-04	5.69e-06	0.00e+00	0.00e+00	0.00e+00	0.00e+00
 5.37612e+20	8.07e-01	1.93e-01	1.11e-04	5.65e-06	0.00e+00	0.00e+00	0.00e+00	0.00e+00
 5.38951e+20	8.09e-01	1.91e-01	1.11e-04	5.61e-06	0.00e+00	0.00e+00	0.00e+00	0.00e+00
 5.40693e+20	8.10e-01	1.90e-01	1.10e-04	5.58e-06	0.00e+00	0.00e+00	0.00e+00	0.00e+00
 5.42957e+20	8.11e-01	1.89e-01	1.10e-04	5.53e-06	0.00e+00	0.00e+00	0.00e+00	0.00e+00
 5.45900e+20	8.13e-01	1.87e-01	1.09e-04	5.48e-06	0.00e+00	0.00e+00	0.00e+00	0.00e+00
 5.49726e+20	8.15e-01	1.85e-01	1.08e-04	5.42e-06	0.00e+00	0.00e+00	0.00e+00	0.00e+00
 5.54700e+20	8.17e-01	1.82e-01	1.07e-04	5.34e-06	0.00e+00	0.00e+00	0.00e+00	0.00e+00
 5.61166e+20	8.20e-01	1.79e-01	1.06e-04	5.24e-06	0.00e+00	0.00e+00	0.00e+00	0.00e+00
 5.69571e+20	8.24e-01	1.76e-01	1.04e-04	5.13e-06	0.00e+00	0.00e+00	0.00e+00	0.00e+00
 5.80499e+20	8.29e-01	1.71e-01	1.02e-04	4.98e-06	0.00e+00	0.00e+00	0.00e+00	0.00e+00
 5.94704e+20	8.35e-01	1.65e-01	9.95e-05	4.80e-06	0.00e+00	0.00e+00	0.00e+00	0.00e+00
 6.13172e+20	8.42e-01	1.58e-01	9.66e-05	4.59e-06	0.00e+00	0.00e+00	0.00e+00	0.00e+00
 6.34538e+20	8.49e-01	1.51e-01	9.36e-05	4.37e-06	0.00e+00	0.00e+00	0.00e+00	0.00e+00
 6.56152e+20	8.56e-01	1.44e-01	9.09e-05	4.18e-06	0.00e+00	0.00e+00	0.00e+00	0.00e+00
 6.77740e+20	8.62e-01	1.38e-01	8.84e-05	3.99e-06	0.00e+00	0.00e+00	0.00e+00	0.00e+00
 7.00210e+20	8.68e-01	1.32e-01	8.60e-05	3.81e-06	0.00e+00	0.00e+00	0.00e+00	0.00e+00
 7.24049e+20	8.74e-01	1.26e-01	8.36e-05	3.63e-06	0.00e+00	0.00e+00	0.00e+00	0.00e+00
 7.49060e+20	8.79e-01	1.21e-01	8.12e-05	3.46e-06	0.00e+00	0.00e+00	0.00e+00	0.00e+00
 7.74941e+20	8.85e-01	1.15e-01	7.89e-05	3.29e-06	0.00e+00	0.00e+00	0.00e+00	0.00e+00
 8.02331e+20	8.90e-01	1.10e-01	7.66e-05	3.13e-06	0.00e+00	0.00e+00	0.00e+00	0.00e+00
 8.31198e+20	8.95e-01	1.05e-01	7.43e-05	2.97e-06	0.00e+00	0.00e+00	0.00e+00	0.00e+00
 8.60958e+20	9.01e-01	9.93e-02	7.21e-05	2.81e-06	0.00e+00	0.00e+00	0.00e+00	0.00e+00
 8.91998e+20	9.06e-01	9.44e-02	6.99e-05	2.65e-06	0.00e+00	0.00e+00	0.00e+00	0.00e+00
 9.24587e+20	9.10e-01	8.95e-02	6.78e-05	2.50e-06	0.00e+00	0.00e+00	0.00e+00	0.00e+00
 9.58697e+20	9.15e-01	8.49e-02	6.56e-05	2.36e-06	0.00e+00	0.00e+00	0.00e+00	0.00e+00
 9.94245e+20	9.20e-01	8.03e-02	6.35e-05	2.22e-06	0.00e+00	0.00e+00	0.00e+00	0.00e+00
 1.03126e+21	9.24e-01	7.59e-02	6.14e-05	2.08e-06	0.00e+00	0.00e+00	0.00e+00	0.00e+00
 1.06982e+21	9.28e-01	7.16e-02	5.93e-05	1.95e-06	0.00e+00	0.00e+00	0.00e+00	0.00e+00
 1.10994e+21	9.32e-01	6.76e-02	5.73e-05	1.83e-06	0.00e+00	0.00e+00	0.00e+00	0.00e+00
 1.15093e+21	9.36e-01	6.37e-02	5.53e-05	1.71e-06	0.00e+00	0.00e+00	0.00e+00	0.00e+00
 1.19158e+21	9.40e-01	6.01e-02	5.34e-05	1.61e-06	0.00e+00	0.00e+00	0.00e+00	0.00e+00
 1.23140e+21	9.43e-01	5.69e-02	5.17e-05	1.51e-06	0.00e+00	0.00e+00	0.00e+00	0.00e+00
 1.27045e+21	9.46e-01	5.39e-02	5.00e-05	1.43e-06	0.00e+00	0.00e+00	0.00e+00	0.00e+00
 1.30860e+21	9.49e-01	5.11e-02	4.85e-05	1.35e-06	0.00e+00	0.00e+00	0.00e+00	0.00e+00
 1.34547e+21	9.51e-01	4.85e-02	4.71e-05	1.28e-06	0.00e+00	0.00e+00	0.00e+00	0.00e+00
 1.38077e+21	9.54e-01	4.62e-02	4.58e-05	1.22e-06	0.00e+00	0.00e+00	0.00e+00	0.00e+00
