#depth	O	O+	O+2	O+3	O+4	O+5	O+6	O+7	O+8	O[1]	O[2]	O[3]
 1.16425e+16	9.19e-07	1.90e-03	1.87e-01	6.60e-01	1.41e-01	1.01e-02	3.45e-04	1.53e-07	0.00e+00	9.18e-07	2.17e-10	2.52e-10
 6.98550e+16	9.18e-07	1.90e-03	1.87e-01	6.60e-01	1.40e-01	1.00e-02	3.44e-04	1.53e-07	0.00e+00	9.17e-07	2.17e-10	2.52e-10
 3.02705e+17	9.17e-07	1.91e-03	1.89e-01	6.59e-01	1.39e-01	9.90e-03	3.39e-04	1.50e-07	0.00e+00	9.17e-07	2.17e-10	2.51e-10
 1.23411e+18	9.29e-07	1.93e-03	1.97e-01	6.56e-01	1.35e-01	9.50e-03	3.23e-04	1.42e-07	0.00e+00	9.28e-07	2.19e-10	2.55e-10
 2.94788e+18	9.25e-07	1.96e-03	2.10e-01	6.51e-01	1.28e-01	8.92e-03	2.98e-04	1.29e-07	0.00e+00	9.25e-07	2.18e-10	2.53e-10
 4.79632e+18	9.29e-07	2.00e-03	2.24e-01	6.45e-01	1.21e-01	8.33e-03	2.74e-04	0.00e+00	0.00e+00	9.28e-07	2.18e-10	2.54e-10
 6.58147e+18	9.61e-07	2.08e-03	2.38e-01	6.38e-01	1.14e-01	7.79e-03	2.54e-04	0.00e+00	0.00e+00	9.61e-07	2.26e-10	2.63e-10
 8.66380e+18	1.03e-06	2.21e-03	2.56e-01	6.27e-01	1.07e-01	7.18e-03	2.33e-04	0.00e+00	0.00e+00	1.03e-06	2.41e-10	2.81e-10
 1.13708e+19	1.14e-06	2.43e-03	2.83e-01	6.11e-01	9.77e-02	6.43e-03	2.06e-04	0.00e+00	0.00e+00	1.14e-06	2.68e-10	3.13e-10
 1.48900e+19	1.34e-06	2.79e-03	3.21e-01	5.84e-01	8.60e-02	5.51e-03	1.76e-04	0.00e+00	0.00e+00	1.34e-06	3.14e-10	3.66e-10
 1.86292e+19	1.57e-06	3.22e-03	3.68e-01	5.50e-01	7.39e-02	4.61e-03	1.47e-04	0.00e+00	0.00e+00	1.57e-06	3.67e-10	4.28e-10
 2.18054e+19	1.83e-06	3.69e-03	4.14e-01	5.15e-01	6.37e-02	3.88e-03	1.24e-04	0.00e+00	0.00e+00	1.83e-06	4.28e-10	4.99e-10
 2.44442e+19	2.10e-06	4.16e-03	4.57e-01	4.80e-01	5.51e-02	3.30e-03	1.05e-04	0.00e+00	0.00e+00	2.10e-06	4.91e-10	5.72e-10
 2.68224e+19	2.42e-06	4.68e-03	5.00e-01	4.45e-01	4.74e-02	2.79e-03	8.90e-05	0.00e+00	0.00e+00	2.42e-06	5.66e-10	6.59e-10
 2.91197e+19	2.74e-06	5.19e-03	5.45e-01	4.07e-01	4.02e-02	2.32e-03	7.40e-05	0.00e+00	0.00e+00	2.74e-06	6.40e-10	7.46e-10
 3.17229e+19	3.34e-06	6.07e-03	5.98e-01	3.62e-01	3.23e-02	1.83e-03	5.79e-05	0.00e+00	0.00e+00	3.34e-06	7.81e-10	9.10e-10
 3.42709e+19	3.92e-06	6.88e-03	6.49e-01	3.17e-01	2.56e-02	1.42e-03	4.48e-05	0.00e+00	0.00e+00	3.92e-06	9.15e-10	1.07e-09
 3.62845e+19	4.49e-06	7.63e-03	6.89e-01	2.81e-01	2.07e-02	1.14e-03	3.55e-05	0.00e+00	0.00e+00	4.49e-06	1.05e-09	1.22e-09
 3.84393e+19	5.24e-06	8.52e-03	7.30e-01	2.44e-01	1.62e-02	8.80e-04	2.69e-05	0.00e+00	0.00e+00	5.24e-06	1.22e-09	1.42e-09
 4.08283e+19	6.15e-06	9.50e-03	7.70e-01	2.07e-01	1.22e-02	6.59e-04	1.96e-05	0.00e+00	0.00e+00	6.14e-06	1.43e-09	1.67e-09
 4.31064e+19	7.14e-06	1.05e-02	8.04e-01	1.76e-01	9.25e-03	4.96e-04	1.43e-05	0.00e+00	0.00e+00	7.14e-06	1.66e-09	1.94e-09
 4.56526e+19	8.46e-06	1.16e-02	8.35e-01	1.46e-01	6.74e-03	3.60e-04	9.94e-06	0.00e+00	0.00e+00	8.46e-06	1.97e-09	2.29e-09
 4.83731e+19	9.94e-06	1.27e-02	8.61e-01	1.21e-01	4.92e-03	2.63e-04	6.92e-06	0.00e+00	0.00e+00	9.94e-06	2.29e-09	2.68e-09
 5.08500e+19	1.15e-05	1.38e-02	8.80e-01	1.02e-01	3.76e-03	2.01e-04	5.05e-06	0.00e+00	0.00e+00	1.15e-05	2.62e-09	3.06e-09
 5.35350e+19	1.34e-05	1.49e-02	8.97e-01	8.52e-02	2.87e-03	1.52e-04	3.65e-06	0.00e+00	0.00e+00	1.33e-05	3.02e-09	3.53e-09
 5.68327e+19	1.60e-05	1.62e-02	9.12e-01	6.92e-02	2.15e-03	1.12e-04	2.54e-06	0.00e+00	0.00e+00	1.60e-05	3.57e-09	4.18e-09
 6.05311e+19	1.93e-05	1.76e-02	9.25e-01	5.60e-02	1.65e-03	8.22e-05	1.80e-06	0.00e+00	0.00e+00	1.93e-05	4.26e-09	5.00e-09
 6.45693e+19	2.36e-05	1.92e-02	9.34e-01	4.51e-02	1.31e-03	6.09e-05	1.30e-06	0.00e+00	0.00e+00	2.36e-05	5.17e-09	6.07e-09
 6.88201e+19	2.89e-05	2.09e-02	9.41e-01	3.66e-02	1.09e-03	4.60e-05	9.80e-07	0.00e+00	0.00e+00	2.89e-05	6.30e-09	7.40e-09
 7.36569e+19	3.68e-05	2.29e-02	9.47e-01	2.92e-02	9.32e-04	3.41e-05	7.45e-07	0.00e+00	0.00e+00	3.67e-05	7.97e-09	9.35e-09
 7.89511e+19	4.76e-05	2.53e-02	9.50e-01	2.33e-02	8.30e-04	2.53e-05	5.86e-07	0.00e+00	0.00e+00	4.76e-05	1.03e-08	1.21e-08
 8.29053e+19	5.78e-05	2.72e-02	9.52e-01	2.01e-02	7.82e-04	2.07e-05	5.07e-07	0.00e+00	0.00e+00	5.77e-05	1.25e-08	1.46e-08
 8.53590e+19	6.56e-05	2.85e-02	9.52e-01	1.83e-02	7.58e-04	1.82e-05	4.64e-07	0.00e+00	0.00e+00	6.56e-05	1.42e-08	1.66e-08
 8.77967e+19	7.51e-05	3.00e-02	9.53e-01	1.65e-02	7.36e-04	1.60e-05	4.25e-07	0.00e+00	0.00e+00	7.51e-05	1.63e-08	1.90e-08
 9.09657e+19	9.00e-05	3.21e-02	9.53e-01	1.45e-02	7.12e-04	1.34e-05	3.82e-07	0.00e+00	0.00e+00	8.99e-05	1.96e-08	2.28e-08
 9.42175e+19	1.08e-04	3.45e-02	9.52e-01	1.29e-02	6.94e-04	1.13e-05	3.45e-07	0.00e+00	0.00e+00	1.08e-04	2.38e-08	2.75e-08
 9.68308e+19	1.27e-04	3.67e-02	9.51e-01	1.16e-02	6.82e-04	9.85e-06	3.19e-07	0.00e+00	0.00e+00	1.27e-04	2.79e-08	3.23e-08
 9.90885e+19	1.46e-04	3.89e-02	9.50e-01	1.07e-02	6.73e-04	8.71e-06	2.97e-07	0.00e+00	0.00e+00	1.46e-04	3.24e-08	3.72e-08
 1.01630e+20	1.73e-04	4.17e-02	9.48e-01	9.61e-03	6.63e-04	7.52e-06	2.74e-07	0.00e+00	0.00e+00	1.73e-04	3.86e-08	4.42e-08
 1.04340e+20	2.08e-04	4.49e-02	9.46e-01	8.63e-03	6.54e-04	6.46e-06	2.52e-07	0.00e+00	0.00e+00	2.08e-04	4.68e-08	5.32e-08
 1.06653e+20	2.45e-04	4.82e-02	9.43e-01	7.86e-03	6.46e-04	5.65e-06	2.34e-07	0.00e+00	0.00e+00	2.45e-04	5.55e-08	6.28e-08
 1.08668e+20	2.85e-04	5.14e-02	9.40e-01	7.23e-03	6.41e-04	5.01e-06	2.19e-07	0.00e+00	0.00e+00	2.85e-04	6.50e-08	7.31e-08
 1.10913e+20	3.40e-04	5.55e-02	9.37e-01	6.54e-03	6.33e-04	4.34e-06	2.02e-07	0.00e+00	0.00e+00	3.40e-04	7.84e-08	8.76e-08
 1.13287e+20	4.11e-04	6.04e-02	9.33e-01	5.90e-03	6.27e-04	3.75e-06	1.86e-07	0.00e+00	0.00e+00	4.11e-04	9.58e-08	1.06e-07
 1.15302e+20	4.87e-04	6.52e-02	9.28e-01	5.38e-03	6.20e-04	3.29e-06	1.72e-07	0.00e+00	0.00e+00	4.87e-04	1.15e-07	1.26e-07
 1.17075e+20	5.69e-04	7.00e-02	9.24e-01	4.95e-03	6.15e-04	2.92e-06	1.61e-07	0.00e+00	0.00e+00	5.68e-04	1.35e-07	1.47e-07
 1.19062e+20	6.84e-04	7.62e-02	9.18e-01	4.49e-03	6.08e-04	2.53e-06	1.48e-07	0.00e+00	0.00e+00	6.84e-04	1.65e-07	1.77e-07
 1.21172e+20	8.35e-04	8.37e-02	9.11e-01	4.04e-03	6.00e-04	2.18e-06	1.35e-07	0.00e+00	0.00e+00	8.35e-04	2.04e-07	2.17e-07
 1.22981e+20	9.97e-04	9.11e-02	9.04e-01	3.68e-03	5.93e-04	1.91e-06	1.24e-07	0.00e+00	0.00e+00	9.97e-04	2.47e-07	2.60e-07
 1.24586e+20	1.18e-03	9.87e-02	8.96e-01	3.37e-03	5.86e-04	1.68e-06	0.00e+00	0.00e+00	0.00e+00	1.18e-03	2.96e-07	3.07e-07
 1.26386e+20	1.44e-03	1.09e-01	8.86e-01	3.03e-03	5.76e-04	1.45e-06	0.00e+00	0.00e+00	0.00e+00	1.44e-03	3.66e-07	3.75e-07
 1.28300e+20	1.78e-03	1.21e-01	8.74e-01	2.70e-03	5.65e-04	1.23e-06	0.00e+00	0.00e+00	0.00e+00	1.77e-03	4.59e-07	4.64e-07
 1.29954e+20	2.15e-03	1.33e-01	8.62e-01	2.44e-03	5.56e-04	1.07e-06	0.00e+00	0.00e+00	0.00e+00	2.15e-03	5.65e-07	5.63e-07
 1.31429e+20	2.58e-03	1.45e-01	8.50e-01	2.21e-03	5.45e-04	9.34e-07	0.00e+00	0.00e+00	0.00e+00	2.58e-03	6.86e-07	6.75e-07
 1.33083e+20	3.20e-03	1.62e-01	8.33e-01	1.96e-03	5.31e-04	7.90e-07	0.00e+00	0.00e+00	0.00e+00	3.20e-03	8.65e-07	8.38e-07
 1.34789e+20	4.00e-03	1.81e-01	8.13e-01	1.73e-03	5.15e-04	6.67e-07	0.00e+00	0.00e+00	0.00e+00	4.00e-03	1.09e-06	1.05e-06
 1.36181e+20	4.84e-03	1.99e-01	7.94e-01	1.55e-03	5.00e-04	5.74e-07	0.00e+00	0.00e+00	0.00e+00	4.84e-03	1.34e-06	1.26e-06
 1.37385e+20	5.76e-03	2.17e-01	7.76e-01	1.40e-03	4.85e-04	5.00e-07	0.00e+00	0.00e+00	0.00e+00	5.76e-03	1.60e-06	1.50e-06
 1.38730e+20	7.08e-03	2.40e-01	7.51e-01	1.24e-03	4.66e-04	4.23e-07	0.00e+00	0.00e+00	0.00e+00	7.07e-03	1.98e-06	1.84e-06
 1.40157e+20	8.84e-03	2.67e-01	7.22e-01	1.08e-03	4.44e-04	3.51e-07	0.00e+00	0.00e+00	0.00e+00	8.83e-03	2.48e-06	2.29e-06
 1.41361e+20	1.07e-02	2.93e-01	6.95e-01	9.57e-04	4.22e-04	2.97e-07	0.00e+00	0.00e+00	0.00e+00	1.07e-02	3.01e-06	2.76e-06
 1.42407e+20	1.27e-02	3.19e-01	6.67e-01	8.53e-04	4.02e-04	2.54e-07	0.00e+00	0.00e+00	0.00e+00	1.27e-02	3.60e-06	3.28e-06
 1.43578e+20	1.57e-02	3.52e-01	6.32e-01	7.40e-04	3.77e-04	2.10e-07	0.00e+00	0.00e+00	0.00e+00	1.56e-02	4.43e-06	4.02e-06
 1.44821e+20	1.95e-02	3.89e-01	5.91e-01	6.32e-04	3.47e-04	1.68e-07	0.00e+00	0.00e+00	0.00e+00	1.95e-02	5.53e-06	4.99e-06
 1.45872e+20	2.36e-02	4.24e-01	5.52e-01	5.46e-04	3.19e-04	1.38e-07	0.00e+00	0.00e+00	0.00e+00	2.36e-02	6.69e-06	6.02e-06
 1.46787e+20	2.81e-02	4.56e-01	5.15e-01	4.76e-04	2.94e-04	1.13e-07	0.00e+00	0.00e+00	0.00e+00	2.81e-02	7.95e-06	7.13e-06
 1.47809e+20	3.44e-02	4.96e-01	4.69e-01	4.01e-04	2.62e-04	0.00e+00	0.00e+00	0.00e+00	0.00e+00	3.44e-02	9.71e-06	8.68e-06
 1.48901e+20	4.28e-02	5.39e-01	4.18e-01	3.30e-04	2.28e-04	0.00e+00	0.00e+00	0.00e+00	0.00e+00	4.28e-02	1.20e-05	1.07e-05
 1.49838e+20	5.19e-02	5.76e-01	3.72e-01	2.76e-04	1.97e-04	0.00e+00	0.00e+00	0.00e+00	0.00e+00	5.18e-02	1.45e-05	1.29e-05
 1.50570e+20	6.00e-02	6.04e-01	3.35e-01	2.38e-04	1.75e-04	0.00e+00	0.00e+00	0.00e+00	0.00e+00	6.00e-02	1.67e-05	1.48e-05
 1.51168e+20	6.81e-02	6.27e-01	3.04e-01	2.09e-04	1.55e-04	0.00e+00	0.00e+00	0.00e+00	0.00e+00	6.81e-02	1.88e-05	1.67e-05
 1.51834e+20	7.88e-02	6.52e-01	2.69e-01	1.79e-04	1.34e-04	0.00e+00	0.00e+00	0.00e+00	0.00e+00	7.87e-02	2.16e-05	1.92e-05
 1.52536e+20	9.15e-02	6.75e-01	2.33e-01	1.51e-04	1.12e-04	0.00e+00	0.00e+00	0.00e+00	0.00e+00	9.14e-02	2.49e-05	2.21e-05
 1.53122e+20	1.04e-01	6.91e-01	2.04e-01	1.30e-04	9.56e-05	0.00e+00	0.00e+00	0.00e+00	0.00e+00	1.04e-01	2.80e-05	2.48e-05
 1.53618e+20	1.16e-01	7.03e-01	1.81e-01	1.14e-04	8.23e-05	0.00e+00	0.00e+00	0.00e+00	0.00e+00	1.16e-01	3.09e-05	2.74e-05
 1.54162e+20	1.31e-01	7.14e-01	1.55e-01	9.77e-05	6.84e-05	0.00e+00	0.00e+00	0.00e+00	0.00e+00	1.31e-01	3.46e-05	3.06e-05
 1.54740e+20	1.48e-01	7.21e-01	1.31e-01	8.33e-05	5.57e-05	0.00e+00	0.00e+00	0.00e+00	0.00e+00	1.48e-01	3.86e-05	3.42e-05
 1.55237e+20	1.65e-01	7.23e-01	1.12e-01	7.22e-05	4.59e-05	0.00e+00	0.00e+00	0.00e+00	0.00e+00	1.65e-01	4.24e-05	3.76e-05
 1.55676e+20	1.82e-01	7.23e-01	9.55e-02	6.32e-05	3.79e-05	0.00e+00	0.00e+00	0.00e+00	0.00e+00	1.82e-01	4.62e-05	4.08e-05
 1.56164e+20	2.02e-01	7.18e-01	7.92e-02	5.44e-05	3.03e-05	0.00e+00	0.00e+00	0.00e+00	0.00e+00	2.02e-01	5.05e-05	4.47e-05
 1.56685e+20	2.26e-01	7.09e-01	6.41e-02	4.63e-05	2.34e-05	0.00e+00	0.00e+00	0.00e+00	0.00e+00	2.26e-01	5.53e-05	4.89e-05
 1.57132e+20	2.49e-01	6.98e-01	5.28e-02	4.03e-05	1.85e-05	0.00e+00	0.00e+00	0.00e+00	0.00e+00	2.49e-01	5.96e-05	5.27e-05
 1.57528e+20	2.71e-01	6.85e-01	4.39e-02	3.55e-05	1.48e-05	0.00e+00	0.00e+00	0.00e+00	0.00e+00	2.71e-01	6.35e-05	5.61e-05
 1.57976e+20	2.97e-01	6.67e-01	3.50e-02	3.06e-05	1.13e-05	0.00e+00	0.00e+00	0.00e+00	0.00e+00	2.97e-01	6.80e-05	6.01e-05
 1.58469e+20	3.29e-01	6.44e-01	2.70e-02	2.60e-05	8.30e-06	0.00e+00	0.00e+00	0.00e+00	0.00e+00	3.29e-01	7.28e-05	6.43e-05
 1.58921e+20	3.60e-01	6.19e-01	2.10e-02	2.24e-05	6.13e-06	0.00e+00	0.00e+00	0.00e+00	0.00e+00	3.60e-01	7.70e-05	6.80e-05
 1.59338e+20	3.91e-01	5.93e-01	1.63e-02	1.94e-05	4.54e-06	0.00e+00	0.00e+00	0.00e+00	0.00e+00	3.91e-01	8.08e-05	7.13e-05
 1.59778e+20	4.24e-01	5.64e-01	1.24e-02	1.67e-05	3.28e-06	0.00e+00	0.00e+00	0.00e+00	0.00e+00	4.24e-01	8.42e-05	7.43e-05
 1.60205e+20	4.58e-01	5.33e-01	9.35e-03	1.44e-05	2.37e-06	0.00e+00	0.00e+00	0.00e+00	0.00e+00	4.57e-01	8.71e-05	7.68e-05
 1.60563e+20	4.86e-01	5.06e-01	7.32e-03	1.27e-05	1.78e-06	0.00e+00	0.00e+00	0.00e+00	0.00e+00	4.86e-01	8.90e-05	7.84e-05
 1.60876e+20	5.12e-01	4.82e-01	5.86e-03	1.14e-05	1.38e-06	0.00e+00	0.00e+00	0.00e+00	0.00e+00	5.12e-01	9.04e-05	7.96e-05
 1.61170e+20	5.37e-01	4.58e-01	4.72e-03	1.02e-05	1.08e-06	0.00e+00	0.00e+00	0.00e+00	0.00e+00	5.37e-01	9.13e-05	8.04e-05
 1.61458e+20	5.60e-01	4.36e-01	3.81e-03	9.24e-06	8.41e-07	0.00e+00	0.00e+00	0.00e+00	0.00e+00	5.60e-01	9.18e-05	8.08e-05
 1.61729e+20	5.83e-01	4.14e-01	3.10e-03	8.38e-06	6.66e-07	0.00e+00	0.00e+00	0.00e+00	0.00e+00	5.83e-01	9.18e-05	8.08e-05
 1.61930e+20	5.99e-01	3.99e-01	2.67e-03	7.82e-06	5.62e-07	0.00e+00	0.00e+00	0.00e+00	0.00e+00	5.98e-01	9.16e-05	8.06e-05
 1.62064e+20	6.09e-01	3.89e-01	2.41e-03	7.47e-06	5.01e-07	0.00e+00	0.00e+00	0.00e+00	0.00e+00	6.09e-01	9.14e-05	8.04e-05
 1.62194e+20	6.20e-01	3.78e-01	2.17e-03	7.12e-06	4.46e-07	0.00e+00	0.00e+00	0.00e+00	0.00e+00	6.19e-01	9.11e-05	8.01e-05
 1.62347e+20	6.32e-01	3.66e-01	1.91e-03	6.73e-06	3.88e-07	0.00e+00	0.00e+00	0.00e+00	0.00e+00	6.32e-01	9.07e-05	7.97e-05
 1.62509e+20	6.45e-01	3.53e-01	1.68e-03	6.33e-06	3.35e-07	0.00e+00	0.00e+00	0.00e+00	0.00e+00	6.45e-01	9.01e-05	7.92e-05
 1.62661e+20	6.57e-01	3.42e-01	1.49e-03	6.01e-06	2.93e-07	0.00e+00	0.00e+00	0.00e+00	0.00e+00	6.57e-01	8.95e-05	7.87e-05
 1.62809e+20	6.68e-01	3.30e-01	1.32e-03	5.68e-06	2.56e-07	0.00e+00	0.00e+00	0.00e+00	0.00e+00	6.68e-01	8.88e-05	7.80e-05
 1.62959e+20	6.80e-01	3.19e-01	1.17e-03	5.39e-06	2.24e-07	0.00e+00	0.00e+00	0.00e+00	0.00e+00	6.79e-01	8.81e-05	7.74e-05
 1.63110e+20	6.91e-01	3.08e-01	1.03e-03	5.09e-06	1.95e-07	0.00e+00	0.00e+00	0.00e+00	0.00e+00	6.91e-01	8.73e-05	7.66e-05
 1.63260e+20	7.02e-01	2.97e-01	9.12e-04	4.83e-06	1.71e-07	0.00e+00	0.00e+00	0.00e+00	0.00e+00	7.01e-01	8.65e-05	7.59e-05
 1.63411e+20	7.13e-01	2.87e-01	8.06e-04	4.57e-06	1.49e-07	0.00e+00	0.00e+00	0.00e+00	0.00e+00	7.12e-01	8.55e-05	7.50e-05
 1.63563e+20	7.23e-01	2.76e-01	7.12e-04	4.33e-06	1.30e-07	0.00e+00	0.00e+00	0.00e+00	0.00e+00	7.23e-01	8.45e-05	7.41e-05
 1.63712e+20	7.33e-01	2.66e-01	6.33e-04	4.10e-06	0.00e+00	0.00e+00	0.00e+00	0.00e+00	0.00e+00	7.33e-01	8.35e-05	7.32e-05
 1.63861e+20	7.43e-01	2.56e-01	5.61e-04	3.89e-06	0.00e+00	0.00e+00	0.00e+00	0.00e+00	0.00e+00	7.43e-01	8.24e-05	7.22e-05
 1.64012e+20	7.53e-01	2.47e-01	4.99e-04	3.69e-06	0.00e+00	0.00e+00	0.00e+00	0.00e+00	0.00e+00	7.53e-01	8.13e-05	7.12e-05
 1.64163e+20	7.63e-01	2.37e-01	4.43e-04	3.49e-06	0.00e+00	0.00e+00	0.00e+00	0.00e+00	0.00e+00	7.62e-01	8.01e-05	7.01e-05
 1.64315e+20	7.72e-01	2.28e-01	3.95e-04	3.31e-06	0.00e+00	0.00e+00	0.00e+00	0.00e+00	0.00e+00	7.71e-01	7.90e-05	6.91e-05
 1.64468e+20	7.81e-01	2.19e-01	3.53e-04	3.14e-06	0.00e+00	0.00e+00	0.00e+00	0.00e+00	0.00e+00	7.81e-01	7.78e-05	6.80e-05
 1.64622e+20	7.89e-01	2.11e-01	3.16e-04	2.98e-06	0.00e+00	0.00e+00	0.00e+00	0.00e+00	0.00e+00	7.89e-01	7.67e-05	6.70e-05
 1.64778e+20	7.98e-01	2.02e-01	2.83e-04	2.82e-06	0.00e+00	0.00e+00	0.00e+00	0.00e+00	0.00e+00	7.97e-01	7.54e-05	6.59e-05
 1.64938e+20	8.06e-01	1.94e-01	2.55e-04	2.68e-06	0.00e+00	0.00e+00	0.00e+00	0.00e+00	0.00e+00	8.06e-01	7.42e-05	6.47e-05
 1.65096e+20	8.13e-01	1.86e-01	2.30e-04	2.54e-06	0.00e+00	0.00e+00	0.00e+00	0.00e+00	0.00e+00	8.13e-01	7.30e-05	6.37e-05
 1.65257e+20	8.21e-01	1.79e-01	2.09e-04	2.41e-06	0.00e+00	0.00e+00	0.00e+00	0.00e+00	0.00e+00	8.21e-01	7.18e-05	6.26e-05
 1.65422e+20	8.28e-01	1.72e-01	1.90e-04	2.29e-06	0.00e+00	0.00e+00	0.00e+00	0.00e+00	0.00e+00	8.28e-01	7.05e-05	6.15e-05
 1.65591e+20	8.35e-01	1.65e-01	1.74e-04	2.18e-06	0.00e+00	0.00e+00	0.00e+00	0.00e+00	0.00e+00	8.35e-01	6.94e-05	6.04e-05
 1.65760e+20	8.42e-01	1.58e-01	1.60e-04	2.07e-06	0.00e+00	0.00e+00	0.00e+00	0.00e+00	0.00e+00	8.42e-01	6.82e-05	5.93e-05
 1.65928e+20	8.48e-01	1.52e-01	1.48e-04	1.98e-06	0.00e+00	0.00e+00	0.00e+00	0.00e+00	0.00e+00	8.48e-01	6.71e-05	5.84e-05
 1.66099e+20	8.54e-01	1.46e-01	1.38e-04	1.88e-06	0.00e+00	0.00e+00	0.00e+00	0.00e+00	0.00e+00	8.53e-01	6.60e-05	5.74e-05
 1.66273e+20	8.59e-01	1.41e-01	1.30e-04	1.80e-06	0.00e+00	0.00e+00	0.00e+00	0.00e+00	0.00e+00	8.59e-01	6.51e-05	5.65e-05
 1.66452e+20	8.64e-01	1.36e-01	1.22e-04	1.72e-06	0.00e+00	0.00e+00	0.00e+00	0.00e+00	0.00e+00	8.64e-01	6.40e-05	5.56e-05
 1.66637e+20	8.69e-01	1.31e-01	1.16e-04	1.65e-06	0.00e+00	0.00e+00	0.00e+00	0.00e+00	0.00e+00	8.69e-01	6.32e-05	5.48e-05
 1.66828e+20	8.73e-01	1.27e-01	1.11e-04	1.59e-06	0.00e+00	0.00e+00	0.00e+00	0.00e+00	0.00e+00	8.73e-01	6.22e-05	5.39e-05
 1.67027e+20	8.77e-01	1.23e-01	1.06e-04	1.53e-06	0.00e+00	0.00e+00	0.00e+00	0.00e+00	0.00e+00	8.77e-01	6.14e-05	5.32e-05
 1.67238e+20	8.81e-01	1.19e-01	1.02e-04	1.47e-06	0.00e+00	0.00e+00	0.00e+00	0.00e+00	0.00e+00	8.81e-01	6.06e-05	5.24e-05
 1.67467e+20	8.85e-01	1.15e-01	9.83e-05	1.42e-06	0.00e+00	0.00e+00	0.00e+00	0.00e+00	0.00e+00	8.85e-01	5.98e-05	5.17e-05
 1.67713e+20	8.88e-01	1.12e-01	9.53e-05	1.37e-06	0.00e+00	0.00e+00	0.00e+00	0.00e+00	0.00e+00	8.88e-01	5.91e-05	5.11e-05
 1.67985e+20	8.91e-01	1.09e-01	9.28e-05	1.33e-06	0.00e+00	0.00e+00	0.00e+00	0.00e+00	0.00e+00	8.91e-01	5.85e-05	5.05e-05
 1.68294e+20	8.94e-01	1.06e-01	9.06e-05	1.29e-06	0.00e+00	0.00e+00	0.00e+00	0.00e+00	0.00e+00	8.94e-01	5.78e-05	4.99e-05
 1.68652e+20	8.97e-01	1.03e-01	8.87e-05	1.25e-06	0.00e+00	0.00e+00	0.00e+00	0.00e+00	0.00e+00	8.96e-01	5.73e-05	4.94e-05
 1.69036e+20	8.99e-01	1.01e-01	8.74e-05	1.23e-06	0.00e+00	0.00e+00	0.00e+00	0.00e+00	0.00e+00	8.99e-01	5.68e-05	4.90e-05
 1.69415e+20	9.00e-01	9.98e-02	8.64e-05	1.20e-06	0.00e+00	0.00e+00	0.00e+00	0.00e+00	0.00e+00	9.00e-01	5.65e-05	4.87e-05
 1.69790e+20	9.01e-01	9.86e-02	8.57e-05	1.19e-06	0.00e+00	0.00e+00	0.00e+00	0.00e+00	0.00e+00	9.01e-01	5.62e-05	4.84e-05
 1.70163e+20	9.02e-01	9.77e-02	8.52e-05	1.18e-06	0.00e+00	0.00e+00	0.00e+00	0.00e+00	0.00e+00	9.02e-01	5.60e-05	4.82e-05
 1.70534e+20	9.03e-01	9.70e-02	8.48e-05	1.17e-06	0.00e+00	0.00e+00	0.00e+00	0.00e+00	0.00e+00	9.03e-01	5.59e-05	4.80e-05
 1.70903e+20	9.04e-01	9.64e-02	8.45e-05	1.16e-06	0.00e+00	0.00e+00	0.00e+00	0.00e+00	0.00e+00	9.03e-01	5.58e-05	4.79e-05
 1.71328e+20	9.04e-01	9.55e-02	8.41e-05	1.14e-06	0.00e+00	0.00e+00	0.00e+00	0.00e+00	0.00e+00	9.04e-01	5.56e-05	4.77e-05
 1.71879e+20	9.05e-01	9.52e-02	8.39e-05	1.14e-06	0.00e+00	0.00e+00	0.00e+00	0.00e+00	0.00e+00	9.05e-01	5.55e-05	4.76e-05
 1.72596e+20	9.05e-01	9.46e-02	8.35e-05	1.13e-06	0.00e+00	0.00e+00	0.00e+00	0.00e+00	0.00e+00	9.05e-01	5.54e-05	4.75e-05
 1.73527e+20	9.06e-01	9.38e-02	8.31e-05	1.12e-06	0.00e+00	0.00e+00	0.00e+00	0.00e+00	0.00e+00	9.06e-01	5.53e-05	4.73e-05
 1.74739e+20	9.07e-01	9.29e-02	8.26e-05	1.10e-06	0.00e+00	0.00e+00	0.00e+00	0.00e+00	0.00e+00	9.07e-01	5.51e-05	4.71e-05
 1.76313e+20	9.08e-01	9.19e-02	8.21e-05	1.09e-06	0.00e+00	0.00e+00	0.00e+00	0.00e+00	0.00e+00	9.08e-01	5.50e-05	4.69e-05
 1.78361e+20	9.09e-01	9.05e-02	8.14e-05	1.07e-06	0.00e+00	0.00e+00	0.00e+00	0.00e+00	0.00e+00	9.09e-01	5.47e-05	4.66e-05
 1.81022e+20	9.11e-01	8.89e-02	8.06e-05	1.04e-06	0.00e+00	0.00e+00	0.00e+00	0.00e+00	0.00e+00	9.11e-01	5.45e-05	4.62e-05
 1.84481e+20	9.13e-01	8.68e-02	7.97e-05	1.01e-06	0.00e+00	0.00e+00	0.00e+00	0.00e+00	0.00e+00	9.13e-01	5.41e-05	4.58e-05
 1.88979e+20	9.16e-01	8.43e-02	7.85e-05	9.70e-07	0.00e+00	0.00e+00	0.00e+00	0.00e+00	0.00e+00	9.16e-01	5.36e-05	4.50e-05
 1.94826e+20	9.19e-01	8.12e-02	7.73e-05	9.22e-07	0.00e+00	0.00e+00	0.00e+00	0.00e+00	0.00e+00	9.19e-01	5.30e-05	4.41e-05
 2.01591e+20	9.22e-01	7.80e-02	7.60e-05	8.74e-07	0.00e+00	0.00e+00	0.00e+00	0.00e+00	0.00e+00	9.22e-01	5.25e-05	4.31e-05
 2.08434e+20	9.25e-01	7.51e-02	7.49e-05	8.30e-07	0.00e+00	0.00e+00	0.00e+00	0.00e+00	0.00e+00	9.25e-01	5.19e-05	4.22e-05
 2.15267e+20	9.28e-01	7.24e-02	7.39e-05	7.90e-07	0.00e+00	0.00e+00	0.00e+00	0.00e+00	0.00e+00	9.27e-01	5.14e-05	4.13e-05
 2.22371e+20	9.30e-01	6.98e-02	7.30e-05	7.51e-07	0.00e+00	0.00e+00	0.00e+00	0.00e+00	0.00e+00	9.30e-01	5.10e-05	4.05e-05
 2.29896e+20	9.33e-01	6.73e-02	7.21e-05	7.14e-07	0.00e+00	0.00e+00	0.00e+00	0.00e+00	0.00e+00	9.33e-01	5.05e-05	3.97e-05
 2.37772e+20	9.35e-01	6.48e-02	7.13e-05	6.78e-07	0.00e+00	0.00e+00	0.00e+00	0.00e+00	0.00e+00	9.35e-01	5.00e-05	3.90e-05
 2.45950e+20	9.37e-01	6.24e-02	7.05e-05	6.43e-07	0.00e+00	0.00e+00	0.00e+00	0.00e+00	0.00e+00	9.37e-01	4.96e-05	3.82e-05
 2.54498e+20	9.40e-01	6.01e-02	6.97e-05	6.10e-07	0.00e+00	0.00e+00	0.00e+00	0.00e+00	0.00e+00	9.40e-01	4.91e-05	3.75e-05
 2.63461e+20	9.42e-01	5.79e-02	6.89e-05	5.78e-07	0.00e+00	0.00e+00	0.00e+00	0.00e+00	0.00e+00	9.42e-01	4.86e-05	3.68e-05
 2.72821e+20	9.44e-01	5.58e-02	6.82e-05	5.48e-07	0.00e+00	0.00e+00	0.00e+00	0.00e+00	0.00e+00	9.44e-01	4.81e-05	3.62e-05
 2.82563e+20	9.46e-01	5.37e-02	6.74e-05	5.19e-07	0.00e+00	0.00e+00	0.00e+00	0.00e+00	0.00e+00	9.46e-01	4.76e-05	3.56e-05
 2.92704e+20	9.48e-01	5.17e-02	6.67e-05	4.91e-07	0.00e+00	0.00e+00	0.00e+00	0.00e+00	0.00e+00	9.48e-01	4.71e-05	3.50e-05
 3.03266e+20	9.50e-01	4.97e-02	6.60e-05	4.64e-07	0.00e+00	0.00e+00	0.00e+00	0.00e+00	0.00e+00	9.50e-01	4.65e-05	3.44e-05
 3.14254e+20	9.52e-01	4.79e-02	6.53e-05	4.38e-07	0.00e+00	0.00e+00	0.00e+00	0.00e+00	0.00e+00	9.52e-01	4.59e-05	3.39e-05
 3.25661e+20	9.54e-01	4.61e-02	6.46e-05	4.14e-07	0.00e+00	0.00e+00	0.00e+00	0.00e+00	0.00e+00	9.54e-01	4.53e-05	3.33e-05
 3.37291e+20	9.56e-01	4.43e-02	6.39e-05	3.91e-07	0.00e+00	0.00e+00	0.00e+00	0.00e+00	0.00e+00	9.56e-01	4.46e-05	3.28e-05
 3.48833e+20	9.57e-01	4.27e-02	6.32e-05	3.70e-07	0.00e+00	0.00e+00	0.00e+00	0.00e+00	0.00e+00	9.57e-01	4.38e-05	3.23e-05
 3.60177e+20	9.59e-01	4.12e-02	6.26e-05	3.50e-07	0.00e+00	0.00e+00	0.00e+00	0.00e+00	0.00e+00	9.59e-01	4.29e-05	3.19e-05
 3.71328e+20	9.60e-01	3.98e-02	6.21e-05	3.32e-07	0.00e+00	0.00e+00	0.00e+00	0.00e+00	0.00e+00	9.60e-01	4.21e-05	3.15e-05
 3.82250e+20	9.61e-01	3.85e-02	6.16e-05	3.16e-07	0.00e+00	0.00e+00	0.00e+00	0.00e+00	0.00e+00	9.61e-01	4.12e-05	3.11e-05
 3.92866e+20	9.63e-01	3.72e-02	6.11e-05	3.00e-07	0.00e+00	0.00e+00	0.00e+00	0.00e+00	0.00e+00	9.63e-01	4.02e-05	3.07e-05
 4.03106e+20	9.64e-01	3.60e-02	6.07e-05	2.86e-07	0.00e+00	0.00e+00	0.00e+00	0.00e+00	0.00e+00	9.64e-01	3.92e-05	3.03e-05
 4.12941e+20	9.65e-01	3.47e-02	6.03e-05	2.72e-07	0.00e+00	0.00e+00	0.00e+00	0.00e+00	0.00e+00	9.65e-01	3.82e-05	3.00e-05
