#depth	O	O+	O+2	O+3	O+4	O+5	O+6	O+7	O+8	O[1]	O[2]	O[3]
 3.43190e+16	1.47e-07	2.87e-04	5.19e-02	5.02e-01	3.69e-01	6.96e-02	6.99e-03	3.29e-06	0.00e+00	1.47e-07	3.60e-11	3.96e-11
 2.05914e+17	1.46e-07	2.86e-04	5.21e-02	5.02e-01	3.69e-01	6.96e-02	6.99e-03	3.29e-06	0.00e+00	1.46e-07	3.58e-11	3.94e-11
 8.92294e+17	1.43e-07	2.84e-04	5.26e-02	5.03e-01	3.68e-01	6.93e-02	6.96e-03	3.28e-06	0.00e+00	1.43e-07	3.51e-11	3.87e-11
 3.63781e+18	1.34e-07	2.76e-04	5.47e-02	5.06e-01	3.64e-01	6.83e-02	6.86e-03	3.24e-06	0.00e+00	1.34e-07	3.28e-11	3.61e-11
 8.68957e+18	1.09e-07	2.53e-04	5.74e-02	5.10e-01	3.58e-01	6.71e-02	6.82e-03	3.27e-06	0.00e+00	1.09e-07	2.68e-11	2.95e-11
 1.52569e+19	9.78e-08	2.47e-04	6.15e-02	5.16e-01	3.51e-01	6.53e-02	6.67e-03	3.22e-06	0.00e+00	9.77e-08	2.39e-11	2.64e-11
 2.37943e+19	9.25e-08	2.51e-04	6.76e-02	5.22e-01	3.41e-01	6.26e-02	6.40e-03	3.12e-06	0.00e+00	9.24e-08	2.26e-11	2.49e-11
 3.48930e+19	9.32e-08	2.68e-04	7.71e-02	5.30e-01	3.27e-01	5.89e-02	6.01e-03	2.95e-06	0.00e+00	9.31e-08	2.28e-11	2.51e-11
 4.93213e+19	1.02e-07	3.09e-04	9.26e-02	5.40e-01	3.08e-01	5.37e-02	5.43e-03	2.70e-06	0.00e+00	1.02e-07	2.51e-11	2.76e-11
 6.43736e+19	1.14e-07	3.63e-04	1.13e-01	5.47e-01	2.87e-01	4.80e-02	4.85e-03	2.44e-06	0.00e+00	1.14e-07	2.81e-11	3.08e-11
 7.65848e+19	1.33e-07	4.33e-04	1.36e-01	5.50e-01	2.66e-01	4.29e-02	4.32e-03	2.20e-06	0.00e+00	1.32e-07	3.25e-11	3.57e-11
 8.64640e+19	1.57e-07	5.17e-04	1.60e-01	5.50e-01	2.47e-01	3.84e-02	3.83e-03	1.98e-06	0.00e+00	1.57e-07	3.86e-11	4.24e-11
 9.53852e+19	1.90e-07	6.24e-04	1.87e-01	5.48e-01	2.27e-01	3.39e-02	3.36e-03	1.75e-06	0.00e+00	1.90e-07	4.68e-11	5.13e-11
 1.03940e+20	2.33e-07	7.57e-04	2.19e-01	5.41e-01	2.07e-01	2.95e-02	2.89e-03	1.52e-06	0.00e+00	2.33e-07	5.72e-11	6.27e-11
 1.11461e+20	2.79e-07	9.02e-04	2.53e-01	5.32e-01	1.87e-01	2.55e-02	2.48e-03	1.32e-06	0.00e+00	2.79e-07	6.87e-11	7.53e-11
 1.17660e+20	3.28e-07	1.05e-03	2.85e-01	5.21e-01	1.69e-01	2.22e-02	2.13e-03	1.15e-06	0.00e+00	3.28e-07	8.09e-11	8.85e-11
 1.23343e+20	3.84e-07	1.22e-03	3.19e-01	5.07e-01	1.52e-01	1.91e-02	1.82e-03	9.86e-07	0.00e+00	3.84e-07	9.47e-11	1.04e-10
 1.29795e+20	4.68e-07	1.45e-03	3.62e-01	4.88e-01	1.31e-01	1.57e-02	1.47e-03	8.03e-07	0.00e+00	4.67e-07	1.15e-10	1.26e-10
 1.36343e+20	5.61e-07	1.71e-03	4.09e-01	4.64e-01	1.11e-01	1.27e-02	1.16e-03	6.39e-07	0.00e+00	5.61e-07	1.38e-10	1.51e-10
 1.41622e+20	6.45e-07	1.94e-03	4.50e-01	4.41e-01	9.56e-02	1.04e-02	9.27e-04	5.17e-07	0.00e+00	6.45e-07	1.59e-10	1.74e-10
 1.47091e+20	7.61e-07	2.24e-03	4.95e-01	4.14e-01	7.98e-02	8.20e-03	7.12e-04	3.99e-07	0.00e+00	7.61e-07	1.88e-10	2.06e-10
 1.52970e+20	8.86e-07	2.55e-03	5.42e-01	3.84e-01	6.48e-02	6.29e-03	5.28e-04	2.97e-07	0.00e+00	8.86e-07	2.18e-10	2.39e-10
 1.58347e+20	1.01e-06	2.85e-03	5.85e-01	3.54e-01	5.27e-02	4.83e-03	3.92e-04	2.21e-07	0.00e+00	1.01e-06	2.50e-10	2.74e-10
 1.63019e+20	1.13e-06	3.12e-03	6.21e-01	3.28e-01	4.36e-02	3.81e-03	2.99e-04	1.68e-07	0.00e+00	1.13e-06	2.78e-10	3.05e-10
 1.67096e+20	1.25e-06	3.37e-03	6.51e-01	3.05e-01	3.66e-02	3.06e-03	2.32e-04	1.30e-07	0.00e+00	1.24e-06	3.06e-10	3.36e-10
 1.71682e+20	1.40e-06	3.68e-03	6.85e-01	2.79e-01	2.98e-02	2.36e-03	1.72e-04	0.00e+00	0.00e+00	1.39e-06	3.43e-10	3.77e-10
 1.76737e+20	1.56e-06	3.99e-03	7.18e-01	2.53e-01	2.37e-02	1.78e-03	1.25e-04	0.00e+00	0.00e+00	1.56e-06	3.82e-10	4.21e-10
 1.80871e+20	1.69e-06	4.23e-03	7.42e-01	2.33e-01	1.98e-02	1.43e-03	9.63e-05	0.00e+00	0.00e+00	1.69e-06	4.14e-10	4.56e-10
 1.84079e+20	1.81e-06	4.43e-03	7.60e-01	2.18e-01	1.72e-02	1.20e-03	7.84e-05	0.00e+00	0.00e+00	1.81e-06	4.42e-10	4.87e-10
 1.87615e+20	1.96e-06	4.68e-03	7.79e-01	2.01e-01	1.45e-02	9.79e-04	6.19e-05	0.00e+00	0.00e+00	1.96e-06	4.78e-10	5.28e-10
 1.92212e+20	2.16e-06	4.99e-03	8.01e-01	1.81e-01	1.18e-02	7.59e-04	4.58e-05	0.00e+00	0.00e+00	2.16e-06	5.28e-10	5.83e-10
 1.96957e+20	2.37e-06	5.28e-03	8.21e-01	1.63e-01	9.64e-03	5.97e-04	3.44e-05	0.00e+00	0.00e+00	2.37e-06	5.77e-10	6.39e-10
 2.01081e+20	2.57e-06	5.55e-03	8.36e-01	1.49e-01	8.12e-03	4.87e-04	2.70e-05	0.00e+00	0.00e+00	2.56e-06	6.24e-10	6.92e-10
 2.05627e+20	2.81e-06	5.85e-03	8.52e-01	1.35e-01	6.71e-03	3.90e-04	2.06e-05	0.00e+00	0.00e+00	2.81e-06	6.84e-10	7.59e-10
 2.11536e+20	3.17e-06	6.25e-03	8.70e-01	1.18e-01	5.32e-03	2.97e-04	1.48e-05	0.00e+00	0.00e+00	3.16e-06	7.68e-10	8.53e-10
 2.17798e+20	3.54e-06	6.64e-03	8.85e-01	1.03e-01	4.29e-03	2.31e-04	1.09e-05	0.00e+00	0.00e+00	3.54e-06	8.58e-10	9.54e-10
 2.23618e+20	3.94e-06	7.01e-03	8.98e-01	9.17e-02	3.55e-03	1.85e-04	8.28e-06	0.00e+00	0.00e+00	3.93e-06	9.52e-10	1.06e-09
 2.30286e+20	4.46e-06	7.45e-03	9.10e-01	7.99e-02	2.91e-03	1.46e-04	6.16e-06	0.00e+00	0.00e+00	4.46e-06	1.08e-09	1.20e-09
 2.38955e+20	5.22e-06	8.03e-03	9.22e-01	6.73e-02	2.32e-03	1.11e-04	4.37e-06	0.00e+00	0.00e+00	5.22e-06	1.26e-09	1.41e-09
 2.49995e+20	6.36e-06	8.78e-03	9.35e-01	5.48e-02	1.84e-03	8.15e-05	3.01e-06	0.00e+00	0.00e+00	6.36e-06	1.53e-09	1.71e-09
 2.62003e+20	7.84e-06	9.60e-03	9.44e-01	4.47e-02	1.52e-03	6.11e-05	2.15e-06	0.00e+00	0.00e+00	7.84e-06	1.88e-09	2.11e-09
 2.75501e+20	1.01e-05	1.07e-02	9.52e-01	3.57e-02	1.28e-03	4.53e-05	1.55e-06	0.00e+00	0.00e+00	1.01e-05	2.41e-09	2.71e-09
 2.92503e+20	1.40e-05	1.22e-02	9.59e-01	2.74e-02	1.10e-03	3.21e-05	1.11e-06	0.00e+00	0.00e+00	1.40e-05	3.35e-09	3.77e-09
 3.08988e+20	1.98e-05	1.40e-02	9.63e-01	2.17e-02	9.97e-04	2.36e-05	8.46e-07	0.00e+00	0.00e+00	1.98e-05	4.72e-09	5.33e-09
 3.21216e+20	2.64e-05	1.57e-02	9.65e-01	1.82e-02	9.41e-04	1.88e-05	7.01e-07	0.00e+00	0.00e+00	2.64e-05	6.29e-09	7.10e-09
 3.30889e+20	3.39e-05	1.74e-02	9.66e-01	1.58e-02	9.05e-04	1.55e-05	6.05e-07	0.00e+00	0.00e+00	3.38e-05	8.06e-09	9.11e-09
 3.41369e+20	4.54e-05	1.96e-02	9.66e-01	1.34e-02	8.70e-04	1.24e-05	5.13e-07	0.00e+00	0.00e+00	4.54e-05	1.08e-08	1.22e-08
 3.52640e+20	6.41e-05	2.27e-02	9.65e-01	1.12e-02	8.38e-04	9.71e-06	4.29e-07	0.00e+00	0.00e+00	6.41e-05	1.52e-08	1.72e-08
 3.62121e+20	8.87e-05	2.62e-02	9.63e-01	9.49e-03	8.13e-04	7.76e-06	3.65e-07	0.00e+00	0.00e+00	8.86e-05	2.10e-08	2.38e-08
 3.69714e+20	1.18e-04	2.98e-02	9.61e-01	8.26e-03	7.94e-04	6.39e-06	3.17e-07	0.00e+00	0.00e+00	1.18e-04	2.80e-08	3.17e-08
 3.76560e+20	1.56e-04	3.39e-02	9.58e-01	7.21e-03	7.76e-04	5.27e-06	2.77e-07	0.00e+00	0.00e+00	1.56e-04	3.71e-08	4.20e-08
 3.82205e+20	2.00e-04	3.80e-02	9.55e-01	6.42e-03	7.61e-04	4.47e-06	2.45e-07	0.00e+00	0.00e+00	2.00e-04	4.74e-08	5.37e-08
 3.86182e+20	2.41e-04	4.15e-02	9.52e-01	5.88e-03	7.50e-04	3.94e-06	2.24e-07	0.00e+00	0.00e+00	2.41e-04	5.72e-08	6.47e-08
 3.90137e+20	2.95e-04	4.56e-02	9.48e-01	5.35e-03	7.38e-04	3.44e-06	2.03e-07	0.00e+00	0.00e+00	2.95e-04	6.99e-08	7.90e-08
 3.94464e+20	3.70e-04	5.09e-02	9.43e-01	4.80e-03	7.24e-04	2.95e-06	1.81e-07	0.00e+00	0.00e+00	3.70e-04	8.78e-08	9.92e-08
 3.98241e+20	4.57e-04	5.63e-02	9.38e-01	4.35e-03	7.12e-04	2.56e-06	1.64e-07	0.00e+00	0.00e+00	4.57e-04	1.08e-07	1.22e-07
 4.01402e+20	5.51e-04	6.17e-02	9.33e-01	3.99e-03	7.00e-04	2.26e-06	1.49e-07	0.00e+00	0.00e+00	5.51e-04	1.31e-07	1.47e-07
 4.04344e+20	6.63e-04	6.76e-02	9.27e-01	3.65e-03	6.89e-04	2.00e-06	1.36e-07	0.00e+00	0.00e+00	6.63e-04	1.58e-07	1.77e-07
 4.07253e+20	8.03e-04	7.44e-02	9.21e-01	3.34e-03	6.76e-04	1.75e-06	0.00e+00	0.00e+00	0.00e+00	8.03e-04	1.91e-07	2.14e-07
 4.10062e+20	9.75e-04	8.19e-02	9.13e-01	3.04e-03	6.63e-04	1.54e-06	0.00e+00	0.00e+00	0.00e+00	9.75e-04	2.32e-07	2.60e-07
 4.12706e+20	1.18e-03	9.02e-02	9.05e-01	2.77e-03	6.50e-04	1.35e-06	0.00e+00	0.00e+00	0.00e+00	1.18e-03	2.82e-07	3.15e-07
 4.15194e+20	1.43e-03	9.92e-02	8.96e-01	2.53e-03	6.36e-04	1.18e-06	0.00e+00	0.00e+00	0.00e+00	1.43e-03	3.42e-07	3.80e-07
 4.17560e+20	1.73e-03	1.09e-01	8.86e-01	2.31e-03	6.21e-04	1.04e-06	0.00e+00	0.00e+00	0.00e+00	1.72e-03	4.15e-07	4.59e-07
 4.19823e+20	2.09e-03	1.20e-01	8.75e-01	2.10e-03	6.06e-04	9.10e-07	0.00e+00	0.00e+00	0.00e+00	2.09e-03	5.04e-07	5.54e-07
 4.21991e+20	2.52e-03	1.32e-01	8.63e-01	1.91e-03	5.90e-04	7.97e-07	0.00e+00	0.00e+00	0.00e+00	2.52e-03	6.13e-07	6.69e-07
 4.24066e+20	3.05e-03	1.46e-01	8.49e-01	1.73e-03	5.73e-04	6.95e-07	0.00e+00	0.00e+00	0.00e+00	3.05e-03	7.47e-07	8.09e-07
 4.26045e+20	3.69e-03	1.61e-01	8.34e-01	1.57e-03	5.55e-04	6.06e-07	0.00e+00	0.00e+00	0.00e+00	3.69e-03	9.09e-07	9.76e-07
 4.27933e+20	4.46e-03	1.77e-01	8.17e-01	1.42e-03	5.37e-04	5.27e-07	0.00e+00	0.00e+00	0.00e+00	4.46e-03	1.11e-06	1.18e-06
 4.29746e+20	5.38e-03	1.94e-01	7.98e-01	1.29e-03	5.17e-04	4.58e-07	0.00e+00	0.00e+00	0.00e+00	5.38e-03	1.35e-06	1.42e-06
 4.31494e+20	6.51e-03	2.14e-01	7.78e-01	1.16e-03	4.96e-04	3.95e-07	0.00e+00	0.00e+00	0.00e+00	6.51e-03	1.65e-06	1.71e-06
 4.33172e+20	7.86e-03	2.35e-01	7.56e-01	1.04e-03	4.75e-04	3.41e-07	0.00e+00	0.00e+00	0.00e+00	7.86e-03	2.02e-06	2.06e-06
 4.34779e+20	9.49e-03	2.58e-01	7.31e-01	9.31e-04	4.52e-04	2.92e-07	0.00e+00	0.00e+00	0.00e+00	9.49e-03	2.48e-06	2.48e-06
 4.36328e+20	1.14e-02	2.83e-01	7.05e-01	8.32e-04	4.28e-04	2.50e-07	0.00e+00	0.00e+00	0.00e+00	1.14e-02	3.02e-06	2.98e-06
 4.37832e+20	1.38e-02	3.10e-01	6.75e-01	7.39e-04	4.03e-04	2.12e-07	0.00e+00	0.00e+00	0.00e+00	1.38e-02	3.71e-06	3.59e-06
 4.39293e+20	1.67e-02	3.39e-01	6.44e-01	6.53e-04	3.76e-04	1.78e-07	0.00e+00	0.00e+00	0.00e+00	1.67e-02	4.54e-06	4.32e-06
 4.40702e+20	2.01e-02	3.70e-01	6.09e-01	5.74e-04	3.49e-04	1.49e-07	0.00e+00	0.00e+00	0.00e+00	2.01e-02	5.57e-06	5.19e-06
 4.42061e+20	2.42e-02	4.02e-01	5.73e-01	5.03e-04	3.21e-04	1.23e-07	0.00e+00	0.00e+00	0.00e+00	2.42e-02	6.80e-06	6.22e-06
 4.43383e+20	2.92e-02	4.36e-01	5.34e-01	4.37e-04	2.92e-04	0.00e+00	0.00e+00	0.00e+00	0.00e+00	2.92e-02	8.31e-06	7.45e-06
 4.44674e+20	3.52e-02	4.72e-01	4.92e-01	3.77e-04	2.62e-04	0.00e+00	0.00e+00	0.00e+00	0.00e+00	3.51e-02	1.01e-05	8.92e-06
 4.45828e+20	4.16e-02	5.05e-01	4.53e-01	3.27e-04	2.35e-04	0.00e+00	0.00e+00	0.00e+00	0.00e+00	4.16e-02	1.21e-05	1.05e-05
 4.46798e+20	4.79e-02	5.33e-01	4.19e-01	2.89e-04	2.13e-04	0.00e+00	0.00e+00	0.00e+00	0.00e+00	4.79e-02	1.40e-05	1.20e-05
 4.47841e+20	5.63e-02	5.64e-01	3.79e-01	2.48e-04	1.87e-04	0.00e+00	0.00e+00	0.00e+00	0.00e+00	5.63e-02	1.66e-05	1.40e-05
 4.48944e+20	6.66e-02	5.97e-01	3.36e-01	2.10e-04	1.61e-04	0.00e+00	0.00e+00	0.00e+00	0.00e+00	6.66e-02	1.97e-05	1.64e-05
 4.49868e+20	7.65e-02	6.22e-01	3.01e-01	1.82e-04	1.40e-04	0.00e+00	0.00e+00	0.00e+00	0.00e+00	7.64e-02	2.26e-05	1.87e-05
 4.50672e+20	8.67e-02	6.43e-01	2.70e-01	1.59e-04	1.22e-04	0.00e+00	0.00e+00	0.00e+00	0.00e+00	8.66e-02	2.56e-05	2.10e-05
 4.51579e+20	1.00e-01	6.66e-01	2.34e-01	1.35e-04	1.02e-04	0.00e+00	0.00e+00	0.00e+00	0.00e+00	1.00e-01	2.95e-05	2.40e-05
 4.52539e+20	1.16e-01	6.85e-01	1.98e-01	1.13e-04	8.32e-05	0.00e+00	0.00e+00	0.00e+00	0.00e+00	1.16e-01	3.40e-05	2.75e-05
 4.53352e+20	1.32e-01	6.98e-01	1.70e-01	9.61e-05	6.84e-05	0.00e+00	0.00e+00	0.00e+00	0.00e+00	1.32e-01	3.84e-05	3.09e-05
 4.54058e+20	1.47e-01	7.07e-01	1.46e-01	8.36e-05	5.72e-05	0.00e+00	0.00e+00	0.00e+00	0.00e+00	1.47e-01	4.24e-05	3.40e-05
 4.54844e+20	1.67e-01	7.12e-01	1.21e-01	7.06e-05	4.54e-05	0.00e+00	0.00e+00	0.00e+00	0.00e+00	1.67e-01	4.76e-05	3.79e-05
 4.55700e+20	1.90e-01	7.13e-01	9.72e-02	5.88e-05	3.47e-05	0.00e+00	0.00e+00	0.00e+00	0.00e+00	1.90e-01	5.35e-05	4.24e-05
 4.56470e+20	2.14e-01	7.08e-01	7.79e-02	4.95e-05	2.65e-05	0.00e+00	0.00e+00	0.00e+00	0.00e+00	2.14e-01	5.92e-05	4.68e-05
 4.57169e+20	2.39e-01	6.98e-01	6.24e-02	4.20e-05	2.03e-05	0.00e+00	0.00e+00	0.00e+00	0.00e+00	2.39e-01	6.48e-05	5.11e-05
 4.57957e+20	2.70e-01	6.83e-01	4.74e-02	3.49e-05	1.46e-05	0.00e+00	0.00e+00	0.00e+00	0.00e+00	2.70e-01	7.13e-05	5.61e-05
 4.58755e+20	3.04e-01	6.61e-01	3.52e-02	2.89e-05	1.02e-05	0.00e+00	0.00e+00	0.00e+00	0.00e+00	3.04e-01	7.78e-05	6.10e-05
 4.59372e+20	3.33e-01	6.39e-01	2.74e-02	2.48e-05	7.56e-06	0.00e+00	0.00e+00	0.00e+00	0.00e+00	3.33e-01	8.29e-05	6.49e-05
 4.59875e+20	3.59e-01	6.19e-01	2.19e-02	2.19e-05	5.82e-06	0.00e+00	0.00e+00	0.00e+00	0.00e+00	3.59e-01	8.69e-05	6.80e-05
 4.60426e+20	3.90e-01	5.93e-01	1.69e-02	1.89e-05	4.26e-06	0.00e+00	0.00e+00	0.00e+00	0.00e+00	3.90e-01	9.13e-05	7.13e-05
 4.61012e+20	4.23e-01	5.64e-01	1.27e-02	1.63e-05	3.04e-06	0.00e+00	0.00e+00	0.00e+00	0.00e+00	4.23e-01	9.53e-05	7.43e-05
 4.61514e+20	4.53e-01	5.37e-01	9.72e-03	1.42e-05	2.24e-06	0.00e+00	0.00e+00	0.00e+00	0.00e+00	4.53e-01	9.83e-05	7.66e-05
 4.61946e+20	4.80e-01	5.13e-01	7.67e-03	1.27e-05	1.70e-06	0.00e+00	0.00e+00	0.00e+00	0.00e+00	4.80e-01	1.00e-04	7.82e-05
 4.62344e+20	5.05e-01	4.89e-01	6.11e-03	1.13e-05	1.31e-06	0.00e+00	0.00e+00	0.00e+00	0.00e+00	5.05e-01	1.02e-04	7.94e-05
 4.62733e+20	5.31e-01	4.64e-01	4.83e-03	1.02e-05	1.00e-06	0.00e+00	0.00e+00	0.00e+00	0.00e+00	5.31e-01	1.03e-04	8.03e-05
 4.63111e+20	5.56e-01	4.41e-01	3.84e-03	9.14e-06	7.70e-07	0.00e+00	0.00e+00	0.00e+00	0.00e+00	5.55e-01	1.04e-04	8.08e-05
 4.63452e+20	5.78e-01	4.19e-01	3.09e-03	8.29e-06	6.03e-07	0.00e+00	0.00e+00	0.00e+00	0.00e+00	5.78e-01	1.04e-04	8.10e-05
 4.63709e+20	5.94e-01	4.03e-01	2.64e-03	7.72e-06	5.05e-07	0.00e+00	0.00e+00	0.00e+00	0.00e+00	5.94e-01	1.04e-04	8.10e-05
 4.63879e+20	6.05e-01	3.93e-01	2.37e-03	7.36e-06	4.47e-07	0.00e+00	0.00e+00	0.00e+00	0.00e+00	6.05e-01	1.04e-04	8.09e-05
 4.64040e+20	6.16e-01	3.82e-01	2.12e-03	7.01e-06	3.95e-07	0.00e+00	0.00e+00	0.00e+00	0.00e+00	6.16e-01	1.04e-04	8.07e-05
 4.64223e+20	6.28e-01	3.70e-01	1.87e-03	6.63e-06	3.44e-07	0.00e+00	0.00e+00	0.00e+00	0.00e+00	6.28e-01	1.04e-04	8.04e-05
 4.64416e+20	6.41e-01	3.58e-01	1.64e-03	6.26e-06	2.97e-07	0.00e+00	0.00e+00	0.00e+00	0.00e+00	6.41e-01	1.03e-04	8.01e-05
 4.64604e+20	6.53e-01	3.46e-01	1.44e-03	5.92e-06	2.57e-07	0.00e+00	0.00e+00	0.00e+00	0.00e+00	6.53e-01	1.03e-04	7.96e-05
 4.64787e+20	6.64e-01	3.34e-01	1.27e-03	5.61e-06	2.24e-07	0.00e+00	0.00e+00	0.00e+00	0.00e+00	6.64e-01	1.02e-04	7.91e-05
 4.64970e+20	6.76e-01	3.23e-01	1.12e-03	5.30e-06	1.94e-07	0.00e+00	0.00e+00	0.00e+00	0.00e+00	6.76e-01	1.02e-04	7.85e-05
 4.65151e+20	6.87e-01	3.12e-01	9.87e-04	5.03e-06	1.69e-07	0.00e+00	0.00e+00	0.00e+00	0.00e+00	6.87e-01	1.01e-04	7.79e-05
 4.65331e+20	6.98e-01	3.01e-01	8.69e-04	4.76e-06	1.47e-07	0.00e+00	0.00e+00	0.00e+00	0.00e+00	6.98e-01	1.00e-04	7.72e-05
 4.65512e+20	7.09e-01	2.90e-01	7.66e-04	4.51e-06	1.28e-07	0.00e+00	0.00e+00	0.00e+00	0.00e+00	7.09e-01	9.90e-05	7.64e-05
 4.65691e+20	7.20e-01	2.79e-01	6.75e-04	4.26e-06	0.00e+00	0.00e+00	0.00e+00	0.00e+00	0.00e+00	7.20e-01	9.80e-05	7.56e-05
 4.65868e+20	7.30e-01	2.69e-01	5.98e-04	4.04e-06	0.00e+00	0.00e+00	0.00e+00	0.00e+00	0.00e+00	7.30e-01	9.70e-05	7.48e-05
 4.66043e+20	7.40e-01	2.59e-01	5.29e-04	3.83e-06	0.00e+00	0.00e+00	0.00e+00	0.00e+00	0.00e+00	7.40e-01	9.59e-05	7.39e-05
 4.66222e+20	7.50e-01	2.50e-01	4.69e-04	3.63e-06	0.00e+00	0.00e+00	0.00e+00	0.00e+00	0.00e+00	7.50e-01	9.47e-05	7.30e-05
 4.66402e+20	7.60e-01	2.40e-01	4.15e-04	3.44e-06	0.00e+00	0.00e+00	0.00e+00	0.00e+00	0.00e+00	7.59e-01	9.35e-05	7.20e-05
 4.66581e+20	7.69e-01	2.31e-01	3.69e-04	3.26e-06	0.00e+00	0.00e+00	0.00e+00	0.00e+00	0.00e+00	7.69e-01	9.22e-05	7.10e-05
 4.66760e+20	7.78e-01	2.22e-01	3.29e-04	3.09e-06	0.00e+00	0.00e+00	0.00e+00	0.00e+00	0.00e+00	7.78e-01	9.10e-05	6.99e-05
 4.66937e+20	7.86e-01	2.13e-01	2.95e-04	2.93e-06	0.00e+00	0.00e+00	0.00e+00	0.00e+00	0.00e+00	7.86e-01	8.97e-05	6.89e-05
 4.67118e+20	7.95e-01	2.05e-01	2.64e-04	2.78e-06	0.00e+00	0.00e+00	0.00e+00	0.00e+00	0.00e+00	7.95e-01	8.83e-05	6.79e-05
 4.67301e+20	8.03e-01	1.97e-01	2.38e-04	2.64e-06	0.00e+00	0.00e+00	0.00e+00	0.00e+00	0.00e+00	8.03e-01	8.70e-05	6.68e-05
 4.67485e+20	8.11e-01	1.89e-01	2.15e-04	2.50e-06	0.00e+00	0.00e+00	0.00e+00	0.00e+00	0.00e+00	8.11e-01	8.57e-05	6.58e-05
 4.67673e+20	8.18e-01	1.81e-01	1.95e-04	2.38e-06	0.00e+00	0.00e+00	0.00e+00	0.00e+00	0.00e+00	8.18e-01	8.44e-05	6.47e-05
 4.67863e+20	8.26e-01	1.74e-01	1.78e-04	2.25e-06	0.00e+00	0.00e+00	0.00e+00	0.00e+00	0.00e+00	8.26e-01	8.30e-05	6.36e-05
 4.68055e+20	8.33e-01	1.67e-01	1.63e-04	2.14e-06	0.00e+00	0.00e+00	0.00e+00	0.00e+00	0.00e+00	8.33e-01	8.16e-05	6.25e-05
 4.68248e+20	8.39e-01	1.61e-01	1.51e-04	2.04e-06	0.00e+00	0.00e+00	0.00e+00	0.00e+00	0.00e+00	8.39e-01	8.03e-05	6.15e-05
 4.68441e+20	8.45e-01	1.55e-01	1.40e-04	1.95e-06	0.00e+00	0.00e+00	0.00e+00	0.00e+00	0.00e+00	8.45e-01	7.91e-05	6.05e-05
 4.68636e+20	8.51e-01	1.49e-01	1.31e-04	1.86e-06	0.00e+00	0.00e+00	0.00e+00	0.00e+00	0.00e+00	8.51e-01	7.79e-05	5.95e-05
 4.68837e+20	8.56e-01	1.44e-01	1.24e-04	1.78e-06	0.00e+00	0.00e+00	0.00e+00	0.00e+00	0.00e+00	8.56e-01	7.67e-05	5.86e-05
 4.69045e+20	8.61e-01	1.39e-01	1.17e-04	1.71e-06	0.00e+00	0.00e+00	0.00e+00	0.00e+00	0.00e+00	8.61e-01	7.56e-05	5.77e-05
 4.69260e+20	8.66e-01	1.34e-01	1.11e-04	1.64e-06	0.00e+00	0.00e+00	0.00e+00	0.00e+00	0.00e+00	8.66e-01	7.45e-05	5.69e-05
 4.69486e+20	8.70e-01	1.30e-01	1.06e-04	1.58e-06	0.00e+00	0.00e+00	0.00e+00	0.00e+00	0.00e+00	8.70e-01	7.35e-05	5.61e-05
 4.69725e+20	8.74e-01	1.26e-01	1.02e-04	1.52e-06	0.00e+00	0.00e+00	0.00e+00	0.00e+00	0.00e+00	8.74e-01	7.26e-05	5.54e-05
 4.69980e+20	8.78e-01	1.22e-01	9.81e-05	1.47e-06	0.00e+00	0.00e+00	0.00e+00	0.00e+00	0.00e+00	8.78e-01	7.17e-05	5.47e-05
 4.70261e+20	8.81e-01	1.19e-01	9.49e-05	1.42e-06	0.00e+00	0.00e+00	0.00e+00	0.00e+00	0.00e+00	8.81e-01	7.09e-05	5.40e-05
 4.70577e+20	8.84e-01	1.15e-01	9.21e-05	1.37e-06	0.00e+00	0.00e+00	0.00e+00	0.00e+00	0.00e+00	8.84e-01	7.01e-05	5.34e-05
 4.70940e+20	8.87e-01	1.13e-01	8.98e-05	1.34e-06	0.00e+00	0.00e+00	0.00e+00	0.00e+00	0.00e+00	8.87e-01	6.94e-05	5.28e-05
 4.71334e+20	8.90e-01	1.10e-01	8.80e-05	1.30e-06	0.00e+00	0.00e+00	0.00e+00	0.00e+00	0.00e+00	8.89e-01	6.88e-05	5.24e-05
 4.71725e+20	8.91e-01	1.09e-01	8.67e-05	1.28e-06	0.00e+00	0.00e+00	0.00e+00	0.00e+00	0.00e+00	8.91e-01	6.84e-05	5.21e-05
 4.72113e+20	8.93e-01	1.07e-01	8.58e-05	1.26e-06	0.00e+00	0.00e+00	0.00e+00	0.00e+00	0.00e+00	8.93e-01	6.81e-05	5.18e-05
 4.72497e+20	8.94e-01	1.06e-01	8.51e-05	1.25e-06	0.00e+00	0.00e+00	0.00e+00	0.00e+00	0.00e+00	8.93e-01	6.79e-05	5.16e-05
 4.72879e+20	8.94e-01	1.06e-01	8.46e-05	1.24e-06	0.00e+00	0.00e+00	0.00e+00	0.00e+00	0.00e+00	8.94e-01	6.77e-05	5.15e-05
 4.73259e+20	8.95e-01	1.05e-01	8.42e-05	1.23e-06	0.00e+00	0.00e+00	0.00e+00	0.00e+00	0.00e+00	8.95e-01	6.75e-05	5.13e-05
 4.73638e+20	8.96e-01	1.04e-01	8.39e-05	1.22e-06	0.00e+00	0.00e+00	0.00e+00	0.00e+00	0.00e+00	8.95e-01	6.74e-05	5.12e-05
 4.74073e+20	8.96e-01	1.04e-01	8.36e-05	1.22e-06	0.00e+00	0.00e+00	0.00e+00	0.00e+00	0.00e+00	8.96e-01	6.73e-05	5.11e-05
 4.74639e+20	8.96e-01	1.04e-01	8.33e-05	1.21e-06	0.00e+00	0.00e+00	0.00e+00	0.00e+00	0.00e+00	8.96e-01	6.71e-05	5.10e-05
 4.75375e+20	8.96e-01	1.03e-01	8.31e-05	1.21e-06	0.00e+00	0.00e+00	0.00e+00	0.00e+00	0.00e+00	8.96e-01	6.71e-05	5.10e-05
 4.76331e+20	8.97e-01	1.03e-01	8.27e-05	1.20e-06	0.00e+00	0.00e+00	0.00e+00	0.00e+00	0.00e+00	8.97e-01	6.69e-05	5.09e-05
 4.77574e+20	8.97e-01	1.03e-01	8.25e-05	1.19e-06	0.00e+00	0.00e+00	0.00e+00	0.00e+00	0.00e+00	8.97e-01	6.69e-05	5.08e-05
 4.79190e+20	8.98e-01	1.02e-01	8.21e-05	1.19e-06	0.00e+00	0.00e+00	0.00e+00	0.00e+00	0.00e+00	8.98e-01	6.67e-05	5.07e-05
 4.81290e+20	8.99e-01	1.01e-01	8.16e-05	1.17e-06	0.00e+00	0.00e+00	0.00e+00	0.00e+00	0.00e+00	8.99e-01	6.66e-05	5.05e-05
 4.84021e+20	9.00e-01	1.00e-01	8.10e-05	1.16e-06	0.00e+00	0.00e+00	0.00e+00	0.00e+00	0.00e+00	8.99e-01	6.63e-05	5.03e-05
 4.87571e+20	9.01e-01	9.92e-02	8.02e-05	1.14e-06	0.00e+00	0.00e+00	0.00e+00	0.00e+00	0.00e+00	9.01e-01	6.61e-05	5.01e-05
 4.92186e+20	9.02e-01	9.77e-02	7.93e-05	1.12e-06	0.00e+00	0.00e+00	0.00e+00	0.00e+00	0.00e+00	9.02e-01	6.57e-05	4.98e-05
 4.98186e+20	9.04e-01	9.58e-02	7.81e-05	1.09e-06	0.00e+00	0.00e+00	0.00e+00	0.00e+00	0.00e+00	9.04e-01	6.53e-05	4.94e-05
 5.05985e+20	9.06e-01	9.36e-02	7.67e-05	1.06e-06	0.00e+00	0.00e+00	0.00e+00	0.00e+00	0.00e+00	9.06e-01	6.47e-05	4.89e-05
 5.16124e+20	9.09e-01	9.08e-02	7.50e-05	1.02e-06	0.00e+00	0.00e+00	0.00e+00	0.00e+00	0.00e+00	9.09e-01	6.41e-05	4.83e-05
 5.29086e+20	9.12e-01	8.76e-02	7.31e-05	9.68e-07	0.00e+00	0.00e+00	0.00e+00	0.00e+00	0.00e+00	9.12e-01	6.33e-05	4.76e-05
 5.43728e+20	9.16e-01	8.42e-02	7.13e-05	9.18e-07	0.00e+00	0.00e+00	0.00e+00	0.00e+00	0.00e+00	9.16e-01	6.26e-05	4.69e-05
 5.58690e+20	9.19e-01	8.12e-02	6.96e-05	8.74e-07	0.00e+00	0.00e+00	0.00e+00	0.00e+00	0.00e+00	9.19e-01	6.19e-05	4.63e-05
 5.73859e+20	9.22e-01	7.84e-02	6.81e-05	8.32e-07	0.00e+00	0.00e+00	0.00e+00	0.00e+00	0.00e+00	9.21e-01	6.12e-05	4.56e-05
 5.89577e+20	9.24e-01	7.57e-02	6.66e-05	7.92e-07	0.00e+00	0.00e+00	0.00e+00	0.00e+00	0.00e+00	9.24e-01	6.06e-05	4.50e-05
 6.06283e+20	9.27e-01	7.30e-02	6.52e-05	7.54e-07	0.00e+00	0.00e+00	0.00e+00	0.00e+00	0.00e+00	9.27e-01	6.00e-05	4.44e-05
 6.23932e+20	9.30e-01	7.04e-02	6.39e-05	7.17e-07	0.00e+00	0.00e+00	0.00e+00	0.00e+00	0.00e+00	9.29e-01	5.94e-05	4.39e-05
 6.42408e+20	9.32e-01	6.79e-02	6.26e-05	6.81e-07	0.00e+00	0.00e+00	0.00e+00	0.00e+00	0.00e+00	9.32e-01	5.89e-05	4.33e-05
 6.61741e+20	9.34e-01	6.55e-02	6.13e-05	6.47e-07	0.00e+00	0.00e+00	0.00e+00	0.00e+00	0.00e+00	9.34e-01	5.84e-05	4.28e-05
 6.82013e+20	9.37e-01	6.32e-02	6.01e-05	6.14e-07	0.00e+00	0.00e+00	0.00e+00	0.00e+00	0.00e+00	9.37e-01	5.79e-05	4.22e-05
 7.03310e+20	9.39e-01	6.10e-02	5.88e-05	5.83e-07	0.00e+00	0.00e+00	0.00e+00	0.00e+00	0.00e+00	9.39e-01	5.74e-05	4.17e-05
 7.25683e+20	9.41e-01	5.88e-02	5.76e-05	5.53e-07	0.00e+00	0.00e+00	0.00e+00	0.00e+00	0.00e+00	9.41e-01	5.70e-05	4.12e-05
 7.49181e+20	9.43e-01	5.67e-02	5.64e-05	5.24e-07	0.00e+00	0.00e+00	0.00e+00	0.00e+00	0.00e+00	9.43e-01	5.66e-05	4.08e-05
 7.73846e+20	9.45e-01	5.47e-02	5.53e-05	4.97e-07	0.00e+00	0.00e+00	0.00e+00	0.00e+00	0.00e+00	9.45e-01	5.62e-05	4.03e-05
 7.99777e+20	9.47e-01	5.28e-02	5.41e-05	4.70e-07	0.00e+00	0.00e+00	0.00e+00	0.00e+00	0.00e+00	9.47e-01	5.58e-05	3.99e-05
 8.27022e+20	9.49e-01	5.09e-02	5.29e-05	4.45e-07	0.00e+00	0.00e+00	0.00e+00	0.00e+00	0.00e+00	9.49e-01	5.55e-05	3.94e-05
 8.55611e+20	9.51e-01	4.91e-02	5.17e-05	4.21e-07	0.00e+00	0.00e+00	0.00e+00	0.00e+00	0.00e+00	9.51e-01	5.52e-05	3.90e-05
 8.85839e+20	9.53e-01	4.74e-02	5.05e-05	3.97e-07	0.00e+00	0.00e+00	0.00e+00	0.00e+00	0.00e+00	9.53e-01	5.49e-05	3.86e-05
 9.17740e+20	9.54e-01	4.57e-02	4.93e-05	3.75e-07	0.00e+00	0.00e+00	0.00e+00	0.00e+00	0.00e+00	9.54e-01	5.46e-05	3.82e-05
 9.51140e+20	9.56e-01	4.41e-02	4.81e-05	3.53e-07	0.00e+00	0.00e+00	0.00e+00	0.00e+00	0.00e+00	9.56e-01	5.43e-05	3.78e-05
 9.86298e+20	9.57e-01	4.25e-02	4.68e-05	3.33e-07	0.00e+00	0.00e+00	0.00e+00	0.00e+00	0.00e+00	9.57e-01	5.41e-05	3.74e-05
 1.02339e+21	9.59e-01	4.10e-02	4.56e-05	3.13e-07	0.00e+00	0.00e+00	0.00e+00	0.00e+00	0.00e+00	9.59e-01	5.39e-05	3.71e-05
 1.06240e+21	9.60e-01	3.96e-02	4.44e-05	2.94e-07	0.00e+00	0.00e+00	0.00e+00	0.00e+00	0.00e+00	9.60e-01	5.38e-05	3.67e-05
 1.10376e+21	9.62e-01	3.81e-02	4.31e-05	2.76e-07	0.00e+00	0.00e+00	0.00e+00	0.00e+00	0.00e+00	9.62e-01	5.36e-05	3.64e-05
 1.14755e+21	9.63e-01	3.68e-02	4.18e-05	2.59e-07	0.00e+00	0.00e+00	0.00e+00	0.00e+00	0.00e+00	9.63e-01	5.35e-05	3.61e-05
 1.19349e+21	9.64e-01	3.55e-02	4.06e-05	2.42e-07	0.00e+00	0.00e+00	0.00e+00	0.00e+00	0.00e+00	9.64e-01	5.34e-05	3.57e-05
 1.24191e+21	9.66e-01	3.42e-02	3.93e-05	2.27e-07	0.00e+00	0.00e+00	0.00e+00	0.00e+00	0.00e+00	9.66e-01	5.33e-05	3.54e-05
 1.29310e+21	9.67e-01	3.30e-02	3.80e-05	2.12e-07	0.00e+00	0.00e+00	0.00e+00	0.00e+00	0.00e+00	9.67e-01	5.33e-05	3.51e-05
 1.34705e+21	9.68e-01	3.18e-02	3.66e-05	1.97e-07	0.00e+00	0.00e+00	0.00e+00	0.00e+00	0.00e+00	9.68e-01	5.32e-05	3.48e-05
 1.40444e+21	9.69e-01	3.07e-02	3.53e-05	1.84e-07	0.00e+00	0.00e+00	0.00e+00	0.00e+00	0.00e+00	9.69e-01	5.32e-05	3.46e-05
 1.46537e+21	9.70e-01	2.96e-02	3.40e-05	1.71e-07	0.00e+00	0.00e+00	0.00e+00	0.00e+00	0.00e+00	9.70e-01	5.32e-05	3.43e-05
 1.52935e+21	9.71e-01	2.86e-02	3.26e-05	1.58e-07	0.00e+00	0.00e+00	0.00e+00	0.00e+00	0.00e+00	9.71e-01	5.32e-05	3.40e-05
 1.59673e+21	9.72e-01	2.76e-02	3.13e-05	1.47e-07	0.00e+00	0.00e+00	0.00e+00	0.00e+00	0.00e+00	9.72e-01	5.33e-05	3.38e-05
 1.66861e+21	9.73e-01	2.66e-02	3.00e-05	1.36e-07	0.00e+00	0.00e+00	0.00e+00	0.00e+00	0.00e+00	9.73e-01	5.34e-05	3.35e-05
 1.74525e+21	9.74e-01	2.56e-02	2.86e-05	1.25e-07	0.00e+00	0.00e+00	0.00e+00	0.00e+00	0.00e+00	9.74e-01	5.34e-05	3.33e-05
 1.82610e+21	9.75e-01	2.47e-02	2.73e-05	0.00e+00	0.00e+00	0.00e+00	0.00e+00	0.00e+00	0.00e+00	9.75e-01	5.35e-05	3.31e-05
 1.91144e+21	9.76e-01	2.38e-02	2.60e-05	0.00e+00	0.00e+00	0.00e+00	0.00e+00	0.00e+00	0.00e+00	9.76e-01	5.36e-05	3.28e-05
 2.00201e+21	9.77e-01	2.30e-02	2.46e-05	0.00e+00	0.00e+00	0.00e+00	0.00e+00	0.00e+00	0.00e+00	9.77e-01	5.38e-05	3.26e-05
 2.09820e+21	9.78e-01	2.21e-02	2.33e-05	0.00e+00	0.00e+00	0.00e+00	0.00e+00	0.00e+00	0.00e+00	9.78e-01	5.39e-05	3.24e-05
 2.20119e+21	9.79e-01	2.13e-02	2.21e-05	0.00e+00	0.00e+00	0.00e+00	0.00e+00	0.00e+00	0.00e+00	9.79e-01	5.40e-05	3.21e-05
 2.31072e+21	9.79e-01	2.06e-02	2.08e-05	0.00e+00	0.00e+00	0.00e+00	0.00e+00	0.00e+00	0.00e+00	9.79e-01	5.42e-05	3.19e-05
 2.42468e+21	9.80e-01	1.98e-02	1.96e-05	0.00e+00	0.00e+00	0.00e+00	0.00e+00	0.00e+00	0.00e+00	9.80e-01	5.43e-05	3.17e-05
 2.54573e+21	9.81e-01	1.91e-02	1.84e-05	0.00e+00	0.00e+00	0.00e+00	0.00e+00	0.00e+00	0.00e+00	9.81e-01	5.44e-05	3.14e-05
 2.67621e+21	9.82e-01	1.84e-02	1.73e-05	0.00e+00	0.00e+00	0.00e+00	0.00e+00	0.00e+00	0.00e+00	9.81e-01	5.45e-05	3.12e-05
 2.81431e+21	9.82e-01	1.78e-02	1.62e-05	0.00e+00	0.00e+00	0.00e+00	0.00e+00	0.00e+00	0.00e+00	9.82e-01	5.46e-05	3.10e-05
 2.95987e+21	9.83e-01	1.71e-02	1.51e-05	0.00e+00	0.00e+00	0.00e+00	0.00e+00	0.00e+00	0.00e+00	9.83e-01	5.46e-05	3.07e-05
 3.11313e+21	9.83e-01	1.65e-02	1.41e-05	0.00e+00	0.00e+00	0.00e+00	0.00e+00	0.00e+00	0.00e+00	9.83e-01	5.46e-05	3.05e-05
 3.26766e+21	9.84e-01	1.59e-02	1.32e-05	0.00e+00	0.00e+00	0.00e+00	0.00e+00	0.00e+00	0.00e+00	9.84e-01	5.45e-05	3.03e-05
 3.41509e+21	9.85e-01	1.54e-02	1.25e-05	0.00e+00	0.00e+00	0.00e+00	0.00e+00	0.00e+00	0.00e+00	9.85e-01	5.44e-05	3.01e-05
 3.55613e+21	9.85e-01	1.49e-02	1.18e-05	0.00e+00	0.00e+00	0.00e+00	0.00e+00	0.00e+00	0.00e+00	9.85e-01	5.43e-05	2.99e-05
 3.71643e+21	9.86e-01	1.44e-02	1.11e-05	0.00e+00	0.00e+00	0.00e+00	0.00e+00	0.00e+00	0.00e+00	9.85e-01	5.40e-05	2.97e-05
 3.88935e+21	9.86e-01	1.40e-02	1.04e-05	0.00e+00	0.00e+00	0.00e+00	0.00e+00	0.00e+00	0.00e+00	9.86e-01	5.37e-05	2.95e-05
 4.03721e+21	9.86e-01	1.36e-02	9.91e-06	0.00e+00	0.00e+00	0.00e+00	0.00e+00	0.00e+00	0.00e+00	9.86e-01	5.33e-05	2.93e-05
 4.16332e+21	9.87e-01	1.33e-02	9.50e-06	0.00e+00	0.00e+00	0.00e+00	0.00e+00	0.00e+00	0.00e+00	9.87e-01	5.29e-05	2.92e-05
 4.30260e+21	9.87e-01	1.30e-02	9.06e-06	0.00e+00	0.00e+00	0.00e+00	0.00e+00	0.00e+00	0.00e+00	9.87e-01	5.25e-05	2.90e-05
 4.47892e+21	9.87e-01	1.26e-02	8.55e-06	0.00e+00	0.00e+00	0.00e+00	0.00e+00	0.00e+00	0.00e+00	9.87e-01	5.19e-05	2.88e-05
 4.67211e+21	9.88e-01	1.22e-02	8.06e-06	0.00e+00	0.00e+00	0.00e+00	0.00e+00	0.00e+00	0.00e+00	9.88e-01	5.10e-05	2.86e-05
 4.85203e+21	9.88e-01	1.18e-02	7.65e-06	0.00e+00	0.00e+00	0.00e+00	0.00e+00	0.00e+00	0.00e+00	9.88e-01	5.01e-05	2.85e-05
 5.01593e+21	9.88e-01	1.16e-02	7.30e-06	0.00e+00	0.00e+00	0.00e+00	0.00e+00	0.00e+00	0.00e+00	9.88e-01	4.91e-05	2.83e-05
 5.16045e+21	9.89e-01	1.13e-02	7.03e-06	0.00e+00	0.00e+00	0.00e+00	0.00e+00	0.00e+00	0.00e+00	9.89e-01	4.81e-05	2.82e-05
 5.28512e+21	9.89e-01	1.11e-02	6.80e-06	0.00e+00	0.00e+00	0.00e+00	0.00e+00	0.00e+00	0.00e+00	9.89e-01	4.72e-05	2.81e-05
 5.42251e+21	9.89e-01	1.09e-02	6.55e-06	0.00e+00	0.00e+00	0.00e+00	0.00e+00	0.00e+00	0.00e+00	9.89e-01	4.62e-05	2.80e-05
 5.58865e+21	9.89e-01	1.06e-02	6.28e-06	0.00e+00	0.00e+00	0.00e+00	0.00e+00	0.00e+00	0.00e+00	9.89e-01	4.49e-05	2.78e-05
 5.74912e+21	9.90e-01	1.03e-02	6.06e-06	0.00e+00	0.00e+00	0.00e+00	0.00e+00	0.00e+00	0.00e+00	9.90e-01	4.33e-05	2.76e-05
 5.88113e+21	9.90e-01	1.01e-02	5.90e-06	0.00e+00	0.00e+00	0.00e+00	0.00e+00	0.00e+00	0.00e+00	9.90e-01	4.19e-05	2.75e-05
 6.00009e+21	9.90e-01	9.89e-03	5.75e-06	0.00e+00	0.00e+00	0.00e+00	0.00e+00	0.00e+00	0.00e+00	9.90e-01	4.06e-05	2.74e-05
 6.12019e+21	9.90e-01	9.64e-03	5.61e-06	0.00e+00	0.00e+00	0.00e+00	0.00e+00	0.00e+00	0.00e+00	9.90e-01	3.93e-05	2.72e-05
