#depth	O	O+	O+2	O+3	O+4	O+5	O+6	O+7	O+8	O[1]	O[2]	O[3]
 1.43991e+16	9.19e-02	8.45e-01	6.31e-02	2.98e-04	3.15e-06	0.00e+00	0.00e+00	0.00e+00	0.00e+00	9.19e-02	6.81e-07	7.15e-07
 8.63946e+16	9.19e-02	8.45e-01	6.32e-02	2.98e-04	3.14e-06	0.00e+00	0.00e+00	0.00e+00	0.00e+00	9.19e-02	6.81e-07	7.16e-07
 3.74376e+17	9.14e-02	8.45e-01	6.36e-02	3.01e-04	3.17e-06	0.00e+00	0.00e+00	0.00e+00	0.00e+00	9.14e-02	6.78e-07	7.12e-07
 1.52630e+18	9.05e-02	8.44e-01	6.51e-02	3.07e-04	3.24e-06	0.00e+00	0.00e+00	0.00e+00	0.00e+00	9.05e-02	6.71e-07	7.05e-07
 3.64585e+18	8.39e-02	8.43e-01	7.25e-02	3.59e-04	3.77e-06	0.00e+00	0.00e+00	0.00e+00	0.00e+00	8.39e-02	6.25e-07	6.57e-07
 6.40126e+18	8.04e-02	8.43e-01	7.66e-02	3.86e-04	4.05e-06	0.00e+00	0.00e+00	0.00e+00	0.00e+00	8.04e-02	6.00e-07	6.32e-07
 9.98329e+18	7.89e-02	8.42e-01	7.88e-02	3.94e-04	4.13e-06	0.00e+00	0.00e+00	0.00e+00	0.00e+00	7.89e-02	5.90e-07	6.21e-07
 1.46399e+19	7.95e-02	8.41e-01	7.86e-02	3.78e-04	3.98e-06	0.00e+00	0.00e+00	0.00e+00	0.00e+00	7.95e-02	5.94e-07	6.25e-07
 2.05621e+19	8.28e-02	8.41e-01	7.57e-02	3.38e-04	3.60e-06	0.00e+00	0.00e+00	0.00e+00	0.00e+00	8.28e-02	6.17e-07	6.49e-07
 2.74003e+19	8.88e-02	8.41e-01	7.04e-02	2.83e-04	3.07e-06	0.00e+00	0.00e+00	0.00e+00	0.00e+00	8.88e-02	6.59e-07	6.93e-07
 3.53453e+19	1.00e-01	8.38e-01	6.13e-02	2.11e-04	2.36e-06	0.00e+00	0.00e+00	0.00e+00	0.00e+00	1.00e-01	7.37e-07	7.74e-07
 4.50026e+19	1.19e-01	8.31e-01	4.94e-02	1.37e-04	1.62e-06	0.00e+00	0.00e+00	0.00e+00	0.00e+00	1.19e-01	8.66e-07	9.08e-07
 5.46603e+19	1.45e-01	8.16e-01	3.82e-02	8.38e-05	1.06e-06	0.00e+00	0.00e+00	0.00e+00	0.00e+00	1.45e-01	1.03e-06	1.08e-06
 6.30972e+19	1.76e-01	7.95e-01	2.93e-02	5.13e-05	6.92e-07	0.00e+00	0.00e+00	0.00e+00	0.00e+00	1.76e-01	1.22e-06	1.27e-06
 7.09975e+19	2.10e-01	7.68e-01	2.23e-02	3.16e-05	4.58e-07	0.00e+00	0.00e+00	0.00e+00	0.00e+00	2.10e-01	1.42e-06	1.48e-06
 7.84806e+19	2.48e-01	7.35e-01	1.70e-02	1.98e-05	3.07e-07	0.00e+00	0.00e+00	0.00e+00	0.00e+00	2.48e-01	1.61e-06	1.68e-06
 8.54148e+19	2.86e-01	7.01e-01	1.31e-02	1.29e-05	2.12e-07	0.00e+00	0.00e+00	0.00e+00	0.00e+00	2.86e-01	1.79e-06	1.87e-06
 9.18238e+19	3.23e-01	6.66e-01	1.03e-02	8.82e-06	1.51e-07	0.00e+00	0.00e+00	0.00e+00	0.00e+00	3.23e-01	1.95e-06	2.03e-06
 9.78430e+19	3.59e-01	6.33e-01	8.24e-03	6.24e-06	0.00e+00	0.00e+00	0.00e+00	0.00e+00	0.00e+00	3.59e-01	2.08e-06	2.17e-06
 1.03489e+20	3.93e-01	6.00e-01	6.68e-03	4.57e-06	0.00e+00	0.00e+00	0.00e+00	0.00e+00	0.00e+00	3.93e-01	2.19e-06	2.28e-06
 1.08883e+20	4.24e-01	5.71e-01	5.50e-03	3.46e-06	0.00e+00	0.00e+00	0.00e+00	0.00e+00	0.00e+00	4.24e-01	2.27e-06	2.36e-06
 1.13998e+20	4.52e-01	5.43e-01	4.59e-03	2.70e-06	0.00e+00	0.00e+00	0.00e+00	0.00e+00	0.00e+00	4.52e-01	2.34e-06	2.43e-06
 1.18835e+20	4.78e-01	5.18e-01	3.87e-03	2.15e-06	0.00e+00	0.00e+00	0.00e+00	0.00e+00	0.00e+00	4.78e-01	2.39e-06	2.48e-06
 1.23652e+20	5.03e-01	4.94e-01	3.28e-03	1.74e-06	0.00e+00	0.00e+00	0.00e+00	0.00e+00	0.00e+00	5.03e-01	2.42e-06	2.52e-06
 1.28591e+20	5.27e-01	4.70e-01	2.78e-03	1.41e-06	0.00e+00	0.00e+00	0.00e+00	0.00e+00	0.00e+00	5.27e-01	2.45e-06	2.54e-06
 1.33523e+20	5.50e-01	4.48e-01	2.37e-03	1.17e-06	0.00e+00	0.00e+00	0.00e+00	0.00e+00	0.00e+00	5.50e-01	2.47e-06	2.56e-06
 1.38355e+20	5.70e-01	4.28e-01	2.02e-03	9.78e-07	0.00e+00	0.00e+00	0.00e+00	0.00e+00	0.00e+00	5.70e-01	2.47e-06	2.57e-06
 1.43232e+20	5.90e-01	4.08e-01	1.73e-03	8.25e-07	0.00e+00	0.00e+00	0.00e+00	0.00e+00	0.00e+00	5.90e-01	2.48e-06	2.57e-06
 1.47263e+20	6.05e-01	3.94e-01	1.54e-03	7.30e-07	0.00e+00	0.00e+00	0.00e+00	0.00e+00	0.00e+00	6.05e-01	2.47e-06	2.56e-06
 1.50214e+20	6.15e-01	3.83e-01	1.41e-03	6.66e-07	0.00e+00	0.00e+00	0.00e+00	0.00e+00	0.00e+00	6.15e-01	2.47e-06	2.56e-06
 1.53180e+20	6.26e-01	3.73e-01	1.29e-03	6.09e-07	0.00e+00	0.00e+00	0.00e+00	0.00e+00	0.00e+00	6.26e-01	2.46e-06	2.55e-06
 1.56602e+20	6.37e-01	3.62e-01	1.16e-03	5.51e-07	0.00e+00	0.00e+00	0.00e+00	0.00e+00	0.00e+00	6.37e-01	2.45e-06	2.54e-06
 1.60344e+20	6.49e-01	3.50e-01	1.04e-03	4.97e-07	0.00e+00	0.00e+00	0.00e+00	0.00e+00	0.00e+00	6.49e-01	2.44e-06	2.52e-06
 1.64110e+20	6.60e-01	3.39e-01	9.36e-04	4.52e-07	0.00e+00	0.00e+00	0.00e+00	0.00e+00	0.00e+00	6.60e-01	2.42e-06	2.51e-06
 1.67943e+20	6.72e-01	3.27e-01	8.39e-04	4.11e-07	0.00e+00	0.00e+00	0.00e+00	0.00e+00	0.00e+00	6.72e-01	2.41e-06	2.49e-06
 1.71909e+20	6.82e-01	3.17e-01	7.52e-04	3.75e-07	0.00e+00	0.00e+00	0.00e+00	0.00e+00	0.00e+00	6.82e-01	2.39e-06	2.47e-06
 1.76045e+20	6.93e-01	3.06e-01	6.71e-04	3.42e-07	0.00e+00	0.00e+00	0.00e+00	0.00e+00	0.00e+00	6.93e-01	2.37e-06	2.45e-06
 1.80380e+20	7.04e-01	2.96e-01	5.98e-04	3.12e-07	0.00e+00	0.00e+00	0.00e+00	0.00e+00	0.00e+00	7.04e-01	2.35e-06	2.43e-06
 1.84799e+20	7.14e-01	2.85e-01	5.33e-04	2.86e-07	0.00e+00	0.00e+00	0.00e+00	0.00e+00	0.00e+00	7.14e-01	2.33e-06	2.41e-06
 1.89355e+20	7.24e-01	2.76e-01	4.74e-04	2.63e-07	0.00e+00	0.00e+00	0.00e+00	0.00e+00	0.00e+00	7.24e-01	2.31e-06	2.38e-06
 1.94173e+20	7.34e-01	2.66e-01	4.20e-04	2.42e-07	0.00e+00	0.00e+00	0.00e+00	0.00e+00	0.00e+00	7.34e-01	2.28e-06	2.35e-06
 1.99167e+20	7.43e-01	2.56e-01	3.73e-04	2.24e-07	0.00e+00	0.00e+00	0.00e+00	0.00e+00	0.00e+00	7.43e-01	2.26e-06	2.33e-06
 2.04359e+20	7.53e-01	2.47e-01	3.29e-04	2.06e-07	0.00e+00	0.00e+00	0.00e+00	0.00e+00	0.00e+00	7.53e-01	2.23e-06	2.30e-06
 2.09769e+20	7.62e-01	2.38e-01	2.91e-04	1.91e-07	0.00e+00	0.00e+00	0.00e+00	0.00e+00	0.00e+00	7.62e-01	2.20e-06	2.27e-06
 2.15416e+20	7.70e-01	2.29e-01	2.57e-04	1.78e-07	0.00e+00	0.00e+00	0.00e+00	0.00e+00	0.00e+00	7.70e-01	2.17e-06	2.24e-06
 2.21371e+20	7.79e-01	2.21e-01	2.27e-04	1.66e-07	0.00e+00	0.00e+00	0.00e+00	0.00e+00	0.00e+00	7.79e-01	2.14e-06	2.21e-06
 2.27681e+20	7.87e-01	2.13e-01	2.00e-04	1.54e-07	0.00e+00	0.00e+00	0.00e+00	0.00e+00	0.00e+00	7.87e-01	2.11e-06	2.18e-06
 2.34369e+20	7.95e-01	2.05e-01	1.76e-04	1.44e-07	0.00e+00	0.00e+00	0.00e+00	0.00e+00	0.00e+00	7.95e-01	2.08e-06	2.14e-06
 2.41358e+20	8.03e-01	1.97e-01	1.55e-04	1.35e-07	0.00e+00	0.00e+00	0.00e+00	0.00e+00	0.00e+00	8.03e-01	2.05e-06	2.11e-06
 2.48801e+20	8.10e-01	1.90e-01	1.36e-04	1.27e-07	0.00e+00	0.00e+00	0.00e+00	0.00e+00	0.00e+00	8.10e-01	2.02e-06	2.08e-06
 2.56850e+20	8.17e-01	1.82e-01	1.20e-04	0.00e+00	0.00e+00	0.00e+00	0.00e+00	0.00e+00	0.00e+00	8.17e-01	1.99e-06	2.05e-06
 2.65478e+20	8.24e-01	1.76e-01	1.06e-04	0.00e+00	0.00e+00	0.00e+00	0.00e+00	0.00e+00	0.00e+00	8.24e-01	1.97e-06	2.02e-06
 2.74605e+20	8.31e-01	1.69e-01	9.34e-05	0.00e+00	0.00e+00	0.00e+00	0.00e+00	0.00e+00	0.00e+00	8.31e-01	1.94e-06	1.99e-06
 2.84329e+20	8.37e-01	1.63e-01	8.28e-05	0.00e+00	0.00e+00	0.00e+00	0.00e+00	0.00e+00	0.00e+00	8.37e-01	1.91e-06	1.96e-06
 2.94851e+20	8.42e-01	1.58e-01	7.35e-05	0.00e+00	0.00e+00	0.00e+00	0.00e+00	0.00e+00	0.00e+00	8.42e-01	1.88e-06	1.93e-06
 3.06331e+20	8.48e-01	1.52e-01	6.54e-05	0.00e+00	0.00e+00	0.00e+00	0.00e+00	0.00e+00	0.00e+00	8.48e-01	1.86e-06	1.90e-06
 3.18894e+20	8.53e-01	1.47e-01	5.82e-05	0.00e+00	0.00e+00	0.00e+00	0.00e+00	0.00e+00	0.00e+00	8.53e-01	1.83e-06	1.88e-06
 3.32712e+20	8.58e-01	1.42e-01	5.20e-05	0.00e+00	0.00e+00	0.00e+00	0.00e+00	0.00e+00	0.00e+00	8.58e-01	1.80e-06	1.85e-06
 3.48008e+20	8.62e-01	1.38e-01	4.64e-05	0.00e+00	0.00e+00	0.00e+00	0.00e+00	0.00e+00	0.00e+00	8.62e-01	1.78e-06	1.82e-06
 3.65014e+20	8.67e-01	1.33e-01	4.15e-05	0.00e+00	0.00e+00	0.00e+00	0.00e+00	0.00e+00	0.00e+00	8.67e-01	1.76e-06	1.80e-06
 3.83914e+20	8.71e-01	1.29e-01	3.71e-05	0.00e+00	0.00e+00	0.00e+00	0.00e+00	0.00e+00	0.00e+00	8.71e-01	1.73e-06	1.77e-06
 4.04989e+20	8.75e-01	1.25e-01	3.32e-05	0.00e+00	0.00e+00	0.00e+00	0.00e+00	0.00e+00	0.00e+00	8.75e-01	1.71e-06	1.75e-06
 4.28402e+20	8.79e-01	1.21e-01	2.97e-05	0.00e+00	0.00e+00	0.00e+00	0.00e+00	0.00e+00	0.00e+00	8.79e-01	1.68e-06	1.72e-06
 4.54236e+20	8.83e-01	1.17e-01	2.66e-05	0.00e+00	0.00e+00	0.00e+00	0.00e+00	0.00e+00	0.00e+00	8.83e-01	1.66e-06	1.70e-06
 4.82660e+20	8.87e-01	1.13e-01	2.38e-05	0.00e+00	0.00e+00	0.00e+00	0.00e+00	0.00e+00	0.00e+00	8.87e-01	1.64e-06	1.68e-06
 5.13754e+20	8.91e-01	1.09e-01	2.14e-05	0.00e+00	0.00e+00	0.00e+00	0.00e+00	0.00e+00	0.00e+00	8.91e-01	1.62e-06	1.65e-06
 5.47632e+20	8.94e-01	1.06e-01	1.92e-05	0.00e+00	0.00e+00	0.00e+00	0.00e+00	0.00e+00	0.00e+00	8.94e-01	1.60e-06	1.63e-06
 5.84418e+20	8.97e-01	1.03e-01	1.72e-05	0.00e+00	0.00e+00	0.00e+00	0.00e+00	0.00e+00	0.00e+00	8.97e-01	1.58e-06	1.61e-06
 6.24318e+20	9.01e-01	9.92e-02	1.55e-05	0.00e+00	0.00e+00	0.00e+00	0.00e+00	0.00e+00	0.00e+00	9.01e-01	1.56e-06	1.59e-06
 6.67499e+20	9.04e-01	9.60e-02	1.40e-05	0.00e+00	0.00e+00	0.00e+00	0.00e+00	0.00e+00	0.00e+00	9.04e-01	1.54e-06	1.57e-06
 7.14170e+20	9.07e-01	9.30e-02	1.26e-05	0.00e+00	0.00e+00	0.00e+00	0.00e+00	0.00e+00	0.00e+00	9.07e-01	1.52e-06	1.55e-06
 7.64749e+20	9.10e-01	9.00e-02	1.14e-05	0.00e+00	0.00e+00	0.00e+00	0.00e+00	0.00e+00	0.00e+00	9.10e-01	1.50e-06	1.53e-06
 8.19717e+20	9.13e-01	8.71e-02	1.04e-05	0.00e+00	0.00e+00	0.00e+00	0.00e+00	0.00e+00	0.00e+00	9.13e-01	1.48e-06	1.51e-06
 8.79534e+20	9.16e-01	8.43e-02	9.42e-06	0.00e+00	0.00e+00	0.00e+00	0.00e+00	0.00e+00	0.00e+00	9.16e-01	1.46e-06	1.49e-06
 9.44675e+20	9.18e-01	8.17e-02	8.58e-06	0.00e+00	0.00e+00	0.00e+00	0.00e+00	0.00e+00	0.00e+00	9.18e-01	1.45e-06	1.47e-06
 1.01577e+21	9.21e-01	7.91e-02	7.85e-06	0.00e+00	0.00e+00	0.00e+00	0.00e+00	0.00e+00	0.00e+00	9.21e-01	1.43e-06	1.45e-06
 1.09369e+21	9.23e-01	7.66e-02	7.19e-06	0.00e+00	0.00e+00	0.00e+00	0.00e+00	0.00e+00	0.00e+00	9.23e-01	1.41e-06	1.44e-06
 1.17948e+21	9.26e-01	7.42e-02	6.60e-06	0.00e+00	0.00e+00	0.00e+00	0.00e+00	0.00e+00	0.00e+00	9.26e-01	1.40e-06	1.42e-06
 1.27434e+21	9.28e-01	7.19e-02	6.08e-06	0.00e+00	0.00e+00	0.00e+00	0.00e+00	0.00e+00	0.00e+00	9.28e-01	1.38e-06	1.40e-06
 1.37974e+21	9.30e-01	6.97e-02	5.62e-06	0.00e+00	0.00e+00	0.00e+00	0.00e+00	0.00e+00	0.00e+00	9.30e-01	1.37e-06	1.39e-06
 1.49753e+21	9.32e-01	6.76e-02	5.20e-06	0.00e+00	0.00e+00	0.00e+00	0.00e+00	0.00e+00	0.00e+00	9.32e-01	1.36e-06	1.37e-06
 1.63012e+21	9.34e-01	6.56e-02	4.82e-06	0.00e+00	0.00e+00	0.00e+00	0.00e+00	0.00e+00	0.00e+00	9.34e-01	1.34e-06	1.36e-06
 1.78056e+21	9.36e-01	6.36e-02	4.48e-06	0.00e+00	0.00e+00	0.00e+00	0.00e+00	0.00e+00	0.00e+00	9.36e-01	1.33e-06	1.35e-06
 1.95279e+21	9.38e-01	6.18e-02	4.17e-06	0.00e+00	0.00e+00	0.00e+00	0.00e+00	0.00e+00	0.00e+00	9.38e-01	1.32e-06	1.33e-06
 2.14715e+21	9.40e-01	6.00e-02	3.90e-06	0.00e+00	0.00e+00	0.00e+00	0.00e+00	0.00e+00	0.00e+00	9.40e-01	1.31e-06	1.32e-06
 2.36186e+21	9.42e-01	5.85e-02	3.66e-06	0.00e+00	0.00e+00	0.00e+00	0.00e+00	0.00e+00	0.00e+00	9.42e-01	1.30e-06	1.31e-06
 2.59805e+21	9.43e-01	5.70e-02	3.44e-06	0.00e+00	0.00e+00	0.00e+00	0.00e+00	0.00e+00	0.00e+00	9.43e-01	1.29e-06	1.30e-06
 2.85785e+21	9.44e-01	5.58e-02	3.25e-06	0.00e+00	0.00e+00	0.00e+00	0.00e+00	0.00e+00	0.00e+00	9.44e-01	1.28e-06	1.29e-06
 3.14364e+21	9.45e-01	5.46e-02	3.07e-06	0.00e+00	0.00e+00	0.00e+00	0.00e+00	0.00e+00	0.00e+00	9.45e-01	1.27e-06	1.28e-06
 3.45800e+21	9.46e-01	5.36e-02	2.92e-06	0.00e+00	0.00e+00	0.00e+00	0.00e+00	0.00e+00	0.00e+00	9.46e-01	1.27e-06	1.27e-06
 3.80380e+21	9.47e-01	5.27e-02	2.77e-06	0.00e+00	0.00e+00	0.00e+00	0.00e+00	0.00e+00	0.00e+00	9.47e-01	1.26e-06	1.27e-06
 4.18418e+21	9.48e-01	5.19e-02	2.63e-06	0.00e+00	0.00e+00	0.00e+00	0.00e+00	0.00e+00	0.00e+00	9.48e-01	1.26e-06	1.26e-06
 4.60260e+21	9.49e-01	5.12e-02	2.50e-06	0.00e+00	0.00e+00	0.00e+00	0.00e+00	0.00e+00	0.00e+00	9.49e-01	1.25e-06	1.26e-06
 5.06286e+21	9.49e-01	5.06e-02	2.37e-06	0.00e+00	0.00e+00	0.00e+00	0.00e+00	0.00e+00	0.00e+00	9.49e-01	1.25e-06	1.25e-06
 5.56915e+21	9.50e-01	5.01e-02	2.25e-06	0.00e+00	0.00e+00	0.00e+00	0.00e+00	0.00e+00	0.00e+00	9.50e-01	1.25e-06	1.25e-06
 6.12607e+21	9.50e-01	4.97e-02	2.13e-06	0.00e+00	0.00e+00	0.00e+00	0.00e+00	0.00e+00	0.00e+00	9.50e-01	1.24e-06	1.25e-06
 6.73867e+21	9.51e-01	4.93e-02	2.01e-06	0.00e+00	0.00e+00	0.00e+00	0.00e+00	0.00e+00	0.00e+00	9.51e-01	1.24e-06	1.24e-06
 7.41254e+21	9.51e-01	4.90e-02	1.89e-06	0.00e+00	0.00e+00	0.00e+00	0.00e+00	0.00e+00	0.00e+00	9.51e-01	1.24e-06	1.24e-06
 8.15379e+21	9.51e-01	4.87e-02	1.78e-06	0.00e+00	0.00e+00	0.00e+00	0.00e+00	0.00e+00	0.00e+00	9.51e-01	1.24e-06	1.24e-06
 8.96917e+21	9.51e-01	4.85e-02	1.67e-06	0.00e+00	0.00e+00	0.00e+00	0.00e+00	0.00e+00	0.00e+00	9.51e-01	1.24e-06	1.24e-06
 9.86609e+21	9.52e-01	4.83e-02	1.56e-06	0.00e+00	0.00e+00	0.00e+00	0.00e+00	0.00e+00	0.00e+00	9.52e-01	1.24e-06	1.24e-06
 1.08527e+22	9.52e-01	4.83e-02	1.44e-06	0.00e+00	0.00e+00	0.00e+00	0.00e+00	0.00e+00	0.00e+00	9.52e-01	1.24e-06	1.24e-06
 1.19380e+22	9.52e-01	4.82e-02	1.34e-06	0.00e+00	0.00e+00	0.00e+00	0.00e+00	0.00e+00	0.00e+00	9.52e-01	1.24e-06	1.24e-06
 1.31318e+22	9.52e-01	4.81e-02	1.23e-06	0.00e+00	0.00e+00	0.00e+00	0.00e+00	0.00e+00	0.00e+00	9.52e-01	1.24e-06	1.23e-06
 1.44449e+22	9.52e-01	4.80e-02	1.13e-06	0.00e+00	0.00e+00	0.00e+00	0.00e+00	0.00e+00	0.00e+00	9.52e-01	1.24e-06	1.23e-06
 1.58894e+22	9.52e-01	4.81e-02	1.03e-06	0.00e+00	0.00e+00	0.00e+00	0.00e+00	0.00e+00	0.00e+00	9.52e-01	1.24e-06	1.23e-06
 1.73566e+22	9.52e-01	4.81e-02	9.36e-07	0.00e+00	0.00e+00	0.00e+00	0.00e+00	0.00e+00	0.00e+00	9.52e-01	1.24e-06	1.23e-06
 1.87066e+22	9.52e-01	4.81e-02	8.63e-07	0.00e+00	0.00e+00	0.00e+00	0.00e+00	0.00e+00	0.00e+00	9.52e-01	1.24e-06	1.23e-06
 1.99216e+22	9.52e-01	4.80e-02	8.04e-07	0.00e+00	0.00e+00	0.00e+00	0.00e+00	0.00e+00	0.00e+00	9.52e-01	1.24e-06	1.23e-06
 2.10152e+22	9.52e-01	4.80e-02	7.55e-07	0.00e+00	0.00e+00	0.00e+00	0.00e+00	0.00e+00	0.00e+00	9.52e-01	1.24e-06	1.23e-06
 2.19993e+22	9.52e-01	4.80e-02	7.15e-07	0.00e+00	0.00e+00	0.00e+00	0.00e+00	0.00e+00	0.00e+00	9.52e-01	1.24e-06	1.23e-06
 2.28851e+22	9.52e-01	4.79e-02	6.80e-07	0.00e+00	0.00e+00	0.00e+00	0.00e+00	0.00e+00	0.00e+00	9.52e-01	1.24e-06	1.23e-06
 2.36822e+22	9.52e-01	4.79e-02	6.52e-07	0.00e+00	0.00e+00	0.00e+00	0.00e+00	0.00e+00	0.00e+00	9.52e-01	1.23e-06	1.23e-06
 2.43997e+22	9.52e-01	4.79e-02	6.27e-07	0.00e+00	0.00e+00	0.00e+00	0.00e+00	0.00e+00	0.00e+00	9.52e-01	1.23e-06	1.23e-06
 2.50454e+22	9.52e-01	4.78e-02	6.06e-07	0.00e+00	0.00e+00	0.00e+00	0.00e+00	0.00e+00	0.00e+00	9.52e-01	1.23e-06	1.23e-06
 2.56265e+22	9.52e-01	4.78e-02	5.88e-07	0.00e+00	0.00e+00	0.00e+00	0.00e+00	0.00e+00	0.00e+00	9.52e-01	1.23e-06	1.23e-06
 2.61496e+22	9.52e-01	4.78e-02	5.72e-07	0.00e+00	0.00e+00	0.00e+00	0.00e+00	0.00e+00	0.00e+00	9.52e-01	1.23e-06	1.23e-06
 2.66203e+22	9.52e-01	4.77e-02	5.58e-07	0.00e+00	0.00e+00	0.00e+00	0.00e+00	0.00e+00	0.00e+00	9.52e-01	1.23e-06	1.23e-06
 2.70439e+22	9.52e-01	4.77e-02	5.46e-07	0.00e+00	0.00e+00	0.00e+00	0.00e+00	0.00e+00	0.00e+00	9.52e-01	1.23e-06	1.23e-06
 2.74252e+22	9.52e-01	4.77e-02	5.36e-07	0.00e+00	0.00e+00	0.00e+00	0.00e+00	0.00e+00	0.00e+00	9.52e-01	1.23e-06	1.23e-06
 2.77684e+22	9.52e-01	4.76e-02	5.27e-07	0.00e+00	0.00e+00	0.00e+00	0.00e+00	0.00e+00	0.00e+00	9.52e-01	1.23e-06	1.23e-06
 2.80852e+22	9.52e-01	4.76e-02	5.18e-07	0.00e+00	0.00e+00	0.00e+00	0.00e+00	0.00e+00	0.00e+00	9.52e-01	1.23e-06	1.23e-06
 2.83938e+22	9.52e-01	4.75e-02	5.10e-07	0.00e+00	0.00e+00	0.00e+00	0.00e+00	0.00e+00	0.00e+00	9.52e-01	1.22e-06	1.23e-06
 2.87023e+22	9.52e-01	4.75e-02	5.02e-07	0.00e+00	0.00e+00	0.00e+00	0.00e+00	0.00e+00	0.00e+00	9.52e-01	1.22e-06	1.23e-06
 2.90109e+22	9.53e-01	4.75e-02	4.95e-07	0.00e+00	0.00e+00	0.00e+00	0.00e+00	0.00e+00	0.00e+00	9.53e-01	1.22e-06	1.23e-06
 2.93195e+22	9.53e-01	4.74e-02	4.87e-07	0.00e+00	0.00e+00	0.00e+00	0.00e+00	0.00e+00	0.00e+00	9.53e-01	1.22e-06	1.23e-06
 2.96280e+22	9.53e-01	4.73e-02	4.80e-07	0.00e+00	0.00e+00	0.00e+00	0.00e+00	0.00e+00	0.00e+00	9.53e-01	1.22e-06	1.23e-06
 2.99366e+22	9.53e-01	4.73e-02	4.73e-07	0.00e+00	0.00e+00	0.00e+00	0.00e+00	0.00e+00	0.00e+00	9.53e-01	1.22e-06	1.23e-06
 3.02452e+22	9.53e-01	4.72e-02	4.66e-07	0.00e+00	0.00e+00	0.00e+00	0.00e+00	0.00e+00	0.00e+00	9.53e-01	1.22e-06	1.23e-06
 3.05537e+22	9.53e-01	4.71e-02	4.58e-07	0.00e+00	0.00e+00	0.00e+00	0.00e+00	0.00e+00	0.00e+00	9.53e-01	1.22e-06	1.23e-06
 3.07824e+22	9.53e-01	4.71e-02	4.54e-07	0.00e+00	0.00e+00	0.00e+00	0.00e+00	0.00e+00	0.00e+00	9.53e-01	1.22e-06	1.23e-06
