#depth	He	He+	He+2
 1.43491e+15	5.96e-02	7.70e-01	1.70e-01
 8.60948e+15	5.97e-02	7.71e-01	1.70e-01
 3.73078e+16	5.97e-02	7.71e-01	1.70e-01
 1.52101e+17	5.97e-02	7.71e-01	1.69e-01
 3.63320e+17	5.87e-02	7.71e-01	1.70e-01
 6.37905e+17	5.85e-02	7.71e-01	1.70e-01
 9.94866e+17	5.86e-02	7.72e-01	1.69e-01
 1.45891e+18	5.91e-02	7.73e-01	1.68e-01
 2.04695e+18	6.02e-02	7.74e-01	1.66e-01
 2.72399e+18	6.18e-02	7.76e-01	1.62e-01
 3.51043e+18	6.47e-02	7.78e-01	1.57e-01
 4.46666e+18	6.93e-02	7.80e-01	1.51e-01
 5.42769e+18	7.46e-02	7.80e-01	1.45e-01
 6.27457e+18	8.06e-02	7.80e-01	1.39e-01
 7.07002e+18	8.72e-02	7.78e-01	1.34e-01
 7.82233e+18	9.45e-02	7.76e-01	1.30e-01
 8.51808e+18	1.02e-01	7.72e-01	1.26e-01
 9.16157e+18	1.10e-01	7.67e-01	1.23e-01
 9.76441e+18	1.19e-01	7.62e-01	1.19e-01
 1.03328e+19	1.27e-01	7.56e-01	1.16e-01
 1.08677e+19	1.36e-01	7.50e-01	1.14e-01
 1.13720e+19	1.45e-01	7.44e-01	1.11e-01
 1.18621e+19	1.54e-01	7.37e-01	1.09e-01
 1.23560e+19	1.64e-01	7.30e-01	1.07e-01
 1.28481e+19	1.74e-01	7.22e-01	1.04e-01
 1.33309e+19	1.84e-01	7.14e-01	1.02e-01
 1.38166e+19	1.96e-01	7.05e-01	9.92e-02
 1.43117e+19	2.08e-01	6.96e-01	9.66e-02
 1.47194e+19	2.17e-01	6.88e-01	9.47e-02
 1.50139e+19	2.24e-01	6.83e-01	9.33e-02
 1.53120e+19	2.32e-01	6.77e-01	9.18e-02
 1.56600e+19	2.41e-01	6.69e-01	8.99e-02
 1.60374e+19	2.51e-01	6.61e-01	8.79e-02
 1.64131e+19	2.61e-01	6.53e-01	8.61e-02
 1.67963e+19	2.71e-01	6.45e-01	8.40e-02
 1.71946e+19	2.82e-01	6.36e-01	8.21e-02
 1.76092e+19	2.94e-01	6.26e-01	8.00e-02
 1.80428e+19	3.06e-01	6.16e-01	7.78e-02
 1.84850e+19	3.18e-01	6.06e-01	7.57e-02
 1.89405e+19	3.31e-01	5.96e-01	7.35e-02
 1.94210e+19	3.45e-01	5.84e-01	7.12e-02
 1.99190e+19	3.58e-01	5.73e-01	6.90e-02
 2.04356e+19	3.73e-01	5.60e-01	6.66e-02
 2.09735e+19	3.88e-01	5.48e-01	6.43e-02
 2.15383e+19	4.03e-01	5.35e-01	6.19e-02
 2.21339e+19	4.19e-01	5.21e-01	5.94e-02
 2.27485e+19	4.35e-01	5.08e-01	5.70e-02
 2.33944e+19	4.52e-01	4.94e-01	5.46e-02
 2.40881e+19	4.69e-01	4.79e-01	5.20e-02
 2.48245e+19	4.86e-01	4.64e-01	4.95e-02
 2.56034e+19	5.04e-01	4.49e-01	4.69e-02
 2.64372e+19	5.22e-01	4.34e-01	4.44e-02
 2.73228e+19	5.40e-01	4.19e-01	4.19e-02
 2.82669e+19	5.57e-01	4.04e-01	3.94e-02
 2.92841e+19	5.74e-01	3.89e-01	3.69e-02
 3.03781e+19	5.91e-01	3.74e-01	3.45e-02
 3.15631e+19	6.08e-01	3.60e-01	3.21e-02
 3.28653e+19	6.25e-01	3.45e-01	2.98e-02
 3.42968e+19	6.41e-01	3.31e-01	2.75e-02
 3.58709e+19	6.57e-01	3.18e-01	2.53e-02
 3.76075e+19	6.72e-01	3.04e-01	2.32e-02
 3.95237e+19	6.87e-01	2.91e-01	2.11e-02
 4.16316e+19	7.02e-01	2.79e-01	1.92e-02
 4.39422e+19	7.16e-01	2.66e-01	1.74e-02
 4.64647e+19	7.30e-01	2.54e-01	1.57e-02
 4.91977e+19	7.43e-01	2.43e-01	1.42e-02
 5.21416e+19	7.56e-01	2.31e-01	1.28e-02
 5.52995e+19	7.68e-01	2.20e-01	1.15e-02
 5.86771e+19	7.80e-01	2.10e-01	1.04e-02
 6.22797e+19	7.91e-01	2.00e-01	9.31e-03
 6.61183e+19	8.02e-01	1.90e-01	8.37e-03
 7.01950e+19	8.12e-01	1.81e-01	7.53e-03
 7.45160e+19	8.22e-01	1.72e-01	6.77e-03
 7.91035e+19	8.31e-01	1.63e-01	6.09e-03
 8.39733e+19	8.39e-01	1.55e-01	5.48e-03
 8.91370e+19	8.48e-01	1.47e-01	4.93e-03
 9.46079e+19	8.56e-01	1.40e-01	4.43e-03
 1.00404e+20	8.63e-01	1.33e-01	3.99e-03
 1.06549e+20	8.70e-01	1.26e-01	3.59e-03
 1.13064e+20	8.77e-01	1.20e-01	3.23e-03
 1.19974e+20	8.83e-01	1.14e-01	2.90e-03
 1.27305e+20	8.90e-01	1.08e-01	2.61e-03
 1.35085e+20	8.95e-01	1.02e-01	2.35e-03
 1.43347e+20	9.01e-01	9.70e-02	2.11e-03
 1.52126e+20	9.06e-01	9.19e-02	1.90e-03
 1.61460e+20	9.11e-01	8.71e-02	1.71e-03
 1.71387e+20	9.16e-01	8.25e-02	1.53e-03
 1.81954e+20	9.21e-01	7.81e-02	1.37e-03
 1.93208e+20	9.25e-01	7.39e-02	1.23e-03
 2.05199e+20	9.29e-01	6.99e-02	1.11e-03
 2.17984e+20	9.33e-01	6.61e-02	9.90e-04
 2.31628e+20	9.37e-01	6.25e-02	8.87e-04
 2.46199e+20	9.40e-01	5.91e-02	7.93e-04
 2.61780e+20	9.44e-01	5.58e-02	7.09e-04
 2.78436e+20	9.47e-01	5.26e-02	6.33e-04
 2.96265e+20	9.50e-01	4.97e-02	5.65e-04
 3.15378e+20	9.53e-01	4.68e-02	5.04e-04
 3.35866e+20	9.55e-01	4.41e-02	4.49e-04
 3.57938e+20	9.58e-01	4.16e-02	3.99e-04
 3.81707e+20	9.61e-01	3.91e-02	3.55e-04
 4.07312e+20	9.63e-01	3.68e-02	3.15e-04
 4.34974e+20	9.65e-01	3.46e-02	2.79e-04
 4.64828e+20	9.67e-01	3.25e-02	2.47e-04
 4.97414e+20	9.69e-01	3.05e-02	2.19e-04
 5.32969e+20	9.71e-01	2.86e-02	1.93e-04
 5.71617e+20	9.73e-01	2.68e-02	1.70e-04
 6.13890e+20	9.75e-01	2.51e-02	1.50e-04
 6.60616e+20	9.76e-01	2.35e-02	1.31e-04
 7.12431e+20	9.78e-01	2.20e-02	1.15e-04
 7.69930e+20	9.79e-01	2.05e-02	1.01e-04
 8.34223e+20	9.81e-01	1.92e-02	8.81e-05
 9.06900e+20	9.82e-01	1.79e-02	7.68e-05
 9.89665e+20	9.83e-01	1.66e-02	6.68e-05
 1.08491e+21	9.84e-01	1.55e-02	5.80e-05
 1.19289e+21	9.86e-01	1.44e-02	5.05e-05
 1.31218e+21	9.86e-01	1.35e-02	4.43e-05
 1.44340e+21	9.87e-01	1.27e-02	3.91e-05
 1.58774e+21	9.88e-01	1.19e-02	3.48e-05
 1.74651e+21	9.89e-01	1.13e-02	3.13e-05
 1.92117e+21	9.89e-01	1.08e-02	2.83e-05
 2.11328e+21	9.90e-01	1.03e-02	2.59e-05
 2.32461e+21	9.90e-01	9.88e-03	2.39e-05
 2.55707e+21	9.90e-01	9.53e-03	2.22e-05
 2.81278e+21	9.91e-01	9.22e-03	2.08e-05
 3.09406e+21	9.91e-01	8.96e-03	1.96e-05
 3.40346e+21	9.91e-01	8.74e-03	1.86e-05
 3.74381e+21	9.91e-01	8.55e-03	1.78e-05
 4.11819e+21	9.92e-01	8.38e-03	1.71e-05
 4.50510e+21	9.92e-01	8.26e-03	1.66e-05
 4.87297e+21	9.92e-01	8.16e-03	1.62e-05
 5.22300e+21	9.92e-01	8.06e-03	1.58e-05
 5.62081e+21	9.92e-01	8.01e-03	1.56e-05
 6.05832e+21	9.92e-01	7.95e-03	1.53e-05
 6.44579e+21	9.92e-01	7.90e-03	1.52e-05
 6.78459e+21	9.92e-01	7.85e-03	1.49e-05
 7.16179e+21	9.92e-01	7.82e-03	1.48e-05
 7.65214e+21	9.92e-01	7.78e-03	1.47e-05
 8.14275e+21	9.92e-01	7.76e-03	1.46e-05
 8.52087e+21	9.92e-01	7.73e-03	1.45e-05
 8.89962e+21	9.92e-01	7.72e-03	1.44e-05
 9.39199e+21	9.92e-01	7.69e-03	1.43e-05
 9.90358e+21	9.92e-01	7.68e-03	1.42e-05
 1.03281e+22	9.92e-01	7.67e-03	1.42e-05
 1.07681e+22	9.92e-01	7.65e-03	1.41e-05
 1.13400e+22	9.92e-01	7.64e-03	1.41e-05
 1.19396e+22	9.92e-01	7.62e-03	1.40e-05
 1.24545e+22	9.92e-01	7.61e-03	1.39e-05
 1.30033e+22	9.92e-01	7.60e-03	1.39e-05
 1.37168e+22	9.92e-01	7.59e-03	1.38e-05
 1.46443e+22	9.92e-01	7.58e-03	1.38e-05
 1.58500e+22	9.92e-01	7.56e-03	1.37e-05
 1.72478e+22	9.92e-01	7.55e-03	1.37e-05
 1.86087e+22	9.92e-01	7.53e-03	1.36e-05
 1.98335e+22	9.92e-01	7.52e-03	1.36e-05
 2.09358e+22	9.92e-01	7.51e-03	1.35e-05
 2.19279e+22	9.92e-01	7.51e-03	1.35e-05
 2.28208e+22	9.92e-01	7.50e-03	1.35e-05
 2.36244e+22	9.92e-01	7.50e-03	1.35e-05
 2.43476e+22	9.92e-01	7.50e-03	1.35e-05
 2.49985e+22	9.92e-01	7.49e-03	1.34e-05
 2.55844e+22	9.92e-01	7.49e-03	1.34e-05
 2.61116e+22	9.92e-01	7.49e-03	1.34e-05
 2.65861e+22	9.92e-01	7.49e-03	1.34e-05
 2.70132e+22	9.92e-01	7.49e-03	1.34e-05
 2.73975e+22	9.92e-01	7.49e-03	1.34e-05
 2.77435e+22	9.92e-01	7.49e-03	1.34e-05
 2.80616e+22	9.92e-01	7.49e-03	1.34e-05
 2.83702e+22	9.92e-01	7.49e-03	1.35e-05
 2.86787e+22	9.92e-01	7.50e-03	1.35e-05
 2.89873e+22	9.92e-01	7.50e-03	1.35e-05
 2.92959e+22	9.92e-01	7.51e-03	1.35e-05
 2.96045e+22	9.92e-01	7.52e-03	1.36e-05
 2.99130e+22	9.92e-01	7.53e-03	1.37e-05
 3.02005e+22	9.92e-01	7.55e-03	1.37e-05
 3.04372e+22	9.92e-01	7.57e-03	1.39e-05
 3.06301e+22	9.92e-01	7.62e-03	1.41e-05
 3.07881e+22	9.92e-01	7.67e-03	1.44e-05
