#depth	He	He+	He+2
 4.57581e+16	1.84e-05	3.16e-02	9.68e-01
 2.74549e+17	1.83e-05	3.16e-02	9.68e-01
 1.18971e+18	1.82e-05	3.16e-02	9.68e-01
 4.85036e+18	1.77e-05	3.19e-02	9.68e-01
 1.15860e+19	1.62e-05	3.12e-02	9.69e-01
 2.03422e+19	1.55e-05	3.13e-02	9.69e-01
 3.17254e+19	1.54e-05	3.24e-02	9.68e-01
 4.65235e+19	1.60e-05	3.47e-02	9.65e-01
 6.57610e+19	1.76e-05	3.93e-02	9.61e-01
 8.62361e+19	1.98e-05	4.59e-02	9.54e-01
 1.03523e+20	2.29e-05	5.42e-02	9.46e-01
 1.17667e+20	2.67e-05	6.36e-02	9.36e-01
 1.30099e+20	3.11e-05	7.44e-02	9.26e-01
 1.41771e+20	3.66e-05	8.74e-02	9.13e-01
 1.52804e+20	4.32e-05	1.03e-01	8.97e-01
 1.63028e+20	5.09e-05	1.21e-01	8.79e-01
 1.72433e+20	5.96e-05	1.41e-01	8.59e-01
 1.81169e+20	6.94e-05	1.63e-01	8.37e-01
 1.89437e+20	7.93e-05	1.88e-01	8.12e-01
 1.97507e+20	9.36e-05	2.16e-01	7.84e-01
 2.04227e+20	1.05e-04	2.41e-01	7.59e-01
 2.10430e+20	1.18e-04	2.69e-01	7.31e-01
 2.17199e+20	1.33e-04	3.00e-01	7.00e-01
 2.24703e+20	1.55e-04	3.38e-01	6.61e-01
 2.31864e+20	1.75e-04	3.76e-01	6.24e-01
 2.37303e+20	1.92e-04	4.06e-01	5.93e-01
 2.43097e+20	2.13e-04	4.41e-01	5.59e-01
 2.49328e+20	2.36e-04	4.77e-01	5.23e-01
 2.54812e+20	2.57e-04	5.08e-01	4.92e-01
 2.60626e+20	2.83e-04	5.43e-01	4.57e-01
 2.66762e+20	3.09e-04	5.77e-01	4.23e-01
 2.72203e+20	3.34e-04	6.07e-01	3.93e-01
 2.76696e+20	3.53e-04	6.29e-01	3.71e-01
 2.81073e+20	3.76e-04	6.52e-01	3.48e-01
 2.85819e+20	3.99e-04	6.74e-01	3.25e-01
 2.90283e+20	4.22e-04	6.94e-01	3.05e-01
 2.95325e+20	4.49e-04	7.17e-01	2.83e-01
 3.00853e+20	4.77e-04	7.38e-01	2.61e-01
 3.06094e+20	5.05e-04	7.57e-01	2.42e-01
 3.11987e+20	5.38e-04	7.77e-01	2.22e-01
 3.18623e+20	5.75e-04	7.97e-01	2.02e-01
 3.25212e+20	6.13e-04	8.15e-01	1.84e-01
 3.32766e+20	6.59e-04	8.34e-01	1.65e-01
 3.42587e+20	7.22e-04	8.55e-01	1.44e-01
 3.52892e+20	7.89e-04	8.73e-01	1.27e-01
 3.62254e+20	8.56e-04	8.86e-01	1.13e-01
 3.72851e+20	9.43e-04	9.00e-01	9.88e-02
 3.84808e+20	1.05e-03	9.13e-01	8.61e-02
 3.96194e+20	1.18e-03	9.23e-01	7.60e-02
 4.06697e+20	1.32e-03	9.31e-01	6.81e-02
 4.16470e+20	1.47e-03	9.37e-01	6.16e-02
 4.25223e+20	1.65e-03	9.42e-01	5.65e-02
 4.31197e+20	1.79e-03	9.45e-01	5.36e-02
 4.34372e+20	1.88e-03	9.46e-01	5.20e-02
 4.37283e+20	1.97e-03	9.48e-01	5.05e-02
 4.41068e+20	2.09e-03	9.49e-01	4.86e-02
 4.45173e+20	2.25e-03	9.51e-01	4.68e-02
 4.48727e+20	2.40e-03	9.52e-01	4.52e-02
 4.51719e+20	2.54e-03	9.53e-01	4.40e-02
 4.54949e+20	2.72e-03	9.55e-01	4.26e-02
 4.58352e+20	2.93e-03	9.56e-01	4.12e-02
 4.61163e+20	3.13e-03	9.57e-01	4.02e-02
 4.63544e+20	3.32e-03	9.57e-01	3.93e-02
 4.66182e+20	3.56e-03	9.58e-01	3.83e-02
 4.68978e+20	3.85e-03	9.59e-01	3.73e-02
 4.71331e+20	4.13e-03	9.59e-01	3.65e-02
 4.73344e+20	4.40e-03	9.60e-01	3.58e-02
 4.75566e+20	4.74e-03	9.60e-01	3.50e-02
 4.77926e+20	5.15e-03	9.61e-01	3.42e-02
 4.79916e+20	5.55e-03	9.61e-01	3.36e-02
 4.81621e+20	5.93e-03	9.61e-01	3.31e-02
 4.83505e+20	6.43e-03	9.61e-01	3.25e-02
 4.85510e+20	7.03e-03	9.61e-01	3.18e-02
 4.87210e+20	7.63e-03	9.61e-01	3.13e-02
 4.88666e+20	8.21e-03	9.61e-01	3.09e-02
 4.90271e+20	8.96e-03	9.61e-01	3.04e-02
 4.91993e+20	9.89e-03	9.60e-01	2.98e-02
 4.93473e+20	1.08e-02	9.60e-01	2.94e-02
 4.94766e+20	1.18e-02	9.59e-01	2.91e-02
 4.96213e+20	1.30e-02	9.58e-01	2.86e-02
 4.97697e+20	1.45e-02	9.57e-01	2.82e-02
 4.98878e+20	1.60e-02	9.56e-01	2.80e-02
 4.99887e+20	1.74e-02	9.55e-01	2.77e-02
 5.01024e+20	1.93e-02	9.53e-01	2.74e-02
 5.02262e+20	2.17e-02	9.51e-01	2.71e-02
 5.03363e+20	2.43e-02	9.49e-01	2.69e-02
 5.04344e+20	2.72e-02	9.46e-01	2.67e-02
 5.05435e+20	3.09e-02	9.43e-01	2.66e-02
 5.06659e+20	3.60e-02	9.37e-01	2.65e-02
 5.07800e+20	4.22e-02	9.31e-01	2.65e-02
 5.08820e+20	4.92e-02	9.24e-01	2.66e-02
 5.09775e+20	5.74e-02	9.16e-01	2.68e-02
 5.10706e+20	6.74e-02	9.06e-01	2.70e-02
 5.11460e+20	7.72e-02	8.95e-01	2.74e-02
 5.11979e+20	8.51e-02	8.87e-01	2.77e-02
 5.12485e+20	9.43e-02	8.78e-01	2.80e-02
 5.13088e+20	1.07e-01	8.65e-01	2.85e-02
 5.13685e+20	1.21e-01	8.50e-01	2.90e-02
 5.14181e+20	1.35e-01	8.36e-01	2.95e-02
 5.14602e+20	1.48e-01	8.22e-01	2.99e-02
 5.14992e+20	1.61e-01	8.08e-01	3.04e-02
 5.15374e+20	1.76e-01	7.93e-01	3.08e-02
 5.15747e+20	1.92e-01	7.77e-01	3.12e-02
 5.16044e+20	2.05e-01	7.63e-01	3.16e-02
 5.16245e+20	2.15e-01	7.53e-01	3.18e-02
 5.16433e+20	2.25e-01	7.43e-01	3.20e-02
 5.16648e+20	2.37e-01	7.31e-01	3.22e-02
 5.16883e+20	2.50e-01	7.17e-01	3.24e-02
 5.17118e+20	2.64e-01	7.03e-01	3.25e-02
 5.17343e+20	2.78e-01	6.89e-01	3.27e-02
 5.17572e+20	2.94e-01	6.73e-01	3.28e-02
 5.17807e+20	3.10e-01	6.57e-01	3.29e-02
 5.18048e+20	3.27e-01	6.40e-01	3.29e-02
 5.18294e+20	3.45e-01	6.22e-01	3.29e-02
 5.18547e+20	3.65e-01	6.02e-01	3.28e-02
 5.18811e+20	3.86e-01	5.82e-01	3.26e-02
 5.19088e+20	4.08e-01	5.60e-01	3.23e-02
 5.19377e+20	4.31e-01	5.37e-01	3.20e-02
 5.19684e+20	4.56e-01	5.13e-01	3.15e-02
 5.20018e+20	4.82e-01	4.87e-01	3.09e-02
 5.20380e+20	5.09e-01	4.60e-01	3.01e-02
 5.20773e+20	5.37e-01	4.34e-01	2.92e-02
 5.21209e+20	5.64e-01	4.08e-01	2.83e-02
 5.21686e+20	5.89e-01	3.84e-01	2.73e-02
 5.22173e+20	6.10e-01	3.64e-01	2.63e-02
 5.22648e+20	6.26e-01	3.49e-01	2.56e-02
 5.23115e+20	6.38e-01	3.37e-01	2.50e-02
 5.23576e+20	6.47e-01	3.29e-01	2.45e-02
 5.24032e+20	6.54e-01	3.22e-01	2.41e-02
 5.24484e+20	6.60e-01	3.17e-01	2.37e-02
 5.25003e+20	6.63e-01	3.13e-01	2.35e-02
 5.25677e+20	6.68e-01	3.09e-01	2.31e-02
 5.26553e+20	6.71e-01	3.06e-01	2.29e-02
 5.27693e+20	6.74e-01	3.03e-01	2.26e-02
 5.29174e+20	6.77e-01	3.01e-01	2.23e-02
 5.31100e+20	6.80e-01	2.99e-01	2.19e-02
 5.33603e+20	6.83e-01	2.96e-01	2.14e-02
 5.36858e+20	6.87e-01	2.92e-01	2.08e-02
 5.41088e+20	6.92e-01	2.88e-01	2.00e-02
 5.46588e+20	6.99e-01	2.82e-01	1.91e-02
 5.53738e+20	7.07e-01	2.75e-01	1.80e-02
 5.63033e+20	7.17e-01	2.66e-01	1.67e-02
 5.75116e+20	7.29e-01	2.56e-01	1.52e-02
 5.90441e+20	7.43e-01	2.43e-01	1.36e-02
 6.07460e+20	7.57e-01	2.31e-01	1.20e-02
 6.24740e+20	7.70e-01	2.20e-01	1.08e-02
 6.42411e+20	7.81e-01	2.09e-01	9.65e-03
 6.60837e+20	7.93e-01	1.99e-01	8.64e-03
 6.80358e+20	8.03e-01	1.89e-01	7.74e-03
 7.00986e+20	8.14e-01	1.80e-01	6.92e-03
 7.22729e+20	8.23e-01	1.70e-01	6.19e-03
 7.45497e+20	8.33e-01	1.62e-01	5.53e-03
 7.69391e+20	8.42e-01	1.54e-01	4.95e-03
 7.94420e+20	8.50e-01	1.46e-01	4.43e-03
 8.20655e+20	8.58e-01	1.38e-01	3.97e-03
 8.48211e+20	8.65e-01	1.31e-01	3.55e-03
 8.77073e+20	8.73e-01	1.24e-01	3.18e-03
 9.07292e+20	8.79e-01	1.18e-01	2.84e-03
 9.38968e+20	8.86e-01	1.12e-01	2.54e-03
 9.72143e+20	8.92e-01	1.06e-01	2.28e-03
 1.00682e+21	8.98e-01	1.00e-01	2.04e-03
 1.04307e+21	9.03e-01	9.49e-02	1.83e-03
 1.08102e+21	9.08e-01	8.99e-02	1.64e-03
 1.12071e+21	9.13e-01	8.51e-02	1.47e-03
 1.16216e+21	9.18e-01	8.06e-02	1.31e-03
 1.20542e+21	9.22e-01	7.64e-02	1.18e-03
 1.25057e+21	9.27e-01	7.23e-02	1.06e-03
 1.29770e+21	9.31e-01	6.84e-02	9.47e-04
 1.34687e+21	9.34e-01	6.48e-02	8.48e-04
 1.39810e+21	9.38e-01	6.13e-02	7.61e-04
 1.45144e+21	9.41e-01	5.80e-02	6.82e-04
 1.50698e+21	9.44e-01	5.49e-02	6.12e-04
 1.56476e+21	9.47e-01	5.20e-02	5.49e-04
 1.62486e+21	9.50e-01	4.92e-02	4.93e-04
 1.68730e+21	9.53e-01	4.66e-02	4.42e-04
 1.75219e+21	9.56e-01	4.41e-02	3.97e-04
 1.81952e+21	9.58e-01	4.17e-02	3.56e-04
 1.88920e+21	9.60e-01	3.95e-02	3.20e-04
 1.96197e+21	9.62e-01	3.73e-02	2.87e-04
 2.03774e+21	9.64e-01	3.53e-02	2.58e-04
 2.11576e+21	9.66e-01	3.34e-02	2.31e-04
 2.19645e+21	9.68e-01	3.16e-02	2.08e-04
 2.28016e+21	9.70e-01	2.99e-02	1.87e-04
 2.36745e+21	9.72e-01	2.83e-02	1.68e-04
 2.45791e+21	9.73e-01	2.68e-02	1.51e-04
 2.55083e+21	9.75e-01	2.54e-02	1.36e-04
 2.64707e+21	9.76e-01	2.40e-02	1.22e-04
 2.74717e+21	9.77e-01	2.27e-02	1.10e-04
 2.85091e+21	9.78e-01	2.15e-02	9.90e-05
 2.95892e+21	9.80e-01	2.04e-02	8.91e-05
 3.07102e+21	9.81e-01	1.93e-02	8.02e-05
 3.18662e+21	9.82e-01	1.83e-02	7.23e-05
 3.30617e+21	9.83e-01	1.73e-02	6.52e-05
 3.43036e+21	9.84e-01	1.64e-02	5.89e-05
 3.55958e+21	9.84e-01	1.56e-02	5.32e-05
 3.69377e+21	9.85e-01	1.48e-02	4.80e-05
 3.83397e+21	9.86e-01	1.40e-02	4.34e-05
 3.97999e+21	9.87e-01	1.33e-02	3.93e-05
 4.12969e+21	9.87e-01	1.27e-02	3.56e-05
 4.28519e+21	9.88e-01	1.20e-02	3.23e-05
 4.44396e+21	9.88e-01	1.15e-02	2.94e-05
 4.59639e+21	9.89e-01	1.10e-02	2.70e-05
 4.74121e+21	9.89e-01	1.06e-02	2.50e-05
 4.90192e+21	9.90e-01	1.02e-02	2.30e-05
 5.07732e+21	9.90e-01	9.75e-03	2.11e-05
 5.23326e+21	9.91e-01	9.42e-03	1.97e-05
 5.36628e+21	9.91e-01	9.17e-03	1.86e-05
 5.51082e+21	9.91e-01	8.89e-03	1.75e-05
 5.69874e+21	9.91e-01	8.57e-03	1.61e-05
 5.88931e+21	9.92e-01	8.28e-03	1.50e-05
 6.05172e+21	9.92e-01	8.05e-03	1.42e-05
 6.19755e+21	9.92e-01	7.86e-03	1.35e-05
 6.33080e+21	9.92e-01	7.70e-03	1.29e-05
 6.48135e+21	9.92e-01	7.52e-03	1.22e-05
 6.67000e+21	9.93e-01	7.31e-03	1.15e-05
 6.87299e+21	9.93e-01	7.12e-03	1.08e-05
 7.06185e+21	9.93e-01	6.96e-03	1.03e-05
 7.23742e+21	9.93e-01	6.81e-03	9.78e-06
 7.39533e+21	9.93e-01	6.70e-03	9.43e-06
 7.53519e+21	9.93e-01	6.60e-03	9.12e-06
 7.68157e+21	9.93e-01	6.51e-03	8.81e-06
 7.83885e+21	9.94e-01	6.42e-03	8.52e-06
 7.98492e+21	9.94e-01	6.35e-03	8.29e-06
 8.10211e+21	9.94e-01	6.31e-03	8.16e-06
