#depth	N	N+	N+2	N+3	N+4	N+5	N+6	N+7
 2.94549e+16	8.90e-07	5.84e-04	8.88e-02	4.11e-01	3.34e-01	1.64e-01	7.74e-04	5.23e-07
 1.76730e+17	8.85e-07	5.84e-04	8.89e-02	4.11e-01	3.34e-01	1.64e-01	7.71e-04	5.21e-07
 7.65828e+17	8.69e-07	5.83e-04	8.96e-02	4.13e-01	3.34e-01	1.63e-01	7.64e-04	5.16e-07
 3.12222e+18	8.32e-07	5.86e-04	9.25e-02	4.18e-01	3.30e-01	1.58e-01	7.37e-04	4.94e-07
 7.45799e+18	7.51e-07	5.69e-04	9.46e-02	4.23e-01	3.27e-01	1.54e-01	7.18e-04	4.81e-07
 1.30945e+19	7.66e-07	5.90e-04	9.98e-02	4.32e-01	3.22e-01	1.45e-01	6.69e-04	4.42e-07
 2.04219e+19	8.41e-07	6.46e-04	1.09e-01	4.45e-01	3.13e-01	1.32e-01	5.97e-04	3.86e-07
 2.99476e+19	9.92e-07	7.54e-04	1.23e-01	4.61e-01	2.99e-01	1.16e-01	5.06e-04	3.17e-07
 3.94580e+19	1.15e-06	8.69e-04	1.39e-01	4.74e-01	2.84e-01	1.02e-01	4.34e-04	2.64e-07
 4.69311e+19	1.32e-06	9.95e-04	1.54e-01	4.83e-01	2.70e-01	9.15e-02	3.77e-04	2.24e-07
 5.33805e+19	1.51e-06	1.14e-03	1.69e-01	4.90e-01	2.57e-01	8.20e-02	3.29e-04	1.92e-07
 5.93939e+19	1.73e-06	1.30e-03	1.86e-01	4.95e-01	2.44e-01	7.34e-02	2.87e-04	1.64e-07
 6.50133e+19	1.98e-06	1.48e-03	2.04e-01	4.99e-01	2.30e-01	6.55e-02	2.50e-04	1.40e-07
 7.02617e+19	2.25e-06	1.68e-03	2.22e-01	5.01e-01	2.17e-01	5.85e-02	2.18e-04	0.00e+00
 7.52107e+19	2.56e-06	1.91e-03	2.42e-01	5.01e-01	2.03e-01	5.21e-02	1.90e-04	0.00e+00
 7.96587e+19	2.87e-06	2.13e-03	2.60e-01	5.00e-01	1.91e-01	4.66e-02	1.66e-04	0.00e+00
 8.35772e+19	3.18e-06	2.37e-03	2.78e-01	4.98e-01	1.79e-01	4.20e-02	1.47e-04	0.00e+00
 8.71233e+19	3.46e-06	2.59e-03	2.95e-01	4.95e-01	1.69e-01	3.80e-02	1.30e-04	0.00e+00
 9.04422e+19	3.85e-06	2.86e-03	3.13e-01	4.91e-01	1.59e-01	3.42e-02	1.15e-04	0.00e+00
 9.35706e+19	4.20e-06	3.12e-03	3.30e-01	4.87e-01	1.49e-01	3.10e-02	1.02e-04	0.00e+00
 9.65207e+19	4.60e-06	3.40e-03	3.46e-01	4.82e-01	1.40e-01	2.80e-02	9.07e-05	0.00e+00
 9.94491e+19	4.96e-06	3.68e-03	3.63e-01	4.77e-01	1.31e-01	2.53e-02	8.04e-05	0.00e+00
 1.02794e+20	5.61e-06	4.12e-03	3.84e-01	4.69e-01	1.20e-01	2.21e-02	6.83e-05	0.00e+00
 1.06065e+20	6.11e-06	4.49e-03	4.03e-01	4.62e-01	1.11e-01	1.95e-02	5.91e-05	0.00e+00
 1.08695e+20	6.79e-06	4.92e-03	4.21e-01	4.55e-01	1.02e-01	1.74e-02	5.14e-05	0.00e+00
 1.11066e+20	7.35e-06	5.30e-03	4.35e-01	4.48e-01	9.56e-02	1.57e-02	4.54e-05	0.00e+00
 1.13645e+20	8.10e-06	5.78e-03	4.52e-01	4.40e-01	8.81e-02	1.39e-02	3.91e-05	0.00e+00
 1.16443e+20	8.99e-06	6.34e-03	4.70e-01	4.31e-01	8.05e-02	1.21e-02	3.33e-05	0.00e+00
 1.18922e+20	9.84e-06	6.87e-03	4.86e-01	4.22e-01	7.42e-02	1.08e-02	2.87e-05	0.00e+00
 1.21183e+20	1.06e-05	7.36e-03	5.00e-01	4.14e-01	6.87e-02	9.67e-03	2.51e-05	0.00e+00
 1.23768e+20	1.20e-05	8.14e-03	5.17e-01	4.04e-01	6.23e-02	8.38e-03	2.10e-05	0.00e+00
 1.26419e+20	1.34e-05	8.93e-03	5.34e-01	3.93e-01	5.66e-02	7.31e-03	1.76e-05	0.00e+00
 1.28665e+20	1.46e-05	9.61e-03	5.47e-01	3.85e-01	5.21e-02	6.52e-03	1.52e-05	0.00e+00
 1.31093e+20	1.63e-05	1.05e-02	5.62e-01	3.74e-01	4.74e-02	5.70e-03	1.28e-05	0.00e+00
 1.33754e+20	1.87e-05	1.17e-02	5.79e-01	3.62e-01	4.26e-02	4.89e-03	1.04e-05	0.00e+00
 1.36105e+20	2.07e-05	1.27e-02	5.92e-01	3.52e-01	3.90e-02	4.33e-03	8.89e-06	0.00e+00
 1.38549e+20	2.34e-05	1.41e-02	6.07e-01	3.40e-01	3.53e-02	3.77e-03	7.36e-06	0.00e+00
 1.41269e+20	2.73e-05	1.58e-02	6.23e-01	3.27e-01	3.15e-02	3.21e-03	5.91e-06	0.00e+00
 1.43310e+20	3.03e-05	1.71e-02	6.33e-01	3.17e-01	2.92e-02	2.88e-03	5.08e-06	0.00e+00
 1.44590e+20	3.25e-05	1.80e-02	6.40e-01	3.11e-01	2.78e-02	2.68e-03	4.60e-06	0.00e+00
 1.45918e+20	3.51e-05	1.91e-02	6.48e-01	3.04e-01	2.63e-02	2.48e-03	4.12e-06	0.00e+00
 1.47645e+20	3.89e-05	2.06e-02	6.57e-01	2.95e-01	2.44e-02	2.24e-03	3.57e-06	0.00e+00
 1.49518e+20	4.34e-05	2.23e-02	6.67e-01	2.86e-01	2.26e-02	2.01e-03	3.06e-06	0.00e+00
 1.51202e+20	4.81e-05	2.41e-02	6.76e-01	2.77e-01	2.12e-02	1.82e-03	2.67e-06	0.00e+00
 1.52763e+20	5.30e-05	2.58e-02	6.83e-01	2.69e-01	1.99e-02	1.66e-03	2.34e-06	0.00e+00
 1.54540e+20	5.95e-05	2.80e-02	6.92e-01	2.60e-01	1.84e-02	1.49e-03	2.00e-06	0.00e+00
 1.56461e+20	6.69e-05	3.05e-02	7.01e-01	2.50e-01	1.71e-02	1.34e-03	1.71e-06	0.00e+00
 1.58217e+20	7.57e-05	3.32e-02	7.09e-01	2.40e-01	1.59e-02	1.20e-03	1.45e-06	0.00e+00
 1.59814e+20	8.46e-05	3.59e-02	7.16e-01	2.32e-01	1.49e-02	1.08e-03	1.26e-06	0.00e+00
 1.61552e+20	9.61e-05	3.92e-02	7.24e-01	2.22e-01	1.38e-02	9.67e-04	1.06e-06	0.00e+00
 1.63448e+20	1.10e-04	4.29e-02	7.31e-01	2.12e-01	1.28e-02	8.61e-04	8.96e-07	0.00e+00
 1.65212e+20	1.26e-04	4.71e-02	7.38e-01	2.02e-01	1.18e-02	7.63e-04	7.51e-07	0.00e+00
 1.66824e+20	1.42e-04	5.12e-02	7.44e-01	1.93e-01	1.11e-02	6.84e-04	6.39e-07	0.00e+00
 1.68577e+20	1.63e-04	5.61e-02	7.49e-01	1.84e-01	1.02e-02	6.06e-04	5.36e-07	0.00e+00
 1.70533e+20	1.92e-04	6.24e-02	7.55e-01	1.73e-01	9.40e-03	5.27e-04	4.36e-07	0.00e+00
 1.72317e+20	2.24e-04	6.92e-02	7.59e-01	1.63e-01	8.65e-03	4.59e-04	3.56e-07	0.00e+00
 1.73857e+20	2.56e-04	7.56e-02	7.62e-01	1.54e-01	8.05e-03	4.08e-04	3.00e-07	0.00e+00
 1.75519e+20	2.99e-04	8.35e-02	7.64e-01	1.44e-01	7.43e-03	3.56e-04	2.45e-07	0.00e+00
 1.77377e+20	3.53e-04	9.30e-02	7.65e-01	1.34e-01	6.80e-03	3.06e-04	1.97e-07	0.00e+00
 1.79141e+20	4.20e-04	1.04e-01	7.65e-01	1.24e-01	6.20e-03	2.61e-04	1.57e-07	0.00e+00
 1.80742e+20	4.94e-04	1.15e-01	7.63e-01	1.15e-01	5.69e-03	2.25e-04	1.27e-07	0.00e+00
 1.82477e+20	5.89e-04	1.29e-01	7.59e-01	1.06e-01	5.18e-03	1.91e-04	0.00e+00	0.00e+00
 1.84378e+20	7.21e-04	1.46e-01	7.53e-01	9.54e-02	4.64e-03	1.57e-04	0.00e+00	0.00e+00
 1.86060e+20	8.71e-04	1.65e-01	7.44e-01	8.61e-02	4.17e-03	1.30e-04	0.00e+00	0.00e+00
 1.87512e+20	1.03e-03	1.82e-01	7.34e-01	7.83e-02	3.79e-03	1.10e-04	0.00e+00	0.00e+00
 1.89102e+20	1.25e-03	2.05e-01	7.20e-01	6.99e-02	3.39e-03	9.01e-05	0.00e+00	0.00e+00
 1.90820e+20	1.54e-03	2.32e-01	7.02e-01	6.15e-02	2.99e-03	7.24e-05	0.00e+00	0.00e+00
 1.92349e+20	1.87e-03	2.60e-01	6.81e-01	5.38e-02	2.64e-03	5.79e-05	0.00e+00	0.00e+00
 1.93683e+20	2.22e-03	2.87e-01	6.60e-01	4.77e-02	2.36e-03	4.75e-05	0.00e+00	0.00e+00
 1.95118e+20	2.71e-03	3.22e-01	6.32e-01	4.09e-02	2.05e-03	3.71e-05	0.00e+00	0.00e+00
 1.96633e+20	3.35e-03	3.61e-01	5.99e-01	3.44e-02	1.75e-03	2.83e-05	0.00e+00	0.00e+00
 1.97924e+20	4.01e-03	3.98e-01	5.67e-01	2.94e-02	1.52e-03	2.22e-05	0.00e+00	0.00e+00
 1.99090e+20	4.77e-03	4.36e-01	5.33e-01	2.49e-02	1.31e-03	1.73e-05	0.00e+00	0.00e+00
 2.00423e+20	5.84e-03	4.82e-01	4.91e-01	2.02e-02	1.08e-03	1.27e-05	0.00e+00	0.00e+00
 2.01820e+20	7.22e-03	5.33e-01	4.43e-01	1.60e-02	8.73e-04	8.95e-06	0.00e+00	0.00e+00
 2.02980e+20	8.66e-03	5.78e-01	4.00e-01	1.28e-02	7.14e-04	6.50e-06	0.00e+00	0.00e+00
 2.03990e+20	1.02e-02	6.19e-01	3.60e-01	1.03e-02	5.86e-04	4.78e-06	0.00e+00	0.00e+00
 2.04968e+20	1.19e-02	6.58e-01	3.21e-01	8.30e-03	4.77e-04	3.49e-06	0.00e+00	0.00e+00
 2.06086e+20	1.44e-02	7.03e-01	2.76e-01	6.28e-03	3.66e-04	2.35e-06	0.00e+00	0.00e+00
 2.07239e+20	1.75e-02	7.47e-01	2.30e-01	4.62e-03	2.71e-04	1.52e-06	0.00e+00	0.00e+00
 2.08162e+20	2.06e-02	7.81e-01	1.95e-01	3.53e-03	2.06e-04	1.04e-06	0.00e+00	0.00e+00
 2.08940e+20	2.35e-02	8.06e-01	1.67e-01	2.80e-03	1.62e-04	7.48e-07	0.00e+00	0.00e+00
 2.09801e+20	2.75e-02	8.32e-01	1.38e-01	2.14e-03	1.20e-04	5.09e-07	0.00e+00	0.00e+00
 2.10921e+20	3.38e-02	8.60e-01	1.05e-01	1.50e-03	7.93e-05	3.03e-07	0.00e+00	0.00e+00
 2.12019e+20	4.16e-02	8.79e-01	7.79e-02	1.06e-03	5.09e-05	1.82e-07	0.00e+00	0.00e+00
 2.12808e+20	4.88e-02	8.89e-01	6.13e-02	8.35e-04	3.58e-05	1.25e-07	0.00e+00	0.00e+00
 2.13420e+20	5.52e-02	8.94e-01	5.04e-02	6.99e-04	2.71e-05	0.00e+00	0.00e+00	0.00e+00
 2.14085e+20	6.38e-02	8.96e-01	4.00e-02	5.78e-04	1.96e-05	0.00e+00	0.00e+00	0.00e+00
 2.14816e+20	7.44e-02	8.94e-01	3.10e-02	4.80e-04	1.37e-05	0.00e+00	0.00e+00	0.00e+00
 2.15484e+20	8.63e-02	8.89e-01	2.42e-02	4.08e-04	9.78e-06	0.00e+00	0.00e+00	0.00e+00
 2.16079e+20	9.83e-02	8.82e-01	1.93e-02	3.57e-04	7.22e-06	0.00e+00	0.00e+00	0.00e+00
 2.16677e+20	1.13e-01	8.72e-01	1.53e-02	3.14e-04	5.29e-06	0.00e+00	0.00e+00	0.00e+00
 2.17297e+20	1.29e-01	8.59e-01	1.20e-02	2.78e-04	3.86e-06	0.00e+00	0.00e+00	0.00e+00
 2.17865e+20	1.46e-01	8.44e-01	9.61e-03	2.50e-04	2.89e-06	0.00e+00	0.00e+00	0.00e+00
 2.18386e+20	1.63e-01	8.29e-01	7.88e-03	2.28e-04	2.25e-06	0.00e+00	0.00e+00	0.00e+00
 2.18867e+20	1.80e-01	8.13e-01	6.58e-03	2.10e-04	1.79e-06	0.00e+00	0.00e+00	0.00e+00
 2.19312e+20	1.96e-01	7.98e-01	5.59e-03	1.96e-04	1.46e-06	0.00e+00	0.00e+00	0.00e+00
 2.19754e+20	2.13e-01	7.82e-01	4.80e-03	1.83e-04	1.21e-06	0.00e+00	0.00e+00	0.00e+00
 2.20195e+20	2.30e-01	7.66e-01	4.15e-03	1.72e-04	1.01e-06	0.00e+00	0.00e+00	0.00e+00
 2.20634e+20	2.46e-01	7.50e-01	3.62e-03	1.62e-04	8.63e-07	0.00e+00	0.00e+00	0.00e+00
 2.21003e+20	2.59e-01	7.37e-01	3.27e-03	1.55e-04	7.63e-07	0.00e+00	0.00e+00	0.00e+00
 2.21274e+20	2.69e-01	7.28e-01	3.05e-03	1.50e-04	7.01e-07	0.00e+00	0.00e+00	0.00e+00
 2.21542e+20	2.78e-01	7.19e-01	2.85e-03	1.45e-04	6.45e-07	0.00e+00	0.00e+00	0.00e+00
 2.21866e+20	2.90e-01	7.07e-01	2.64e-03	1.40e-04	5.88e-07	0.00e+00	0.00e+00	0.00e+00
 2.22228e+20	3.01e-01	6.97e-01	2.44e-03	1.35e-04	5.37e-07	0.00e+00	0.00e+00	0.00e+00
 2.22612e+20	3.12e-01	6.85e-01	2.27e-03	1.30e-04	4.92e-07	0.00e+00	0.00e+00	0.00e+00
 2.23019e+20	3.23e-01	6.75e-01	2.12e-03	1.26e-04	4.54e-07	0.00e+00	0.00e+00	0.00e+00
 2.23466e+20	3.33e-01	6.65e-01	1.99e-03	1.22e-04	4.20e-07	0.00e+00	0.00e+00	0.00e+00
 2.23988e+20	3.44e-01	6.54e-01	1.87e-03	1.19e-04	3.90e-07	0.00e+00	0.00e+00	0.00e+00
 2.24588e+20	3.54e-01	6.44e-01	1.77e-03	1.15e-04	3.63e-07	0.00e+00	0.00e+00	0.00e+00
 2.25211e+20	3.61e-01	6.37e-01	1.69e-03	1.12e-04	3.44e-07	0.00e+00	0.00e+00	0.00e+00
 2.25816e+20	3.68e-01	6.31e-01	1.64e-03	1.10e-04	3.30e-07	0.00e+00	0.00e+00	0.00e+00
 2.26406e+20	3.72e-01	6.26e-01	1.60e-03	1.09e-04	3.19e-07	0.00e+00	0.00e+00	0.00e+00
 2.26985e+20	3.77e-01	6.22e-01	1.56e-03	1.07e-04	3.10e-07	0.00e+00	0.00e+00	0.00e+00
 2.27645e+20	3.80e-01	6.19e-01	1.53e-03	1.06e-04	3.03e-07	0.00e+00	0.00e+00	0.00e+00
 2.28504e+20	3.83e-01	6.15e-01	1.50e-03	1.05e-04	2.95e-07	0.00e+00	0.00e+00	0.00e+00
 2.29619e+20	3.88e-01	6.11e-01	1.47e-03	1.04e-04	2.87e-07	0.00e+00	0.00e+00	0.00e+00
 2.31070e+20	3.92e-01	6.06e-01	1.43e-03	1.02e-04	2.77e-07	0.00e+00	0.00e+00	0.00e+00
 2.32956e+20	3.97e-01	6.01e-01	1.39e-03	1.00e-04	2.67e-07	0.00e+00	0.00e+00	0.00e+00
 2.35407e+20	4.04e-01	5.95e-01	1.34e-03	9.81e-05	2.55e-07	0.00e+00	0.00e+00	0.00e+00
 2.38594e+20	4.12e-01	5.87e-01	1.29e-03	9.55e-05	2.40e-07	0.00e+00	0.00e+00	0.00e+00
 2.42737e+20	4.22e-01	5.77e-01	1.22e-03	9.23e-05	2.23e-07	0.00e+00	0.00e+00	0.00e+00
 2.48123e+20	4.34e-01	5.65e-01	1.15e-03	8.85e-05	2.04e-07	0.00e+00	0.00e+00	0.00e+00
 2.54583e+20	4.48e-01	5.51e-01	1.07e-03	8.43e-05	1.86e-07	0.00e+00	0.00e+00	0.00e+00
 2.61466e+20	4.61e-01	5.38e-01	1.00e-03	8.04e-05	1.69e-07	0.00e+00	0.00e+00	0.00e+00
 2.68416e+20	4.73e-01	5.26e-01	9.43e-04	7.67e-05	1.55e-07	0.00e+00	0.00e+00	0.00e+00
 2.75524e+20	4.86e-01	5.13e-01	8.89e-04	7.32e-05	1.42e-07	0.00e+00	0.00e+00	0.00e+00
 2.82925e+20	4.98e-01	5.01e-01	8.39e-04	6.98e-05	1.30e-07	0.00e+00	0.00e+00	0.00e+00
 2.90657e+20	5.10e-01	4.89e-01	7.91e-04	6.66e-05	0.00e+00	0.00e+00	0.00e+00	0.00e+00
 2.98701e+20	5.22e-01	4.77e-01	7.47e-04	6.34e-05	0.00e+00	0.00e+00	0.00e+00	0.00e+00
 3.07019e+20	5.34e-01	4.65e-01	7.06e-04	6.04e-05	0.00e+00	0.00e+00	0.00e+00	0.00e+00
 3.15622e+20	5.46e-01	4.54e-01	6.69e-04	5.75e-05	0.00e+00	0.00e+00	0.00e+00	0.00e+00
 3.24531e+20	5.57e-01	4.42e-01	6.34e-04	5.47e-05	0.00e+00	0.00e+00	0.00e+00	0.00e+00
 3.33757e+20	5.69e-01	4.30e-01	6.02e-04	5.20e-05	0.00e+00	0.00e+00	0.00e+00	0.00e+00
 3.43307e+20	5.80e-01	4.19e-01	5.72e-04	4.93e-05	0.00e+00	0.00e+00	0.00e+00	0.00e+00
 3.53182e+20	5.92e-01	4.08e-01	5.43e-04	4.68e-05	0.00e+00	0.00e+00	0.00e+00	0.00e+00
 3.63389e+20	6.03e-01	3.96e-01	5.17e-04	4.44e-05	0.00e+00	0.00e+00	0.00e+00	0.00e+00
 3.73916e+20	6.14e-01	3.85e-01	4.92e-04	4.21e-05	0.00e+00	0.00e+00	0.00e+00	0.00e+00
 3.84767e+20	6.26e-01	3.73e-01	4.68e-04	3.97e-05	0.00e+00	0.00e+00	0.00e+00	0.00e+00
 3.95975e+20	6.38e-01	3.61e-01	4.45e-04	3.75e-05	0.00e+00	0.00e+00	0.00e+00	0.00e+00
 4.07560e+20	6.50e-01	3.50e-01	4.24e-04	3.54e-05	0.00e+00	0.00e+00	0.00e+00	0.00e+00
 4.19491e+20	6.61e-01	3.38e-01	4.03e-04	3.33e-05	0.00e+00	0.00e+00	0.00e+00	0.00e+00
 4.31744e+20	6.73e-01	3.27e-01	3.84e-04	3.14e-05	0.00e+00	0.00e+00	0.00e+00	0.00e+00
 4.44250e+20	6.84e-01	3.16e-01	3.66e-04	2.95e-05	0.00e+00	0.00e+00	0.00e+00	0.00e+00
 4.57110e+20	6.95e-01	3.04e-01	3.48e-04	2.77e-05	0.00e+00	0.00e+00	0.00e+00	0.00e+00
 4.70433e+20	7.07e-01	2.93e-01	3.32e-04	2.59e-05	0.00e+00	0.00e+00	0.00e+00	0.00e+00
 4.84093e+20	7.18e-01	2.82e-01	3.16e-04	2.43e-05	0.00e+00	0.00e+00	0.00e+00	0.00e+00
 4.98051e+20	7.29e-01	2.71e-01	3.01e-04	2.27e-05	0.00e+00	0.00e+00	0.00e+00	0.00e+00
 5.12339e+20	7.40e-01	2.60e-01	2.87e-04	2.13e-05	0.00e+00	0.00e+00	0.00e+00	0.00e+00
 5.26983e+20	7.50e-01	2.49e-01	2.73e-04	1.99e-05	0.00e+00	0.00e+00	0.00e+00	0.00e+00
 5.41977e+20	7.61e-01	2.39e-01	2.60e-04	1.86e-05	0.00e+00	0.00e+00	0.00e+00	0.00e+00
 5.57307e+20	7.71e-01	2.29e-01	2.48e-04	1.73e-05	0.00e+00	0.00e+00	0.00e+00	0.00e+00
 5.72854e+20	7.81e-01	2.18e-01	2.36e-04	1.62e-05	0.00e+00	0.00e+00	0.00e+00	0.00e+00
 5.88830e+20	7.91e-01	2.09e-01	2.24e-04	1.50e-05	0.00e+00	0.00e+00	0.00e+00	0.00e+00
 6.05343e+20	8.01e-01	1.99e-01	2.13e-04	1.40e-05	0.00e+00	0.00e+00	0.00e+00	0.00e+00
 6.22156e+20	8.11e-01	1.89e-01	2.03e-04	1.30e-05	0.00e+00	0.00e+00	0.00e+00	0.00e+00
 6.39269e+20	8.20e-01	1.80e-01	1.93e-04	1.20e-05	0.00e+00	0.00e+00	0.00e+00	0.00e+00
 6.56700e+20	8.29e-01	1.71e-01	1.83e-04	1.12e-05	0.00e+00	0.00e+00	0.00e+00	0.00e+00
 6.74485e+20	8.38e-01	1.62e-01	1.74e-04	1.03e-05	0.00e+00	0.00e+00	0.00e+00	0.00e+00
 6.92673e+20	8.46e-01	1.54e-01	1.65e-04	9.55e-06	0.00e+00	0.00e+00	0.00e+00	0.00e+00
 7.11211e+20	8.54e-01	1.45e-01	1.57e-04	8.82e-06	0.00e+00	0.00e+00	0.00e+00	0.00e+00
 7.30092e+20	8.62e-01	1.37e-01	1.49e-04	8.13e-06	0.00e+00	0.00e+00	0.00e+00	0.00e+00
 7.49427e+20	8.70e-01	1.30e-01	1.41e-04	7.48e-06	0.00e+00	0.00e+00	0.00e+00	0.00e+00
 7.69177e+20	8.77e-01	1.22e-01	1.34e-04	6.88e-06	0.00e+00	0.00e+00	0.00e+00	0.00e+00
 7.89180e+20	8.85e-01	1.15e-01	1.27e-04	6.32e-06	0.00e+00	0.00e+00	0.00e+00	0.00e+00
 8.09409e+20	8.91e-01	1.09e-01	1.20e-04	5.80e-06	0.00e+00	0.00e+00	0.00e+00	0.00e+00
 8.29608e+20	8.98e-01	1.02e-01	1.14e-04	5.34e-06	0.00e+00	0.00e+00	0.00e+00	0.00e+00
 8.49380e+20	9.03e-01	9.64e-02	1.08e-04	4.92e-06	0.00e+00	0.00e+00	0.00e+00	0.00e+00
 8.68661e+20	9.09e-01	9.10e-02	1.03e-04	4.54e-06	0.00e+00	0.00e+00	0.00e+00	0.00e+00
 8.87527e+20	9.14e-01	8.60e-02	9.82e-05	4.21e-06	0.00e+00	0.00e+00	0.00e+00	0.00e+00
 9.05910e+20	9.19e-01	8.13e-02	9.37e-05	3.91e-06	0.00e+00	0.00e+00	0.00e+00	0.00e+00
 9.23641e+20	9.23e-01	7.70e-02	8.96e-05	3.64e-06	0.00e+00	0.00e+00	0.00e+00	0.00e+00
 9.40596e+20	9.27e-01	7.31e-02	8.59e-05	3.40e-06	0.00e+00	0.00e+00	0.00e+00	0.00e+00
 9.56697e+20	9.30e-01	6.95e-02	8.26e-05	3.20e-06	0.00e+00	0.00e+00	0.00e+00	0.00e+00
 9.71887e+20	9.34e-01	6.62e-02	7.95e-05	3.02e-06	0.00e+00	0.00e+00	0.00e+00	0.00e+00
