#depth	O	O+	O+2	O+3	O+4	O+5	O+6	O+7	O+8	O[1]	O[2]	O[3]
 1.20362e+17	2.97e-07	1.75e-04	3.30e-02	3.89e-01	4.14e-01	1.40e-01	2.39e-02	2.58e-05	0.00e+00	2.97e-07	2.27e-11	2.53e-11
 7.22173e+17	2.94e-07	1.75e-04	3.31e-02	3.90e-01	4.14e-01	1.39e-01	2.38e-02	2.56e-05	0.00e+00	2.94e-07	2.25e-11	2.51e-11
 3.12942e+18	2.86e-07	1.74e-04	3.35e-02	3.92e-01	4.13e-01	1.38e-01	2.35e-02	2.54e-05	0.00e+00	2.86e-07	2.19e-11	2.44e-11
 1.27584e+19	2.61e-07	1.72e-04	3.52e-02	3.97e-01	4.09e-01	1.36e-01	2.28e-02	2.46e-05	0.00e+00	2.61e-07	2.00e-11	2.22e-11
 3.04757e+19	2.11e-07	1.64e-04	3.74e-02	4.05e-01	4.03e-01	1.33e-01	2.22e-02	2.41e-05	0.00e+00	2.11e-07	1.61e-11	1.80e-11
 5.35082e+19	1.98e-07	1.70e-04	4.09e-02	4.15e-01	3.95e-01	1.29e-01	2.11e-02	2.30e-05	0.00e+00	1.98e-07	1.51e-11	1.68e-11
 8.34505e+19	2.02e-07	1.88e-04	4.63e-02	4.28e-01	3.84e-01	1.22e-01	1.96e-02	2.12e-05	0.00e+00	2.02e-07	1.54e-11	1.72e-11
 1.22375e+20	2.24e-07	2.23e-04	5.50e-02	4.44e-01	3.70e-01	1.13e-01	1.75e-02	1.86e-05	0.00e+00	2.24e-07	1.70e-11	1.90e-11
 1.63244e+20	2.50e-07	2.68e-04	6.59e-02	4.61e-01	3.54e-01	1.04e-01	1.56e-02	1.64e-05	0.00e+00	2.50e-07	1.90e-11	2.13e-11
 1.97677e+20	2.87e-07	3.23e-04	7.77e-02	4.74e-01	3.39e-01	9.56e-02	1.39e-02	1.44e-05	0.00e+00	2.87e-07	2.18e-11	2.44e-11
 2.27381e+20	3.34e-07	3.88e-04	9.07e-02	4.84e-01	3.24e-01	8.80e-02	1.24e-02	1.27e-05	0.00e+00	3.34e-07	2.54e-11	2.84e-11
 2.54799e+20	3.94e-07	4.69e-04	1.06e-01	4.93e-01	3.09e-01	8.06e-02	1.10e-02	1.11e-05	0.00e+00	3.94e-07	2.99e-11	3.35e-11
 2.80236e+20	4.68e-07	5.66e-04	1.23e-01	5.01e-01	2.93e-01	7.35e-02	9.74e-03	9.73e-06	0.00e+00	4.68e-07	3.55e-11	3.97e-11
 3.03545e+20	5.57e-07	6.80e-04	1.42e-01	5.05e-01	2.77e-01	6.67e-02	8.59e-03	8.49e-06	0.00e+00	5.57e-07	4.22e-11	4.73e-11
 3.25117e+20	6.65e-07	8.15e-04	1.63e-01	5.08e-01	2.60e-01	6.03e-02	7.54e-03	7.36e-06	0.00e+00	6.65e-07	5.05e-11	5.65e-11
 3.45472e+20	7.95e-07	9.72e-04	1.87e-01	5.09e-01	2.43e-01	5.41e-02	6.58e-03	6.36e-06	0.00e+00	7.95e-07	6.03e-11	6.75e-11
 3.63682e+20	9.24e-07	1.13e-03	2.12e-01	5.07e-01	2.26e-01	4.85e-02	5.76e-03	5.51e-06	0.00e+00	9.24e-07	7.01e-11	7.84e-11
 3.79928e+20	1.09e-06	1.32e-03	2.37e-01	5.03e-01	2.10e-01	4.34e-02	5.02e-03	4.76e-06	0.00e+00	1.09e-06	8.30e-11	9.29e-11
 3.94632e+20	1.28e-06	1.52e-03	2.63e-01	4.97e-01	1.95e-01	3.89e-02	4.38e-03	4.12e-06	0.00e+00	1.28e-06	9.73e-11	1.09e-10
 4.07513e+20	1.53e-06	1.76e-03	2.90e-01	4.89e-01	1.81e-01	3.48e-02	3.82e-03	3.55e-06	0.00e+00	1.53e-06	1.16e-10	1.29e-10
 4.19206e+20	1.71e-06	1.96e-03	3.14e-01	4.81e-01	1.68e-01	3.14e-02	3.37e-03	3.11e-06	0.00e+00	1.71e-06	1.30e-10	1.45e-10
 4.31961e+20	2.01e-06	2.24e-03	3.45e-01	4.70e-01	1.53e-01	2.75e-02	2.87e-03	2.62e-06	0.00e+00	2.01e-06	1.53e-10	1.71e-10
 4.45710e+20	2.39e-06	2.58e-03	3.79e-01	4.55e-01	1.38e-01	2.37e-02	2.39e-03	2.16e-06	0.00e+00	2.39e-06	1.81e-10	2.03e-10
 4.57760e+20	2.81e-06	2.92e-03	4.11e-01	4.40e-01	1.24e-01	2.05e-02	2.01e-03	1.79e-06	0.00e+00	2.81e-06	2.13e-10	2.38e-10
 4.68402e+20	3.31e-06	3.31e-03	4.41e-01	4.24e-01	1.12e-01	1.78e-02	1.70e-03	1.49e-06	0.00e+00	3.31e-06	2.51e-10	2.81e-10
 4.78423e+20	3.80e-06	3.67e-03	4.69e-01	4.09e-01	1.01e-01	1.55e-02	1.44e-03	1.25e-06	0.00e+00	3.80e-06	2.88e-10	3.22e-10
 4.89666e+20	4.49e-06	4.13e-03	5.03e-01	3.90e-01	8.94e-02	1.31e-02	1.17e-03	9.98e-07	0.00e+00	4.49e-06	3.40e-10	3.80e-10
 5.01760e+20	5.32e-06	4.66e-03	5.38e-01	3.68e-01	7.79e-02	1.09e-02	9.32e-04	7.81e-07	0.00e+00	5.32e-06	4.03e-10	4.51e-10
 5.12017e+20	6.05e-06	5.10e-03	5.66e-01	3.50e-01	6.89e-02	9.24e-03	7.66e-04	6.33e-07	0.00e+00	6.05e-06	4.58e-10	5.13e-10
 5.20946e+20	6.91e-06	5.58e-03	5.92e-01	3.32e-01	6.15e-02	7.93e-03	6.37e-04	5.17e-07	0.00e+00	6.91e-06	5.22e-10	5.85e-10
 5.31090e+20	8.25e-06	6.25e-03	6.22e-01	3.11e-01	5.35e-02	6.56e-03	5.05e-04	4.00e-07	0.00e+00	8.25e-06	6.23e-10	6.98e-10
 5.41566e+20	9.58e-06	6.88e-03	6.49e-01	2.91e-01	4.65e-02	5.44e-03	4.02e-04	3.11e-07	0.00e+00	9.58e-06	7.23e-10	8.11e-10
 5.50608e+20	1.08e-05	7.41e-03	6.72e-01	2.74e-01	4.12e-02	4.62e-03	3.30e-04	2.51e-07	0.00e+00	1.08e-05	8.14e-10	9.14e-10
 5.60497e+20	1.29e-05	8.24e-03	6.98e-01	2.54e-01	3.56e-02	3.79e-03	2.58e-04	1.90e-07	0.00e+00	1.29e-05	9.68e-10	1.09e-09
 5.70951e+20	1.50e-05	9.04e-03	7.22e-01	2.35e-01	3.07e-02	3.10e-03	2.03e-04	1.45e-07	0.00e+00	1.50e-05	1.13e-09	1.27e-09
 5.80396e+20	1.71e-05	9.75e-03	7.41e-01	2.19e-01	2.69e-02	2.60e-03	1.63e-04	0.00e+00	0.00e+00	1.71e-05	1.29e-09	1.45e-09
 5.90932e+20	2.05e-05	1.08e-02	7.64e-01	2.00e-01	2.30e-02	2.09e-03	1.25e-04	0.00e+00	0.00e+00	2.05e-05	1.54e-09	1.73e-09
 6.02319e+20	2.46e-05	1.20e-02	7.85e-01	1.82e-01	1.95e-02	1.67e-03	9.49e-05	0.00e+00	0.00e+00	2.46e-05	1.84e-09	2.08e-09
 6.12885e+20	2.85e-05	1.30e-02	8.02e-01	1.67e-01	1.69e-02	1.37e-03	7.45e-05	0.00e+00	0.00e+00	2.85e-05	2.14e-09	2.41e-09
 6.24693e+20	3.51e-05	1.45e-02	8.21e-01	1.49e-01	1.43e-02	1.08e-03	5.53e-05	0.00e+00	0.00e+00	3.51e-05	2.63e-09	2.97e-09
 6.37523e+20	4.30e-05	1.62e-02	8.38e-01	1.33e-01	1.21e-02	8.46e-04	4.11e-05	0.00e+00	0.00e+00	4.30e-05	3.22e-09	3.63e-09
 6.49617e+20	5.23e-05	1.79e-02	8.52e-01	1.19e-01	1.04e-02	6.74e-04	3.11e-05	0.00e+00	0.00e+00	5.23e-05	3.92e-09	4.42e-09
 6.59214e+20	6.09e-05	1.94e-02	8.61e-01	1.10e-01	9.28e-03	5.69e-04	2.53e-05	0.00e+00	0.00e+00	6.09e-05	4.56e-09	5.14e-09
 6.65954e+20	6.83e-05	2.05e-02	8.67e-01	1.03e-01	8.57e-03	5.03e-04	2.18e-05	0.00e+00	0.00e+00	6.83e-05	5.11e-09	5.76e-09
 6.73038e+20	7.72e-05	2.19e-02	8.74e-01	9.59e-02	7.88e-03	4.40e-04	1.85e-05	0.00e+00	0.00e+00	7.72e-05	5.78e-09	6.51e-09
 6.82248e+20	9.08e-05	2.38e-02	8.81e-01	8.75e-02	7.09e-03	3.70e-04	1.51e-05	0.00e+00	0.00e+00	9.07e-05	6.79e-09	7.65e-09
 6.91667e+20	1.07e-04	2.58e-02	8.87e-01	7.99e-02	6.43e-03	3.13e-04	1.24e-05	0.00e+00	0.00e+00	1.07e-04	7.98e-09	8.98e-09
 6.99382e+20	1.22e-04	2.77e-02	8.92e-01	7.41e-02	5.96e-03	2.74e-04	1.06e-05	0.00e+00	0.00e+00	1.22e-04	9.14e-09	1.03e-08
 7.07438e+20	1.40e-04	2.97e-02	8.96e-01	6.83e-02	5.50e-03	2.37e-04	8.97e-06	0.00e+00	0.00e+00	1.40e-04	1.05e-08	1.18e-08
 7.16454e+20	1.67e-04	3.24e-02	9.00e-01	6.21e-02	5.05e-03	2.01e-04	7.42e-06	0.00e+00	0.00e+00	1.67e-04	1.25e-08	1.41e-08
 7.24465e+20	1.94e-04	3.50e-02	9.03e-01	5.72e-02	4.71e-03	1.75e-04	6.36e-06	0.00e+00	0.00e+00	1.94e-04	1.46e-08	1.63e-08
 7.31389e+20	2.21e-04	3.74e-02	9.05e-01	5.32e-02	4.45e-03	1.54e-04	5.56e-06	0.00e+00	0.00e+00	2.21e-04	1.67e-08	1.86e-08
 7.39149e+20	2.56e-04	4.04e-02	9.06e-01	4.89e-02	4.17e-03	1.34e-04	4.79e-06	0.00e+00	0.00e+00	2.56e-04	1.94e-08	2.15e-08
 7.47838e+20	3.07e-04	4.43e-02	9.07e-01	4.43e-02	3.89e-03	1.14e-04	4.04e-06	0.00e+00	0.00e+00	3.07e-04	2.33e-08	2.58e-08
 7.55593e+20	3.57e-04	4.79e-02	9.07e-01	4.08e-02	3.69e-03	9.99e-05	3.52e-06	0.00e+00	0.00e+00	3.57e-04	2.72e-08	3.00e-08
 7.62432e+20	4.14e-04	5.16e-02	9.07e-01	3.77e-02	3.51e-03	8.80e-05	3.10e-06	0.00e+00	0.00e+00	4.13e-04	3.16e-08	3.47e-08
 7.70223e+20	4.95e-04	5.66e-02	9.05e-01	3.42e-02	3.31e-03	7.54e-05	2.66e-06	0.00e+00	0.00e+00	4.95e-04	3.81e-08	4.15e-08
 7.78362e+20	5.89e-04	6.19e-02	9.03e-01	3.10e-02	3.15e-03	6.51e-05	2.31e-06	0.00e+00	0.00e+00	5.89e-04	4.56e-08	4.94e-08
 7.85414e+20	6.94e-04	6.74e-02	9.00e-01	2.84e-02	3.01e-03	5.68e-05	2.03e-06	0.00e+00	0.00e+00	6.94e-04	5.41e-08	5.81e-08
 7.91955e+20	8.12e-04	7.31e-02	8.97e-01	2.61e-02	2.89e-03	4.99e-05	1.80e-06	0.00e+00	0.00e+00	8.12e-04	6.39e-08	6.80e-08
 7.99372e+20	9.78e-04	8.05e-02	8.92e-01	2.36e-02	2.75e-03	4.27e-05	1.56e-06	0.00e+00	0.00e+00	9.78e-04	7.78e-08	8.18e-08
 8.07250e+20	1.20e-03	8.97e-02	8.85e-01	2.11e-02	2.62e-03	3.62e-05	1.35e-06	0.00e+00	0.00e+00	1.20e-03	9.74e-08	1.01e-07
 8.13881e+20	1.44e-03	9.84e-02	8.78e-01	1.91e-02	2.52e-03	3.14e-05	1.19e-06	0.00e+00	0.00e+00	1.44e-03	1.18e-07	1.20e-07
 8.19711e+20	1.68e-03	1.07e-01	8.71e-01	1.75e-02	2.43e-03	2.77e-05	1.06e-06	0.00e+00	0.00e+00	1.68e-03	1.39e-07	1.40e-07
 8.26344e+20	2.04e-03	1.18e-01	8.62e-01	1.58e-02	2.32e-03	2.37e-05	9.30e-07	0.00e+00	0.00e+00	2.04e-03	1.71e-07	1.70e-07
 8.33513e+20	2.52e-03	1.32e-01	8.49e-01	1.40e-02	2.21e-03	2.00e-05	8.03e-07	0.00e+00	0.00e+00	2.52e-03	2.16e-07	2.09e-07
 8.39760e+20	3.06e-03	1.46e-01	8.36e-01	1.25e-02	2.12e-03	1.71e-05	7.03e-07	0.00e+00	0.00e+00	3.06e-03	2.68e-07	2.54e-07
 8.45210e+20	3.65e-03	1.60e-01	8.23e-01	1.13e-02	2.03e-03	1.48e-05	6.22e-07	0.00e+00	0.00e+00	3.65e-03	3.26e-07	3.02e-07
 8.51244e+20	4.48e-03	1.78e-01	8.05e-01	1.00e-02	1.93e-03	1.25e-05	5.39e-07	0.00e+00	0.00e+00	4.48e-03	4.08e-07	3.70e-07
 8.57650e+20	5.64e-03	2.01e-01	7.83e-01	8.75e-03	1.83e-03	1.03e-05	4.58e-07	0.00e+00	0.00e+00	5.64e-03	5.27e-07	4.65e-07
 8.62966e+20	6.79e-03	2.21e-01	7.63e-01	7.80e-03	1.74e-03	8.83e-06	4.00e-07	0.00e+00	0.00e+00	6.79e-03	6.45e-07	5.59e-07
 8.67555e+20	8.07e-03	2.41e-01	7.42e-01	6.99e-03	1.65e-03	7.60e-06	3.51e-07	0.00e+00	0.00e+00	8.07e-03	7.79e-07	6.63e-07
 8.72774e+20	1.00e-02	2.69e-01	7.14e-01	6.07e-03	1.55e-03	6.28e-06	2.98e-07	0.00e+00	0.00e+00	9.99e-03	9.84e-07	8.18e-07
 8.78202e+20	1.25e-02	2.99e-01	6.81e-01	5.23e-03	1.44e-03	5.12e-06	2.49e-07	0.00e+00	0.00e+00	1.24e-02	1.24e-06	1.02e-06
 8.82697e+20	1.50e-02	3.28e-01	6.51e-01	4.58e-03	1.34e-03	4.29e-06	2.13e-07	0.00e+00	0.00e+00	1.50e-02	1.51e-06	1.22e-06
 8.86688e+20	1.78e-02	3.56e-01	6.21e-01	4.02e-03	1.25e-03	3.60e-06	1.82e-07	0.00e+00	0.00e+00	1.78e-02	1.81e-06	1.44e-06
 8.91225e+20	2.19e-02	3.92e-01	5.81e-01	3.42e-03	1.14e-03	2.90e-06	1.50e-07	0.00e+00	0.00e+00	2.19e-02	2.25e-06	1.77e-06
 8.96040e+20	2.73e-02	4.32e-01	5.36e-01	2.85e-03	1.02e-03	2.27e-06	1.20e-07	0.00e+00	0.00e+00	2.73e-02	2.82e-06	2.19e-06
 9.00130e+20	3.31e-02	4.70e-01	4.94e-01	2.40e-03	9.10e-04	1.80e-06	0.00e+00	0.00e+00	0.00e+00	3.31e-02	3.43e-06	2.64e-06
 9.03698e+20	3.92e-02	5.04e-01	4.54e-01	2.04e-03	8.16e-04	1.45e-06	0.00e+00	0.00e+00	0.00e+00	3.92e-02	4.07e-06	3.11e-06
 9.07137e+20	4.65e-02	5.38e-01	4.13e-01	1.72e-03	7.19e-04	1.14e-06	0.00e+00	0.00e+00	0.00e+00	4.65e-02	4.82e-06	3.67e-06
 9.10496e+20	5.51e-02	5.71e-01	3.72e-01	1.43e-03	6.27e-04	8.89e-07	0.00e+00	0.00e+00	0.00e+00	5.51e-02	5.71e-06	4.32e-06
 9.13723e+20	6.45e-02	6.02e-01	3.31e-01	1.20e-03	5.43e-04	6.92e-07	0.00e+00	0.00e+00	0.00e+00	6.45e-02	6.66e-06	5.02e-06
 9.17354e+20	7.78e-02	6.37e-01	2.84e-01	9.51e-04	4.47e-04	5.00e-07	0.00e+00	0.00e+00	0.00e+00	7.78e-02	7.98e-06	5.99e-06
 9.21118e+20	9.42e-02	6.68e-01	2.37e-01	7.40e-04	3.56e-04	3.47e-07	0.00e+00	0.00e+00	0.00e+00	9.42e-02	9.58e-06	7.17e-06
 9.24185e+20	1.11e-01	6.89e-01	1.99e-01	5.90e-04	2.86e-04	2.47e-07	0.00e+00	0.00e+00	0.00e+00	1.11e-01	1.12e-05	8.33e-06
 9.26815e+20	1.27e-01	7.04e-01	1.69e-01	4.85e-04	2.34e-04	1.83e-07	0.00e+00	0.00e+00	0.00e+00	1.27e-01	1.26e-05	9.39e-06
 9.29741e+20	1.48e-01	7.15e-01	1.37e-01	3.83e-04	1.81e-04	1.25e-07	0.00e+00	0.00e+00	0.00e+00	1.48e-01	1.45e-05	1.08e-05
 9.33546e+20	1.79e-01	7.19e-01	1.01e-01	2.80e-04	1.24e-04	0.00e+00	0.00e+00	0.00e+00	0.00e+00	1.79e-01	1.72e-05	1.28e-05
 9.37444e+20	2.18e-01	7.11e-01	7.08e-02	2.01e-04	8.06e-05	0.00e+00	0.00e+00	0.00e+00	0.00e+00	2.18e-01	2.02e-05	1.50e-05
 9.40547e+20	2.54e-01	6.94e-01	5.11e-02	1.53e-04	5.43e-05	0.00e+00	0.00e+00	0.00e+00	0.00e+00	2.54e-01	2.29e-05	1.69e-05
 9.42879e+20	2.85e-01	6.76e-01	3.91e-02	1.25e-04	3.94e-05	0.00e+00	0.00e+00	0.00e+00	0.00e+00	2.85e-01	2.49e-05	1.84e-05
 9.44770e+20	3.12e-01	6.57e-01	3.10e-02	1.06e-04	2.98e-05	0.00e+00	0.00e+00	0.00e+00	0.00e+00	3.12e-01	2.65e-05	1.96e-05
 9.46870e+20	3.44e-01	6.32e-01	2.35e-02	8.80e-05	2.14e-05	0.00e+00	0.00e+00	0.00e+00	0.00e+00	3.44e-01	2.83e-05	2.10e-05
 9.49157e+20	3.81e-01	6.02e-01	1.72e-02	7.24e-05	1.48e-05	0.00e+00	0.00e+00	0.00e+00	0.00e+00	3.81e-01	3.01e-05	2.23e-05
 9.51189e+20	4.15e-01	5.72e-01	1.28e-02	6.10e-05	1.05e-05	0.00e+00	0.00e+00	0.00e+00	0.00e+00	4.15e-01	3.15e-05	2.33e-05
 9.52949e+20	4.46e-01	5.44e-01	9.86e-03	5.26e-05	7.76e-06	0.00e+00	0.00e+00	0.00e+00	0.00e+00	4.46e-01	3.26e-05	2.40e-05
 9.54562e+20	4.75e-01	5.17e-01	7.71e-03	4.61e-05	5.83e-06	0.00e+00	0.00e+00	0.00e+00	0.00e+00	4.75e-01	3.34e-05	2.46e-05
 9.56088e+20	5.02e-01	4.92e-01	6.09e-03	4.07e-05	4.45e-06	0.00e+00	0.00e+00	0.00e+00	0.00e+00	5.02e-01	3.40e-05	2.51e-05
 9.57524e+20	5.27e-01	4.68e-01	4.88e-03	3.64e-05	3.46e-06	0.00e+00	0.00e+00	0.00e+00	0.00e+00	5.27e-01	3.44e-05	2.53e-05
 9.58879e+20	5.50e-01	4.46e-01	3.96e-03	3.28e-05	2.73e-06	0.00e+00	0.00e+00	0.00e+00	0.00e+00	5.50e-01	3.46e-05	2.55e-05
 9.60183e+20	5.72e-01	4.25e-01	3.25e-03	2.97e-05	2.19e-06	0.00e+00	0.00e+00	0.00e+00	0.00e+00	5.72e-01	3.47e-05	2.56e-05
 9.61443e+20	5.92e-01	4.05e-01	2.70e-03	2.71e-05	1.77e-06	0.00e+00	0.00e+00	0.00e+00	0.00e+00	5.92e-01	3.48e-05	2.56e-05
 9.62443e+20	6.06e-01	3.91e-01	2.36e-03	2.54e-05	1.53e-06	0.00e+00	0.00e+00	0.00e+00	0.00e+00	6.06e-01	3.47e-05	2.55e-05
 9.63169e+20	6.17e-01	3.81e-01	2.13e-03	2.42e-05	1.36e-06	0.00e+00	0.00e+00	0.00e+00	0.00e+00	6.17e-01	3.47e-05	2.55e-05
 9.63901e+20	6.28e-01	3.70e-01	1.93e-03	2.30e-05	1.22e-06	0.00e+00	0.00e+00	0.00e+00	0.00e+00	6.28e-01	3.46e-05	2.54e-05
 9.64744e+20	6.39e-01	3.59e-01	1.73e-03	2.18e-05	1.08e-06	0.00e+00	0.00e+00	0.00e+00	0.00e+00	6.39e-01	3.44e-05	2.53e-05
 9.65655e+20	6.51e-01	3.48e-01	1.54e-03	2.06e-05	9.53e-07	0.00e+00	0.00e+00	0.00e+00	0.00e+00	6.51e-01	3.43e-05	2.52e-05
 9.66593e+20	6.63e-01	3.36e-01	1.38e-03	1.95e-05	8.43e-07	0.00e+00	0.00e+00	0.00e+00	0.00e+00	6.62e-01	3.41e-05	2.50e-05
 9.67548e+20	6.73e-01	3.26e-01	1.25e-03	1.85e-05	7.52e-07	0.00e+00	0.00e+00	0.00e+00	0.00e+00	6.73e-01	3.39e-05	2.49e-05
 9.68548e+20	6.83e-01	3.15e-01	1.13e-03	1.76e-05	6.72e-07	0.00e+00	0.00e+00	0.00e+00	0.00e+00	6.83e-01	3.36e-05	2.47e-05
 9.69633e+20	6.93e-01	3.05e-01	1.02e-03	1.67e-05	6.02e-07	0.00e+00	0.00e+00	0.00e+00	0.00e+00	6.93e-01	3.34e-05	2.45e-05
 9.70818e+20	7.04e-01	2.95e-01	9.28e-04	1.59e-05	5.41e-07	0.00e+00	0.00e+00	0.00e+00	0.00e+00	7.04e-01	3.31e-05	2.43e-05
 9.72106e+20	7.13e-01	2.86e-01	8.49e-04	1.51e-05	4.89e-07	0.00e+00	0.00e+00	0.00e+00	0.00e+00	7.13e-01	3.28e-05	2.41e-05
 9.73539e+20	7.22e-01	2.77e-01	7.80e-04	1.44e-05	4.44e-07	0.00e+00	0.00e+00	0.00e+00	0.00e+00	7.22e-01	3.26e-05	2.38e-05
 9.75209e+20	7.30e-01	2.69e-01	7.20e-04	1.38e-05	4.05e-07	0.00e+00	0.00e+00	0.00e+00	0.00e+00	7.30e-01	3.23e-05	2.36e-05
 9.77019e+20	7.37e-01	2.62e-01	6.74e-04	1.33e-05	3.75e-07	0.00e+00	0.00e+00	0.00e+00	0.00e+00	7.37e-01	3.20e-05	2.34e-05
 9.78810e+20	7.42e-01	2.57e-01	6.42e-04	1.29e-05	3.55e-07	0.00e+00	0.00e+00	0.00e+00	0.00e+00	7.42e-01	3.18e-05	2.33e-05
 9.80553e+20	7.46e-01	2.53e-01	6.19e-04	1.26e-05	3.40e-07	0.00e+00	0.00e+00	0.00e+00	0.00e+00	7.46e-01	3.17e-05	2.31e-05
 9.82261e+20	7.49e-01	2.50e-01	6.01e-04	1.24e-05	3.28e-07	0.00e+00	0.00e+00	0.00e+00	0.00e+00	7.49e-01	3.16e-05	2.30e-05
 9.83942e+20	7.52e-01	2.47e-01	5.87e-04	1.21e-05	3.19e-07	0.00e+00	0.00e+00	0.00e+00	0.00e+00	7.52e-01	3.15e-05	2.29e-05
 9.85862e+20	7.54e-01	2.46e-01	5.78e-04	1.20e-05	3.13e-07	0.00e+00	0.00e+00	0.00e+00	0.00e+00	7.54e-01	3.14e-05	2.29e-05
 9.88358e+20	7.56e-01	2.44e-01	5.66e-04	1.19e-05	3.05e-07	0.00e+00	0.00e+00	0.00e+00	0.00e+00	7.56e-01	3.13e-05	2.28e-05
 9.91603e+20	7.58e-01	2.42e-01	5.56e-04	1.17e-05	2.98e-07	0.00e+00	0.00e+00	0.00e+00	0.00e+00	7.58e-01	3.13e-05	2.28e-05
 9.95822e+20	7.60e-01	2.39e-01	5.44e-04	1.15e-05	2.90e-07	0.00e+00	0.00e+00	0.00e+00	0.00e+00	7.60e-01	3.12e-05	2.27e-05
 1.00131e+21	7.63e-01	2.37e-01	5.32e-04	1.13e-05	2.82e-07	0.00e+00	0.00e+00	0.00e+00	0.00e+00	7.63e-01	3.11e-05	2.26e-05
 1.00843e+21	7.66e-01	2.34e-01	5.18e-04	1.11e-05	2.72e-07	0.00e+00	0.00e+00	0.00e+00	0.00e+00	7.65e-01	3.10e-05	2.25e-05
 1.01770e+21	7.69e-01	2.30e-01	5.01e-04	1.08e-05	2.60e-07	0.00e+00	0.00e+00	0.00e+00	0.00e+00	7.69e-01	3.09e-05	2.24e-05
 1.02975e+21	7.74e-01	2.26e-01	4.81e-04	1.05e-05	2.47e-07	0.00e+00	0.00e+00	0.00e+00	0.00e+00	7.74e-01	3.08e-05	2.22e-05
 1.04541e+21	7.79e-01	2.20e-01	4.58e-04	1.01e-05	2.31e-07	0.00e+00	0.00e+00	0.00e+00	0.00e+00	7.79e-01	3.06e-05	2.20e-05
 1.06577e+21	7.86e-01	2.14e-01	4.32e-04	9.60e-06	2.13e-07	0.00e+00	0.00e+00	0.00e+00	0.00e+00	7.86e-01	3.04e-05	2.18e-05
 1.09171e+21	7.93e-01	2.06e-01	4.03e-04	9.04e-06	1.94e-07	0.00e+00	0.00e+00	0.00e+00	0.00e+00	7.93e-01	3.01e-05	2.15e-05
 1.12136e+21	8.01e-01	1.98e-01	3.76e-04	8.48e-06	1.76e-07	0.00e+00	0.00e+00	0.00e+00	0.00e+00	8.01e-01	2.99e-05	2.11e-05
 1.15165e+21	8.09e-01	1.91e-01	3.54e-04	7.97e-06	1.61e-07	0.00e+00	0.00e+00	0.00e+00	0.00e+00	8.09e-01	2.97e-05	2.08e-05
 1.18224e+21	8.15e-01	1.84e-01	3.34e-04	7.51e-06	1.49e-07	0.00e+00	0.00e+00	0.00e+00	0.00e+00	8.15e-01	2.95e-05	2.05e-05
 1.21398e+21	8.22e-01	1.78e-01	3.16e-04	7.08e-06	1.37e-07	0.00e+00	0.00e+00	0.00e+00	0.00e+00	8.22e-01	2.92e-05	2.02e-05
 1.24750e+21	8.28e-01	1.71e-01	3.00e-04	6.66e-06	1.27e-07	0.00e+00	0.00e+00	0.00e+00	0.00e+00	8.28e-01	2.90e-05	1.99e-05
 1.28282e+21	8.35e-01	1.65e-01	2.85e-04	6.26e-06	0.00e+00	0.00e+00	0.00e+00	0.00e+00	0.00e+00	8.35e-01	2.88e-05	1.96e-05
 1.31958e+21	8.41e-01	1.59e-01	2.72e-04	5.89e-06	0.00e+00	0.00e+00	0.00e+00	0.00e+00	0.00e+00	8.41e-01	2.85e-05	1.93e-05
 1.35759e+21	8.46e-01	1.53e-01	2.60e-04	5.53e-06	0.00e+00	0.00e+00	0.00e+00	0.00e+00	0.00e+00	8.46e-01	2.83e-05	1.90e-05
 1.39691e+21	8.52e-01	1.48e-01	2.48e-04	5.20e-06	0.00e+00	0.00e+00	0.00e+00	0.00e+00	0.00e+00	8.52e-01	2.81e-05	1.86e-05
 1.43822e+21	8.57e-01	1.42e-01	2.38e-04	4.89e-06	0.00e+00	0.00e+00	0.00e+00	0.00e+00	0.00e+00	8.57e-01	2.79e-05	1.83e-05
 1.48117e+21	8.63e-01	1.37e-01	2.29e-04	4.59e-06	0.00e+00	0.00e+00	0.00e+00	0.00e+00	0.00e+00	8.63e-01	2.77e-05	1.80e-05
 1.52530e+21	8.68e-01	1.32e-01	2.20e-04	4.31e-06	0.00e+00	0.00e+00	0.00e+00	0.00e+00	0.00e+00	8.68e-01	2.75e-05	1.77e-05
 1.57122e+21	8.72e-01	1.27e-01	2.11e-04	4.04e-06	0.00e+00	0.00e+00	0.00e+00	0.00e+00	0.00e+00	8.72e-01	2.73e-05	1.75e-05
 1.61902e+21	8.77e-01	1.23e-01	2.03e-04	3.79e-06	0.00e+00	0.00e+00	0.00e+00	0.00e+00	0.00e+00	8.77e-01	2.71e-05	1.72e-05
 1.66867e+21	8.82e-01	1.18e-01	1.96e-04	3.55e-06	0.00e+00	0.00e+00	0.00e+00	0.00e+00	0.00e+00	8.81e-01	2.70e-05	1.69e-05
 1.72010e+21	8.86e-01	1.14e-01	1.89e-04	3.33e-06	0.00e+00	0.00e+00	0.00e+00	0.00e+00	0.00e+00	8.86e-01	2.68e-05	1.66e-05
 1.77341e+21	8.90e-01	1.10e-01	1.82e-04	3.12e-06	0.00e+00	0.00e+00	0.00e+00	0.00e+00	0.00e+00	8.90e-01	2.67e-05	1.64e-05
 1.82860e+21	8.94e-01	1.06e-01	1.76e-04	2.91e-06	0.00e+00	0.00e+00	0.00e+00	0.00e+00	0.00e+00	8.94e-01	2.65e-05	1.61e-05
 1.88617e+21	8.98e-01	1.02e-01	1.70e-04	2.72e-06	0.00e+00	0.00e+00	0.00e+00	0.00e+00	0.00e+00	8.98e-01	2.64e-05	1.58e-05
 1.94591e+21	9.02e-01	9.81e-02	1.64e-04	2.54e-06	0.00e+00	0.00e+00	0.00e+00	0.00e+00	0.00e+00	9.02e-01	2.63e-05	1.56e-05
 2.00711e+21	9.05e-01	9.45e-02	1.58e-04	2.38e-06	0.00e+00	0.00e+00	0.00e+00	0.00e+00	0.00e+00	9.05e-01	2.61e-05	1.54e-05
 2.07032e+21	9.09e-01	9.10e-02	1.52e-04	2.22e-06	0.00e+00	0.00e+00	0.00e+00	0.00e+00	0.00e+00	9.09e-01	2.60e-05	1.51e-05
 2.13583e+21	9.12e-01	8.77e-02	1.47e-04	2.07e-06	0.00e+00	0.00e+00	0.00e+00	0.00e+00	0.00e+00	9.12e-01	2.59e-05	1.49e-05
 2.20369e+21	9.15e-01	8.44e-02	1.42e-04	1.93e-06	0.00e+00	0.00e+00	0.00e+00	0.00e+00	0.00e+00	9.15e-01	2.58e-05	1.47e-05
 2.27392e+21	9.18e-01	8.14e-02	1.37e-04	1.79e-06	0.00e+00	0.00e+00	0.00e+00	0.00e+00	0.00e+00	9.18e-01	2.57e-05	1.45e-05
 2.34632e+21	9.22e-01	7.83e-02	1.32e-04	1.67e-06	0.00e+00	0.00e+00	0.00e+00	0.00e+00	0.00e+00	9.22e-01	2.56e-05	1.42e-05
 2.42157e+21	9.24e-01	7.54e-02	1.27e-04	1.55e-06	0.00e+00	0.00e+00	0.00e+00	0.00e+00	0.00e+00	9.24e-01	2.55e-05	1.40e-05
 2.49933e+21	9.27e-01	7.25e-02	1.22e-04	1.44e-06	0.00e+00	0.00e+00	0.00e+00	0.00e+00	0.00e+00	9.27e-01	2.54e-05	1.38e-05
 2.57881e+21	9.30e-01	6.99e-02	1.18e-04	1.33e-06	0.00e+00	0.00e+00	0.00e+00	0.00e+00	0.00e+00	9.30e-01	2.53e-05	1.36e-05
 2.66020e+21	9.33e-01	6.73e-02	1.14e-04	1.24e-06	0.00e+00	0.00e+00	0.00e+00	0.00e+00	0.00e+00	9.33e-01	2.52e-05	1.34e-05
 2.74419e+21	9.35e-01	6.48e-02	1.09e-04	1.15e-06	0.00e+00	0.00e+00	0.00e+00	0.00e+00	0.00e+00	9.35e-01	2.51e-05	1.33e-05
 2.83086e+21	9.38e-01	6.24e-02	1.05e-04	1.06e-06	0.00e+00	0.00e+00	0.00e+00	0.00e+00	0.00e+00	9.38e-01	2.50e-05	1.31e-05
 2.91937e+21	9.40e-01	6.00e-02	1.01e-04	9.81e-07	0.00e+00	0.00e+00	0.00e+00	0.00e+00	0.00e+00	9.40e-01	2.49e-05	1.29e-05
 3.01022e+21	9.42e-01	5.78e-02	9.73e-05	9.07e-07	0.00e+00	0.00e+00	0.00e+00	0.00e+00	0.00e+00	9.42e-01	2.48e-05	1.27e-05
 3.10366e+21	9.44e-01	5.56e-02	9.36e-05	8.37e-07	0.00e+00	0.00e+00	0.00e+00	0.00e+00	0.00e+00	9.44e-01	2.47e-05	1.26e-05
 3.19929e+21	9.46e-01	5.35e-02	9.00e-05	7.73e-07	0.00e+00	0.00e+00	0.00e+00	0.00e+00	0.00e+00	9.46e-01	2.46e-05	1.24e-05
 3.29698e+21	9.48e-01	5.14e-02	8.65e-05	7.13e-07	0.00e+00	0.00e+00	0.00e+00	0.00e+00	0.00e+00	9.48e-01	2.44e-05	1.22e-05
 3.39684e+21	9.50e-01	4.95e-02	8.32e-05	6.57e-07	0.00e+00	0.00e+00	0.00e+00	0.00e+00	0.00e+00	9.50e-01	2.42e-05	1.20e-05
 3.49893e+21	9.52e-01	4.76e-02	8.00e-05	6.05e-07	0.00e+00	0.00e+00	0.00e+00	0.00e+00	0.00e+00	9.52e-01	2.40e-05	1.18e-05
 3.60185e+21	9.54e-01	4.58e-02	7.69e-05	5.58e-07	0.00e+00	0.00e+00	0.00e+00	0.00e+00	0.00e+00	9.54e-01	2.38e-05	1.16e-05
 3.70367e+21	9.56e-01	4.42e-02	7.41e-05	5.15e-07	0.00e+00	0.00e+00	0.00e+00	0.00e+00	0.00e+00	9.56e-01	2.36e-05	1.15e-05
 3.80461e+21	9.57e-01	4.26e-02	7.14e-05	4.76e-07	0.00e+00	0.00e+00	0.00e+00	0.00e+00	0.00e+00	9.57e-01	2.34e-05	1.13e-05
 3.91049e+21	9.59e-01	4.10e-02	6.87e-05	4.38e-07	0.00e+00	0.00e+00	0.00e+00	0.00e+00	0.00e+00	9.59e-01	2.31e-05	1.11e-05
 4.02090e+21	9.61e-01	3.94e-02	6.61e-05	4.03e-07	0.00e+00	0.00e+00	0.00e+00	0.00e+00	0.00e+00	9.60e-01	2.29e-05	1.10e-05
 4.12775e+21	9.62e-01	3.81e-02	6.37e-05	3.73e-07	0.00e+00	0.00e+00	0.00e+00	0.00e+00	0.00e+00	9.62e-01	2.26e-05	1.08e-05
 4.23068e+21	9.63e-01	3.68e-02	6.15e-05	3.46e-07	0.00e+00	0.00e+00	0.00e+00	0.00e+00	0.00e+00	9.63e-01	2.23e-05	1.07e-05
 4.34170e+21	9.65e-01	3.54e-02	5.92e-05	3.18e-07	0.00e+00	0.00e+00	0.00e+00	0.00e+00	0.00e+00	9.65e-01	2.20e-05	1.05e-05
 4.46698e+21	9.66e-01	3.40e-02	5.67e-05	2.90e-07	0.00e+00	0.00e+00	0.00e+00	0.00e+00	0.00e+00	9.66e-01	2.16e-05	1.04e-05
 4.59094e+21	9.67e-01	3.27e-02	5.45e-05	2.66e-07	0.00e+00	0.00e+00	0.00e+00	0.00e+00	0.00e+00	9.67e-01	2.13e-05	1.03e-05
 4.70239e+21	9.68e-01	3.16e-02	5.25e-05	2.47e-07	0.00e+00	0.00e+00	0.00e+00	0.00e+00	0.00e+00	9.68e-01	2.09e-05	1.01e-05
 4.81730e+21	9.69e-01	3.05e-02	5.06e-05	2.27e-07	0.00e+00	0.00e+00	0.00e+00	0.00e+00	0.00e+00	9.69e-01	2.05e-05	1.00e-05
 4.94955e+21	9.71e-01	2.93e-02	4.85e-05	2.07e-07	0.00e+00	0.00e+00	0.00e+00	0.00e+00	0.00e+00	9.71e-01	2.00e-05	9.91e-06
 5.08810e+21	9.72e-01	2.81e-02	4.64e-05	1.89e-07	0.00e+00	0.00e+00	0.00e+00	0.00e+00	0.00e+00	9.72e-01	1.94e-05	9.78e-06
 5.22018e+21	9.73e-01	2.71e-02	4.46e-05	1.73e-07	0.00e+00	0.00e+00	0.00e+00	0.00e+00	0.00e+00	9.73e-01	1.88e-05	9.68e-06
 5.34568e+21	9.74e-01	2.62e-02	4.29e-05	1.59e-07	0.00e+00	0.00e+00	0.00e+00	0.00e+00	0.00e+00	9.74e-01	1.82e-05	9.57e-06
 5.46971e+21	9.75e-01	2.53e-02	4.13e-05	1.47e-07	0.00e+00	0.00e+00	0.00e+00	0.00e+00	0.00e+00	9.75e-01	1.76e-05	9.48e-06
 5.59356e+21	9.76e-01	2.44e-02	3.98e-05	1.36e-07	0.00e+00	0.00e+00	0.00e+00	0.00e+00	0.00e+00	9.76e-01	1.69e-05	9.39e-06
 5.71450e+21	9.76e-01	2.36e-02	3.84e-05	1.25e-07	0.00e+00	0.00e+00	0.00e+00	0.00e+00	0.00e+00	9.76e-01	1.62e-05	9.30e-06
 5.83018e+21	9.77e-01	2.28e-02	3.72e-05	0.00e+00	0.00e+00	0.00e+00	0.00e+00	0.00e+00	0.00e+00	9.77e-01	1.55e-05	9.21e-06
 5.93981e+21	9.78e-01	2.20e-02	3.61e-05	0.00e+00	0.00e+00	0.00e+00	0.00e+00	0.00e+00	0.00e+00	9.78e-01	1.48e-05	9.13e-06
 6.03944e+21	9.79e-01	2.12e-02	3.52e-05	0.00e+00	0.00e+00	0.00e+00	0.00e+00	0.00e+00	0.00e+00	9.79e-01	1.40e-05	9.05e-06
