#depth	He	He+	He+2
 1.39438e+15	7.58e-02	8.16e-01	1.08e-01
 8.36628e+15	7.54e-02	8.16e-01	1.09e-01
 3.62539e+16	7.54e-02	8.16e-01	1.09e-01
 1.47804e+17	7.56e-02	8.16e-01	1.08e-01
 3.53057e+17	7.59e-02	8.17e-01	1.07e-01
 6.19886e+17	7.67e-02	8.17e-01	1.06e-01
 9.66763e+17	7.78e-02	8.17e-01	1.05e-01
 1.41770e+18	7.93e-02	8.17e-01	1.04e-01
 1.96408e+18	8.12e-02	8.17e-01	1.02e-01
 2.57887e+18	8.38e-02	8.17e-01	9.96e-02
 3.29482e+18	8.75e-02	8.16e-01	9.68e-02
 4.09210e+18	9.22e-02	8.14e-01	9.42e-02
 4.84974e+18	9.74e-02	8.11e-01	9.19e-02
 5.48981e+18	1.03e-01	8.07e-01	9.02e-02
 6.03498e+18	1.08e-01	8.04e-01	8.85e-02
 6.62573e+18	1.15e-01	7.99e-01	8.68e-02
 7.27651e+18	1.23e-01	7.92e-01	8.50e-02
 7.86606e+18	1.32e-01	7.85e-01	8.34e-02
 8.36010e+18	1.40e-01	7.78e-01	8.23e-02
 8.77954e+18	1.47e-01	7.72e-01	8.12e-02
 9.16969e+18	1.55e-01	7.65e-01	8.02e-02
 9.55851e+18	1.63e-01	7.58e-01	7.92e-02
 9.94338e+18	1.72e-01	7.50e-01	7.80e-02
 1.03243e+19	1.81e-01	7.42e-01	7.69e-02
 1.06969e+19	1.90e-01	7.34e-01	7.59e-02
 1.10522e+19	1.99e-01	7.26e-01	7.49e-02
 1.14012e+19	2.09e-01	7.18e-01	7.38e-02
 1.16883e+19	2.16e-01	7.11e-01	7.30e-02
 1.18952e+19	2.22e-01	7.06e-01	7.23e-02
 1.20965e+19	2.28e-01	7.00e-01	7.16e-02
 1.23303e+19	2.35e-01	6.94e-01	7.07e-02
 1.25850e+19	2.43e-01	6.87e-01	6.98e-02
 1.28425e+19	2.51e-01	6.80e-01	6.89e-02
 1.31038e+19	2.60e-01	6.73e-01	6.78e-02
 1.33680e+19	2.68e-01	6.65e-01	6.68e-02
 1.36404e+19	2.77e-01	6.57e-01	6.57e-02
 1.39246e+19	2.87e-01	6.49e-01	6.46e-02
 1.42186e+19	2.97e-01	6.40e-01	6.35e-02
 1.45217e+19	3.07e-01	6.31e-01	6.22e-02
 1.48323e+19	3.18e-01	6.21e-01	6.09e-02
 1.51514e+19	3.29e-01	6.11e-01	5.96e-02
 1.54825e+19	3.41e-01	6.01e-01	5.83e-02
 1.58249e+19	3.53e-01	5.91e-01	5.69e-02
 1.61785e+19	3.65e-01	5.79e-01	5.54e-02
 1.65413e+19	3.78e-01	5.68e-01	5.40e-02
 1.69149e+19	3.91e-01	5.57e-01	5.25e-02
 1.73034e+19	4.04e-01	5.45e-01	5.10e-02
 1.77062e+19	4.18e-01	5.32e-01	4.94e-02
 1.81228e+19	4.33e-01	5.20e-01	4.78e-02
 1.85524e+19	4.47e-01	5.07e-01	4.62e-02
 1.89982e+19	4.62e-01	4.94e-01	4.46e-02
 1.94647e+19	4.77e-01	4.80e-01	4.30e-02
 1.99520e+19	4.92e-01	4.67e-01	4.13e-02
 2.04596e+19	5.08e-01	4.53e-01	3.96e-02
 2.09885e+19	5.23e-01	4.39e-01	3.79e-02
 2.15373e+19	5.39e-01	4.25e-01	3.62e-02
 2.21049e+19	5.54e-01	4.11e-01	3.46e-02
 2.26953e+19	5.70e-01	3.97e-01	3.29e-02
 2.33136e+19	5.85e-01	3.84e-01	3.13e-02
 2.39635e+19	6.00e-01	3.70e-01	2.97e-02
 2.46481e+19	6.15e-01	3.57e-01	2.81e-02
 2.53730e+19	6.29e-01	3.44e-01	2.65e-02
 2.61430e+19	6.44e-01	3.31e-01	2.49e-02
 2.69622e+19	6.58e-01	3.19e-01	2.34e-02
 2.78375e+19	6.72e-01	3.06e-01	2.19e-02
 2.87787e+19	6.85e-01	2.94e-01	2.04e-02
 2.97937e+19	6.98e-01	2.83e-01	1.89e-02
 3.08882e+19	7.11e-01	2.71e-01	1.75e-02
 3.20677e+19	7.24e-01	2.60e-01	1.62e-02
 3.33327e+19	7.36e-01	2.49e-01	1.49e-02
 3.46971e+19	7.47e-01	2.39e-01	1.37e-02
 3.61739e+19	7.59e-01	2.29e-01	1.25e-02
 3.77536e+19	7.69e-01	2.19e-01	1.14e-02
 3.94327e+19	7.80e-01	2.10e-01	1.04e-02
 4.12103e+19	7.90e-01	2.01e-01	9.47e-03
 4.30879e+19	8.00e-01	1.92e-01	8.60e-03
 4.50662e+19	8.09e-01	1.83e-01	7.81e-03
 4.71376e+19	8.18e-01	1.75e-01	7.07e-03
 4.93105e+19	8.26e-01	1.67e-01	6.41e-03
 5.15776e+19	8.34e-01	1.60e-01	5.80e-03
 5.39235e+19	8.42e-01	1.53e-01	5.26e-03
 5.63496e+19	8.49e-01	1.46e-01	4.77e-03
 5.88635e+19	8.56e-01	1.39e-01	4.32e-03
 6.14739e+19	8.63e-01	1.33e-01	3.92e-03
 6.41686e+19	8.69e-01	1.27e-01	3.55e-03
 6.68867e+19	8.75e-01	1.21e-01	3.23e-03
 6.95630e+19	8.81e-01	1.16e-01	2.95e-03
 7.21903e+19	8.86e-01	1.12e-01	2.70e-03
 7.47794e+19	8.90e-01	1.07e-01	2.48e-03
 7.73237e+19	8.94e-01	1.03e-01	2.29e-03
 7.98158e+19	8.98e-01	9.96e-02	2.12e-03
 8.22461e+19	9.02e-01	9.61e-02	1.97e-03
 8.45931e+19	9.05e-01	9.30e-02	1.84e-03
 8.68440e+19	9.08e-01	9.01e-02	1.72e-03
 8.89925e+19	9.11e-01	8.74e-02	1.61e-03
 9.10318e+19	9.13e-01	8.50e-02	1.52e-03
 9.29620e+19	9.16e-01	8.27e-02	1.43e-03
