#depth	He	He+	He+2
 2.88168e+15	3.79e-03	5.11e-01	4.85e-01
 1.72901e+16	3.79e-03	5.11e-01	4.85e-01
 7.49237e+16	3.79e-03	5.12e-01	4.84e-01
 3.05458e+17	3.78e-03	5.16e-01	4.80e-01
 7.29641e+17	3.66e-03	5.15e-01	4.82e-01
 1.28108e+18	3.61e-03	5.21e-01	4.76e-01
 1.99795e+18	3.63e-03	5.35e-01	4.61e-01
 2.92988e+18	3.74e-03	5.60e-01	4.36e-01
 4.14139e+18	3.98e-03	5.98e-01	3.98e-01
 5.71635e+18	4.40e-03	6.55e-01	3.41e-01
 7.76380e+18	5.06e-03	7.29e-01	2.66e-01
 1.00632e+19	5.84e-03	8.01e-01	1.93e-01
 1.22605e+19	6.58e-03	8.55e-01	1.39e-01
 1.41650e+19	7.19e-03	8.88e-01	1.05e-01
 1.57785e+19	7.70e-03	9.08e-01	8.46e-02
 1.72983e+19	8.20e-03	9.22e-01	6.97e-02
 1.88045e+19	8.72e-03	9.33e-01	5.83e-02
 2.02676e+19	9.26e-03	9.41e-01	4.97e-02
 2.16392e+19	9.82e-03	9.47e-01	4.32e-02
 2.29120e+19	1.04e-02	9.51e-01	3.82e-02
 2.41023e+19	1.10e-02	9.55e-01	3.43e-02
 2.52225e+19	1.16e-02	9.57e-01	3.11e-02
 2.62760e+19	1.23e-02	9.59e-01	2.84e-02
 2.72632e+19	1.31e-02	9.61e-01	2.62e-02
 2.81925e+19	1.39e-02	9.62e-01	2.44e-02
 2.90692e+19	1.47e-02	9.62e-01	2.28e-02
 2.98969e+19	1.57e-02	9.63e-01	2.14e-02
 3.06823e+19	1.67e-02	9.63e-01	2.02e-02
 3.14328e+19	1.79e-02	9.63e-01	1.91e-02
 3.21509e+19	1.92e-02	9.63e-01	1.82e-02
 3.28339e+19	2.06e-02	9.62e-01	1.73e-02
 3.34857e+19	2.22e-02	9.61e-01	1.65e-02
 3.41099e+19	2.41e-02	9.60e-01	1.58e-02
 3.47097e+19	2.62e-02	9.59e-01	1.52e-02
 3.52622e+19	2.85e-02	9.57e-01	1.47e-02
 3.57557e+19	3.09e-02	9.55e-01	1.42e-02
 3.61991e+19	3.34e-02	9.53e-01	1.38e-02
 3.66059e+19	3.61e-02	9.50e-01	1.35e-02
 3.69906e+19	3.91e-02	9.48e-01	1.32e-02
 3.73490e+19	4.23e-02	9.45e-01	1.30e-02
 3.76847e+19	4.58e-02	9.42e-01	1.27e-02
 3.80001e+19	4.94e-02	9.38e-01	1.25e-02
 3.82994e+19	5.33e-02	9.34e-01	1.24e-02
 3.85887e+19	5.77e-02	9.30e-01	1.22e-02
 3.88630e+19	6.22e-02	9.26e-01	1.21e-02
 3.91258e+19	6.72e-02	9.21e-01	1.20e-02
 3.93832e+19	7.24e-02	9.16e-01	1.20e-02
 3.96747e+19	7.94e-02	9.09e-01	1.19e-02
 3.99758e+19	8.73e-02	9.01e-01	1.18e-02
 4.02226e+19	9.44e-02	8.94e-01	1.18e-02
 4.04730e+19	1.03e-01	8.85e-01	1.18e-02
 4.07482e+19	1.13e-01	8.75e-01	1.18e-02
 4.10060e+19	1.23e-01	8.65e-01	1.18e-02
 4.12490e+19	1.33e-01	8.55e-01	1.19e-02
 4.14836e+19	1.45e-01	8.43e-01	1.19e-02
 4.17121e+19	1.57e-01	8.31e-01	1.20e-02
 4.19415e+19	1.69e-01	8.19e-01	1.20e-02
 4.21592e+19	1.82e-01	8.06e-01	1.21e-02
 4.23589e+19	1.95e-01	7.93e-01	1.21e-02
 4.25180e+19	2.06e-01	7.82e-01	1.22e-02
 4.26311e+19	2.13e-01	7.74e-01	1.22e-02
 4.27403e+19	2.21e-01	7.66e-01	1.22e-02
 4.28644e+19	2.31e-01	7.57e-01	1.23e-02
 4.29963e+19	2.42e-01	7.46e-01	1.23e-02
 4.31259e+19	2.52e-01	7.36e-01	1.23e-02
 4.32530e+19	2.63e-01	7.25e-01	1.24e-02
 4.33818e+19	2.74e-01	7.14e-01	1.24e-02
 4.35111e+19	2.85e-01	7.02e-01	1.24e-02
 4.36407e+19	2.98e-01	6.90e-01	1.24e-02
 4.37709e+19	3.10e-01	6.78e-01	1.24e-02
 4.39016e+19	3.23e-01	6.65e-01	1.24e-02
 4.40335e+19	3.36e-01	6.51e-01	1.24e-02
 4.41667e+19	3.50e-01	6.38e-01	1.24e-02
 4.43014e+19	3.64e-01	6.23e-01	1.24e-02
 4.44352e+19	3.79e-01	6.09e-01	1.24e-02
 4.45702e+19	3.94e-01	5.94e-01	1.24e-02
 4.47069e+19	4.09e-01	5.79e-01	1.23e-02
 4.48453e+19	4.25e-01	5.62e-01	1.23e-02
 4.49848e+19	4.41e-01	5.47e-01	1.22e-02
 4.51265e+19	4.58e-01	5.30e-01	1.22e-02
 4.52713e+19	4.75e-01	5.13e-01	1.21e-02
 4.54171e+19	4.93e-01	4.96e-01	1.20e-02
 4.55641e+19	5.10e-01	4.78e-01	1.18e-02
 4.57127e+19	5.28e-01	4.61e-01	1.17e-02
 4.58631e+19	5.45e-01	4.43e-01	1.16e-02
 4.60148e+19	5.63e-01	4.26e-01	1.14e-02
 4.61682e+19	5.80e-01	4.09e-01	1.12e-02
 4.63241e+19	5.98e-01	3.91e-01	1.10e-02
 4.64832e+19	6.15e-01	3.74e-01	1.08e-02
 4.66462e+19	6.32e-01	3.57e-01	1.06e-02
 4.68142e+19	6.49e-01	3.40e-01	1.04e-02
 4.69889e+19	6.66e-01	3.24e-01	1.01e-02
 4.71700e+19	6.82e-01	3.08e-01	9.82e-03
 4.73597e+19	6.99e-01	2.92e-01	9.52e-03
 4.75623e+19	7.14e-01	2.76e-01	9.21e-03
 4.77794e+19	7.30e-01	2.61e-01	8.88e-03
 4.80148e+19	7.45e-01	2.46e-01	8.54e-03
 4.82753e+19	7.60e-01	2.32e-01	8.18e-03
 4.85682e+19	7.74e-01	2.18e-01	7.81e-03
 4.89023e+19	7.87e-01	2.06e-01	7.43e-03
 4.92727e+19	7.99e-01	1.94e-01	7.07e-03
 4.96548e+19	8.08e-01	1.85e-01	6.75e-03
 5.00337e+19	8.15e-01	1.78e-01	6.49e-03
 5.04100e+19	8.21e-01	1.73e-01	6.25e-03
 5.08416e+19	8.27e-01	1.67e-01	6.01e-03
 5.14025e+19	8.32e-01	1.62e-01	5.74e-03
 5.21318e+19	8.38e-01	1.57e-01	5.45e-03
 5.30798e+19	8.44e-01	1.51e-01	5.12e-03
 5.43123e+19	8.50e-01	1.45e-01	4.74e-03
 5.59145e+19	8.57e-01	1.39e-01	4.33e-03
 5.78924e+19	8.64e-01	1.32e-01	3.89e-03
 6.00674e+19	8.72e-01	1.25e-01	3.49e-03
 6.22805e+19	8.78e-01	1.19e-01	3.15e-03
 6.45546e+19	8.84e-01	1.13e-01	2.84e-03
 6.69665e+19	8.90e-01	1.07e-01	2.56e-03
 6.95395e+19	8.96e-01	1.02e-01	2.30e-03
 7.22581e+19	9.02e-01	9.64e-02	2.07e-03
 7.51155e+19	9.07e-01	9.14e-02	1.86e-03
 7.81292e+19	9.12e-01	8.67e-02	1.67e-03
 8.13173e+19	9.16e-01	8.22e-02	1.51e-03
 8.46933e+19	9.21e-01	7.78e-02	1.35e-03
 8.82660e+19	9.25e-01	7.37e-02	1.21e-03
 9.20481e+19	9.29e-01	6.98e-02	1.09e-03
 9.60543e+19	9.33e-01	6.61e-02	9.78e-04
 1.00304e+20	9.37e-01	6.25e-02	8.77e-04
 1.04815e+20	9.40e-01	5.91e-02	7.86e-04
 1.09610e+20	9.43e-01	5.59e-02	7.05e-04
 1.14701e+20	9.47e-01	5.28e-02	6.30e-04
 1.20141e+20	9.50e-01	4.99e-02	5.64e-04
 1.25940e+20	9.52e-01	4.71e-02	5.04e-04
 1.32086e+20	9.55e-01	4.45e-02	4.51e-04
 1.38632e+20	9.58e-01	4.20e-02	4.03e-04
 1.45636e+20	9.60e-01	3.96e-02	3.60e-04
 1.53149e+20	9.62e-01	3.74e-02	3.21e-04
 1.61174e+20	9.64e-01	3.52e-02	2.86e-04
 1.69766e+20	9.67e-01	3.32e-02	2.55e-04
 1.78986e+20	9.68e-01	3.13e-02	2.27e-04
 1.88865e+20	9.70e-01	2.95e-02	2.02e-04
 1.99456e+20	9.72e-01	2.78e-02	1.80e-04
 2.10921e+20	9.74e-01	2.62e-02	1.60e-04
 2.23350e+20	9.75e-01	2.46e-02	1.42e-04
 2.36713e+20	9.77e-01	2.32e-02	1.26e-04
 2.51110e+20	9.78e-01	2.18e-02	1.12e-04
 2.66728e+20	9.79e-01	2.05e-02	9.92e-05
 2.83674e+20	9.81e-01	1.93e-02	8.80e-05
 3.01963e+20	9.82e-01	1.81e-02	7.80e-05
 3.22068e+20	9.83e-01	1.70e-02	6.90e-05
 3.44269e+20	9.84e-01	1.60e-02	6.10e-05
 3.68275e+20	9.85e-01	1.50e-02	5.40e-05
 3.94394e+20	9.86e-01	1.42e-02	4.78e-05
 4.23098e+20	9.87e-01	1.33e-02	4.23e-05
 4.54626e+20	9.87e-01	1.25e-02	3.75e-05
 4.89385e+20	9.88e-01	1.18e-02	3.32e-05
 5.27702e+20	9.89e-01	1.11e-02	2.95e-05
 5.70077e+20	9.89e-01	1.05e-02	2.62e-05
 6.16821e+20	9.90e-01	9.94e-03	2.33e-05
 6.68422e+20	9.91e-01	9.40e-03	2.08e-05
 7.25959e+20	9.91e-01	8.91e-03	1.85e-05
 7.89815e+20	9.92e-01	8.47e-03	1.66e-05
 8.60220e+20	9.92e-01	8.05e-03	1.49e-05
 9.34563e+20	9.92e-01	7.68e-03	1.35e-05
 1.00845e+21	9.93e-01	7.38e-03	1.24e-05
 1.08111e+21	9.93e-01	7.13e-03	1.15e-05
 1.15377e+21	9.93e-01	6.91e-03	1.07e-05
 1.22677e+21	9.93e-01	6.72e-03	1.00e-05
 1.29925e+21	9.93e-01	6.56e-03	9.49e-06
 1.37047e+21	9.94e-01	6.41e-03	8.99e-06
 1.44024e+21	9.94e-01	6.29e-03	8.59e-06
 1.50790e+21	9.94e-01	6.20e-03	8.27e-06
 1.57210e+21	9.94e-01	6.11e-03	7.98e-06
 1.63284e+21	9.94e-01	6.04e-03	7.74e-06
 1.69100e+21	9.94e-01	5.99e-03	7.54e-06
 1.74637e+21	9.94e-01	5.95e-03	7.40e-06
