#depth	O	O+	O+2	O+3	O+4	O+5	O+6	O+7	O+8	O[1]	O[2]	O[3]
 1.72019e+16	7.67e-02	8.57e-01	6.63e-02	2.66e-04	1.52e-06	0.00e+00	0.00e+00	0.00e+00	0.00e+00	7.67e-02	5.76e-07	6.05e-07
 1.03211e+17	7.67e-02	8.57e-01	6.63e-02	2.66e-04	1.52e-06	0.00e+00	0.00e+00	0.00e+00	0.00e+00	7.67e-02	5.75e-07	6.05e-07
 4.47250e+17	7.65e-02	8.57e-01	6.67e-02	2.67e-04	1.52e-06	0.00e+00	0.00e+00	0.00e+00	0.00e+00	7.65e-02	5.73e-07	6.03e-07
 1.82340e+18	7.57e-02	8.56e-01	6.82e-02	2.72e-04	1.55e-06	0.00e+00	0.00e+00	0.00e+00	0.00e+00	7.57e-02	5.67e-07	5.98e-07
 4.35552e+18	7.04e-02	8.54e-01	7.52e-02	3.13e-04	1.78e-06	0.00e+00	0.00e+00	0.00e+00	0.00e+00	7.04e-02	5.29e-07	5.58e-07
 7.64728e+18	6.78e-02	8.53e-01	7.89e-02	3.31e-04	1.88e-06	0.00e+00	0.00e+00	0.00e+00	0.00e+00	6.78e-02	5.10e-07	5.38e-07
 1.19266e+19	6.70e-02	8.52e-01	8.04e-02	3.30e-04	1.87e-06	0.00e+00	0.00e+00	0.00e+00	0.00e+00	6.70e-02	5.04e-07	5.32e-07
 1.74896e+19	6.82e-02	8.52e-01	7.93e-02	3.08e-04	1.73e-06	0.00e+00	0.00e+00	0.00e+00	0.00e+00	6.82e-02	5.13e-07	5.41e-07
 2.44761e+19	7.18e-02	8.53e-01	7.52e-02	2.65e-04	1.49e-06	0.00e+00	0.00e+00	0.00e+00	0.00e+00	7.18e-02	5.39e-07	5.68e-07
 3.24549e+19	7.83e-02	8.53e-01	6.84e-02	2.12e-04	1.19e-06	0.00e+00	0.00e+00	0.00e+00	0.00e+00	7.83e-02	5.86e-07	6.17e-07
 4.16400e+19	9.01e-02	8.52e-01	5.81e-02	1.49e-04	8.50e-07	0.00e+00	0.00e+00	0.00e+00	0.00e+00	9.01e-02	6.69e-07	7.03e-07
 5.19090e+19	1.08e-01	8.45e-01	4.63e-02	9.35e-05	5.48e-07	0.00e+00	0.00e+00	0.00e+00	0.00e+00	1.08e-01	7.94e-07	8.33e-07
 6.22726e+19	1.35e-01	8.31e-01	3.48e-02	5.37e-05	3.29e-07	0.00e+00	0.00e+00	0.00e+00	0.00e+00	1.35e-01	9.67e-07	1.01e-06
 7.16702e+19	1.67e-01	8.07e-01	2.57e-02	3.05e-05	1.97e-07	0.00e+00	0.00e+00	0.00e+00	0.00e+00	1.67e-01	1.17e-06	1.22e-06
 7.94476e+19	2.02e-01	7.79e-01	1.94e-02	1.83e-05	1.25e-07	0.00e+00	0.00e+00	0.00e+00	0.00e+00	2.02e-01	1.37e-06	1.43e-06
 8.61296e+19	2.37e-01	7.48e-01	1.50e-02	1.16e-05	0.00e+00	0.00e+00	0.00e+00	0.00e+00	0.00e+00	2.37e-01	1.56e-06	1.62e-06
 9.23208e+19	2.73e-01	7.16e-01	1.17e-02	7.56e-06	0.00e+00	0.00e+00	0.00e+00	0.00e+00	0.00e+00	2.73e-01	1.73e-06	1.81e-06
 9.83252e+19	3.11e-01	6.80e-01	9.11e-03	5.00e-06	0.00e+00	0.00e+00	0.00e+00	0.00e+00	0.00e+00	3.11e-01	1.90e-06	1.98e-06
 1.04076e+20	3.49e-01	6.44e-01	7.18e-03	3.40e-06	0.00e+00	0.00e+00	0.00e+00	0.00e+00	0.00e+00	3.49e-01	2.05e-06	2.13e-06
 1.09286e+20	3.85e-01	6.10e-01	5.78e-03	2.42e-06	0.00e+00	0.00e+00	0.00e+00	0.00e+00	0.00e+00	3.85e-01	2.17e-06	2.25e-06
 1.13922e+20	4.16e-01	5.79e-01	4.77e-03	1.80e-06	0.00e+00	0.00e+00	0.00e+00	0.00e+00	0.00e+00	4.16e-01	2.25e-06	2.34e-06
 1.18230e+20	4.45e-01	5.51e-01	4.00e-03	1.39e-06	0.00e+00	0.00e+00	0.00e+00	0.00e+00	0.00e+00	4.45e-01	2.32e-06	2.41e-06
 1.22395e+20	4.72e-01	5.25e-01	3.37e-03	1.09e-06	0.00e+00	0.00e+00	0.00e+00	0.00e+00	0.00e+00	4.72e-01	2.38e-06	2.47e-06
 1.26486e+20	4.98e-01	4.99e-01	2.86e-03	8.60e-07	0.00e+00	0.00e+00	0.00e+00	0.00e+00	0.00e+00	4.98e-01	2.42e-06	2.51e-06
 1.30567e+20	5.22e-01	4.75e-01	2.43e-03	6.90e-07	0.00e+00	0.00e+00	0.00e+00	0.00e+00	0.00e+00	5.22e-01	2.45e-06	2.54e-06
 1.34552e+20	5.45e-01	4.53e-01	2.08e-03	5.60e-07	0.00e+00	0.00e+00	0.00e+00	0.00e+00	0.00e+00	5.45e-01	2.46e-06	2.56e-06
 1.38488e+20	5.66e-01	4.32e-01	1.79e-03	4.61e-07	0.00e+00	0.00e+00	0.00e+00	0.00e+00	0.00e+00	5.66e-01	2.47e-06	2.57e-06
 1.42443e+20	5.87e-01	4.12e-01	1.54e-03	3.82e-07	0.00e+00	0.00e+00	0.00e+00	0.00e+00	0.00e+00	5.87e-01	2.48e-06	2.57e-06
 1.45637e+20	6.01e-01	3.97e-01	1.38e-03	3.32e-07	0.00e+00	0.00e+00	0.00e+00	0.00e+00	0.00e+00	6.01e-01	2.47e-06	2.56e-06
 1.47928e+20	6.12e-01	3.87e-01	1.27e-03	3.01e-07	0.00e+00	0.00e+00	0.00e+00	0.00e+00	0.00e+00	6.12e-01	2.47e-06	2.56e-06
 1.50211e+20	6.22e-01	3.76e-01	1.17e-03	2.72e-07	0.00e+00	0.00e+00	0.00e+00	0.00e+00	0.00e+00	6.22e-01	2.46e-06	2.55e-06
 1.52872e+20	6.34e-01	3.65e-01	1.06e-03	2.43e-07	0.00e+00	0.00e+00	0.00e+00	0.00e+00	0.00e+00	6.34e-01	2.45e-06	2.54e-06
 1.55748e+20	6.46e-01	3.53e-01	9.58e-04	2.17e-07	0.00e+00	0.00e+00	0.00e+00	0.00e+00	0.00e+00	6.46e-01	2.44e-06	2.53e-06
 1.58684e+20	6.58e-01	3.41e-01	8.63e-04	1.93e-07	0.00e+00	0.00e+00	0.00e+00	0.00e+00	0.00e+00	6.58e-01	2.43e-06	2.51e-06
 1.61649e+20	6.68e-01	3.31e-01	7.80e-04	1.73e-07	0.00e+00	0.00e+00	0.00e+00	0.00e+00	0.00e+00	6.68e-01	2.41e-06	2.50e-06
 1.64708e+20	6.79e-01	3.20e-01	7.03e-04	1.55e-07	0.00e+00	0.00e+00	0.00e+00	0.00e+00	0.00e+00	6.79e-01	2.40e-06	2.48e-06
 1.67909e+20	6.90e-01	3.09e-01	6.30e-04	1.39e-07	0.00e+00	0.00e+00	0.00e+00	0.00e+00	0.00e+00	6.90e-01	2.38e-06	2.46e-06
 1.71170e+20	7.01e-01	2.98e-01	5.66e-04	1.25e-07	0.00e+00	0.00e+00	0.00e+00	0.00e+00	0.00e+00	7.01e-01	2.36e-06	2.44e-06
 1.74521e+20	7.11e-01	2.88e-01	5.08e-04	0.00e+00	0.00e+00	0.00e+00	0.00e+00	0.00e+00	0.00e+00	7.11e-01	2.34e-06	2.41e-06
 1.78045e+20	7.21e-01	2.78e-01	4.53e-04	0.00e+00	0.00e+00	0.00e+00	0.00e+00	0.00e+00	0.00e+00	7.21e-01	2.31e-06	2.39e-06
 1.81675e+20	7.31e-01	2.68e-01	4.04e-04	0.00e+00	0.00e+00	0.00e+00	0.00e+00	0.00e+00	0.00e+00	7.31e-01	2.29e-06	2.36e-06
 1.85419e+20	7.41e-01	2.59e-01	3.59e-04	0.00e+00	0.00e+00	0.00e+00	0.00e+00	0.00e+00	0.00e+00	7.41e-01	2.26e-06	2.33e-06
 1.89288e+20	7.50e-01	2.49e-01	3.19e-04	0.00e+00	0.00e+00	0.00e+00	0.00e+00	0.00e+00	0.00e+00	7.50e-01	2.23e-06	2.31e-06
 1.93285e+20	7.60e-01	2.40e-01	2.83e-04	0.00e+00	0.00e+00	0.00e+00	0.00e+00	0.00e+00	0.00e+00	7.60e-01	2.21e-06	2.28e-06
 1.97452e+20	7.68e-01	2.31e-01	2.51e-04	0.00e+00	0.00e+00	0.00e+00	0.00e+00	0.00e+00	0.00e+00	7.68e-01	2.18e-06	2.25e-06
 2.01807e+20	7.77e-01	2.23e-01	2.22e-04	0.00e+00	0.00e+00	0.00e+00	0.00e+00	0.00e+00	0.00e+00	7.77e-01	2.15e-06	2.21e-06
 2.06343e+20	7.86e-01	2.14e-01	1.95e-04	0.00e+00	0.00e+00	0.00e+00	0.00e+00	0.00e+00	0.00e+00	7.86e-01	2.12e-06	2.18e-06
 2.10986e+20	7.94e-01	2.06e-01	1.72e-04	0.00e+00	0.00e+00	0.00e+00	0.00e+00	0.00e+00	0.00e+00	7.94e-01	2.09e-06	2.15e-06
 2.15837e+20	8.02e-01	1.98e-01	1.52e-04	0.00e+00	0.00e+00	0.00e+00	0.00e+00	0.00e+00	0.00e+00	8.02e-01	2.06e-06	2.12e-06
 2.20939e+20	8.09e-01	1.91e-01	1.34e-04	0.00e+00	0.00e+00	0.00e+00	0.00e+00	0.00e+00	0.00e+00	8.09e-01	2.03e-06	2.09e-06
 2.26313e+20	8.17e-01	1.83e-01	1.17e-04	0.00e+00	0.00e+00	0.00e+00	0.00e+00	0.00e+00	0.00e+00	8.17e-01	2.00e-06	2.05e-06
 2.31944e+20	8.24e-01	1.76e-01	1.03e-04	0.00e+00	0.00e+00	0.00e+00	0.00e+00	0.00e+00	0.00e+00	8.24e-01	1.97e-06	2.02e-06
 2.37793e+20	8.31e-01	1.69e-01	9.04e-05	0.00e+00	0.00e+00	0.00e+00	0.00e+00	0.00e+00	0.00e+00	8.31e-01	1.94e-06	1.99e-06
 2.43949e+20	8.37e-01	1.63e-01	7.95e-05	0.00e+00	0.00e+00	0.00e+00	0.00e+00	0.00e+00	0.00e+00	8.37e-01	1.91e-06	1.96e-06
 2.50441e+20	8.43e-01	1.57e-01	7.00e-05	0.00e+00	0.00e+00	0.00e+00	0.00e+00	0.00e+00	0.00e+00	8.43e-01	1.88e-06	1.93e-06
 2.57238e+20	8.49e-01	1.51e-01	6.18e-05	0.00e+00	0.00e+00	0.00e+00	0.00e+00	0.00e+00	0.00e+00	8.49e-01	1.85e-06	1.90e-06
 2.64384e+20	8.55e-01	1.45e-01	5.46e-05	0.00e+00	0.00e+00	0.00e+00	0.00e+00	0.00e+00	0.00e+00	8.55e-01	1.82e-06	1.87e-06
 2.72042e+20	8.60e-01	1.40e-01	4.83e-05	0.00e+00	0.00e+00	0.00e+00	0.00e+00	0.00e+00	0.00e+00	8.60e-01	1.79e-06	1.84e-06
 2.80294e+20	8.65e-01	1.35e-01	4.27e-05	0.00e+00	0.00e+00	0.00e+00	0.00e+00	0.00e+00	0.00e+00	8.65e-01	1.77e-06	1.81e-06
 2.89110e+20	8.69e-01	1.31e-01	3.80e-05	0.00e+00	0.00e+00	0.00e+00	0.00e+00	0.00e+00	0.00e+00	8.69e-01	1.74e-06	1.78e-06
 2.98621e+20	8.74e-01	1.26e-01	3.37e-05	0.00e+00	0.00e+00	0.00e+00	0.00e+00	0.00e+00	0.00e+00	8.74e-01	1.72e-06	1.76e-06
 3.09101e+20	8.78e-01	1.22e-01	3.00e-05	0.00e+00	0.00e+00	0.00e+00	0.00e+00	0.00e+00	0.00e+00	8.78e-01	1.69e-06	1.73e-06
 3.20619e+20	8.82e-01	1.18e-01	2.67e-05	0.00e+00	0.00e+00	0.00e+00	0.00e+00	0.00e+00	0.00e+00	8.82e-01	1.67e-06	1.71e-06
 3.33341e+20	8.85e-01	1.15e-01	2.38e-05	0.00e+00	0.00e+00	0.00e+00	0.00e+00	0.00e+00	0.00e+00	8.85e-01	1.65e-06	1.69e-06
 3.47528e+20	8.89e-01	1.11e-01	2.12e-05	0.00e+00	0.00e+00	0.00e+00	0.00e+00	0.00e+00	0.00e+00	8.89e-01	1.63e-06	1.66e-06
 3.63421e+20	8.92e-01	1.08e-01	1.89e-05	0.00e+00	0.00e+00	0.00e+00	0.00e+00	0.00e+00	0.00e+00	8.92e-01	1.61e-06	1.64e-06
 3.81212e+20	8.96e-01	1.04e-01	1.68e-05	0.00e+00	0.00e+00	0.00e+00	0.00e+00	0.00e+00	0.00e+00	8.96e-01	1.59e-06	1.62e-06
 4.01095e+20	8.99e-01	1.01e-01	1.50e-05	0.00e+00	0.00e+00	0.00e+00	0.00e+00	0.00e+00	0.00e+00	8.99e-01	1.57e-06	1.60e-06
 4.23258e+20	9.02e-01	9.78e-02	1.33e-05	0.00e+00	0.00e+00	0.00e+00	0.00e+00	0.00e+00	0.00e+00	9.02e-01	1.55e-06	1.58e-06
 4.47873e+20	9.05e-01	9.48e-02	1.18e-05	0.00e+00	0.00e+00	0.00e+00	0.00e+00	0.00e+00	0.00e+00	9.05e-01	1.53e-06	1.56e-06
 4.75055e+20	9.08e-01	9.18e-02	1.05e-05	0.00e+00	0.00e+00	0.00e+00	0.00e+00	0.00e+00	0.00e+00	9.08e-01	1.51e-06	1.54e-06
 5.04870e+20	9.11e-01	8.90e-02	9.29e-06	0.00e+00	0.00e+00	0.00e+00	0.00e+00	0.00e+00	0.00e+00	9.11e-01	1.49e-06	1.52e-06
 5.37460e+20	9.14e-01	8.62e-02	8.23e-06	0.00e+00	0.00e+00	0.00e+00	0.00e+00	0.00e+00	0.00e+00	9.14e-01	1.48e-06	1.50e-06
 5.72986e+20	9.16e-01	8.35e-02	7.29e-06	0.00e+00	0.00e+00	0.00e+00	0.00e+00	0.00e+00	0.00e+00	9.16e-01	1.46e-06	1.48e-06
 6.11722e+20	9.19e-01	8.10e-02	6.46e-06	0.00e+00	0.00e+00	0.00e+00	0.00e+00	0.00e+00	0.00e+00	9.19e-01	1.44e-06	1.47e-06
 6.53879e+20	9.22e-01	7.85e-02	5.72e-06	0.00e+00	0.00e+00	0.00e+00	0.00e+00	0.00e+00	0.00e+00	9.22e-01	1.43e-06	1.45e-06
 6.99827e+20	9.24e-01	7.60e-02	5.08e-06	0.00e+00	0.00e+00	0.00e+00	0.00e+00	0.00e+00	0.00e+00	9.24e-01	1.41e-06	1.43e-06
 7.50100e+20	9.26e-01	7.37e-02	4.50e-06	0.00e+00	0.00e+00	0.00e+00	0.00e+00	0.00e+00	0.00e+00	9.26e-01	1.40e-06	1.42e-06
 8.05260e+20	9.29e-01	7.15e-02	4.00e-06	0.00e+00	0.00e+00	0.00e+00	0.00e+00	0.00e+00	0.00e+00	9.29e-01	1.38e-06	1.40e-06
 8.65996e+20	9.31e-01	6.93e-02	3.55e-06	0.00e+00	0.00e+00	0.00e+00	0.00e+00	0.00e+00	0.00e+00	9.31e-01	1.37e-06	1.39e-06
 9.33194e+20	9.33e-01	6.72e-02	3.15e-06	0.00e+00	0.00e+00	0.00e+00	0.00e+00	0.00e+00	0.00e+00	9.33e-01	1.35e-06	1.37e-06
 1.00799e+21	9.35e-01	6.52e-02	2.81e-06	0.00e+00	0.00e+00	0.00e+00	0.00e+00	0.00e+00	0.00e+00	9.35e-01	1.34e-06	1.36e-06
 1.09185e+21	9.37e-01	6.33e-02	2.50e-06	0.00e+00	0.00e+00	0.00e+00	0.00e+00	0.00e+00	0.00e+00	9.37e-01	1.33e-06	1.34e-06
 1.18669e+21	9.39e-01	6.14e-02	2.23e-06	0.00e+00	0.00e+00	0.00e+00	0.00e+00	0.00e+00	0.00e+00	9.39e-01	1.32e-06	1.33e-06
 1.29507e+21	9.40e-01	5.97e-02	1.99e-06	0.00e+00	0.00e+00	0.00e+00	0.00e+00	0.00e+00	0.00e+00	9.40e-01	1.30e-06	1.32e-06
 1.42048e+21	9.42e-01	5.80e-02	1.77e-06	0.00e+00	0.00e+00	0.00e+00	0.00e+00	0.00e+00	0.00e+00	9.42e-01	1.29e-06	1.31e-06
 1.56233e+21	9.44e-01	5.65e-02	1.59e-06	0.00e+00	0.00e+00	0.00e+00	0.00e+00	0.00e+00	0.00e+00	9.44e-01	1.28e-06	1.30e-06
 1.71856e+21	9.45e-01	5.51e-02	1.44e-06	0.00e+00	0.00e+00	0.00e+00	0.00e+00	0.00e+00	0.00e+00	9.45e-01	1.27e-06	1.29e-06
 1.89042e+21	9.46e-01	5.39e-02	1.31e-06	0.00e+00	0.00e+00	0.00e+00	0.00e+00	0.00e+00	0.00e+00	9.46e-01	1.27e-06	1.28e-06
 2.07946e+21	9.47e-01	5.29e-02	1.20e-06	0.00e+00	0.00e+00	0.00e+00	0.00e+00	0.00e+00	0.00e+00	9.47e-01	1.26e-06	1.27e-06
 2.28741e+21	9.48e-01	5.20e-02	1.11e-06	0.00e+00	0.00e+00	0.00e+00	0.00e+00	0.00e+00	0.00e+00	9.48e-01	1.25e-06	1.26e-06
 2.51615e+21	9.49e-01	5.12e-02	1.03e-06	0.00e+00	0.00e+00	0.00e+00	0.00e+00	0.00e+00	0.00e+00	9.49e-01	1.25e-06	1.26e-06
 2.76776e+21	9.50e-01	5.05e-02	9.60e-07	0.00e+00	0.00e+00	0.00e+00	0.00e+00	0.00e+00	0.00e+00	9.50e-01	1.25e-06	1.25e-06
 3.04454e+21	9.50e-01	4.99e-02	8.99e-07	0.00e+00	0.00e+00	0.00e+00	0.00e+00	0.00e+00	0.00e+00	9.50e-01	1.24e-06	1.25e-06
 3.34899e+21	9.51e-01	4.94e-02	8.46e-07	0.00e+00	0.00e+00	0.00e+00	0.00e+00	0.00e+00	0.00e+00	9.51e-01	1.24e-06	1.24e-06
 3.68389e+21	9.51e-01	4.90e-02	7.97e-07	0.00e+00	0.00e+00	0.00e+00	0.00e+00	0.00e+00	0.00e+00	9.51e-01	1.24e-06	1.24e-06
 4.05228e+21	9.51e-01	4.86e-02	7.54e-07	0.00e+00	0.00e+00	0.00e+00	0.00e+00	0.00e+00	0.00e+00	9.51e-01	1.23e-06	1.24e-06
 4.45751e+21	9.52e-01	4.83e-02	7.13e-07	0.00e+00	0.00e+00	0.00e+00	0.00e+00	0.00e+00	0.00e+00	9.52e-01	1.23e-06	1.24e-06
 4.90326e+21	9.52e-01	4.80e-02	6.76e-07	0.00e+00	0.00e+00	0.00e+00	0.00e+00	0.00e+00	0.00e+00	9.52e-01	1.23e-06	1.23e-06
 5.39359e+21	9.52e-01	4.79e-02	6.40e-07	0.00e+00	0.00e+00	0.00e+00	0.00e+00	0.00e+00	0.00e+00	9.52e-01	1.23e-06	1.23e-06
 5.93295e+21	9.52e-01	4.77e-02	6.07e-07	0.00e+00	0.00e+00	0.00e+00	0.00e+00	0.00e+00	0.00e+00	9.52e-01	1.23e-06	1.23e-06
 6.52624e+21	9.52e-01	4.76e-02	5.75e-07	0.00e+00	0.00e+00	0.00e+00	0.00e+00	0.00e+00	0.00e+00	9.52e-01	1.23e-06	1.23e-06
 7.17887e+21	9.52e-01	4.75e-02	5.43e-07	0.00e+00	0.00e+00	0.00e+00	0.00e+00	0.00e+00	0.00e+00	9.52e-01	1.23e-06	1.23e-06
 7.89675e+21	9.53e-01	4.75e-02	5.13e-07	0.00e+00	0.00e+00	0.00e+00	0.00e+00	0.00e+00	0.00e+00	9.53e-01	1.23e-06	1.23e-06
 8.68643e+21	9.53e-01	4.74e-02	4.83e-07	0.00e+00	0.00e+00	0.00e+00	0.00e+00	0.00e+00	0.00e+00	9.53e-01	1.23e-06	1.23e-06
 9.55507e+21	9.53e-01	4.75e-02	4.54e-07	0.00e+00	0.00e+00	0.00e+00	0.00e+00	0.00e+00	0.00e+00	9.53e-01	1.23e-06	1.23e-06
 1.05106e+22	9.53e-01	4.75e-02	4.26e-07	0.00e+00	0.00e+00	0.00e+00	0.00e+00	0.00e+00	0.00e+00	9.53e-01	1.23e-06	1.23e-06
 1.15616e+22	9.52e-01	4.75e-02	3.98e-07	0.00e+00	0.00e+00	0.00e+00	0.00e+00	0.00e+00	0.00e+00	9.52e-01	1.24e-06	1.23e-06
 1.27178e+22	9.52e-01	4.76e-02	3.71e-07	0.00e+00	0.00e+00	0.00e+00	0.00e+00	0.00e+00	0.00e+00	9.52e-01	1.24e-06	1.23e-06
 1.39896e+22	9.52e-01	4.76e-02	3.44e-07	0.00e+00	0.00e+00	0.00e+00	0.00e+00	0.00e+00	0.00e+00	9.52e-01	1.24e-06	1.23e-06
 1.53885e+22	9.52e-01	4.77e-02	3.18e-07	0.00e+00	0.00e+00	0.00e+00	0.00e+00	0.00e+00	0.00e+00	9.52e-01	1.24e-06	1.23e-06
 1.68581e+22	9.52e-01	4.77e-02	2.95e-07	0.00e+00	0.00e+00	0.00e+00	0.00e+00	0.00e+00	0.00e+00	9.52e-01	1.24e-06	1.23e-06
 1.82580e+22	9.52e-01	4.78e-02	2.75e-07	0.00e+00	0.00e+00	0.00e+00	0.00e+00	0.00e+00	0.00e+00	9.52e-01	1.24e-06	1.23e-06
 1.95178e+22	9.52e-01	4.78e-02	2.59e-07	0.00e+00	0.00e+00	0.00e+00	0.00e+00	0.00e+00	0.00e+00	9.52e-01	1.24e-06	1.23e-06
 2.06517e+22	9.52e-01	4.78e-02	2.45e-07	0.00e+00	0.00e+00	0.00e+00	0.00e+00	0.00e+00	0.00e+00	9.52e-01	1.24e-06	1.23e-06
 2.16722e+22	9.52e-01	4.78e-02	2.34e-07	0.00e+00	0.00e+00	0.00e+00	0.00e+00	0.00e+00	0.00e+00	9.52e-01	1.24e-06	1.23e-06
 2.25907e+22	9.52e-01	4.78e-02	2.25e-07	0.00e+00	0.00e+00	0.00e+00	0.00e+00	0.00e+00	0.00e+00	9.52e-01	1.24e-06	1.23e-06
 2.34173e+22	9.52e-01	4.78e-02	2.17e-07	0.00e+00	0.00e+00	0.00e+00	0.00e+00	0.00e+00	0.00e+00	9.52e-01	1.23e-06	1.23e-06
 2.41613e+22	9.52e-01	4.78e-02	2.11e-07	0.00e+00	0.00e+00	0.00e+00	0.00e+00	0.00e+00	0.00e+00	9.52e-01	1.23e-06	1.23e-06
 2.48308e+22	9.52e-01	4.77e-02	2.05e-07	0.00e+00	0.00e+00	0.00e+00	0.00e+00	0.00e+00	0.00e+00	9.52e-01	1.23e-06	1.23e-06
 2.54334e+22	9.52e-01	4.77e-02	2.00e-07	0.00e+00	0.00e+00	0.00e+00	0.00e+00	0.00e+00	0.00e+00	9.52e-01	1.23e-06	1.23e-06
 2.59757e+22	9.52e-01	4.77e-02	1.96e-07	0.00e+00	0.00e+00	0.00e+00	0.00e+00	0.00e+00	0.00e+00	9.52e-01	1.23e-06	1.23e-06
 2.64638e+22	9.52e-01	4.76e-02	1.92e-07	0.00e+00	0.00e+00	0.00e+00	0.00e+00	0.00e+00	0.00e+00	9.52e-01	1.23e-06	1.23e-06
 2.69031e+22	9.52e-01	4.76e-02	1.89e-07	0.00e+00	0.00e+00	0.00e+00	0.00e+00	0.00e+00	0.00e+00	9.52e-01	1.23e-06	1.23e-06
 2.72985e+22	9.52e-01	4.76e-02	1.86e-07	0.00e+00	0.00e+00	0.00e+00	0.00e+00	0.00e+00	0.00e+00	9.52e-01	1.23e-06	1.23e-06
 2.76543e+22	9.52e-01	4.75e-02	1.84e-07	0.00e+00	0.00e+00	0.00e+00	0.00e+00	0.00e+00	0.00e+00	9.52e-01	1.23e-06	1.23e-06
 2.79772e+22	9.53e-01	4.75e-02	1.81e-07	0.00e+00	0.00e+00	0.00e+00	0.00e+00	0.00e+00	0.00e+00	9.52e-01	1.23e-06	1.23e-06
 2.82857e+22	9.53e-01	4.75e-02	1.79e-07	0.00e+00	0.00e+00	0.00e+00	0.00e+00	0.00e+00	0.00e+00	9.53e-01	1.22e-06	1.23e-06
 2.85943e+22	9.53e-01	4.74e-02	1.77e-07	0.00e+00	0.00e+00	0.00e+00	0.00e+00	0.00e+00	0.00e+00	9.53e-01	1.22e-06	1.23e-06
 2.89029e+22	9.53e-01	4.74e-02	1.75e-07	0.00e+00	0.00e+00	0.00e+00	0.00e+00	0.00e+00	0.00e+00	9.53e-01	1.22e-06	1.23e-06
 2.92114e+22	9.53e-01	4.73e-02	1.73e-07	0.00e+00	0.00e+00	0.00e+00	0.00e+00	0.00e+00	0.00e+00	9.53e-01	1.22e-06	1.23e-06
 2.95200e+22	9.53e-01	4.73e-02	1.71e-07	0.00e+00	0.00e+00	0.00e+00	0.00e+00	0.00e+00	0.00e+00	9.53e-01	1.22e-06	1.23e-06
 2.98286e+22	9.53e-01	4.72e-02	1.69e-07	0.00e+00	0.00e+00	0.00e+00	0.00e+00	0.00e+00	0.00e+00	9.53e-01	1.22e-06	1.23e-06
 3.01371e+22	9.53e-01	4.72e-02	1.67e-07	0.00e+00	0.00e+00	0.00e+00	0.00e+00	0.00e+00	0.00e+00	9.53e-01	1.22e-06	1.23e-06
 3.04457e+22	9.53e-01	4.71e-02	1.66e-07	0.00e+00	0.00e+00	0.00e+00	0.00e+00	0.00e+00	0.00e+00	9.53e-01	1.22e-06	1.23e-06
 3.07284e+22	9.53e-01	4.70e-02	1.64e-07	0.00e+00	0.00e+00	0.00e+00	0.00e+00	0.00e+00	0.00e+00	9.53e-01	1.22e-06	1.23e-06
