#depth	He	He+	He+2
 5.11767e+17	7.21e-05	8.41e-02	9.16e-01
 3.07060e+18	7.21e-05	8.41e-02	9.16e-01
 1.33059e+19	7.25e-05	8.46e-02	9.15e-01
 5.42473e+19	7.46e-05	8.68e-02	9.13e-01
 1.29579e+20	7.72e-05	8.89e-02	9.11e-01
 2.07122e+20	8.03e-05	9.15e-02	9.08e-01
 2.73587e+20	8.43e-05	9.50e-02	9.05e-01
 3.46043e+20	9.04e-05	1.00e-01	8.99e-01
 4.40236e+20	9.98e-05	1.09e-01	8.91e-01
 5.62686e+20	1.15e-04	1.22e-01	8.78e-01
 6.89112e+20	1.33e-04	1.39e-01	8.61e-01
 7.93352e+20	1.52e-04	1.57e-01	8.43e-01
 8.83416e+20	1.73e-04	1.75e-01	8.24e-01
 9.67594e+20	1.97e-04	1.97e-01	8.03e-01
 1.04804e+21	2.24e-04	2.21e-01	7.78e-01
 1.12467e+21	2.56e-04	2.49e-01	7.51e-01
 1.19738e+21	2.91e-04	2.80e-01	7.19e-01
 1.27878e+21	3.40e-04	3.21e-01	6.78e-01
 1.36074e+21	3.98e-04	3.69e-01	6.31e-01
 1.42551e+21	4.50e-04	4.11e-01	5.89e-01
 1.48153e+21	5.02e-04	4.50e-01	5.49e-01
 1.54409e+21	5.67e-04	4.98e-01	5.02e-01
 1.61428e+21	6.45e-04	5.51e-01	4.48e-01
 1.68152e+21	7.24e-04	6.02e-01	3.97e-01
 1.75608e+21	8.19e-04	6.57e-01	3.42e-01
 1.83493e+21	9.18e-04	7.09e-01	2.90e-01
 1.90402e+21	1.01e-03	7.49e-01	2.50e-01
 1.97851e+21	1.10e-03	7.87e-01	2.12e-01
 2.07536e+21	1.23e-03	8.27e-01	1.72e-01
 2.17676e+21	1.35e-03	8.59e-01	1.39e-01
 2.26769e+21	1.45e-03	8.82e-01	1.17e-01
 2.36948e+21	1.57e-03	9.03e-01	9.59e-02
 2.46456e+21	1.68e-03	9.16e-01	8.20e-02
 2.53118e+21	1.75e-03	9.25e-01	7.37e-02
 2.59804e+21	1.84e-03	9.32e-01	6.60e-02
 2.68497e+21	1.94e-03	9.40e-01	5.77e-02
 2.77272e+21	2.05e-03	9.47e-01	5.12e-02
 2.84227e+21	2.14e-03	9.51e-01	4.67e-02
 2.91344e+21	2.24e-03	9.55e-01	4.25e-02
 2.99074e+21	2.35e-03	9.59e-01	3.87e-02
 3.05928e+21	2.45e-03	9.62e-01	3.58e-02
 3.12052e+21	2.55e-03	9.64e-01	3.35e-02
 3.18904e+21	2.67e-03	9.66e-01	3.09e-02
 3.26132e+21	2.81e-03	9.68e-01	2.88e-02
 3.32266e+21	2.93e-03	9.70e-01	2.71e-02
 3.37738e+21	3.05e-03	9.71e-01	2.57e-02
 3.43938e+21	3.20e-03	9.73e-01	2.42e-02
 3.50511e+21	3.37e-03	9.74e-01	2.28e-02
 3.56135e+21	3.53e-03	9.75e-01	2.17e-02
 3.61142e+21	3.69e-03	9.76e-01	2.08e-02
 3.66782e+21	3.89e-03	9.76e-01	1.98e-02
 3.72808e+21	4.12e-03	9.77e-01	1.89e-02
 3.78014e+21	4.33e-03	9.78e-01	1.81e-02
 3.82697e+21	4.55e-03	9.78e-01	1.75e-02
 3.88022e+21	4.84e-03	9.78e-01	1.68e-02
 3.93681e+21	5.18e-03	9.79e-01	1.61e-02
 3.98464e+21	5.50e-03	9.79e-01	1.55e-02
 4.02621e+21	5.81e-03	9.79e-01	1.51e-02
 4.07277e+21	6.21e-03	9.79e-01	1.46e-02
 4.12190e+21	6.69e-03	9.79e-01	1.41e-02
 4.16305e+21	7.14e-03	9.79e-01	1.38e-02
 4.19873e+21	7.59e-03	9.79e-01	1.34e-02
 4.23859e+21	8.18e-03	9.79e-01	1.31e-02
 4.28082e+21	8.86e-03	9.78e-01	1.27e-02
 4.31687e+21	9.55e-03	9.78e-01	1.25e-02
 4.34855e+21	1.02e-02	9.78e-01	1.22e-02
 4.38381e+21	1.11e-02	9.77e-01	1.19e-02
 4.42134e+21	1.23e-02	9.76e-01	1.17e-02
 4.45337e+21	1.34e-02	9.75e-01	1.15e-02
 4.48150e+21	1.45e-02	9.74e-01	1.13e-02
 4.51302e+21	1.61e-02	9.73e-01	1.11e-02
 4.54669e+21	1.80e-02	9.71e-01	1.08e-02
 4.57254e+21	1.98e-02	9.70e-01	1.07e-02
 4.59060e+21	2.12e-02	9.68e-01	1.06e-02
 4.60913e+21	2.29e-02	9.67e-01	1.05e-02
 4.63321e+21	2.55e-02	9.64e-01	1.03e-02
 4.65652e+21	2.83e-02	9.61e-01	1.03e-02
 4.67338e+21	3.07e-02	9.59e-01	1.02e-02
 4.68755e+21	3.31e-02	9.57e-01	1.01e-02
 4.70367e+21	3.61e-02	9.54e-01	1.01e-02
 4.72129e+21	3.98e-02	9.50e-01	1.00e-02
 4.73713e+21	4.37e-02	9.46e-01	9.99e-03
 4.75134e+21	4.77e-02	9.42e-01	9.98e-03
 4.76714e+21	5.29e-02	9.37e-01	9.96e-03
 4.78396e+21	5.91e-02	9.31e-01	9.98e-03
 4.79859e+21	6.55e-02	9.25e-01	1.00e-02
 4.81189e+21	7.19e-02	9.18e-01	1.01e-02
 4.82695e+21	8.07e-02	9.09e-01	1.01e-02
 4.84365e+21	9.19e-02	8.98e-01	1.02e-02
 4.85874e+21	1.04e-01	8.86e-01	1.04e-02
 4.87160e+21	1.16e-01	8.74e-01	1.05e-02
 4.88328e+21	1.27e-01	8.62e-01	1.07e-02
 4.89394e+21	1.40e-01	8.50e-01	1.08e-02
 4.90376e+21	1.52e-01	8.37e-01	1.10e-02
 4.91299e+21	1.65e-01	8.24e-01	1.11e-02
 4.92166e+21	1.78e-01	8.11e-01	1.13e-02
 4.92856e+21	1.89e-01	8.00e-01	1.14e-02
 4.93313e+21	1.96e-01	7.92e-01	1.15e-02
 4.93730e+21	2.04e-01	7.84e-01	1.16e-02
 4.94202e+21	2.13e-01	7.75e-01	1.17e-02
 4.94714e+21	2.23e-01	7.65e-01	1.18e-02
 4.95219e+21	2.34e-01	7.54e-01	1.19e-02
 4.95708e+21	2.44e-01	7.44e-01	1.20e-02
 4.96192e+21	2.55e-01	7.33e-01	1.21e-02
 4.96682e+21	2.67e-01	7.21e-01	1.22e-02
 4.97171e+21	2.78e-01	7.09e-01	1.23e-02
 4.97658e+21	2.91e-01	6.96e-01	1.23e-02
 4.98145e+21	3.04e-01	6.84e-01	1.24e-02
 4.98636e+21	3.17e-01	6.70e-01	1.25e-02
 4.99134e+21	3.32e-01	6.56e-01	1.26e-02
 4.99622e+21	3.46e-01	6.42e-01	1.26e-02
 5.00113e+21	3.61e-01	6.26e-01	1.27e-02
 5.00612e+21	3.76e-01	6.11e-01	1.27e-02
 5.01117e+21	3.93e-01	5.94e-01	1.27e-02
 5.01624e+21	4.09e-01	5.78e-01	1.28e-02
 5.02140e+21	4.27e-01	5.60e-01	1.28e-02
 5.02664e+21	4.45e-01	5.42e-01	1.28e-02
 5.03198e+21	4.64e-01	5.24e-01	1.27e-02
 5.03747e+21	4.83e-01	5.04e-01	1.26e-02
 5.04303e+21	5.03e-01	4.84e-01	1.25e-02
 5.04868e+21	5.23e-01	4.64e-01	1.24e-02
 5.05440e+21	5.44e-01	4.44e-01	1.23e-02
 5.06022e+21	5.64e-01	4.24e-01	1.21e-02
 5.06619e+21	5.85e-01	4.03e-01	1.19e-02
 5.07235e+21	6.05e-01	3.83e-01	1.16e-02
 5.07875e+21	6.26e-01	3.62e-01	1.13e-02
 5.08545e+21	6.47e-01	3.42e-01	1.10e-02
 5.09256e+21	6.67e-01	3.22e-01	1.07e-02
 5.10015e+21	6.88e-01	3.02e-01	1.03e-02
 5.10843e+21	7.08e-01	2.82e-01	9.87e-03
 5.11770e+21	7.27e-01	2.63e-01	9.43e-03
 5.12825e+21	7.46e-01	2.45e-01	8.97e-03
 5.14011e+21	7.63e-01	2.28e-01	8.52e-03
 5.15251e+21	7.77e-01	2.15e-01	8.13e-03
 5.16475e+21	7.88e-01	2.05e-01	7.81e-03
 5.17687e+21	7.95e-01	1.97e-01	7.55e-03
 5.18891e+21	8.02e-01	1.91e-01	7.28e-03
 5.20088e+21	8.06e-01	1.87e-01	7.17e-03
 5.21280e+21	8.09e-01	1.84e-01	7.03e-03
 5.22649e+21	8.13e-01	1.80e-01	6.88e-03
 5.24428e+21	8.16e-01	1.78e-01	6.73e-03
 5.26741e+21	8.19e-01	1.75e-01	6.56e-03
 5.29748e+21	8.22e-01	1.72e-01	6.36e-03
 5.33658e+21	8.25e-01	1.69e-01	6.14e-03
 5.38740e+21	8.29e-01	1.65e-01	5.87e-03
 5.45347e+21	8.34e-01	1.61e-01	5.55e-03
 5.53935e+21	8.39e-01	1.55e-01	5.17e-03
 5.65101e+21	8.46e-01	1.49e-01	4.73e-03
 5.79616e+21	8.54e-01	1.42e-01	4.23e-03
 5.96813e+21	8.63e-01	1.34e-01	3.74e-03
 6.14785e+21	8.71e-01	1.26e-01	3.31e-03
 6.32962e+21	8.78e-01	1.19e-01	2.95e-03
 6.51971e+21	8.85e-01	1.13e-01	2.63e-03
 6.72315e+21	8.91e-01	1.07e-01	2.33e-03
 6.94029e+21	8.97e-01	1.01e-01	2.07e-03
 7.17047e+21	9.03e-01	9.51e-02	1.84e-03
 7.41477e+21	9.09e-01	8.98e-02	1.63e-03
 7.67499e+21	9.14e-01	8.48e-02	1.45e-03
 7.95423e+21	9.19e-01	8.00e-02	1.29e-03
 8.25381e+21	9.23e-01	7.55e-02	1.14e-03
 8.57996e+21	9.28e-01	7.12e-02	1.02e-03
 8.93584e+21	9.32e-01	6.71e-02	9.01e-04
 9.31961e+21	9.36e-01	6.33e-02	8.02e-04
 9.73777e+21	9.40e-01	5.98e-02	7.14e-04
 1.01992e+22	9.43e-01	5.64e-02	6.36e-04
 1.06655e+22	9.46e-01	5.36e-02	5.73e-04
 1.10857e+22	9.48e-01	5.14e-02	5.29e-04
 1.14748e+22	9.50e-01	4.96e-02	4.93e-04
 1.19173e+22	9.52e-01	4.77e-02	4.57e-04
 1.23971e+22	9.53e-01	4.61e-02	4.27e-04
 1.28164e+22	9.55e-01	4.48e-02	4.05e-04
 1.31844e+22	9.56e-01	4.38e-02	3.87e-04
 1.35945e+22	9.57e-01	4.28e-02	3.69e-04
 1.40514e+22	9.58e-01	4.18e-02	3.53e-04
 1.44685e+22	9.59e-01	4.10e-02	3.40e-04
 1.48393e+22	9.59e-01	4.03e-02	3.29e-04
 1.52503e+22	9.60e-01	3.96e-02	3.19e-04
 1.57057e+22	9.61e-01	3.90e-02	3.08e-04
 1.61182e+22	9.61e-01	3.84e-02	3.01e-04
 1.64856e+22	9.62e-01	3.80e-02	2.94e-04
 1.68951e+22	9.62e-01	3.75e-02	2.87e-04
 1.73505e+22	9.63e-01	3.71e-02	2.81e-04
 1.77665e+22	9.63e-01	3.67e-02	2.75e-04
 1.81398e+22	9.63e-01	3.64e-02	2.71e-04
 1.85571e+22	9.64e-01	3.60e-02	2.66e-04
 1.90213e+22	9.64e-01	3.57e-02	2.61e-04
 1.94464e+22	9.64e-01	3.54e-02	2.58e-04
 1.98317e+22	9.65e-01	3.52e-02	2.54e-04
 2.02654e+22	9.65e-01	3.48e-02	2.49e-04
 2.07432e+22	9.65e-01	3.45e-02	2.45e-04
 2.11827e+22	9.65e-01	3.44e-02	2.43e-04
 2.16585e+22	9.66e-01	3.43e-02	2.42e-04
 2.21882e+22	9.66e-01	3.39e-02	2.37e-04
 2.26734e+22	9.66e-01	3.37e-02	2.35e-04
 2.31895e+22	9.66e-01	3.36e-02	2.32e-04
 2.38500e+22	9.66e-01	3.34e-02	2.31e-04
 2.45391e+22	9.67e-01	3.31e-02	2.27e-04
 2.51516e+22	9.67e-01	3.30e-02	2.25e-04
 2.57144e+22	9.67e-01	3.29e-02	2.24e-04
 2.62286e+22	9.67e-01	3.28e-02	2.22e-04
 2.66914e+22	9.67e-01	3.27e-02	2.21e-04
 2.71080e+22	9.67e-01	3.26e-02	2.20e-04
 2.74828e+22	9.67e-01	3.25e-02	2.19e-04
 2.78202e+22	9.67e-01	3.25e-02	2.19e-04
 2.81343e+22	9.67e-01	3.24e-02	2.18e-04
 2.84429e+22	9.67e-01	3.24e-02	2.18e-04
 2.87515e+22	9.67e-01	3.24e-02	2.18e-04
 2.90600e+22	9.67e-01	3.24e-02	2.17e-04
 2.93686e+22	9.67e-01	3.23e-02	2.17e-04
 2.96772e+22	9.67e-01	3.23e-02	2.18e-04
 2.99857e+22	9.67e-01	3.23e-02	2.18e-04
 3.02943e+22	9.67e-01	3.24e-02	2.20e-04
 3.05612e+22	9.67e-01	3.24e-02	2.21e-04
 3.07216e+22	9.67e-01	3.26e-02	2.24e-04
 3.07883e+22	9.67e-01	3.26e-02	2.25e-04
 3.08235e+22	9.67e-01	3.26e-02	2.26e-04
 3.08482e+22	9.67e-01	3.26e-02	2.26e-04
