#depth	O	O+	O+2	O+3	O+4	O+5	O+6	O+7	O+8	O[1]	O[2]	O[3]
 4.84024e+14	8.74e-02	8.49e-01	6.30e-02	1.69e-04	6.12e-07	0.00e+00	0.00e+00	0.00e+00	0.00e+00	8.74e-02	1.79e-05	2.06e-05
 2.90415e+15	8.68e-02	8.49e-01	6.35e-02	1.71e-04	6.22e-07	0.00e+00	0.00e+00	0.00e+00	0.00e+00	8.68e-02	1.78e-05	2.04e-05
 1.25846e+16	8.64e-02	8.49e-01	6.39e-02	1.72e-04	6.27e-07	0.00e+00	0.00e+00	0.00e+00	0.00e+00	8.64e-02	1.77e-05	2.03e-05
 5.13066e+16	8.61e-02	8.49e-01	6.47e-02	1.72e-04	6.28e-07	0.00e+00	0.00e+00	0.00e+00	0.00e+00	8.61e-02	1.76e-05	2.02e-05
 1.22555e+17	8.26e-02	8.49e-01	6.87e-02	1.86e-04	6.72e-07	0.00e+00	0.00e+00	0.00e+00	0.00e+00	8.26e-02	1.68e-05	1.94e-05
 2.15178e+17	8.17e-02	8.48e-01	6.99e-02	1.86e-04	6.72e-07	0.00e+00	0.00e+00	0.00e+00	0.00e+00	8.17e-02	1.66e-05	1.91e-05
 3.35588e+17	8.28e-02	8.48e-01	6.90e-02	1.76e-04	6.37e-07	0.00e+00	0.00e+00	0.00e+00	0.00e+00	8.28e-02	1.68e-05	1.93e-05
 4.92120e+17	8.64e-02	8.48e-01	6.57e-02	1.54e-04	5.68e-07	0.00e+00	0.00e+00	0.00e+00	0.00e+00	8.64e-02	1.74e-05	2.01e-05
 6.78456e+17	9.25e-02	8.47e-01	6.04e-02	1.27e-04	4.81e-07	0.00e+00	0.00e+00	0.00e+00	0.00e+00	9.24e-02	1.86e-05	2.14e-05
 8.72045e+17	1.01e-01	8.45e-01	5.38e-02	9.91e-05	3.89e-07	0.00e+00	0.00e+00	0.00e+00	0.00e+00	1.01e-01	2.03e-05	2.34e-05
 1.08269e+18	1.15e-01	8.39e-01	4.56e-02	7.05e-05	2.93e-07	0.00e+00	0.00e+00	0.00e+00	0.00e+00	1.15e-01	2.28e-05	2.63e-05
 1.32320e+18	1.35e-01	8.28e-01	3.65e-02	4.55e-05	2.05e-07	0.00e+00	0.00e+00	0.00e+00	0.00e+00	1.35e-01	2.65e-05	3.05e-05
 1.56111e+18	1.61e-01	8.11e-01	2.83e-02	2.81e-05	1.39e-07	0.00e+00	0.00e+00	0.00e+00	0.00e+00	1.61e-01	3.12e-05	3.58e-05
 1.76379e+18	1.89e-01	7.89e-01	2.21e-02	1.79e-05	0.00e+00	0.00e+00	0.00e+00	0.00e+00	0.00e+00	1.89e-01	3.60e-05	4.13e-05
 1.93223e+18	2.17e-01	7.65e-01	1.76e-02	1.19e-05	0.00e+00	0.00e+00	0.00e+00	0.00e+00	0.00e+00	2.17e-01	4.05e-05	4.64e-05
 2.08819e+18	2.47e-01	7.38e-01	1.41e-02	8.07e-06	0.00e+00	0.00e+00	0.00e+00	0.00e+00	0.00e+00	2.47e-01	4.50e-05	5.16e-05
 2.26733e+18	2.86e-01	7.04e-01	1.08e-02	5.13e-06	0.00e+00	0.00e+00	0.00e+00	0.00e+00	0.00e+00	2.85e-01	5.02e-05	5.75e-05
 2.45964e+18	3.31e-01	6.61e-01	8.09e-03	3.17e-06	0.00e+00	0.00e+00	0.00e+00	0.00e+00	0.00e+00	3.31e-01	5.57e-05	6.36e-05
 2.62117e+18	3.71e-01	6.23e-01	6.30e-03	2.12e-06	0.00e+00	0.00e+00	0.00e+00	0.00e+00	0.00e+00	3.71e-01	5.99e-05	6.83e-05
 2.74861e+18	4.04e-01	5.91e-01	5.17e-03	1.56e-06	0.00e+00	0.00e+00	0.00e+00	0.00e+00	0.00e+00	4.03e-01	6.27e-05	7.16e-05
 2.85868e+18	4.32e-01	5.64e-01	4.35e-03	1.20e-06	0.00e+00	0.00e+00	0.00e+00	0.00e+00	0.00e+00	4.32e-01	6.48e-05	7.39e-05
 2.96604e+18	4.60e-01	5.37e-01	3.68e-03	9.36e-07	0.00e+00	0.00e+00	0.00e+00	0.00e+00	0.00e+00	4.59e-01	6.65e-05	7.58e-05
 3.07451e+18	4.87e-01	5.10e-01	3.11e-03	7.33e-07	0.00e+00	0.00e+00	0.00e+00	0.00e+00	0.00e+00	4.87e-01	6.79e-05	7.74e-05
 3.18061e+18	5.13e-01	4.84e-01	2.64e-03	5.81e-07	0.00e+00	0.00e+00	0.00e+00	0.00e+00	0.00e+00	5.13e-01	6.89e-05	7.85e-05
 3.28425e+18	5.38e-01	4.60e-01	2.25e-03	4.68e-07	0.00e+00	0.00e+00	0.00e+00	0.00e+00	0.00e+00	5.38e-01	6.95e-05	7.91e-05
 3.38504e+18	5.60e-01	4.38e-01	1.94e-03	3.82e-07	0.00e+00	0.00e+00	0.00e+00	0.00e+00	0.00e+00	5.60e-01	6.98e-05	7.95e-05
 3.48144e+18	5.81e-01	4.17e-01	1.68e-03	3.17e-07	0.00e+00	0.00e+00	0.00e+00	0.00e+00	0.00e+00	5.81e-01	6.99e-05	7.96e-05
 3.55818e+18	5.96e-01	4.03e-01	1.51e-03	2.77e-07	0.00e+00	0.00e+00	0.00e+00	0.00e+00	0.00e+00	5.96e-01	6.99e-05	7.95e-05
 3.61255e+18	6.07e-01	3.92e-01	1.40e-03	2.51e-07	0.00e+00	0.00e+00	0.00e+00	0.00e+00	0.00e+00	6.07e-01	6.98e-05	7.93e-05
 3.66611e+18	6.18e-01	3.81e-01	1.29e-03	2.28e-07	0.00e+00	0.00e+00	0.00e+00	0.00e+00	0.00e+00	6.17e-01	6.96e-05	7.91e-05
 3.72686e+18	6.29e-01	3.70e-01	1.18e-03	2.05e-07	0.00e+00	0.00e+00	0.00e+00	0.00e+00	0.00e+00	6.29e-01	6.94e-05	7.89e-05
 3.79398e+18	6.41e-01	3.58e-01	1.07e-03	1.82e-07	0.00e+00	0.00e+00	0.00e+00	0.00e+00	0.00e+00	6.41e-01	6.90e-05	7.84e-05
 3.86200e+18	6.53e-01	3.46e-01	9.79e-04	1.63e-07	0.00e+00	0.00e+00	0.00e+00	0.00e+00	0.00e+00	6.53e-01	6.87e-05	7.80e-05
 3.92945e+18	6.64e-01	3.35e-01	8.91e-04	1.47e-07	0.00e+00	0.00e+00	0.00e+00	0.00e+00	0.00e+00	6.64e-01	6.82e-05	7.75e-05
 3.99893e+18	6.75e-01	3.24e-01	8.09e-04	1.32e-07	0.00e+00	0.00e+00	0.00e+00	0.00e+00	0.00e+00	6.75e-01	6.77e-05	7.69e-05
 4.06968e+18	6.86e-01	3.13e-01	7.35e-04	0.00e+00	0.00e+00	0.00e+00	0.00e+00	0.00e+00	0.00e+00	6.86e-01	6.72e-05	7.63e-05
 4.14216e+18	6.97e-01	3.03e-01	6.66e-04	0.00e+00	0.00e+00	0.00e+00	0.00e+00	0.00e+00	0.00e+00	6.97e-01	6.66e-05	7.56e-05
 4.21714e+18	7.07e-01	2.92e-01	6.03e-04	0.00e+00	0.00e+00	0.00e+00	0.00e+00	0.00e+00	0.00e+00	7.07e-01	6.60e-05	7.48e-05
 4.29436e+18	7.17e-01	2.82e-01	5.45e-04	0.00e+00	0.00e+00	0.00e+00	0.00e+00	0.00e+00	0.00e+00	7.17e-01	6.53e-05	7.40e-05
 4.37366e+18	7.28e-01	2.72e-01	4.91e-04	0.00e+00	0.00e+00	0.00e+00	0.00e+00	0.00e+00	0.00e+00	7.28e-01	6.46e-05	7.32e-05
 4.45472e+18	7.37e-01	2.62e-01	4.42e-04	0.00e+00	0.00e+00	0.00e+00	0.00e+00	0.00e+00	0.00e+00	7.37e-01	6.38e-05	7.23e-05
 4.53770e+18	7.47e-01	2.53e-01	3.97e-04	0.00e+00	0.00e+00	0.00e+00	0.00e+00	0.00e+00	0.00e+00	7.47e-01	6.30e-05	7.14e-05
 4.62320e+18	7.56e-01	2.43e-01	3.57e-04	0.00e+00	0.00e+00	0.00e+00	0.00e+00	0.00e+00	0.00e+00	7.56e-01	6.22e-05	7.05e-05
 4.71110e+18	7.66e-01	2.34e-01	3.19e-04	0.00e+00	0.00e+00	0.00e+00	0.00e+00	0.00e+00	0.00e+00	7.65e-01	6.14e-05	6.95e-05
 4.80115e+18	7.75e-01	2.25e-01	2.86e-04	0.00e+00	0.00e+00	0.00e+00	0.00e+00	0.00e+00	0.00e+00	7.74e-01	6.05e-05	6.85e-05
 4.89303e+18	7.83e-01	2.17e-01	2.55e-04	0.00e+00	0.00e+00	0.00e+00	0.00e+00	0.00e+00	0.00e+00	7.83e-01	5.96e-05	6.74e-05
 4.98721e+18	7.92e-01	2.08e-01	2.28e-04	0.00e+00	0.00e+00	0.00e+00	0.00e+00	0.00e+00	0.00e+00	7.91e-01	5.87e-05	6.64e-05
 5.08424e+18	8.00e-01	2.00e-01	2.03e-04	0.00e+00	0.00e+00	0.00e+00	0.00e+00	0.00e+00	0.00e+00	8.00e-01	5.78e-05	6.54e-05
 5.18380e+18	8.08e-01	1.92e-01	1.81e-04	0.00e+00	0.00e+00	0.00e+00	0.00e+00	0.00e+00	0.00e+00	8.08e-01	5.69e-05	6.43e-05
 5.28567e+18	8.15e-01	1.84e-01	1.60e-04	0.00e+00	0.00e+00	0.00e+00	0.00e+00	0.00e+00	0.00e+00	8.15e-01	5.60e-05	6.32e-05
 5.38927e+18	8.23e-01	1.77e-01	1.43e-04	0.00e+00	0.00e+00	0.00e+00	0.00e+00	0.00e+00	0.00e+00	8.23e-01	5.51e-05	6.22e-05
 5.49591e+18	8.30e-01	1.70e-01	1.26e-04	0.00e+00	0.00e+00	0.00e+00	0.00e+00	0.00e+00	0.00e+00	8.30e-01	5.42e-05	6.11e-05
 5.60538e+18	8.37e-01	1.63e-01	1.12e-04	0.00e+00	0.00e+00	0.00e+00	0.00e+00	0.00e+00	0.00e+00	8.37e-01	5.33e-05	6.01e-05
 5.71802e+18	8.44e-01	1.56e-01	9.94e-05	0.00e+00	0.00e+00	0.00e+00	0.00e+00	0.00e+00	0.00e+00	8.44e-01	5.24e-05	5.90e-05
 5.83435e+18	8.50e-01	1.50e-01	8.79e-05	0.00e+00	0.00e+00	0.00e+00	0.00e+00	0.00e+00	0.00e+00	8.50e-01	5.15e-05	5.79e-05
 5.95239e+18	8.56e-01	1.43e-01	7.78e-05	0.00e+00	0.00e+00	0.00e+00	0.00e+00	0.00e+00	0.00e+00	8.56e-01	5.06e-05	5.69e-05
 6.07309e+18	8.62e-01	1.38e-01	6.89e-05	0.00e+00	0.00e+00	0.00e+00	0.00e+00	0.00e+00	0.00e+00	8.62e-01	4.97e-05	5.59e-05
 6.19712e+18	8.68e-01	1.32e-01	6.10e-05	0.00e+00	0.00e+00	0.00e+00	0.00e+00	0.00e+00	0.00e+00	8.68e-01	4.89e-05	5.49e-05
 6.32380e+18	8.74e-01	1.26e-01	5.41e-05	0.00e+00	0.00e+00	0.00e+00	0.00e+00	0.00e+00	0.00e+00	8.73e-01	4.80e-05	5.40e-05
 6.45261e+18	8.79e-01	1.21e-01	4.81e-05	0.00e+00	0.00e+00	0.00e+00	0.00e+00	0.00e+00	0.00e+00	8.79e-01	4.72e-05	5.30e-05
 6.58433e+18	8.84e-01	1.16e-01	4.28e-05	0.00e+00	0.00e+00	0.00e+00	0.00e+00	0.00e+00	0.00e+00	8.84e-01	4.65e-05	5.21e-05
 6.71937e+18	8.88e-01	1.12e-01	3.81e-05	0.00e+00	0.00e+00	0.00e+00	0.00e+00	0.00e+00	0.00e+00	8.88e-01	4.57e-05	5.12e-05
 6.85773e+18	8.93e-01	1.07e-01	3.40e-05	0.00e+00	0.00e+00	0.00e+00	0.00e+00	0.00e+00	0.00e+00	8.93e-01	4.50e-05	5.04e-05
 7.00030e+18	8.97e-01	1.03e-01	3.04e-05	0.00e+00	0.00e+00	0.00e+00	0.00e+00	0.00e+00	0.00e+00	8.97e-01	4.43e-05	4.96e-05
 7.14771e+18	9.01e-01	9.90e-02	2.72e-05	0.00e+00	0.00e+00	0.00e+00	0.00e+00	0.00e+00	0.00e+00	9.01e-01	4.36e-05	4.88e-05
 7.29977e+18	9.05e-01	9.52e-02	2.44e-05	0.00e+00	0.00e+00	0.00e+00	0.00e+00	0.00e+00	0.00e+00	9.05e-01	4.29e-05	4.80e-05
 7.45711e+18	9.08e-01	9.15e-02	2.19e-05	0.00e+00	0.00e+00	0.00e+00	0.00e+00	0.00e+00	0.00e+00	9.08e-01	4.23e-05	4.73e-05
 7.62130e+18	9.12e-01	8.81e-02	1.97e-05	0.00e+00	0.00e+00	0.00e+00	0.00e+00	0.00e+00	0.00e+00	9.12e-01	4.17e-05	4.66e-05
 7.79276e+18	9.15e-01	8.48e-02	1.78e-05	0.00e+00	0.00e+00	0.00e+00	0.00e+00	0.00e+00	0.00e+00	9.15e-01	4.11e-05	4.59e-05
 7.97187e+18	9.18e-01	8.17e-02	1.60e-05	0.00e+00	0.00e+00	0.00e+00	0.00e+00	0.00e+00	0.00e+00	9.18e-01	4.05e-05	4.52e-05
 8.15995e+18	9.21e-01	7.87e-02	1.45e-05	0.00e+00	0.00e+00	0.00e+00	0.00e+00	0.00e+00	0.00e+00	9.21e-01	4.00e-05	4.46e-05
 8.35866e+18	9.24e-01	7.58e-02	1.31e-05	0.00e+00	0.00e+00	0.00e+00	0.00e+00	0.00e+00	0.00e+00	9.24e-01	3.94e-05	4.39e-05
 8.56865e+18	9.27e-01	7.31e-02	1.19e-05	0.00e+00	0.00e+00	0.00e+00	0.00e+00	0.00e+00	0.00e+00	9.27e-01	3.89e-05	4.33e-05
 8.79036e+18	9.29e-01	7.06e-02	1.08e-05	0.00e+00	0.00e+00	0.00e+00	0.00e+00	0.00e+00	0.00e+00	9.29e-01	3.84e-05	4.28e-05
 9.02490e+18	9.32e-01	6.81e-02	9.88e-06	0.00e+00	0.00e+00	0.00e+00	0.00e+00	0.00e+00	0.00e+00	9.32e-01	3.79e-05	4.21e-05
 9.27499e+18	9.34e-01	6.57e-02	9.01e-06	0.00e+00	0.00e+00	0.00e+00	0.00e+00	0.00e+00	0.00e+00	9.34e-01	3.74e-05	4.14e-05
 9.54305e+18	9.37e-01	6.35e-02	8.23e-06	0.00e+00	0.00e+00	0.00e+00	0.00e+00	0.00e+00	0.00e+00	9.36e-01	3.69e-05	4.07e-05
 9.82948e+18	9.39e-01	6.13e-02	7.54e-06	0.00e+00	0.00e+00	0.00e+00	0.00e+00	0.00e+00	0.00e+00	9.39e-01	3.64e-05	4.00e-05
 1.01348e+19	9.41e-01	5.91e-02	6.91e-06	0.00e+00	0.00e+00	0.00e+00	0.00e+00	0.00e+00	0.00e+00	9.41e-01	3.59e-05	3.94e-05
 1.04607e+19	9.43e-01	5.71e-02	6.35e-06	0.00e+00	0.00e+00	0.00e+00	0.00e+00	0.00e+00	0.00e+00	9.43e-01	3.54e-05	3.87e-05
 1.08084e+19	9.45e-01	5.51e-02	5.84e-06	0.00e+00	0.00e+00	0.00e+00	0.00e+00	0.00e+00	0.00e+00	9.45e-01	3.49e-05	3.80e-05
 1.11790e+19	9.47e-01	5.32e-02	5.38e-06	0.00e+00	0.00e+00	0.00e+00	0.00e+00	0.00e+00	0.00e+00	9.47e-01	3.45e-05	3.74e-05
 1.15730e+19	9.49e-01	5.14e-02	4.97e-06	0.00e+00	0.00e+00	0.00e+00	0.00e+00	0.00e+00	0.00e+00	9.49e-01	3.40e-05	3.68e-05
 1.19887e+19	9.50e-01	4.95e-02	4.60e-06	0.00e+00	0.00e+00	0.00e+00	0.00e+00	0.00e+00	0.00e+00	9.50e-01	3.36e-05	3.62e-05
 1.24294e+19	9.52e-01	4.78e-02	4.26e-06	0.00e+00	0.00e+00	0.00e+00	0.00e+00	0.00e+00	0.00e+00	9.52e-01	3.31e-05	3.56e-05
 1.28939e+19	9.54e-01	4.61e-02	3.95e-06	0.00e+00	0.00e+00	0.00e+00	0.00e+00	0.00e+00	0.00e+00	9.54e-01	3.27e-05	3.50e-05
 1.33725e+19	9.56e-01	4.44e-02	3.68e-06	0.00e+00	0.00e+00	0.00e+00	0.00e+00	0.00e+00	0.00e+00	9.55e-01	3.23e-05	3.44e-05
 1.38519e+19	9.57e-01	4.29e-02	3.45e-06	0.00e+00	0.00e+00	0.00e+00	0.00e+00	0.00e+00	0.00e+00	9.57e-01	3.19e-05	3.39e-05
 1.43181e+19	9.58e-01	4.15e-02	3.25e-06	0.00e+00	0.00e+00	0.00e+00	0.00e+00	0.00e+00	0.00e+00	9.58e-01	3.15e-05	3.34e-05
 1.47694e+19	9.60e-01	4.02e-02	3.08e-06	0.00e+00	0.00e+00	0.00e+00	0.00e+00	0.00e+00	0.00e+00	9.60e-01	3.12e-05	3.29e-05
 1.52091e+19	9.61e-01	3.90e-02	2.93e-06	0.00e+00	0.00e+00	0.00e+00	0.00e+00	0.00e+00	0.00e+00	9.61e-01	3.09e-05	3.25e-05
 1.56371e+19	9.62e-01	3.79e-02	2.80e-06	0.00e+00	0.00e+00	0.00e+00	0.00e+00	0.00e+00	0.00e+00	9.62e-01	3.06e-05	3.21e-05
 1.60510e+19	9.63e-01	3.69e-02	2.69e-06	0.00e+00	0.00e+00	0.00e+00	0.00e+00	0.00e+00	0.00e+00	9.63e-01	3.03e-05	3.17e-05
 1.64493e+19	9.64e-01	3.59e-02	2.59e-06	0.00e+00	0.00e+00	0.00e+00	0.00e+00	0.00e+00	0.00e+00	9.64e-01	3.00e-05	3.13e-05
 1.68301e+19	9.65e-01	3.50e-02	2.51e-06	0.00e+00	0.00e+00	0.00e+00	0.00e+00	0.00e+00	0.00e+00	9.65e-01	2.97e-05	3.10e-05
 1.71910e+19	9.66e-01	3.41e-02	2.43e-06	0.00e+00	0.00e+00	0.00e+00	0.00e+00	0.00e+00	0.00e+00	9.66e-01	2.94e-05	3.06e-05
 1.75315e+19	9.67e-01	3.33e-02	2.37e-06	0.00e+00	0.00e+00	0.00e+00	0.00e+00	0.00e+00	0.00e+00	9.67e-01	2.92e-05	3.03e-05
 1.78510e+19	9.67e-01	3.25e-02	2.31e-06	0.00e+00	0.00e+00	0.00e+00	0.00e+00	0.00e+00	0.00e+00	9.67e-01	2.90e-05	3.00e-05
 1.81495e+19	9.68e-01	3.18e-02	2.26e-06	0.00e+00	0.00e+00	0.00e+00	0.00e+00	0.00e+00	0.00e+00	9.68e-01	2.87e-05	2.97e-05
