#depth	O	O+	O+2	O+3	O+4	O+5	O+6	O+7	O+8	O[1]	O[2]	O[3]
 1.06006e+16	1.69e-03	1.39e-01	6.57e-01	1.87e-01	1.48e-02	1.59e-04	1.32e-06	0.00e+00	0.00e+00	1.69e-03	1.35e-07	1.41e-07
 6.36037e+16	1.67e-03	1.38e-01	6.58e-01	1.87e-01	1.48e-02	1.59e-04	1.32e-06	0.00e+00	0.00e+00	1.67e-03	1.35e-07	1.40e-07
 2.75616e+17	1.63e-03	1.36e-01	6.60e-01	1.87e-01	1.48e-02	1.60e-04	1.33e-06	0.00e+00	0.00e+00	1.63e-03	1.31e-07	1.36e-07
 1.12367e+18	1.54e-03	1.30e-01	6.68e-01	1.86e-01	1.44e-02	1.57e-04	1.31e-06	0.00e+00	0.00e+00	1.54e-03	1.24e-07	1.28e-07
 2.68408e+18	1.27e-03	1.15e-01	6.80e-01	1.89e-01	1.43e-02	1.63e-04	1.38e-06	0.00e+00	0.00e+00	1.27e-03	1.01e-07	1.06e-07
 4.69875e+18	1.12e-03	1.06e-01	6.92e-01	1.87e-01	1.36e-02	1.60e-04	1.38e-06	0.00e+00	0.00e+00	1.12e-03	8.86e-08	9.38e-08
 7.30396e+18	1.04e-03	1.01e-01	7.06e-01	1.79e-01	1.26e-02	1.49e-04	1.30e-06	0.00e+00	0.00e+00	1.04e-03	8.17e-08	8.69e-08
 1.06907e+19	1.02e-03	1.00e-01	7.22e-01	1.65e-01	1.10e-02	1.30e-04	1.13e-06	0.00e+00	0.00e+00	1.02e-03	8.00e-08	8.52e-08
 1.50935e+19	1.10e-03	1.05e-01	7.41e-01	1.44e-01	9.02e-03	1.03e-04	8.95e-07	0.00e+00	0.00e+00	1.10e-03	8.65e-08	9.17e-08
 2.02536e+19	1.27e-03	1.15e-01	7.57e-01	1.19e-01	6.95e-03	7.51e-05	6.46e-07	0.00e+00	0.00e+00	1.27e-03	1.01e-07	1.06e-07
 2.53725e+19	1.57e-03	1.31e-01	7.67e-01	9.54e-02	5.18e-03	5.18e-05	4.38e-07	0.00e+00	0.00e+00	1.57e-03	1.27e-07	1.31e-07
 2.94761e+19	1.95e-03	1.49e-01	7.68e-01	7.78e-02	4.00e-03	3.70e-05	3.08e-07	0.00e+00	0.00e+00	1.95e-03	1.58e-07	1.62e-07
 3.23849e+19	2.32e-03	1.64e-01	7.64e-01	6.62e-02	3.28e-03	2.84e-05	2.33e-07	0.00e+00	0.00e+00	2.32e-03	1.91e-07	1.93e-07
 3.48592e+19	2.77e-03	1.81e-01	7.56e-01	5.67e-02	2.72e-03	2.20e-05	1.78e-07	0.00e+00	0.00e+00	2.77e-03	2.29e-07	2.30e-07
 3.76695e+19	3.44e-03	2.05e-01	7.43e-01	4.67e-02	2.15e-03	1.60e-05	1.27e-07	0.00e+00	0.00e+00	3.44e-03	2.88e-07	2.86e-07
 4.05589e+19	4.28e-03	2.30e-01	7.26e-01	3.83e-02	1.71e-03	1.16e-05	0.00e+00	0.00e+00	0.00e+00	4.28e-03	3.62e-07	3.55e-07
 4.29275e+19	5.18e-03	2.54e-01	7.07e-01	3.21e-02	1.40e-03	8.70e-06	0.00e+00	0.00e+00	0.00e+00	5.17e-03	4.41e-07	4.29e-07
 4.50176e+19	6.15e-03	2.78e-01	6.88e-01	2.72e-02	1.16e-03	6.69e-06	0.00e+00	0.00e+00	0.00e+00	6.15e-03	5.27e-07	5.09e-07
 4.73695e+19	7.55e-03	3.07e-01	6.62e-01	2.23e-02	9.35e-04	4.88e-06	0.00e+00	0.00e+00	0.00e+00	7.55e-03	6.51e-07	6.23e-07
 4.98702e+19	9.36e-03	3.41e-01	6.31e-01	1.79e-02	7.42e-04	3.48e-06	0.00e+00	0.00e+00	0.00e+00	9.36e-03	8.10e-07	7.71e-07
 5.20216e+19	1.13e-02	3.72e-01	6.02e-01	1.47e-02	6.08e-04	2.59e-06	0.00e+00	0.00e+00	0.00e+00	1.13e-02	9.79e-07	9.27e-07
 5.39575e+19	1.34e-02	4.02e-01	5.72e-01	1.22e-02	5.03e-04	1.95e-06	0.00e+00	0.00e+00	0.00e+00	1.34e-02	1.17e-06	1.10e-06
 5.61565e+19	1.64e-02	4.38e-01	5.35e-01	9.69e-03	4.02e-04	1.38e-06	0.00e+00	0.00e+00	0.00e+00	1.64e-02	1.43e-06	1.34e-06
 5.85099e+19	2.03e-02	4.78e-01	4.94e-01	7.53e-03	3.17e-04	9.61e-07	0.00e+00	0.00e+00	0.00e+00	2.03e-02	1.77e-06	1.65e-06
 6.05619e+19	2.44e-02	5.13e-01	4.57e-01	5.98e-03	2.58e-04	6.93e-07	0.00e+00	0.00e+00	0.00e+00	2.43e-02	2.12e-06	1.98e-06
 6.24399e+19	2.90e-02	5.46e-01	4.20e-01	4.75e-03	2.11e-04	5.04e-07	0.00e+00	0.00e+00	0.00e+00	2.90e-02	2.52e-06	2.34e-06
 6.45940e+19	3.54e-02	5.85e-01	3.76e-01	3.58e-03	1.65e-04	3.42e-07	0.00e+00	0.00e+00	0.00e+00	3.54e-02	3.07e-06	2.85e-06
 6.68994e+19	4.39e-02	6.24e-01	3.30e-01	2.61e-03	1.27e-04	2.24e-07	0.00e+00	0.00e+00	0.00e+00	4.39e-02	3.79e-06	3.50e-06
 6.89028e+19	5.29e-02	6.56e-01	2.89e-01	1.94e-03	9.96e-05	1.52e-07	0.00e+00	0.00e+00	0.00e+00	5.28e-02	4.54e-06	4.19e-06
 7.06843e+19	6.24e-02	6.82e-01	2.54e-01	1.47e-03	7.95e-05	0.00e+00	0.00e+00	0.00e+00	0.00e+00	6.24e-02	5.33e-06	4.91e-06
 7.24109e+19	7.33e-02	7.05e-01	2.21e-01	1.10e-03	6.35e-05	0.00e+00	0.00e+00	0.00e+00	0.00e+00	7.33e-02	6.21e-06	5.72e-06
 7.41081e+19	8.59e-02	7.24e-01	1.90e-01	8.20e-04	5.01e-05	0.00e+00	0.00e+00	0.00e+00	0.00e+00	8.59e-02	7.21e-06	6.64e-06
 7.57098e+19	9.98e-02	7.37e-01	1.62e-01	6.10e-04	3.96e-05	0.00e+00	0.00e+00	0.00e+00	0.00e+00	9.98e-02	8.29e-06	7.63e-06
 7.71727e+19	1.15e-01	7.46e-01	1.38e-01	4.58e-04	3.15e-05	0.00e+00	0.00e+00	0.00e+00	0.00e+00	1.15e-01	9.42e-06	8.66e-06
 7.85196e+19	1.30e-01	7.51e-01	1.18e-01	3.48e-04	2.52e-05	0.00e+00	0.00e+00	0.00e+00	0.00e+00	1.30e-01	1.06e-05	9.70e-06
 7.98017e+19	1.46e-01	7.52e-01	1.01e-01	2.67e-04	2.03e-05	0.00e+00	0.00e+00	0.00e+00	0.00e+00	1.46e-01	1.17e-05	1.08e-05
 8.12574e+19	1.67e-01	7.49e-01	8.34e-02	1.94e-04	1.56e-05	0.00e+00	0.00e+00	0.00e+00	0.00e+00	1.67e-01	1.32e-05	1.21e-05
 8.27617e+19	1.91e-01	7.41e-01	6.75e-02	1.39e-04	1.18e-05	0.00e+00	0.00e+00	0.00e+00	0.00e+00	1.91e-01	1.48e-05	1.35e-05
 8.39704e+19	2.12e-01	7.31e-01	5.64e-02	1.06e-04	9.29e-06	0.00e+00	0.00e+00	0.00e+00	0.00e+00	2.12e-01	1.61e-05	1.48e-05
 8.50105e+19	2.32e-01	7.20e-01	4.79e-02	8.38e-05	7.54e-06	0.00e+00	0.00e+00	0.00e+00	0.00e+00	2.32e-01	1.73e-05	1.58e-05
 8.61904e+19	2.56e-01	7.04e-01	3.94e-02	6.36e-05	5.85e-06	0.00e+00	0.00e+00	0.00e+00	0.00e+00	2.56e-01	1.86e-05	1.71e-05
 8.75045e+19	2.84e-01	6.84e-01	3.15e-02	4.72e-05	4.40e-06	0.00e+00	0.00e+00	0.00e+00	0.00e+00	2.84e-01	2.01e-05	1.85e-05
 8.87287e+19	3.13e-01	6.62e-01	2.53e-02	3.58e-05	3.34e-06	0.00e+00	0.00e+00	0.00e+00	0.00e+00	3.13e-01	2.15e-05	1.97e-05
 8.98729e+19	3.40e-01	6.39e-01	2.05e-02	2.77e-05	2.56e-06	0.00e+00	0.00e+00	0.00e+00	0.00e+00	3.40e-01	2.28e-05	2.09e-05
 9.11777e+19	3.72e-01	6.12e-01	1.60e-02	2.09e-05	1.89e-06	0.00e+00	0.00e+00	0.00e+00	0.00e+00	3.72e-01	2.40e-05	2.20e-05
 9.26221e+19	4.08e-01	5.80e-01	1.21e-02	1.56e-05	1.35e-06	0.00e+00	0.00e+00	0.00e+00	0.00e+00	4.08e-01	2.52e-05	2.31e-05
 9.39348e+19	4.41e-01	5.49e-01	9.31e-03	1.21e-05	9.87e-07	0.00e+00	0.00e+00	0.00e+00	0.00e+00	4.41e-01	2.62e-05	2.40e-05
 9.50739e+19	4.70e-01	5.23e-01	7.41e-03	9.83e-06	7.54e-07	0.00e+00	0.00e+00	0.00e+00	0.00e+00	4.70e-01	2.68e-05	2.46e-05
 9.61216e+19	4.95e-01	4.99e-01	5.99e-03	8.20e-06	5.88e-07	0.00e+00	0.00e+00	0.00e+00	0.00e+00	4.95e-01	2.73e-05	2.50e-05
 9.71551e+19	5.21e-01	4.75e-01	4.85e-03	6.92e-06	4.60e-07	0.00e+00	0.00e+00	0.00e+00	0.00e+00	5.21e-01	2.77e-05	2.53e-05
 9.81996e+19	5.44e-01	4.52e-01	3.94e-03	5.92e-06	3.63e-07	0.00e+00	0.00e+00	0.00e+00	0.00e+00	5.44e-01	2.79e-05	2.55e-05
 9.92066e+19	5.67e-01	4.30e-01	3.23e-03	5.12e-06	2.89e-07	0.00e+00	0.00e+00	0.00e+00	0.00e+00	5.67e-01	2.80e-05	2.56e-05
 1.00178e+20	5.87e-01	4.11e-01	2.67e-03	4.52e-06	2.33e-07	0.00e+00	0.00e+00	0.00e+00	0.00e+00	5.87e-01	2.81e-05	2.56e-05
 1.00986e+20	6.03e-01	3.95e-01	2.30e-03	4.10e-06	1.98e-07	0.00e+00	0.00e+00	0.00e+00	0.00e+00	6.02e-01	2.80e-05	2.56e-05
 1.01558e+20	6.13e-01	3.85e-01	2.08e-03	3.84e-06	1.76e-07	0.00e+00	0.00e+00	0.00e+00	0.00e+00	6.13e-01	2.80e-05	2.55e-05
 1.02110e+20	6.23e-01	3.75e-01	1.87e-03	3.61e-06	1.57e-07	0.00e+00	0.00e+00	0.00e+00	0.00e+00	6.23e-01	2.79e-05	2.55e-05
 1.02764e+20	6.35e-01	3.63e-01	1.66e-03	3.36e-06	1.37e-07	0.00e+00	0.00e+00	0.00e+00	0.00e+00	6.35e-01	2.78e-05	2.54e-05
 1.03474e+20	6.47e-01	3.51e-01	1.47e-03	3.13e-06	0.00e+00	0.00e+00	0.00e+00	0.00e+00	0.00e+00	6.47e-01	2.77e-05	2.53e-05
 1.04192e+20	6.59e-01	3.40e-01	1.30e-03	2.92e-06	0.00e+00	0.00e+00	0.00e+00	0.00e+00	0.00e+00	6.59e-01	2.76e-05	2.51e-05
 1.04924e+20	6.69e-01	3.30e-01	1.15e-03	2.74e-06	0.00e+00	0.00e+00	0.00e+00	0.00e+00	0.00e+00	6.69e-01	2.74e-05	2.49e-05
 1.05694e+20	6.80e-01	3.19e-01	1.02e-03	2.56e-06	0.00e+00	0.00e+00	0.00e+00	0.00e+00	0.00e+00	6.80e-01	2.72e-05	2.48e-05
 1.06515e+20	6.91e-01	3.08e-01	9.03e-04	2.40e-06	0.00e+00	0.00e+00	0.00e+00	0.00e+00	0.00e+00	6.91e-01	2.70e-05	2.46e-05
 1.07366e+20	7.01e-01	2.98e-01	8.02e-04	2.26e-06	0.00e+00	0.00e+00	0.00e+00	0.00e+00	0.00e+00	7.01e-01	2.68e-05	2.44e-05
 1.08269e+20	7.11e-01	2.89e-01	7.12e-04	2.13e-06	0.00e+00	0.00e+00	0.00e+00	0.00e+00	0.00e+00	7.11e-01	2.66e-05	2.41e-05
 1.09257e+20	7.21e-01	2.79e-01	6.31e-04	2.01e-06	0.00e+00	0.00e+00	0.00e+00	0.00e+00	0.00e+00	7.21e-01	2.63e-05	2.39e-05
 1.10325e+20	7.30e-01	2.70e-01	5.61e-04	1.90e-06	0.00e+00	0.00e+00	0.00e+00	0.00e+00	0.00e+00	7.30e-01	2.61e-05	2.37e-05
 1.11494e+20	7.39e-01	2.61e-01	4.99e-04	1.79e-06	0.00e+00	0.00e+00	0.00e+00	0.00e+00	0.00e+00	7.39e-01	2.58e-05	2.34e-05
 1.12794e+20	7.47e-01	2.52e-01	4.45e-04	1.70e-06	0.00e+00	0.00e+00	0.00e+00	0.00e+00	0.00e+00	7.47e-01	2.55e-05	2.31e-05
 1.14274e+20	7.56e-01	2.44e-01	3.97e-04	1.61e-06	0.00e+00	0.00e+00	0.00e+00	0.00e+00	0.00e+00	7.56e-01	2.52e-05	2.29e-05
 1.15966e+20	7.63e-01	2.36e-01	3.56e-04	1.53e-06	0.00e+00	0.00e+00	0.00e+00	0.00e+00	0.00e+00	7.63e-01	2.50e-05	2.26e-05
 1.17731e+20	7.70e-01	2.30e-01	3.24e-04	1.46e-06	0.00e+00	0.00e+00	0.00e+00	0.00e+00	0.00e+00	7.70e-01	2.47e-05	2.23e-05
 1.19458e+20	7.76e-01	2.24e-01	3.00e-04	1.41e-06	0.00e+00	0.00e+00	0.00e+00	0.00e+00	0.00e+00	7.76e-01	2.45e-05	2.21e-05
 1.21420e+20	7.81e-01	2.19e-01	2.77e-04	1.35e-06	0.00e+00	0.00e+00	0.00e+00	0.00e+00	0.00e+00	7.81e-01	2.42e-05	2.19e-05
 1.23972e+20	7.87e-01	2.13e-01	2.54e-04	1.30e-06	0.00e+00	0.00e+00	0.00e+00	0.00e+00	0.00e+00	7.87e-01	2.40e-05	2.17e-05
 1.27289e+20	7.93e-01	2.06e-01	2.31e-04	1.24e-06	0.00e+00	0.00e+00	0.00e+00	0.00e+00	0.00e+00	7.93e-01	2.37e-05	2.14e-05
 1.31508e+20	8.00e-01	1.99e-01	2.08e-04	1.18e-06	0.00e+00	0.00e+00	0.00e+00	0.00e+00	0.00e+00	8.00e-01	2.34e-05	2.11e-05
 1.36585e+20	8.08e-01	1.92e-01	1.87e-04	1.12e-06	0.00e+00	0.00e+00	0.00e+00	0.00e+00	0.00e+00	8.08e-01	2.30e-05	2.07e-05
 1.42222e+20	8.15e-01	1.85e-01	1.68e-04	1.06e-06	0.00e+00	0.00e+00	0.00e+00	0.00e+00	0.00e+00	8.15e-01	2.27e-05	2.04e-05
 1.48163e+20	8.22e-01	1.78e-01	1.51e-04	1.00e-06	0.00e+00	0.00e+00	0.00e+00	0.00e+00	0.00e+00	8.21e-01	2.24e-05	2.01e-05
 1.54424e+20	8.28e-01	1.72e-01	1.37e-04	9.52e-07	0.00e+00	0.00e+00	0.00e+00	0.00e+00	0.00e+00	8.28e-01	2.20e-05	1.97e-05
 1.61042e+20	8.34e-01	1.66e-01	1.24e-04	9.04e-07	0.00e+00	0.00e+00	0.00e+00	0.00e+00	0.00e+00	8.34e-01	2.17e-05	1.94e-05
 1.68007e+20	8.40e-01	1.60e-01	1.13e-04	8.59e-07	0.00e+00	0.00e+00	0.00e+00	0.00e+00	0.00e+00	8.40e-01	2.14e-05	1.91e-05
 1.75337e+20	8.46e-01	1.54e-01	1.03e-04	8.16e-07	0.00e+00	0.00e+00	0.00e+00	0.00e+00	0.00e+00	8.46e-01	2.11e-05	1.88e-05
 1.83044e+20	8.52e-01	1.48e-01	9.43e-05	7.75e-07	0.00e+00	0.00e+00	0.00e+00	0.00e+00	0.00e+00	8.52e-01	2.08e-05	1.84e-05
 1.91124e+20	8.57e-01	1.43e-01	8.67e-05	7.37e-07	0.00e+00	0.00e+00	0.00e+00	0.00e+00	0.00e+00	8.57e-01	2.05e-05	1.81e-05
 1.99574e+20	8.62e-01	1.38e-01	8.00e-05	7.01e-07	0.00e+00	0.00e+00	0.00e+00	0.00e+00	0.00e+00	8.62e-01	2.02e-05	1.78e-05
 2.08431e+20	8.67e-01	1.33e-01	7.41e-05	6.67e-07	0.00e+00	0.00e+00	0.00e+00	0.00e+00	0.00e+00	8.67e-01	1.99e-05	1.75e-05
 2.17721e+20	8.72e-01	1.28e-01	6.89e-05	6.35e-07	0.00e+00	0.00e+00	0.00e+00	0.00e+00	0.00e+00	8.72e-01	1.96e-05	1.72e-05
 2.27448e+20	8.77e-01	1.23e-01	6.43e-05	6.04e-07	0.00e+00	0.00e+00	0.00e+00	0.00e+00	0.00e+00	8.77e-01	1.94e-05	1.70e-05
 2.37619e+20	8.81e-01	1.19e-01	6.02e-05	5.75e-07	0.00e+00	0.00e+00	0.00e+00	0.00e+00	0.00e+00	8.81e-01	1.91e-05	1.67e-05
 2.48254e+20	8.85e-01	1.14e-01	5.66e-05	5.48e-07	0.00e+00	0.00e+00	0.00e+00	0.00e+00	0.00e+00	8.85e-01	1.88e-05	1.64e-05
 2.59299e+20	8.90e-01	1.10e-01	5.34e-05	5.21e-07	0.00e+00	0.00e+00	0.00e+00	0.00e+00	0.00e+00	8.90e-01	1.86e-05	1.61e-05
 2.70812e+20	8.94e-01	1.06e-01	5.06e-05	4.96e-07	0.00e+00	0.00e+00	0.00e+00	0.00e+00	0.00e+00	8.94e-01	1.83e-05	1.59e-05
 2.82879e+20	8.98e-01	1.02e-01	4.81e-05	4.72e-07	0.00e+00	0.00e+00	0.00e+00	0.00e+00	0.00e+00	8.97e-01	1.81e-05	1.56e-05
 2.95425e+20	9.01e-01	9.87e-02	4.58e-05	4.49e-07	0.00e+00	0.00e+00	0.00e+00	0.00e+00	0.00e+00	9.01e-01	1.78e-05	1.53e-05
 3.08427e+20	9.05e-01	9.51e-02	4.38e-05	4.28e-07	0.00e+00	0.00e+00	0.00e+00	0.00e+00	0.00e+00	9.05e-01	1.76e-05	1.51e-05
 3.21923e+20	9.08e-01	9.16e-02	4.20e-05	4.07e-07	0.00e+00	0.00e+00	0.00e+00	0.00e+00	0.00e+00	9.08e-01	1.73e-05	1.49e-05
 3.35918e+20	9.12e-01	8.82e-02	4.05e-05	3.87e-07	0.00e+00	0.00e+00	0.00e+00	0.00e+00	0.00e+00	9.12e-01	1.71e-05	1.46e-05
 3.50382e+20	9.15e-01	8.49e-02	3.90e-05	3.68e-07	0.00e+00	0.00e+00	0.00e+00	0.00e+00	0.00e+00	9.15e-01	1.69e-05	1.44e-05
 3.65503e+20	9.18e-01	8.17e-02	3.78e-05	3.49e-07	0.00e+00	0.00e+00	0.00e+00	0.00e+00	0.00e+00	9.18e-01	1.66e-05	1.41e-05
 3.81224e+20	9.21e-01	7.87e-02	3.66e-05	3.32e-07	0.00e+00	0.00e+00	0.00e+00	0.00e+00	0.00e+00	9.21e-01	1.64e-05	1.38e-05
 3.97244e+20	9.24e-01	7.57e-02	3.56e-05	3.16e-07	0.00e+00	0.00e+00	0.00e+00	0.00e+00	0.00e+00	9.24e-01	1.61e-05	1.35e-05
 4.13665e+20	9.27e-01	7.29e-02	3.47e-05	3.00e-07	0.00e+00	0.00e+00	0.00e+00	0.00e+00	0.00e+00	9.27e-01	1.59e-05	1.32e-05
 4.30719e+20	9.30e-01	7.02e-02	3.39e-05	2.85e-07	0.00e+00	0.00e+00	0.00e+00	0.00e+00	0.00e+00	9.30e-01	1.56e-05	1.29e-05
 4.48258e+20	9.32e-01	6.76e-02	3.32e-05	2.71e-07	0.00e+00	0.00e+00	0.00e+00	0.00e+00	0.00e+00	9.32e-01	1.54e-05	1.26e-05
 4.66240e+20	9.35e-01	6.51e-02	3.26e-05	2.57e-07	0.00e+00	0.00e+00	0.00e+00	0.00e+00	0.00e+00	9.35e-01	1.52e-05	1.24e-05
 4.84924e+20	9.37e-01	6.26e-02	3.20e-05	2.44e-07	0.00e+00	0.00e+00	0.00e+00	0.00e+00	0.00e+00	9.37e-01	1.50e-05	1.21e-05
 5.04240e+20	9.40e-01	6.02e-02	3.14e-05	2.32e-07	0.00e+00	0.00e+00	0.00e+00	0.00e+00	0.00e+00	9.40e-01	1.47e-05	1.19e-05
 5.24023e+20	9.42e-01	5.80e-02	3.09e-05	2.20e-07	0.00e+00	0.00e+00	0.00e+00	0.00e+00	0.00e+00	9.42e-01	1.45e-05	1.17e-05
 5.44311e+20	9.44e-01	5.58e-02	3.05e-05	2.08e-07	0.00e+00	0.00e+00	0.00e+00	0.00e+00	0.00e+00	9.44e-01	1.43e-05	1.14e-05
 5.65170e+20	9.46e-01	5.36e-02	3.00e-05	1.98e-07	0.00e+00	0.00e+00	0.00e+00	0.00e+00	0.00e+00	9.46e-01	1.41e-05	1.12e-05
 5.86404e+20	9.48e-01	5.16e-02	2.97e-05	1.87e-07	0.00e+00	0.00e+00	0.00e+00	0.00e+00	0.00e+00	9.48e-01	1.38e-05	1.10e-05
 6.07580e+20	9.50e-01	4.97e-02	2.93e-05	1.78e-07	0.00e+00	0.00e+00	0.00e+00	0.00e+00	0.00e+00	9.50e-01	1.36e-05	1.09e-05
 6.28468e+20	9.52e-01	4.79e-02	2.90e-05	1.69e-07	0.00e+00	0.00e+00	0.00e+00	0.00e+00	0.00e+00	9.52e-01	1.34e-05	1.07e-05
 6.49072e+20	9.54e-01	4.63e-02	2.87e-05	1.61e-07	0.00e+00	0.00e+00	0.00e+00	0.00e+00	0.00e+00	9.54e-01	1.32e-05	1.05e-05
 6.69396e+20	9.55e-01	4.47e-02	2.85e-05	1.53e-07	0.00e+00	0.00e+00	0.00e+00	0.00e+00	0.00e+00	9.55e-01	1.30e-05	1.04e-05
 6.89392e+20	9.57e-01	4.32e-02	2.83e-05	1.46e-07	0.00e+00	0.00e+00	0.00e+00	0.00e+00	0.00e+00	9.57e-01	1.28e-05	1.02e-05
 7.08953e+20	9.58e-01	4.17e-02	2.81e-05	1.40e-07	0.00e+00	0.00e+00	0.00e+00	0.00e+00	0.00e+00	9.58e-01	1.25e-05	1.01e-05
 7.27954e+20	9.60e-01	4.04e-02	2.79e-05	1.33e-07	0.00e+00	0.00e+00	0.00e+00	0.00e+00	0.00e+00	9.60e-01	1.23e-05	9.94e-06
 7.46321e+20	9.61e-01	3.91e-02	2.78e-05	1.28e-07	0.00e+00	0.00e+00	0.00e+00	0.00e+00	0.00e+00	9.61e-01	1.21e-05	9.82e-06
 7.64028e+20	9.62e-01	3.79e-02	2.77e-05	1.22e-07	0.00e+00	0.00e+00	0.00e+00	0.00e+00	0.00e+00	9.62e-01	1.19e-05	9.70e-06
 7.81057e+20	9.63e-01	3.67e-02	2.76e-05	0.00e+00	0.00e+00	0.00e+00	0.00e+00	0.00e+00	0.00e+00	9.63e-01	1.17e-05	9.59e-06
 7.97397e+20	9.64e-01	3.56e-02	2.75e-05	0.00e+00	0.00e+00	0.00e+00	0.00e+00	0.00e+00	0.00e+00	9.64e-01	1.15e-05	9.48e-06
