#depth	O	O+	O+2	O+3	O+4	O+5	O+6	O+7	O+8	O[1]	O[2]	O[3]
 1.15921e+16	1.18e-03	1.35e-01	6.78e-01	1.76e-01	9.90e-03	7.43e-05	3.67e-07	0.00e+00	0.00e+00	1.18e-03	8.85e-08	9.84e-08
 6.95525e+16	1.16e-03	1.34e-01	6.79e-01	1.76e-01	9.91e-03	7.45e-05	3.68e-07	0.00e+00	0.00e+00	1.16e-03	8.82e-08	9.75e-08
 3.01394e+17	1.14e-03	1.32e-01	6.81e-01	1.76e-01	9.86e-03	7.44e-05	3.69e-07	0.00e+00	0.00e+00	1.14e-03	8.61e-08	9.53e-08
 1.22876e+18	1.07e-03	1.26e-01	6.90e-01	1.73e-01	9.54e-03	7.24e-05	3.60e-07	0.00e+00	0.00e+00	1.07e-03	8.10e-08	8.99e-08
 2.93511e+18	8.93e-04	1.12e-01	7.04e-01	1.74e-01	9.33e-03	7.35e-05	3.74e-07	0.00e+00	0.00e+00	8.93e-04	6.71e-08	7.48e-08
 5.15337e+18	7.85e-04	1.03e-01	7.17e-01	1.70e-01	8.79e-03	7.09e-05	3.66e-07	0.00e+00	0.00e+00	7.85e-04	5.87e-08	6.58e-08
 8.03711e+18	7.13e-04	9.68e-02	7.33e-01	1.61e-01	7.95e-03	6.49e-05	3.39e-07	0.00e+00	0.00e+00	7.13e-04	5.33e-08	5.98e-08
 1.17860e+19	6.91e-04	9.52e-02	7.51e-01	1.46e-01	6.80e-03	5.52e-05	2.91e-07	0.00e+00	0.00e+00	6.91e-04	5.16e-08	5.80e-08
 1.66595e+19	7.28e-04	9.89e-02	7.70e-01	1.25e-01	5.37e-03	4.24e-05	2.24e-07	0.00e+00	0.00e+00	7.28e-04	5.43e-08	6.10e-08
 2.29951e+19	8.58e-04	1.10e-01	7.88e-01	9.68e-02	3.76e-03	2.79e-05	1.46e-07	0.00e+00	0.00e+00	8.58e-04	6.43e-08	7.19e-08
 3.00402e+19	1.10e-03	1.29e-01	7.97e-01	7.03e-02	2.42e-03	1.65e-05	0.00e+00	0.00e+00	0.00e+00	1.10e-03	8.28e-08	9.19e-08
 3.56408e+19	1.39e-03	1.48e-01	7.95e-01	5.32e-02	1.67e-03	1.04e-05	0.00e+00	0.00e+00	0.00e+00	1.39e-03	1.05e-07	1.16e-07
 3.93187e+19	1.68e-03	1.65e-01	7.88e-01	4.34e-02	1.28e-03	7.40e-06	0.00e+00	0.00e+00	0.00e+00	1.68e-03	1.28e-07	1.40e-07
 4.23236e+19	2.00e-03	1.82e-01	7.78e-01	3.63e-02	1.01e-03	5.48e-06	0.00e+00	0.00e+00	0.00e+00	2.00e-03	1.54e-07	1.67e-07
 4.56897e+19	2.45e-03	2.03e-01	7.64e-01	2.94e-02	7.74e-04	3.85e-06	0.00e+00	0.00e+00	0.00e+00	2.45e-03	1.89e-07	2.04e-07
 4.92905e+19	3.10e-03	2.30e-01	7.43e-01	2.33e-02	5.80e-04	2.60e-06	0.00e+00	0.00e+00	0.00e+00	3.10e-03	2.42e-07	2.58e-07
 5.22681e+19	3.75e-03	2.53e-01	7.24e-01	1.92e-02	4.59e-04	1.89e-06	0.00e+00	0.00e+00	0.00e+00	3.75e-03	2.94e-07	3.12e-07
 5.47688e+19	4.44e-03	2.74e-01	7.05e-01	1.61e-02	3.74e-04	1.42e-06	0.00e+00	0.00e+00	0.00e+00	4.43e-03	3.50e-07	3.69e-07
 5.75774e+19	5.42e-03	3.02e-01	6.79e-01	1.31e-02	2.94e-04	1.02e-06	0.00e+00	0.00e+00	0.00e+00	5.42e-03	4.31e-07	4.49e-07
 6.05996e+19	6.71e-03	3.33e-01	6.50e-01	1.05e-02	2.29e-04	7.08e-07	0.00e+00	0.00e+00	0.00e+00	6.71e-03	5.37e-07	5.56e-07
 6.32361e+19	8.14e-03	3.63e-01	6.20e-01	8.53e-03	1.84e-04	5.12e-07	0.00e+00	0.00e+00	0.00e+00	8.14e-03	6.55e-07	6.73e-07
 6.55640e+19	9.72e-03	3.91e-01	5.92e-01	7.03e-03	1.51e-04	3.79e-07	0.00e+00	0.00e+00	0.00e+00	9.72e-03	7.84e-07	8.02e-07
 6.81536e+19	1.19e-02	4.26e-01	5.57e-01	5.58e-03	1.20e-04	2.67e-07	0.00e+00	0.00e+00	0.00e+00	1.19e-02	9.66e-07	9.81e-07
 7.09144e+19	1.48e-02	4.64e-01	5.16e-01	4.33e-03	9.40e-05	1.83e-07	0.00e+00	0.00e+00	0.00e+00	1.48e-02	1.21e-06	1.22e-06
 7.32689e+19	1.80e-02	4.99e-01	4.80e-01	3.44e-03	7.63e-05	1.31e-07	0.00e+00	0.00e+00	0.00e+00	1.80e-02	1.46e-06	1.47e-06
 7.53298e+19	2.14e-02	5.30e-01	4.45e-01	2.76e-03	6.31e-05	0.00e+00	0.00e+00	0.00e+00	0.00e+00	2.14e-02	1.74e-06	1.74e-06
 7.76377e+19	2.62e-02	5.67e-01	4.04e-01	2.11e-03	5.02e-05	0.00e+00	0.00e+00	0.00e+00	0.00e+00	2.62e-02	2.13e-06	2.12e-06
 8.01047e+19	3.25e-02	6.06e-01	3.60e-01	1.57e-03	3.93e-05	0.00e+00	0.00e+00	0.00e+00	0.00e+00	3.24e-02	2.63e-06	2.62e-06
 8.22343e+19	3.93e-02	6.39e-01	3.20e-01	1.19e-03	3.15e-05	0.00e+00	0.00e+00	0.00e+00	0.00e+00	3.93e-02	3.18e-06	3.15e-06
 8.41236e+19	4.67e-02	6.67e-01	2.85e-01	9.07e-04	2.56e-05	0.00e+00	0.00e+00	0.00e+00	0.00e+00	4.67e-02	3.76e-06	3.73e-06
 8.62449e+19	5.69e-02	6.97e-01	2.46e-01	6.54e-04	1.99e-05	0.00e+00	0.00e+00	0.00e+00	0.00e+00	5.69e-02	4.55e-06	4.51e-06
 8.84402e+19	6.97e-02	7.23e-01	2.07e-01	4.58e-04	1.53e-05	0.00e+00	0.00e+00	0.00e+00	0.00e+00	6.97e-02	5.53e-06	5.46e-06
 9.01786e+19	8.23e-02	7.40e-01	1.77e-01	3.37e-04	1.21e-05	0.00e+00	0.00e+00	0.00e+00	0.00e+00	8.22e-02	6.47e-06	6.39e-06
 9.15583e+19	9.41e-02	7.51e-01	1.55e-01	2.60e-04	9.90e-06	0.00e+00	0.00e+00	0.00e+00	0.00e+00	9.41e-02	7.34e-06	7.24e-06
 9.30249e+19	1.09e-01	7.59e-01	1.32e-01	1.93e-04	7.87e-06	0.00e+00	0.00e+00	0.00e+00	0.00e+00	1.09e-01	8.40e-06	8.28e-06
 9.45735e+19	1.26e-01	7.63e-01	1.10e-01	1.40e-04	6.15e-06	0.00e+00	0.00e+00	0.00e+00	0.00e+00	1.26e-01	9.60e-06	9.46e-06
 9.58726e+19	1.43e-01	7.63e-01	9.37e-02	1.06e-04	4.93e-06	0.00e+00	0.00e+00	0.00e+00	0.00e+00	1.43e-01	1.07e-05	1.06e-05
 9.69777e+19	1.59e-01	7.60e-01	8.09e-02	8.27e-05	4.05e-06	0.00e+00	0.00e+00	0.00e+00	0.00e+00	1.59e-01	1.18e-05	1.16e-05
 9.81865e+19	1.79e-01	7.53e-01	6.77e-02	6.19e-05	3.20e-06	0.00e+00	0.00e+00	0.00e+00	0.00e+00	1.79e-01	1.30e-05	1.28e-05
 9.94609e+19	2.02e-01	7.42e-01	5.58e-02	4.56e-05	2.48e-06	0.00e+00	0.00e+00	0.00e+00	0.00e+00	2.02e-01	1.44e-05	1.42e-05
 1.00523e+20	2.22e-01	7.31e-01	4.72e-02	3.53e-05	2.00e-06	0.00e+00	0.00e+00	0.00e+00	0.00e+00	2.22e-01	1.56e-05	1.53e-05
 1.01454e+20	2.42e-01	7.18e-01	4.03e-02	2.79e-05	1.63e-06	0.00e+00	0.00e+00	0.00e+00	0.00e+00	2.42e-01	1.66e-05	1.64e-05
 1.02512e+20	2.66e-01	7.01e-01	3.33e-02	2.13e-05	1.28e-06	0.00e+00	0.00e+00	0.00e+00	0.00e+00	2.66e-01	1.79e-05	1.76e-05
 1.03653e+20	2.93e-01	6.80e-01	2.70e-02	1.60e-05	9.80e-07	0.00e+00	0.00e+00	0.00e+00	0.00e+00	2.93e-01	1.92e-05	1.89e-05
 1.04658e+20	3.18e-01	6.59e-01	2.23e-02	1.24e-05	7.70e-07	0.00e+00	0.00e+00	0.00e+00	0.00e+00	3.18e-01	2.03e-05	2.00e-05
 1.05561e+20	3.41e-01	6.40e-01	1.87e-02	9.88e-06	6.18e-07	0.00e+00	0.00e+00	0.00e+00	0.00e+00	3.41e-01	2.12e-05	2.09e-05
 1.06581e+20	3.69e-01	6.15e-01	1.51e-02	7.61e-06	4.75e-07	0.00e+00	0.00e+00	0.00e+00	0.00e+00	3.69e-01	2.23e-05	2.19e-05
 1.07714e+20	4.00e-01	5.88e-01	1.19e-02	5.78e-06	3.55e-07	0.00e+00	0.00e+00	0.00e+00	0.00e+00	4.00e-01	2.33e-05	2.29e-05
 1.08783e+20	4.31e-01	5.60e-01	9.39e-03	4.48e-06	2.68e-07	0.00e+00	0.00e+00	0.00e+00	0.00e+00	4.31e-01	2.41e-05	2.37e-05
 1.09806e+20	4.60e-01	5.33e-01	7.47e-03	3.54e-06	2.04e-07	0.00e+00	0.00e+00	0.00e+00	0.00e+00	4.59e-01	2.48e-05	2.44e-05
 1.10794e+20	4.88e-01	5.06e-01	5.95e-03	2.84e-06	1.56e-07	0.00e+00	0.00e+00	0.00e+00	0.00e+00	4.88e-01	2.53e-05	2.49e-05
 1.11726e+20	5.14e-01	4.82e-01	4.79e-03	2.33e-06	0.00e+00	0.00e+00	0.00e+00	0.00e+00	0.00e+00	5.14e-01	2.57e-05	2.52e-05
 1.12604e+20	5.38e-01	4.58e-01	3.88e-03	1.95e-06	0.00e+00	0.00e+00	0.00e+00	0.00e+00	0.00e+00	5.38e-01	2.59e-05	2.55e-05
 1.13452e+20	5.61e-01	4.36e-01	3.17e-03	1.66e-06	0.00e+00	0.00e+00	0.00e+00	0.00e+00	0.00e+00	5.61e-01	2.61e-05	2.56e-05
 1.14265e+20	5.82e-01	4.15e-01	2.61e-03	1.42e-06	0.00e+00	0.00e+00	0.00e+00	0.00e+00	0.00e+00	5.82e-01	2.61e-05	2.56e-05
 1.14890e+20	5.97e-01	4.00e-01	2.26e-03	1.28e-06	0.00e+00	0.00e+00	0.00e+00	0.00e+00	0.00e+00	5.97e-01	2.61e-05	2.56e-05
 1.15322e+20	6.08e-01	3.90e-01	2.04e-03	1.19e-06	0.00e+00	0.00e+00	0.00e+00	0.00e+00	0.00e+00	6.08e-01	2.61e-05	2.56e-05
 1.15752e+20	6.19e-01	3.79e-01	1.83e-03	1.11e-06	0.00e+00	0.00e+00	0.00e+00	0.00e+00	0.00e+00	6.19e-01	2.60e-05	2.55e-05
 1.16249e+20	6.31e-01	3.67e-01	1.62e-03	1.02e-06	0.00e+00	0.00e+00	0.00e+00	0.00e+00	0.00e+00	6.31e-01	2.59e-05	2.54e-05
 1.16775e+20	6.43e-01	3.56e-01	1.43e-03	9.43e-07	0.00e+00	0.00e+00	0.00e+00	0.00e+00	0.00e+00	6.43e-01	2.58e-05	2.53e-05
 1.17300e+20	6.55e-01	3.44e-01	1.26e-03	8.71e-07	0.00e+00	0.00e+00	0.00e+00	0.00e+00	0.00e+00	6.55e-01	2.57e-05	2.51e-05
 1.17818e+20	6.66e-01	3.33e-01	1.11e-03	8.09e-07	0.00e+00	0.00e+00	0.00e+00	0.00e+00	0.00e+00	6.66e-01	2.55e-05	2.50e-05
 1.18340e+20	6.78e-01	3.22e-01	9.83e-04	7.51e-07	0.00e+00	0.00e+00	0.00e+00	0.00e+00	0.00e+00	6.77e-01	2.53e-05	2.48e-05
 1.18879e+20	6.88e-01	3.11e-01	8.66e-04	7.00e-07	0.00e+00	0.00e+00	0.00e+00	0.00e+00	0.00e+00	6.88e-01	2.51e-05	2.46e-05
 1.19433e+20	6.99e-01	3.00e-01	7.61e-04	6.51e-07	0.00e+00	0.00e+00	0.00e+00	0.00e+00	0.00e+00	6.99e-01	2.49e-05	2.44e-05
 1.19994e+20	7.10e-01	2.90e-01	6.70e-04	6.08e-07	0.00e+00	0.00e+00	0.00e+00	0.00e+00	0.00e+00	7.10e-01	2.47e-05	2.42e-05
 1.20565e+20	7.20e-01	2.79e-01	5.89e-04	5.68e-07	0.00e+00	0.00e+00	0.00e+00	0.00e+00	0.00e+00	7.20e-01	2.44e-05	2.39e-05
 1.21156e+20	7.30e-01	2.70e-01	5.18e-04	5.33e-07	0.00e+00	0.00e+00	0.00e+00	0.00e+00	0.00e+00	7.30e-01	2.42e-05	2.36e-05
 1.21768e+20	7.40e-01	2.60e-01	4.54e-04	4.98e-07	0.00e+00	0.00e+00	0.00e+00	0.00e+00	0.00e+00	7.40e-01	2.39e-05	2.34e-05
 1.22396e+20	7.49e-01	2.51e-01	3.99e-04	4.68e-07	0.00e+00	0.00e+00	0.00e+00	0.00e+00	0.00e+00	7.49e-01	2.36e-05	2.31e-05
 1.23045e+20	7.58e-01	2.41e-01	3.50e-04	4.40e-07	0.00e+00	0.00e+00	0.00e+00	0.00e+00	0.00e+00	7.58e-01	2.33e-05	2.28e-05
 1.23727e+20	7.67e-01	2.33e-01	3.08e-04	4.14e-07	0.00e+00	0.00e+00	0.00e+00	0.00e+00	0.00e+00	7.67e-01	2.31e-05	2.25e-05
 1.24447e+20	7.76e-01	2.24e-01	2.69e-04	3.90e-07	0.00e+00	0.00e+00	0.00e+00	0.00e+00	0.00e+00	7.76e-01	2.27e-05	2.22e-05
 1.25201e+20	7.84e-01	2.16e-01	2.37e-04	3.68e-07	0.00e+00	0.00e+00	0.00e+00	0.00e+00	0.00e+00	7.84e-01	2.24e-05	2.19e-05
 1.26000e+20	7.92e-01	2.08e-01	2.08e-04	3.48e-07	0.00e+00	0.00e+00	0.00e+00	0.00e+00	0.00e+00	7.92e-01	2.21e-05	2.15e-05
 1.26866e+20	7.99e-01	2.00e-01	1.84e-04	3.29e-07	0.00e+00	0.00e+00	0.00e+00	0.00e+00	0.00e+00	7.99e-01	2.18e-05	2.12e-05
 1.27804e+20	8.07e-01	1.93e-01	1.62e-04	3.12e-07	0.00e+00	0.00e+00	0.00e+00	0.00e+00	0.00e+00	8.07e-01	2.14e-05	2.09e-05
 1.28826e+20	8.14e-01	1.86e-01	1.43e-04	2.96e-07	0.00e+00	0.00e+00	0.00e+00	0.00e+00	0.00e+00	8.14e-01	2.11e-05	2.06e-05
 1.29937e+20	8.20e-01	1.80e-01	1.28e-04	2.82e-07	0.00e+00	0.00e+00	0.00e+00	0.00e+00	0.00e+00	8.20e-01	2.08e-05	2.03e-05
 1.31169e+20	8.26e-01	1.74e-01	1.14e-04	2.69e-07	0.00e+00	0.00e+00	0.00e+00	0.00e+00	0.00e+00	8.26e-01	2.05e-05	2.00e-05
 1.32560e+20	8.31e-01	1.68e-01	1.03e-04	2.57e-07	0.00e+00	0.00e+00	0.00e+00	0.00e+00	0.00e+00	8.31e-01	2.03e-05	1.97e-05
 1.34038e+20	8.36e-01	1.64e-01	9.40e-05	2.48e-07	0.00e+00	0.00e+00	0.00e+00	0.00e+00	0.00e+00	8.36e-01	2.00e-05	1.95e-05
 1.35506e+20	8.40e-01	1.60e-01	8.71e-05	2.40e-07	0.00e+00	0.00e+00	0.00e+00	0.00e+00	0.00e+00	8.40e-01	1.98e-05	1.93e-05
 1.36952e+20	8.43e-01	1.57e-01	8.18e-05	2.34e-07	0.00e+00	0.00e+00	0.00e+00	0.00e+00	0.00e+00	8.43e-01	1.97e-05	1.91e-05
 1.38602e+20	8.46e-01	1.54e-01	7.67e-05	2.27e-07	0.00e+00	0.00e+00	0.00e+00	0.00e+00	0.00e+00	8.46e-01	1.95e-05	1.89e-05
 1.40748e+20	8.50e-01	1.50e-01	7.14e-05	2.21e-07	0.00e+00	0.00e+00	0.00e+00	0.00e+00	0.00e+00	8.50e-01	1.93e-05	1.87e-05
 1.43537e+20	8.54e-01	1.46e-01	6.59e-05	2.13e-07	0.00e+00	0.00e+00	0.00e+00	0.00e+00	0.00e+00	8.54e-01	1.91e-05	1.85e-05
 1.47163e+20	8.58e-01	1.42e-01	6.03e-05	2.05e-07	0.00e+00	0.00e+00	0.00e+00	0.00e+00	0.00e+00	8.58e-01	1.89e-05	1.83e-05
 1.51811e+20	8.63e-01	1.37e-01	5.44e-05	1.96e-07	0.00e+00	0.00e+00	0.00e+00	0.00e+00	0.00e+00	8.63e-01	1.86e-05	1.80e-05
 1.57207e+20	8.68e-01	1.32e-01	4.89e-05	1.86e-07	0.00e+00	0.00e+00	0.00e+00	0.00e+00	0.00e+00	8.68e-01	1.83e-05	1.77e-05
 1.62894e+20	8.73e-01	1.27e-01	4.41e-05	1.78e-07	0.00e+00	0.00e+00	0.00e+00	0.00e+00	0.00e+00	8.73e-01	1.80e-05	1.74e-05
 1.68815e+20	8.77e-01	1.23e-01	3.99e-05	1.70e-07	0.00e+00	0.00e+00	0.00e+00	0.00e+00	0.00e+00	8.77e-01	1.78e-05	1.71e-05
 1.74999e+20	8.82e-01	1.18e-01	3.62e-05	1.62e-07	0.00e+00	0.00e+00	0.00e+00	0.00e+00	0.00e+00	8.82e-01	1.75e-05	1.69e-05
 1.81447e+20	8.86e-01	1.14e-01	3.30e-05	1.55e-07	0.00e+00	0.00e+00	0.00e+00	0.00e+00	0.00e+00	8.86e-01	1.72e-05	1.66e-05
 1.88194e+20	8.90e-01	1.10e-01	3.01e-05	1.48e-07	0.00e+00	0.00e+00	0.00e+00	0.00e+00	0.00e+00	8.90e-01	1.70e-05	1.63e-05
 1.95262e+20	8.94e-01	1.06e-01	2.75e-05	1.41e-07	0.00e+00	0.00e+00	0.00e+00	0.00e+00	0.00e+00	8.94e-01	1.67e-05	1.61e-05
 2.02643e+20	8.98e-01	1.02e-01	2.53e-05	1.35e-07	0.00e+00	0.00e+00	0.00e+00	0.00e+00	0.00e+00	8.98e-01	1.65e-05	1.58e-05
 2.10341e+20	9.01e-01	9.86e-02	2.33e-05	1.29e-07	0.00e+00	0.00e+00	0.00e+00	0.00e+00	0.00e+00	9.01e-01	1.63e-05	1.56e-05
 2.18378e+20	9.05e-01	9.51e-02	2.15e-05	1.24e-07	0.00e+00	0.00e+00	0.00e+00	0.00e+00	0.00e+00	9.05e-01	1.61e-05	1.54e-05
 2.26777e+20	9.08e-01	9.17e-02	2.00e-05	0.00e+00	0.00e+00	0.00e+00	0.00e+00	0.00e+00	0.00e+00	9.08e-01	1.58e-05	1.51e-05
 2.35548e+20	9.12e-01	8.84e-02	1.86e-05	0.00e+00	0.00e+00	0.00e+00	0.00e+00	0.00e+00	0.00e+00	9.12e-01	1.56e-05	1.49e-05
 2.44706e+20	9.15e-01	8.52e-02	1.74e-05	0.00e+00	0.00e+00	0.00e+00	0.00e+00	0.00e+00	0.00e+00	9.15e-01	1.54e-05	1.47e-05
 2.54266e+20	9.18e-01	8.22e-02	1.63e-05	0.00e+00	0.00e+00	0.00e+00	0.00e+00	0.00e+00	0.00e+00	9.18e-01	1.52e-05	1.45e-05
 2.64242e+20	9.21e-01	7.92e-02	1.53e-05	0.00e+00	0.00e+00	0.00e+00	0.00e+00	0.00e+00	0.00e+00	9.21e-01	1.50e-05	1.43e-05
 2.74649e+20	9.24e-01	7.64e-02	1.44e-05	0.00e+00	0.00e+00	0.00e+00	0.00e+00	0.00e+00	0.00e+00	9.24e-01	1.48e-05	1.41e-05
 2.85509e+20	9.26e-01	7.36e-02	1.37e-05	0.00e+00	0.00e+00	0.00e+00	0.00e+00	0.00e+00	0.00e+00	9.26e-01	1.46e-05	1.39e-05
 2.96833e+20	9.29e-01	7.10e-02	1.30e-05	0.00e+00	0.00e+00	0.00e+00	0.00e+00	0.00e+00	0.00e+00	9.29e-01	1.45e-05	1.37e-05
 3.08623e+20	9.32e-01	6.84e-02	1.24e-05	0.00e+00	0.00e+00	0.00e+00	0.00e+00	0.00e+00	0.00e+00	9.32e-01	1.43e-05	1.35e-05
 3.20904e+20	9.34e-01	6.60e-02	1.18e-05	0.00e+00	0.00e+00	0.00e+00	0.00e+00	0.00e+00	0.00e+00	9.34e-01	1.41e-05	1.33e-05
 3.33601e+20	9.36e-01	6.36e-02	1.14e-05	0.00e+00	0.00e+00	0.00e+00	0.00e+00	0.00e+00	0.00e+00	9.36e-01	1.40e-05	1.32e-05
 3.46791e+20	9.39e-01	6.13e-02	1.09e-05	0.00e+00	0.00e+00	0.00e+00	0.00e+00	0.00e+00	0.00e+00	9.39e-01	1.38e-05	1.30e-05
 3.60607e+20	9.41e-01	5.91e-02	1.06e-05	0.00e+00	0.00e+00	0.00e+00	0.00e+00	0.00e+00	0.00e+00	9.41e-01	1.36e-05	1.28e-05
 3.74957e+20	9.43e-01	5.69e-02	1.02e-05	0.00e+00	0.00e+00	0.00e+00	0.00e+00	0.00e+00	0.00e+00	9.43e-01	1.35e-05	1.27e-05
 3.89803e+20	9.45e-01	5.49e-02	9.92e-06	0.00e+00	0.00e+00	0.00e+00	0.00e+00	0.00e+00	0.00e+00	9.45e-01	1.33e-05	1.25e-05
 4.05182e+20	9.47e-01	5.29e-02	9.66e-06	0.00e+00	0.00e+00	0.00e+00	0.00e+00	0.00e+00	0.00e+00	9.47e-01	1.32e-05	1.23e-05
 4.21128e+20	9.49e-01	5.09e-02	9.42e-06	0.00e+00	0.00e+00	0.00e+00	0.00e+00	0.00e+00	0.00e+00	9.49e-01	1.30e-05	1.21e-05
 4.37613e+20	9.51e-01	4.91e-02	9.22e-06	0.00e+00	0.00e+00	0.00e+00	0.00e+00	0.00e+00	0.00e+00	9.51e-01	1.29e-05	1.19e-05
 4.54606e+20	9.53e-01	4.72e-02	9.04e-06	0.00e+00	0.00e+00	0.00e+00	0.00e+00	0.00e+00	0.00e+00	9.53e-01	1.27e-05	1.17e-05
 4.72322e+20	9.55e-01	4.55e-02	8.88e-06	0.00e+00	0.00e+00	0.00e+00	0.00e+00	0.00e+00	0.00e+00	9.55e-01	1.25e-05	1.15e-05
 4.90751e+20	9.56e-01	4.38e-02	8.74e-06	0.00e+00	0.00e+00	0.00e+00	0.00e+00	0.00e+00	0.00e+00	9.56e-01	1.24e-05	1.13e-05
 5.09665e+20	9.58e-01	4.21e-02	8.62e-06	0.00e+00	0.00e+00	0.00e+00	0.00e+00	0.00e+00	0.00e+00	9.58e-01	1.23e-05	1.12e-05
 5.29151e+20	9.59e-01	4.06e-02	8.51e-06	0.00e+00	0.00e+00	0.00e+00	0.00e+00	0.00e+00	0.00e+00	9.59e-01	1.21e-05	1.10e-05
 5.49341e+20	9.61e-01	3.91e-02	8.41e-06	0.00e+00	0.00e+00	0.00e+00	0.00e+00	0.00e+00	0.00e+00	9.61e-01	1.20e-05	1.08e-05
 5.70218e+20	9.62e-01	3.76e-02	8.33e-06	0.00e+00	0.00e+00	0.00e+00	0.00e+00	0.00e+00	0.00e+00	9.62e-01	1.19e-05	1.07e-05
 5.91814e+20	9.64e-01	3.63e-02	8.25e-06	0.00e+00	0.00e+00	0.00e+00	0.00e+00	0.00e+00	0.00e+00	9.64e-01	1.17e-05	1.05e-05
 6.14228e+20	9.65e-01	3.49e-02	8.19e-06	0.00e+00	0.00e+00	0.00e+00	0.00e+00	0.00e+00	0.00e+00	9.65e-01	1.16e-05	1.04e-05
 6.37454e+20	9.66e-01	3.36e-02	8.13e-06	0.00e+00	0.00e+00	0.00e+00	0.00e+00	0.00e+00	0.00e+00	9.66e-01	1.15e-05	1.03e-05
 6.61463e+20	9.68e-01	3.23e-02	8.07e-06	0.00e+00	0.00e+00	0.00e+00	0.00e+00	0.00e+00	0.00e+00	9.68e-01	1.14e-05	1.01e-05
 6.86255e+20	9.69e-01	3.11e-02	8.02e-06	0.00e+00	0.00e+00	0.00e+00	0.00e+00	0.00e+00	0.00e+00	9.69e-01	1.12e-05	1.00e-05
 7.11846e+20	9.70e-01	2.99e-02	7.98e-06	0.00e+00	0.00e+00	0.00e+00	0.00e+00	0.00e+00	0.00e+00	9.70e-01	1.11e-05	9.89e-06
 7.37788e+20	9.71e-01	2.88e-02	7.95e-06	0.00e+00	0.00e+00	0.00e+00	0.00e+00	0.00e+00	0.00e+00	9.71e-01	1.10e-05	9.77e-06
 7.63402e+20	9.72e-01	2.78e-02	7.92e-06	0.00e+00	0.00e+00	0.00e+00	0.00e+00	0.00e+00	0.00e+00	9.72e-01	1.09e-05	9.66e-06
 7.88539e+20	9.73e-01	2.68e-02	7.90e-06	0.00e+00	0.00e+00	0.00e+00	0.00e+00	0.00e+00	0.00e+00	9.73e-01	1.07e-05	9.56e-06
 8.13282e+20	9.74e-01	2.59e-02	7.88e-06	0.00e+00	0.00e+00	0.00e+00	0.00e+00	0.00e+00	0.00e+00	9.74e-01	1.06e-05	9.46e-06
 8.37541e+20	9.75e-01	2.51e-02	7.87e-06	0.00e+00	0.00e+00	0.00e+00	0.00e+00	0.00e+00	0.00e+00	9.75e-01	1.05e-05	9.37e-06
 8.61132e+20	9.76e-01	2.42e-02	7.86e-06	0.00e+00	0.00e+00	0.00e+00	0.00e+00	0.00e+00	0.00e+00	9.76e-01	1.04e-05	9.28e-06
 8.83918e+20	9.76e-01	2.35e-02	7.86e-06	0.00e+00	0.00e+00	0.00e+00	0.00e+00	0.00e+00	0.00e+00	9.76e-01	1.03e-05	9.20e-06
 9.05838e+20	9.77e-01	2.28e-02	7.86e-06	0.00e+00	0.00e+00	0.00e+00	0.00e+00	0.00e+00	0.00e+00	9.77e-01	1.02e-05	9.12e-06
 9.26833e+20	9.78e-01	2.21e-02	7.87e-06	0.00e+00	0.00e+00	0.00e+00	0.00e+00	0.00e+00	0.00e+00	9.78e-01	1.01e-05	9.05e-06
