#depth	O	O+	O+2	O+3	O+4	O+5	O+6	O+7	O+8	O[1]	O[2]	O[3]
 8.57120e+15	1.54e-03	1.59e-01	7.14e-01	1.22e-01	3.41e-03	1.29e-05	0.00e+00	0.00e+00	0.00e+00	1.54e-03	1.11e-07	1.25e-07
 5.14272e+16	1.53e-03	1.58e-01	7.14e-01	1.23e-01	3.41e-03	1.29e-05	0.00e+00	0.00e+00	0.00e+00	1.53e-03	1.11e-07	1.24e-07
 2.22851e+17	1.51e-03	1.56e-01	7.17e-01	1.22e-01	3.38e-03	1.28e-05	0.00e+00	0.00e+00	0.00e+00	1.51e-03	1.09e-07	1.22e-07
 9.08547e+17	1.46e-03	1.52e-01	7.24e-01	1.19e-01	3.22e-03	1.23e-05	0.00e+00	0.00e+00	0.00e+00	1.46e-03	1.05e-07	1.19e-07
 2.17023e+18	1.30e-03	1.41e-01	7.38e-01	1.17e-01	3.06e-03	1.20e-05	0.00e+00	0.00e+00	0.00e+00	1.30e-03	9.24e-08	1.05e-07
 3.81001e+18	1.20e-03	1.34e-01	7.51e-01	1.11e-01	2.80e-03	1.12e-05	0.00e+00	0.00e+00	0.00e+00	1.20e-03	8.47e-08	9.61e-08
 5.94134e+18	1.15e-03	1.30e-01	7.64e-01	1.02e-01	2.44e-03	9.89e-06	0.00e+00	0.00e+00	0.00e+00	1.15e-03	8.07e-08	9.17e-08
 8.71206e+18	1.17e-03	1.31e-01	7.76e-01	8.96e-02	2.01e-03	8.10e-06	0.00e+00	0.00e+00	0.00e+00	1.16e-03	8.12e-08	9.23e-08
 1.23140e+19	1.27e-03	1.38e-01	7.86e-01	7.31e-02	1.51e-03	5.95e-06	0.00e+00	0.00e+00	0.00e+00	1.27e-03	8.82e-08	1.00e-07
 1.69965e+19	1.53e-03	1.55e-01	7.89e-01	5.41e-02	1.00e-03	3.79e-06	0.00e+00	0.00e+00	0.00e+00	1.53e-03	1.06e-07	1.20e-07
 2.19286e+19	1.92e-03	1.77e-01	7.82e-01	3.84e-02	6.43e-04	2.28e-06	0.00e+00	0.00e+00	0.00e+00	1.92e-03	1.34e-07	1.51e-07
 2.59021e+19	2.40e-03	2.00e-01	7.69e-01	2.85e-02	4.43e-04	1.47e-06	0.00e+00	0.00e+00	0.00e+00	2.40e-03	1.68e-07	1.88e-07
 2.89563e+19	2.91e-03	2.21e-01	7.53e-01	2.23e-02	3.29e-04	1.02e-06	0.00e+00	0.00e+00	0.00e+00	2.91e-03	2.05e-07	2.28e-07
 3.15933e+19	3.48e-03	2.42e-01	7.36e-01	1.79e-02	2.55e-04	7.37e-07	0.00e+00	0.00e+00	0.00e+00	3.48e-03	2.46e-07	2.73e-07
 3.45165e+19	4.32e-03	2.69e-01	7.12e-01	1.38e-02	1.90e-04	5.02e-07	0.00e+00	0.00e+00	0.00e+00	4.32e-03	3.06e-07	3.39e-07
 3.75394e+19	5.39e-03	2.99e-01	6.85e-01	1.06e-02	1.43e-04	3.41e-07	0.00e+00	0.00e+00	0.00e+00	5.39e-03	3.84e-07	4.24e-07
 4.00208e+19	6.50e-03	3.26e-01	6.59e-01	8.45e-03	1.14e-04	2.46e-07	0.00e+00	0.00e+00	0.00e+00	6.50e-03	4.66e-07	5.13e-07
 4.22032e+19	7.76e-03	3.52e-01	6.33e-01	6.85e-03	9.26e-05	1.82e-07	0.00e+00	0.00e+00	0.00e+00	7.76e-03	5.57e-07	6.12e-07
 4.46678e+19	9.50e-03	3.85e-01	6.00e-01	5.34e-03	7.39e-05	1.29e-07	0.00e+00	0.00e+00	0.00e+00	9.49e-03	6.87e-07	7.52e-07
 4.73046e+19	1.18e-02	4.22e-01	5.62e-01	4.07e-03	5.88e-05	0.00e+00	0.00e+00	0.00e+00	0.00e+00	1.18e-02	8.61e-07	9.39e-07
 4.95617e+19	1.44e-02	4.56e-01	5.26e-01	3.18e-03	4.83e-05	0.00e+00	0.00e+00	0.00e+00	0.00e+00	1.44e-02	1.05e-06	1.15e-06
 5.15070e+19	1.71e-02	4.88e-01	4.93e-01	2.54e-03	4.08e-05	0.00e+00	0.00e+00	0.00e+00	0.00e+00	1.71e-02	1.26e-06	1.37e-06
 5.36503e+19	2.09e-02	5.25e-01	4.52e-01	1.94e-03	3.36e-05	0.00e+00	0.00e+00	0.00e+00	0.00e+00	2.09e-02	1.54e-06	1.67e-06
 5.59580e+19	2.60e-02	5.65e-01	4.08e-01	1.44e-03	2.74e-05	0.00e+00	0.00e+00	0.00e+00	0.00e+00	2.60e-02	1.92e-06	2.08e-06
 5.79664e+19	3.15e-02	6.00e-01	3.67e-01	1.08e-03	2.27e-05	0.00e+00	0.00e+00	0.00e+00	0.00e+00	3.15e-02	2.33e-06	2.52e-06
 5.97341e+19	3.75e-02	6.32e-01	3.30e-01	8.30e-04	1.91e-05	0.00e+00	0.00e+00	0.00e+00	0.00e+00	3.75e-02	2.78e-06	3.00e-06
 6.17018e+19	4.59e-02	6.66e-01	2.88e-01	5.99e-04	1.55e-05	0.00e+00	0.00e+00	0.00e+00	0.00e+00	4.59e-02	3.40e-06	3.66e-06
 6.38113e+19	5.68e-02	6.99e-01	2.44e-01	4.14e-04	1.22e-05	0.00e+00	0.00e+00	0.00e+00	0.00e+00	5.68e-02	4.19e-06	4.50e-06
 6.56072e+19	6.84e-02	7.23e-01	2.08e-01	2.96e-04	9.81e-06	0.00e+00	0.00e+00	0.00e+00	0.00e+00	6.84e-02	5.00e-06	5.37e-06
 6.70989e+19	8.01e-02	7.41e-01	1.79e-01	2.19e-04	8.03e-06	0.00e+00	0.00e+00	0.00e+00	0.00e+00	8.01e-02	5.80e-06	6.23e-06
 6.84578e+19	9.28e-02	7.53e-01	1.54e-01	1.63e-04	6.58e-06	0.00e+00	0.00e+00	0.00e+00	0.00e+00	9.27e-02	6.65e-06	7.14e-06
 6.97709e+19	1.07e-01	7.62e-01	1.31e-01	1.21e-04	5.35e-06	0.00e+00	0.00e+00	0.00e+00	0.00e+00	1.07e-01	7.59e-06	8.15e-06
 7.10244e+19	1.23e-01	7.66e-01	1.11e-01	8.95e-05	4.32e-06	0.00e+00	0.00e+00	0.00e+00	0.00e+00	1.23e-01	8.60e-06	9.22e-06
 7.21891e+19	1.39e-01	7.66e-01	9.42e-02	6.68e-05	3.49e-06	0.00e+00	0.00e+00	0.00e+00	0.00e+00	1.39e-01	9.65e-06	1.03e-05
 7.32652e+19	1.57e-01	7.63e-01	7.99e-02	5.04e-05	2.83e-06	0.00e+00	0.00e+00	0.00e+00	0.00e+00	1.57e-01	1.07e-05	1.15e-05
 7.42748e+19	1.75e-01	7.57e-01	6.77e-02	3.84e-05	2.29e-06	0.00e+00	0.00e+00	0.00e+00	0.00e+00	1.75e-01	1.18e-05	1.26e-05
 7.52443e+19	1.95e-01	7.48e-01	5.72e-02	2.93e-05	1.85e-06	0.00e+00	0.00e+00	0.00e+00	0.00e+00	1.95e-01	1.29e-05	1.38e-05
 7.61794e+19	2.16e-01	7.36e-01	4.81e-02	2.24e-05	1.49e-06	0.00e+00	0.00e+00	0.00e+00	0.00e+00	2.16e-01	1.40e-05	1.50e-05
 7.70665e+19	2.38e-01	7.22e-01	4.05e-02	1.74e-05	1.20e-06	0.00e+00	0.00e+00	0.00e+00	0.00e+00	2.37e-01	1.51e-05	1.62e-05
 7.79156e+19	2.59e-01	7.06e-01	3.41e-02	1.36e-05	9.67e-07	0.00e+00	0.00e+00	0.00e+00	0.00e+00	2.59e-01	1.61e-05	1.73e-05
 7.87531e+19	2.83e-01	6.89e-01	2.86e-02	1.06e-05	7.76e-07	0.00e+00	0.00e+00	0.00e+00	0.00e+00	2.83e-01	1.72e-05	1.84e-05
 7.95830e+19	3.07e-01	6.69e-01	2.39e-02	8.35e-06	6.20e-07	0.00e+00	0.00e+00	0.00e+00	0.00e+00	3.07e-01	1.82e-05	1.95e-05
 8.03991e+19	3.32e-01	6.49e-01	1.99e-02	6.59e-06	4.94e-07	0.00e+00	0.00e+00	0.00e+00	0.00e+00	3.31e-01	1.92e-05	2.05e-05
 8.12032e+19	3.57e-01	6.27e-01	1.65e-02	5.24e-06	3.92e-07	0.00e+00	0.00e+00	0.00e+00	0.00e+00	3.57e-01	2.01e-05	2.15e-05
 8.21233e+19	3.87e-01	6.00e-01	1.32e-02	4.04e-06	2.99e-07	0.00e+00	0.00e+00	0.00e+00	0.00e+00	3.87e-01	2.10e-05	2.25e-05
 8.30994e+19	4.19e-01	5.71e-01	1.03e-02	3.11e-06	2.24e-07	0.00e+00	0.00e+00	0.00e+00	0.00e+00	4.19e-01	2.19e-05	2.34e-05
 8.39385e+19	4.47e-01	5.45e-01	8.36e-03	2.49e-06	1.73e-07	0.00e+00	0.00e+00	0.00e+00	0.00e+00	4.47e-01	2.25e-05	2.41e-05
 8.47157e+19	4.74e-01	5.19e-01	6.80e-03	2.04e-06	1.36e-07	0.00e+00	0.00e+00	0.00e+00	0.00e+00	4.74e-01	2.31e-05	2.46e-05
 8.55237e+19	5.01e-01	4.93e-01	5.46e-03	1.67e-06	0.00e+00	0.00e+00	0.00e+00	0.00e+00	0.00e+00	5.01e-01	2.35e-05	2.51e-05
 8.63218e+19	5.28e-01	4.68e-01	4.40e-03	1.39e-06	0.00e+00	0.00e+00	0.00e+00	0.00e+00	0.00e+00	5.28e-01	2.38e-05	2.54e-05
 8.70510e+19	5.52e-01	4.45e-01	3.59e-03	1.18e-06	0.00e+00	0.00e+00	0.00e+00	0.00e+00	0.00e+00	5.52e-01	2.39e-05	2.55e-05
 8.77175e+19	5.73e-01	4.24e-01	2.98e-03	1.02e-06	0.00e+00	0.00e+00	0.00e+00	0.00e+00	0.00e+00	5.73e-01	2.39e-05	2.56e-05
 8.83451e+19	5.93e-01	4.04e-01	2.49e-03	8.96e-07	0.00e+00	0.00e+00	0.00e+00	0.00e+00	0.00e+00	5.93e-01	2.39e-05	2.55e-05
 8.88462e+19	6.08e-01	3.90e-01	2.17e-03	8.15e-07	0.00e+00	0.00e+00	0.00e+00	0.00e+00	0.00e+00	6.08e-01	2.38e-05	2.54e-05
 8.92107e+19	6.19e-01	3.79e-01	1.96e-03	7.60e-07	0.00e+00	0.00e+00	0.00e+00	0.00e+00	0.00e+00	6.19e-01	2.38e-05	2.54e-05
 8.95681e+19	6.30e-01	3.69e-01	1.76e-03	7.09e-07	0.00e+00	0.00e+00	0.00e+00	0.00e+00	0.00e+00	6.30e-01	2.37e-05	2.53e-05
 8.99653e+19	6.42e-01	3.57e-01	1.57e-03	6.57e-07	0.00e+00	0.00e+00	0.00e+00	0.00e+00	0.00e+00	6.42e-01	2.35e-05	2.51e-05
 9.03826e+19	6.53e-01	3.45e-01	1.39e-03	6.10e-07	0.00e+00	0.00e+00	0.00e+00	0.00e+00	0.00e+00	6.53e-01	2.34e-05	2.50e-05
 9.08037e+19	6.65e-01	3.34e-01	1.23e-03	5.66e-07	0.00e+00	0.00e+00	0.00e+00	0.00e+00	0.00e+00	6.65e-01	2.32e-05	2.48e-05
 9.12234e+19	6.77e-01	3.22e-01	1.08e-03	5.26e-07	0.00e+00	0.00e+00	0.00e+00	0.00e+00	0.00e+00	6.77e-01	2.30e-05	2.46e-05
 9.16336e+19	6.88e-01	3.11e-01	9.60e-04	4.91e-07	0.00e+00	0.00e+00	0.00e+00	0.00e+00	0.00e+00	6.88e-01	2.28e-05	2.43e-05
 9.20469e+19	6.98e-01	3.01e-01	8.50e-04	4.60e-07	0.00e+00	0.00e+00	0.00e+00	0.00e+00	0.00e+00	6.98e-01	2.26e-05	2.41e-05
 9.24739e+19	7.09e-01	2.90e-01	7.48e-04	4.29e-07	0.00e+00	0.00e+00	0.00e+00	0.00e+00	0.00e+00	7.09e-01	2.24e-05	2.38e-05
 9.29037e+19	7.20e-01	2.80e-01	6.60e-04	4.02e-07	0.00e+00	0.00e+00	0.00e+00	0.00e+00	0.00e+00	7.20e-01	2.21e-05	2.36e-05
 9.33366e+19	7.30e-01	2.70e-01	5.81e-04	3.76e-07	0.00e+00	0.00e+00	0.00e+00	0.00e+00	0.00e+00	7.30e-01	2.19e-05	2.33e-05
 9.37775e+19	7.40e-01	2.59e-01	5.11e-04	3.53e-07	0.00e+00	0.00e+00	0.00e+00	0.00e+00	0.00e+00	7.40e-01	2.16e-05	2.30e-05
 9.42172e+19	7.50e-01	2.50e-01	4.50e-04	3.31e-07	0.00e+00	0.00e+00	0.00e+00	0.00e+00	0.00e+00	7.50e-01	2.13e-05	2.27e-05
 9.46613e+19	7.59e-01	2.41e-01	3.96e-04	3.12e-07	0.00e+00	0.00e+00	0.00e+00	0.00e+00	0.00e+00	7.59e-01	2.10e-05	2.24e-05
 9.51192e+19	7.68e-01	2.31e-01	3.47e-04	2.93e-07	0.00e+00	0.00e+00	0.00e+00	0.00e+00	0.00e+00	7.68e-01	2.07e-05	2.20e-05
 9.55833e+19	7.77e-01	2.23e-01	3.05e-04	2.76e-07	0.00e+00	0.00e+00	0.00e+00	0.00e+00	0.00e+00	7.77e-01	2.04e-05	2.17e-05
 9.60555e+19	7.86e-01	2.14e-01	2.68e-04	2.60e-07	0.00e+00	0.00e+00	0.00e+00	0.00e+00	0.00e+00	7.86e-01	2.01e-05	2.14e-05
 9.65401e+19	7.94e-01	2.06e-01	2.35e-04	2.45e-07	0.00e+00	0.00e+00	0.00e+00	0.00e+00	0.00e+00	7.94e-01	1.98e-05	2.10e-05
 9.70298e+19	8.02e-01	1.98e-01	2.06e-04	2.32e-07	0.00e+00	0.00e+00	0.00e+00	0.00e+00	0.00e+00	8.02e-01	1.95e-05	2.07e-05
 9.75311e+19	8.10e-01	1.90e-01	1.81e-04	2.19e-07	0.00e+00	0.00e+00	0.00e+00	0.00e+00	0.00e+00	8.10e-01	1.92e-05	2.03e-05
 9.80509e+19	8.17e-01	1.82e-01	1.59e-04	2.07e-07	0.00e+00	0.00e+00	0.00e+00	0.00e+00	0.00e+00	8.17e-01	1.88e-05	2.00e-05
 9.85898e+19	8.25e-01	1.75e-01	1.39e-04	1.96e-07	0.00e+00	0.00e+00	0.00e+00	0.00e+00	0.00e+00	8.25e-01	1.85e-05	1.96e-05
 9.91479e+19	8.32e-01	1.68e-01	1.22e-04	1.85e-07	0.00e+00	0.00e+00	0.00e+00	0.00e+00	0.00e+00	8.32e-01	1.82e-05	1.93e-05
 9.97250e+19	8.38e-01	1.61e-01	1.08e-04	1.76e-07	0.00e+00	0.00e+00	0.00e+00	0.00e+00	0.00e+00	8.38e-01	1.79e-05	1.90e-05
 1.00315e+20	8.45e-01	1.55e-01	9.51e-05	1.67e-07	0.00e+00	0.00e+00	0.00e+00	0.00e+00	0.00e+00	8.45e-01	1.76e-05	1.86e-05
 1.00921e+20	8.51e-01	1.49e-01	8.44e-05	1.59e-07	0.00e+00	0.00e+00	0.00e+00	0.00e+00	0.00e+00	8.51e-01	1.73e-05	1.83e-05
 1.01552e+20	8.56e-01	1.44e-01	7.50e-05	1.51e-07	0.00e+00	0.00e+00	0.00e+00	0.00e+00	0.00e+00	8.56e-01	1.70e-05	1.80e-05
 1.02216e+20	8.61e-01	1.39e-01	6.70e-05	1.44e-07	0.00e+00	0.00e+00	0.00e+00	0.00e+00	0.00e+00	8.61e-01	1.68e-05	1.78e-05
 1.02915e+20	8.66e-01	1.33e-01	6.01e-05	1.38e-07	0.00e+00	0.00e+00	0.00e+00	0.00e+00	0.00e+00	8.66e-01	1.65e-05	1.75e-05
 1.03658e+20	8.71e-01	1.29e-01	5.41e-05	1.32e-07	0.00e+00	0.00e+00	0.00e+00	0.00e+00	0.00e+00	8.71e-01	1.63e-05	1.72e-05
 1.04458e+20	8.75e-01	1.25e-01	4.89e-05	1.27e-07	0.00e+00	0.00e+00	0.00e+00	0.00e+00	0.00e+00	8.75e-01	1.61e-05	1.69e-05
 1.05331e+20	8.79e-01	1.21e-01	4.44e-05	1.22e-07	0.00e+00	0.00e+00	0.00e+00	0.00e+00	0.00e+00	8.79e-01	1.58e-05	1.67e-05
 1.06295e+20	8.83e-01	1.17e-01	4.05e-05	0.00e+00	0.00e+00	0.00e+00	0.00e+00	0.00e+00	0.00e+00	8.83e-01	1.56e-05	1.65e-05
 1.07376e+20	8.87e-01	1.13e-01	3.71e-05	0.00e+00	0.00e+00	0.00e+00	0.00e+00	0.00e+00	0.00e+00	8.87e-01	1.54e-05	1.62e-05
 1.08599e+20	8.90e-01	1.10e-01	3.41e-05	0.00e+00	0.00e+00	0.00e+00	0.00e+00	0.00e+00	0.00e+00	8.90e-01	1.52e-05	1.60e-05
 1.09886e+20	8.93e-01	1.07e-01	3.18e-05	0.00e+00	0.00e+00	0.00e+00	0.00e+00	0.00e+00	0.00e+00	8.93e-01	1.50e-05	1.58e-05
 1.11157e+20	8.96e-01	1.04e-01	2.99e-05	0.00e+00	0.00e+00	0.00e+00	0.00e+00	0.00e+00	0.00e+00	8.96e-01	1.49e-05	1.57e-05
 1.12611e+20	8.98e-01	1.02e-01	2.82e-05	0.00e+00	0.00e+00	0.00e+00	0.00e+00	0.00e+00	0.00e+00	8.98e-01	1.47e-05	1.55e-05
 1.14501e+20	9.01e-01	9.91e-02	2.64e-05	0.00e+00	0.00e+00	0.00e+00	0.00e+00	0.00e+00	0.00e+00	9.01e-01	1.46e-05	1.53e-05
 1.16958e+20	9.04e-01	9.61e-02	2.45e-05	0.00e+00	0.00e+00	0.00e+00	0.00e+00	0.00e+00	0.00e+00	9.04e-01	1.44e-05	1.51e-05
 1.20015e+20	9.07e-01	9.29e-02	2.27e-05	0.00e+00	0.00e+00	0.00e+00	0.00e+00	0.00e+00	0.00e+00	9.07e-01	1.42e-05	1.49e-05
 1.23517e+20	9.10e-01	8.96e-02	2.10e-05	0.00e+00	0.00e+00	0.00e+00	0.00e+00	0.00e+00	0.00e+00	9.10e-01	1.40e-05	1.47e-05
 1.27295e+20	9.14e-01	8.64e-02	1.95e-05	0.00e+00	0.00e+00	0.00e+00	0.00e+00	0.00e+00	0.00e+00	9.14e-01	1.37e-05	1.44e-05
 1.31294e+20	9.17e-01	8.33e-02	1.81e-05	0.00e+00	0.00e+00	0.00e+00	0.00e+00	0.00e+00	0.00e+00	9.17e-01	1.35e-05	1.41e-05
 1.35490e+20	9.20e-01	8.02e-02	1.69e-05	0.00e+00	0.00e+00	0.00e+00	0.00e+00	0.00e+00	0.00e+00	9.20e-01	1.33e-05	1.38e-05
 1.39837e+20	9.23e-01	7.73e-02	1.59e-05	0.00e+00	0.00e+00	0.00e+00	0.00e+00	0.00e+00	0.00e+00	9.23e-01	1.31e-05	1.35e-05
 1.44329e+20	9.26e-01	7.44e-02	1.49e-05	0.00e+00	0.00e+00	0.00e+00	0.00e+00	0.00e+00	0.00e+00	9.26e-01	1.29e-05	1.32e-05
 1.49023e+20	9.28e-01	7.16e-02	1.41e-05	0.00e+00	0.00e+00	0.00e+00	0.00e+00	0.00e+00	0.00e+00	9.28e-01	1.27e-05	1.30e-05
 1.53899e+20	9.31e-01	6.90e-02	1.33e-05	0.00e+00	0.00e+00	0.00e+00	0.00e+00	0.00e+00	0.00e+00	9.31e-01	1.25e-05	1.27e-05
 1.58901e+20	9.34e-01	6.64e-02	1.26e-05	0.00e+00	0.00e+00	0.00e+00	0.00e+00	0.00e+00	0.00e+00	9.34e-01	1.23e-05	1.24e-05
 1.64051e+20	9.36e-01	6.40e-02	1.20e-05	0.00e+00	0.00e+00	0.00e+00	0.00e+00	0.00e+00	0.00e+00	9.36e-01	1.21e-05	1.22e-05
 1.69381e+20	9.38e-01	6.16e-02	1.15e-05	0.00e+00	0.00e+00	0.00e+00	0.00e+00	0.00e+00	0.00e+00	9.38e-01	1.19e-05	1.20e-05
 1.74875e+20	9.41e-01	5.94e-02	1.10e-05	0.00e+00	0.00e+00	0.00e+00	0.00e+00	0.00e+00	0.00e+00	9.41e-01	1.17e-05	1.18e-05
 1.80551e+20	9.43e-01	5.72e-02	1.06e-05	0.00e+00	0.00e+00	0.00e+00	0.00e+00	0.00e+00	0.00e+00	9.43e-01	1.16e-05	1.16e-05
 1.86449e+20	9.45e-01	5.50e-02	1.03e-05	0.00e+00	0.00e+00	0.00e+00	0.00e+00	0.00e+00	0.00e+00	9.45e-01	1.14e-05	1.13e-05
 1.92550e+20	9.47e-01	5.30e-02	9.94e-06	0.00e+00	0.00e+00	0.00e+00	0.00e+00	0.00e+00	0.00e+00	9.47e-01	1.13e-05	1.12e-05
 1.98830e+20	9.49e-01	5.10e-02	9.65e-06	0.00e+00	0.00e+00	0.00e+00	0.00e+00	0.00e+00	0.00e+00	9.49e-01	1.11e-05	1.10e-05
 2.05286e+20	9.51e-01	4.91e-02	9.40e-06	0.00e+00	0.00e+00	0.00e+00	0.00e+00	0.00e+00	0.00e+00	9.51e-01	1.10e-05	1.08e-05
 2.11838e+20	9.53e-01	4.73e-02	9.18e-06	0.00e+00	0.00e+00	0.00e+00	0.00e+00	0.00e+00	0.00e+00	9.53e-01	1.08e-05	1.06e-05
 2.18328e+20	9.54e-01	4.56e-02	9.00e-06	0.00e+00	0.00e+00	0.00e+00	0.00e+00	0.00e+00	0.00e+00	9.54e-01	1.07e-05	1.04e-05
 2.24684e+20	9.56e-01	4.40e-02	8.85e-06	0.00e+00	0.00e+00	0.00e+00	0.00e+00	0.00e+00	0.00e+00	9.56e-01	1.05e-05	1.03e-05
 2.30908e+20	9.57e-01	4.25e-02	8.73e-06	0.00e+00	0.00e+00	0.00e+00	0.00e+00	0.00e+00	0.00e+00	9.57e-01	1.04e-05	1.01e-05
 2.36989e+20	9.59e-01	4.11e-02	8.63e-06	0.00e+00	0.00e+00	0.00e+00	0.00e+00	0.00e+00	0.00e+00	9.59e-01	1.03e-05	1.00e-05
 2.42897e+20	9.60e-01	3.99e-02	8.55e-06	0.00e+00	0.00e+00	0.00e+00	0.00e+00	0.00e+00	0.00e+00	9.60e-01	1.02e-05	9.89e-06
 2.48606e+20	9.61e-01	3.87e-02	8.49e-06	0.00e+00	0.00e+00	0.00e+00	0.00e+00	0.00e+00	0.00e+00	9.61e-01	1.01e-05	9.77e-06
 2.54097e+20	9.62e-01	3.75e-02	8.44e-06	0.00e+00	0.00e+00	0.00e+00	0.00e+00	0.00e+00	0.00e+00	9.62e-01	9.95e-06	9.66e-06
 2.59359e+20	9.63e-01	3.65e-02	8.41e-06	0.00e+00	0.00e+00	0.00e+00	0.00e+00	0.00e+00	0.00e+00	9.63e-01	9.85e-06	9.55e-06
