#depth	O	O+	O+2	O+3	O+4	O+5	O+6	O+7	O+8	O[1]	O[2]	O[3]
 1.08578e+17	1.47e-07	2.87e-04	5.19e-02	5.02e-01	3.69e-01	6.96e-02	7.00e-03	3.29e-06	0.00e+00	1.47e-07	1.14e-11	1.25e-11
 6.51468e+17	1.46e-07	2.86e-04	5.20e-02	5.02e-01	3.69e-01	6.96e-02	6.99e-03	3.29e-06	0.00e+00	1.46e-07	1.13e-11	1.25e-11
 2.82303e+18	1.43e-07	2.84e-04	5.25e-02	5.03e-01	3.68e-01	6.93e-02	6.97e-03	3.28e-06	0.00e+00	1.43e-07	1.11e-11	1.22e-11
 1.15093e+19	1.34e-07	2.76e-04	5.47e-02	5.06e-01	3.64e-01	6.82e-02	6.85e-03	3.24e-06	0.00e+00	1.34e-07	1.04e-11	1.15e-11
 2.74919e+19	1.10e-07	2.54e-04	5.75e-02	5.10e-01	3.58e-01	6.70e-02	6.80e-03	3.25e-06	0.00e+00	1.10e-07	8.52e-12	9.38e-12
 4.82694e+19	9.85e-08	2.48e-04	6.17e-02	5.16e-01	3.50e-01	6.50e-02	6.63e-03	3.20e-06	0.00e+00	9.85e-08	7.64e-12	8.41e-12
 7.52801e+19	9.36e-08	2.53e-04	6.80e-02	5.23e-01	3.40e-01	6.22e-02	6.35e-03	3.09e-06	0.00e+00	9.36e-08	7.25e-12	7.99e-12
 1.10394e+20	9.49e-08	2.72e-04	7.77e-02	5.31e-01	3.26e-01	5.84e-02	5.92e-03	2.90e-06	0.00e+00	9.49e-08	7.35e-12	8.10e-12
 1.56042e+20	1.05e-07	3.15e-04	9.37e-02	5.41e-01	3.07e-01	5.30e-02	5.33e-03	2.62e-06	0.00e+00	1.05e-07	8.15e-12	8.97e-12
 2.03028e+20	1.18e-07	3.71e-04	1.15e-01	5.48e-01	2.85e-01	4.73e-02	4.72e-03	2.35e-06	0.00e+00	1.18e-07	9.14e-12	1.01e-11
 2.40298e+20	1.36e-07	4.41e-04	1.37e-01	5.51e-01	2.65e-01	4.22e-02	4.20e-03	2.12e-06	0.00e+00	1.36e-07	1.06e-11	1.17e-11
 2.70361e+20	1.62e-07	5.26e-04	1.61e-01	5.51e-01	2.46e-01	3.78e-02	3.73e-03	1.89e-06	0.00e+00	1.62e-07	1.26e-11	1.38e-11
 2.97910e+20	1.96e-07	6.34e-04	1.88e-01	5.49e-01	2.26e-01	3.34e-02	3.27e-03	1.67e-06	0.00e+00	1.96e-07	1.52e-11	1.67e-11
 3.24717e+20	2.40e-07	7.71e-04	2.20e-01	5.42e-01	2.05e-01	2.90e-02	2.80e-03	1.45e-06	0.00e+00	2.40e-07	1.87e-11	2.05e-11
 3.48266e+20	2.86e-07	9.15e-04	2.54e-01	5.32e-01	1.85e-01	2.50e-02	2.40e-03	1.25e-06	0.00e+00	2.86e-07	2.23e-11	2.45e-11
 3.67609e+20	3.40e-07	1.07e-03	2.87e-01	5.21e-01	1.67e-01	2.17e-02	2.06e-03	1.08e-06	0.00e+00	3.40e-07	2.65e-11	2.90e-11
 3.85216e+20	3.97e-07	1.24e-03	3.21e-01	5.07e-01	1.50e-01	1.88e-02	1.75e-03	9.32e-07	0.00e+00	3.97e-07	3.10e-11	3.39e-11
 4.04946e+20	4.82e-07	1.47e-03	3.63e-01	4.88e-01	1.30e-01	1.55e-02	1.42e-03	7.60e-07	0.00e+00	4.82e-07	3.76e-11	4.12e-11
 4.25128e+20	5.78e-07	1.74e-03	4.10e-01	4.64e-01	1.11e-01	1.25e-02	1.12e-03	6.05e-07	0.00e+00	5.78e-07	4.52e-11	4.94e-11
 4.41618e+20	6.66e-07	1.97e-03	4.50e-01	4.41e-01	9.53e-02	1.02e-02	8.98e-04	4.89e-07	0.00e+00	6.66e-07	5.20e-11	5.70e-11
 4.58775e+20	7.88e-07	2.28e-03	4.96e-01	4.14e-01	7.94e-02	8.08e-03	6.88e-04	3.77e-07	0.00e+00	7.88e-07	6.15e-11	6.74e-11
 4.77148e+20	9.19e-07	2.60e-03	5.43e-01	3.83e-01	6.45e-02	6.19e-03	5.10e-04	2.80e-07	0.00e+00	9.19e-07	7.17e-11	7.86e-11
 4.93856e+20	1.05e-06	2.91e-03	5.86e-01	3.54e-01	5.24e-02	4.76e-03	3.79e-04	2.08e-07	0.00e+00	1.05e-06	8.20e-11	8.99e-11
 5.08369e+20	1.17e-06	3.19e-03	6.22e-01	3.28e-01	4.34e-02	3.75e-03	2.89e-04	1.59e-07	0.00e+00	1.17e-06	9.14e-11	1.00e-10
 5.21069e+20	1.30e-06	3.45e-03	6.52e-01	3.05e-01	3.64e-02	3.01e-03	2.25e-04	0.00e+00	0.00e+00	1.30e-06	1.01e-10	1.11e-10
 5.35376e+20	1.45e-06	3.77e-03	6.86e-01	2.79e-01	2.96e-02	2.32e-03	1.66e-04	0.00e+00	0.00e+00	1.45e-06	1.13e-10	1.24e-10
 5.51127e+20	1.63e-06	4.09e-03	7.19e-01	2.52e-01	2.36e-02	1.75e-03	1.20e-04	0.00e+00	0.00e+00	1.63e-06	1.26e-10	1.39e-10
 5.64015e+20	1.77e-06	4.34e-03	7.43e-01	2.32e-01	1.97e-02	1.40e-03	9.27e-05	0.00e+00	0.00e+00	1.77e-06	1.37e-10	1.51e-10
 5.74065e+20	1.89e-06	4.56e-03	7.61e-01	2.16e-01	1.70e-02	1.17e-03	7.53e-05	0.00e+00	0.00e+00	1.89e-06	1.46e-10	1.61e-10
 5.85166e+20	2.05e-06	4.81e-03	7.80e-01	2.00e-01	1.44e-02	9.56e-04	5.93e-05	0.00e+00	0.00e+00	2.05e-06	1.58e-10	1.75e-10
 5.99596e+20	2.27e-06	5.14e-03	8.03e-01	1.80e-01	1.16e-02	7.38e-04	4.37e-05	0.00e+00	0.00e+00	2.27e-06	1.75e-10	1.94e-10
 6.14461e+20	2.49e-06	5.45e-03	8.22e-01	1.62e-01	9.48e-03	5.79e-04	3.27e-05	0.00e+00	0.00e+00	2.49e-06	1.92e-10	2.13e-10
 6.27336e+20	2.70e-06	5.73e-03	8.38e-01	1.48e-01	7.98e-03	4.72e-04	2.56e-05	0.00e+00	0.00e+00	2.70e-06	2.08e-10	2.31e-10
 6.41518e+20	2.97e-06	6.05e-03	8.54e-01	1.33e-01	6.59e-03	3.77e-04	1.95e-05	0.00e+00	0.00e+00	2.97e-06	2.28e-10	2.53e-10
 6.59955e+20	3.35e-06	6.47e-03	8.71e-01	1.17e-01	5.21e-03	2.86e-04	1.40e-05	0.00e+00	0.00e+00	3.35e-06	2.57e-10	2.86e-10
 6.79507e+20	3.76e-06	6.88e-03	8.87e-01	1.02e-01	4.19e-03	2.22e-04	1.02e-05	0.00e+00	0.00e+00	3.76e-06	2.88e-10	3.20e-10
 6.97697e+20	4.18e-06	7.27e-03	8.99e-01	9.05e-02	3.46e-03	1.78e-04	7.77e-06	0.00e+00	0.00e+00	4.18e-06	3.20e-10	3.57e-10
 7.18533e+20	4.75e-06	7.74e-03	9.11e-01	7.87e-02	2.83e-03	1.39e-04	5.76e-06	0.00e+00	0.00e+00	4.75e-06	3.63e-10	4.05e-10
 7.45620e+20	5.59e-06	8.36e-03	9.23e-01	6.61e-02	2.25e-03	1.05e-04	4.06e-06	0.00e+00	0.00e+00	5.59e-06	4.26e-10	4.77e-10
 7.80135e+20	6.85e-06	9.17e-03	9.35e-01	5.37e-02	1.78e-03	7.69e-05	2.78e-06	0.00e+00	0.00e+00	6.85e-06	5.21e-10	5.84e-10
 8.17599e+20	8.51e-06	1.01e-02	9.45e-01	4.36e-02	1.46e-03	5.74e-05	1.97e-06	0.00e+00	0.00e+00	8.51e-06	6.46e-10	7.25e-10
 8.58915e+20	1.10e-05	1.12e-02	9.53e-01	3.49e-02	1.23e-03	4.25e-05	1.42e-06	0.00e+00	0.00e+00	1.10e-05	8.30e-10	9.34e-10
 9.11945e+20	1.54e-05	1.29e-02	9.59e-01	2.66e-02	1.06e-03	2.98e-05	1.00e-06	0.00e+00	0.00e+00	1.54e-05	1.17e-09	1.31e-09
 9.63995e+20	2.22e-05	1.49e-02	9.63e-01	2.09e-02	9.52e-04	2.16e-05	7.56e-07	0.00e+00	0.00e+00	2.22e-05	1.67e-09	1.89e-09
 1.00121e+21	2.98e-05	1.68e-02	9.65e-01	1.75e-02	8.99e-04	1.71e-05	6.24e-07	0.00e+00	0.00e+00	2.98e-05	2.24e-09	2.53e-09
 1.02964e+21	3.80e-05	1.86e-02	9.65e-01	1.52e-02	8.64e-04	1.42e-05	5.39e-07	0.00e+00	0.00e+00	3.80e-05	2.86e-09	3.24e-09
 1.06020e+21	5.07e-05	2.10e-02	9.65e-01	1.29e-02	8.30e-04	1.14e-05	4.58e-07	0.00e+00	0.00e+00	5.07e-05	3.82e-09	4.32e-09
 1.09352e+21	7.12e-05	2.43e-02	9.64e-01	1.08e-02	8.00e-04	8.92e-06	3.83e-07	0.00e+00	0.00e+00	7.12e-05	5.35e-09	6.06e-09
 1.12226e+21	9.88e-05	2.81e-02	9.62e-01	9.19e-03	7.74e-04	7.09e-06	3.24e-07	0.00e+00	0.00e+00	9.88e-05	7.42e-09	8.40e-09
 1.14550e+21	1.32e-04	3.20e-02	9.59e-01	7.97e-03	7.55e-04	5.80e-06	2.80e-07	0.00e+00	0.00e+00	1.32e-04	9.92e-09	1.12e-08
 1.16300e+21	1.67e-04	3.56e-02	9.56e-01	7.12e-03	7.40e-04	4.94e-06	2.49e-07	0.00e+00	0.00e+00	1.67e-04	1.26e-08	1.42e-08
 1.17561e+21	2.01e-04	3.88e-02	9.54e-01	6.53e-03	7.29e-04	4.37e-06	2.28e-07	0.00e+00	0.00e+00	2.01e-04	1.51e-08	1.70e-08
 1.18867e+21	2.46e-04	4.26e-02	9.50e-01	5.92e-03	7.16e-04	3.80e-06	2.06e-07	0.00e+00	0.00e+00	2.46e-04	1.84e-08	2.08e-08
 1.20303e+21	3.10e-04	4.76e-02	9.46e-01	5.30e-03	7.02e-04	3.24e-06	1.84e-07	0.00e+00	0.00e+00	3.10e-04	2.32e-08	2.63e-08
 1.21563e+21	3.84e-04	5.28e-02	9.41e-01	4.78e-03	6.89e-04	2.80e-06	1.65e-07	0.00e+00	0.00e+00	3.84e-04	2.89e-08	3.26e-08
 1.22608e+21	4.65e-04	5.79e-02	9.37e-01	4.37e-03	6.78e-04	2.46e-06	1.50e-07	0.00e+00	0.00e+00	4.65e-04	3.49e-08	3.94e-08
 1.23570e+21	5.60e-04	6.33e-02	9.31e-01	4.00e-03	6.67e-04	2.17e-06	1.36e-07	0.00e+00	0.00e+00	5.59e-04	4.21e-08	4.74e-08
 1.24670e+21	7.02e-04	7.08e-02	9.24e-01	3.59e-03	6.52e-04	1.86e-06	0.00e+00	0.00e+00	0.00e+00	7.02e-04	5.29e-08	5.94e-08
 1.25780e+21	8.90e-04	7.96e-02	9.16e-01	3.20e-03	6.37e-04	1.58e-06	0.00e+00	0.00e+00	0.00e+00	8.89e-04	6.72e-08	7.52e-08
 1.26634e+21	1.08e-03	8.77e-02	9.08e-01	2.92e-03	6.24e-04	1.38e-06	0.00e+00	0.00e+00	0.00e+00	1.08e-03	8.17e-08	9.11e-08
 1.27343e+21	1.28e-03	9.55e-02	9.00e-01	2.69e-03	6.12e-04	1.23e-06	0.00e+00	0.00e+00	0.00e+00	1.28e-03	9.72e-08	1.08e-07
 1.28132e+21	1.57e-03	1.06e-01	8.90e-01	2.43e-03	5.98e-04	1.07e-06	0.00e+00	0.00e+00	0.00e+00	1.57e-03	1.19e-07	1.32e-07
 1.28976e+21	1.96e-03	1.18e-01	8.77e-01	2.18e-03	5.81e-04	9.14e-07	0.00e+00	0.00e+00	0.00e+00	1.96e-03	1.50e-07	1.65e-07
 1.29693e+21	2.39e-03	1.31e-01	8.64e-01	1.97e-03	5.65e-04	7.94e-07	0.00e+00	0.00e+00	0.00e+00	2.39e-03	1.84e-07	2.00e-07
 1.30306e+21	2.85e-03	1.43e-01	8.52e-01	1.80e-03	5.50e-04	6.99e-07	0.00e+00	0.00e+00	0.00e+00	2.85e-03	2.21e-07	2.39e-07
 1.30977e+21	3.51e-03	1.59e-01	8.35e-01	1.61e-03	5.32e-04	6.00e-07	0.00e+00	0.00e+00	0.00e+00	3.51e-03	2.75e-07	2.94e-07
 1.31684e+21	4.39e-03	1.78e-01	8.16e-01	1.43e-03	5.11e-04	5.09e-07	0.00e+00	0.00e+00	0.00e+00	4.39e-03	3.48e-07	3.67e-07
 1.32273e+21	5.34e-03	1.96e-01	7.97e-01	1.29e-03	4.91e-04	4.38e-07	0.00e+00	0.00e+00	0.00e+00	5.34e-03	4.29e-07	4.46e-07
 1.32776e+21	6.36e-03	2.14e-01	7.78e-01	1.17e-03	4.73e-04	3.83e-07	0.00e+00	0.00e+00	0.00e+00	6.36e-03	5.17e-07	5.30e-07
 1.33332e+21	7.81e-03	2.37e-01	7.54e-01	1.04e-03	4.50e-04	3.25e-07	0.00e+00	0.00e+00	0.00e+00	7.81e-03	6.46e-07	6.49e-07
 1.33921e+21	9.74e-03	2.64e-01	7.25e-01	9.11e-04	4.24e-04	2.71e-07	0.00e+00	0.00e+00	0.00e+00	9.74e-03	8.20e-07	8.07e-07
 1.34420e+21	1.18e-02	2.90e-01	6.97e-01	8.10e-04	4.01e-04	2.30e-07	0.00e+00	0.00e+00	0.00e+00	1.18e-02	1.01e-06	9.74e-07
 1.34853e+21	1.41e-02	3.16e-01	6.69e-01	7.24e-04	3.78e-04	1.97e-07	0.00e+00	0.00e+00	0.00e+00	1.41e-02	1.22e-06	1.16e-06
 1.35338e+21	1.73e-02	3.48e-01	6.34e-01	6.31e-04	3.51e-04	1.62e-07	0.00e+00	0.00e+00	0.00e+00	1.73e-02	1.54e-06	1.42e-06
 1.35851e+21	2.15e-02	3.85e-01	5.93e-01	5.41e-04	3.20e-04	1.31e-07	0.00e+00	0.00e+00	0.00e+00	2.15e-02	1.95e-06	1.75e-06
 1.36286e+21	2.61e-02	4.19e-01	5.54e-01	4.69e-04	2.92e-04	0.00e+00	0.00e+00	0.00e+00	0.00e+00	2.61e-02	2.40e-06	2.11e-06
 1.36667e+21	3.10e-02	4.51e-01	5.17e-01	4.10e-04	2.66e-04	0.00e+00	0.00e+00	0.00e+00	0.00e+00	3.10e-02	2.90e-06	2.50e-06
 1.37092e+21	3.80e-02	4.90e-01	4.71e-01	3.46e-04	2.35e-04	0.00e+00	0.00e+00	0.00e+00	0.00e+00	3.80e-02	3.61e-06	3.04e-06
 1.37509e+21	4.61e-02	5.28e-01	4.25e-01	2.92e-04	2.06e-04	0.00e+00	0.00e+00	0.00e+00	0.00e+00	4.61e-02	4.44e-06	3.67e-06
 1.37814e+21	5.31e-02	5.56e-01	3.90e-01	2.56e-04	1.85e-04	0.00e+00	0.00e+00	0.00e+00	0.00e+00	5.31e-02	5.15e-06	4.20e-06
 1.38110e+21	6.17e-02	5.85e-01	3.53e-01	2.21e-04	1.62e-04	0.00e+00	0.00e+00	0.00e+00	0.00e+00	6.16e-02	6.02e-06	4.84e-06
 1.38433e+21	7.21e-02	6.14e-01	3.13e-01	1.88e-04	1.40e-04	0.00e+00	0.00e+00	0.00e+00	0.00e+00	7.21e-02	7.07e-06	5.61e-06
 1.38719e+21	8.31e-02	6.39e-01	2.78e-01	1.61e-04	1.20e-04	0.00e+00	0.00e+00	0.00e+00	0.00e+00	8.31e-02	8.16e-06	6.41e-06
 1.38969e+21	9.39e-02	6.59e-01	2.47e-01	1.40e-04	1.04e-04	0.00e+00	0.00e+00	0.00e+00	0.00e+00	9.39e-02	9.22e-06	7.18e-06
 1.39244e+21	1.08e-01	6.79e-01	2.13e-01	1.19e-04	8.63e-05	0.00e+00	0.00e+00	0.00e+00	0.00e+00	1.08e-01	1.06e-05	8.17e-06
 1.39536e+21	1.25e-01	6.95e-01	1.80e-01	9.93e-05	6.98e-05	0.00e+00	0.00e+00	0.00e+00	0.00e+00	1.25e-01	1.22e-05	9.32e-06
 1.39785e+21	1.41e-01	7.06e-01	1.53e-01	8.48e-05	5.74e-05	0.00e+00	0.00e+00	0.00e+00	0.00e+00	1.41e-01	1.36e-05	1.04e-05
 1.40007e+21	1.58e-01	7.12e-01	1.30e-01	7.31e-05	4.71e-05	0.00e+00	0.00e+00	0.00e+00	0.00e+00	1.58e-01	1.51e-05	1.15e-05
 1.40258e+21	1.79e-01	7.14e-01	1.06e-01	6.12e-05	3.67e-05	0.00e+00	0.00e+00	0.00e+00	0.00e+00	1.79e-01	1.70e-05	1.28e-05
 1.40527e+21	2.04e-01	7.11e-01	8.40e-02	5.06e-05	2.76e-05	0.00e+00	0.00e+00	0.00e+00	0.00e+00	2.04e-01	1.90e-05	1.43e-05
 1.40762e+21	2.30e-01	7.03e-01	6.68e-02	4.25e-05	2.09e-05	0.00e+00	0.00e+00	0.00e+00	0.00e+00	2.30e-01	2.10e-05	1.57e-05
 1.40974e+21	2.55e-01	6.92e-01	5.33e-02	3.63e-05	1.59e-05	0.00e+00	0.00e+00	0.00e+00	0.00e+00	2.55e-01	2.29e-05	1.70e-05
 1.41211e+21	2.87e-01	6.73e-01	4.03e-02	3.02e-05	1.14e-05	0.00e+00	0.00e+00	0.00e+00	0.00e+00	2.87e-01	2.50e-05	1.85e-05
 1.41451e+21	3.21e-01	6.49e-01	2.99e-02	2.51e-05	7.96e-06	0.00e+00	0.00e+00	0.00e+00	0.00e+00	3.21e-01	2.71e-05	2.01e-05
 1.41637e+21	3.51e-01	6.26e-01	2.32e-02	2.16e-05	5.88e-06	0.00e+00	0.00e+00	0.00e+00	0.00e+00	3.51e-01	2.88e-05	2.12e-05
 1.41788e+21	3.76e-01	6.05e-01	1.87e-02	1.91e-05	4.55e-06	0.00e+00	0.00e+00	0.00e+00	0.00e+00	3.76e-01	3.00e-05	2.21e-05
 1.41947e+21	4.05e-01	5.81e-01	1.45e-02	1.67e-05	3.39e-06	0.00e+00	0.00e+00	0.00e+00	0.00e+00	4.05e-01	3.13e-05	2.30e-05
 1.42117e+21	4.37e-01	5.52e-01	1.10e-02	1.45e-05	2.46e-06	0.00e+00	0.00e+00	0.00e+00	0.00e+00	4.37e-01	3.25e-05	2.39e-05
 1.42272e+21	4.67e-01	5.25e-01	8.47e-03	1.27e-05	1.81e-06	0.00e+00	0.00e+00	0.00e+00	0.00e+00	4.67e-01	3.34e-05	2.45e-05
 1.42410e+21	4.95e-01	4.99e-01	6.60e-03	1.12e-05	1.36e-06	0.00e+00	0.00e+00	0.00e+00	0.00e+00	4.95e-01	3.41e-05	2.50e-05
 1.42538e+21	5.21e-01	4.74e-01	5.20e-03	1.00e-05	1.03e-06	0.00e+00	0.00e+00	0.00e+00	0.00e+00	5.21e-01	3.46e-05	2.53e-05
 1.42656e+21	5.46e-01	4.50e-01	4.13e-03	9.02e-06	7.93e-07	0.00e+00	0.00e+00	0.00e+00	0.00e+00	5.46e-01	3.49e-05	2.55e-05
 1.42767e+21	5.69e-01	4.28e-01	3.31e-03	8.15e-06	6.17e-07	0.00e+00	0.00e+00	0.00e+00	0.00e+00	5.69e-01	3.50e-05	2.56e-05
 1.42869e+21	5.90e-01	4.07e-01	2.69e-03	7.42e-06	4.87e-07	0.00e+00	0.00e+00	0.00e+00	0.00e+00	5.90e-01	3.51e-05	2.56e-05
 1.42947e+21	6.06e-01	3.92e-01	2.30e-03	6.93e-06	4.10e-07	0.00e+00	0.00e+00	0.00e+00	0.00e+00	6.06e-01	3.50e-05	2.56e-05
 1.43000e+21	6.17e-01	3.81e-01	2.06e-03	6.60e-06	3.62e-07	0.00e+00	0.00e+00	0.00e+00	0.00e+00	6.17e-01	3.50e-05	2.55e-05
 1.43051e+21	6.28e-01	3.71e-01	1.84e-03	6.29e-06	3.20e-07	0.00e+00	0.00e+00	0.00e+00	0.00e+00	6.28e-01	3.49e-05	2.55e-05
 1.43108e+21	6.40e-01	3.58e-01	1.62e-03	5.94e-06	2.78e-07	0.00e+00	0.00e+00	0.00e+00	0.00e+00	6.40e-01	3.48e-05	2.53e-05
 1.43168e+21	6.52e-01	3.46e-01	1.42e-03	5.61e-06	2.40e-07	0.00e+00	0.00e+00	0.00e+00	0.00e+00	6.52e-01	3.46e-05	2.52e-05
 1.43227e+21	6.64e-01	3.35e-01	1.25e-03	5.31e-06	2.08e-07	0.00e+00	0.00e+00	0.00e+00	0.00e+00	6.64e-01	3.44e-05	2.50e-05
 1.43284e+21	6.76e-01	3.23e-01	1.10e-03	5.02e-06	1.81e-07	0.00e+00	0.00e+00	0.00e+00	0.00e+00	6.76e-01	3.41e-05	2.49e-05
 1.43341e+21	6.87e-01	3.12e-01	9.71e-04	4.76e-06	1.57e-07	0.00e+00	0.00e+00	0.00e+00	0.00e+00	6.87e-01	3.39e-05	2.47e-05
 1.43397e+21	6.98e-01	3.01e-01	8.54e-04	4.50e-06	1.37e-07	0.00e+00	0.00e+00	0.00e+00	0.00e+00	6.98e-01	3.36e-05	2.44e-05
 1.43453e+21	7.09e-01	2.90e-01	7.54e-04	4.27e-06	0.00e+00	0.00e+00	0.00e+00	0.00e+00	0.00e+00	7.09e-01	3.33e-05	2.42e-05
 1.43509e+21	7.19e-01	2.80e-01	6.65e-04	4.04e-06	0.00e+00	0.00e+00	0.00e+00	0.00e+00	0.00e+00	7.19e-01	3.29e-05	2.39e-05
 1.43565e+21	7.30e-01	2.70e-01	5.88e-04	3.83e-06	0.00e+00	0.00e+00	0.00e+00	0.00e+00	0.00e+00	7.30e-01	3.26e-05	2.37e-05
 1.43621e+21	7.40e-01	2.59e-01	5.19e-04	3.62e-06	0.00e+00	0.00e+00	0.00e+00	0.00e+00	0.00e+00	7.40e-01	3.22e-05	2.34e-05
 1.43677e+21	7.50e-01	2.50e-01	4.60e-04	3.44e-06	0.00e+00	0.00e+00	0.00e+00	0.00e+00	0.00e+00	7.50e-01	3.18e-05	2.31e-05
 1.43733e+21	7.59e-01	2.40e-01	4.08e-04	3.26e-06	0.00e+00	0.00e+00	0.00e+00	0.00e+00	0.00e+00	7.59e-01	3.14e-05	2.28e-05
 1.43788e+21	7.68e-01	2.31e-01	3.62e-04	3.09e-06	0.00e+00	0.00e+00	0.00e+00	0.00e+00	0.00e+00	7.68e-01	3.10e-05	2.25e-05
 1.43845e+21	7.78e-01	2.22e-01	3.22e-04	2.92e-06	0.00e+00	0.00e+00	0.00e+00	0.00e+00	0.00e+00	7.78e-01	3.06e-05	2.21e-05
 1.43901e+21	7.86e-01	2.14e-01	2.88e-04	2.77e-06	0.00e+00	0.00e+00	0.00e+00	0.00e+00	0.00e+00	7.86e-01	3.01e-05	2.18e-05
 1.43958e+21	7.95e-01	2.05e-01	2.58e-04	2.63e-06	0.00e+00	0.00e+00	0.00e+00	0.00e+00	0.00e+00	7.95e-01	2.97e-05	2.15e-05
 1.44015e+21	8.03e-01	1.97e-01	2.32e-04	2.50e-06	0.00e+00	0.00e+00	0.00e+00	0.00e+00	0.00e+00	8.03e-01	2.93e-05	2.12e-05
 1.44074e+21	8.11e-01	1.89e-01	2.09e-04	2.37e-06	0.00e+00	0.00e+00	0.00e+00	0.00e+00	0.00e+00	8.11e-01	2.88e-05	2.08e-05
 1.44133e+21	8.18e-01	1.82e-01	1.90e-04	2.25e-06	0.00e+00	0.00e+00	0.00e+00	0.00e+00	0.00e+00	8.18e-01	2.84e-05	2.05e-05
 1.44192e+21	8.25e-01	1.74e-01	1.73e-04	2.14e-06	0.00e+00	0.00e+00	0.00e+00	0.00e+00	0.00e+00	8.25e-01	2.79e-05	2.01e-05
 1.44252e+21	8.32e-01	1.68e-01	1.59e-04	2.03e-06	0.00e+00	0.00e+00	0.00e+00	0.00e+00	0.00e+00	8.32e-01	2.75e-05	1.98e-05
 1.44312e+21	8.39e-01	1.61e-01	1.46e-04	1.94e-06	0.00e+00	0.00e+00	0.00e+00	0.00e+00	0.00e+00	8.39e-01	2.70e-05	1.95e-05
 1.44373e+21	8.45e-01	1.55e-01	1.36e-04	1.85e-06	0.00e+00	0.00e+00	0.00e+00	0.00e+00	0.00e+00	8.45e-01	2.66e-05	1.92e-05
 1.44434e+21	8.50e-01	1.49e-01	1.27e-04	1.76e-06	0.00e+00	0.00e+00	0.00e+00	0.00e+00	0.00e+00	8.50e-01	2.62e-05	1.89e-05
 1.44498e+21	8.56e-01	1.44e-01	1.19e-04	1.69e-06	0.00e+00	0.00e+00	0.00e+00	0.00e+00	0.00e+00	8.56e-01	2.58e-05	1.86e-05
 1.44563e+21	8.61e-01	1.39e-01	1.13e-04	1.62e-06	0.00e+00	0.00e+00	0.00e+00	0.00e+00	0.00e+00	8.61e-01	2.54e-05	1.83e-05
 1.44630e+21	8.65e-01	1.34e-01	1.07e-04	1.55e-06	0.00e+00	0.00e+00	0.00e+00	0.00e+00	0.00e+00	8.65e-01	2.51e-05	1.80e-05
 1.44701e+21	8.70e-01	1.30e-01	1.02e-04	1.49e-06	0.00e+00	0.00e+00	0.00e+00	0.00e+00	0.00e+00	8.70e-01	2.47e-05	1.78e-05
 1.44776e+21	8.74e-01	1.26e-01	9.77e-05	1.44e-06	0.00e+00	0.00e+00	0.00e+00	0.00e+00	0.00e+00	8.74e-01	2.44e-05	1.75e-05
 1.44858e+21	8.78e-01	1.22e-01	9.40e-05	1.39e-06	0.00e+00	0.00e+00	0.00e+00	0.00e+00	0.00e+00	8.78e-01	2.41e-05	1.73e-05
 1.44946e+21	8.81e-01	1.19e-01	9.08e-05	1.34e-06	0.00e+00	0.00e+00	0.00e+00	0.00e+00	0.00e+00	8.81e-01	2.38e-05	1.71e-05
 1.45046e+21	8.84e-01	1.16e-01	8.81e-05	1.30e-06	0.00e+00	0.00e+00	0.00e+00	0.00e+00	0.00e+00	8.84e-01	2.36e-05	1.69e-05
 1.45162e+21	8.87e-01	1.13e-01	8.58e-05	1.26e-06	0.00e+00	0.00e+00	0.00e+00	0.00e+00	0.00e+00	8.87e-01	2.33e-05	1.67e-05
 1.45286e+21	8.89e-01	1.11e-01	8.40e-05	1.23e-06	0.00e+00	0.00e+00	0.00e+00	0.00e+00	0.00e+00	8.89e-01	2.32e-05	1.66e-05
 1.45409e+21	8.91e-01	1.09e-01	8.28e-05	1.21e-06	0.00e+00	0.00e+00	0.00e+00	0.00e+00	0.00e+00	8.91e-01	2.30e-05	1.65e-05
 1.45532e+21	8.92e-01	1.08e-01	8.19e-05	1.20e-06	0.00e+00	0.00e+00	0.00e+00	0.00e+00	0.00e+00	8.92e-01	2.29e-05	1.64e-05
 1.45653e+21	8.93e-01	1.07e-01	8.12e-05	1.18e-06	0.00e+00	0.00e+00	0.00e+00	0.00e+00	0.00e+00	8.93e-01	2.28e-05	1.63e-05
 1.45774e+21	8.94e-01	1.06e-01	8.07e-05	1.17e-06	0.00e+00	0.00e+00	0.00e+00	0.00e+00	0.00e+00	8.94e-01	2.28e-05	1.63e-05
 1.45894e+21	8.95e-01	1.05e-01	8.03e-05	1.17e-06	0.00e+00	0.00e+00	0.00e+00	0.00e+00	0.00e+00	8.95e-01	2.27e-05	1.63e-05
 1.46014e+21	8.95e-01	1.05e-01	7.99e-05	1.16e-06	0.00e+00	0.00e+00	0.00e+00	0.00e+00	0.00e+00	8.95e-01	2.27e-05	1.62e-05
 1.46151e+21	8.96e-01	1.04e-01	7.97e-05	1.15e-06	0.00e+00	0.00e+00	0.00e+00	0.00e+00	0.00e+00	8.96e-01	2.26e-05	1.62e-05
 1.46330e+21	8.96e-01	1.04e-01	7.95e-05	1.15e-06	0.00e+00	0.00e+00	0.00e+00	0.00e+00	0.00e+00	8.96e-01	2.26e-05	1.62e-05
 1.46562e+21	8.96e-01	1.04e-01	7.92e-05	1.14e-06	0.00e+00	0.00e+00	0.00e+00	0.00e+00	0.00e+00	8.96e-01	2.26e-05	1.61e-05
 1.46864e+21	8.97e-01	1.03e-01	7.89e-05	1.14e-06	0.00e+00	0.00e+00	0.00e+00	0.00e+00	0.00e+00	8.97e-01	2.25e-05	1.61e-05
 1.47257e+21	8.97e-01	1.03e-01	7.85e-05	1.13e-06	0.00e+00	0.00e+00	0.00e+00	0.00e+00	0.00e+00	8.97e-01	2.25e-05	1.61e-05
 1.47768e+21	8.98e-01	1.02e-01	7.81e-05	1.12e-06	0.00e+00	0.00e+00	0.00e+00	0.00e+00	0.00e+00	8.98e-01	2.24e-05	1.60e-05
 1.48431e+21	8.99e-01	1.01e-01	7.76e-05	1.11e-06	0.00e+00	0.00e+00	0.00e+00	0.00e+00	0.00e+00	8.99e-01	2.24e-05	1.60e-05
 1.49294e+21	8.99e-01	1.00e-01	7.69e-05	1.10e-06	0.00e+00	0.00e+00	0.00e+00	0.00e+00	0.00e+00	8.99e-01	2.23e-05	1.59e-05
 1.50416e+21	9.01e-01	9.92e-02	7.61e-05	1.08e-06	0.00e+00	0.00e+00	0.00e+00	0.00e+00	0.00e+00	9.01e-01	2.22e-05	1.59e-05
 1.51874e+21	9.02e-01	9.77e-02	7.52e-05	1.05e-06	0.00e+00	0.00e+00	0.00e+00	0.00e+00	0.00e+00	9.02e-01	2.21e-05	1.58e-05
 1.53769e+21	9.04e-01	9.58e-02	7.39e-05	1.03e-06	0.00e+00	0.00e+00	0.00e+00	0.00e+00	0.00e+00	9.04e-01	2.19e-05	1.56e-05
 1.56234e+21	9.06e-01	9.34e-02	7.25e-05	9.92e-07	0.00e+00	0.00e+00	0.00e+00	0.00e+00	0.00e+00	9.06e-01	2.18e-05	1.55e-05
 1.59437e+21	9.09e-01	9.06e-02	7.07e-05	9.51e-07	0.00e+00	0.00e+00	0.00e+00	0.00e+00	0.00e+00	9.09e-01	2.15e-05	1.53e-05
 1.63463e+21	9.13e-01	8.74e-02	6.88e-05	9.05e-07	0.00e+00	0.00e+00	0.00e+00	0.00e+00	0.00e+00	9.13e-01	2.13e-05	1.51e-05
 1.67935e+21	9.16e-01	8.40e-02	6.70e-05	8.57e-07	0.00e+00	0.00e+00	0.00e+00	0.00e+00	0.00e+00	9.16e-01	2.10e-05	1.48e-05
 1.72497e+21	9.19e-01	8.11e-02	6.53e-05	8.15e-07	0.00e+00	0.00e+00	0.00e+00	0.00e+00	0.00e+00	9.19e-01	2.08e-05	1.46e-05
 1.77144e+21	9.22e-01	7.82e-02	6.37e-05	7.74e-07	0.00e+00	0.00e+00	0.00e+00	0.00e+00	0.00e+00	9.22e-01	2.06e-05	1.44e-05
 1.81978e+21	9.24e-01	7.55e-02	6.22e-05	7.36e-07	0.00e+00	0.00e+00	0.00e+00	0.00e+00	0.00e+00	9.24e-01	2.04e-05	1.42e-05
 1.87114e+21	9.27e-01	7.28e-02	6.08e-05	6.99e-07	0.00e+00	0.00e+00	0.00e+00	0.00e+00	0.00e+00	9.27e-01	2.02e-05	1.41e-05
 1.92539e+21	9.30e-01	7.03e-02	5.94e-05	6.63e-07	0.00e+00	0.00e+00	0.00e+00	0.00e+00	0.00e+00	9.30e-01	2.00e-05	1.39e-05
 1.98224e+21	9.32e-01	6.78e-02	5.80e-05	6.29e-07	0.00e+00	0.00e+00	0.00e+00	0.00e+00	0.00e+00	9.32e-01	1.98e-05	1.37e-05
 2.04179e+21	9.35e-01	6.54e-02	5.67e-05	5.97e-07	0.00e+00	0.00e+00	0.00e+00	0.00e+00	0.00e+00	9.34e-01	1.97e-05	1.35e-05
 2.10436e+21	9.37e-01	6.31e-02	5.54e-05	5.65e-07	0.00e+00	0.00e+00	0.00e+00	0.00e+00	0.00e+00	9.37e-01	1.95e-05	1.34e-05
 2.17022e+21	9.39e-01	6.09e-02	5.42e-05	5.36e-07	0.00e+00	0.00e+00	0.00e+00	0.00e+00	0.00e+00	9.39e-01	1.94e-05	1.32e-05
 2.23955e+21	9.41e-01	5.87e-02	5.29e-05	5.07e-07	0.00e+00	0.00e+00	0.00e+00	0.00e+00	0.00e+00	9.41e-01	1.92e-05	1.30e-05
 2.31255e+21	9.43e-01	5.67e-02	5.17e-05	4.79e-07	0.00e+00	0.00e+00	0.00e+00	0.00e+00	0.00e+00	9.43e-01	1.91e-05	1.29e-05
 2.38943e+21	9.45e-01	5.47e-02	5.04e-05	4.53e-07	0.00e+00	0.00e+00	0.00e+00	0.00e+00	0.00e+00	9.45e-01	1.90e-05	1.27e-05
 2.47049e+21	9.47e-01	5.28e-02	4.92e-05	4.27e-07	0.00e+00	0.00e+00	0.00e+00	0.00e+00	0.00e+00	9.47e-01	1.89e-05	1.26e-05
 2.55602e+21	9.49e-01	5.09e-02	4.79e-05	4.03e-07	0.00e+00	0.00e+00	0.00e+00	0.00e+00	0.00e+00	9.49e-01	1.88e-05	1.25e-05
 2.64635e+21	9.51e-01	4.91e-02	4.67e-05	3.80e-07	0.00e+00	0.00e+00	0.00e+00	0.00e+00	0.00e+00	9.51e-01	1.87e-05	1.23e-05
 2.74183e+21	9.53e-01	4.74e-02	4.54e-05	3.57e-07	0.00e+00	0.00e+00	0.00e+00	0.00e+00	0.00e+00	9.53e-01	1.86e-05	1.22e-05
 2.84289e+21	9.54e-01	4.57e-02	4.41e-05	3.36e-07	0.00e+00	0.00e+00	0.00e+00	0.00e+00	0.00e+00	9.54e-01	1.85e-05	1.21e-05
 2.94994e+21	9.56e-01	4.41e-02	4.28e-05	3.15e-07	0.00e+00	0.00e+00	0.00e+00	0.00e+00	0.00e+00	9.56e-01	1.84e-05	1.20e-05
 3.06353e+21	9.57e-01	4.26e-02	4.15e-05	2.96e-07	0.00e+00	0.00e+00	0.00e+00	0.00e+00	0.00e+00	9.57e-01	1.84e-05	1.19e-05
 3.18412e+21	9.59e-01	4.11e-02	4.02e-05	2.77e-07	0.00e+00	0.00e+00	0.00e+00	0.00e+00	0.00e+00	9.59e-01	1.83e-05	1.17e-05
 3.31247e+21	9.60e-01	3.97e-02	3.88e-05	2.59e-07	0.00e+00	0.00e+00	0.00e+00	0.00e+00	0.00e+00	9.60e-01	1.83e-05	1.16e-05
 3.44909e+21	9.62e-01	3.83e-02	3.75e-05	2.42e-07	0.00e+00	0.00e+00	0.00e+00	0.00e+00	0.00e+00	9.62e-01	1.83e-05	1.15e-05
 3.59447e+21	9.63e-01	3.70e-02	3.61e-05	2.25e-07	0.00e+00	0.00e+00	0.00e+00	0.00e+00	0.00e+00	9.63e-01	1.83e-05	1.14e-05
 3.75074e+21	9.64e-01	3.57e-02	3.47e-05	2.09e-07	0.00e+00	0.00e+00	0.00e+00	0.00e+00	0.00e+00	9.64e-01	1.83e-05	1.13e-05
 3.91867e+21	9.66e-01	3.44e-02	3.32e-05	1.94e-07	0.00e+00	0.00e+00	0.00e+00	0.00e+00	0.00e+00	9.65e-01	1.83e-05	1.12e-05
 4.09787e+21	9.67e-01	3.32e-02	3.18e-05	1.79e-07	0.00e+00	0.00e+00	0.00e+00	0.00e+00	0.00e+00	9.67e-01	1.83e-05	1.11e-05
 4.29049e+21	9.68e-01	3.21e-02	3.03e-05	1.65e-07	0.00e+00	0.00e+00	0.00e+00	0.00e+00	0.00e+00	9.68e-01	1.83e-05	1.11e-05
 4.49854e+21	9.69e-01	3.10e-02	2.88e-05	1.52e-07	0.00e+00	0.00e+00	0.00e+00	0.00e+00	0.00e+00	9.69e-01	1.84e-05	1.10e-05
 4.72311e+21	9.70e-01	2.99e-02	2.73e-05	1.40e-07	0.00e+00	0.00e+00	0.00e+00	0.00e+00	0.00e+00	9.70e-01	1.85e-05	1.09e-05
 4.96823e+21	9.71e-01	2.89e-02	2.57e-05	1.27e-07	0.00e+00	0.00e+00	0.00e+00	0.00e+00	0.00e+00	9.71e-01	1.85e-05	1.08e-05
 5.23619e+21	9.72e-01	2.79e-02	2.41e-05	0.00e+00	0.00e+00	0.00e+00	0.00e+00	0.00e+00	0.00e+00	9.72e-01	1.86e-05	1.07e-05
 5.52741e+21	9.73e-01	2.70e-02	2.26e-05	0.00e+00	0.00e+00	0.00e+00	0.00e+00	0.00e+00	0.00e+00	9.73e-01	1.87e-05	1.07e-05
 5.84688e+21	9.74e-01	2.61e-02	2.10e-05	0.00e+00	0.00e+00	0.00e+00	0.00e+00	0.00e+00	0.00e+00	9.74e-01	1.89e-05	1.06e-05
 6.20032e+21	9.75e-01	2.52e-02	1.93e-05	0.00e+00	0.00e+00	0.00e+00	0.00e+00	0.00e+00	0.00e+00	9.75e-01	1.90e-05	1.05e-05
 6.59198e+21	9.76e-01	2.43e-02	1.77e-05	0.00e+00	0.00e+00	0.00e+00	0.00e+00	0.00e+00	0.00e+00	9.76e-01	1.92e-05	1.05e-05
 7.03307e+21	9.76e-01	2.35e-02	1.61e-05	0.00e+00	0.00e+00	0.00e+00	0.00e+00	0.00e+00	0.00e+00	9.76e-01	1.94e-05	1.04e-05
 7.49785e+21	9.77e-01	2.28e-02	1.46e-05	0.00e+00	0.00e+00	0.00e+00	0.00e+00	0.00e+00	0.00e+00	9.77e-01	1.96e-05	1.03e-05
 7.93105e+21	9.78e-01	2.23e-02	1.34e-05	0.00e+00	0.00e+00	0.00e+00	0.00e+00	0.00e+00	0.00e+00	9.78e-01	1.98e-05	1.03e-05
 8.32315e+21	9.78e-01	2.18e-02	1.24e-05	0.00e+00	0.00e+00	0.00e+00	0.00e+00	0.00e+00	0.00e+00	9.78e-01	2.00e-05	1.02e-05
 8.75682e+21	9.79e-01	2.13e-02	1.13e-05	0.00e+00	0.00e+00	0.00e+00	0.00e+00	0.00e+00	0.00e+00	9.79e-01	2.01e-05	1.02e-05
 9.23246e+21	9.79e-01	2.09e-02	1.04e-05	0.00e+00	0.00e+00	0.00e+00	0.00e+00	0.00e+00	0.00e+00	9.79e-01	2.04e-05	1.02e-05
 9.64952e+21	9.79e-01	2.06e-02	9.59e-06	0.00e+00	0.00e+00	0.00e+00	0.00e+00	0.00e+00	0.00e+00	9.79e-01	2.06e-05	1.02e-05
 1.00065e+22	9.80e-01	2.03e-02	8.99e-06	0.00e+00	0.00e+00	0.00e+00	0.00e+00	0.00e+00	0.00e+00	9.80e-01	2.07e-05	1.01e-05
 1.03985e+22	9.80e-01	2.01e-02	8.35e-06	0.00e+00	0.00e+00	0.00e+00	0.00e+00	0.00e+00	0.00e+00	9.80e-01	2.08e-05	1.01e-05
 1.09082e+22	9.80e-01	1.97e-02	7.61e-06	0.00e+00	0.00e+00	0.00e+00	0.00e+00	0.00e+00	0.00e+00	9.80e-01	2.10e-05	1.01e-05
 1.14136e+22	9.81e-01	1.95e-02	6.99e-06	0.00e+00	0.00e+00	0.00e+00	0.00e+00	0.00e+00	0.00e+00	9.80e-01	2.12e-05	1.01e-05
 1.17874e+22	9.81e-01	1.93e-02	6.58e-06	0.00e+00	0.00e+00	0.00e+00	0.00e+00	0.00e+00	0.00e+00	9.81e-01	2.13e-05	1.00e-05
 1.20989e+22	9.81e-01	1.92e-02	6.25e-06	0.00e+00	0.00e+00	0.00e+00	0.00e+00	0.00e+00	0.00e+00	9.81e-01	2.14e-05	1.00e-05
 1.24555e+22	9.81e-01	1.90e-02	5.88e-06	0.00e+00	0.00e+00	0.00e+00	0.00e+00	0.00e+00	0.00e+00	9.81e-01	2.14e-05	1.00e-05
 1.29191e+22	9.81e-01	1.89e-02	5.45e-06	0.00e+00	0.00e+00	0.00e+00	0.00e+00	0.00e+00	0.00e+00	9.81e-01	2.15e-05	1.00e-05
 1.33966e+22	9.81e-01	1.87e-02	5.06e-06	0.00e+00	0.00e+00	0.00e+00	0.00e+00	0.00e+00	0.00e+00	9.81e-01	2.16e-05	9.99e-06
 1.37763e+22	9.81e-01	1.86e-02	4.78e-06	0.00e+00	0.00e+00	0.00e+00	0.00e+00	0.00e+00	0.00e+00	9.81e-01	2.17e-05	9.98e-06
 1.41006e+22	9.82e-01	1.84e-02	4.56e-06	0.00e+00	0.00e+00	0.00e+00	0.00e+00	0.00e+00	0.00e+00	9.82e-01	2.18e-05	9.96e-06
 1.44686e+22	9.82e-01	1.84e-02	4.30e-06	0.00e+00	0.00e+00	0.00e+00	0.00e+00	0.00e+00	0.00e+00	9.82e-01	2.18e-05	9.96e-06
 1.49471e+22	9.82e-01	1.83e-02	4.01e-06	0.00e+00	0.00e+00	0.00e+00	0.00e+00	0.00e+00	0.00e+00	9.82e-01	2.18e-05	9.95e-06
 1.54330e+22	9.82e-01	1.82e-02	3.74e-06	0.00e+00	0.00e+00	0.00e+00	0.00e+00	0.00e+00	0.00e+00	9.82e-01	2.19e-05	9.94e-06
 1.58100e+22	9.82e-01	1.80e-02	3.56e-06	0.00e+00	0.00e+00	0.00e+00	0.00e+00	0.00e+00	0.00e+00	9.82e-01	2.19e-05	9.93e-06
 1.61268e+22	9.82e-01	1.80e-02	3.41e-06	0.00e+00	0.00e+00	0.00e+00	0.00e+00	0.00e+00	0.00e+00	9.82e-01	2.19e-05	9.93e-06
 1.64839e+22	9.82e-01	1.80e-02	3.24e-06	0.00e+00	0.00e+00	0.00e+00	0.00e+00	0.00e+00	0.00e+00	9.82e-01	2.19e-05	9.92e-06
 1.69482e+22	9.82e-01	1.79e-02	3.04e-06	0.00e+00	0.00e+00	0.00e+00	0.00e+00	0.00e+00	0.00e+00	9.82e-01	2.19e-05	9.92e-06
 1.74296e+22	9.82e-01	1.79e-02	2.86e-06	0.00e+00	0.00e+00	0.00e+00	0.00e+00	0.00e+00	0.00e+00	9.82e-01	2.19e-05	9.91e-06
 1.78197e+22	9.82e-01	1.77e-02	2.72e-06	0.00e+00	0.00e+00	0.00e+00	0.00e+00	0.00e+00	0.00e+00	9.82e-01	2.18e-05	9.90e-06
 1.81533e+22	9.82e-01	1.77e-02	2.61e-06	0.00e+00	0.00e+00	0.00e+00	0.00e+00	0.00e+00	0.00e+00	9.82e-01	2.18e-05	9.90e-06
 1.85269e+22	9.82e-01	1.77e-02	2.49e-06	0.00e+00	0.00e+00	0.00e+00	0.00e+00	0.00e+00	0.00e+00	9.82e-01	2.17e-05	9.89e-06
 1.90125e+22	9.82e-01	1.76e-02	2.35e-06	0.00e+00	0.00e+00	0.00e+00	0.00e+00	0.00e+00	0.00e+00	9.82e-01	2.16e-05	9.89e-06
 1.95112e+22	9.82e-01	1.76e-02	2.21e-06	0.00e+00	0.00e+00	0.00e+00	0.00e+00	0.00e+00	0.00e+00	9.82e-01	2.15e-05	9.89e-06
 1.99145e+22	9.83e-01	1.75e-02	2.11e-06	0.00e+00	0.00e+00	0.00e+00	0.00e+00	0.00e+00	0.00e+00	9.82e-01	2.14e-05	9.88e-06
 2.02691e+22	9.83e-01	1.75e-02	2.03e-06	0.00e+00	0.00e+00	0.00e+00	0.00e+00	0.00e+00	0.00e+00	9.82e-01	2.13e-05	9.88e-06
 2.06726e+22	9.83e-01	1.74e-02	1.94e-06	0.00e+00	0.00e+00	0.00e+00	0.00e+00	0.00e+00	0.00e+00	9.83e-01	2.12e-05	9.88e-06
 2.11972e+22	9.83e-01	1.74e-02	1.82e-06	0.00e+00	0.00e+00	0.00e+00	0.00e+00	0.00e+00	0.00e+00	9.83e-01	2.11e-05	9.88e-06
 2.17407e+22	9.83e-01	1.73e-02	1.72e-06	0.00e+00	0.00e+00	0.00e+00	0.00e+00	0.00e+00	0.00e+00	9.83e-01	2.09e-05	9.87e-06
 2.21804e+22	9.83e-01	1.74e-02	1.64e-06	0.00e+00	0.00e+00	0.00e+00	0.00e+00	0.00e+00	0.00e+00	9.83e-01	2.07e-05	9.87e-06
 2.26234e+22	9.83e-01	1.73e-02	1.57e-06	0.00e+00	0.00e+00	0.00e+00	0.00e+00	0.00e+00	0.00e+00	9.83e-01	2.05e-05	9.86e-06
 2.31993e+22	9.83e-01	1.73e-02	1.47e-06	0.00e+00	0.00e+00	0.00e+00	0.00e+00	0.00e+00	0.00e+00	9.83e-01	2.03e-05	9.86e-06
 2.38070e+22	9.83e-01	1.73e-02	1.39e-06	0.00e+00	0.00e+00	0.00e+00	0.00e+00	0.00e+00	0.00e+00	9.83e-01	1.99e-05	9.86e-06
 2.43308e+22	9.83e-01	1.73e-02	1.32e-06	0.00e+00	0.00e+00	0.00e+00	0.00e+00	0.00e+00	0.00e+00	9.83e-01	1.96e-05	9.86e-06
 2.48863e+22	9.83e-01	1.72e-02	1.25e-06	0.00e+00	0.00e+00	0.00e+00	0.00e+00	0.00e+00	0.00e+00	9.83e-01	1.93e-05	9.85e-06
 2.54831e+22	9.83e-01	1.72e-02	1.18e-06	0.00e+00	0.00e+00	0.00e+00	0.00e+00	0.00e+00	0.00e+00	9.83e-01	1.89e-05	9.85e-06
 2.60205e+22	9.83e-01	1.72e-02	1.12e-06	0.00e+00	0.00e+00	0.00e+00	0.00e+00	0.00e+00	0.00e+00	9.83e-01	1.86e-05	9.85e-06
 2.65041e+22	9.83e-01	1.71e-02	1.07e-06	0.00e+00	0.00e+00	0.00e+00	0.00e+00	0.00e+00	0.00e+00	9.83e-01	1.82e-05	9.85e-06
 2.69394e+22	9.83e-01	1.71e-02	1.03e-06	0.00e+00	0.00e+00	0.00e+00	0.00e+00	0.00e+00	0.00e+00	9.83e-01	1.79e-05	9.85e-06
 2.73311e+22	9.83e-01	1.71e-02	9.95e-07	0.00e+00	0.00e+00	0.00e+00	0.00e+00	0.00e+00	0.00e+00	9.83e-01	1.75e-05	9.85e-06
 2.76837e+22	9.83e-01	1.71e-02	9.65e-07	0.00e+00	0.00e+00	0.00e+00	0.00e+00	0.00e+00	0.00e+00	9.83e-01	1.72e-05	9.85e-06
 2.80050e+22	9.83e-01	1.71e-02	9.38e-07	0.00e+00	0.00e+00	0.00e+00	0.00e+00	0.00e+00	0.00e+00	9.83e-01	1.70e-05	9.85e-06
 2.83135e+22	9.83e-01	1.71e-02	9.13e-07	0.00e+00	0.00e+00	0.00e+00	0.00e+00	0.00e+00	0.00e+00	9.83e-01	1.67e-05	9.84e-06
 2.86221e+22	9.83e-01	1.70e-02	8.89e-07	0.00e+00	0.00e+00	0.00e+00	0.00e+00	0.00e+00	0.00e+00	9.83e-01	1.64e-05	9.84e-06
 2.89307e+22	9.83e-01	1.70e-02	8.66e-07	0.00e+00	0.00e+00	0.00e+00	0.00e+00	0.00e+00	0.00e+00	9.83e-01	1.61e-05	9.84e-06
 2.92392e+22	9.83e-01	1.69e-02	8.44e-07	0.00e+00	0.00e+00	0.00e+00	0.00e+00	0.00e+00	0.00e+00	9.83e-01	1.59e-05	9.84e-06
 2.95478e+22	9.83e-01	1.69e-02	8.22e-07	0.00e+00	0.00e+00	0.00e+00	0.00e+00	0.00e+00	0.00e+00	9.83e-01	1.56e-05	9.83e-06
 2.98564e+22	9.83e-01	1.68e-02	8.01e-07	0.00e+00	0.00e+00	0.00e+00	0.00e+00	0.00e+00	0.00e+00	9.83e-01	1.52e-05	9.83e-06
 3.01547e+22	9.83e-01	1.67e-02	7.82e-07	0.00e+00	0.00e+00	0.00e+00	0.00e+00	0.00e+00	0.00e+00	9.83e-01	1.49e-05	9.82e-06
 3.04216e+22	9.83e-01	1.66e-02	7.65e-07	0.00e+00	0.00e+00	0.00e+00	0.00e+00	0.00e+00	0.00e+00	9.83e-01	1.46e-05	9.81e-06
 3.06466e+22	9.84e-01	1.64e-02	7.51e-07	0.00e+00	0.00e+00	0.00e+00	0.00e+00	0.00e+00	0.00e+00	9.84e-01	1.44e-05	9.80e-06
 3.08028e+22	9.84e-01	1.62e-02	7.41e-07	0.00e+00	0.00e+00	0.00e+00	0.00e+00	0.00e+00	0.00e+00	9.84e-01	1.41e-05	9.79e-06
