#depth	O	O+	O+2	O+3	O+4	O+5	O+6	O+7	O+8	O[1]	O[2]	O[3]
 4.92571e+14	8.58e-02	8.50e-01	6.36e-02	2.35e-04	1.29e-06	0.00e+00	0.00e+00	0.00e+00	0.00e+00	8.58e-02	1.89e-05	2.12e-05
 2.95543e+15	8.51e-02	8.50e-01	6.41e-02	2.39e-04	1.32e-06	0.00e+00	0.00e+00	0.00e+00	0.00e+00	8.51e-02	1.88e-05	2.10e-05
 1.28068e+16	8.47e-02	8.50e-01	6.46e-02	2.41e-04	1.33e-06	0.00e+00	0.00e+00	0.00e+00	0.00e+00	8.47e-02	1.87e-05	2.09e-05
 5.22125e+16	8.41e-02	8.50e-01	6.58e-02	2.44e-04	1.34e-06	0.00e+00	0.00e+00	0.00e+00	0.00e+00	8.41e-02	1.86e-05	2.08e-05
 1.24719e+17	7.96e-02	8.49e-01	7.15e-02	2.73e-04	1.50e-06	0.00e+00	0.00e+00	0.00e+00	0.00e+00	7.96e-02	1.76e-05	1.98e-05
 2.18977e+17	7.77e-02	8.48e-01	7.40e-02	2.82e-04	1.54e-06	0.00e+00	0.00e+00	0.00e+00	0.00e+00	7.77e-02	1.72e-05	1.93e-05
 3.41513e+17	7.77e-02	8.47e-01	7.45e-02	2.76e-04	1.50e-06	0.00e+00	0.00e+00	0.00e+00	0.00e+00	7.77e-02	1.72e-05	1.93e-05
 5.00810e+17	8.00e-02	8.47e-01	7.25e-02	2.52e-04	1.37e-06	0.00e+00	0.00e+00	0.00e+00	0.00e+00	7.99e-02	1.77e-05	1.98e-05
 6.95395e+17	8.46e-02	8.47e-01	6.82e-02	2.15e-04	1.18e-06	0.00e+00	0.00e+00	0.00e+00	0.00e+00	8.45e-02	1.86e-05	2.09e-05
 9.15059e+17	9.25e-02	8.46e-01	6.15e-02	1.71e-04	9.38e-07	0.00e+00	0.00e+00	0.00e+00	0.00e+00	9.24e-02	2.02e-05	2.27e-05
 1.17036e+18	1.06e-01	8.42e-01	5.20e-02	1.20e-04	6.74e-07	0.00e+00	0.00e+00	0.00e+00	0.00e+00	1.06e-01	2.29e-05	2.57e-05
 1.45465e+18	1.26e-01	8.33e-01	4.15e-02	7.67e-05	4.45e-07	0.00e+00	0.00e+00	0.00e+00	0.00e+00	1.26e-01	2.68e-05	3.01e-05
 1.71959e+18	1.51e-01	8.17e-01	3.22e-02	4.73e-05	2.86e-07	0.00e+00	0.00e+00	0.00e+00	0.00e+00	1.51e-01	3.16e-05	3.54e-05
 1.95984e+18	1.81e-01	7.95e-01	2.47e-02	2.91e-05	1.85e-07	0.00e+00	0.00e+00	0.00e+00	0.00e+00	1.81e-01	3.68e-05	4.12e-05
 2.17267e+18	2.12e-01	7.68e-01	1.92e-02	1.85e-05	1.24e-07	0.00e+00	0.00e+00	0.00e+00	0.00e+00	2.12e-01	4.20e-05	4.71e-05
 2.34578e+18	2.43e-01	7.42e-01	1.54e-02	1.26e-05	0.00e+00	0.00e+00	0.00e+00	0.00e+00	0.00e+00	2.42e-01	4.66e-05	5.22e-05
 2.52908e+18	2.78e-01	7.10e-01	1.21e-02	8.24e-06	0.00e+00	0.00e+00	0.00e+00	0.00e+00	0.00e+00	2.78e-01	5.16e-05	5.78e-05
 2.73594e+18	3.21e-01	6.70e-01	9.14e-03	5.19e-06	0.00e+00	0.00e+00	0.00e+00	0.00e+00	0.00e+00	3.21e-01	5.70e-05	6.38e-05
 2.92406e+18	3.62e-01	6.31e-01	7.08e-03	3.44e-06	0.00e+00	0.00e+00	0.00e+00	0.00e+00	0.00e+00	3.62e-01	6.14e-05	6.87e-05
 3.07693e+18	3.96e-01	5.98e-01	5.76e-03	2.49e-06	0.00e+00	0.00e+00	0.00e+00	0.00e+00	0.00e+00	3.96e-01	6.46e-05	7.22e-05
 3.20788e+18	4.25e-01	5.70e-01	4.82e-03	1.90e-06	0.00e+00	0.00e+00	0.00e+00	0.00e+00	0.00e+00	4.25e-01	6.68e-05	7.48e-05
 3.33367e+18	4.53e-01	5.43e-01	4.06e-03	1.47e-06	0.00e+00	0.00e+00	0.00e+00	0.00e+00	0.00e+00	4.53e-01	6.87e-05	7.68e-05
 3.46267e+18	4.80e-01	5.16e-01	3.43e-03	1.15e-06	0.00e+00	0.00e+00	0.00e+00	0.00e+00	0.00e+00	4.80e-01	7.02e-05	7.84e-05
 3.58983e+18	5.06e-01	4.91e-01	2.90e-03	9.07e-07	0.00e+00	0.00e+00	0.00e+00	0.00e+00	0.00e+00	5.06e-01	7.13e-05	7.96e-05
 3.71004e+18	5.30e-01	4.68e-01	2.49e-03	7.33e-07	0.00e+00	0.00e+00	0.00e+00	0.00e+00	0.00e+00	5.30e-01	7.20e-05	8.04e-05
 3.82819e+18	5.53e-01	4.45e-01	2.14e-03	5.97e-07	0.00e+00	0.00e+00	0.00e+00	0.00e+00	0.00e+00	5.52e-01	7.24e-05	8.09e-05
 3.94905e+18	5.74e-01	4.24e-01	1.84e-03	4.90e-07	0.00e+00	0.00e+00	0.00e+00	0.00e+00	0.00e+00	5.74e-01	7.26e-05	8.11e-05
 4.07029e+18	5.94e-01	4.04e-01	1.58e-03	4.05e-07	0.00e+00	0.00e+00	0.00e+00	0.00e+00	0.00e+00	5.94e-01	7.26e-05	8.10e-05
 4.16675e+18	6.09e-01	3.90e-01	1.42e-03	3.53e-07	0.00e+00	0.00e+00	0.00e+00	0.00e+00	0.00e+00	6.08e-01	7.25e-05	8.09e-05
 4.23559e+18	6.19e-01	3.80e-01	1.31e-03	3.19e-07	0.00e+00	0.00e+00	0.00e+00	0.00e+00	0.00e+00	6.19e-01	7.23e-05	8.07e-05
 4.30492e+18	6.29e-01	3.69e-01	1.20e-03	2.89e-07	0.00e+00	0.00e+00	0.00e+00	0.00e+00	0.00e+00	6.29e-01	7.21e-05	8.04e-05
 4.38618e+18	6.41e-01	3.58e-01	1.09e-03	2.57e-07	0.00e+00	0.00e+00	0.00e+00	0.00e+00	0.00e+00	6.41e-01	7.18e-05	8.01e-05
 4.47450e+18	6.53e-01	3.46e-01	9.85e-04	2.28e-07	0.00e+00	0.00e+00	0.00e+00	0.00e+00	0.00e+00	6.53e-01	7.14e-05	7.96e-05
 4.56254e+18	6.64e-01	3.35e-01	8.93e-04	2.04e-07	0.00e+00	0.00e+00	0.00e+00	0.00e+00	0.00e+00	6.64e-01	7.10e-05	7.91e-05
 4.65154e+18	6.75e-01	3.24e-01	8.06e-04	1.82e-07	0.00e+00	0.00e+00	0.00e+00	0.00e+00	0.00e+00	6.75e-01	7.05e-05	7.86e-05
 4.74344e+18	6.86e-01	3.13e-01	7.29e-04	1.64e-07	0.00e+00	0.00e+00	0.00e+00	0.00e+00	0.00e+00	6.86e-01	7.00e-05	7.80e-05
 4.83894e+18	6.97e-01	3.02e-01	6.55e-04	1.46e-07	0.00e+00	0.00e+00	0.00e+00	0.00e+00	0.00e+00	6.97e-01	6.93e-05	7.72e-05
 4.93745e+18	7.07e-01	2.92e-01	5.90e-04	1.31e-07	0.00e+00	0.00e+00	0.00e+00	0.00e+00	0.00e+00	7.07e-01	6.87e-05	7.65e-05
 5.03876e+18	7.18e-01	2.82e-01	5.29e-04	0.00e+00	0.00e+00	0.00e+00	0.00e+00	0.00e+00	0.00e+00	7.17e-01	6.79e-05	7.56e-05
 5.14371e+18	7.27e-01	2.72e-01	4.74e-04	0.00e+00	0.00e+00	0.00e+00	0.00e+00	0.00e+00	0.00e+00	7.27e-01	6.72e-05	7.48e-05
 5.25257e+18	7.37e-01	2.62e-01	4.23e-04	0.00e+00	0.00e+00	0.00e+00	0.00e+00	0.00e+00	0.00e+00	7.37e-01	6.64e-05	7.39e-05
 5.36549e+18	7.47e-01	2.53e-01	3.77e-04	0.00e+00	0.00e+00	0.00e+00	0.00e+00	0.00e+00	0.00e+00	7.47e-01	6.55e-05	7.29e-05
 5.48016e+18	7.56e-01	2.43e-01	3.37e-04	0.00e+00	0.00e+00	0.00e+00	0.00e+00	0.00e+00	0.00e+00	7.56e-01	6.47e-05	7.19e-05
 5.59810e+18	7.65e-01	2.35e-01	3.00e-04	0.00e+00	0.00e+00	0.00e+00	0.00e+00	0.00e+00	0.00e+00	7.65e-01	6.38e-05	7.10e-05
 5.72188e+18	7.74e-01	2.26e-01	2.66e-04	0.00e+00	0.00e+00	0.00e+00	0.00e+00	0.00e+00	0.00e+00	7.74e-01	6.29e-05	6.99e-05
 5.84945e+18	7.83e-01	2.17e-01	2.36e-04	0.00e+00	0.00e+00	0.00e+00	0.00e+00	0.00e+00	0.00e+00	7.82e-01	6.20e-05	6.89e-05
 5.98110e+18	7.91e-01	2.09e-01	2.09e-04	0.00e+00	0.00e+00	0.00e+00	0.00e+00	0.00e+00	0.00e+00	7.91e-01	6.11e-05	6.78e-05
 6.11756e+18	7.99e-01	2.01e-01	1.86e-04	0.00e+00	0.00e+00	0.00e+00	0.00e+00	0.00e+00	0.00e+00	7.99e-01	6.02e-05	6.68e-05
 6.25980e+18	8.07e-01	1.93e-01	1.64e-04	0.00e+00	0.00e+00	0.00e+00	0.00e+00	0.00e+00	0.00e+00	8.07e-01	5.92e-05	6.57e-05
 6.40678e+18	8.14e-01	1.85e-01	1.45e-04	0.00e+00	0.00e+00	0.00e+00	0.00e+00	0.00e+00	0.00e+00	8.14e-01	5.83e-05	6.46e-05
 6.55876e+18	8.22e-01	1.78e-01	1.28e-04	0.00e+00	0.00e+00	0.00e+00	0.00e+00	0.00e+00	0.00e+00	8.22e-01	5.73e-05	6.35e-05
 6.71937e+18	8.29e-01	1.71e-01	1.13e-04	0.00e+00	0.00e+00	0.00e+00	0.00e+00	0.00e+00	0.00e+00	8.29e-01	5.64e-05	6.25e-05
 6.88768e+18	8.36e-01	1.64e-01	9.94e-05	0.00e+00	0.00e+00	0.00e+00	0.00e+00	0.00e+00	0.00e+00	8.36e-01	5.55e-05	6.14e-05
 7.06181e+18	8.42e-01	1.58e-01	8.78e-05	0.00e+00	0.00e+00	0.00e+00	0.00e+00	0.00e+00	0.00e+00	8.42e-01	5.46e-05	6.04e-05
 7.24174e+18	8.48e-01	1.52e-01	7.76e-05	0.00e+00	0.00e+00	0.00e+00	0.00e+00	0.00e+00	0.00e+00	8.48e-01	5.37e-05	5.94e-05
 7.43023e+18	8.54e-01	1.46e-01	6.88e-05	0.00e+00	0.00e+00	0.00e+00	0.00e+00	0.00e+00	0.00e+00	8.54e-01	5.28e-05	5.84e-05
 7.62743e+18	8.60e-01	1.40e-01	6.09e-05	0.00e+00	0.00e+00	0.00e+00	0.00e+00	0.00e+00	0.00e+00	8.60e-01	5.20e-05	5.74e-05
 7.83505e+18	8.65e-01	1.35e-01	5.41e-05	0.00e+00	0.00e+00	0.00e+00	0.00e+00	0.00e+00	0.00e+00	8.65e-01	5.12e-05	5.65e-05
 8.05338e+18	8.70e-01	1.30e-01	4.81e-05	0.00e+00	0.00e+00	0.00e+00	0.00e+00	0.00e+00	0.00e+00	8.70e-01	5.03e-05	5.56e-05
 8.28402e+18	8.75e-01	1.25e-01	4.29e-05	0.00e+00	0.00e+00	0.00e+00	0.00e+00	0.00e+00	0.00e+00	8.75e-01	4.96e-05	5.47e-05
 8.52889e+18	8.79e-01	1.21e-01	3.83e-05	0.00e+00	0.00e+00	0.00e+00	0.00e+00	0.00e+00	0.00e+00	8.79e-01	4.88e-05	5.39e-05
 8.78841e+18	8.84e-01	1.16e-01	3.42e-05	0.00e+00	0.00e+00	0.00e+00	0.00e+00	0.00e+00	0.00e+00	8.83e-01	4.81e-05	5.31e-05
 9.06845e+18	8.88e-01	1.12e-01	3.06e-05	0.00e+00	0.00e+00	0.00e+00	0.00e+00	0.00e+00	0.00e+00	8.88e-01	4.74e-05	5.23e-05
 9.37258e+18	8.92e-01	1.08e-01	2.74e-05	0.00e+00	0.00e+00	0.00e+00	0.00e+00	0.00e+00	0.00e+00	8.91e-01	4.68e-05	5.15e-05
 9.70065e+18	8.95e-01	1.05e-01	2.46e-05	0.00e+00	0.00e+00	0.00e+00	0.00e+00	0.00e+00	0.00e+00	8.95e-01	4.61e-05	5.08e-05
 1.00556e+19	8.99e-01	1.01e-01	2.21e-05	0.00e+00	0.00e+00	0.00e+00	0.00e+00	0.00e+00	0.00e+00	8.99e-01	4.55e-05	5.00e-05
 1.04425e+19	9.02e-01	9.77e-02	1.99e-05	0.00e+00	0.00e+00	0.00e+00	0.00e+00	0.00e+00	0.00e+00	9.02e-01	4.49e-05	4.93e-05
 1.08648e+19	9.06e-01	9.45e-02	1.79e-05	0.00e+00	0.00e+00	0.00e+00	0.00e+00	0.00e+00	0.00e+00	9.05e-01	4.42e-05	4.86e-05
 1.13253e+19	9.09e-01	9.13e-02	1.61e-05	0.00e+00	0.00e+00	0.00e+00	0.00e+00	0.00e+00	0.00e+00	9.09e-01	4.37e-05	4.80e-05
 1.18264e+19	9.12e-01	8.82e-02	1.45e-05	0.00e+00	0.00e+00	0.00e+00	0.00e+00	0.00e+00	0.00e+00	9.12e-01	4.31e-05	4.73e-05
 1.23698e+19	9.15e-01	8.52e-02	1.31e-05	0.00e+00	0.00e+00	0.00e+00	0.00e+00	0.00e+00	0.00e+00	9.15e-01	4.25e-05	4.67e-05
 1.29561e+19	9.18e-01	8.24e-02	1.18e-05	0.00e+00	0.00e+00	0.00e+00	0.00e+00	0.00e+00	0.00e+00	9.18e-01	4.19e-05	4.60e-05
 1.35854e+19	9.20e-01	7.96e-02	1.07e-05	0.00e+00	0.00e+00	0.00e+00	0.00e+00	0.00e+00	0.00e+00	9.20e-01	4.14e-05	4.54e-05
 1.42571e+19	9.23e-01	7.68e-02	9.65e-06	0.00e+00	0.00e+00	0.00e+00	0.00e+00	0.00e+00	0.00e+00	9.23e-01	4.08e-05	4.48e-05
 1.49700e+19	9.26e-01	7.42e-02	8.73e-06	0.00e+00	0.00e+00	0.00e+00	0.00e+00	0.00e+00	0.00e+00	9.26e-01	4.03e-05	4.42e-05
 1.57229e+19	9.28e-01	7.16e-02	7.90e-06	0.00e+00	0.00e+00	0.00e+00	0.00e+00	0.00e+00	0.00e+00	9.28e-01	3.98e-05	4.36e-05
 1.65148e+19	9.31e-01	6.91e-02	7.17e-06	0.00e+00	0.00e+00	0.00e+00	0.00e+00	0.00e+00	0.00e+00	9.31e-01	3.93e-05	4.30e-05
 1.73460e+19	9.33e-01	6.67e-02	6.52e-06	0.00e+00	0.00e+00	0.00e+00	0.00e+00	0.00e+00	0.00e+00	9.33e-01	3.88e-05	4.24e-05
 1.82128e+19	9.36e-01	6.43e-02	5.94e-06	0.00e+00	0.00e+00	0.00e+00	0.00e+00	0.00e+00	0.00e+00	9.36e-01	3.83e-05	4.19e-05
 1.91149e+19	9.38e-01	6.21e-02	5.43e-06	0.00e+00	0.00e+00	0.00e+00	0.00e+00	0.00e+00	0.00e+00	9.38e-01	3.78e-05	4.13e-05
 2.00560e+19	9.40e-01	5.99e-02	4.97e-06	0.00e+00	0.00e+00	0.00e+00	0.00e+00	0.00e+00	0.00e+00	9.40e-01	3.73e-05	4.08e-05
 2.10350e+19	9.42e-01	5.77e-02	4.56e-06	0.00e+00	0.00e+00	0.00e+00	0.00e+00	0.00e+00	0.00e+00	9.42e-01	3.69e-05	4.02e-05
 2.20496e+19	9.44e-01	5.56e-02	4.20e-06	0.00e+00	0.00e+00	0.00e+00	0.00e+00	0.00e+00	0.00e+00	9.44e-01	3.64e-05	3.97e-05
 2.30993e+19	9.46e-01	5.36e-02	3.87e-06	0.00e+00	0.00e+00	0.00e+00	0.00e+00	0.00e+00	0.00e+00	9.46e-01	3.60e-05	3.92e-05
 2.41840e+19	9.48e-01	5.17e-02	3.59e-06	0.00e+00	0.00e+00	0.00e+00	0.00e+00	0.00e+00	0.00e+00	9.48e-01	3.55e-05	3.85e-05
 2.53032e+19	9.50e-01	4.98e-02	3.33e-06	0.00e+00	0.00e+00	0.00e+00	0.00e+00	0.00e+00	0.00e+00	9.50e-01	3.50e-05	3.79e-05
 2.64578e+19	9.52e-01	4.80e-02	3.11e-06	0.00e+00	0.00e+00	0.00e+00	0.00e+00	0.00e+00	0.00e+00	9.52e-01	3.46e-05	3.73e-05
 2.76492e+19	9.54e-01	4.62e-02	2.90e-06	0.00e+00	0.00e+00	0.00e+00	0.00e+00	0.00e+00	0.00e+00	9.54e-01	3.41e-05	3.67e-05
 2.88776e+19	9.55e-01	4.45e-02	2.72e-06	0.00e+00	0.00e+00	0.00e+00	0.00e+00	0.00e+00	0.00e+00	9.55e-01	3.37e-05	3.61e-05
 3.01421e+19	9.57e-01	4.29e-02	2.57e-06	0.00e+00	0.00e+00	0.00e+00	0.00e+00	0.00e+00	0.00e+00	9.57e-01	3.33e-05	3.55e-05
 3.14437e+19	9.59e-01	4.13e-02	2.42e-06	0.00e+00	0.00e+00	0.00e+00	0.00e+00	0.00e+00	0.00e+00	9.59e-01	3.29e-05	3.50e-05
 3.27845e+19	9.60e-01	3.97e-02	2.30e-06	0.00e+00	0.00e+00	0.00e+00	0.00e+00	0.00e+00	0.00e+00	9.60e-01	3.25e-05	3.45e-05
 3.41725e+19	9.62e-01	3.82e-02	2.18e-06	0.00e+00	0.00e+00	0.00e+00	0.00e+00	0.00e+00	0.00e+00	9.62e-01	3.21e-05	3.39e-05
 3.56024e+19	9.63e-01	3.68e-02	2.08e-06	0.00e+00	0.00e+00	0.00e+00	0.00e+00	0.00e+00	0.00e+00	9.63e-01	3.17e-05	3.35e-05
 3.70630e+19	9.65e-01	3.54e-02	1.99e-06	0.00e+00	0.00e+00	0.00e+00	0.00e+00	0.00e+00	0.00e+00	9.65e-01	3.14e-05	3.30e-05
 3.85599e+19	9.66e-01	3.41e-02	1.91e-06	0.00e+00	0.00e+00	0.00e+00	0.00e+00	0.00e+00	0.00e+00	9.66e-01	3.10e-05	3.25e-05
 4.00721e+19	9.67e-01	3.28e-02	1.85e-06	0.00e+00	0.00e+00	0.00e+00	0.00e+00	0.00e+00	0.00e+00	9.67e-01	3.07e-05	3.21e-05
 4.15542e+19	9.68e-01	3.16e-02	1.79e-06	0.00e+00	0.00e+00	0.00e+00	0.00e+00	0.00e+00	0.00e+00	9.68e-01	3.04e-05	3.17e-05
 4.29848e+19	9.69e-01	3.06e-02	1.74e-06	0.00e+00	0.00e+00	0.00e+00	0.00e+00	0.00e+00	0.00e+00	9.69e-01	3.01e-05	3.13e-05
 4.43696e+19	9.70e-01	2.96e-02	1.70e-06	0.00e+00	0.00e+00	0.00e+00	0.00e+00	0.00e+00	0.00e+00	9.70e-01	2.99e-05	3.10e-05
 4.57150e+19	9.71e-01	2.86e-02	1.67e-06	0.00e+00	0.00e+00	0.00e+00	0.00e+00	0.00e+00	0.00e+00	9.71e-01	2.96e-05	3.06e-05
 4.70181e+19	9.72e-01	2.78e-02	1.64e-06	0.00e+00	0.00e+00	0.00e+00	0.00e+00	0.00e+00	0.00e+00	9.72e-01	2.93e-05	3.03e-05
 4.82687e+19	9.73e-01	2.70e-02	1.62e-06	0.00e+00	0.00e+00	0.00e+00	0.00e+00	0.00e+00	0.00e+00	9.73e-01	2.91e-05	3.00e-05
 4.94570e+19	9.74e-01	2.62e-02	1.60e-06	0.00e+00	0.00e+00	0.00e+00	0.00e+00	0.00e+00	0.00e+00	9.74e-01	2.88e-05	2.97e-05
 5.05803e+19	9.74e-01	2.55e-02	1.58e-06	0.00e+00	0.00e+00	0.00e+00	0.00e+00	0.00e+00	0.00e+00	9.74e-01	2.86e-05	2.95e-05
 5.16399e+19	9.75e-01	2.49e-02	1.57e-06	0.00e+00	0.00e+00	0.00e+00	0.00e+00	0.00e+00	0.00e+00	9.75e-01	2.84e-05	2.92e-05
 5.26336e+19	9.76e-01	2.42e-02	1.56e-06	0.00e+00	0.00e+00	0.00e+00	0.00e+00	0.00e+00	0.00e+00	9.76e-01	2.82e-05	2.89e-05
