#depth	He	He+	He+2
 1.02466e+17	4.21e-03	4.35e-01	5.61e-01
 6.14794e+17	4.20e-03	4.35e-01	5.61e-01
 2.66411e+18	4.19e-03	4.36e-01	5.60e-01
 1.08614e+19	4.21e-03	4.41e-01	5.55e-01
 2.59443e+19	4.18e-03	4.45e-01	5.51e-01
 4.51694e+19	4.22e-03	4.55e-01	5.41e-01
 6.97791e+19	4.35e-03	4.72e-01	5.24e-01
 1.01772e+20	4.61e-03	4.99e-01	4.96e-01
 1.43362e+20	5.07e-03	5.40e-01	4.55e-01
 1.94916e+20	5.79e-03	5.95e-01	3.99e-01
 2.44465e+20	6.59e-03	6.49e-01	3.44e-01
 2.81378e+20	7.27e-03	6.89e-01	3.04e-01
 3.09566e+20	7.86e-03	7.17e-01	2.75e-01
 3.34754e+20	8.42e-03	7.41e-01	2.51e-01
 3.63298e+20	9.16e-03	7.66e-01	2.25e-01
 3.92185e+20	9.84e-03	7.87e-01	2.03e-01
 4.15481e+20	1.05e-02	8.03e-01	1.86e-01
 4.36210e+20	1.10e-02	8.16e-01	1.73e-01
 4.59639e+20	1.18e-02	8.29e-01	1.59e-01
 4.84357e+20	1.26e-02	8.41e-01	1.46e-01
 5.05521e+20	1.33e-02	8.50e-01	1.36e-01
 5.24598e+20	1.41e-02	8.58e-01	1.28e-01
 5.46196e+20	1.50e-02	8.65e-01	1.20e-01
 5.69155e+20	1.62e-02	8.72e-01	1.12e-01
 5.88900e+20	1.73e-02	8.77e-01	1.06e-01
 6.06660e+20	1.84e-02	8.81e-01	1.01e-01
 6.26823e+20	1.99e-02	8.85e-01	9.52e-02
 6.48703e+20	2.17e-02	8.89e-01	8.98e-02
 6.67971e+20	2.37e-02	8.91e-01	8.55e-02
 6.84469e+20	2.57e-02	8.92e-01	8.20e-02
 6.99443e+20	2.78e-02	8.93e-01	7.91e-02
 7.13746e+20	3.02e-02	8.93e-01	7.64e-02
 7.27398e+20	3.28e-02	8.93e-01	7.40e-02
 7.40070e+20	3.56e-02	8.93e-01	7.19e-02
 7.51812e+20	3.86e-02	8.91e-01	7.00e-02
 7.62867e+20	4.18e-02	8.90e-01	6.84e-02
 7.73439e+20	4.53e-02	8.88e-01	6.70e-02
 7.83715e+20	4.92e-02	8.85e-01	6.56e-02
 7.93610e+20	5.34e-02	8.82e-01	6.44e-02
 8.03062e+20	5.80e-02	8.79e-01	6.33e-02
 8.12270e+20	6.29e-02	8.75e-01	6.24e-02
 8.21371e+20	6.84e-02	8.70e-01	6.15e-02
 8.30394e+20	7.45e-02	8.65e-01	6.08e-02
 8.39360e+20	8.13e-02	8.59e-01	6.01e-02
 8.49650e+20	8.99e-02	8.51e-01	5.94e-02
 8.60615e+20	1.00e-01	8.41e-01	5.88e-02
 8.70174e+20	1.11e-01	8.31e-01	5.82e-02
 8.79340e+20	1.21e-01	8.21e-01	5.79e-02
 8.88543e+20	1.33e-01	8.10e-01	5.75e-02
 8.97145e+20	1.45e-01	7.98e-01	5.72e-02
 9.05222e+20	1.57e-01	7.86e-01	5.68e-02
 9.13169e+20	1.70e-01	7.73e-01	5.67e-02
 9.20911e+20	1.84e-01	7.60e-01	5.63e-02
 9.26837e+20	1.94e-01	7.50e-01	5.62e-02
 9.30871e+20	2.01e-01	7.43e-01	5.60e-02
 9.34845e+20	2.09e-01	7.35e-01	5.58e-02
 9.39483e+20	2.19e-01	7.25e-01	5.55e-02
 9.44478e+20	2.29e-01	7.15e-01	5.53e-02
 9.49434e+20	2.40e-01	7.05e-01	5.50e-02
 9.54352e+20	2.51e-01	6.94e-01	5.48e-02
 9.59402e+20	2.63e-01	6.83e-01	5.44e-02
 9.64551e+20	2.75e-01	6.71e-01	5.41e-02
 9.69819e+20	2.88e-01	6.59e-01	5.36e-02
 9.75208e+20	3.01e-01	6.46e-01	5.32e-02
 9.80714e+20	3.15e-01	6.32e-01	5.27e-02
 9.86422e+20	3.29e-01	6.19e-01	5.22e-02
 9.92375e+20	3.45e-01	6.04e-01	5.15e-02
 9.98559e+20	3.61e-01	5.88e-01	5.08e-02
 1.00488e+21	3.78e-01	5.72e-01	5.00e-02
 1.01148e+21	3.95e-01	5.56e-01	4.91e-02
 1.01852e+21	4.13e-01	5.39e-01	4.81e-02
 1.02595e+21	4.32e-01	5.21e-01	4.71e-02
 1.03387e+21	4.51e-01	5.03e-01	4.59e-02
 1.04241e+21	4.71e-01	4.84e-01	4.46e-02
 1.05164e+21	4.92e-01	4.65e-01	4.31e-02
 1.06173e+21	5.13e-01	4.46e-01	4.16e-02
 1.07272e+21	5.33e-01	4.27e-01	4.00e-02
 1.08492e+21	5.53e-01	4.08e-01	3.82e-02
 1.09880e+21	5.73e-01	3.91e-01	3.64e-02
 1.11364e+21	5.90e-01	3.75e-01	3.47e-02
 1.12835e+21	6.05e-01	3.62e-01	3.31e-02
 1.14511e+21	6.19e-01	3.50e-01	3.14e-02
 1.16690e+21	6.34e-01	3.37e-01	2.95e-02
 1.19523e+21	6.49e-01	3.24e-01	2.73e-02
 1.23067e+21	6.64e-01	3.11e-01	2.51e-02
 1.27149e+21	6.79e-01	2.98e-01	2.29e-02
 1.31612e+21	6.94e-01	2.86e-01	2.07e-02
 1.36452e+21	7.08e-01	2.74e-01	1.88e-02
 1.41581e+21	7.21e-01	2.62e-01	1.70e-02
 1.46917e+21	7.34e-01	2.51e-01	1.53e-02
 1.52492e+21	7.47e-01	2.40e-01	1.39e-02
 1.58344e+21	7.59e-01	2.29e-01	1.25e-02
 1.64491e+21	7.70e-01	2.18e-01	1.13e-02
 1.70928e+21	7.81e-01	2.08e-01	1.01e-02
 1.77659e+21	7.92e-01	1.99e-01	9.14e-03
 1.84715e+21	8.02e-01	1.89e-01	8.22e-03
 1.92129e+21	8.12e-01	1.80e-01	7.39e-03
 1.99927e+21	8.22e-01	1.72e-01	6.64e-03
 2.08135e+21	8.31e-01	1.63e-01	5.95e-03
 2.16781e+21	8.40e-01	1.55e-01	5.34e-03
 2.25898e+21	8.48e-01	1.47e-01	4.78e-03
 2.35524e+21	8.56e-01	1.40e-01	4.28e-03
 2.45629e+21	8.64e-01	1.32e-01	3.83e-03
 2.56333e+21	8.71e-01	1.26e-01	3.42e-03
 2.67784e+21	8.78e-01	1.19e-01	3.05e-03
 2.79960e+21	8.85e-01	1.12e-01	2.71e-03
 2.92905e+21	8.91e-01	1.06e-01	2.41e-03
 3.06727e+21	8.97e-01	1.00e-01	2.14e-03
 3.21545e+21	9.03e-01	9.48e-02	1.90e-03
 3.37495e+21	9.09e-01	8.94e-02	1.69e-03
 3.54735e+21	9.14e-01	8.43e-02	1.49e-03
 3.73437e+21	9.19e-01	7.93e-02	1.32e-03
 3.93781e+21	9.24e-01	7.46e-02	1.16e-03
 4.16022e+21	9.29e-01	7.02e-02	1.03e-03
 4.40689e+21	9.33e-01	6.59e-02	9.02e-04
 4.68115e+21	9.37e-01	6.18e-02	7.93e-04
 4.98674e+21	9.41e-01	5.80e-02	6.96e-04
 5.33236e+21	9.45e-01	5.43e-02	6.11e-04
 5.73003e+21	9.49e-01	5.09e-02	5.35e-04
 6.19278e+21	9.52e-01	4.76e-02	4.69e-04
 6.66564e+21	9.55e-01	4.51e-02	4.21e-04
 7.07772e+21	9.56e-01	4.32e-02	3.87e-04
 7.44375e+21	9.58e-01	4.19e-02	3.64e-04
 7.85255e+21	9.59e-01	4.05e-02	3.40e-04
 8.30457e+21	9.60e-01	3.93e-02	3.20e-04
 8.71129e+21	9.61e-01	3.83e-02	3.06e-04
 9.06899e+21	9.62e-01	3.76e-02	2.94e-04
 9.46447e+21	9.63e-01	3.69e-02	2.83e-04
 9.90514e+21	9.64e-01	3.62e-02	2.74e-04
 1.03070e+22	9.64e-01	3.57e-02	2.66e-04
 1.06637e+22	9.64e-01	3.53e-02	2.60e-04
 1.10591e+22	9.65e-01	3.49e-02	2.54e-04
 1.14996e+22	9.65e-01	3.43e-02	2.46e-04
 1.18969e+22	9.66e-01	3.42e-02	2.44e-04
 1.22545e+22	9.66e-01	3.38e-02	2.39e-04
 1.26625e+22	9.66e-01	3.35e-02	2.35e-04
 1.31143e+22	9.66e-01	3.34e-02	2.33e-04
 1.35293e+22	9.67e-01	3.31e-02	2.29e-04
 1.39040e+22	9.67e-01	3.29e-02	2.27e-04
 1.43204e+22	9.67e-01	3.28e-02	2.26e-04
 1.48617e+22	9.67e-01	3.25e-02	2.22e-04
 1.54009e+22	9.67e-01	3.25e-02	2.21e-04
 1.58201e+22	9.67e-01	3.23e-02	2.19e-04
 1.62477e+22	9.68e-01	3.22e-02	2.18e-04
 1.68037e+22	9.68e-01	3.20e-02	2.15e-04
 1.74021e+22	9.68e-01	3.20e-02	2.14e-04
 1.79484e+22	9.68e-01	3.18e-02	2.12e-04
 1.85512e+22	9.68e-01	3.18e-02	2.11e-04
 1.93348e+22	9.68e-01	3.17e-02	2.10e-04
 2.03316e+22	9.68e-01	3.15e-02	2.09e-04
 2.13841e+22	9.68e-01	3.15e-02	2.07e-04
 2.23314e+22	9.68e-01	3.14e-02	2.07e-04
 2.31839e+22	9.68e-01	3.13e-02	2.06e-04
 2.39512e+22	9.69e-01	3.13e-02	2.05e-04
 2.46418e+22	9.69e-01	3.12e-02	2.05e-04
 2.52633e+22	9.69e-01	3.12e-02	2.05e-04
 2.58226e+22	9.69e-01	3.12e-02	2.04e-04
 2.63260e+22	9.69e-01	3.12e-02	2.04e-04
 2.67791e+22	9.69e-01	3.11e-02	2.04e-04
 2.71869e+22	9.69e-01	3.11e-02	2.04e-04
 2.75539e+22	9.69e-01	3.11e-02	2.03e-04
 2.78842e+22	9.69e-01	3.11e-02	2.03e-04
 2.81949e+22	9.69e-01	3.11e-02	2.03e-04
 2.85035e+22	9.69e-01	3.11e-02	2.03e-04
 2.88120e+22	9.69e-01	3.11e-02	2.03e-04
 2.91206e+22	9.69e-01	3.11e-02	2.03e-04
 2.94292e+22	9.69e-01	3.11e-02	2.04e-04
 2.97377e+22	9.69e-01	3.11e-02	2.04e-04
 3.00463e+22	9.69e-01	3.12e-02	2.05e-04
 3.03549e+22	9.69e-01	3.12e-02	2.07e-04
 3.06068e+22	9.68e-01	3.13e-02	2.09e-04
 3.07398e+22	9.68e-01	3.14e-02	2.11e-04
 3.07895e+22	9.68e-01	3.15e-02	2.12e-04
 3.08224e+22	9.68e-01	3.15e-02	2.13e-04
 3.08489e+22	9.68e-01	3.15e-02	2.13e-04
