#depth	He	He+	He+2
 1.65315e+15	8.97e-02	8.53e-01	5.74e-02
 9.91890e+15	8.95e-02	8.53e-01	5.75e-02
 4.29819e+16	8.96e-02	8.53e-01	5.75e-02
 1.75234e+17	9.01e-02	8.53e-01	5.70e-02
 4.18577e+17	9.09e-02	8.53e-01	5.65e-02
 7.34924e+17	9.22e-02	8.52e-01	5.57e-02
 1.14617e+18	9.41e-02	8.51e-01	5.46e-02
 1.68080e+18	9.67e-02	8.50e-01	5.31e-02
 2.31336e+18	1.00e-01	8.49e-01	5.15e-02
 2.95139e+18	1.04e-01	8.46e-01	4.99e-02
 3.61443e+18	1.09e-01	8.43e-01	4.81e-02
 4.37482e+18	1.15e-01	8.39e-01	4.60e-02
 5.12793e+18	1.22e-01	8.33e-01	4.44e-02
 5.74363e+18	1.29e-01	8.28e-01	4.33e-02
 6.24184e+18	1.36e-01	8.22e-01	4.23e-02
 6.70232e+18	1.42e-01	8.16e-01	4.15e-02
 7.23098e+18	1.51e-01	8.08e-01	4.06e-02
 7.80437e+18	1.62e-01	7.98e-01	3.98e-02
 8.28568e+18	1.72e-01	7.89e-01	3.92e-02
 8.65247e+18	1.80e-01	7.81e-01	3.89e-02
 8.95763e+18	1.88e-01	7.74e-01	3.86e-02
 9.25171e+18	1.95e-01	7.66e-01	3.83e-02
 9.54823e+18	2.04e-01	7.58e-01	3.80e-02
 9.83440e+18	2.12e-01	7.50e-01	3.77e-02
 1.01058e+19	2.21e-01	7.42e-01	3.75e-02
 1.03707e+19	2.29e-01	7.34e-01	3.72e-02
 1.06307e+19	2.38e-01	7.25e-01	3.70e-02
 1.08348e+19	2.44e-01	7.19e-01	3.68e-02
 1.09750e+19	2.49e-01	7.14e-01	3.67e-02
 1.11117e+19	2.54e-01	7.09e-01	3.65e-02
 1.12674e+19	2.60e-01	7.04e-01	3.63e-02
 1.14393e+19	2.67e-01	6.97e-01	3.61e-02
 1.16131e+19	2.73e-01	6.91e-01	3.59e-02
 1.17845e+19	2.80e-01	6.84e-01	3.56e-02
 1.19582e+19	2.87e-01	6.78e-01	3.54e-02
 1.21394e+19	2.94e-01	6.71e-01	3.51e-02
 1.23281e+19	3.02e-01	6.63e-01	3.48e-02
 1.25173e+19	3.10e-01	6.55e-01	3.45e-02
 1.27099e+19	3.19e-01	6.47e-01	3.41e-02
 1.29074e+19	3.27e-01	6.39e-01	3.37e-02
 1.31123e+19	3.36e-01	6.30e-01	3.33e-02
 1.33227e+19	3.45e-01	6.22e-01	3.29e-02
 1.35390e+19	3.56e-01	6.12e-01	3.24e-02
 1.37607e+19	3.65e-01	6.03e-01	3.20e-02
 1.39904e+19	3.76e-01	5.93e-01	3.14e-02
 1.42289e+19	3.87e-01	5.82e-01	3.08e-02
 1.44681e+19	3.98e-01	5.72e-01	3.03e-02
 1.47130e+19	4.09e-01	5.61e-01	2.97e-02
 1.49696e+19	4.21e-01	5.50e-01	2.91e-02
 1.52322e+19	4.33e-01	5.38e-01	2.85e-02
 1.55013e+19	4.46e-01	5.27e-01	2.78e-02
 1.57795e+19	4.59e-01	5.14e-01	2.71e-02
 1.60626e+19	4.71e-01	5.02e-01	2.64e-02
 1.63528e+19	4.84e-01	4.90e-01	2.57e-02
 1.66530e+19	4.98e-01	4.77e-01	2.50e-02
 1.69624e+19	5.11e-01	4.65e-01	2.43e-02
 1.72794e+19	5.25e-01	4.52e-01	2.35e-02
 1.76038e+19	5.39e-01	4.39e-01	2.28e-02
 1.79344e+19	5.52e-01	4.26e-01	2.20e-02
 1.82706e+19	5.66e-01	4.13e-01	2.13e-02
 1.86139e+19	5.79e-01	4.00e-01	2.06e-02
 1.89640e+19	5.92e-01	3.88e-01	1.98e-02
 1.93222e+19	6.05e-01	3.76e-01	1.91e-02
 1.96884e+19	6.19e-01	3.63e-01	1.83e-02
 2.00639e+19	6.31e-01	3.51e-01	1.77e-02
 2.04495e+19	6.44e-01	3.39e-01	1.69e-02
 2.08442e+19	6.56e-01	3.27e-01	1.62e-02
 2.12528e+19	6.69e-01	3.16e-01	1.55e-02
 2.16776e+19	6.81e-01	3.04e-01	1.48e-02
 2.21164e+19	6.93e-01	2.93e-01	1.41e-02
 2.25713e+19	7.04e-01	2.82e-01	1.35e-02
 2.30461e+19	7.16e-01	2.71e-01	1.28e-02
 2.35425e+19	7.27e-01	2.61e-01	1.21e-02
 2.40616e+19	7.38e-01	2.51e-01	1.15e-02
 2.46067e+19	7.49e-01	2.40e-01	1.08e-02
 2.51823e+19	7.59e-01	2.31e-01	1.02e-02
 2.57930e+19	7.69e-01	2.21e-01	9.55e-03
 2.64382e+19	7.79e-01	2.12e-01	8.94e-03
 2.71219e+19	7.89e-01	2.03e-01	8.35e-03
 2.78544e+19	7.98e-01	1.94e-01	7.77e-03
 2.86402e+19	8.07e-01	1.85e-01	7.20e-03
 2.94821e+19	8.16e-01	1.77e-01	6.66e-03
 3.03846e+19	8.25e-01	1.69e-01	6.13e-03
 3.13524e+19	8.33e-01	1.61e-01	5.63e-03
 3.23897e+19	8.41e-01	1.54e-01	5.15e-03
 3.35003e+19	8.48e-01	1.47e-01	4.71e-03
 3.46830e+19	8.56e-01	1.40e-01	4.28e-03
 3.59524e+19	8.63e-01	1.33e-01	3.88e-03
 3.73067e+19	8.70e-01	1.27e-01	3.51e-03
 3.86960e+19	8.76e-01	1.21e-01	3.18e-03
 4.00698e+19	8.82e-01	1.15e-01	2.90e-03
 4.14097e+19	8.87e-01	1.11e-01	2.65e-03
 4.27209e+19	8.91e-01	1.06e-01	2.43e-03
 4.40081e+19	8.96e-01	1.02e-01	2.24e-03
 4.52657e+19	9.00e-01	9.84e-02	2.07e-03
 4.64810e+19	9.03e-01	9.50e-02	1.92e-03
 4.76449e+19	9.06e-01	9.19e-02	1.79e-03
 4.87540e+19	9.09e-01	8.91e-02	1.68e-03
 4.98077e+19	9.12e-01	8.65e-02	1.57e-03
 5.08002e+19	9.14e-01	8.42e-02	1.49e-03
 5.17429e+19	9.17e-01	8.20e-02	1.41e-03
