#depth	O	O+	O+2	O+3	O+4	O+5	O+6	O+7	O+8	O[1]	O[2]	O[3]
 4.19694e+14	1.00e-01	8.38e-01	6.11e-02	2.71e-04	2.80e-06	0.00e+00	0.00e+00	0.00e+00	0.00e+00	1.00e-01	2.25e-05	2.45e-05
 2.51817e+15	9.99e-02	8.38e-01	6.15e-02	2.74e-04	2.84e-06	0.00e+00	0.00e+00	0.00e+00	0.00e+00	9.98e-02	2.24e-05	2.44e-05
 1.09121e+16	9.94e-02	8.38e-01	6.20e-02	2.76e-04	2.87e-06	0.00e+00	0.00e+00	0.00e+00	0.00e+00	9.94e-02	2.23e-05	2.43e-05
 4.44876e+16	9.86e-02	8.38e-01	6.31e-02	2.81e-04	2.91e-06	0.00e+00	0.00e+00	0.00e+00	0.00e+00	9.85e-02	2.22e-05	2.41e-05
 1.06267e+17	9.28e-02	8.37e-01	6.94e-02	3.20e-04	3.30e-06	0.00e+00	0.00e+00	0.00e+00	0.00e+00	9.28e-02	2.09e-05	2.28e-05
 1.86579e+17	9.00e-02	8.37e-01	7.25e-02	3.37e-04	3.47e-06	0.00e+00	0.00e+00	0.00e+00	0.00e+00	9.00e-02	2.03e-05	2.21e-05
 2.90986e+17	8.93e-02	8.37e-01	7.37e-02	3.38e-04	3.48e-06	0.00e+00	0.00e+00	0.00e+00	0.00e+00	8.93e-02	2.02e-05	2.20e-05
 4.26714e+17	9.09e-02	8.36e-01	7.27e-02	3.18e-04	3.30e-06	0.00e+00	0.00e+00	0.00e+00	0.00e+00	9.09e-02	2.05e-05	2.24e-05
 5.95116e+17	9.51e-02	8.35e-01	6.95e-02	2.82e-04	2.97e-06	0.00e+00	0.00e+00	0.00e+00	0.00e+00	9.50e-02	2.14e-05	2.33e-05
 7.87012e+17	1.02e-01	8.33e-01	6.39e-02	2.33e-04	2.51e-06	0.00e+00	0.00e+00	0.00e+00	0.00e+00	1.02e-01	2.29e-05	2.49e-05
 1.01086e+18	1.15e-01	8.29e-01	5.54e-02	1.74e-04	1.95e-06	0.00e+00	0.00e+00	0.00e+00	0.00e+00	1.15e-01	2.55e-05	2.77e-05
 1.28018e+18	1.35e-01	8.20e-01	4.48e-02	1.15e-04	1.36e-06	0.00e+00	0.00e+00	0.00e+00	0.00e+00	1.35e-01	2.95e-05	3.21e-05
 1.55535e+18	1.63e-01	8.02e-01	3.47e-02	7.10e-05	8.98e-07	0.00e+00	0.00e+00	0.00e+00	0.00e+00	1.63e-01	3.47e-05	3.77e-05
 1.81168e+18	1.96e-01	7.78e-01	2.64e-02	4.33e-05	5.89e-07	0.00e+00	0.00e+00	0.00e+00	0.00e+00	1.96e-01	4.05e-05	4.41e-05
 2.06263e+18	2.35e-01	7.45e-01	1.97e-02	2.60e-05	3.82e-07	0.00e+00	0.00e+00	0.00e+00	0.00e+00	2.35e-01	4.69e-05	5.09e-05
 2.29698e+18	2.76e-01	7.09e-01	1.48e-02	1.62e-05	2.53e-07	0.00e+00	0.00e+00	0.00e+00	0.00e+00	2.76e-01	5.29e-05	5.75e-05
 2.50533e+18	3.16e-01	6.73e-01	1.15e-02	1.07e-05	1.77e-07	0.00e+00	0.00e+00	0.00e+00	0.00e+00	3.15e-01	5.81e-05	6.31e-05
 2.69241e+18	3.52e-01	6.39e-01	9.13e-03	7.45e-06	1.29e-07	0.00e+00	0.00e+00	0.00e+00	0.00e+00	3.52e-01	6.23e-05	6.76e-05
 2.86370e+18	3.86e-01	6.06e-01	7.40e-03	5.42e-06	0.00e+00	0.00e+00	0.00e+00	0.00e+00	0.00e+00	3.86e-01	6.56e-05	7.12e-05
 3.02846e+18	4.17e-01	5.77e-01	6.09e-03	4.07e-06	0.00e+00	0.00e+00	0.00e+00	0.00e+00	0.00e+00	4.17e-01	6.83e-05	7.41e-05
 3.18482e+18	4.46e-01	5.48e-01	5.07e-03	3.15e-06	0.00e+00	0.00e+00	0.00e+00	0.00e+00	0.00e+00	4.46e-01	7.04e-05	7.63e-05
 3.33156e+18	4.73e-01	5.23e-01	4.28e-03	2.50e-06	0.00e+00	0.00e+00	0.00e+00	0.00e+00	0.00e+00	4.73e-01	7.19e-05	7.80e-05
 3.47762e+18	4.98e-01	4.98e-01	3.62e-03	2.00e-06	0.00e+00	0.00e+00	0.00e+00	0.00e+00	0.00e+00	4.98e-01	7.31e-05	7.93e-05
 3.62532e+18	5.22e-01	4.75e-01	3.08e-03	1.63e-06	0.00e+00	0.00e+00	0.00e+00	0.00e+00	0.00e+00	5.22e-01	7.40e-05	8.02e-05
 3.77319e+18	5.46e-01	4.52e-01	2.62e-03	1.33e-06	0.00e+00	0.00e+00	0.00e+00	0.00e+00	0.00e+00	5.46e-01	7.45e-05	8.08e-05
 3.92299e+18	5.67e-01	4.31e-01	2.23e-03	1.10e-06	0.00e+00	0.00e+00	0.00e+00	0.00e+00	0.00e+00	5.67e-01	7.48e-05	8.10e-05
 4.07227e+18	5.88e-01	4.10e-01	1.91e-03	9.26e-07	0.00e+00	0.00e+00	0.00e+00	0.00e+00	0.00e+00	5.87e-01	7.49e-05	8.11e-05
 4.19094e+18	6.02e-01	3.96e-01	1.71e-03	8.17e-07	0.00e+00	0.00e+00	0.00e+00	0.00e+00	0.00e+00	6.02e-01	7.48e-05	8.09e-05
 4.27616e+18	6.12e-01	3.86e-01	1.57e-03	7.47e-07	0.00e+00	0.00e+00	0.00e+00	0.00e+00	0.00e+00	6.12e-01	7.47e-05	8.08e-05
 4.36271e+18	6.23e-01	3.76e-01	1.44e-03	6.81e-07	0.00e+00	0.00e+00	0.00e+00	0.00e+00	0.00e+00	6.23e-01	7.45e-05	8.06e-05
 4.46433e+18	6.35e-01	3.64e-01	1.30e-03	6.15e-07	0.00e+00	0.00e+00	0.00e+00	0.00e+00	0.00e+00	6.35e-01	7.42e-05	8.03e-05
 4.57496e+18	6.47e-01	3.52e-01	1.17e-03	5.53e-07	0.00e+00	0.00e+00	0.00e+00	0.00e+00	0.00e+00	6.47e-01	7.38e-05	7.99e-05
 4.68561e+18	6.58e-01	3.41e-01	1.05e-03	5.02e-07	0.00e+00	0.00e+00	0.00e+00	0.00e+00	0.00e+00	6.58e-01	7.34e-05	7.94e-05
 4.79790e+18	6.69e-01	3.30e-01	9.46e-04	4.55e-07	0.00e+00	0.00e+00	0.00e+00	0.00e+00	0.00e+00	6.69e-01	7.30e-05	7.89e-05
 4.91413e+18	6.80e-01	3.19e-01	8.51e-04	4.14e-07	0.00e+00	0.00e+00	0.00e+00	0.00e+00	0.00e+00	6.80e-01	7.25e-05	7.83e-05
 5.03527e+18	6.91e-01	3.08e-01	7.61e-04	3.76e-07	0.00e+00	0.00e+00	0.00e+00	0.00e+00	0.00e+00	6.91e-01	7.19e-05	7.77e-05
 5.16054e+18	7.01e-01	2.98e-01	6.82e-04	3.43e-07	0.00e+00	0.00e+00	0.00e+00	0.00e+00	0.00e+00	7.01e-01	7.13e-05	7.70e-05
 5.28970e+18	7.12e-01	2.88e-01	6.09e-04	3.13e-07	0.00e+00	0.00e+00	0.00e+00	0.00e+00	0.00e+00	7.12e-01	7.06e-05	7.62e-05
 5.42404e+18	7.22e-01	2.78e-01	5.44e-04	2.87e-07	0.00e+00	0.00e+00	0.00e+00	0.00e+00	0.00e+00	7.22e-01	6.99e-05	7.54e-05
 5.56403e+18	7.32e-01	2.68e-01	4.84e-04	2.63e-07	0.00e+00	0.00e+00	0.00e+00	0.00e+00	0.00e+00	7.32e-01	6.92e-05	7.46e-05
 5.70988e+18	7.42e-01	2.58e-01	4.29e-04	2.42e-07	0.00e+00	0.00e+00	0.00e+00	0.00e+00	0.00e+00	7.41e-01	6.84e-05	7.37e-05
 5.85844e+18	7.51e-01	2.49e-01	3.82e-04	2.23e-07	0.00e+00	0.00e+00	0.00e+00	0.00e+00	0.00e+00	7.51e-01	6.75e-05	7.28e-05
 6.01216e+18	7.60e-01	2.40e-01	3.39e-04	2.06e-07	0.00e+00	0.00e+00	0.00e+00	0.00e+00	0.00e+00	7.60e-01	6.67e-05	7.18e-05
 6.17502e+18	7.69e-01	2.31e-01	3.00e-04	1.90e-07	0.00e+00	0.00e+00	0.00e+00	0.00e+00	0.00e+00	7.69e-01	6.57e-05	7.08e-05
 6.34415e+18	7.77e-01	2.22e-01	2.66e-04	1.77e-07	0.00e+00	0.00e+00	0.00e+00	0.00e+00	0.00e+00	7.77e-01	6.48e-05	6.98e-05
 6.52038e+18	7.86e-01	2.14e-01	2.35e-04	1.64e-07	0.00e+00	0.00e+00	0.00e+00	0.00e+00	0.00e+00	7.86e-01	6.38e-05	6.87e-05
 6.70495e+18	7.94e-01	2.06e-01	2.08e-04	1.53e-07	0.00e+00	0.00e+00	0.00e+00	0.00e+00	0.00e+00	7.94e-01	6.29e-05	6.77e-05
 6.90006e+18	8.02e-01	1.98e-01	1.84e-04	1.43e-07	0.00e+00	0.00e+00	0.00e+00	0.00e+00	0.00e+00	8.02e-01	6.19e-05	6.66e-05
 7.10743e+18	8.10e-01	1.90e-01	1.62e-04	1.33e-07	0.00e+00	0.00e+00	0.00e+00	0.00e+00	0.00e+00	8.09e-01	6.10e-05	6.55e-05
 7.32313e+18	8.17e-01	1.83e-01	1.43e-04	1.25e-07	0.00e+00	0.00e+00	0.00e+00	0.00e+00	0.00e+00	8.17e-01	6.00e-05	6.45e-05
 7.55176e+18	8.24e-01	1.76e-01	1.27e-04	0.00e+00	0.00e+00	0.00e+00	0.00e+00	0.00e+00	0.00e+00	8.24e-01	5.91e-05	6.34e-05
 7.79700e+18	8.31e-01	1.69e-01	1.12e-04	0.00e+00	0.00e+00	0.00e+00	0.00e+00	0.00e+00	0.00e+00	8.30e-01	5.81e-05	6.24e-05
 8.05790e+18	8.37e-01	1.63e-01	9.91e-05	0.00e+00	0.00e+00	0.00e+00	0.00e+00	0.00e+00	0.00e+00	8.37e-01	5.72e-05	6.14e-05
 8.33310e+18	8.43e-01	1.57e-01	8.80e-05	0.00e+00	0.00e+00	0.00e+00	0.00e+00	0.00e+00	0.00e+00	8.43e-01	5.63e-05	6.04e-05
 8.62468e+18	8.49e-01	1.51e-01	7.84e-05	0.00e+00	0.00e+00	0.00e+00	0.00e+00	0.00e+00	0.00e+00	8.49e-01	5.54e-05	5.94e-05
 8.93790e+18	8.54e-01	1.46e-01	6.99e-05	0.00e+00	0.00e+00	0.00e+00	0.00e+00	0.00e+00	0.00e+00	8.54e-01	5.46e-05	5.85e-05
 9.27682e+18	8.59e-01	1.41e-01	6.25e-05	0.00e+00	0.00e+00	0.00e+00	0.00e+00	0.00e+00	0.00e+00	8.59e-01	5.38e-05	5.76e-05
 9.64382e+18	8.64e-01	1.36e-01	5.60e-05	0.00e+00	0.00e+00	0.00e+00	0.00e+00	0.00e+00	0.00e+00	8.64e-01	5.30e-05	5.67e-05
 1.00423e+19	8.69e-01	1.31e-01	5.02e-05	0.00e+00	0.00e+00	0.00e+00	0.00e+00	0.00e+00	0.00e+00	8.69e-01	5.22e-05	5.59e-05
 1.04780e+19	8.73e-01	1.27e-01	4.51e-05	0.00e+00	0.00e+00	0.00e+00	0.00e+00	0.00e+00	0.00e+00	8.73e-01	5.14e-05	5.50e-05
 1.09554e+19	8.78e-01	1.22e-01	4.06e-05	0.00e+00	0.00e+00	0.00e+00	0.00e+00	0.00e+00	0.00e+00	8.78e-01	5.07e-05	5.42e-05
 1.14781e+19	8.82e-01	1.18e-01	3.66e-05	0.00e+00	0.00e+00	0.00e+00	0.00e+00	0.00e+00	0.00e+00	8.82e-01	5.00e-05	5.34e-05
 1.20495e+19	8.86e-01	1.14e-01	3.30e-05	0.00e+00	0.00e+00	0.00e+00	0.00e+00	0.00e+00	0.00e+00	8.86e-01	4.92e-05	5.26e-05
 1.26736e+19	8.90e-01	1.10e-01	2.98e-05	0.00e+00	0.00e+00	0.00e+00	0.00e+00	0.00e+00	0.00e+00	8.89e-01	4.85e-05	5.19e-05
 1.33527e+19	8.93e-01	1.07e-01	2.69e-05	0.00e+00	0.00e+00	0.00e+00	0.00e+00	0.00e+00	0.00e+00	8.93e-01	4.79e-05	5.11e-05
 1.40874e+19	8.97e-01	1.03e-01	2.44e-05	0.00e+00	0.00e+00	0.00e+00	0.00e+00	0.00e+00	0.00e+00	8.97e-01	4.72e-05	5.03e-05
 1.48776e+19	9.00e-01	9.95e-02	2.21e-05	0.00e+00	0.00e+00	0.00e+00	0.00e+00	0.00e+00	0.00e+00	9.00e-01	4.65e-05	4.96e-05
 1.57235e+19	9.04e-01	9.61e-02	2.00e-05	0.00e+00	0.00e+00	0.00e+00	0.00e+00	0.00e+00	0.00e+00	9.04e-01	4.59e-05	4.89e-05
 1.66253e+19	9.07e-01	9.28e-02	1.82e-05	0.00e+00	0.00e+00	0.00e+00	0.00e+00	0.00e+00	0.00e+00	9.07e-01	4.52e-05	4.82e-05
 1.75831e+19	9.10e-01	8.96e-02	1.66e-05	0.00e+00	0.00e+00	0.00e+00	0.00e+00	0.00e+00	0.00e+00	9.10e-01	4.46e-05	4.75e-05
 1.85975e+19	9.13e-01	8.65e-02	1.52e-05	0.00e+00	0.00e+00	0.00e+00	0.00e+00	0.00e+00	0.00e+00	9.13e-01	4.40e-05	4.68e-05
 1.96692e+19	9.16e-01	8.35e-02	1.39e-05	0.00e+00	0.00e+00	0.00e+00	0.00e+00	0.00e+00	0.00e+00	9.16e-01	4.34e-05	4.62e-05
 2.07995e+19	9.19e-01	8.06e-02	1.28e-05	0.00e+00	0.00e+00	0.00e+00	0.00e+00	0.00e+00	0.00e+00	9.19e-01	4.28e-05	4.55e-05
 2.19897e+19	9.22e-01	7.78e-02	1.18e-05	0.00e+00	0.00e+00	0.00e+00	0.00e+00	0.00e+00	0.00e+00	9.22e-01	4.22e-05	4.49e-05
 2.32413e+19	9.25e-01	7.50e-02	1.09e-05	0.00e+00	0.00e+00	0.00e+00	0.00e+00	0.00e+00	0.00e+00	9.25e-01	4.17e-05	4.43e-05
 2.45558e+19	9.28e-01	7.24e-02	1.01e-05	0.00e+00	0.00e+00	0.00e+00	0.00e+00	0.00e+00	0.00e+00	9.28e-01	4.11e-05	4.37e-05
 2.59353e+19	9.30e-01	6.98e-02	9.41e-06	0.00e+00	0.00e+00	0.00e+00	0.00e+00	0.00e+00	0.00e+00	9.30e-01	4.06e-05	4.31e-05
 2.73832e+19	9.33e-01	6.73e-02	8.78e-06	0.00e+00	0.00e+00	0.00e+00	0.00e+00	0.00e+00	0.00e+00	9.33e-01	4.01e-05	4.25e-05
 2.89031e+19	9.35e-01	6.50e-02	8.22e-06	0.00e+00	0.00e+00	0.00e+00	0.00e+00	0.00e+00	0.00e+00	9.35e-01	3.96e-05	4.19e-05
 3.04866e+19	9.37e-01	6.26e-02	7.73e-06	0.00e+00	0.00e+00	0.00e+00	0.00e+00	0.00e+00	0.00e+00	9.37e-01	3.91e-05	4.14e-05
 3.21364e+19	9.40e-01	6.04e-02	7.30e-06	0.00e+00	0.00e+00	0.00e+00	0.00e+00	0.00e+00	0.00e+00	9.40e-01	3.86e-05	4.08e-05
 3.38666e+19	9.42e-01	5.82e-02	6.91e-06	0.00e+00	0.00e+00	0.00e+00	0.00e+00	0.00e+00	0.00e+00	9.42e-01	3.82e-05	4.03e-05
 3.56770e+19	9.44e-01	5.61e-02	6.56e-06	0.00e+00	0.00e+00	0.00e+00	0.00e+00	0.00e+00	0.00e+00	9.44e-01	3.77e-05	3.98e-05
 3.75638e+19	9.46e-01	5.41e-02	6.26e-06	0.00e+00	0.00e+00	0.00e+00	0.00e+00	0.00e+00	0.00e+00	9.46e-01	3.72e-05	3.92e-05
 3.95283e+19	9.48e-01	5.22e-02	5.99e-06	0.00e+00	0.00e+00	0.00e+00	0.00e+00	0.00e+00	0.00e+00	9.48e-01	3.67e-05	3.86e-05
 4.15708e+19	9.50e-01	5.02e-02	5.75e-06	0.00e+00	0.00e+00	0.00e+00	0.00e+00	0.00e+00	0.00e+00	9.50e-01	3.63e-05	3.79e-05
 4.36985e+19	9.52e-01	4.84e-02	5.54e-06	0.00e+00	0.00e+00	0.00e+00	0.00e+00	0.00e+00	0.00e+00	9.52e-01	3.58e-05	3.73e-05
 4.59146e+19	9.53e-01	4.66e-02	5.36e-06	0.00e+00	0.00e+00	0.00e+00	0.00e+00	0.00e+00	0.00e+00	9.53e-01	3.54e-05	3.68e-05
 4.82069e+19	9.55e-01	4.49e-02	5.19e-06	0.00e+00	0.00e+00	0.00e+00	0.00e+00	0.00e+00	0.00e+00	9.55e-01	3.49e-05	3.62e-05
 5.05776e+19	9.57e-01	4.33e-02	5.05e-06	0.00e+00	0.00e+00	0.00e+00	0.00e+00	0.00e+00	0.00e+00	9.57e-01	3.45e-05	3.56e-05
 5.30438e+19	9.58e-01	4.16e-02	4.93e-06	0.00e+00	0.00e+00	0.00e+00	0.00e+00	0.00e+00	0.00e+00	9.58e-01	3.41e-05	3.51e-05
 5.56306e+19	9.60e-01	4.01e-02	4.82e-06	0.00e+00	0.00e+00	0.00e+00	0.00e+00	0.00e+00	0.00e+00	9.60e-01	3.37e-05	3.45e-05
 5.83104e+19	9.61e-01	3.86e-02	4.73e-06	0.00e+00	0.00e+00	0.00e+00	0.00e+00	0.00e+00	0.00e+00	9.61e-01	3.33e-05	3.40e-05
 6.10517e+19	9.63e-01	3.71e-02	4.65e-06	0.00e+00	0.00e+00	0.00e+00	0.00e+00	0.00e+00	0.00e+00	9.63e-01	3.29e-05	3.35e-05
 6.38806e+19	9.64e-01	3.57e-02	4.59e-06	0.00e+00	0.00e+00	0.00e+00	0.00e+00	0.00e+00	0.00e+00	9.64e-01	3.25e-05	3.30e-05
 6.67970e+19	9.66e-01	3.44e-02	4.53e-06	0.00e+00	0.00e+00	0.00e+00	0.00e+00	0.00e+00	0.00e+00	9.66e-01	3.22e-05	3.26e-05
 6.97240e+19	9.67e-01	3.32e-02	4.49e-06	0.00e+00	0.00e+00	0.00e+00	0.00e+00	0.00e+00	0.00e+00	9.67e-01	3.18e-05	3.21e-05
 7.25778e+19	9.68e-01	3.20e-02	4.46e-06	0.00e+00	0.00e+00	0.00e+00	0.00e+00	0.00e+00	0.00e+00	9.68e-01	3.15e-05	3.17e-05
 7.53494e+19	9.69e-01	3.09e-02	4.44e-06	0.00e+00	0.00e+00	0.00e+00	0.00e+00	0.00e+00	0.00e+00	9.69e-01	3.12e-05	3.14e-05
 7.80559e+19	9.70e-01	2.99e-02	4.42e-06	0.00e+00	0.00e+00	0.00e+00	0.00e+00	0.00e+00	0.00e+00	9.70e-01	3.09e-05	3.10e-05
 8.07021e+19	9.71e-01	2.90e-02	4.41e-06	0.00e+00	0.00e+00	0.00e+00	0.00e+00	0.00e+00	0.00e+00	9.71e-01	3.06e-05	3.07e-05
 8.32802e+19	9.72e-01	2.81e-02	4.41e-06	0.00e+00	0.00e+00	0.00e+00	0.00e+00	0.00e+00	0.00e+00	9.72e-01	3.03e-05	3.04e-05
 8.57724e+19	9.73e-01	2.73e-02	4.41e-06	0.00e+00	0.00e+00	0.00e+00	0.00e+00	0.00e+00	0.00e+00	9.73e-01	3.01e-05	3.01e-05
 8.81620e+19	9.73e-01	2.66e-02	4.42e-06	0.00e+00	0.00e+00	0.00e+00	0.00e+00	0.00e+00	0.00e+00	9.73e-01	2.98e-05	2.98e-05
 9.04419e+19	9.74e-01	2.59e-02	4.43e-06	0.00e+00	0.00e+00	0.00e+00	0.00e+00	0.00e+00	0.00e+00	9.74e-01	2.96e-05	2.95e-05
 9.26078e+19	9.75e-01	2.52e-02	4.44e-06	0.00e+00	0.00e+00	0.00e+00	0.00e+00	0.00e+00	0.00e+00	9.75e-01	2.94e-05	2.92e-05
 9.46604e+19	9.75e-01	2.46e-02	4.46e-06	0.00e+00	0.00e+00	0.00e+00	0.00e+00	0.00e+00	0.00e+00	9.75e-01	2.91e-05	2.90e-05
