#depth	He	He+	He+2
 1.27122e+17	2.61e-03	3.18e-01	6.79e-01
 7.62734e+17	2.60e-03	3.18e-01	6.79e-01
 3.30518e+18	2.59e-03	3.18e-01	6.79e-01
 1.34750e+19	2.57e-03	3.21e-01	6.76e-01
 3.21874e+19	2.47e-03	3.21e-01	6.77e-01
 5.65135e+19	2.43e-03	3.26e-01	6.72e-01
 8.81374e+19	2.45e-03	3.36e-01	6.61e-01
 1.29249e+20	2.55e-03	3.55e-01	6.42e-01
 1.82693e+20	2.77e-03	3.86e-01	6.11e-01
 2.46213e+20	3.15e-03	4.30e-01	5.67e-01
 3.20697e+20	3.80e-03	4.92e-01	5.05e-01
 3.81727e+20	4.37e-03	5.45e-01	4.51e-01
 4.14546e+20	4.77e-03	5.75e-01	4.21e-01
 4.40215e+20	5.12e-03	5.98e-01	3.97e-01
 4.69446e+20	5.62e-03	6.25e-01	3.69e-01
 4.99434e+20	6.08e-03	6.51e-01	3.43e-01
 5.26357e+20	6.60e-03	6.73e-01	3.20e-01
 5.51138e+20	7.07e-03	6.92e-01	3.01e-01
 5.77181e+20	7.65e-03	7.12e-01	2.80e-01
 6.04889e+20	8.28e-03	7.31e-01	2.61e-01
 6.28798e+20	8.88e-03	7.46e-01	2.45e-01
 6.49970e+20	9.44e-03	7.58e-01	2.32e-01
 6.73544e+20	1.02e-02	7.72e-01	2.18e-01
 6.98915e+20	1.10e-02	7.85e-01	2.04e-01
 7.21246e+20	1.18e-02	7.95e-01	1.93e-01
 7.41377e+20	1.26e-02	8.04e-01	1.83e-01
 7.64021e+20	1.37e-02	8.13e-01	1.73e-01
 7.88237e+20	1.50e-02	8.22e-01	1.63e-01
 8.09295e+20	1.62e-02	8.28e-01	1.55e-01
 8.28483e+20	1.76e-02	8.34e-01	1.48e-01
 8.50442e+20	1.94e-02	8.40e-01	1.40e-01
 8.73314e+20	2.15e-02	8.45e-01	1.33e-01
 8.91859e+20	2.36e-02	8.48e-01	1.28e-01
 9.07242e+20	2.57e-02	8.50e-01	1.24e-01
 9.21716e+20	2.78e-02	8.52e-01	1.20e-01
 9.38224e+20	3.07e-02	8.53e-01	1.16e-01
 9.55327e+20	3.42e-02	8.54e-01	1.12e-01
 9.69021e+20	3.75e-02	8.54e-01	1.09e-01
 9.80274e+20	4.04e-02	8.53e-01	1.07e-01
 9.92537e+20	4.43e-02	8.51e-01	1.04e-01
 1.00611e+21	4.90e-02	8.49e-01	1.02e-01
 1.01852e+21	5.38e-02	8.46e-01	9.99e-02
 1.02980e+21	5.87e-02	8.43e-01	9.83e-02
 1.04249e+21	6.52e-02	8.38e-01	9.64e-02
 1.05639e+21	7.32e-02	8.32e-01	9.46e-02
 1.06912e+21	8.16e-02	8.25e-01	9.31e-02
 1.08253e+21	9.13e-02	8.17e-01	9.19e-02
 1.09693e+21	1.03e-01	8.06e-01	9.06e-02
 1.11015e+21	1.16e-01	7.95e-01	8.97e-02
 1.12186e+21	1.28e-01	7.83e-01	8.88e-02
 1.13268e+21	1.41e-01	7.71e-01	8.80e-02
 1.14327e+21	1.54e-01	7.59e-01	8.72e-02
 1.15370e+21	1.68e-01	7.46e-01	8.66e-02
 1.16383e+21	1.83e-01	7.32e-01	8.57e-02
 1.17381e+21	1.98e-01	7.17e-01	8.50e-02
 1.18201e+21	2.11e-01	7.05e-01	8.43e-02
 1.18777e+21	2.20e-01	6.96e-01	8.38e-02
 1.19329e+21	2.30e-01	6.87e-01	8.32e-02
 1.19973e+21	2.41e-01	6.76e-01	8.26e-02
 1.20687e+21	2.55e-01	6.64e-01	8.17e-02
 1.21412e+21	2.68e-01	6.51e-01	8.08e-02
 1.22132e+21	2.82e-01	6.38e-01	7.99e-02
 1.22885e+21	2.96e-01	6.25e-01	7.88e-02
 1.23684e+21	3.12e-01	6.11e-01	7.77e-02
 1.24530e+21	3.28e-01	5.95e-01	7.63e-02
 1.25420e+21	3.45e-01	5.80e-01	7.49e-02
 1.26367e+21	3.63e-01	5.63e-01	7.33e-02
 1.27398e+21	3.82e-01	5.47e-01	7.15e-02
 1.28534e+21	4.02e-01	5.29e-01	6.94e-02
 1.29779e+21	4.22e-01	5.11e-01	6.72e-02
 1.31173e+21	4.43e-01	4.92e-01	6.48e-02
 1.32790e+21	4.64e-01	4.74e-01	6.22e-02
 1.34529e+21	4.83e-01	4.58e-01	5.95e-02
 1.36250e+21	4.98e-01	4.44e-01	5.72e-02
 1.37934e+21	5.11e-01	4.33e-01	5.51e-02
 1.39852e+21	5.25e-01	4.23e-01	5.28e-02
 1.42345e+21	5.39e-01	4.11e-01	5.01e-02
 1.45585e+21	5.54e-01	3.99e-01	4.70e-02
 1.49798e+21	5.70e-01	3.86e-01	4.35e-02
 1.55194e+21	5.88e-01	3.72e-01	3.96e-02
 1.61489e+21	6.06e-01	3.58e-01	3.58e-02
 1.68130e+21	6.24e-01	3.44e-01	3.24e-02
 1.74994e+21	6.40e-01	3.31e-01	2.93e-02
 1.82258e+21	6.56e-01	3.17e-01	2.65e-02
 1.90023e+21	6.72e-01	3.04e-01	2.39e-02
 1.98245e+21	6.87e-01	2.91e-01	2.15e-02
 2.06892e+21	7.02e-01	2.79e-01	1.94e-02
 2.16014e+21	7.16e-01	2.66e-01	1.75e-02
 2.25672e+21	7.30e-01	2.54e-01	1.57e-02
 2.35890e+21	7.43e-01	2.43e-01	1.41e-02
 2.46698e+21	7.56e-01	2.31e-01	1.27e-02
 2.58137e+21	7.68e-01	2.20e-01	1.14e-02
 2.70251e+21	7.80e-01	2.10e-01	1.02e-02
 2.83078e+21	7.92e-01	1.99e-01	9.13e-03
 2.96660e+21	8.02e-01	1.89e-01	8.16e-03
 3.11087e+21	8.13e-01	1.80e-01	7.29e-03
 3.26386e+21	8.23e-01	1.70e-01	6.50e-03
 3.42612e+21	8.33e-01	1.62e-01	5.80e-03
 3.59843e+21	8.42e-01	1.53e-01	5.16e-03
 3.78165e+21	8.51e-01	1.45e-01	4.59e-03
 3.97614e+21	8.59e-01	1.37e-01	4.08e-03
 4.18341e+21	8.67e-01	1.29e-01	3.61e-03
 4.40533e+21	8.75e-01	1.22e-01	3.20e-03
 4.64181e+21	8.82e-01	1.15e-01	2.83e-03
 4.89459e+21	8.89e-01	1.08e-01	2.51e-03
 5.16585e+21	8.96e-01	1.02e-01	2.21e-03
 5.45752e+21	9.02e-01	9.59e-02	1.95e-03
 5.77148e+21	9.08e-01	9.00e-02	1.71e-03
 6.11082e+21	9.14e-01	8.46e-02	1.51e-03
 6.47891e+21	9.19e-01	7.93e-02	1.32e-03
 6.88176e+21	9.25e-01	7.43e-02	1.16e-03
 7.32084e+21	9.29e-01	6.96e-02	1.01e-03
 7.80234e+21	9.34e-01	6.51e-02	8.85e-04
 8.34243e+21	9.38e-01	6.09e-02	7.72e-04
 8.94720e+21	9.42e-01	5.68e-02	6.73e-04
 9.62739e+21	9.46e-01	5.31e-02	5.86e-04
 1.04087e+22	9.50e-01	4.95e-02	5.10e-04
 1.12421e+22	9.53e-01	4.65e-02	4.50e-04
 1.20203e+22	9.55e-01	4.43e-02	4.07e-04
 1.27203e+22	9.57e-01	4.25e-02	3.75e-04
 1.34919e+22	9.59e-01	4.08e-02	3.46e-04
 1.43423e+22	9.60e-01	3.94e-02	3.22e-04
 1.50986e+22	9.61e-01	3.83e-02	3.04e-04
 1.57549e+22	9.62e-01	3.74e-02	2.91e-04
 1.64775e+22	9.63e-01	3.66e-02	2.78e-04
 1.74168e+22	9.64e-01	3.57e-02	2.64e-04
 1.83562e+22	9.65e-01	3.50e-02	2.53e-04
 1.90656e+22	9.65e-01	3.45e-02	2.46e-04
 1.97578e+22	9.66e-01	3.40e-02	2.40e-04
 2.06575e+22	9.66e-01	3.36e-02	2.33e-04
 2.15949e+22	9.67e-01	3.31e-02	2.28e-04
 2.23625e+22	9.67e-01	3.28e-02	2.23e-04
 2.30374e+22	9.67e-01	3.26e-02	2.20e-04
 2.37478e+22	9.68e-01	3.23e-02	2.15e-04
 2.44587e+22	9.68e-01	3.20e-02	2.13e-04
 2.50985e+22	9.68e-01	3.19e-02	2.11e-04
 2.56744e+22	9.68e-01	3.18e-02	2.10e-04
 2.61926e+22	9.68e-01	3.17e-02	2.09e-04
 2.66590e+22	9.68e-01	3.16e-02	2.07e-04
 2.70788e+22	9.68e-01	3.16e-02	2.07e-04
 2.74566e+22	9.68e-01	3.15e-02	2.06e-04
 2.77966e+22	9.68e-01	3.15e-02	2.06e-04
 2.81120e+22	9.68e-01	3.14e-02	2.06e-04
 2.84205e+22	9.68e-01	3.14e-02	2.06e-04
 2.87291e+22	9.68e-01	3.14e-02	2.06e-04
 2.90377e+22	9.68e-01	3.14e-02	2.06e-04
 2.93462e+22	9.68e-01	3.14e-02	2.06e-04
 2.96548e+22	9.68e-01	3.15e-02	2.07e-04
 2.99634e+22	9.68e-01	3.15e-02	2.08e-04
 3.02719e+22	9.68e-01	3.16e-02	2.10e-04
 3.05805e+22	9.68e-01	3.16e-02	2.11e-04
 3.07958e+22	9.68e-01	3.17e-02	2.13e-04
