#depth	He	He+	He+2
 3.22595e+15	4.26e-03	4.37e-01	5.59e-01
 1.93557e+16	4.25e-03	4.37e-01	5.59e-01
 8.38747e+16	4.24e-03	4.38e-01	5.58e-01
 3.41951e+17	4.26e-03	4.43e-01	5.53e-01
 8.16810e+17	4.23e-03	4.47e-01	5.49e-01
 1.40729e+18	4.25e-03	4.56e-01	5.40e-01
 2.14809e+18	4.37e-03	4.72e-01	5.24e-01
 3.11112e+18	4.61e-03	4.98e-01	4.98e-01
 4.36307e+18	5.02e-03	5.36e-01	4.59e-01
 5.95174e+18	5.69e-03	5.88e-01	4.06e-01
 7.54407e+18	6.45e-03	6.43e-01	3.51e-01
 8.77052e+18	7.13e-03	6.83e-01	3.09e-01
 9.70195e+18	7.72e-03	7.13e-01	2.79e-01
 1.05180e+19	8.27e-03	7.37e-01	2.55e-01
 1.14376e+19	8.97e-03	7.63e-01	2.28e-01
 1.23894e+19	9.66e-03	7.85e-01	2.05e-01
 1.31528e+19	1.03e-02	8.01e-01	1.89e-01
 1.38009e+19	1.08e-02	8.13e-01	1.76e-01
 1.45294e+19	1.15e-02	8.27e-01	1.62e-01
 1.53187e+19	1.23e-02	8.39e-01	1.49e-01
 1.60187e+19	1.30e-02	8.48e-01	1.39e-01
 1.66425e+19	1.37e-02	8.55e-01	1.31e-01
 1.73358e+19	1.46e-02	8.63e-01	1.22e-01
 1.80762e+19	1.57e-02	8.70e-01	1.14e-01
 1.87202e+19	1.67e-02	8.75e-01	1.08e-01
 1.92985e+19	1.78e-02	8.79e-01	1.03e-01
 1.99489e+19	1.93e-02	8.84e-01	9.71e-02
 2.06462e+19	2.11e-02	8.87e-01	9.17e-02
 2.12522e+19	2.28e-02	8.89e-01	8.77e-02
 2.17848e+19	2.47e-02	8.91e-01	8.43e-02
 2.22851e+19	2.68e-02	8.92e-01	8.11e-02
 2.27560e+19	2.91e-02	8.92e-01	7.84e-02
 2.31925e+19	3.16e-02	8.92e-01	7.60e-02
 2.35974e+19	3.43e-02	8.92e-01	7.39e-02
 2.39767e+19	3.71e-02	8.91e-01	7.21e-02
 2.43367e+19	4.03e-02	8.89e-01	7.04e-02
 2.46817e+19	4.37e-02	8.87e-01	6.89e-02
 2.50104e+19	4.74e-02	8.85e-01	6.76e-02
 2.53246e+19	5.14e-02	8.82e-01	6.64e-02
 2.56307e+19	5.58e-02	8.79e-01	6.53e-02
 2.59311e+19	6.06e-02	8.75e-01	6.43e-02
 2.62261e+19	6.60e-02	8.71e-01	6.35e-02
 2.65166e+19	7.18e-02	8.65e-01	6.27e-02
 2.68488e+19	7.95e-02	8.59e-01	6.17e-02
 2.71962e+19	8.81e-02	8.51e-01	6.12e-02
 2.74957e+19	9.67e-02	8.43e-01	6.07e-02
 2.77968e+19	1.07e-01	8.33e-01	6.01e-02
 2.81322e+19	1.18e-01	8.22e-01	5.97e-02
 2.84510e+19	1.31e-01	8.10e-01	5.93e-02
 2.87227e+19	1.42e-01	7.99e-01	5.90e-02
 2.89789e+19	1.54e-01	7.87e-01	5.88e-02
 2.92313e+19	1.67e-01	7.75e-01	5.84e-02
 2.94803e+19	1.80e-01	7.62e-01	5.82e-02
 2.96831e+19	1.91e-01	7.51e-01	5.80e-02
 2.98183e+19	1.99e-01	7.43e-01	5.78e-02
 2.99441e+19	2.07e-01	7.36e-01	5.77e-02
 3.00929e+19	2.16e-01	7.26e-01	5.74e-02
 3.02546e+19	2.26e-01	7.16e-01	5.72e-02
 3.04155e+19	2.37e-01	7.06e-01	5.68e-02
 3.05741e+19	2.48e-01	6.95e-01	5.66e-02
 3.07339e+19	2.60e-01	6.84e-01	5.62e-02
 3.08996e+19	2.72e-01	6.73e-01	5.59e-02
 3.10712e+19	2.85e-01	6.60e-01	5.54e-02
 3.12451e+19	2.98e-01	6.47e-01	5.50e-02
 3.14219e+19	3.12e-01	6.34e-01	5.45e-02
 3.16056e+19	3.26e-01	6.20e-01	5.39e-02
 3.17975e+19	3.42e-01	6.05e-01	5.32e-02
 3.19946e+19	3.57e-01	5.90e-01	5.25e-02
 3.21979e+19	3.74e-01	5.74e-01	5.17e-02
 3.24127e+19	3.91e-01	5.58e-01	5.08e-02
 3.26411e+19	4.10e-01	5.40e-01	4.97e-02
 3.28805e+19	4.28e-01	5.23e-01	4.87e-02
 3.31372e+19	4.48e-01	5.05e-01	4.74e-02
 3.34169e+19	4.68e-01	4.86e-01	4.61e-02
 3.37154e+19	4.89e-01	4.67e-01	4.46e-02
 3.40408e+19	5.09e-01	4.48e-01	4.30e-02
 3.44009e+19	5.30e-01	4.29e-01	4.13e-02
 3.48031e+19	5.50e-01	4.11e-01	3.95e-02
 3.52564e+19	5.69e-01	3.94e-01	3.77e-02
 3.57321e+19	5.85e-01	3.79e-01	3.59e-02
 3.61988e+19	5.99e-01	3.66e-01	3.43e-02
 3.67307e+19	6.13e-01	3.55e-01	3.27e-02
 3.74223e+19	6.27e-01	3.42e-01	3.08e-02
 3.83213e+19	6.42e-01	3.30e-01	2.86e-02
 3.94477e+19	6.57e-01	3.17e-01	2.63e-02
 4.07492e+19	6.72e-01	3.04e-01	2.40e-02
 4.21603e+19	6.86e-01	2.92e-01	2.19e-02
 4.36559e+19	6.99e-01	2.81e-01	1.99e-02
 4.52333e+19	7.12e-01	2.69e-01	1.81e-02
 4.68788e+19	7.25e-01	2.59e-01	1.64e-02
 4.85735e+19	7.37e-01	2.48e-01	1.49e-02
 5.03262e+19	7.49e-01	2.38e-01	1.36e-02
 5.21506e+19	7.60e-01	2.28e-01	1.23e-02
 5.40437e+19	7.70e-01	2.18e-01	1.12e-02
 5.59994e+19	7.81e-01	2.09e-01	1.02e-02
 5.80200e+19	7.90e-01	2.00e-01	9.24e-03
 6.01100e+19	8.00e-01	1.92e-01	8.39e-03
 6.22624e+19	8.09e-01	1.83e-01	7.61e-03
 6.44925e+19	8.18e-01	1.76e-01	6.91e-03
 6.68060e+19	8.26e-01	1.68e-01	6.27e-03
 6.91813e+19	8.34e-01	1.61e-01	5.69e-03
 7.16103e+19	8.41e-01	1.54e-01	5.17e-03
 7.41045e+19	8.48e-01	1.47e-01	4.70e-03
 7.66796e+19	8.55e-01	1.41e-01	4.27e-03
 7.93161e+19	8.62e-01	1.35e-01	3.89e-03
 8.20195e+19	8.68e-01	1.29e-01	3.53e-03
 8.48162e+19	8.74e-01	1.23e-01	3.21e-03
 8.76945e+19	8.79e-01	1.18e-01	2.92e-03
 9.06361e+19	8.85e-01	1.13e-01	2.66e-03
 9.36150e+19	8.90e-01	1.08e-01	2.42e-03
 9.65740e+19	8.95e-01	1.03e-01	2.21e-03
 9.94702e+19	8.99e-01	9.91e-02	2.03e-03
 1.02302e+20	9.03e-01	9.54e-02	1.87e-03
 1.05072e+20	9.06e-01	9.19e-02	1.73e-03
 1.07779e+20	9.10e-01	8.86e-02	1.60e-03
 1.10416e+20	9.13e-01	8.56e-02	1.49e-03
 1.12966e+20	9.16e-01	8.29e-02	1.39e-03
 1.15419e+20	9.18e-01	8.03e-02	1.30e-03
 1.17771e+20	9.21e-01	7.80e-02	1.22e-03
 1.20019e+20	9.23e-01	7.58e-02	1.15e-03
 1.22159e+20	9.25e-01	7.37e-02	1.09e-03
