#depth	He	He+	He+2
 4.67699e+15	2.09e-03	2.93e-01	7.05e-01
 2.80619e+16	2.09e-03	2.93e-01	7.05e-01
 1.21602e+17	2.08e-03	2.94e-01	7.04e-01
 4.95761e+17	2.04e-03	2.96e-01	7.02e-01
 1.18421e+18	1.90e-03	2.92e-01	7.06e-01
 2.07920e+18	1.83e-03	2.94e-01	7.04e-01
 3.24269e+18	1.79e-03	3.02e-01	6.96e-01
 4.75522e+18	1.82e-03	3.18e-01	6.81e-01
 6.72151e+18	1.94e-03	3.45e-01	6.53e-01
 9.13861e+18	2.18e-03	3.86e-01	6.11e-01
 1.20923e+19	2.65e-03	4.50e-01	5.47e-01
 1.49089e+19	3.22e-03	5.20e-01	4.77e-01
 1.68021e+19	3.71e-03	5.70e-01	4.27e-01
 1.80360e+19	4.09e-03	6.02e-01	3.94e-01
 1.90166e+19	4.42e-03	6.27e-01	3.69e-01
 2.01006e+19	4.85e-03	6.54e-01	3.41e-01
 2.12416e+19	5.30e-03	6.80e-01	3.15e-01
 2.22105e+19	5.71e-03	7.01e-01	2.94e-01
 2.30762e+19	6.12e-03	7.18e-01	2.76e-01
 2.40538e+19	6.64e-03	7.37e-01	2.56e-01
 2.50730e+19	7.19e-03	7.55e-01	2.38e-01
 2.59229e+19	7.68e-03	7.69e-01	2.24e-01
 2.66803e+19	8.18e-03	7.80e-01	2.12e-01
 2.75407e+19	8.81e-03	7.93e-01	1.99e-01
 2.84605e+19	9.53e-03	8.04e-01	1.86e-01
 2.92511e+19	1.02e-02	8.13e-01	1.76e-01
 2.99497e+19	1.09e-02	8.21e-01	1.68e-01
 3.07355e+19	1.18e-02	8.29e-01	1.59e-01
 3.15843e+19	1.28e-02	8.37e-01	1.50e-01
 3.23271e+19	1.39e-02	8.43e-01	1.43e-01
 3.29885e+19	1.50e-02	8.48e-01	1.37e-01
 3.37320e+19	1.64e-02	8.54e-01	1.30e-01
 3.45346e+19	1.82e-02	8.58e-01	1.24e-01
 3.52220e+19	2.00e-02	8.62e-01	1.18e-01
 3.57852e+19	2.17e-02	8.64e-01	1.14e-01
 3.62965e+19	2.35e-02	8.66e-01	1.11e-01
 3.68785e+19	2.59e-02	8.67e-01	1.07e-01
 3.74828e+19	2.88e-02	8.68e-01	1.03e-01
 3.79692e+19	3.14e-02	8.68e-01	1.01e-01
 3.83793e+19	3.40e-02	8.67e-01	9.87e-02
 3.88369e+19	3.73e-02	8.66e-01	9.64e-02
 3.93324e+19	4.14e-02	8.65e-01	9.40e-02
 3.97648e+19	4.54e-02	8.62e-01	9.22e-02
 4.01451e+19	4.95e-02	8.60e-01	9.07e-02
 4.05703e+19	5.48e-02	8.56e-01	8.89e-02
 4.10340e+19	6.10e-02	8.52e-01	8.75e-02
 4.14591e+19	6.78e-02	8.46e-01	8.61e-02
 4.18615e+19	7.47e-02	8.40e-01	8.52e-02
 4.23117e+19	8.39e-02	8.32e-01	8.40e-02
 4.28367e+19	9.59e-02	8.21e-01	8.30e-02
 4.33438e+19	1.09e-01	8.09e-01	8.22e-02
 4.37639e+19	1.22e-01	7.97e-01	8.16e-02
 4.41274e+19	1.34e-01	7.85e-01	8.11e-02
 4.44792e+19	1.47e-01	7.73e-01	8.07e-02
 4.48312e+19	1.60e-01	7.59e-01	8.01e-02
 4.51760e+19	1.75e-01	7.45e-01	7.97e-02
 4.55075e+19	1.90e-01	7.31e-01	7.92e-02
 4.57695e+19	2.02e-01	7.19e-01	7.88e-02
 4.59522e+19	2.11e-01	7.10e-01	7.85e-02
 4.61314e+19	2.21e-01	7.01e-01	7.80e-02
 4.63407e+19	2.32e-01	6.90e-01	7.75e-02
 4.65679e+19	2.45e-01	6.78e-01	7.70e-02
 4.67962e+19	2.58e-01	6.66e-01	7.64e-02
 4.70289e+19	2.72e-01	6.53e-01	7.57e-02
 4.72684e+19	2.86e-01	6.39e-01	7.50e-02
 4.75184e+19	3.01e-01	6.25e-01	7.40e-02
 4.77803e+19	3.17e-01	6.10e-01	7.31e-02
 4.80576e+19	3.34e-01	5.94e-01	7.20e-02
 4.83532e+19	3.52e-01	5.78e-01	7.07e-02
 4.86654e+19	3.70e-01	5.60e-01	6.92e-02
 4.89995e+19	3.89e-01	5.43e-01	6.76e-02
 4.93675e+19	4.10e-01	5.25e-01	6.59e-02
 4.97807e+19	4.30e-01	5.06e-01	6.39e-02
 5.02508e+19	4.52e-01	4.87e-01	6.16e-02
 5.07854e+19	4.73e-01	4.68e-01	5.93e-02
 5.13426e+19	4.91e-01	4.52e-01	5.70e-02
 5.18859e+19	5.05e-01	4.40e-01	5.51e-02
 5.24183e+19	5.18e-01	4.29e-01	5.32e-02
 5.30250e+19	5.29e-01	4.19e-01	5.13e-02
 5.38137e+19	5.42e-01	4.09e-01	4.90e-02
 5.48390e+19	5.56e-01	3.98e-01	4.64e-02
 5.61719e+19	5.70e-01	3.87e-01	4.34e-02
 5.79046e+19	5.86e-01	3.74e-01	4.00e-02
 6.00889e+19	6.03e-01	3.61e-01	3.64e-02
 6.25767e+19	6.21e-01	3.46e-01	3.29e-02
 6.51601e+19	6.37e-01	3.33e-01	2.98e-02
 6.78201e+19	6.53e-01	3.20e-01	2.70e-02
 7.06440e+19	6.68e-01	3.07e-01	2.45e-02
 7.36625e+19	6.83e-01	2.95e-01	2.22e-02
 7.68526e+19	6.98e-01	2.82e-01	2.01e-02
 8.02173e+19	7.11e-01	2.70e-01	1.81e-02
 8.37755e+19	7.25e-01	2.59e-01	1.64e-02
 8.75428e+19	7.38e-01	2.48e-01	1.48e-02
 9.15310e+19	7.50e-01	2.37e-01	1.34e-02
 9.57484e+19	7.62e-01	2.26e-01	1.21e-02
 1.00206e+20	7.73e-01	2.16e-01	1.09e-02
 1.04919e+20	7.84e-01	2.06e-01	9.84e-03
 1.09905e+20	7.95e-01	1.96e-01	8.88e-03
 1.15176e+20	8.05e-01	1.87e-01	8.00e-03
 1.20746e+20	8.15e-01	1.78e-01	7.21e-03
 1.26630e+20	8.24e-01	1.70e-01	6.50e-03
 1.32845e+20	8.33e-01	1.61e-01	5.85e-03
 1.39408e+20	8.41e-01	1.54e-01	5.27e-03
 1.46338e+20	8.49e-01	1.46e-01	4.74e-03
 1.53653e+20	8.57e-01	1.39e-01	4.27e-03
 1.61372e+20	8.64e-01	1.32e-01	3.84e-03
 1.69517e+20	8.71e-01	1.25e-01	3.46e-03
 1.78108e+20	8.78e-01	1.19e-01	3.11e-03
 1.87143e+20	8.84e-01	1.13e-01	2.80e-03
 1.96654e+20	8.90e-01	1.07e-01	2.52e-03
 2.06737e+20	8.96e-01	1.02e-01	2.26e-03
 2.17361e+20	9.01e-01	9.67e-02	2.03e-03
 2.28524e+20	9.06e-01	9.17e-02	1.83e-03
 2.40340e+20	9.11e-01	8.70e-02	1.64e-03
 2.52727e+20	9.16e-01	8.24e-02	1.47e-03
 2.65695e+20	9.20e-01	7.82e-02	1.33e-03
 2.79348e+20	9.25e-01	7.41e-02	1.19e-03
 2.93806e+20	9.29e-01	7.02e-02	1.07e-03
 3.09049e+20	9.33e-01	6.65e-02	9.58e-04
 3.24984e+20	9.36e-01	6.30e-02	8.61e-04
 3.41699e+20	9.40e-01	5.96e-02	7.72e-04
 3.59319e+20	9.43e-01	5.64e-02	6.93e-04
 3.77867e+20	9.46e-01	5.34e-02	6.22e-04
 3.97306e+20	9.49e-01	5.05e-02	5.58e-04
 4.17799e+20	9.52e-01	4.78e-02	5.00e-04
 4.39385e+20	9.54e-01	4.52e-02	4.49e-04
 4.61967e+20	9.57e-01	4.28e-02	4.02e-04
 4.85666e+20	9.59e-01	4.05e-02	3.61e-04
 5.10582e+20	9.61e-01	3.83e-02	3.23e-04
 5.36718e+20	9.64e-01	3.62e-02	2.90e-04
 5.64304e+20	9.66e-01	3.42e-02	2.59e-04
 5.93370e+20	9.67e-01	3.23e-02	2.32e-04
 6.23756e+20	9.69e-01	3.05e-02	2.08e-04
 6.55650e+20	9.71e-01	2.89e-02	1.87e-04
 6.89188e+20	9.73e-01	2.73e-02	1.67e-04
 7.24338e+20	9.74e-01	2.58e-02	1.50e-04
 7.61484e+20	9.76e-01	2.43e-02	1.34e-04
 8.00716e+20	9.77e-01	2.30e-02	1.20e-04
 8.41796e+20	9.78e-01	2.17e-02	1.07e-04
 8.84939e+20	9.79e-01	2.05e-02	9.60e-05
 9.30351e+20	9.81e-01	1.94e-02	8.59e-05
 9.78034e+20	9.82e-01	1.83e-02	7.69e-05
 1.02815e+21	9.83e-01	1.73e-02	6.89e-05
 1.08088e+21	9.84e-01	1.63e-02	6.17e-05
 1.13641e+21	9.84e-01	1.55e-02	5.52e-05
 1.19481e+21	9.85e-01	1.46e-02	4.95e-05
 1.25558e+21	9.86e-01	1.38e-02	4.44e-05
 1.31954e+21	9.87e-01	1.31e-02	3.99e-05
 1.38748e+21	9.88e-01	1.24e-02	3.58e-05
 1.45867e+21	9.88e-01	1.18e-02	3.22e-05
 1.53298e+21	9.89e-01	1.12e-02	2.90e-05
 1.61032e+21	9.89e-01	1.06e-02	2.61e-05
 1.69095e+21	9.90e-01	1.01e-02	2.36e-05
 1.77611e+21	9.90e-01	9.65e-03	2.13e-05
 1.86548e+21	9.91e-01	9.21e-03	1.93e-05
 1.95798e+21	9.91e-01	8.80e-03	1.76e-05
 2.04997e+21	9.92e-01	8.44e-03	1.60e-05
 2.13693e+21	9.92e-01	8.13e-03	1.48e-05
 2.21916e+21	9.92e-01	7.87e-03	1.38e-05
 2.29874e+21	9.92e-01	7.64e-03	1.29e-05
 2.37642e+21	9.93e-01	7.43e-03	1.22e-05
 2.45167e+21	9.93e-01	7.26e-03	1.15e-05
 2.52412e+21	9.93e-01	7.10e-03	1.09e-05
 2.59354e+21	9.93e-01	6.95e-03	1.04e-05
 2.66002e+21	9.93e-01	6.83e-03	1.00e-05
 2.72331e+21	9.93e-01	6.73e-03	9.62e-06
 2.78331e+21	9.93e-01	6.64e-03	9.30e-06
 2.84040e+21	9.93e-01	6.57e-03	9.04e-06
 2.89422e+21	9.93e-01	6.52e-03	8.85e-06
