#depth	O	O+	O+2	O+3	O+4	O+5	O+6	O+7	O+8	O[1]	O[2]	O[3]
 1.54243e+16	8.67e-02	8.50e-01	6.31e-02	1.70e-04	6.18e-07	0.00e+00	0.00e+00	0.00e+00	0.00e+00	8.67e-02	8.83e-07	6.50e-07
 9.25458e+16	8.61e-02	8.50e-01	6.36e-02	1.72e-04	6.29e-07	0.00e+00	0.00e+00	0.00e+00	0.00e+00	8.61e-02	8.78e-07	6.45e-07
 4.01032e+17	8.58e-02	8.50e-01	6.40e-02	1.73e-04	6.33e-07	0.00e+00	0.00e+00	0.00e+00	0.00e+00	8.58e-02	8.73e-07	6.42e-07
 1.63497e+18	8.53e-02	8.50e-01	6.49e-02	1.74e-04	6.37e-07	0.00e+00	0.00e+00	0.00e+00	0.00e+00	8.53e-02	8.68e-07	6.38e-07
 3.90543e+18	8.12e-02	8.49e-01	6.93e-02	1.90e-04	6.89e-07	0.00e+00	0.00e+00	0.00e+00	0.00e+00	8.12e-02	8.25e-07	6.08e-07
 6.85702e+18	7.99e-02	8.49e-01	7.08e-02	1.92e-04	6.93e-07	0.00e+00	0.00e+00	0.00e+00	0.00e+00	7.99e-02	8.10e-07	5.97e-07
 1.06941e+19	8.07e-02	8.49e-01	7.02e-02	1.82e-04	6.61e-07	0.00e+00	0.00e+00	0.00e+00	0.00e+00	8.07e-02	8.16e-07	6.01e-07
 1.56823e+19	8.40e-02	8.49e-01	6.70e-02	1.61e-04	5.91e-07	0.00e+00	0.00e+00	0.00e+00	0.00e+00	8.40e-02	8.46e-07	6.24e-07
 2.16787e+19	9.00e-02	8.48e-01	6.16e-02	1.32e-04	4.99e-07	0.00e+00	0.00e+00	0.00e+00	0.00e+00	9.00e-02	9.03e-07	6.65e-07
 2.79616e+19	9.88e-02	8.46e-01	5.49e-02	1.03e-04	4.02e-07	0.00e+00	0.00e+00	0.00e+00	0.00e+00	9.88e-02	9.87e-07	7.26e-07
 3.47942e+19	1.12e-01	8.41e-01	4.64e-02	7.29e-05	3.02e-07	0.00e+00	0.00e+00	0.00e+00	0.00e+00	1.12e-01	1.11e-06	8.18e-07
 4.25550e+19	1.32e-01	8.31e-01	3.70e-02	4.68e-05	2.10e-07	0.00e+00	0.00e+00	0.00e+00	0.00e+00	1.32e-01	1.30e-06	9.52e-07
 5.01606e+19	1.57e-01	8.14e-01	2.87e-02	2.88e-05	1.42e-07	0.00e+00	0.00e+00	0.00e+00	0.00e+00	1.57e-01	1.53e-06	1.12e-06
 5.65766e+19	1.85e-01	7.93e-01	2.25e-02	1.84e-05	0.00e+00	0.00e+00	0.00e+00	0.00e+00	0.00e+00	1.85e-01	1.77e-06	1.29e-06
 6.18922e+19	2.12e-01	7.70e-01	1.80e-02	1.23e-05	0.00e+00	0.00e+00	0.00e+00	0.00e+00	0.00e+00	2.12e-01	1.99e-06	1.45e-06
 6.75520e+19	2.46e-01	7.40e-01	1.39e-02	7.86e-06	0.00e+00	0.00e+00	0.00e+00	0.00e+00	0.00e+00	2.46e-01	2.25e-06	1.63e-06
 7.36963e+19	2.88e-01	7.02e-01	1.05e-02	4.83e-06	0.00e+00	0.00e+00	0.00e+00	0.00e+00	0.00e+00	2.88e-01	2.53e-06	1.84e-06
 7.92899e+19	3.29e-01	6.63e-01	7.98e-03	3.09e-06	0.00e+00	0.00e+00	0.00e+00	0.00e+00	0.00e+00	3.29e-01	2.78e-06	2.02e-06
 8.41342e+19	3.68e-01	6.26e-01	6.29e-03	2.11e-06	0.00e+00	0.00e+00	0.00e+00	0.00e+00	0.00e+00	3.68e-01	2.98e-06	2.16e-06
 8.82141e+19	4.01e-01	5.94e-01	5.15e-03	1.54e-06	0.00e+00	0.00e+00	0.00e+00	0.00e+00	0.00e+00	4.01e-01	3.13e-06	2.26e-06
 9.18372e+19	4.30e-01	5.66e-01	4.30e-03	1.18e-06	0.00e+00	0.00e+00	0.00e+00	0.00e+00	0.00e+00	4.30e-01	3.24e-06	2.34e-06
 9.53212e+19	4.58e-01	5.38e-01	3.62e-03	9.11e-07	0.00e+00	0.00e+00	0.00e+00	0.00e+00	0.00e+00	4.58e-01	3.33e-06	2.41e-06
 9.87421e+19	4.85e-01	5.11e-01	3.06e-03	7.15e-07	0.00e+00	0.00e+00	0.00e+00	0.00e+00	0.00e+00	4.85e-01	3.40e-06	2.45e-06
 1.02053e+20	5.12e-01	4.86e-01	2.60e-03	5.68e-07	0.00e+00	0.00e+00	0.00e+00	0.00e+00	0.00e+00	5.12e-01	3.45e-06	2.49e-06
 1.05321e+20	5.36e-01	4.62e-01	2.22e-03	4.57e-07	0.00e+00	0.00e+00	0.00e+00	0.00e+00	0.00e+00	5.36e-01	3.48e-06	2.51e-06
 1.08529e+20	5.59e-01	4.39e-01	1.91e-03	3.73e-07	0.00e+00	0.00e+00	0.00e+00	0.00e+00	0.00e+00	5.59e-01	3.50e-06	2.52e-06
 1.11597e+20	5.80e-01	4.19e-01	1.65e-03	3.09e-07	0.00e+00	0.00e+00	0.00e+00	0.00e+00	0.00e+00	5.80e-01	3.51e-06	2.53e-06
 1.14027e+20	5.94e-01	4.04e-01	1.49e-03	2.70e-07	0.00e+00	0.00e+00	0.00e+00	0.00e+00	0.00e+00	5.94e-01	3.51e-06	2.52e-06
 1.15743e+20	6.05e-01	3.93e-01	1.38e-03	2.45e-07	0.00e+00	0.00e+00	0.00e+00	0.00e+00	0.00e+00	6.05e-01	3.50e-06	2.52e-06
 1.17434e+20	6.16e-01	3.83e-01	1.27e-03	2.22e-07	0.00e+00	0.00e+00	0.00e+00	0.00e+00	0.00e+00	6.16e-01	3.49e-06	2.51e-06
 1.19355e+20	6.27e-01	3.72e-01	1.16e-03	2.00e-07	0.00e+00	0.00e+00	0.00e+00	0.00e+00	0.00e+00	6.27e-01	3.48e-06	2.50e-06
 1.21480e+20	6.40e-01	3.59e-01	1.06e-03	1.78e-07	0.00e+00	0.00e+00	0.00e+00	0.00e+00	0.00e+00	6.40e-01	3.46e-06	2.49e-06
 1.23635e+20	6.51e-01	3.48e-01	9.62e-04	1.60e-07	0.00e+00	0.00e+00	0.00e+00	0.00e+00	0.00e+00	6.51e-01	3.45e-06	2.48e-06
 1.25772e+20	6.63e-01	3.36e-01	8.75e-04	1.43e-07	0.00e+00	0.00e+00	0.00e+00	0.00e+00	0.00e+00	6.63e-01	3.43e-06	2.46e-06
 1.27973e+20	6.74e-01	3.25e-01	7.95e-04	1.28e-07	0.00e+00	0.00e+00	0.00e+00	0.00e+00	0.00e+00	6.74e-01	3.40e-06	2.44e-06
 1.30214e+20	6.85e-01	3.15e-01	7.21e-04	0.00e+00	0.00e+00	0.00e+00	0.00e+00	0.00e+00	0.00e+00	6.85e-01	3.38e-06	2.42e-06
 1.32514e+20	6.95e-01	3.04e-01	6.54e-04	0.00e+00	0.00e+00	0.00e+00	0.00e+00	0.00e+00	0.00e+00	6.95e-01	3.35e-06	2.40e-06
 1.34897e+20	7.06e-01	2.93e-01	5.91e-04	0.00e+00	0.00e+00	0.00e+00	0.00e+00	0.00e+00	0.00e+00	7.06e-01	3.32e-06	2.38e-06
 1.37350e+20	7.16e-01	2.83e-01	5.34e-04	0.00e+00	0.00e+00	0.00e+00	0.00e+00	0.00e+00	0.00e+00	7.16e-01	3.28e-06	2.35e-06
 1.39875e+20	7.26e-01	2.73e-01	4.80e-04	0.00e+00	0.00e+00	0.00e+00	0.00e+00	0.00e+00	0.00e+00	7.26e-01	3.25e-06	2.33e-06
 1.42458e+20	7.36e-01	2.63e-01	4.32e-04	0.00e+00	0.00e+00	0.00e+00	0.00e+00	0.00e+00	0.00e+00	7.36e-01	3.21e-06	2.30e-06
 1.45103e+20	7.46e-01	2.54e-01	3.89e-04	0.00e+00	0.00e+00	0.00e+00	0.00e+00	0.00e+00	0.00e+00	7.46e-01	3.17e-06	2.27e-06
 1.47833e+20	7.55e-01	2.45e-01	3.48e-04	0.00e+00	0.00e+00	0.00e+00	0.00e+00	0.00e+00	0.00e+00	7.55e-01	3.13e-06	2.24e-06
 1.50646e+20	7.64e-01	2.35e-01	3.12e-04	0.00e+00	0.00e+00	0.00e+00	0.00e+00	0.00e+00	0.00e+00	7.64e-01	3.09e-06	2.21e-06
 1.53537e+20	7.73e-01	2.26e-01	2.78e-04	0.00e+00	0.00e+00	0.00e+00	0.00e+00	0.00e+00	0.00e+00	7.73e-01	3.05e-06	2.18e-06
 1.56493e+20	7.82e-01	2.18e-01	2.49e-04	0.00e+00	0.00e+00	0.00e+00	0.00e+00	0.00e+00	0.00e+00	7.82e-01	3.01e-06	2.15e-06
 1.59527e+20	7.90e-01	2.09e-01	2.21e-04	0.00e+00	0.00e+00	0.00e+00	0.00e+00	0.00e+00	0.00e+00	7.90e-01	2.96e-06	2.11e-06
 1.62656e+20	7.99e-01	2.01e-01	1.97e-04	0.00e+00	0.00e+00	0.00e+00	0.00e+00	0.00e+00	0.00e+00	7.98e-01	2.92e-06	2.08e-06
 1.65874e+20	8.06e-01	1.93e-01	1.75e-04	0.00e+00	0.00e+00	0.00e+00	0.00e+00	0.00e+00	0.00e+00	8.06e-01	2.87e-06	2.05e-06
 1.69181e+20	8.14e-01	1.86e-01	1.55e-04	0.00e+00	0.00e+00	0.00e+00	0.00e+00	0.00e+00	0.00e+00	8.14e-01	2.83e-06	2.01e-06
 1.72581e+20	8.22e-01	1.78e-01	1.37e-04	0.00e+00	0.00e+00	0.00e+00	0.00e+00	0.00e+00	0.00e+00	8.22e-01	2.78e-06	1.98e-06
 1.76067e+20	8.29e-01	1.71e-01	1.22e-04	0.00e+00	0.00e+00	0.00e+00	0.00e+00	0.00e+00	0.00e+00	8.29e-01	2.74e-06	1.95e-06
 1.79672e+20	8.36e-01	1.64e-01	1.08e-04	0.00e+00	0.00e+00	0.00e+00	0.00e+00	0.00e+00	0.00e+00	8.36e-01	2.69e-06	1.91e-06
 1.83383e+20	8.42e-01	1.57e-01	9.50e-05	0.00e+00	0.00e+00	0.00e+00	0.00e+00	0.00e+00	0.00e+00	8.42e-01	2.65e-06	1.88e-06
 1.87187e+20	8.49e-01	1.51e-01	8.39e-05	0.00e+00	0.00e+00	0.00e+00	0.00e+00	0.00e+00	0.00e+00	8.49e-01	2.61e-06	1.85e-06
 1.91113e+20	8.55e-01	1.45e-01	7.41e-05	0.00e+00	0.00e+00	0.00e+00	0.00e+00	0.00e+00	0.00e+00	8.55e-01	2.56e-06	1.82e-06
 1.95129e+20	8.61e-01	1.39e-01	6.54e-05	0.00e+00	0.00e+00	0.00e+00	0.00e+00	0.00e+00	0.00e+00	8.61e-01	2.52e-06	1.79e-06
 1.99250e+20	8.67e-01	1.33e-01	5.78e-05	0.00e+00	0.00e+00	0.00e+00	0.00e+00	0.00e+00	0.00e+00	8.67e-01	2.48e-06	1.76e-06
 2.03512e+20	8.72e-01	1.28e-01	5.11e-05	0.00e+00	0.00e+00	0.00e+00	0.00e+00	0.00e+00	0.00e+00	8.72e-01	2.44e-06	1.73e-06
 2.07908e+20	8.77e-01	1.23e-01	4.52e-05	0.00e+00	0.00e+00	0.00e+00	0.00e+00	0.00e+00	0.00e+00	8.77e-01	2.40e-06	1.70e-06
 2.12413e+20	8.82e-01	1.18e-01	4.01e-05	0.00e+00	0.00e+00	0.00e+00	0.00e+00	0.00e+00	0.00e+00	8.82e-01	2.37e-06	1.67e-06
 2.17056e+20	8.86e-01	1.14e-01	3.56e-05	0.00e+00	0.00e+00	0.00e+00	0.00e+00	0.00e+00	0.00e+00	8.86e-01	2.33e-06	1.64e-06
 2.21883e+20	8.91e-01	1.09e-01	3.16e-05	0.00e+00	0.00e+00	0.00e+00	0.00e+00	0.00e+00	0.00e+00	8.91e-01	2.30e-06	1.62e-06
 2.26918e+20	8.95e-01	1.05e-01	2.81e-05	0.00e+00	0.00e+00	0.00e+00	0.00e+00	0.00e+00	0.00e+00	8.95e-01	2.26e-06	1.59e-06
 2.32179e+20	8.99e-01	1.01e-01	2.51e-05	0.00e+00	0.00e+00	0.00e+00	0.00e+00	0.00e+00	0.00e+00	8.99e-01	2.23e-06	1.57e-06
 2.37685e+20	9.02e-01	9.77e-02	2.24e-05	0.00e+00	0.00e+00	0.00e+00	0.00e+00	0.00e+00	0.00e+00	9.02e-01	2.20e-06	1.55e-06
 2.43485e+20	9.06e-01	9.43e-02	2.00e-05	0.00e+00	0.00e+00	0.00e+00	0.00e+00	0.00e+00	0.00e+00	9.06e-01	2.17e-06	1.52e-06
 2.49630e+20	9.09e-01	9.09e-02	1.79e-05	0.00e+00	0.00e+00	0.00e+00	0.00e+00	0.00e+00	0.00e+00	9.09e-01	2.14e-06	1.50e-06
 2.56174e+20	9.12e-01	8.78e-02	1.60e-05	0.00e+00	0.00e+00	0.00e+00	0.00e+00	0.00e+00	0.00e+00	9.12e-01	2.12e-06	1.48e-06
 2.63159e+20	9.15e-01	8.49e-02	1.44e-05	0.00e+00	0.00e+00	0.00e+00	0.00e+00	0.00e+00	0.00e+00	9.15e-01	2.09e-06	1.46e-06
 2.70668e+20	9.18e-01	8.21e-02	1.29e-05	0.00e+00	0.00e+00	0.00e+00	0.00e+00	0.00e+00	0.00e+00	9.18e-01	2.06e-06	1.44e-06
 2.78823e+20	9.21e-01	7.94e-02	1.16e-05	0.00e+00	0.00e+00	0.00e+00	0.00e+00	0.00e+00	0.00e+00	9.21e-01	2.04e-06	1.43e-06
 2.87693e+20	9.23e-01	7.69e-02	1.04e-05	0.00e+00	0.00e+00	0.00e+00	0.00e+00	0.00e+00	0.00e+00	9.23e-01	2.02e-06	1.41e-06
 2.97391e+20	9.26e-01	7.44e-02	9.38e-06	0.00e+00	0.00e+00	0.00e+00	0.00e+00	0.00e+00	0.00e+00	9.26e-01	2.00e-06	1.39e-06
 3.08063e+20	9.28e-01	7.21e-02	8.45e-06	0.00e+00	0.00e+00	0.00e+00	0.00e+00	0.00e+00	0.00e+00	9.28e-01	1.97e-06	1.37e-06
 3.19855e+20	9.30e-01	6.99e-02	7.61e-06	0.00e+00	0.00e+00	0.00e+00	0.00e+00	0.00e+00	0.00e+00	9.30e-01	1.95e-06	1.36e-06
 3.32920e+20	9.32e-01	6.78e-02	6.86e-06	0.00e+00	0.00e+00	0.00e+00	0.00e+00	0.00e+00	0.00e+00	9.32e-01	1.93e-06	1.34e-06
 3.47431e+20	9.34e-01	6.58e-02	6.18e-06	0.00e+00	0.00e+00	0.00e+00	0.00e+00	0.00e+00	0.00e+00	9.34e-01	1.92e-06	1.33e-06
 3.63574e+20	9.36e-01	6.38e-02	5.57e-06	0.00e+00	0.00e+00	0.00e+00	0.00e+00	0.00e+00	0.00e+00	9.36e-01	1.90e-06	1.31e-06
 3.81521e+20	9.38e-01	6.19e-02	5.02e-06	0.00e+00	0.00e+00	0.00e+00	0.00e+00	0.00e+00	0.00e+00	9.38e-01	1.88e-06	1.30e-06
 4.01449e+20	9.40e-01	6.01e-02	4.52e-06	0.00e+00	0.00e+00	0.00e+00	0.00e+00	0.00e+00	0.00e+00	9.40e-01	1.86e-06	1.29e-06
 4.23401e+20	9.42e-01	5.83e-02	4.06e-06	0.00e+00	0.00e+00	0.00e+00	0.00e+00	0.00e+00	0.00e+00	9.42e-01	1.85e-06	1.27e-06
 4.47661e+20	9.43e-01	5.65e-02	3.66e-06	0.00e+00	0.00e+00	0.00e+00	0.00e+00	0.00e+00	0.00e+00	9.43e-01	1.83e-06	1.25e-06
 4.74573e+20	9.45e-01	5.48e-02	3.29e-06	0.00e+00	0.00e+00	0.00e+00	0.00e+00	0.00e+00	0.00e+00	9.45e-01	1.81e-06	1.24e-06
 5.04240e+20	9.47e-01	5.32e-02	2.96e-06	0.00e+00	0.00e+00	0.00e+00	0.00e+00	0.00e+00	0.00e+00	9.47e-01	1.80e-06	1.22e-06
 5.36986e+20	9.48e-01	5.17e-02	2.66e-06	0.00e+00	0.00e+00	0.00e+00	0.00e+00	0.00e+00	0.00e+00	9.48e-01	1.78e-06	1.21e-06
 5.73331e+20	9.50e-01	5.01e-02	2.39e-06	0.00e+00	0.00e+00	0.00e+00	0.00e+00	0.00e+00	0.00e+00	9.50e-01	1.77e-06	1.19e-06
 6.13882e+20	9.51e-01	4.87e-02	2.15e-06	0.00e+00	0.00e+00	0.00e+00	0.00e+00	0.00e+00	0.00e+00	9.51e-01	1.76e-06	1.18e-06
 6.59201e+20	9.53e-01	4.73e-02	1.94e-06	0.00e+00	0.00e+00	0.00e+00	0.00e+00	0.00e+00	0.00e+00	9.53e-01	1.75e-06	1.17e-06
 7.10507e+20	9.54e-01	4.59e-02	1.75e-06	0.00e+00	0.00e+00	0.00e+00	0.00e+00	0.00e+00	0.00e+00	9.54e-01	1.74e-06	1.15e-06
 7.69048e+20	9.55e-01	4.47e-02	1.57e-06	0.00e+00	0.00e+00	0.00e+00	0.00e+00	0.00e+00	0.00e+00	9.55e-01	1.73e-06	1.14e-06
 8.36059e+20	9.57e-01	4.34e-02	1.42e-06	0.00e+00	0.00e+00	0.00e+00	0.00e+00	0.00e+00	0.00e+00	9.57e-01	1.73e-06	1.13e-06
 9.14494e+20	9.58e-01	4.22e-02	1.28e-06	0.00e+00	0.00e+00	0.00e+00	0.00e+00	0.00e+00	0.00e+00	9.58e-01	1.72e-06	1.12e-06
 1.00491e+21	9.59e-01	4.12e-02	1.16e-06	0.00e+00	0.00e+00	0.00e+00	0.00e+00	0.00e+00	0.00e+00	9.59e-01	1.72e-06	1.11e-06
 1.10541e+21	9.60e-01	4.02e-02	1.06e-06	0.00e+00	0.00e+00	0.00e+00	0.00e+00	0.00e+00	0.00e+00	9.60e-01	1.72e-06	1.11e-06
 1.21595e+21	9.61e-01	3.94e-02	9.71e-07	0.00e+00	0.00e+00	0.00e+00	0.00e+00	0.00e+00	0.00e+00	9.61e-01	1.73e-06	1.10e-06
 1.33754e+21	9.61e-01	3.87e-02	8.98e-07	0.00e+00	0.00e+00	0.00e+00	0.00e+00	0.00e+00	0.00e+00	9.61e-01	1.74e-06	1.10e-06
 1.47130e+21	9.62e-01	3.81e-02	8.36e-07	0.00e+00	0.00e+00	0.00e+00	0.00e+00	0.00e+00	0.00e+00	9.62e-01	1.75e-06	1.09e-06
 1.61843e+21	9.62e-01	3.76e-02	7.82e-07	0.00e+00	0.00e+00	0.00e+00	0.00e+00	0.00e+00	0.00e+00	9.62e-01	1.76e-06	1.09e-06
 1.78027e+21	9.63e-01	3.72e-02	7.35e-07	0.00e+00	0.00e+00	0.00e+00	0.00e+00	0.00e+00	0.00e+00	9.63e-01	1.77e-06	1.09e-06
 1.95830e+21	9.63e-01	3.67e-02	6.94e-07	0.00e+00	0.00e+00	0.00e+00	0.00e+00	0.00e+00	0.00e+00	9.63e-01	1.79e-06	1.09e-06
 2.15412e+21	9.64e-01	3.65e-02	6.57e-07	0.00e+00	0.00e+00	0.00e+00	0.00e+00	0.00e+00	0.00e+00	9.64e-01	1.81e-06	1.08e-06
 2.36954e+21	9.64e-01	3.61e-02	6.24e-07	0.00e+00	0.00e+00	0.00e+00	0.00e+00	0.00e+00	0.00e+00	9.64e-01	1.82e-06	1.08e-06
 2.60649e+21	9.64e-01	3.59e-02	5.93e-07	0.00e+00	0.00e+00	0.00e+00	0.00e+00	0.00e+00	0.00e+00	9.64e-01	1.85e-06	1.08e-06
 2.86714e+21	9.64e-01	3.57e-02	5.64e-07	0.00e+00	0.00e+00	0.00e+00	0.00e+00	0.00e+00	0.00e+00	9.64e-01	1.87e-06	1.08e-06
 3.15385e+21	9.64e-01	3.55e-02	5.37e-07	0.00e+00	0.00e+00	0.00e+00	0.00e+00	0.00e+00	0.00e+00	9.64e-01	1.90e-06	1.08e-06
 3.46924e+21	9.65e-01	3.54e-02	5.11e-07	0.00e+00	0.00e+00	0.00e+00	0.00e+00	0.00e+00	0.00e+00	9.65e-01	1.93e-06	1.08e-06
 3.81616e+21	9.65e-01	3.53e-02	4.86e-07	0.00e+00	0.00e+00	0.00e+00	0.00e+00	0.00e+00	0.00e+00	9.65e-01	1.96e-06	1.08e-06
 4.19778e+21	9.65e-01	3.51e-02	4.62e-07	0.00e+00	0.00e+00	0.00e+00	0.00e+00	0.00e+00	0.00e+00	9.65e-01	1.99e-06	1.08e-06
 4.58012e+21	9.65e-01	3.51e-02	4.41e-07	0.00e+00	0.00e+00	0.00e+00	0.00e+00	0.00e+00	0.00e+00	9.65e-01	2.03e-06	1.08e-06
 4.93574e+21	9.65e-01	3.50e-02	4.23e-07	0.00e+00	0.00e+00	0.00e+00	0.00e+00	0.00e+00	0.00e+00	9.65e-01	2.06e-06	1.08e-06
 5.28092e+21	9.65e-01	3.50e-02	4.07e-07	0.00e+00	0.00e+00	0.00e+00	0.00e+00	0.00e+00	0.00e+00	9.65e-01	2.09e-06	1.08e-06
 5.67653e+21	9.65e-01	3.50e-02	3.89e-07	0.00e+00	0.00e+00	0.00e+00	0.00e+00	0.00e+00	0.00e+00	9.65e-01	2.12e-06	1.08e-06
 6.10485e+21	9.65e-01	3.49e-02	3.72e-07	0.00e+00	0.00e+00	0.00e+00	0.00e+00	0.00e+00	0.00e+00	9.65e-01	2.16e-06	1.08e-06
 6.48081e+21	9.65e-01	3.49e-02	3.58e-07	0.00e+00	0.00e+00	0.00e+00	0.00e+00	0.00e+00	0.00e+00	9.65e-01	2.19e-06	1.08e-06
 6.81797e+21	9.65e-01	3.49e-02	3.46e-07	0.00e+00	0.00e+00	0.00e+00	0.00e+00	0.00e+00	0.00e+00	9.65e-01	2.21e-06	1.08e-06
 7.19958e+21	9.65e-01	3.48e-02	3.33e-07	0.00e+00	0.00e+00	0.00e+00	0.00e+00	0.00e+00	0.00e+00	9.65e-01	2.24e-06	1.08e-06
 7.62508e+21	9.65e-01	3.48e-02	3.20e-07	0.00e+00	0.00e+00	0.00e+00	0.00e+00	0.00e+00	0.00e+00	9.65e-01	2.26e-06	1.08e-06
 8.01893e+21	9.65e-01	3.48e-02	3.08e-07	0.00e+00	0.00e+00	0.00e+00	0.00e+00	0.00e+00	0.00e+00	9.65e-01	2.29e-06	1.08e-06
 8.38103e+21	9.65e-01	3.48e-02	2.98e-07	0.00e+00	0.00e+00	0.00e+00	0.00e+00	0.00e+00	0.00e+00	9.65e-01	2.31e-06	1.08e-06
 8.79057e+21	9.65e-01	3.48e-02	2.87e-07	0.00e+00	0.00e+00	0.00e+00	0.00e+00	0.00e+00	0.00e+00	9.65e-01	2.33e-06	1.08e-06
 9.24543e+21	9.65e-01	3.48e-02	2.76e-07	0.00e+00	0.00e+00	0.00e+00	0.00e+00	0.00e+00	0.00e+00	9.65e-01	2.36e-06	1.08e-06
 9.66601e+21	9.65e-01	3.48e-02	2.67e-07	0.00e+00	0.00e+00	0.00e+00	0.00e+00	0.00e+00	0.00e+00	9.65e-01	2.38e-06	1.08e-06
 1.00587e+22	9.65e-01	3.48e-02	2.58e-07	0.00e+00	0.00e+00	0.00e+00	0.00e+00	0.00e+00	0.00e+00	9.65e-01	2.40e-06	1.08e-06
 1.05082e+22	9.65e-01	3.48e-02	2.48e-07	0.00e+00	0.00e+00	0.00e+00	0.00e+00	0.00e+00	0.00e+00	9.65e-01	2.42e-06	1.08e-06
 1.10927e+22	9.65e-01	3.48e-02	2.37e-07	0.00e+00	0.00e+00	0.00e+00	0.00e+00	0.00e+00	0.00e+00	9.65e-01	2.44e-06	1.08e-06
 1.16912e+22	9.65e-01	3.48e-02	2.26e-07	0.00e+00	0.00e+00	0.00e+00	0.00e+00	0.00e+00	0.00e+00	9.65e-01	2.46e-06	1.07e-06
 1.21918e+22	9.65e-01	3.48e-02	2.18e-07	0.00e+00	0.00e+00	0.00e+00	0.00e+00	0.00e+00	0.00e+00	9.65e-01	2.48e-06	1.07e-06
 1.27264e+22	9.65e-01	3.48e-02	2.10e-07	0.00e+00	0.00e+00	0.00e+00	0.00e+00	0.00e+00	0.00e+00	9.65e-01	2.49e-06	1.07e-06
 1.34214e+22	9.65e-01	3.49e-02	1.99e-07	0.00e+00	0.00e+00	0.00e+00	0.00e+00	0.00e+00	0.00e+00	9.65e-01	2.50e-06	1.07e-06
 1.43249e+22	9.65e-01	3.49e-02	1.86e-07	0.00e+00	0.00e+00	0.00e+00	0.00e+00	0.00e+00	0.00e+00	9.65e-01	2.52e-06	1.07e-06
 1.54925e+22	9.65e-01	3.49e-02	1.72e-07	0.00e+00	0.00e+00	0.00e+00	0.00e+00	0.00e+00	0.00e+00	9.65e-01	2.53e-06	1.07e-06
 1.67400e+22	9.65e-01	3.49e-02	1.59e-07	0.00e+00	0.00e+00	0.00e+00	0.00e+00	0.00e+00	0.00e+00	9.65e-01	2.53e-06	1.08e-06
 1.78816e+22	9.65e-01	3.50e-02	1.49e-07	0.00e+00	0.00e+00	0.00e+00	0.00e+00	0.00e+00	0.00e+00	9.65e-01	2.52e-06	1.08e-06
 1.90539e+22	9.65e-01	3.50e-02	1.39e-07	0.00e+00	0.00e+00	0.00e+00	0.00e+00	0.00e+00	0.00e+00	9.65e-01	2.50e-06	1.08e-06
 2.02341e+22	9.65e-01	3.50e-02	1.31e-07	0.00e+00	0.00e+00	0.00e+00	0.00e+00	0.00e+00	0.00e+00	9.65e-01	2.46e-06	1.08e-06
 2.12964e+22	9.65e-01	3.51e-02	1.24e-07	0.00e+00	0.00e+00	0.00e+00	0.00e+00	0.00e+00	0.00e+00	9.65e-01	2.42e-06	1.08e-06
 2.22524e+22	9.65e-01	3.51e-02	1.19e-07	0.00e+00	0.00e+00	0.00e+00	0.00e+00	0.00e+00	0.00e+00	9.65e-01	2.37e-06	1.08e-06
 2.31129e+22	9.65e-01	3.51e-02	1.14e-07	0.00e+00	0.00e+00	0.00e+00	0.00e+00	0.00e+00	0.00e+00	9.65e-01	2.32e-06	1.08e-06
 2.38873e+22	9.65e-01	3.51e-02	1.10e-07	0.00e+00	0.00e+00	0.00e+00	0.00e+00	0.00e+00	0.00e+00	9.65e-01	2.27e-06	1.08e-06
 2.45842e+22	9.65e-01	3.51e-02	1.07e-07	0.00e+00	0.00e+00	0.00e+00	0.00e+00	0.00e+00	0.00e+00	9.65e-01	2.22e-06	1.08e-06
 2.52115e+22	9.65e-01	3.52e-02	1.05e-07	0.00e+00	0.00e+00	0.00e+00	0.00e+00	0.00e+00	0.00e+00	9.65e-01	2.17e-06	1.08e-06
 2.57760e+22	9.65e-01	3.52e-02	1.03e-07	0.00e+00	0.00e+00	0.00e+00	0.00e+00	0.00e+00	0.00e+00	9.65e-01	2.13e-06	1.08e-06
 2.62841e+22	9.65e-01	3.52e-02	1.01e-07	0.00e+00	0.00e+00	0.00e+00	0.00e+00	0.00e+00	0.00e+00	9.65e-01	2.08e-06	1.08e-06
 2.67414e+22	9.65e-01	3.52e-02	9.91e-08	0.00e+00	0.00e+00	0.00e+00	0.00e+00	0.00e+00	0.00e+00	9.65e-01	2.04e-06	1.08e-06
 2.71529e+22	9.65e-01	3.52e-02	9.77e-08	0.00e+00	0.00e+00	0.00e+00	0.00e+00	0.00e+00	0.00e+00	9.65e-01	2.00e-06	1.08e-06
 2.75233e+22	9.65e-01	3.52e-02	9.65e-08	0.00e+00	0.00e+00	0.00e+00	0.00e+00	0.00e+00	0.00e+00	9.65e-01	1.96e-06	1.08e-06
 2.78566e+22	9.65e-01	3.52e-02	9.54e-08	0.00e+00	0.00e+00	0.00e+00	0.00e+00	0.00e+00	0.00e+00	9.65e-01	1.93e-06	1.08e-06
 2.81688e+22	9.65e-01	3.52e-02	9.44e-08	0.00e+00	0.00e+00	0.00e+00	0.00e+00	0.00e+00	0.00e+00	9.65e-01	1.90e-06	1.08e-06
 2.84774e+22	9.65e-01	3.52e-02	9.35e-08	0.00e+00	0.00e+00	0.00e+00	0.00e+00	0.00e+00	0.00e+00	9.65e-01	1.86e-06	1.08e-06
 2.87860e+22	9.65e-01	3.52e-02	9.25e-08	0.00e+00	0.00e+00	0.00e+00	0.00e+00	0.00e+00	0.00e+00	9.65e-01	1.83e-06	1.08e-06
 2.90945e+22	9.65e-01	3.51e-02	9.16e-08	0.00e+00	0.00e+00	0.00e+00	0.00e+00	0.00e+00	0.00e+00	9.65e-01	1.80e-06	1.08e-06
 2.94031e+22	9.65e-01	3.51e-02	9.06e-08	0.00e+00	0.00e+00	0.00e+00	0.00e+00	0.00e+00	0.00e+00	9.65e-01	1.76e-06	1.08e-06
 2.97117e+22	9.65e-01	3.50e-02	8.97e-08	0.00e+00	0.00e+00	0.00e+00	0.00e+00	0.00e+00	0.00e+00	9.65e-01	1.73e-06	1.08e-06
 3.00202e+22	9.65e-01	3.48e-02	8.86e-08	0.00e+00	0.00e+00	0.00e+00	0.00e+00	0.00e+00	0.00e+00	9.65e-01	1.69e-06	1.08e-06
 3.03288e+22	9.65e-01	3.46e-02	8.75e-08	0.00e+00	0.00e+00	0.00e+00	0.00e+00	0.00e+00	0.00e+00	9.65e-01	1.65e-06	1.07e-06
 3.05848e+22	9.66e-01	3.43e-02	8.64e-08	0.00e+00	0.00e+00	0.00e+00	0.00e+00	0.00e+00	0.00e+00	9.66e-01	1.61e-06	1.07e-06
 3.07255e+22	9.66e-01	3.41e-02	8.58e-08	0.00e+00	0.00e+00	0.00e+00	0.00e+00	0.00e+00	0.00e+00	9.66e-01	1.58e-06	1.07e-06
 3.07798e+22	9.66e-01	3.40e-02	8.55e-08	0.00e+00	0.00e+00	0.00e+00	0.00e+00	0.00e+00	0.00e+00	9.66e-01	1.57e-06	1.07e-06
 3.08105e+22	9.66e-01	3.39e-02	8.53e-08	0.00e+00	0.00e+00	0.00e+00	0.00e+00	0.00e+00	0.00e+00	9.66e-01	1.57e-06	1.07e-06
 3.08412e+22	9.66e-01	3.39e-02	8.51e-08	0.00e+00	0.00e+00	0.00e+00	0.00e+00	0.00e+00	0.00e+00	9.66e-01	1.57e-06	1.07e-06
