#depth	He	He+	He+2
 1.47112e+16	7.57e-05	9.79e-02	9.02e-01
 8.82670e+16	7.56e-05	9.79e-02	9.02e-01
 3.82491e+17	7.56e-05	9.80e-02	9.02e-01
 1.55938e+18	7.66e-05	9.99e-02	9.00e-01
 3.72487e+18	7.64e-05	1.00e-01	8.99e-01
 6.54000e+18	7.85e-05	1.04e-01	8.96e-01
 1.01997e+19	8.34e-05	1.11e-01	8.89e-01
 1.49572e+19	9.30e-05	1.24e-01	8.76e-01
 2.03115e+19	1.08e-04	1.44e-01	8.56e-01
 2.51321e+19	1.26e-04	1.68e-01	8.32e-01
 2.91794e+19	1.48e-04	1.97e-01	8.03e-01
 3.27754e+19	1.74e-04	2.30e-01	7.69e-01
 3.60164e+19	2.04e-04	2.68e-01	7.32e-01
 3.89798e+19	2.37e-04	3.10e-01	6.90e-01
 4.17780e+19	2.75e-04	3.56e-01	6.43e-01
 4.44941e+19	3.19e-04	4.08e-01	5.92e-01
 4.71613e+19	3.67e-04	4.64e-01	5.35e-01
 4.97890e+19	4.18e-04	5.22e-01	4.77e-01
 5.27904e+19	4.83e-04	5.90e-01	4.10e-01
 5.59253e+19	5.50e-04	6.56e-01	3.44e-01
 5.85782e+19	6.08e-04	7.06e-01	2.94e-01
 6.13712e+19	6.69e-04	7.53e-01	2.46e-01
 6.44750e+19	7.30e-04	7.96e-01	2.03e-01
 6.74817e+19	7.86e-04	8.30e-01	1.69e-01
 7.06410e+19	8.41e-04	8.59e-01	1.40e-01
 7.42081e+19	8.98e-04	8.84e-01	1.15e-01
 7.81931e+19	9.58e-04	9.06e-01	9.31e-02
 8.26692e+19	1.02e-03	9.24e-01	7.48e-02
 8.79023e+19	1.09e-03	9.40e-01	5.91e-02
 9.43848e+19	1.17e-03	9.53e-01	4.55e-02
 1.02733e+20	1.27e-03	9.65e-01	3.39e-02
 1.11703e+20	1.37e-03	9.73e-01	2.60e-02
 1.20050e+20	1.47e-03	9.78e-01	2.10e-02
 1.28172e+20	1.58e-03	9.81e-01	1.74e-02
 1.34408e+20	1.67e-03	9.83e-01	1.55e-02
 1.38187e+20	1.73e-03	9.84e-01	1.44e-02
 1.41793e+20	1.79e-03	9.85e-01	1.35e-02
 1.46481e+20	1.88e-03	9.86e-01	1.23e-02
 1.51184e+20	1.98e-03	9.87e-01	1.14e-02
 1.54785e+20	2.06e-03	9.87e-01	1.08e-02
 1.57809e+20	2.14e-03	9.88e-01	1.04e-02
 1.61204e+20	2.23e-03	9.88e-01	9.81e-03
 1.64837e+20	2.34e-03	9.88e-01	9.33e-03
 1.67931e+20	2.44e-03	9.89e-01	8.95e-03
 1.70590e+20	2.54e-03	9.89e-01	8.64e-03
 1.73531e+20	2.66e-03	9.89e-01	8.30e-03
 1.76633e+20	2.81e-03	9.89e-01	7.99e-03
 1.79226e+20	2.95e-03	9.89e-01	7.75e-03
 1.81464e+20	3.08e-03	9.89e-01	7.54e-03
 1.83957e+20	3.24e-03	9.89e-01	7.30e-03
 1.86604e+20	3.43e-03	9.89e-01	7.08e-03
 1.88867e+20	3.61e-03	9.89e-01	6.90e-03
 1.90856e+20	3.79e-03	9.89e-01	6.75e-03
 1.93071e+20	4.03e-03	9.89e-01	6.57e-03
 1.95407e+20	4.30e-03	9.89e-01	6.40e-03
 1.97372e+20	4.57e-03	9.89e-01	6.26e-03
 1.99064e+20	4.83e-03	9.89e-01	6.15e-03
 2.00925e+20	5.17e-03	9.89e-01	6.01e-03
 2.02874e+20	5.56e-03	9.89e-01	5.89e-03
 2.04483e+20	5.94e-03	9.88e-01	5.79e-03
 2.05859e+20	6.30e-03	9.88e-01	5.70e-03
 2.07383e+20	6.79e-03	9.88e-01	5.59e-03
 2.08979e+20	7.36e-03	9.87e-01	5.49e-03
 2.10311e+20	7.91e-03	9.87e-01	5.41e-03
 2.11470e+20	8.46e-03	9.86e-01	5.34e-03
 2.12761e+20	9.18e-03	9.86e-01	5.26e-03
 2.14131e+20	1.00e-02	9.85e-01	5.18e-03
 2.15294e+20	1.09e-02	9.84e-01	5.10e-03
 2.16307e+20	1.18e-02	9.83e-01	5.05e-03
 2.17431e+20	1.30e-02	9.82e-01	4.97e-03
 2.18630e+20	1.45e-02	9.81e-01	4.91e-03
 2.19666e+20	1.60e-02	9.79e-01	4.85e-03
 2.20473e+20	1.74e-02	9.78e-01	4.82e-03
 2.21118e+20	1.87e-02	9.77e-01	4.78e-03
 2.21826e+20	2.03e-02	9.75e-01	4.74e-03
 2.22583e+20	2.23e-02	9.73e-01	4.71e-03
 2.23239e+20	2.43e-02	9.71e-01	4.67e-03
 2.23805e+20	2.62e-02	9.69e-01	4.66e-03
 2.24419e+20	2.87e-02	9.67e-01	4.64e-03
 2.25069e+20	3.17e-02	9.64e-01	4.62e-03
 2.25619e+20	3.46e-02	9.61e-01	4.60e-03
 2.26097e+20	3.74e-02	9.58e-01	4.61e-03
 2.26628e+20	4.11e-02	9.54e-01	4.60e-03
 2.27203e+20	4.57e-02	9.50e-01	4.61e-03
 2.27711e+20	5.03e-02	9.45e-01	4.62e-03
 2.28165e+20	5.50e-02	9.40e-01	4.64e-03
 2.28675e+20	6.14e-02	9.34e-01	4.67e-03
 2.29230e+20	6.91e-02	9.26e-01	4.72e-03
 2.29734e+20	7.74e-02	9.18e-01	4.77e-03
 2.30205e+20	8.66e-02	9.09e-01	4.82e-03
 2.30702e+20	9.76e-02	8.97e-01	4.92e-03
 2.31188e+20	1.10e-01	8.85e-01	5.02e-03
 2.31597e+20	1.22e-01	8.73e-01	5.11e-03
 2.31952e+20	1.34e-01	8.61e-01	5.21e-03
 2.32279e+20	1.46e-01	8.48e-01	5.29e-03
 2.32592e+20	1.59e-01	8.36e-01	5.40e-03
 2.32887e+20	1.72e-01	8.22e-01	5.49e-03
 2.33162e+20	1.86e-01	8.09e-01	5.59e-03
 2.33381e+20	1.97e-01	7.97e-01	5.67e-03
 2.33530e+20	2.05e-01	7.89e-01	5.73e-03
 2.33667e+20	2.13e-01	7.81e-01	5.78e-03
 2.33822e+20	2.23e-01	7.71e-01	5.84e-03
 2.33987e+20	2.33e-01	7.61e-01	5.90e-03
 2.34150e+20	2.44e-01	7.50e-01	5.97e-03
 2.34308e+20	2.55e-01	7.39e-01	6.03e-03
 2.34463e+20	2.66e-01	7.28e-01	6.10e-03
 2.34620e+20	2.79e-01	7.15e-01	6.16e-03
 2.34776e+20	2.91e-01	7.03e-01	6.22e-03
 2.34931e+20	3.04e-01	6.90e-01	6.28e-03
 2.35085e+20	3.17e-01	6.77e-01	6.35e-03
 2.35240e+20	3.31e-01	6.63e-01	6.39e-03
 2.35394e+20	3.45e-01	6.49e-01	6.45e-03
 2.35546e+20	3.60e-01	6.34e-01	6.49e-03
 2.35700e+20	3.75e-01	6.19e-01	6.55e-03
 2.35855e+20	3.91e-01	6.03e-01	6.58e-03
 2.36009e+20	4.07e-01	5.87e-01	6.62e-03
 2.36162e+20	4.23e-01	5.70e-01	6.65e-03
 2.36318e+20	4.40e-01	5.53e-01	6.68e-03
 2.36476e+20	4.58e-01	5.35e-01	6.68e-03
 2.36633e+20	4.76e-01	5.17e-01	6.70e-03
 2.36790e+20	4.94e-01	4.99e-01	6.69e-03
 2.36948e+20	5.13e-01	4.81e-01	6.68e-03
 2.37108e+20	5.32e-01	4.62e-01	6.65e-03
 2.37269e+20	5.50e-01	4.43e-01	6.62e-03
 2.37428e+20	5.69e-01	4.24e-01	6.56e-03
 2.37587e+20	5.88e-01	4.05e-01	6.49e-03
 2.37749e+20	6.07e-01	3.87e-01	6.42e-03
 2.37912e+20	6.25e-01	3.68e-01	6.33e-03
 2.38077e+20	6.44e-01	3.50e-01	6.22e-03
 2.38247e+20	6.63e-01	3.31e-01	6.11e-03
 2.38422e+20	6.81e-01	3.13e-01	5.96e-03
 2.38604e+20	6.99e-01	2.95e-01	5.82e-03
 2.38793e+20	7.18e-01	2.77e-01	5.64e-03
 2.38991e+20	7.35e-01	2.59e-01	5.46e-03
 2.39205e+20	7.53e-01	2.42e-01	5.25e-03
 2.39436e+20	7.70e-01	2.25e-01	5.04e-03
 2.39690e+20	7.87e-01	2.08e-01	4.80e-03
 2.39976e+20	8.03e-01	1.92e-01	4.56e-03
 2.40306e+20	8.19e-01	1.77e-01	4.31e-03
 2.40670e+20	8.32e-01	1.64e-01	4.08e-03
 2.41042e+20	8.42e-01	1.54e-01	3.89e-03
 2.41410e+20	8.50e-01	1.46e-01	3.74e-03
 2.41775e+20	8.56e-01	1.41e-01	3.63e-03
 2.42139e+20	8.60e-01	1.37e-01	3.53e-03
 2.42501e+20	8.63e-01	1.33e-01	3.44e-03
 2.42863e+20	8.66e-01	1.31e-01	3.39e-03
 2.43223e+20	8.67e-01	1.29e-01	3.35e-03
 2.43637e+20	8.69e-01	1.28e-01	3.30e-03
 2.44176e+20	8.71e-01	1.26e-01	3.25e-03
 2.44876e+20	8.72e-01	1.25e-01	3.22e-03
 2.45786e+20	8.73e-01	1.24e-01	3.17e-03
 2.46969e+20	8.74e-01	1.23e-01	3.11e-03
 2.48508e+20	8.76e-01	1.21e-01	3.04e-03
 2.50507e+20	8.78e-01	1.20e-01	2.95e-03
 2.53107e+20	8.80e-01	1.17e-01	2.83e-03
 2.56486e+20	8.83e-01	1.15e-01	2.70e-03
 2.60880e+20	8.86e-01	1.11e-01	2.54e-03
 2.66591e+20	8.90e-01	1.07e-01	2.35e-03
 2.74015e+20	8.95e-01	1.03e-01	2.14e-03
 2.83667e+20	9.01e-01	9.69e-02	1.90e-03
 2.94935e+20	9.07e-01	9.12e-02	1.68e-03
 3.06567e+20	9.12e-01	8.61e-02	1.49e-03
 3.18438e+20	9.17e-01	8.14e-02	1.33e-03
 3.30978e+20	9.22e-01	7.70e-02	1.18e-03
 3.44373e+20	9.26e-01	7.28e-02	1.05e-03
 3.58523e+20	9.30e-01	6.89e-02	9.40e-04
 3.73370e+20	9.34e-01	6.52e-02	8.40e-04
 3.89008e+20	9.37e-01	6.18e-02	7.52e-04
 4.05389e+20	9.41e-01	5.86e-02	6.74e-04
 4.22552e+20	9.44e-01	5.56e-02	6.05e-04
 4.40639e+20	9.47e-01	5.27e-02	5.42e-04
 4.59770e+20	9.49e-01	5.00e-02	4.87e-04
 4.79821e+20	9.52e-01	4.75e-02	4.39e-04
 5.00592e+20	9.54e-01	4.52e-02	3.96e-04
 5.22164e+20	9.57e-01	4.31e-02	3.58e-04
 5.44701e+20	9.59e-01	4.11e-02	3.25e-04
 5.68389e+20	9.61e-01	3.92e-02	2.94e-04
 5.93192e+20	9.62e-01	3.74e-02	2.67e-04
 6.19023e+20	9.64e-01	3.56e-02	2.43e-04
 6.45890e+20	9.66e-01	3.40e-02	2.21e-04
 6.73829e+20	9.67e-01	3.25e-02	2.01e-04
 7.02310e+20	9.69e-01	3.11e-02	1.84e-04
 7.30385e+20	9.70e-01	2.99e-02	1.69e-04
 7.57671e+20	9.71e-01	2.88e-02	1.56e-04
 7.84336e+20	9.72e-01	2.78e-02	1.45e-04
 8.10499e+20	9.73e-01	2.69e-02	1.36e-04
 8.35909e+20	9.74e-01	2.60e-02	1.27e-04
 8.60232e+20	9.75e-01	2.53e-02	1.20e-04
 8.83318e+20	9.75e-01	2.46e-02	1.13e-04
 9.05098e+20	9.76e-01	2.41e-02	1.08e-04
 9.25581e+20	9.76e-01	2.36e-02	1.04e-04
 9.44933e+20	9.77e-01	2.33e-02	1.00e-04
