#depth	He	He+	He+2
 5.41538e+14	6.08e-02	8.08e-01	1.31e-01
 3.24923e+15	6.10e-02	8.08e-01	1.31e-01
 1.40800e+16	6.10e-02	8.08e-01	1.31e-01
 5.74031e+16	6.11e-02	8.09e-01	1.30e-01
 1.37118e+17	6.03e-02	8.09e-01	1.31e-01
 2.40746e+17	6.03e-02	8.09e-01	1.30e-01
 3.75464e+17	6.07e-02	8.10e-01	1.29e-01
 5.50596e+17	6.16e-02	8.11e-01	1.27e-01
 7.68356e+17	6.31e-02	8.12e-01	1.25e-01
 1.01606e+18	6.55e-02	8.14e-01	1.21e-01
 1.30224e+18	6.93e-02	8.15e-01	1.15e-01
 1.62068e+18	7.46e-02	8.16e-01	1.09e-01
 1.91025e+18	8.03e-02	8.16e-01	1.04e-01
 2.16090e+18	8.66e-02	8.14e-01	9.93e-02
 2.40396e+18	9.37e-02	8.11e-01	9.51e-02
 2.63933e+18	1.02e-01	8.07e-01	9.12e-02
 2.85470e+18	1.10e-01	8.02e-01	8.80e-02
 3.04633e+18	1.18e-01	7.96e-01	8.55e-02
 3.22164e+18	1.27e-01	7.90e-01	8.32e-02
 3.38543e+18	1.36e-01	7.83e-01	8.12e-02
 3.53881e+18	1.45e-01	7.76e-01	7.95e-02
 3.67796e+18	1.54e-01	7.68e-01	7.81e-02
 3.80593e+18	1.62e-01	7.61e-01	7.68e-02
 3.93261e+18	1.71e-01	7.53e-01	7.55e-02
 4.06209e+18	1.81e-01	7.45e-01	7.41e-02
 4.19020e+18	1.91e-01	7.37e-01	7.28e-02
 4.31405e+18	2.01e-01	7.28e-01	7.16e-02
 4.43755e+18	2.11e-01	7.18e-01	7.01e-02
 4.53831e+18	2.20e-01	7.11e-01	6.92e-02
 4.61036e+18	2.26e-01	7.06e-01	6.84e-02
 4.68279e+18	2.33e-01	7.00e-01	6.76e-02
 4.76732e+18	2.41e-01	6.93e-01	6.66e-02
 4.85894e+18	2.50e-01	6.85e-01	6.55e-02
 4.94991e+18	2.58e-01	6.77e-01	6.45e-02
 5.04231e+18	2.68e-01	6.69e-01	6.34e-02
 5.13808e+18	2.77e-01	6.61e-01	6.23e-02
 5.23750e+18	2.87e-01	6.52e-01	6.11e-02
 5.34114e+18	2.98e-01	6.42e-01	5.99e-02
 5.44653e+18	3.09e-01	6.32e-01	5.86e-02
 5.55466e+18	3.20e-01	6.22e-01	5.74e-02
 5.66820e+18	3.33e-01	6.11e-01	5.60e-02
 5.78507e+18	3.45e-01	6.01e-01	5.47e-02
 5.90551e+18	3.58e-01	5.89e-01	5.32e-02
 6.02987e+18	3.71e-01	5.77e-01	5.18e-02
 6.15821e+18	3.85e-01	5.65e-01	5.03e-02
 6.29169e+18	3.99e-01	5.52e-01	4.88e-02
 6.43084e+18	4.14e-01	5.39e-01	4.73e-02
 6.57567e+18	4.29e-01	5.25e-01	4.57e-02
 6.72372e+18	4.44e-01	5.12e-01	4.41e-02
 6.87740e+18	4.60e-01	4.98e-01	4.26e-02
 7.04003e+18	4.76e-01	4.83e-01	4.09e-02
 7.20998e+18	4.92e-01	4.68e-01	3.93e-02
 7.38684e+18	5.09e-01	4.53e-01	3.76e-02
 7.57215e+18	5.25e-01	4.39e-01	3.60e-02
 7.76472e+18	5.42e-01	4.24e-01	3.43e-02
 7.96676e+18	5.59e-01	4.09e-01	3.27e-02
 8.17985e+18	5.75e-01	3.94e-01	3.10e-02
 8.40248e+18	5.91e-01	3.79e-01	2.94e-02
 8.63662e+18	6.07e-01	3.65e-01	2.78e-02
 8.88792e+18	6.23e-01	3.51e-01	2.62e-02
 9.15848e+18	6.39e-01	3.37e-01	2.46e-02
 9.44739e+18	6.54e-01	3.23e-01	2.31e-02
 9.75853e+18	6.69e-01	3.10e-01	2.16e-02
 1.00994e+19	6.83e-01	2.97e-01	2.01e-02
 1.04725e+19	6.98e-01	2.84e-01	1.86e-02
 1.08810e+19	7.11e-01	2.72e-01	1.71e-02
 1.13298e+19	7.25e-01	2.59e-01	1.57e-02
 1.18239e+19	7.38e-01	2.48e-01	1.44e-02
 1.23668e+19	7.50e-01	2.36e-01	1.31e-02
 1.29604e+19	7.63e-01	2.26e-01	1.19e-02
 1.36070e+19	7.74e-01	2.15e-01	1.08e-02
 1.43070e+19	7.86e-01	2.05e-01	9.77e-03
 1.50607e+19	7.96e-01	1.95e-01	8.82e-03
 1.58663e+19	8.07e-01	1.85e-01	7.94e-03
 1.67236e+19	8.17e-01	1.76e-01	7.15e-03
 1.76323e+19	8.26e-01	1.67e-01	6.43e-03
 1.85928e+19	8.35e-01	1.59e-01	5.78e-03
 1.96066e+19	8.44e-01	1.51e-01	5.20e-03
 2.06727e+19	8.52e-01	1.44e-01	4.68e-03
 2.17915e+19	8.59e-01	1.36e-01	4.21e-03
 2.29671e+19	8.67e-01	1.29e-01	3.79e-03
 2.42010e+19	8.74e-01	1.23e-01	3.41e-03
 2.54945e+19	8.80e-01	1.17e-01	3.07e-03
 2.68495e+19	8.86e-01	1.11e-01	2.77e-03
 2.82687e+19	8.92e-01	1.05e-01	2.49e-03
 2.97546e+19	8.98e-01	9.98e-02	2.25e-03
 3.13104e+19	9.03e-01	9.47e-02	2.03e-03
 3.29391e+19	9.08e-01	8.99e-02	1.83e-03
 3.46443e+19	9.13e-01	8.53e-02	1.65e-03
 3.64296e+19	9.18e-01	8.09e-02	1.49e-03
 3.82994e+19	9.22e-01	7.68e-02	1.34e-03
 4.02583e+19	9.26e-01	7.28e-02	1.21e-03
 4.23113e+19	9.30e-01	6.90e-02	1.09e-03
 4.44652e+19	9.34e-01	6.55e-02	9.82e-04
 4.67226e+19	9.37e-01	6.21e-02	8.85e-04
 4.90893e+19	9.40e-01	5.88e-02	7.97e-04
 5.15722e+19	9.44e-01	5.57e-02	7.18e-04
 5.41799e+19	9.47e-01	5.28e-02	6.47e-04
 5.69183e+19	9.49e-01	5.00e-02	5.82e-04
 5.97951e+19	9.52e-01	4.74e-02	5.25e-04
 6.28168e+19	9.55e-01	4.49e-02	4.72e-04
 6.60038e+19	9.57e-01	4.25e-02	4.24e-04
 6.93613e+19	9.59e-01	4.02e-02	3.81e-04
 7.28857e+19	9.62e-01	3.80e-02	3.43e-04
 7.65896e+19	9.64e-01	3.60e-02	3.08e-04
 8.04893e+19	9.66e-01	3.40e-02	2.76e-04
 8.46013e+19	9.68e-01	3.22e-02	2.48e-04
 8.89598e+19	9.69e-01	3.04e-02	2.22e-04
 9.35636e+19	9.71e-01	2.87e-02	1.99e-04
 9.84002e+19	9.73e-01	2.71e-02	1.78e-04
 1.03496e+20	9.74e-01	2.56e-02	1.60e-04
 1.08882e+20	9.76e-01	2.42e-02	1.43e-04
 1.14584e+20	9.77e-01	2.29e-02	1.28e-04
 1.20624e+20	9.78e-01	2.16e-02	1.14e-04
 1.27017e+20	9.80e-01	2.04e-02	1.02e-04
 1.33731e+20	9.81e-01	1.93e-02	9.13e-05
 1.40844e+20	9.82e-01	1.82e-02	8.15e-05
 1.48458e+20	9.83e-01	1.72e-02	7.27e-05
 1.56536e+20	9.84e-01	1.62e-02	6.49e-05
 1.65054e+20	9.85e-01	1.53e-02	5.79e-05
 1.74057e+20	9.85e-01	1.45e-02	5.17e-05
 1.83554e+20	9.86e-01	1.37e-02	4.63e-05
 1.93628e+20	9.87e-01	1.30e-02	4.13e-05
 2.04376e+20	9.88e-01	1.23e-02	3.70e-05
 2.15828e+20	9.88e-01	1.17e-02	3.30e-05
 2.27996e+20	9.89e-01	1.11e-02	2.95e-05
 2.40638e+20	9.89e-01	1.05e-02	2.65e-05
 2.53292e+20	9.90e-01	1.01e-02	2.40e-05
 2.65721e+20	9.90e-01	9.64e-03	2.19e-05
 2.78040e+20	9.91e-01	9.27e-03	2.01e-05
 2.90368e+20	9.91e-01	8.94e-03	1.85e-05
 3.02694e+20	9.91e-01	8.64e-03	1.72e-05
 3.14983e+20	9.92e-01	8.37e-03	1.60e-05
 3.27186e+20	9.92e-01	8.13e-03	1.50e-05
 3.39221e+20	9.92e-01	7.90e-03	1.40e-05
 3.50988e+20	9.92e-01	7.72e-03	1.33e-05
 3.62248e+20	9.92e-01	7.56e-03	1.26e-05
 3.72969e+20	9.93e-01	7.42e-03	1.21e-05
 3.83289e+20	9.93e-01	7.29e-03	1.16e-05
