#depth	He	He+	He+2
 1.02022e+16	4.26e-03	4.37e-01	5.59e-01
 6.12132e+16	4.24e-03	4.37e-01	5.59e-01
 2.65257e+17	4.23e-03	4.37e-01	5.58e-01
 1.08143e+18	4.26e-03	4.43e-01	5.53e-01
 2.58320e+18	4.23e-03	4.47e-01	5.49e-01
 4.46648e+18	4.26e-03	4.56e-01	5.40e-01
 6.84574e+18	4.38e-03	4.72e-01	5.23e-01
 9.93878e+18	4.62e-03	4.98e-01	4.97e-01
 1.39597e+19	5.05e-03	5.37e-01	4.58e-01
 1.90271e+19	5.72e-03	5.91e-01	4.04e-01
 2.40730e+19	6.50e-03	6.45e-01	3.49e-01
 2.79496e+19	7.18e-03	6.86e-01	3.07e-01
 3.08917e+19	7.76e-03	7.15e-01	2.77e-01
 3.34742e+19	8.32e-03	7.39e-01	2.53e-01
 3.63852e+19	9.02e-03	7.65e-01	2.26e-01
 3.94019e+19	9.72e-03	7.87e-01	2.03e-01
 4.18223e+19	1.03e-02	8.03e-01	1.87e-01
 4.38739e+19	1.09e-02	8.15e-01	1.74e-01
 4.61801e+19	1.16e-02	8.28e-01	1.60e-01
 4.86806e+19	1.23e-02	8.40e-01	1.48e-01
 5.08997e+19	1.31e-02	8.49e-01	1.38e-01
 5.28771e+19	1.38e-02	8.57e-01	1.30e-01
 5.50743e+19	1.47e-02	8.64e-01	1.21e-01
 5.74218e+19	1.58e-02	8.71e-01	1.13e-01
 5.94653e+19	1.69e-02	8.76e-01	1.07e-01
 6.12997e+19	1.80e-02	8.80e-01	1.02e-01
 6.33613e+19	1.94e-02	8.84e-01	9.62e-02
 6.55797e+19	2.12e-02	8.88e-01	9.08e-02
 6.75087e+19	2.31e-02	8.90e-01	8.67e-02
 6.91803e+19	2.50e-02	8.92e-01	8.33e-02
 7.07396e+19	2.71e-02	8.93e-01	8.03e-02
 7.22262e+19	2.94e-02	8.93e-01	7.77e-02
 7.36214e+19	3.19e-02	8.93e-01	7.52e-02
 7.49115e+19	3.46e-02	8.92e-01	7.31e-02
 7.61098e+19	3.75e-02	8.91e-01	7.13e-02
 7.72460e+19	4.07e-02	8.90e-01	6.96e-02
 7.83277e+19	4.42e-02	8.88e-01	6.82e-02
 7.93602e+19	4.79e-02	8.85e-01	6.68e-02
 8.03609e+19	5.20e-02	8.82e-01	6.56e-02
 8.13355e+19	5.64e-02	8.79e-01	6.46e-02
 8.22854e+19	6.13e-02	8.75e-01	6.36e-02
 8.32156e+19	6.67e-02	8.71e-01	6.28e-02
 8.41343e+19	7.26e-02	8.65e-01	6.20e-02
 8.51869e+19	8.04e-02	8.59e-01	6.10e-02
 8.62870e+19	8.91e-02	8.50e-01	6.06e-02
 8.72345e+19	9.80e-02	8.42e-01	5.99e-02
 8.81188e+19	1.07e-01	8.34e-01	5.96e-02
 8.90343e+19	1.17e-01	8.24e-01	5.91e-02
 8.99867e+19	1.29e-01	8.12e-01	5.86e-02
 9.09371e+19	1.41e-01	8.00e-01	5.84e-02
 9.18025e+19	1.54e-01	7.88e-01	5.80e-02
 9.25851e+19	1.66e-01	7.76e-01	5.79e-02
 9.33460e+19	1.79e-01	7.63e-01	5.75e-02
 9.41067e+19	1.93e-01	7.50e-01	5.73e-02
 9.47415e+19	2.05e-01	7.38e-01	5.70e-02
 9.51801e+19	2.13e-01	7.30e-01	5.69e-02
 9.55922e+19	2.21e-01	7.22e-01	5.67e-02
 9.60703e+19	2.32e-01	7.12e-01	5.64e-02
 9.65880e+19	2.43e-01	7.01e-01	5.61e-02
 9.71024e+19	2.54e-01	6.90e-01	5.58e-02
 9.76141e+19	2.65e-01	6.79e-01	5.55e-02
 9.81409e+19	2.78e-01	6.67e-01	5.51e-02
 9.86802e+19	2.91e-01	6.55e-01	5.47e-02
 9.92325e+19	3.05e-01	6.41e-01	5.41e-02
 9.97991e+19	3.18e-01	6.28e-01	5.37e-02
 1.00387e+20	3.33e-01	6.13e-01	5.31e-02
 1.01000e+20	3.49e-01	5.98e-01	5.24e-02
 1.01623e+20	3.65e-01	5.83e-01	5.16e-02
 1.02271e+20	3.82e-01	5.67e-01	5.08e-02
 1.02961e+20	4.00e-01	5.50e-01	4.99e-02
 1.03687e+20	4.18e-01	5.33e-01	4.89e-02
 1.04456e+20	4.37e-01	5.15e-01	4.77e-02
 1.05278e+20	4.56e-01	4.97e-01	4.65e-02
 1.06169e+20	4.77e-01	4.78e-01	4.51e-02
 1.07139e+20	4.97e-01	4.60e-01	4.37e-02
 1.08187e+20	5.17e-01	4.41e-01	4.21e-02
 1.09344e+20	5.37e-01	4.22e-01	4.04e-02
 1.10649e+20	5.57e-01	4.04e-01	3.86e-02
 1.12099e+20	5.76e-01	3.88e-01	3.68e-02
 1.13592e+20	5.91e-01	3.74e-01	3.51e-02
 1.15059e+20	6.04e-01	3.62e-01	3.36e-02
 1.16731e+20	6.17e-01	3.51e-01	3.20e-02
 1.18905e+20	6.31e-01	3.39e-01	3.01e-02
 1.21732e+20	6.45e-01	3.27e-01	2.81e-02
 1.25292e+20	6.60e-01	3.14e-01	2.58e-02
 1.29446e+20	6.75e-01	3.02e-01	2.36e-02
 1.33963e+20	6.89e-01	2.90e-01	2.15e-02
 1.38728e+20	7.02e-01	2.78e-01	1.95e-02
 1.43736e+20	7.15e-01	2.67e-01	1.77e-02
 1.48958e+20	7.28e-01	2.56e-01	1.61e-02
 1.54336e+20	7.40e-01	2.46e-01	1.46e-02
 1.59918e+20	7.51e-01	2.36e-01	1.33e-02
 1.65746e+20	7.62e-01	2.26e-01	1.21e-02
 1.71782e+20	7.73e-01	2.16e-01	1.10e-02
 1.78014e+20	7.83e-01	2.07e-01	9.95e-03
 1.84460e+20	7.93e-01	1.98e-01	9.04e-03
 1.91138e+20	8.02e-01	1.90e-01	8.20e-03
 1.98027e+20	8.11e-01	1.81e-01	7.44e-03
 2.05174e+20	8.20e-01	1.73e-01	6.75e-03
 2.12594e+20	8.28e-01	1.66e-01	6.12e-03
 2.20225e+20	8.36e-01	1.59e-01	5.55e-03
 2.28069e+20	8.43e-01	1.52e-01	5.04e-03
 2.36126e+20	8.50e-01	1.45e-01	4.57e-03
 2.44425e+20	8.57e-01	1.39e-01	4.15e-03
 2.53009e+20	8.64e-01	1.33e-01	3.77e-03
 2.61819e+20	8.70e-01	1.27e-01	3.43e-03
 2.70859e+20	8.76e-01	1.21e-01	3.11e-03
 2.80226e+20	8.81e-01	1.16e-01	2.83e-03
 2.89892e+20	8.87e-01	1.11e-01	2.57e-03
 2.99796e+20	8.92e-01	1.06e-01	2.33e-03
 3.09936e+20	8.97e-01	1.01e-01	2.12e-03
 3.20152e+20	9.01e-01	9.67e-02	1.93e-03
 3.30196e+20	9.06e-01	9.27e-02	1.77e-03
 3.40018e+20	9.09e-01	8.90e-02	1.62e-03
 3.49668e+20	9.13e-01	8.56e-02	1.50e-03
 3.59160e+20	9.16e-01	8.24e-02	1.38e-03
 3.68447e+20	9.19e-01	7.95e-02	1.28e-03
 3.77459e+20	9.22e-01	7.68e-02	1.19e-03
 3.86163e+20	9.25e-01	7.44e-02	1.11e-03
 3.94546e+20	9.27e-01	7.21e-02	1.04e-03
 4.02594e+20	9.29e-01	7.00e-02	9.79e-04
 4.10290e+20	9.31e-01	6.80e-02	9.22e-04
