#depth	O	O+	O+2	O+3	O+4	O+5	O+6	O+7	O+8	O[1]	O[2]	O[3]
 1.47945e+16	1.07e-03	1.19e-01	6.35e-01	2.24e-01	2.13e-02	2.80e-04	2.72e-06	0.00e+00	0.00e+00	1.07e-03	8.09e-08	8.93e-08
 8.87669e+16	1.06e-03	1.18e-01	6.36e-01	2.24e-01	2.12e-02	2.79e-04	2.72e-06	0.00e+00	0.00e+00	1.06e-03	7.98e-08	8.87e-08
 3.84656e+17	1.03e-03	1.16e-01	6.38e-01	2.24e-01	2.12e-02	2.80e-04	2.74e-06	0.00e+00	0.00e+00	1.03e-03	7.75e-08	8.61e-08
 1.56821e+18	9.36e-04	1.08e-01	6.46e-01	2.24e-01	2.09e-02	2.81e-04	2.77e-06	0.00e+00	0.00e+00	9.36e-04	7.03e-08	7.83e-08
 3.74596e+18	7.11e-04	9.09e-02	6.55e-01	2.32e-01	2.13e-02	3.05e-04	3.14e-06	0.00e+00	0.00e+00	7.11e-04	5.33e-08	5.96e-08
 6.57703e+18	5.82e-04	8.02e-02	6.65e-01	2.33e-01	2.10e-02	3.14e-04	3.33e-06	0.00e+00	0.00e+00	5.82e-04	4.35e-08	4.87e-08
 1.02574e+19	4.93e-04	7.24e-02	6.78e-01	2.29e-01	1.99e-02	3.09e-04	3.36e-06	0.00e+00	0.00e+00	4.93e-04	3.68e-08	4.13e-08
 1.50419e+19	4.47e-04	6.85e-02	6.96e-01	2.16e-01	1.81e-02	2.85e-04	3.16e-06	0.00e+00	0.00e+00	4.47e-04	3.34e-08	3.75e-08
 2.12618e+19	4.40e-04	6.85e-02	7.20e-01	1.95e-01	1.54e-02	2.41e-04	2.70e-06	0.00e+00	0.00e+00	4.40e-04	3.28e-08	3.69e-08
 2.89228e+19	4.77e-04	7.31e-02	7.48e-01	1.66e-01	1.22e-02	1.86e-04	2.08e-06	0.00e+00	0.00e+00	4.77e-04	3.56e-08	4.00e-08
 3.82581e+19	6.06e-04	8.58e-02	7.76e-01	1.29e-01	8.50e-03	1.21e-04	1.32e-06	0.00e+00	0.00e+00	6.06e-04	4.53e-08	5.07e-08
 4.72061e+19	8.02e-04	1.03e-01	7.94e-01	9.66e-02	5.76e-03	7.50e-05	7.96e-07	0.00e+00	0.00e+00	8.02e-04	6.01e-08	6.71e-08
 5.32859e+19	1.03e-03	1.20e-01	7.98e-01	7.67e-02	4.25e-03	5.11e-05	5.26e-07	0.00e+00	0.00e+00	1.03e-03	7.75e-08	8.63e-08
 5.72251e+19	1.26e-03	1.34e-01	7.96e-01	6.49e-02	3.43e-03	3.85e-05	3.87e-07	0.00e+00	0.00e+00	1.26e-03	9.48e-08	1.05e-07
 6.03261e+19	1.49e-03	1.48e-01	7.91e-01	5.63e-02	2.86e-03	3.03e-05	2.98e-07	0.00e+00	0.00e+00	1.49e-03	1.13e-07	1.25e-07
 6.37381e+19	1.83e-03	1.66e-01	7.82e-01	4.75e-02	2.32e-03	2.27e-05	2.18e-07	0.00e+00	0.00e+00	1.83e-03	1.39e-07	1.53e-07
 6.73444e+19	2.27e-03	1.87e-01	7.69e-01	3.96e-02	1.86e-03	1.67e-05	1.57e-07	0.00e+00	0.00e+00	2.27e-03	1.74e-07	1.89e-07
 7.04242e+19	2.75e-03	2.06e-01	7.56e-01	3.37e-02	1.53e-03	1.28e-05	1.18e-07	0.00e+00	0.00e+00	2.74e-03	2.12e-07	2.29e-07
 7.31754e+19	3.28e-03	2.26e-01	7.40e-01	2.89e-02	1.28e-03	9.91e-06	0.00e+00	0.00e+00	0.00e+00	3.28e-03	2.55e-07	2.73e-07
 7.62786e+19	4.06e-03	2.52e-01	7.19e-01	2.40e-02	1.04e-03	7.29e-06	0.00e+00	0.00e+00	0.00e+00	4.06e-03	3.19e-07	3.38e-07
 7.95088e+19	5.05e-03	2.80e-01	6.94e-01	1.97e-02	8.41e-04	5.32e-06	0.00e+00	0.00e+00	0.00e+00	5.05e-03	4.03e-07	4.19e-07
 8.21968e+19	6.09e-03	3.06e-01	6.71e-01	1.66e-02	7.03e-04	4.05e-06	0.00e+00	0.00e+00	0.00e+00	6.09e-03	4.91e-07	5.04e-07
 8.45932e+19	7.24e-03	3.31e-01	6.47e-01	1.41e-02	5.96e-04	3.13e-06	0.00e+00	0.00e+00	0.00e+00	7.24e-03	5.92e-07	5.99e-07
 8.73182e+19	8.88e-03	3.62e-01	6.17e-01	1.15e-02	4.90e-04	2.31e-06	0.00e+00	0.00e+00	0.00e+00	8.88e-03	7.40e-07	7.34e-07
 9.02163e+19	1.10e-02	3.97e-01	5.82e-01	9.29e-03	4.00e-04	1.66e-06	0.00e+00	0.00e+00	0.00e+00	1.10e-02	9.35e-07	9.07e-07
 9.27073e+19	1.33e-02	4.29e-01	5.50e-01	7.62e-03	3.35e-04	1.24e-06	0.00e+00	0.00e+00	0.00e+00	1.33e-02	1.15e-06	1.09e-06
 9.49311e+19	1.58e-02	4.59e-01	5.18e-01	6.30e-03	2.84e-04	9.42e-07	0.00e+00	0.00e+00	0.00e+00	1.58e-02	1.39e-06	1.30e-06
 9.74397e+19	1.94e-02	4.95e-01	4.80e-01	5.00e-03	2.34e-04	6.79e-07	0.00e+00	0.00e+00	0.00e+00	1.94e-02	1.74e-06	1.58e-06
 1.00128e+20	2.40e-02	5.34e-01	4.38e-01	3.87e-03	1.90e-04	4.75e-07	0.00e+00	0.00e+00	0.00e+00	2.40e-02	2.20e-06	1.95e-06
 1.02466e+20	2.90e-02	5.68e-01	4.00e-01	3.05e-03	1.57e-04	3.43e-07	0.00e+00	0.00e+00	0.00e+00	2.90e-02	2.71e-06	2.35e-06
 1.04559e+20	3.44e-02	5.99e-01	3.64e-01	2.42e-03	1.32e-04	2.52e-07	0.00e+00	0.00e+00	0.00e+00	3.44e-02	3.27e-06	2.78e-06
 1.06917e+20	4.20e-02	6.33e-01	3.23e-01	1.83e-03	1.06e-04	1.73e-07	0.00e+00	0.00e+00	0.00e+00	4.20e-02	4.06e-06	3.37e-06
 1.09457e+20	5.18e-02	6.66e-01	2.80e-01	1.34e-03	8.41e-05	1.15e-07	0.00e+00	0.00e+00	0.00e+00	5.18e-02	5.07e-06	4.12e-06
 1.11629e+20	6.24e-02	6.93e-01	2.44e-01	9.98e-04	6.74e-05	0.00e+00	0.00e+00	0.00e+00	0.00e+00	6.24e-02	6.15e-06	4.92e-06
 1.13411e+20	7.25e-02	7.12e-01	2.15e-01	7.75e-04	5.56e-05	0.00e+00	0.00e+00	0.00e+00	0.00e+00	7.25e-02	7.18e-06	5.67e-06
 1.15032e+20	8.33e-02	7.27e-01	1.89e-01	6.07e-04	4.62e-05	0.00e+00	0.00e+00	0.00e+00	0.00e+00	8.33e-02	8.26e-06	6.46e-06
 1.16879e+20	9.76e-02	7.41e-01	1.61e-01	4.51e-04	3.68e-05	0.00e+00	0.00e+00	0.00e+00	0.00e+00	9.76e-02	9.68e-06	7.48e-06
 1.18794e+20	1.15e-01	7.50e-01	1.35e-01	3.30e-04	2.88e-05	0.00e+00	0.00e+00	0.00e+00	0.00e+00	1.15e-01	1.13e-05	8.66e-06
 1.20331e+20	1.30e-01	7.54e-01	1.16e-01	2.54e-04	2.33e-05	0.00e+00	0.00e+00	0.00e+00	0.00e+00	1.30e-01	1.28e-05	9.72e-06
 1.21604e+20	1.45e-01	7.54e-01	1.01e-01	2.03e-04	1.94e-05	0.00e+00	0.00e+00	0.00e+00	0.00e+00	1.45e-01	1.41e-05	1.07e-05
 1.22999e+20	1.62e-01	7.52e-01	8.57e-02	1.57e-04	1.56e-05	0.00e+00	0.00e+00	0.00e+00	0.00e+00	1.62e-01	1.57e-05	1.18e-05
 1.24531e+20	1.83e-01	7.46e-01	7.13e-02	1.18e-04	1.23e-05	0.00e+00	0.00e+00	0.00e+00	0.00e+00	1.83e-01	1.75e-05	1.31e-05
 1.25911e+20	2.04e-01	7.36e-01	5.96e-02	9.11e-05	9.71e-06	0.00e+00	0.00e+00	0.00e+00	0.00e+00	2.04e-01	1.92e-05	1.43e-05
 1.27129e+20	2.24e-01	7.26e-01	5.06e-02	7.25e-05	7.88e-06	0.00e+00	0.00e+00	0.00e+00	0.00e+00	2.24e-01	2.07e-05	1.54e-05
 1.28468e+20	2.48e-01	7.11e-01	4.15e-02	5.57e-05	6.13e-06	0.00e+00	0.00e+00	0.00e+00	0.00e+00	2.48e-01	2.25e-05	1.67e-05
 1.29926e+20	2.75e-01	6.91e-01	3.34e-02	4.22e-05	4.65e-06	0.00e+00	0.00e+00	0.00e+00	0.00e+00	2.75e-01	2.44e-05	1.80e-05
 1.31251e+20	3.01e-01	6.72e-01	2.72e-02	3.30e-05	3.62e-06	0.00e+00	0.00e+00	0.00e+00	0.00e+00	3.00e-01	2.61e-05	1.92e-05
 1.32679e+20	3.31e-01	6.48e-01	2.14e-02	2.52e-05	2.69e-06	0.00e+00	0.00e+00	0.00e+00	0.00e+00	3.31e-01	2.79e-05	2.05e-05
 1.34260e+20	3.65e-01	6.19e-01	1.64e-02	1.90e-05	1.95e-06	0.00e+00	0.00e+00	0.00e+00	0.00e+00	3.65e-01	2.97e-05	2.17e-05
 1.35781e+20	3.99e-01	5.89e-01	1.25e-02	1.46e-05	1.41e-06	0.00e+00	0.00e+00	0.00e+00	0.00e+00	3.99e-01	3.12e-05	2.28e-05
 1.37215e+20	4.31e-01	5.59e-01	9.65e-03	1.15e-05	1.03e-06	0.00e+00	0.00e+00	0.00e+00	0.00e+00	4.31e-01	3.25e-05	2.37e-05
 1.38532e+20	4.61e-01	5.32e-01	7.55e-03	9.38e-06	7.72e-07	0.00e+00	0.00e+00	0.00e+00	0.00e+00	4.61e-01	3.35e-05	2.44e-05
 1.39747e+20	4.88e-01	5.06e-01	5.99e-03	7.83e-06	5.90e-07	0.00e+00	0.00e+00	0.00e+00	0.00e+00	4.88e-01	3.42e-05	2.49e-05
 1.40896e+20	5.14e-01	4.81e-01	4.81e-03	6.67e-06	4.58e-07	0.00e+00	0.00e+00	0.00e+00	0.00e+00	5.14e-01	3.47e-05	2.52e-05
 1.41999e+20	5.38e-01	4.58e-01	3.89e-03	5.76e-06	3.59e-07	0.00e+00	0.00e+00	0.00e+00	0.00e+00	5.38e-01	3.50e-05	2.55e-05
 1.43068e+20	5.60e-01	4.37e-01	3.17e-03	5.04e-06	2.85e-07	0.00e+00	0.00e+00	0.00e+00	0.00e+00	5.60e-01	3.52e-05	2.56e-05
 1.44118e+20	5.81e-01	4.16e-01	2.59e-03	4.45e-06	2.28e-07	0.00e+00	0.00e+00	0.00e+00	0.00e+00	5.81e-01	3.53e-05	2.56e-05
 1.44966e+20	5.97e-01	4.01e-01	2.23e-03	4.07e-06	1.92e-07	0.00e+00	0.00e+00	0.00e+00	0.00e+00	5.97e-01	3.53e-05	2.56e-05
 1.45551e+20	6.08e-01	3.90e-01	2.00e-03	3.83e-06	1.71e-07	0.00e+00	0.00e+00	0.00e+00	0.00e+00	6.08e-01	3.53e-05	2.56e-05
 1.46112e+20	6.18e-01	3.80e-01	1.80e-03	3.60e-06	1.52e-07	0.00e+00	0.00e+00	0.00e+00	0.00e+00	6.18e-01	3.52e-05	2.55e-05
 1.46760e+20	6.30e-01	3.69e-01	1.60e-03	3.38e-06	1.33e-07	0.00e+00	0.00e+00	0.00e+00	0.00e+00	6.30e-01	3.51e-05	2.54e-05
 1.47482e+20	6.42e-01	3.57e-01	1.41e-03	3.15e-06	0.00e+00	0.00e+00	0.00e+00	0.00e+00	0.00e+00	6.42e-01	3.50e-05	2.53e-05
 1.48219e+20	6.54e-01	3.45e-01	1.24e-03	2.95e-06	0.00e+00	0.00e+00	0.00e+00	0.00e+00	0.00e+00	6.54e-01	3.48e-05	2.52e-05
 1.48941e+20	6.65e-01	3.34e-01	1.10e-03	2.77e-06	0.00e+00	0.00e+00	0.00e+00	0.00e+00	0.00e+00	6.65e-01	3.46e-05	2.50e-05
 1.49691e+20	6.76e-01	3.23e-01	9.70e-04	2.60e-06	0.00e+00	0.00e+00	0.00e+00	0.00e+00	0.00e+00	6.76e-01	3.44e-05	2.48e-05
 1.50478e+20	6.86e-01	3.13e-01	8.58e-04	2.45e-06	0.00e+00	0.00e+00	0.00e+00	0.00e+00	0.00e+00	6.86e-01	3.41e-05	2.46e-05
 1.51299e+20	6.97e-01	3.02e-01	7.58e-04	2.31e-06	0.00e+00	0.00e+00	0.00e+00	0.00e+00	0.00e+00	6.97e-01	3.38e-05	2.44e-05
 1.52167e+20	7.07e-01	2.92e-01	6.71e-04	2.18e-06	0.00e+00	0.00e+00	0.00e+00	0.00e+00	0.00e+00	7.07e-01	3.36e-05	2.42e-05
 1.53093e+20	7.17e-01	2.82e-01	5.94e-04	2.06e-06	0.00e+00	0.00e+00	0.00e+00	0.00e+00	0.00e+00	7.17e-01	3.32e-05	2.40e-05
 1.54085e+20	7.27e-01	2.73e-01	5.26e-04	1.95e-06	0.00e+00	0.00e+00	0.00e+00	0.00e+00	0.00e+00	7.26e-01	3.29e-05	2.37e-05
 1.55144e+20	7.36e-01	2.64e-01	4.67e-04	1.84e-06	0.00e+00	0.00e+00	0.00e+00	0.00e+00	0.00e+00	7.36e-01	3.26e-05	2.35e-05
 1.56293e+20	7.44e-01	2.55e-01	4.16e-04	1.75e-06	0.00e+00	0.00e+00	0.00e+00	0.00e+00	0.00e+00	7.44e-01	3.22e-05	2.32e-05
 1.57588e+20	7.53e-01	2.46e-01	3.71e-04	1.66e-06	0.00e+00	0.00e+00	0.00e+00	0.00e+00	0.00e+00	7.53e-01	3.19e-05	2.29e-05
 1.59049e+20	7.61e-01	2.39e-01	3.32e-04	1.58e-06	0.00e+00	0.00e+00	0.00e+00	0.00e+00	0.00e+00	7.61e-01	3.15e-05	2.27e-05
 1.60706e+20	7.69e-01	2.31e-01	2.99e-04	1.50e-06	0.00e+00	0.00e+00	0.00e+00	0.00e+00	0.00e+00	7.69e-01	3.12e-05	2.24e-05
 1.62465e+20	7.75e-01	2.25e-01	2.73e-04	1.44e-06	0.00e+00	0.00e+00	0.00e+00	0.00e+00	0.00e+00	7.75e-01	3.09e-05	2.22e-05
 1.64180e+20	7.80e-01	2.20e-01	2.54e-04	1.40e-06	0.00e+00	0.00e+00	0.00e+00	0.00e+00	0.00e+00	7.80e-01	3.06e-05	2.20e-05
 1.65860e+20	7.84e-01	2.16e-01	2.39e-04	1.36e-06	0.00e+00	0.00e+00	0.00e+00	0.00e+00	0.00e+00	7.84e-01	3.04e-05	2.19e-05
 1.67775e+20	7.88e-01	2.12e-01	2.25e-04	1.32e-06	0.00e+00	0.00e+00	0.00e+00	0.00e+00	0.00e+00	7.88e-01	3.02e-05	2.17e-05
 1.70264e+20	7.93e-01	2.07e-01	2.11e-04	1.28e-06	0.00e+00	0.00e+00	0.00e+00	0.00e+00	0.00e+00	7.93e-01	3.00e-05	2.15e-05
 1.73500e+20	7.97e-01	2.02e-01	1.96e-04	1.24e-06	0.00e+00	0.00e+00	0.00e+00	0.00e+00	0.00e+00	7.97e-01	2.97e-05	2.13e-05
 1.77706e+20	8.03e-01	1.97e-01	1.81e-04	1.19e-06	0.00e+00	0.00e+00	0.00e+00	0.00e+00	0.00e+00	8.03e-01	2.94e-05	2.11e-05
 1.83175e+20	8.09e-01	1.91e-01	1.65e-04	1.14e-06	0.00e+00	0.00e+00	0.00e+00	0.00e+00	0.00e+00	8.09e-01	2.91e-05	2.08e-05
 1.90063e+20	8.16e-01	1.84e-01	1.49e-04	1.09e-06	0.00e+00	0.00e+00	0.00e+00	0.00e+00	0.00e+00	8.16e-01	2.87e-05	2.05e-05
 1.97897e+20	8.23e-01	1.77e-01	1.34e-04	1.03e-06	0.00e+00	0.00e+00	0.00e+00	0.00e+00	0.00e+00	8.23e-01	2.83e-05	2.02e-05
 2.06031e+20	8.29e-01	1.71e-01	1.22e-04	9.81e-07	0.00e+00	0.00e+00	0.00e+00	0.00e+00	0.00e+00	8.29e-01	2.79e-05	1.99e-05
 2.14414e+20	8.35e-01	1.65e-01	1.11e-04	9.35e-07	0.00e+00	0.00e+00	0.00e+00	0.00e+00	0.00e+00	8.35e-01	2.75e-05	1.96e-05
 2.23311e+20	8.41e-01	1.59e-01	1.01e-04	8.91e-07	0.00e+00	0.00e+00	0.00e+00	0.00e+00	0.00e+00	8.41e-01	2.71e-05	1.94e-05
 2.32818e+20	8.47e-01	1.53e-01	9.30e-05	8.50e-07	0.00e+00	0.00e+00	0.00e+00	0.00e+00	0.00e+00	8.47e-01	2.68e-05	1.91e-05
 2.42859e+20	8.52e-01	1.48e-01	8.56e-05	8.11e-07	0.00e+00	0.00e+00	0.00e+00	0.00e+00	0.00e+00	8.52e-01	2.64e-05	1.88e-05
 2.53449e+20	8.57e-01	1.43e-01	7.90e-05	7.74e-07	0.00e+00	0.00e+00	0.00e+00	0.00e+00	0.00e+00	8.57e-01	2.60e-05	1.85e-05
 2.64675e+20	8.62e-01	1.37e-01	7.33e-05	7.39e-07	0.00e+00	0.00e+00	0.00e+00	0.00e+00	0.00e+00	8.62e-01	2.56e-05	1.82e-05
 2.76554e+20	8.67e-01	1.33e-01	6.82e-05	7.06e-07	0.00e+00	0.00e+00	0.00e+00	0.00e+00	0.00e+00	8.67e-01	2.52e-05	1.79e-05
 2.89081e+20	8.72e-01	1.28e-01	6.36e-05	6.74e-07	0.00e+00	0.00e+00	0.00e+00	0.00e+00	0.00e+00	8.72e-01	2.49e-05	1.76e-05
 3.02349e+20	8.77e-01	1.23e-01	5.96e-05	6.44e-07	0.00e+00	0.00e+00	0.00e+00	0.00e+00	0.00e+00	8.76e-01	2.45e-05	1.74e-05
 3.16388e+20	8.81e-01	1.19e-01	5.61e-05	6.15e-07	0.00e+00	0.00e+00	0.00e+00	0.00e+00	0.00e+00	8.81e-01	2.42e-05	1.71e-05
 3.31235e+20	8.85e-01	1.15e-01	5.29e-05	5.88e-07	0.00e+00	0.00e+00	0.00e+00	0.00e+00	0.00e+00	8.85e-01	2.38e-05	1.68e-05
 3.46938e+20	8.89e-01	1.11e-01	5.01e-05	5.62e-07	0.00e+00	0.00e+00	0.00e+00	0.00e+00	0.00e+00	8.89e-01	2.35e-05	1.66e-05
 3.63534e+20	8.93e-01	1.07e-01	4.76e-05	5.37e-07	0.00e+00	0.00e+00	0.00e+00	0.00e+00	0.00e+00	8.93e-01	2.32e-05	1.63e-05
 3.81073e+20	8.97e-01	1.03e-01	4.53e-05	5.13e-07	0.00e+00	0.00e+00	0.00e+00	0.00e+00	0.00e+00	8.97e-01	2.29e-05	1.61e-05
 3.99615e+20	9.00e-01	9.96e-02	4.33e-05	4.90e-07	0.00e+00	0.00e+00	0.00e+00	0.00e+00	0.00e+00	9.00e-01	2.26e-05	1.59e-05
 4.19209e+20	9.04e-01	9.61e-02	4.15e-05	4.68e-07	0.00e+00	0.00e+00	0.00e+00	0.00e+00	0.00e+00	9.04e-01	2.23e-05	1.56e-05
 4.39915e+20	9.07e-01	9.27e-02	3.99e-05	4.48e-07	0.00e+00	0.00e+00	0.00e+00	0.00e+00	0.00e+00	9.07e-01	2.20e-05	1.54e-05
 4.61785e+20	9.11e-01	8.94e-02	3.84e-05	4.28e-07	0.00e+00	0.00e+00	0.00e+00	0.00e+00	0.00e+00	9.10e-01	2.17e-05	1.52e-05
 4.84889e+20	9.14e-01	8.63e-02	3.71e-05	4.09e-07	0.00e+00	0.00e+00	0.00e+00	0.00e+00	0.00e+00	9.14e-01	2.15e-05	1.50e-05
 5.09281e+20	9.17e-01	8.33e-02	3.58e-05	3.90e-07	0.00e+00	0.00e+00	0.00e+00	0.00e+00	0.00e+00	9.17e-01	2.12e-05	1.48e-05
 5.35043e+20	9.20e-01	8.04e-02	3.47e-05	3.73e-07	0.00e+00	0.00e+00	0.00e+00	0.00e+00	0.00e+00	9.20e-01	2.10e-05	1.46e-05
 5.62229e+20	9.22e-01	7.75e-02	3.37e-05	3.56e-07	0.00e+00	0.00e+00	0.00e+00	0.00e+00	0.00e+00	9.22e-01	2.08e-05	1.44e-05
 5.90920e+20	9.25e-01	7.49e-02	3.28e-05	3.40e-07	0.00e+00	0.00e+00	0.00e+00	0.00e+00	0.00e+00	9.25e-01	2.05e-05	1.42e-05
 6.21277e+20	9.28e-01	7.22e-02	3.19e-05	3.24e-07	0.00e+00	0.00e+00	0.00e+00	0.00e+00	0.00e+00	9.28e-01	2.03e-05	1.40e-05
 6.53301e+20	9.30e-01	6.97e-02	3.11e-05	3.09e-07	0.00e+00	0.00e+00	0.00e+00	0.00e+00	0.00e+00	9.30e-01	2.01e-05	1.38e-05
 6.86982e+20	9.33e-01	6.72e-02	3.03e-05	2.95e-07	0.00e+00	0.00e+00	0.00e+00	0.00e+00	0.00e+00	9.33e-01	1.99e-05	1.37e-05
 7.22622e+20	9.35e-01	6.49e-02	2.96e-05	2.81e-07	0.00e+00	0.00e+00	0.00e+00	0.00e+00	0.00e+00	9.35e-01	1.97e-05	1.35e-05
 7.60329e+20	9.37e-01	6.26e-02	2.89e-05	2.68e-07	0.00e+00	0.00e+00	0.00e+00	0.00e+00	0.00e+00	9.37e-01	1.95e-05	1.33e-05
 8.00057e+20	9.40e-01	6.04e-02	2.83e-05	2.55e-07	0.00e+00	0.00e+00	0.00e+00	0.00e+00	0.00e+00	9.39e-01	1.94e-05	1.32e-05
 8.41861e+20	9.42e-01	5.83e-02	2.77e-05	2.43e-07	0.00e+00	0.00e+00	0.00e+00	0.00e+00	0.00e+00	9.42e-01	1.92e-05	1.30e-05
 8.85935e+20	9.44e-01	5.63e-02	2.71e-05	2.31e-07	0.00e+00	0.00e+00	0.00e+00	0.00e+00	0.00e+00	9.44e-01	1.90e-05	1.29e-05
 9.32743e+20	9.46e-01	5.43e-02	2.65e-05	2.19e-07	0.00e+00	0.00e+00	0.00e+00	0.00e+00	0.00e+00	9.46e-01	1.89e-05	1.27e-05
 9.82289e+20	9.48e-01	5.24e-02	2.59e-05	2.09e-07	0.00e+00	0.00e+00	0.00e+00	0.00e+00	0.00e+00	9.48e-01	1.87e-05	1.26e-05
 1.03432e+21	9.49e-01	5.05e-02	2.54e-05	1.98e-07	0.00e+00	0.00e+00	0.00e+00	0.00e+00	0.00e+00	9.49e-01	1.86e-05	1.24e-05
 1.08928e+21	9.51e-01	4.88e-02	2.48e-05	1.88e-07	0.00e+00	0.00e+00	0.00e+00	0.00e+00	0.00e+00	9.51e-01	1.85e-05	1.23e-05
 1.14745e+21	9.53e-01	4.71e-02	2.43e-05	1.78e-07	0.00e+00	0.00e+00	0.00e+00	0.00e+00	0.00e+00	9.53e-01	1.84e-05	1.22e-05
 1.20887e+21	9.55e-01	4.54e-02	2.38e-05	1.69e-07	0.00e+00	0.00e+00	0.00e+00	0.00e+00	0.00e+00	9.55e-01	1.83e-05	1.21e-05
 1.27414e+21	9.56e-01	4.38e-02	2.32e-05	1.60e-07	0.00e+00	0.00e+00	0.00e+00	0.00e+00	0.00e+00	9.56e-01	1.81e-05	1.20e-05
 1.34342e+21	9.58e-01	4.23e-02	2.27e-05	1.51e-07	0.00e+00	0.00e+00	0.00e+00	0.00e+00	0.00e+00	9.58e-01	1.81e-05	1.18e-05
 1.41641e+21	9.59e-01	4.08e-02	2.22e-05	1.43e-07	0.00e+00	0.00e+00	0.00e+00	0.00e+00	0.00e+00	9.59e-01	1.80e-05	1.17e-05
 1.49379e+21	9.61e-01	3.94e-02	2.16e-05	1.35e-07	0.00e+00	0.00e+00	0.00e+00	0.00e+00	0.00e+00	9.61e-01	1.79e-05	1.16e-05
 1.57605e+21	9.62e-01	3.80e-02	2.11e-05	1.27e-07	0.00e+00	0.00e+00	0.00e+00	0.00e+00	0.00e+00	9.62e-01	1.78e-05	1.15e-05
 1.66336e+21	9.63e-01	3.67e-02	2.05e-05	1.20e-07	0.00e+00	0.00e+00	0.00e+00	0.00e+00	0.00e+00	9.63e-01	1.78e-05	1.14e-05
 1.75668e+21	9.65e-01	3.54e-02	1.99e-05	0.00e+00	0.00e+00	0.00e+00	0.00e+00	0.00e+00	0.00e+00	9.65e-01	1.77e-05	1.13e-05
 1.85644e+21	9.66e-01	3.42e-02	1.93e-05	0.00e+00	0.00e+00	0.00e+00	0.00e+00	0.00e+00	0.00e+00	9.66e-01	1.77e-05	1.12e-05
 1.96240e+21	9.67e-01	3.30e-02	1.87e-05	0.00e+00	0.00e+00	0.00e+00	0.00e+00	0.00e+00	0.00e+00	9.67e-01	1.77e-05	1.11e-05
 2.07571e+21	9.68e-01	3.19e-02	1.81e-05	0.00e+00	0.00e+00	0.00e+00	0.00e+00	0.00e+00	0.00e+00	9.68e-01	1.76e-05	1.10e-05
 2.19735e+21	9.69e-01	3.08e-02	1.75e-05	0.00e+00	0.00e+00	0.00e+00	0.00e+00	0.00e+00	0.00e+00	9.69e-01	1.76e-05	1.10e-05
 2.32822e+21	9.70e-01	2.98e-02	1.68e-05	0.00e+00	0.00e+00	0.00e+00	0.00e+00	0.00e+00	0.00e+00	9.70e-01	1.76e-05	1.09e-05
 2.46897e+21	9.71e-01	2.87e-02	1.62e-05	0.00e+00	0.00e+00	0.00e+00	0.00e+00	0.00e+00	0.00e+00	9.71e-01	1.76e-05	1.08e-05
 2.62203e+21	9.72e-01	2.77e-02	1.55e-05	0.00e+00	0.00e+00	0.00e+00	0.00e+00	0.00e+00	0.00e+00	9.72e-01	1.77e-05	1.07e-05
 2.78839e+21	9.73e-01	2.68e-02	1.48e-05	0.00e+00	0.00e+00	0.00e+00	0.00e+00	0.00e+00	0.00e+00	9.73e-01	1.77e-05	1.06e-05
 2.96806e+21	9.74e-01	2.59e-02	1.41e-05	0.00e+00	0.00e+00	0.00e+00	0.00e+00	0.00e+00	0.00e+00	9.74e-01	1.77e-05	1.06e-05
 3.16399e+21	9.75e-01	2.50e-02	1.34e-05	0.00e+00	0.00e+00	0.00e+00	0.00e+00	0.00e+00	0.00e+00	9.75e-01	1.78e-05	1.05e-05
 3.38142e+21	9.76e-01	2.42e-02	1.26e-05	0.00e+00	0.00e+00	0.00e+00	0.00e+00	0.00e+00	0.00e+00	9.76e-01	1.79e-05	1.04e-05
 3.62294e+21	9.77e-01	2.34e-02	1.18e-05	0.00e+00	0.00e+00	0.00e+00	0.00e+00	0.00e+00	0.00e+00	9.77e-01	1.80e-05	1.04e-05
 3.89011e+21	9.77e-01	2.26e-02	1.10e-05	0.00e+00	0.00e+00	0.00e+00	0.00e+00	0.00e+00	0.00e+00	9.77e-01	1.81e-05	1.03e-05
 4.18969e+21	9.78e-01	2.19e-02	1.01e-05	0.00e+00	0.00e+00	0.00e+00	0.00e+00	0.00e+00	0.00e+00	9.78e-01	1.83e-05	1.03e-05
 4.53048e+21	9.79e-01	2.12e-02	9.26e-06	0.00e+00	0.00e+00	0.00e+00	0.00e+00	0.00e+00	0.00e+00	9.79e-01	1.84e-05	1.02e-05
 4.92261e+21	9.80e-01	2.05e-02	8.36e-06	0.00e+00	0.00e+00	0.00e+00	0.00e+00	0.00e+00	0.00e+00	9.79e-01	1.86e-05	1.01e-05
 5.37986e+21	9.80e-01	1.98e-02	7.43e-06	0.00e+00	0.00e+00	0.00e+00	0.00e+00	0.00e+00	0.00e+00	9.80e-01	1.89e-05	1.01e-05
 5.85422e+21	9.81e-01	1.93e-02	6.61e-06	0.00e+00	0.00e+00	0.00e+00	0.00e+00	0.00e+00	0.00e+00	9.81e-01	1.91e-05	1.01e-05
 6.26911e+21	9.81e-01	1.89e-02	5.99e-06	0.00e+00	0.00e+00	0.00e+00	0.00e+00	0.00e+00	0.00e+00	9.81e-01	1.94e-05	1.00e-05
 6.62841e+21	9.81e-01	1.87e-02	5.49e-06	0.00e+00	0.00e+00	0.00e+00	0.00e+00	0.00e+00	0.00e+00	9.81e-01	1.96e-05	1.00e-05
 7.02314e+21	9.82e-01	1.84e-02	4.98e-06	0.00e+00	0.00e+00	0.00e+00	0.00e+00	0.00e+00	0.00e+00	9.82e-01	1.98e-05	9.98e-06
 7.46898e+21	9.82e-01	1.82e-02	4.49e-06	0.00e+00	0.00e+00	0.00e+00	0.00e+00	0.00e+00	0.00e+00	9.82e-01	2.00e-05	9.96e-06
 7.87971e+21	9.82e-01	1.80e-02	4.09e-06	0.00e+00	0.00e+00	0.00e+00	0.00e+00	0.00e+00	0.00e+00	9.82e-01	2.03e-05	9.94e-06
 8.23592e+21	9.82e-01	1.78e-02	3.77e-06	0.00e+00	0.00e+00	0.00e+00	0.00e+00	0.00e+00	0.00e+00	9.82e-01	2.05e-05	9.92e-06
 8.62279e+21	9.82e-01	1.77e-02	3.45e-06	0.00e+00	0.00e+00	0.00e+00	0.00e+00	0.00e+00	0.00e+00	9.82e-01	2.06e-05	9.91e-06
 9.05834e+21	9.82e-01	1.76e-02	3.13e-06	0.00e+00	0.00e+00	0.00e+00	0.00e+00	0.00e+00	0.00e+00	9.82e-01	2.08e-05	9.90e-06
 9.45947e+21	9.83e-01	1.75e-02	2.87e-06	0.00e+00	0.00e+00	0.00e+00	0.00e+00	0.00e+00	0.00e+00	9.83e-01	2.10e-05	9.89e-06
 9.81059e+21	9.83e-01	1.74e-02	2.67e-06	0.00e+00	0.00e+00	0.00e+00	0.00e+00	0.00e+00	0.00e+00	9.83e-01	2.12e-05	9.88e-06
 1.01944e+22	9.83e-01	1.73e-02	2.45e-06	0.00e+00	0.00e+00	0.00e+00	0.00e+00	0.00e+00	0.00e+00	9.83e-01	2.13e-05	9.87e-06
 1.06933e+22	9.83e-01	1.72e-02	2.20e-06	0.00e+00	0.00e+00	0.00e+00	0.00e+00	0.00e+00	0.00e+00	9.83e-01	2.14e-05	9.86e-06
 1.11880e+22	9.83e-01	1.70e-02	2.00e-06	0.00e+00	0.00e+00	0.00e+00	0.00e+00	0.00e+00	0.00e+00	9.83e-01	2.16e-05	9.85e-06
 1.15503e+22	9.83e-01	1.71e-02	1.86e-06	0.00e+00	0.00e+00	0.00e+00	0.00e+00	0.00e+00	0.00e+00	9.83e-01	2.18e-05	9.86e-06
 1.18942e+22	9.83e-01	1.70e-02	1.73e-06	0.00e+00	0.00e+00	0.00e+00	0.00e+00	0.00e+00	0.00e+00	9.83e-01	2.18e-05	9.85e-06
 1.23413e+22	9.83e-01	1.69e-02	1.58e-06	0.00e+00	0.00e+00	0.00e+00	0.00e+00	0.00e+00	0.00e+00	9.83e-01	2.19e-05	9.84e-06
 1.28133e+22	9.83e-01	1.70e-02	1.45e-06	0.00e+00	0.00e+00	0.00e+00	0.00e+00	0.00e+00	0.00e+00	9.83e-01	2.21e-05	9.84e-06
 1.32107e+22	9.83e-01	1.69e-02	1.35e-06	0.00e+00	0.00e+00	0.00e+00	0.00e+00	0.00e+00	0.00e+00	9.83e-01	2.21e-05	9.84e-06
 1.35601e+22	9.83e-01	1.69e-02	1.26e-06	0.00e+00	0.00e+00	0.00e+00	0.00e+00	0.00e+00	0.00e+00	9.83e-01	2.22e-05	9.83e-06
 1.39543e+22	9.83e-01	1.68e-02	1.17e-06	0.00e+00	0.00e+00	0.00e+00	0.00e+00	0.00e+00	0.00e+00	9.83e-01	2.22e-05	9.83e-06
 1.44667e+22	9.83e-01	1.68e-02	1.06e-06	0.00e+00	0.00e+00	0.00e+00	0.00e+00	0.00e+00	0.00e+00	9.83e-01	2.23e-05	9.83e-06
 1.49880e+22	9.83e-01	1.68e-02	9.73e-07	0.00e+00	0.00e+00	0.00e+00	0.00e+00	0.00e+00	0.00e+00	9.83e-01	2.23e-05	9.83e-06
 1.53993e+22	9.83e-01	1.68e-02	9.08e-07	0.00e+00	0.00e+00	0.00e+00	0.00e+00	0.00e+00	0.00e+00	9.83e-01	2.24e-05	9.83e-06
 1.58128e+22	9.83e-01	1.68e-02	8.45e-07	0.00e+00	0.00e+00	0.00e+00	0.00e+00	0.00e+00	0.00e+00	9.83e-01	2.24e-05	9.83e-06
 1.63503e+22	9.83e-01	1.67e-02	7.70e-07	0.00e+00	0.00e+00	0.00e+00	0.00e+00	0.00e+00	0.00e+00	9.83e-01	2.24e-05	9.82e-06
 1.69156e+22	9.83e-01	1.67e-02	7.02e-07	0.00e+00	0.00e+00	0.00e+00	0.00e+00	0.00e+00	0.00e+00	9.83e-01	2.23e-05	9.82e-06
 1.73940e+22	9.83e-01	1.67e-02	6.52e-07	0.00e+00	0.00e+00	0.00e+00	0.00e+00	0.00e+00	0.00e+00	9.83e-01	2.23e-05	9.82e-06
 1.78931e+22	9.83e-01	1.67e-02	6.01e-07	0.00e+00	0.00e+00	0.00e+00	0.00e+00	0.00e+00	0.00e+00	9.83e-01	2.22e-05	9.82e-06
 1.85419e+22	9.83e-01	1.67e-02	5.42e-07	0.00e+00	0.00e+00	0.00e+00	0.00e+00	0.00e+00	0.00e+00	9.83e-01	2.21e-05	9.82e-06
 1.92481e+22	9.83e-01	1.67e-02	4.87e-07	0.00e+00	0.00e+00	0.00e+00	0.00e+00	0.00e+00	0.00e+00	9.83e-01	2.20e-05	9.82e-06
 1.99086e+22	9.83e-01	1.67e-02	4.43e-07	0.00e+00	0.00e+00	0.00e+00	0.00e+00	0.00e+00	0.00e+00	9.83e-01	2.18e-05	9.82e-06
 2.06470e+22	9.83e-01	1.67e-02	3.97e-07	0.00e+00	0.00e+00	0.00e+00	0.00e+00	0.00e+00	0.00e+00	9.83e-01	2.16e-05	9.82e-06
 2.15540e+22	9.83e-01	1.67e-02	3.49e-07	0.00e+00	0.00e+00	0.00e+00	0.00e+00	0.00e+00	0.00e+00	9.83e-01	2.13e-05	9.82e-06
 2.24843e+22	9.83e-01	1.67e-02	3.08e-07	0.00e+00	0.00e+00	0.00e+00	0.00e+00	0.00e+00	0.00e+00	9.83e-01	2.09e-05	9.82e-06
 2.33215e+22	9.83e-01	1.67e-02	2.77e-07	0.00e+00	0.00e+00	0.00e+00	0.00e+00	0.00e+00	0.00e+00	9.83e-01	2.05e-05	9.82e-06
 2.40751e+22	9.83e-01	1.67e-02	2.52e-07	0.00e+00	0.00e+00	0.00e+00	0.00e+00	0.00e+00	0.00e+00	9.83e-01	2.01e-05	9.82e-06
 2.47532e+22	9.83e-01	1.67e-02	2.32e-07	0.00e+00	0.00e+00	0.00e+00	0.00e+00	0.00e+00	0.00e+00	9.83e-01	1.96e-05	9.82e-06
 2.53636e+22	9.83e-01	1.67e-02	2.15e-07	0.00e+00	0.00e+00	0.00e+00	0.00e+00	0.00e+00	0.00e+00	9.83e-01	1.92e-05	9.82e-06
 2.59129e+22	9.83e-01	1.67e-02	2.02e-07	0.00e+00	0.00e+00	0.00e+00	0.00e+00	0.00e+00	0.00e+00	9.83e-01	1.88e-05	9.82e-06
 2.64073e+22	9.83e-01	1.67e-02	1.91e-07	0.00e+00	0.00e+00	0.00e+00	0.00e+00	0.00e+00	0.00e+00	9.83e-01	1.85e-05	9.82e-06
 2.68522e+22	9.83e-01	1.67e-02	1.81e-07	0.00e+00	0.00e+00	0.00e+00	0.00e+00	0.00e+00	0.00e+00	9.83e-01	1.81e-05	9.82e-06
 2.72527e+22	9.83e-01	1.67e-02	1.73e-07	0.00e+00	0.00e+00	0.00e+00	0.00e+00	0.00e+00	0.00e+00	9.83e-01	1.78e-05	9.82e-06
 2.76131e+22	9.83e-01	1.67e-02	1.66e-07	0.00e+00	0.00e+00	0.00e+00	0.00e+00	0.00e+00	0.00e+00	9.83e-01	1.74e-05	9.82e-06
 2.79381e+22	9.83e-01	1.67e-02	1.61e-07	0.00e+00	0.00e+00	0.00e+00	0.00e+00	0.00e+00	0.00e+00	9.83e-01	1.72e-05	9.82e-06
 2.82467e+22	9.83e-01	1.67e-02	1.55e-07	0.00e+00	0.00e+00	0.00e+00	0.00e+00	0.00e+00	0.00e+00	9.83e-01	1.69e-05	9.82e-06
 2.85552e+22	9.83e-01	1.67e-02	1.50e-07	0.00e+00	0.00e+00	0.00e+00	0.00e+00	0.00e+00	0.00e+00	9.83e-01	1.66e-05	9.82e-06
 2.88638e+22	9.83e-01	1.66e-02	1.45e-07	0.00e+00	0.00e+00	0.00e+00	0.00e+00	0.00e+00	0.00e+00	9.83e-01	1.63e-05	9.82e-06
 2.91724e+22	9.83e-01	1.66e-02	1.41e-07	0.00e+00	0.00e+00	0.00e+00	0.00e+00	0.00e+00	0.00e+00	9.83e-01	1.60e-05	9.81e-06
 2.94809e+22	9.83e-01	1.65e-02	1.36e-07	0.00e+00	0.00e+00	0.00e+00	0.00e+00	0.00e+00	0.00e+00	9.83e-01	1.57e-05	9.81e-06
 2.97895e+22	9.84e-01	1.65e-02	1.32e-07	0.00e+00	0.00e+00	0.00e+00	0.00e+00	0.00e+00	0.00e+00	9.83e-01	1.54e-05	9.81e-06
 3.00865e+22	9.84e-01	1.64e-02	1.28e-07	0.00e+00	0.00e+00	0.00e+00	0.00e+00	0.00e+00	0.00e+00	9.84e-01	1.51e-05	9.80e-06
 3.03466e+22	9.84e-01	1.63e-02	1.24e-07	0.00e+00	0.00e+00	0.00e+00	0.00e+00	0.00e+00	0.00e+00	9.84e-01	1.48e-05	9.79e-06
 3.05564e+22	9.84e-01	1.62e-02	1.22e-07	0.00e+00	0.00e+00	0.00e+00	0.00e+00	0.00e+00	0.00e+00	9.84e-01	1.45e-05	9.79e-06
 3.07528e+22	9.84e-01	1.60e-02	1.19e-07	0.00e+00	0.00e+00	0.00e+00	0.00e+00	0.00e+00	0.00e+00	9.84e-01	1.43e-05	9.78e-06
