#depth	O	O+	O+2	O+3	O+4	O+5	O+6	O+7	O+8	O[1]	O[2]	O[3]
 1.16411e+17	1.16e-03	1.35e-01	6.78e-01	1.77e-01	9.99e-03	7.54e-05	3.74e-07	0.00e+00	0.00e+00	1.16e-03	9.04e-09	9.74e-09
 6.98466e+17	1.15e-03	1.34e-01	6.78e-01	1.77e-01	1.00e-02	7.56e-05	3.75e-07	0.00e+00	0.00e+00	1.15e-03	9.07e-09	9.65e-09
 3.02669e+18	1.13e-03	1.32e-01	6.81e-01	1.77e-01	9.95e-03	7.55e-05	3.75e-07	0.00e+00	0.00e+00	1.13e-03	8.85e-09	9.43e-09
 1.23396e+19	1.06e-03	1.26e-01	6.90e-01	1.74e-01	9.62e-03	7.33e-05	3.66e-07	0.00e+00	0.00e+00	1.06e-03	8.32e-09	8.91e-09
 2.94753e+19	8.85e-04	1.12e-01	7.03e-01	1.75e-01	9.39e-03	7.42e-05	3.79e-07	0.00e+00	0.00e+00	8.85e-04	6.86e-09	7.42e-09
 5.17517e+19	7.78e-04	1.03e-01	7.17e-01	1.70e-01	8.83e-03	7.13e-05	3.70e-07	0.00e+00	0.00e+00	7.78e-04	6.00e-09	6.53e-09
 8.07110e+19	7.09e-04	9.69e-02	7.33e-01	1.61e-01	7.96e-03	6.49e-05	3.41e-07	0.00e+00	0.00e+00	7.09e-04	5.44e-09	5.95e-09
 1.18358e+20	6.90e-04	9.55e-02	7.51e-01	1.46e-01	6.77e-03	5.49e-05	2.90e-07	0.00e+00	0.00e+00	6.90e-04	5.28e-09	5.79e-09
 1.67299e+20	7.30e-04	9.96e-02	7.71e-01	1.24e-01	5.31e-03	4.17e-05	2.20e-07	0.00e+00	0.00e+00	7.30e-04	5.60e-09	6.12e-09
 2.30923e+20	8.69e-04	1.12e-01	7.88e-01	9.55e-02	3.68e-03	2.70e-05	1.41e-07	0.00e+00	0.00e+00	8.69e-04	6.73e-09	7.28e-09
 2.96355e+20	1.08e-03	1.28e-01	7.97e-01	7.10e-02	2.44e-03	1.65e-05	0.00e+00	0.00e+00	0.00e+00	1.08e-03	8.46e-09	9.05e-09
 3.46596e+20	1.35e-03	1.47e-01	7.95e-01	5.49e-02	1.73e-03	1.08e-05	0.00e+00	0.00e+00	0.00e+00	1.35e-03	1.07e-08	1.13e-08
 3.83201e+20	1.64e-03	1.64e-01	7.88e-01	4.46e-02	1.32e-03	7.61e-06	0.00e+00	0.00e+00	0.00e+00	1.64e-03	1.32e-08	1.37e-08
 4.13778e+20	1.96e-03	1.82e-01	7.78e-01	3.71e-02	1.03e-03	5.57e-06	0.00e+00	0.00e+00	0.00e+00	1.96e-03	1.60e-08	1.64e-08
 4.47687e+20	2.42e-03	2.04e-01	7.63e-01	2.99e-02	7.83e-04	3.87e-06	0.00e+00	0.00e+00	0.00e+00	2.42e-03	1.99e-08	2.02e-08
 4.83457e+20	3.06e-03	2.31e-01	7.42e-01	2.36e-02	5.83e-04	2.60e-06	0.00e+00	0.00e+00	0.00e+00	3.06e-03	2.59e-08	2.55e-08
 5.12420e+20	3.70e-03	2.54e-01	7.22e-01	1.94e-02	4.61e-04	1.89e-06	0.00e+00	0.00e+00	0.00e+00	3.70e-03	3.17e-08	3.08e-08
 5.36604e+20	4.35e-03	2.75e-01	7.04e-01	1.64e-02	3.77e-04	1.43e-06	0.00e+00	0.00e+00	0.00e+00	4.35e-03	3.76e-08	3.62e-08
 5.63807e+20	5.34e-03	3.03e-01	6.78e-01	1.33e-02	2.95e-04	1.01e-06	0.00e+00	0.00e+00	0.00e+00	5.34e-03	4.71e-08	4.43e-08
 5.92728e+20	6.59e-03	3.34e-01	6.49e-01	1.07e-02	2.30e-04	7.09e-07	0.00e+00	0.00e+00	0.00e+00	6.59e-03	5.90e-08	5.46e-08
 6.17825e+20	7.94e-03	3.63e-01	6.20e-01	8.73e-03	1.85e-04	5.16e-07	0.00e+00	0.00e+00	0.00e+00	7.94e-03	7.17e-08	6.57e-08
 6.40625e+20	9.49e-03	3.92e-01	5.91e-01	7.18e-03	1.51e-04	3.81e-07	0.00e+00	0.00e+00	0.00e+00	9.49e-03	8.66e-08	7.84e-08
 6.66497e+20	1.17e-02	4.27e-01	5.55e-01	5.67e-03	1.19e-04	2.66e-07	0.00e+00	0.00e+00	0.00e+00	1.17e-02	1.08e-07	9.62e-08
 6.93845e+20	1.46e-02	4.66e-01	5.15e-01	4.37e-03	9.29e-05	1.80e-07	0.00e+00	0.00e+00	0.00e+00	1.46e-02	1.36e-07	1.20e-07
 7.16769e+20	1.76e-02	5.01e-01	4.78e-01	3.47e-03	7.51e-05	1.29e-07	0.00e+00	0.00e+00	0.00e+00	1.76e-02	1.66e-07	1.44e-07
 7.36724e+20	2.10e-02	5.33e-01	4.44e-01	2.79e-03	6.19e-05	0.00e+00	0.00e+00	0.00e+00	0.00e+00	2.10e-02	1.98e-07	1.71e-07
 7.59156e+20	2.56e-02	5.69e-01	4.03e-01	2.14e-03	4.92e-05	0.00e+00	0.00e+00	0.00e+00	0.00e+00	2.56e-02	2.43e-07	2.08e-07
 7.83290e+20	3.17e-02	6.08e-01	3.58e-01	1.58e-03	3.84e-05	0.00e+00	0.00e+00	0.00e+00	0.00e+00	3.17e-02	3.02e-07	2.57e-07
 8.04294e+20	3.84e-02	6.41e-01	3.19e-01	1.19e-03	3.06e-05	0.00e+00	0.00e+00	0.00e+00	0.00e+00	3.84e-02	3.66e-07	3.09e-07
 8.22876e+20	4.57e-02	6.70e-01	2.84e-01	9.10e-04	2.47e-05	0.00e+00	0.00e+00	0.00e+00	0.00e+00	4.57e-02	4.34e-07	3.66e-07
 8.43649e+20	5.57e-02	6.99e-01	2.44e-01	6.55e-04	1.92e-05	0.00e+00	0.00e+00	0.00e+00	0.00e+00	5.57e-02	5.27e-07	4.42e-07
 8.65280e+20	6.84e-02	7.26e-01	2.05e-01	4.57e-04	1.46e-05	0.00e+00	0.00e+00	0.00e+00	0.00e+00	6.84e-02	6.43e-07	5.37e-07
 8.82581e+20	8.10e-02	7.43e-01	1.75e-01	3.34e-04	1.15e-05	0.00e+00	0.00e+00	0.00e+00	0.00e+00	8.10e-02	7.56e-07	6.30e-07
 8.96326e+20	9.29e-02	7.54e-01	1.53e-01	2.56e-04	9.38e-06	0.00e+00	0.00e+00	0.00e+00	0.00e+00	9.29e-02	8.60e-07	7.16e-07
 9.10894e+20	1.08e-01	7.62e-01	1.30e-01	1.88e-04	7.41e-06	0.00e+00	0.00e+00	0.00e+00	0.00e+00	1.08e-01	9.87e-07	8.21e-07
 9.26232e+20	1.25e-01	7.66e-01	1.08e-01	1.36e-04	5.76e-06	0.00e+00	0.00e+00	0.00e+00	0.00e+00	1.25e-01	1.13e-06	9.40e-07
 9.39028e+20	1.42e-01	7.66e-01	9.17e-02	1.02e-04	4.60e-06	0.00e+00	0.00e+00	0.00e+00	0.00e+00	1.42e-01	1.27e-06	1.05e-06
 9.49876e+20	1.58e-01	7.63e-01	7.91e-02	7.97e-05	3.77e-06	0.00e+00	0.00e+00	0.00e+00	0.00e+00	1.58e-01	1.39e-06	1.15e-06
 9.61736e+20	1.78e-01	7.56e-01	6.62e-02	5.95e-05	2.97e-06	0.00e+00	0.00e+00	0.00e+00	0.00e+00	1.78e-01	1.54e-06	1.28e-06
 9.74252e+20	2.01e-01	7.44e-01	5.44e-02	4.36e-05	2.29e-06	0.00e+00	0.00e+00	0.00e+00	0.00e+00	2.01e-01	1.71e-06	1.42e-06
 9.84689e+20	2.22e-01	7.32e-01	4.60e-02	3.37e-05	1.84e-06	0.00e+00	0.00e+00	0.00e+00	0.00e+00	2.22e-01	1.85e-06	1.53e-06
 9.93803e+20	2.41e-01	7.19e-01	3.92e-02	2.66e-05	1.50e-06	0.00e+00	0.00e+00	0.00e+00	0.00e+00	2.41e-01	1.98e-06	1.64e-06
 1.00414e+21	2.66e-01	7.02e-01	3.24e-02	2.02e-05	1.17e-06	0.00e+00	0.00e+00	0.00e+00	0.00e+00	2.66e-01	2.13e-06	1.76e-06
 1.01528e+21	2.93e-01	6.81e-01	2.63e-02	1.51e-05	9.01e-07	0.00e+00	0.00e+00	0.00e+00	0.00e+00	2.93e-01	2.28e-06	1.89e-06
 1.02507e+21	3.18e-01	6.60e-01	2.17e-02	1.17e-05	7.07e-07	0.00e+00	0.00e+00	0.00e+00	0.00e+00	3.18e-01	2.42e-06	2.00e-06
 1.03386e+21	3.41e-01	6.41e-01	1.82e-02	9.37e-06	5.68e-07	0.00e+00	0.00e+00	0.00e+00	0.00e+00	3.41e-01	2.53e-06	2.09e-06
 1.04377e+21	3.69e-01	6.16e-01	1.47e-02	7.22e-06	4.37e-07	0.00e+00	0.00e+00	0.00e+00	0.00e+00	3.69e-01	2.66e-06	2.19e-06
 1.05475e+21	4.00e-01	5.88e-01	1.16e-02	5.49e-06	3.28e-07	0.00e+00	0.00e+00	0.00e+00	0.00e+00	4.00e-01	2.77e-06	2.29e-06
 1.06508e+21	4.30e-01	5.61e-01	9.23e-03	4.27e-06	2.48e-07	0.00e+00	0.00e+00	0.00e+00	0.00e+00	4.30e-01	2.87e-06	2.37e-06
 1.07500e+21	4.59e-01	5.34e-01	7.35e-03	3.38e-06	1.89e-07	0.00e+00	0.00e+00	0.00e+00	0.00e+00	4.59e-01	2.95e-06	2.44e-06
 1.08467e+21	4.87e-01	5.07e-01	5.87e-03	2.71e-06	1.45e-07	0.00e+00	0.00e+00	0.00e+00	0.00e+00	4.87e-01	3.02e-06	2.49e-06
 1.09382e+21	5.13e-01	4.82e-01	4.72e-03	2.22e-06	0.00e+00	0.00e+00	0.00e+00	0.00e+00	0.00e+00	5.13e-01	3.06e-06	2.52e-06
 1.10244e+21	5.38e-01	4.59e-01	3.83e-03	1.85e-06	0.00e+00	0.00e+00	0.00e+00	0.00e+00	0.00e+00	5.38e-01	3.09e-06	2.55e-06
 1.11074e+21	5.60e-01	4.37e-01	3.13e-03	1.57e-06	0.00e+00	0.00e+00	0.00e+00	0.00e+00	0.00e+00	5.60e-01	3.11e-06	2.56e-06
 1.11870e+21	5.82e-01	4.16e-01	2.58e-03	1.35e-06	0.00e+00	0.00e+00	0.00e+00	0.00e+00	0.00e+00	5.82e-01	3.11e-06	2.56e-06
 1.12482e+21	5.97e-01	4.01e-01	2.23e-03	1.22e-06	0.00e+00	0.00e+00	0.00e+00	0.00e+00	0.00e+00	5.97e-01	3.11e-06	2.56e-06
 1.12904e+21	6.07e-01	3.91e-01	2.02e-03	1.13e-06	0.00e+00	0.00e+00	0.00e+00	0.00e+00	0.00e+00	6.07e-01	3.11e-06	2.56e-06
 1.13328e+21	6.18e-01	3.80e-01	1.81e-03	1.05e-06	0.00e+00	0.00e+00	0.00e+00	0.00e+00	0.00e+00	6.18e-01	3.10e-06	2.55e-06
 1.13818e+21	6.30e-01	3.68e-01	1.60e-03	9.66e-07	0.00e+00	0.00e+00	0.00e+00	0.00e+00	0.00e+00	6.30e-01	3.09e-06	2.54e-06
 1.14336e+21	6.42e-01	3.56e-01	1.41e-03	8.91e-07	0.00e+00	0.00e+00	0.00e+00	0.00e+00	0.00e+00	6.42e-01	3.08e-06	2.53e-06
 1.14850e+21	6.54e-01	3.44e-01	1.25e-03	8.22e-07	0.00e+00	0.00e+00	0.00e+00	0.00e+00	0.00e+00	6.54e-01	3.06e-06	2.52e-06
 1.15359e+21	6.66e-01	3.33e-01	1.10e-03	7.63e-07	0.00e+00	0.00e+00	0.00e+00	0.00e+00	0.00e+00	6.66e-01	3.04e-06	2.50e-06
 1.15874e+21	6.77e-01	3.22e-01	9.72e-04	7.09e-07	0.00e+00	0.00e+00	0.00e+00	0.00e+00	0.00e+00	6.77e-01	3.02e-06	2.48e-06
 1.16404e+21	6.88e-01	3.12e-01	8.57e-04	6.60e-07	0.00e+00	0.00e+00	0.00e+00	0.00e+00	0.00e+00	6.88e-01	3.00e-06	2.46e-06
 1.16949e+21	6.99e-01	3.00e-01	7.53e-04	6.13e-07	0.00e+00	0.00e+00	0.00e+00	0.00e+00	0.00e+00	6.99e-01	2.98e-06	2.44e-06
 1.17502e+21	7.09e-01	2.90e-01	6.63e-04	5.72e-07	0.00e+00	0.00e+00	0.00e+00	0.00e+00	0.00e+00	7.09e-01	2.95e-06	2.42e-06
 1.18064e+21	7.19e-01	2.80e-01	5.82e-04	5.35e-07	0.00e+00	0.00e+00	0.00e+00	0.00e+00	0.00e+00	7.19e-01	2.92e-06	2.39e-06
 1.18646e+21	7.29e-01	2.70e-01	5.12e-04	5.01e-07	0.00e+00	0.00e+00	0.00e+00	0.00e+00	0.00e+00	7.29e-01	2.89e-06	2.37e-06
 1.19249e+21	7.39e-01	2.60e-01	4.48e-04	4.68e-07	0.00e+00	0.00e+00	0.00e+00	0.00e+00	0.00e+00	7.39e-01	2.86e-06	2.34e-06
 1.19869e+21	7.48e-01	2.51e-01	3.93e-04	4.39e-07	0.00e+00	0.00e+00	0.00e+00	0.00e+00	0.00e+00	7.48e-01	2.82e-06	2.31e-06
 1.20507e+21	7.58e-01	2.42e-01	3.45e-04	4.13e-07	0.00e+00	0.00e+00	0.00e+00	0.00e+00	0.00e+00	7.58e-01	2.79e-06	2.28e-06
 1.21180e+21	7.66e-01	2.33e-01	3.03e-04	3.88e-07	0.00e+00	0.00e+00	0.00e+00	0.00e+00	0.00e+00	7.66e-01	2.75e-06	2.25e-06
 1.21890e+21	7.75e-01	2.24e-01	2.65e-04	3.65e-07	0.00e+00	0.00e+00	0.00e+00	0.00e+00	0.00e+00	7.75e-01	2.72e-06	2.22e-06
 1.22634e+21	7.83e-01	2.16e-01	2.32e-04	3.45e-07	0.00e+00	0.00e+00	0.00e+00	0.00e+00	0.00e+00	7.83e-01	2.68e-06	2.19e-06
 1.23421e+21	7.91e-01	2.08e-01	2.04e-04	3.25e-07	0.00e+00	0.00e+00	0.00e+00	0.00e+00	0.00e+00	7.91e-01	2.64e-06	2.16e-06
 1.24274e+21	7.99e-01	2.01e-01	1.79e-04	3.08e-07	0.00e+00	0.00e+00	0.00e+00	0.00e+00	0.00e+00	7.99e-01	2.61e-06	2.13e-06
 1.25198e+21	8.06e-01	1.93e-01	1.58e-04	2.91e-07	0.00e+00	0.00e+00	0.00e+00	0.00e+00	0.00e+00	8.06e-01	2.57e-06	2.09e-06
 1.26201e+21	8.13e-01	1.87e-01	1.39e-04	2.77e-07	0.00e+00	0.00e+00	0.00e+00	0.00e+00	0.00e+00	8.13e-01	2.53e-06	2.06e-06
 1.27292e+21	8.20e-01	1.80e-01	1.24e-04	2.63e-07	0.00e+00	0.00e+00	0.00e+00	0.00e+00	0.00e+00	8.20e-01	2.50e-06	2.03e-06
 1.28499e+21	8.25e-01	1.75e-01	1.11e-04	2.51e-07	0.00e+00	0.00e+00	0.00e+00	0.00e+00	0.00e+00	8.25e-01	2.46e-06	2.00e-06
 1.29860e+21	8.31e-01	1.69e-01	9.93e-05	2.40e-07	0.00e+00	0.00e+00	0.00e+00	0.00e+00	0.00e+00	8.31e-01	2.43e-06	1.98e-06
 1.31318e+21	8.35e-01	1.64e-01	9.04e-05	2.31e-07	0.00e+00	0.00e+00	0.00e+00	0.00e+00	0.00e+00	8.35e-01	2.40e-06	1.95e-06
 1.32782e+21	8.39e-01	1.61e-01	8.35e-05	2.23e-07	0.00e+00	0.00e+00	0.00e+00	0.00e+00	0.00e+00	8.39e-01	2.38e-06	1.93e-06
 1.34222e+21	8.42e-01	1.57e-01	7.82e-05	2.17e-07	0.00e+00	0.00e+00	0.00e+00	0.00e+00	0.00e+00	8.42e-01	2.36e-06	1.92e-06
 1.35866e+21	8.46e-01	1.54e-01	7.31e-05	2.11e-07	0.00e+00	0.00e+00	0.00e+00	0.00e+00	0.00e+00	8.46e-01	2.34e-06	1.90e-06
 1.38003e+21	8.49e-01	1.51e-01	6.78e-05	2.04e-07	0.00e+00	0.00e+00	0.00e+00	0.00e+00	0.00e+00	8.49e-01	2.32e-06	1.88e-06
 1.40782e+21	8.53e-01	1.47e-01	6.25e-05	1.97e-07	0.00e+00	0.00e+00	0.00e+00	0.00e+00	0.00e+00	8.53e-01	2.29e-06	1.86e-06
 1.44394e+21	8.57e-01	1.43e-01	5.69e-05	1.89e-07	0.00e+00	0.00e+00	0.00e+00	0.00e+00	0.00e+00	8.57e-01	2.27e-06	1.84e-06
 1.49037e+21	8.62e-01	1.38e-01	5.11e-05	1.80e-07	0.00e+00	0.00e+00	0.00e+00	0.00e+00	0.00e+00	8.62e-01	2.24e-06	1.81e-06
 1.54506e+21	8.67e-01	1.33e-01	4.57e-05	1.71e-07	0.00e+00	0.00e+00	0.00e+00	0.00e+00	0.00e+00	8.67e-01	2.20e-06	1.78e-06
 1.60308e+21	8.72e-01	1.28e-01	4.10e-05	1.63e-07	0.00e+00	0.00e+00	0.00e+00	0.00e+00	0.00e+00	8.72e-01	2.17e-06	1.75e-06
 1.66290e+21	8.76e-01	1.24e-01	3.69e-05	1.55e-07	0.00e+00	0.00e+00	0.00e+00	0.00e+00	0.00e+00	8.76e-01	2.14e-06	1.73e-06
 1.72577e+21	8.81e-01	1.19e-01	3.33e-05	1.48e-07	0.00e+00	0.00e+00	0.00e+00	0.00e+00	0.00e+00	8.81e-01	2.11e-06	1.70e-06
 1.79261e+21	8.85e-01	1.15e-01	3.01e-05	1.41e-07	0.00e+00	0.00e+00	0.00e+00	0.00e+00	0.00e+00	8.85e-01	2.09e-06	1.67e-06
 1.86327e+21	8.89e-01	1.11e-01	2.73e-05	1.34e-07	0.00e+00	0.00e+00	0.00e+00	0.00e+00	0.00e+00	8.89e-01	2.06e-06	1.65e-06
 1.93763e+21	8.93e-01	1.07e-01	2.48e-05	1.28e-07	0.00e+00	0.00e+00	0.00e+00	0.00e+00	0.00e+00	8.93e-01	2.03e-06	1.62e-06
 2.01595e+21	8.96e-01	1.04e-01	2.26e-05	1.22e-07	0.00e+00	0.00e+00	0.00e+00	0.00e+00	0.00e+00	8.96e-01	2.01e-06	1.60e-06
 2.09876e+21	9.00e-01	1.00e-01	2.06e-05	0.00e+00	0.00e+00	0.00e+00	0.00e+00	0.00e+00	0.00e+00	9.00e-01	1.98e-06	1.58e-06
 2.18656e+21	9.03e-01	9.66e-02	1.89e-05	0.00e+00	0.00e+00	0.00e+00	0.00e+00	0.00e+00	0.00e+00	9.03e-01	1.96e-06	1.56e-06
 2.27964e+21	9.07e-01	9.34e-02	1.73e-05	0.00e+00	0.00e+00	0.00e+00	0.00e+00	0.00e+00	0.00e+00	9.07e-01	1.94e-06	1.53e-06
 2.37837e+21	9.10e-01	9.02e-02	1.60e-05	0.00e+00	0.00e+00	0.00e+00	0.00e+00	0.00e+00	0.00e+00	9.10e-01	1.92e-06	1.51e-06
 2.48339e+21	9.13e-01	8.71e-02	1.47e-05	0.00e+00	0.00e+00	0.00e+00	0.00e+00	0.00e+00	0.00e+00	9.13e-01	1.90e-06	1.49e-06
 2.59546e+21	9.16e-01	8.42e-02	1.36e-05	0.00e+00	0.00e+00	0.00e+00	0.00e+00	0.00e+00	0.00e+00	9.16e-01	1.88e-06	1.47e-06
 2.71516e+21	9.19e-01	8.14e-02	1.27e-05	0.00e+00	0.00e+00	0.00e+00	0.00e+00	0.00e+00	0.00e+00	9.19e-01	1.86e-06	1.45e-06
 2.84312e+21	9.21e-01	7.87e-02	1.18e-05	0.00e+00	0.00e+00	0.00e+00	0.00e+00	0.00e+00	0.00e+00	9.21e-01	1.84e-06	1.43e-06
 2.98049e+21	9.24e-01	7.61e-02	1.10e-05	0.00e+00	0.00e+00	0.00e+00	0.00e+00	0.00e+00	0.00e+00	9.24e-01	1.82e-06	1.42e-06
 3.12830e+21	9.26e-01	7.35e-02	1.03e-05	0.00e+00	0.00e+00	0.00e+00	0.00e+00	0.00e+00	0.00e+00	9.26e-01	1.81e-06	1.40e-06
 3.28802e+21	9.29e-01	7.12e-02	9.63e-06	0.00e+00	0.00e+00	0.00e+00	0.00e+00	0.00e+00	0.00e+00	9.29e-01	1.79e-06	1.38e-06
 3.46112e+21	9.31e-01	6.88e-02	9.04e-06	0.00e+00	0.00e+00	0.00e+00	0.00e+00	0.00e+00	0.00e+00	9.31e-01	1.78e-06	1.37e-06
 3.64945e+21	9.33e-01	6.66e-02	8.50e-06	0.00e+00	0.00e+00	0.00e+00	0.00e+00	0.00e+00	0.00e+00	9.33e-01	1.76e-06	1.35e-06
 3.85519e+21	9.36e-01	6.45e-02	8.01e-06	0.00e+00	0.00e+00	0.00e+00	0.00e+00	0.00e+00	0.00e+00	9.36e-01	1.75e-06	1.34e-06
 4.08128e+21	9.38e-01	6.24e-02	7.55e-06	0.00e+00	0.00e+00	0.00e+00	0.00e+00	0.00e+00	0.00e+00	9.38e-01	1.74e-06	1.32e-06
 4.33125e+21	9.40e-01	6.04e-02	7.12e-06	0.00e+00	0.00e+00	0.00e+00	0.00e+00	0.00e+00	0.00e+00	9.40e-01	1.73e-06	1.31e-06
 4.60964e+21	9.41e-01	5.86e-02	6.72e-06	0.00e+00	0.00e+00	0.00e+00	0.00e+00	0.00e+00	0.00e+00	9.41e-01	1.72e-06	1.29e-06
 4.92197e+21	9.43e-01	5.68e-02	6.33e-06	0.00e+00	0.00e+00	0.00e+00	0.00e+00	0.00e+00	0.00e+00	9.43e-01	1.72e-06	1.28e-06
 5.27483e+21	9.45e-01	5.50e-02	5.97e-06	0.00e+00	0.00e+00	0.00e+00	0.00e+00	0.00e+00	0.00e+00	9.45e-01	1.71e-06	1.27e-06
 5.67914e+21	9.47e-01	5.34e-02	5.60e-06	0.00e+00	0.00e+00	0.00e+00	0.00e+00	0.00e+00	0.00e+00	9.47e-01	1.71e-06	1.26e-06
 6.14884e+21	9.48e-01	5.18e-02	5.24e-06	0.00e+00	0.00e+00	0.00e+00	0.00e+00	0.00e+00	0.00e+00	9.48e-01	1.71e-06	1.25e-06
 6.70287e+21	9.50e-01	5.03e-02	4.88e-06	0.00e+00	0.00e+00	0.00e+00	0.00e+00	0.00e+00	0.00e+00	9.50e-01	1.71e-06	1.23e-06
 7.35403e+21	9.51e-01	4.90e-02	4.51e-06	0.00e+00	0.00e+00	0.00e+00	0.00e+00	0.00e+00	0.00e+00	9.51e-01	1.71e-06	1.22e-06
 8.08943e+21	9.52e-01	4.78e-02	4.15e-06	0.00e+00	0.00e+00	0.00e+00	0.00e+00	0.00e+00	0.00e+00	9.52e-01	1.72e-06	1.22e-06
 8.85716e+21	9.53e-01	4.69e-02	3.83e-06	0.00e+00	0.00e+00	0.00e+00	0.00e+00	0.00e+00	0.00e+00	9.53e-01	1.72e-06	1.21e-06
 9.58852e+21	9.54e-01	4.62e-02	3.56e-06	0.00e+00	0.00e+00	0.00e+00	0.00e+00	0.00e+00	0.00e+00	9.54e-01	1.73e-06	1.20e-06
 1.02634e+22	9.54e-01	4.56e-02	3.34e-06	0.00e+00	0.00e+00	0.00e+00	0.00e+00	0.00e+00	0.00e+00	9.54e-01	1.74e-06	1.20e-06
 1.10132e+22	9.55e-01	4.51e-02	3.11e-06	0.00e+00	0.00e+00	0.00e+00	0.00e+00	0.00e+00	0.00e+00	9.55e-01	1.75e-06	1.20e-06
 1.18236e+22	9.55e-01	4.47e-02	2.89e-06	0.00e+00	0.00e+00	0.00e+00	0.00e+00	0.00e+00	0.00e+00	9.55e-01	1.75e-06	1.19e-06
 1.25244e+22	9.56e-01	4.44e-02	2.72e-06	0.00e+00	0.00e+00	0.00e+00	0.00e+00	0.00e+00	0.00e+00	9.56e-01	1.76e-06	1.19e-06
 1.31353e+22	9.56e-01	4.43e-02	2.58e-06	0.00e+00	0.00e+00	0.00e+00	0.00e+00	0.00e+00	0.00e+00	9.56e-01	1.76e-06	1.19e-06
 1.38176e+22	9.56e-01	4.41e-02	2.43e-06	0.00e+00	0.00e+00	0.00e+00	0.00e+00	0.00e+00	0.00e+00	9.56e-01	1.77e-06	1.19e-06
 1.45887e+22	9.56e-01	4.36e-02	2.28e-06	0.00e+00	0.00e+00	0.00e+00	0.00e+00	0.00e+00	0.00e+00	9.56e-01	1.77e-06	1.19e-06
 1.52968e+22	9.56e-01	4.37e-02	2.15e-06	0.00e+00	0.00e+00	0.00e+00	0.00e+00	0.00e+00	0.00e+00	9.56e-01	1.77e-06	1.19e-06
 1.59336e+22	9.56e-01	4.36e-02	2.04e-06	0.00e+00	0.00e+00	0.00e+00	0.00e+00	0.00e+00	0.00e+00	9.56e-01	1.77e-06	1.19e-06
 1.66560e+22	9.57e-01	4.35e-02	1.93e-06	0.00e+00	0.00e+00	0.00e+00	0.00e+00	0.00e+00	0.00e+00	9.57e-01	1.77e-06	1.19e-06
 1.74540e+22	9.57e-01	4.33e-02	1.81e-06	0.00e+00	0.00e+00	0.00e+00	0.00e+00	0.00e+00	0.00e+00	9.57e-01	1.77e-06	1.18e-06
 1.81693e+22	9.57e-01	4.33e-02	1.71e-06	0.00e+00	0.00e+00	0.00e+00	0.00e+00	0.00e+00	0.00e+00	9.57e-01	1.77e-06	1.18e-06
 1.88131e+22	9.57e-01	4.32e-02	1.63e-06	0.00e+00	0.00e+00	0.00e+00	0.00e+00	0.00e+00	0.00e+00	9.57e-01	1.76e-06	1.18e-06
 1.95449e+22	9.57e-01	4.32e-02	1.54e-06	0.00e+00	0.00e+00	0.00e+00	0.00e+00	0.00e+00	0.00e+00	9.57e-01	1.76e-06	1.18e-06
 2.03667e+22	9.57e-01	4.31e-02	1.45e-06	0.00e+00	0.00e+00	0.00e+00	0.00e+00	0.00e+00	0.00e+00	9.57e-01	1.75e-06	1.18e-06
 2.11236e+22	9.57e-01	4.31e-02	1.37e-06	0.00e+00	0.00e+00	0.00e+00	0.00e+00	0.00e+00	0.00e+00	9.57e-01	1.74e-06	1.18e-06
 2.18047e+22	9.57e-01	4.31e-02	1.31e-06	0.00e+00	0.00e+00	0.00e+00	0.00e+00	0.00e+00	0.00e+00	9.57e-01	1.73e-06	1.18e-06
 2.25695e+22	9.57e-01	4.30e-02	1.24e-06	0.00e+00	0.00e+00	0.00e+00	0.00e+00	0.00e+00	0.00e+00	9.57e-01	1.72e-06	1.18e-06
 2.33945e+22	9.57e-01	4.30e-02	1.17e-06	0.00e+00	0.00e+00	0.00e+00	0.00e+00	0.00e+00	0.00e+00	9.57e-01	1.70e-06	1.18e-06
 2.41407e+22	9.57e-01	4.30e-02	1.11e-06	0.00e+00	0.00e+00	0.00e+00	0.00e+00	0.00e+00	0.00e+00	9.57e-01	1.69e-06	1.18e-06
 2.48123e+22	9.57e-01	4.30e-02	1.06e-06	0.00e+00	0.00e+00	0.00e+00	0.00e+00	0.00e+00	0.00e+00	9.57e-01	1.67e-06	1.18e-06
 2.54168e+22	9.57e-01	4.30e-02	1.02e-06	0.00e+00	0.00e+00	0.00e+00	0.00e+00	0.00e+00	0.00e+00	9.57e-01	1.66e-06	1.18e-06
 2.59608e+22	9.57e-01	4.30e-02	9.81e-07	0.00e+00	0.00e+00	0.00e+00	0.00e+00	0.00e+00	0.00e+00	9.57e-01	1.64e-06	1.18e-06
 2.64504e+22	9.57e-01	4.29e-02	9.50e-07	0.00e+00	0.00e+00	0.00e+00	0.00e+00	0.00e+00	0.00e+00	9.57e-01	1.63e-06	1.18e-06
 2.68910e+22	9.57e-01	4.29e-02	9.23e-07	0.00e+00	0.00e+00	0.00e+00	0.00e+00	0.00e+00	0.00e+00	9.57e-01	1.62e-06	1.18e-06
 2.72876e+22	9.57e-01	4.28e-02	8.99e-07	0.00e+00	0.00e+00	0.00e+00	0.00e+00	0.00e+00	0.00e+00	9.57e-01	1.60e-06	1.18e-06
 2.76445e+22	9.57e-01	4.28e-02	8.79e-07	0.00e+00	0.00e+00	0.00e+00	0.00e+00	0.00e+00	0.00e+00	9.57e-01	1.59e-06	1.18e-06
 2.79679e+22	9.57e-01	4.27e-02	8.60e-07	0.00e+00	0.00e+00	0.00e+00	0.00e+00	0.00e+00	0.00e+00	9.57e-01	1.58e-06	1.18e-06
 2.82764e+22	9.57e-01	4.26e-02	8.43e-07	0.00e+00	0.00e+00	0.00e+00	0.00e+00	0.00e+00	0.00e+00	9.57e-01	1.57e-06	1.18e-06
 2.85850e+22	9.58e-01	4.25e-02	8.26e-07	0.00e+00	0.00e+00	0.00e+00	0.00e+00	0.00e+00	0.00e+00	9.58e-01	1.56e-06	1.18e-06
 2.88936e+22	9.58e-01	4.24e-02	8.10e-07	0.00e+00	0.00e+00	0.00e+00	0.00e+00	0.00e+00	0.00e+00	9.58e-01	1.55e-06	1.18e-06
 2.92021e+22	9.58e-01	4.22e-02	7.94e-07	0.00e+00	0.00e+00	0.00e+00	0.00e+00	0.00e+00	0.00e+00	9.58e-01	1.54e-06	1.18e-06
 2.95107e+22	9.58e-01	4.20e-02	7.78e-07	0.00e+00	0.00e+00	0.00e+00	0.00e+00	0.00e+00	0.00e+00	9.58e-01	1.52e-06	1.18e-06
 2.98193e+22	9.58e-01	4.18e-02	7.63e-07	0.00e+00	0.00e+00	0.00e+00	0.00e+00	0.00e+00	0.00e+00	9.58e-01	1.51e-06	1.17e-06
 3.01278e+22	9.58e-01	4.16e-02	7.48e-07	0.00e+00	0.00e+00	0.00e+00	0.00e+00	0.00e+00	0.00e+00	9.58e-01	1.50e-06	1.17e-06
 3.04364e+22	9.59e-01	4.14e-02	7.33e-07	0.00e+00	0.00e+00	0.00e+00	0.00e+00	0.00e+00	0.00e+00	9.59e-01	1.48e-06	1.17e-06
 3.07237e+22	9.59e-01	4.11e-02	7.20e-07	0.00e+00	0.00e+00	0.00e+00	0.00e+00	0.00e+00	0.00e+00	9.59e-01	1.47e-06	1.17e-06
