#depth	N	N+	N+2	N+3	N+4	N+5	N+6	N+7
 8.08528e+17	5.62e-07	1.57e-03	1.92e-01	6.05e-01	1.68e-01	3.33e-02	3.71e-05	0.00e+00
 4.85117e+18	5.59e-07	1.56e-03	1.92e-01	6.05e-01	1.68e-01	3.33e-02	3.71e-05	0.00e+00
 2.10217e+19	5.55e-07	1.56e-03	1.92e-01	6.06e-01	1.68e-01	3.31e-02	3.68e-05	0.00e+00
 8.57040e+19	5.43e-07	1.53e-03	1.95e-01	6.06e-01	1.64e-01	3.22e-02	3.57e-05	0.00e+00
 2.04719e+20	4.99e-07	1.45e-03	1.97e-01	6.10e-01	1.61e-01	3.11e-02	3.44e-05	0.00e+00
 3.59439e+20	4.81e-07	1.42e-03	2.03e-01	6.11e-01	1.55e-01	2.94e-02	3.23e-05	0.00e+00
 5.60575e+20	4.84e-07	1.44e-03	2.13e-01	6.12e-01	1.46e-01	2.71e-02	2.95e-05	0.00e+00
 8.22052e+20	5.13e-07	1.52e-03	2.30e-01	6.09e-01	1.35e-01	2.40e-02	2.58e-05	0.00e+00
 1.11031e+21	5.55e-07	1.63e-03	2.52e-01	6.04e-01	1.21e-01	2.08e-02	2.21e-05	0.00e+00
 1.36701e+21	6.18e-07	1.78e-03	2.76e-01	5.95e-01	1.09e-01	1.79e-02	1.89e-05	0.00e+00
 1.58360e+21	7.01e-07	1.97e-03	3.00e-01	5.85e-01	9.76e-02	1.55e-02	1.62e-05	0.00e+00
 1.76952e+21	7.93e-07	2.18e-03	3.22e-01	5.74e-01	8.76e-02	1.35e-02	1.40e-05	0.00e+00
 1.93306e+21	8.98e-07	2.40e-03	3.44e-01	5.63e-01	7.86e-02	1.18e-02	1.22e-05	0.00e+00
 2.08359e+21	1.02e-06	2.64e-03	3.64e-01	5.52e-01	7.02e-02	1.02e-02	1.05e-05	0.00e+00
 2.22379e+21	1.14e-06	2.88e-03	3.84e-01	5.42e-01	6.26e-02	8.83e-03	9.09e-06	0.00e+00
 2.35640e+21	1.28e-06	3.15e-03	4.03e-01	5.31e-01	5.54e-02	7.61e-03	7.80e-06	0.00e+00
 2.48357e+21	1.42e-06	3.40e-03	4.20e-01	5.21e-01	4.89e-02	6.53e-03	6.69e-06	0.00e+00
 2.60381e+21	1.56e-06	3.66e-03	4.36e-01	5.12e-01	4.30e-02	5.60e-03	5.72e-06	0.00e+00
 2.71668e+21	1.68e-06	3.89e-03	4.50e-01	5.04e-01	3.79e-02	4.81e-03	4.89e-06	0.00e+00
 2.82387e+21	1.79e-06	4.10e-03	4.62e-01	4.96e-01	3.33e-02	4.15e-03	4.20e-06	0.00e+00
 2.92696e+21	1.88e-06	4.28e-03	4.73e-01	4.90e-01	2.94e-02	3.60e-03	3.61e-06	0.00e+00
 3.02622e+21	1.96e-06	4.44e-03	4.83e-01	4.84e-01	2.59e-02	3.14e-03	3.12e-06	0.00e+00
 3.12166e+21	2.01e-06	4.57e-03	4.91e-01	4.78e-01	2.30e-02	2.76e-03	2.71e-06	0.00e+00
 3.21479e+21	2.06e-06	4.70e-03	4.99e-01	4.73e-01	2.04e-02	2.45e-03	2.37e-06	0.00e+00
 3.32110e+21	2.10e-06	4.83e-03	5.08e-01	4.67e-01	1.78e-02	2.15e-03	2.04e-06	0.00e+00
 3.43363e+21	2.14e-06	4.95e-03	5.16e-01	4.61e-01	1.55e-02	1.90e-03	1.76e-06	0.00e+00
 3.53459e+21	2.18e-06	5.05e-03	5.23e-01	4.56e-01	1.38e-02	1.72e-03	1.56e-06	0.00e+00
 3.64616e+21	2.23e-06	5.18e-03	5.31e-01	4.50e-01	1.21e-02	1.55e-03	1.37e-06	0.00e+00
 3.79120e+21	2.31e-06	5.36e-03	5.41e-01	4.42e-01	1.03e-02	1.37e-03	1.17e-06	0.00e+00
 3.94600e+21	2.40e-06	5.54e-03	5.50e-01	4.35e-01	8.81e-03	1.23e-03	1.01e-06	0.00e+00
 4.11335e+21	2.53e-06	5.78e-03	5.59e-01	4.26e-01	7.50e-03	1.11e-03	8.75e-07	0.00e+00
 4.32661e+21	2.74e-06	6.11e-03	5.71e-01	4.16e-01	6.24e-03	9.87e-04	7.41e-07	0.00e+00
 4.58050e+21	3.05e-06	6.54e-03	5.83e-01	4.04e-01	5.15e-03	8.75e-04	6.19e-07	0.00e+00
 4.87125e+21	3.50e-06	7.10e-03	5.97e-01	3.91e-01	4.25e-03	7.71e-04	5.12e-07	0.00e+00
 5.22055e+21	4.18e-06	7.88e-03	6.13e-01	3.75e-01	3.48e-03	6.68e-04	4.10e-07	0.00e+00
 5.66607e+21	5.38e-06	9.09e-03	6.33e-01	3.55e-01	2.79e-03	5.56e-04	3.08e-07	0.00e+00
 6.13365e+21	7.20e-06	1.07e-02	6.54e-01	3.33e-01	2.28e-03	4.55e-04	2.25e-07	0.00e+00
 6.51255e+21	9.39e-06	1.24e-02	6.72e-01	3.13e-01	1.97e-03	3.79e-04	1.69e-07	0.00e+00
 6.81177e+21	1.19e-05	1.42e-02	6.87e-01	2.97e-01	1.76e-03	3.22e-04	1.31e-07	0.00e+00
 7.07893e+21	1.50e-05	1.62e-02	7.01e-01	2.81e-01	1.59e-03	2.73e-04	0.00e+00	0.00e+00
 7.33938e+21	1.93e-05	1.87e-02	7.16e-01	2.63e-01	1.43e-03	2.27e-04	0.00e+00	0.00e+00
 7.58844e+21	2.52e-05	2.18e-02	7.32e-01	2.45e-01	1.28e-03	1.87e-04	0.00e+00	0.00e+00
 7.81329e+21	3.30e-05	2.55e-02	7.46e-01	2.27e-01	1.16e-03	1.52e-04	0.00e+00	0.00e+00
 7.98986e+21	4.16e-05	2.92e-02	7.57e-01	2.12e-01	1.06e-03	1.27e-04	0.00e+00	0.00e+00
 8.11765e+21	5.00e-05	3.26e-02	7.66e-01	2.00e-01	9.95e-04	1.10e-04	0.00e+00	0.00e+00
 8.24738e+21	6.14e-05	3.69e-02	7.74e-01	1.88e-01	9.23e-04	9.32e-05	0.00e+00	0.00e+00
 8.38641e+21	7.74e-05	4.24e-02	7.83e-01	1.74e-01	8.47e-04	7.71e-05	0.00e+00	0.00e+00
 8.50287e+21	9.56e-05	4.81e-02	7.90e-01	1.61e-01	7.82e-04	6.46e-05	0.00e+00	0.00e+00
 8.59701e+21	1.15e-04	5.37e-02	7.95e-01	1.51e-01	7.30e-04	5.53e-05	0.00e+00	0.00e+00
 8.68363e+21	1.38e-04	6.00e-02	7.99e-01	1.41e-01	6.81e-04	4.74e-05	0.00e+00	0.00e+00
 8.78308e+21	1.72e-04	6.87e-02	8.02e-01	1.29e-01	6.24e-04	3.89e-05	0.00e+00	0.00e+00
 8.88081e+21	2.16e-04	7.89e-02	8.03e-01	1.17e-01	5.69e-04	3.17e-05	0.00e+00	0.00e+00
 8.95236e+21	2.59e-04	8.80e-02	8.03e-01	1.08e-01	5.28e-04	2.69e-05	0.00e+00	0.00e+00
 9.01093e+21	3.03e-04	9.68e-02	8.01e-01	1.01e-01	4.95e-04	2.32e-05	0.00e+00	0.00e+00
 9.07660e+21	3.66e-04	1.08e-01	7.98e-01	9.24e-02	4.56e-04	1.94e-05	0.00e+00	0.00e+00
 9.14747e+21	4.52e-04	1.23e-01	7.93e-01	8.34e-02	4.15e-04	1.58e-05	0.00e+00	0.00e+00
 9.20859e+21	5.46e-04	1.38e-01	7.85e-01	7.57e-02	3.80e-04	1.31e-05	0.00e+00	0.00e+00
 9.26074e+21	6.49e-04	1.53e-01	7.77e-01	6.91e-02	3.50e-04	1.10e-05	0.00e+00	0.00e+00
 9.31775e+21	7.94e-04	1.72e-01	7.65e-01	6.17e-02	3.16e-04	8.90e-06	0.00e+00	0.00e+00
 9.37751e+21	9.84e-04	1.95e-01	7.49e-01	5.43e-02	2.83e-04	7.05e-06	0.00e+00	0.00e+00
 9.42692e+21	1.19e-03	2.18e-01	7.33e-01	4.83e-02	2.55e-04	5.71e-06	0.00e+00	0.00e+00
 9.46908e+21	1.40e-03	2.40e-01	7.15e-01	4.33e-02	2.31e-04	4.70e-06	0.00e+00	0.00e+00
 9.51572e+21	1.71e-03	2.68e-01	6.92e-01	3.77e-02	2.05e-04	3.71e-06	0.00e+00	0.00e+00
 9.56517e+21	2.11e-03	3.02e-01	6.64e-01	3.22e-02	1.79e-04	2.84e-06	0.00e+00	0.00e+00
 9.60700e+21	2.54e-03	3.34e-01	6.36e-01	2.78e-02	1.57e-04	2.23e-06	0.00e+00	0.00e+00
 9.64334e+21	3.00e-03	3.65e-01	6.08e-01	2.41e-02	1.39e-04	1.77e-06	0.00e+00	0.00e+00
 9.68383e+21	3.65e-03	4.04e-01	5.72e-01	2.02e-02	1.19e-04	1.33e-06	0.00e+00	0.00e+00
 9.72681e+21	4.49e-03	4.48e-01	5.31e-01	1.64e-02	1.00e-04	9.69e-07	0.00e+00	0.00e+00
 9.76347e+21	5.38e-03	4.89e-01	4.92e-01	1.35e-02	8.47e-05	7.19e-07	0.00e+00	0.00e+00
 9.79583e+21	6.36e-03	5.29e-01	4.54e-01	1.11e-02	7.17e-05	5.39e-07	0.00e+00	0.00e+00
 9.83213e+21	7.71e-03	5.75e-01	4.08e-01	8.75e-03	5.83e-05	3.78e-07	0.00e+00	0.00e+00
 9.87100e+21	9.45e-03	6.25e-01	3.59e-01	6.61e-03	4.59e-05	2.52e-07	0.00e+00	0.00e+00
 9.90143e+21	1.11e-02	6.64e-01	3.20e-01	5.19e-03	3.73e-05	1.79e-07	0.00e+00	0.00e+00
 9.92332e+21	1.25e-02	6.92e-01	2.91e-01	4.29e-03	3.16e-05	1.37e-07	0.00e+00	0.00e+00
 9.94589e+21	1.42e-02	7.22e-01	2.61e-01	3.45e-03	2.63e-05	0.00e+00	0.00e+00	0.00e+00
 9.97116e+21	1.64e-02	7.53e-01	2.28e-01	2.67e-03	2.11e-05	0.00e+00	0.00e+00	0.00e+00
 9.99429e+21	1.88e-02	7.79e-01	2.00e-01	2.08e-03	1.70e-05	0.00e+00	0.00e+00	0.00e+00
 1.00144e+22	2.10e-02	8.01e-01	1.76e-01	1.65e-03	1.40e-05	0.00e+00	0.00e+00	0.00e+00
 1.00361e+22	2.40e-02	8.23e-01	1.52e-01	1.25e-03	1.10e-05	0.00e+00	0.00e+00	0.00e+00
 1.00590e+22	2.77e-02	8.44e-01	1.28e-01	9.28e-04	8.50e-06	0.00e+00	0.00e+00	0.00e+00
 1.00780e+22	3.10e-02	8.58e-01	1.10e-01	7.17e-04	6.80e-06	0.00e+00	0.00e+00	0.00e+00
 1.00949e+22	3.46e-02	8.70e-01	9.50e-02	5.58e-04	5.46e-06	0.00e+00	0.00e+00	0.00e+00
 1.01143e+22	3.94e-02	8.81e-01	7.92e-02	4.13e-04	4.19e-06	0.00e+00	0.00e+00	0.00e+00
 1.01351e+22	4.53e-02	8.90e-01	6.47e-02	2.98e-04	3.13e-06	0.00e+00	0.00e+00	0.00e+00
 1.01529e+22	5.14e-02	8.95e-01	5.35e-02	2.22e-04	2.39e-06	0.00e+00	0.00e+00	0.00e+00
 1.01686e+22	5.75e-02	8.97e-01	4.49e-02	1.70e-04	1.87e-06	0.00e+00	0.00e+00	0.00e+00
 1.01861e+22	6.58e-02	8.98e-01	3.63e-02	1.25e-04	1.39e-06	0.00e+00	0.00e+00	0.00e+00
 1.02051e+22	7.63e-02	8.95e-01	2.86e-02	9.06e-05	1.00e-06	0.00e+00	0.00e+00	0.00e+00
 1.02224e+22	8.79e-02	8.89e-01	2.27e-02	6.77e-05	7.33e-07	0.00e+00	0.00e+00	0.00e+00
 1.02381e+22	1.00e-01	8.82e-01	1.81e-02	5.25e-05	5.45e-07	0.00e+00	0.00e+00	0.00e+00
 1.02547e+22	1.16e-01	8.70e-01	1.41e-02	4.05e-05	3.91e-07	0.00e+00	0.00e+00	0.00e+00
 1.02715e+22	1.34e-01	8.55e-01	1.08e-02	3.19e-05	2.78e-07	0.00e+00	0.00e+00	0.00e+00
 1.02862e+22	1.54e-01	8.38e-01	8.44e-03	2.62e-05	2.03e-07	0.00e+00	0.00e+00	0.00e+00
 1.02991e+22	1.73e-01	8.20e-01	6.74e-03	2.24e-05	1.53e-07	0.00e+00	0.00e+00	0.00e+00
 1.03108e+22	1.93e-01	8.02e-01	5.45e-03	1.97e-05	0.00e+00	0.00e+00	0.00e+00	0.00e+00
 1.03217e+22	2.14e-01	7.82e-01	4.43e-03	1.75e-05	0.00e+00	0.00e+00	0.00e+00	0.00e+00
 1.03322e+22	2.36e-01	7.61e-01	3.61e-03	1.58e-05	0.00e+00	0.00e+00	0.00e+00	0.00e+00
 1.03421e+22	2.58e-01	7.39e-01	2.96e-03	1.44e-05	0.00e+00	0.00e+00	0.00e+00	0.00e+00
 1.03512e+22	2.81e-01	7.17e-01	2.45e-03	1.32e-05	0.00e+00	0.00e+00	0.00e+00	0.00e+00
 1.03583e+22	2.99e-01	6.99e-01	2.12e-03	1.24e-05	0.00e+00	0.00e+00	0.00e+00	0.00e+00
 1.03631e+22	3.12e-01	6.86e-01	1.91e-03	1.19e-05	0.00e+00	0.00e+00	0.00e+00	0.00e+00
 1.03677e+22	3.25e-01	6.73e-01	1.73e-03	1.14e-05	0.00e+00	0.00e+00	0.00e+00	0.00e+00
 1.03728e+22	3.41e-01	6.58e-01	1.53e-03	1.09e-05	0.00e+00	0.00e+00	0.00e+00	0.00e+00
 1.03782e+22	3.57e-01	6.41e-01	1.36e-03	1.03e-05	0.00e+00	0.00e+00	0.00e+00	0.00e+00
 1.03835e+22	3.74e-01	6.25e-01	1.20e-03	9.86e-06	0.00e+00	0.00e+00	0.00e+00	0.00e+00
 1.03886e+22	3.90e-01	6.09e-01	1.07e-03	9.42e-06	0.00e+00	0.00e+00	0.00e+00	0.00e+00
 1.03937e+22	4.07e-01	5.92e-01	9.44e-04	8.98e-06	0.00e+00	0.00e+00	0.00e+00	0.00e+00
 1.03988e+22	4.24e-01	5.75e-01	8.37e-04	8.57e-06	0.00e+00	0.00e+00	0.00e+00	0.00e+00
 1.04038e+22	4.41e-01	5.58e-01	7.40e-04	8.18e-06	0.00e+00	0.00e+00	0.00e+00	0.00e+00
 1.04088e+22	4.58e-01	5.41e-01	6.56e-04	7.80e-06	0.00e+00	0.00e+00	0.00e+00	0.00e+00
 1.04138e+22	4.76e-01	5.24e-01	5.81e-04	7.44e-06	0.00e+00	0.00e+00	0.00e+00	0.00e+00
 1.04187e+22	4.93e-01	5.06e-01	5.15e-04	7.09e-06	0.00e+00	0.00e+00	0.00e+00	0.00e+00
 1.04237e+22	5.11e-01	4.89e-01	4.56e-04	6.76e-06	0.00e+00	0.00e+00	0.00e+00	0.00e+00
 1.04286e+22	5.28e-01	4.72e-01	4.04e-04	6.43e-06	0.00e+00	0.00e+00	0.00e+00	0.00e+00
 1.04335e+22	5.45e-01	4.54e-01	3.58e-04	6.12e-06	0.00e+00	0.00e+00	0.00e+00	0.00e+00
 1.04383e+22	5.62e-01	4.38e-01	3.19e-04	5.83e-06	0.00e+00	0.00e+00	0.00e+00	0.00e+00
 1.04432e+22	5.79e-01	4.21e-01	2.83e-04	5.55e-06	0.00e+00	0.00e+00	0.00e+00	0.00e+00
 1.04480e+22	5.95e-01	4.04e-01	2.52e-04	5.27e-06	0.00e+00	0.00e+00	0.00e+00	0.00e+00
 1.04529e+22	6.12e-01	3.88e-01	2.25e-04	5.01e-06	0.00e+00	0.00e+00	0.00e+00	0.00e+00
 1.04577e+22	6.27e-01	3.72e-01	2.02e-04	4.77e-06	0.00e+00	0.00e+00	0.00e+00	0.00e+00
 1.04625e+22	6.43e-01	3.57e-01	1.81e-04	4.53e-06	0.00e+00	0.00e+00	0.00e+00	0.00e+00
 1.04674e+22	6.58e-01	3.42e-01	1.63e-04	4.30e-06	0.00e+00	0.00e+00	0.00e+00	0.00e+00
 1.04723e+22	6.73e-01	3.27e-01	1.48e-04	4.09e-06	0.00e+00	0.00e+00	0.00e+00	0.00e+00
 1.04771e+22	6.86e-01	3.14e-01	1.34e-04	3.89e-06	0.00e+00	0.00e+00	0.00e+00	0.00e+00
 1.04819e+22	7.00e-01	3.00e-01	1.23e-04	3.70e-06	0.00e+00	0.00e+00	0.00e+00	0.00e+00
 1.04866e+22	7.12e-01	2.88e-01	1.13e-04	3.52e-06	0.00e+00	0.00e+00	0.00e+00	0.00e+00
 1.04914e+22	7.24e-01	2.76e-01	1.04e-04	3.36e-06	0.00e+00	0.00e+00	0.00e+00	0.00e+00
 1.04961e+22	7.35e-01	2.65e-01	9.67e-05	3.20e-06	0.00e+00	0.00e+00	0.00e+00	0.00e+00
 1.05009e+22	7.46e-01	2.54e-01	9.03e-05	3.06e-06	0.00e+00	0.00e+00	0.00e+00	0.00e+00
 1.05057e+22	7.56e-01	2.44e-01	8.47e-05	2.93e-06	0.00e+00	0.00e+00	0.00e+00	0.00e+00
 1.05105e+22	7.65e-01	2.35e-01	7.98e-05	2.80e-06	0.00e+00	0.00e+00	0.00e+00	0.00e+00
 1.05154e+22	7.74e-01	2.26e-01	7.56e-05	2.68e-06	0.00e+00	0.00e+00	0.00e+00	0.00e+00
 1.05204e+22	7.83e-01	2.17e-01	7.19e-05	2.57e-06	0.00e+00	0.00e+00	0.00e+00	0.00e+00
 1.05255e+22	7.91e-01	2.09e-01	6.87e-05	2.47e-06	0.00e+00	0.00e+00	0.00e+00	0.00e+00
 1.05308e+22	7.98e-01	2.02e-01	6.58e-05	2.37e-06	0.00e+00	0.00e+00	0.00e+00	0.00e+00
 1.05362e+22	8.05e-01	1.95e-01	6.33e-05	2.29e-06	0.00e+00	0.00e+00	0.00e+00	0.00e+00
 1.05419e+22	8.11e-01	1.89e-01	6.11e-05	2.20e-06	0.00e+00	0.00e+00	0.00e+00	0.00e+00
 1.05480e+22	8.18e-01	1.82e-01	5.92e-05	2.13e-06	0.00e+00	0.00e+00	0.00e+00	0.00e+00
 1.05544e+22	8.23e-01	1.77e-01	5.75e-05	2.06e-06	0.00e+00	0.00e+00	0.00e+00	0.00e+00
 1.05614e+22	8.28e-01	1.71e-01	5.60e-05	1.99e-06	0.00e+00	0.00e+00	0.00e+00	0.00e+00
 1.05691e+22	8.33e-01	1.67e-01	5.47e-05	1.93e-06	0.00e+00	0.00e+00	0.00e+00	0.00e+00
 1.05777e+22	8.38e-01	1.62e-01	5.35e-05	1.87e-06	0.00e+00	0.00e+00	0.00e+00	0.00e+00
 1.05877e+22	8.42e-01	1.58e-01	5.25e-05	1.82e-06	0.00e+00	0.00e+00	0.00e+00	0.00e+00
 1.05988e+22	8.45e-01	1.55e-01	5.16e-05	1.78e-06	0.00e+00	0.00e+00	0.00e+00	0.00e+00
 1.06103e+22	8.48e-01	1.52e-01	5.10e-05	1.75e-06	0.00e+00	0.00e+00	0.00e+00	0.00e+00
 1.06217e+22	8.50e-01	1.50e-01	5.05e-05	1.72e-06	0.00e+00	0.00e+00	0.00e+00	0.00e+00
 1.06330e+22	8.51e-01	1.49e-01	5.02e-05	1.71e-06	0.00e+00	0.00e+00	0.00e+00	0.00e+00
 1.06443e+22	8.52e-01	1.48e-01	4.99e-05	1.69e-06	0.00e+00	0.00e+00	0.00e+00	0.00e+00
 1.06555e+22	8.53e-01	1.47e-01	4.97e-05	1.68e-06	0.00e+00	0.00e+00	0.00e+00	0.00e+00
 1.06667e+22	8.54e-01	1.46e-01	4.96e-05	1.67e-06	0.00e+00	0.00e+00	0.00e+00	0.00e+00
 1.06779e+22	8.54e-01	1.46e-01	4.94e-05	1.66e-06	0.00e+00	0.00e+00	0.00e+00	0.00e+00
 1.06891e+22	8.55e-01	1.45e-01	4.93e-05	1.66e-06	0.00e+00	0.00e+00	0.00e+00	0.00e+00
 1.07019e+22	8.55e-01	1.45e-01	4.91e-05	1.65e-06	0.00e+00	0.00e+00	0.00e+00	0.00e+00
 1.07186e+22	8.55e-01	1.45e-01	4.90e-05	1.64e-06	0.00e+00	0.00e+00	0.00e+00	0.00e+00
 1.07403e+22	8.56e-01	1.44e-01	4.88e-05	1.63e-06	0.00e+00	0.00e+00	0.00e+00	0.00e+00
 1.07685e+22	8.56e-01	1.44e-01	4.86e-05	1.62e-06	0.00e+00	0.00e+00	0.00e+00	0.00e+00
 1.08051e+22	8.57e-01	1.43e-01	4.84e-05	1.61e-06	0.00e+00	0.00e+00	0.00e+00	0.00e+00
 1.08528e+22	8.58e-01	1.42e-01	4.81e-05	1.60e-06	0.00e+00	0.00e+00	0.00e+00	0.00e+00
 1.09147e+22	8.59e-01	1.41e-01	4.77e-05	1.58e-06	0.00e+00	0.00e+00	0.00e+00	0.00e+00
 1.09953e+22	8.60e-01	1.40e-01	4.72e-05	1.55e-06	0.00e+00	0.00e+00	0.00e+00	0.00e+00
 1.11000e+22	8.62e-01	1.38e-01	4.65e-05	1.52e-06	0.00e+00	0.00e+00	0.00e+00	0.00e+00
 1.12361e+22	8.64e-01	1.36e-01	4.57e-05	1.48e-06	0.00e+00	0.00e+00	0.00e+00	0.00e+00
 1.14130e+22	8.66e-01	1.34e-01	4.48e-05	1.44e-06	0.00e+00	0.00e+00	0.00e+00	0.00e+00
 1.16430e+22	8.69e-01	1.31e-01	4.35e-05	1.38e-06	0.00e+00	0.00e+00	0.00e+00	0.00e+00
 1.19420e+22	8.72e-01	1.28e-01	4.20e-05	1.31e-06	0.00e+00	0.00e+00	0.00e+00	0.00e+00
 1.23307e+22	8.76e-01	1.24e-01	4.02e-05	1.22e-06	0.00e+00	0.00e+00	0.00e+00	0.00e+00
 1.28360e+22	8.81e-01	1.19e-01	3.81e-05	1.13e-06	0.00e+00	0.00e+00	0.00e+00	0.00e+00
 1.34706e+22	8.86e-01	1.14e-01	3.57e-05	1.03e-06	0.00e+00	0.00e+00	0.00e+00	0.00e+00
 1.42110e+22	8.91e-01	1.09e-01	3.32e-05	9.27e-07	0.00e+00	0.00e+00	0.00e+00	0.00e+00
 1.50581e+22	8.95e-01	1.05e-01	3.06e-05	8.30e-07	0.00e+00	0.00e+00	0.00e+00	0.00e+00
 1.60683e+22	9.00e-01	1.00e-01	2.79e-05	7.32e-07	0.00e+00	0.00e+00	0.00e+00	0.00e+00
 1.73157e+22	9.04e-01	9.55e-02	2.50e-05	6.34e-07	0.00e+00	0.00e+00	0.00e+00	0.00e+00
 1.86509e+22	9.08e-01	9.16e-02	2.24e-05	5.50e-07	0.00e+00	0.00e+00	0.00e+00	0.00e+00
 1.98715e+22	9.11e-01	8.87e-02	2.03e-05	4.88e-07	0.00e+00	0.00e+00	0.00e+00	0.00e+00
 2.09700e+22	9.14e-01	8.65e-02	1.87e-05	4.39e-07	0.00e+00	0.00e+00	0.00e+00	0.00e+00
 2.19587e+22	9.15e-01	8.47e-02	1.73e-05	4.01e-07	0.00e+00	0.00e+00	0.00e+00	0.00e+00
 2.28485e+22	9.17e-01	8.32e-02	1.62e-05	3.71e-07	0.00e+00	0.00e+00	0.00e+00	0.00e+00
 2.36493e+22	9.18e-01	8.21e-02	1.53e-05	3.46e-07	0.00e+00	0.00e+00	0.00e+00	0.00e+00
 2.43701e+22	9.19e-01	8.11e-02	1.45e-05	3.25e-07	0.00e+00	0.00e+00	0.00e+00	0.00e+00
 2.50187e+22	9.20e-01	8.03e-02	1.38e-05	3.08e-07	0.00e+00	0.00e+00	0.00e+00	0.00e+00
 2.56026e+22	9.20e-01	7.96e-02	1.33e-05	2.94e-07	0.00e+00	0.00e+00	0.00e+00	0.00e+00
 2.61280e+22	9.21e-01	7.89e-02	1.28e-05	2.82e-07	0.00e+00	0.00e+00	0.00e+00	0.00e+00
 2.66009e+22	9.22e-01	7.85e-02	1.24e-05	2.71e-07	0.00e+00	0.00e+00	0.00e+00	0.00e+00
 2.70264e+22	9.22e-01	7.80e-02	1.20e-05	2.62e-07	0.00e+00	0.00e+00	0.00e+00	0.00e+00
 2.74095e+22	9.22e-01	7.76e-02	1.17e-05	2.54e-07	0.00e+00	0.00e+00	0.00e+00	0.00e+00
 2.77542e+22	9.23e-01	7.72e-02	1.14e-05	2.48e-07	0.00e+00	0.00e+00	0.00e+00	0.00e+00
 2.80718e+22	9.23e-01	7.69e-02	1.12e-05	2.42e-07	0.00e+00	0.00e+00	0.00e+00	0.00e+00
 2.83804e+22	9.23e-01	7.66e-02	1.10e-05	2.36e-07	0.00e+00	0.00e+00	0.00e+00	0.00e+00
 2.86889e+22	9.24e-01	7.63e-02	1.07e-05	2.30e-07	0.00e+00	0.00e+00	0.00e+00	0.00e+00
 2.89975e+22	9.24e-01	7.60e-02	1.05e-05	2.25e-07	0.00e+00	0.00e+00	0.00e+00	0.00e+00
 2.93061e+22	9.24e-01	7.57e-02	1.03e-05	2.19e-07	0.00e+00	0.00e+00	0.00e+00	0.00e+00
 2.96146e+22	9.25e-01	7.54e-02	1.01e-05	2.14e-07	0.00e+00	0.00e+00	0.00e+00	0.00e+00
 2.99232e+22	9.25e-01	7.51e-02	9.87e-06	2.09e-07	0.00e+00	0.00e+00	0.00e+00	0.00e+00
 3.02318e+22	9.25e-01	7.48e-02	9.67e-06	2.04e-07	0.00e+00	0.00e+00	0.00e+00	0.00e+00
 3.05403e+22	9.26e-01	7.44e-02	9.48e-06	1.99e-07	0.00e+00	0.00e+00	0.00e+00	0.00e+00
 3.07757e+22	9.26e-01	7.43e-02	9.34e-06	1.96e-07	0.00e+00	0.00e+00	0.00e+00	0.00e+00
