#depth	He	He+	He+2
 1.56738e+16	6.63e-02	8.12e-01	1.22e-01
 9.40426e+16	6.66e-02	8.12e-01	1.21e-01
 4.07518e+17	6.67e-02	8.12e-01	1.21e-01
 1.66142e+18	6.69e-02	8.13e-01	1.21e-01
 3.96860e+18	6.67e-02	8.13e-01	1.20e-01
 6.96793e+18	6.70e-02	8.13e-01	1.20e-01
 1.08671e+19	6.78e-02	8.14e-01	1.19e-01
 1.59359e+19	6.90e-02	8.14e-01	1.17e-01
 2.21903e+19	7.07e-02	8.15e-01	1.14e-01
 2.92808e+19	7.32e-02	8.16e-01	1.11e-01
 3.74867e+19	7.69e-02	8.16e-01	1.07e-01
 4.66311e+19	8.19e-02	8.15e-01	1.03e-01
 5.51105e+19	8.76e-02	8.14e-01	9.86e-02
 6.27259e+19	9.40e-02	8.11e-01	9.49e-02
 7.02315e+19	1.01e-01	8.07e-01	9.16e-02
 7.73908e+19	1.10e-01	8.02e-01	8.85e-02
 8.38210e+19	1.18e-01	7.96e-01	8.60e-02
 8.95592e+19	1.26e-01	7.90e-01	8.39e-02
 9.47555e+19	1.35e-01	7.83e-01	8.22e-02
 9.94351e+19	1.44e-01	7.76e-01	8.05e-02
 1.03841e+20	1.52e-01	7.69e-01	7.93e-02
 1.07981e+20	1.60e-01	7.62e-01	7.80e-02
 1.11856e+20	1.69e-01	7.54e-01	7.68e-02
 1.15694e+20	1.78e-01	7.47e-01	7.56e-02
 1.19540e+20	1.87e-01	7.38e-01	7.44e-02
 1.23360e+20	1.97e-01	7.30e-01	7.31e-02
 1.27138e+20	2.07e-01	7.21e-01	7.19e-02
 1.30905e+20	2.18e-01	7.11e-01	7.05e-02
 1.33970e+20	2.26e-01	7.04e-01	6.97e-02
 1.36187e+20	2.33e-01	6.98e-01	6.89e-02
 1.38425e+20	2.40e-01	6.92e-01	6.81e-02
 1.41019e+20	2.48e-01	6.85e-01	6.71e-02
 1.43835e+20	2.57e-01	6.77e-01	6.60e-02
 1.46645e+20	2.65e-01	6.70e-01	6.51e-02
 1.49490e+20	2.75e-01	6.61e-01	6.39e-02
 1.52430e+20	2.84e-01	6.53e-01	6.29e-02
 1.55486e+20	2.95e-01	6.44e-01	6.16e-02
 1.58642e+20	3.05e-01	6.35e-01	6.04e-02
 1.61894e+20	3.16e-01	6.25e-01	5.91e-02
 1.65263e+20	3.28e-01	6.15e-01	5.79e-02
 1.68761e+20	3.40e-01	6.04e-01	5.65e-02
 1.72395e+20	3.52e-01	5.93e-01	5.51e-02
 1.76097e+20	3.65e-01	5.81e-01	5.36e-02
 1.79913e+20	3.78e-01	5.70e-01	5.22e-02
 1.83923e+20	3.92e-01	5.57e-01	5.07e-02
 1.88069e+20	4.06e-01	5.44e-01	4.92e-02
 1.92359e+20	4.21e-01	5.31e-01	4.76e-02
 1.96823e+20	4.36e-01	5.18e-01	4.60e-02
 2.01492e+20	4.52e-01	5.04e-01	4.43e-02
 2.06348e+20	4.67e-01	4.90e-01	4.27e-02
 2.11404e+20	4.83e-01	4.76e-01	4.10e-02
 2.16760e+20	5.00e-01	4.61e-01	3.93e-02
 2.22367e+20	5.17e-01	4.46e-01	3.76e-02
 2.28220e+20	5.33e-01	4.31e-01	3.59e-02
 2.34329e+20	5.50e-01	4.16e-01	3.41e-02
 2.40713e+20	5.66e-01	4.01e-01	3.25e-02
 2.47419e+20	5.83e-01	3.86e-01	3.07e-02
 2.54563e+20	5.99e-01	3.72e-01	2.91e-02
 2.62173e+20	6.16e-01	3.57e-01	2.73e-02
 2.70313e+20	6.32e-01	3.43e-01	2.57e-02
 2.79107e+20	6.48e-01	3.28e-01	2.40e-02
 2.88571e+20	6.63e-01	3.14e-01	2.24e-02
 2.98840e+20	6.79e-01	3.01e-01	2.08e-02
 3.10191e+20	6.93e-01	2.87e-01	1.92e-02
 3.22716e+20	7.08e-01	2.74e-01	1.76e-02
 3.36541e+20	7.22e-01	2.62e-01	1.61e-02
 3.51868e+20	7.36e-01	2.49e-01	1.47e-02
 3.68907e+20	7.50e-01	2.37e-01	1.33e-02
 3.87800e+20	7.63e-01	2.25e-01	1.20e-02
 4.08662e+20	7.76e-01	2.14e-01	1.08e-02
 4.31627e+20	7.88e-01	2.02e-01	9.63e-03
 4.56784e+20	8.00e-01	1.92e-01	8.58e-03
 4.84241e+20	8.11e-01	1.81e-01	7.62e-03
 5.14053e+20	8.22e-01	1.71e-01	6.76e-03
 5.46394e+20	8.33e-01	1.61e-01	5.98e-03
 5.81391e+20	8.43e-01	1.52e-01	5.28e-03
 6.19264e+20	8.52e-01	1.43e-01	4.65e-03
 6.60334e+20	8.61e-01	1.34e-01	4.09e-03
 7.04935e+20	8.70e-01	1.26e-01	3.59e-03
 7.53520e+20	8.78e-01	1.18e-01	3.15e-03
 8.06634e+20	8.86e-01	1.11e-01	2.75e-03
 8.64899e+20	8.94e-01	1.04e-01	2.40e-03
 9.29137e+20	9.01e-01	9.68e-02	2.09e-03
 1.00037e+21	9.08e-01	9.03e-02	1.81e-03
 1.07996e+21	9.14e-01	8.40e-02	1.56e-03
 1.16966e+21	9.21e-01	7.80e-02	1.35e-03
 1.27170e+21	9.27e-01	7.23e-02	1.16e-03
 1.38939e+21	9.32e-01	6.69e-02	9.87e-04
 1.52528e+21	9.37e-01	6.18e-02	8.41e-04
 1.67781e+21	9.42e-01	5.73e-02	7.20e-04
 1.84559e+21	9.46e-01	5.33e-02	6.22e-04
 2.03015e+21	9.50e-01	4.98e-02	5.42e-04
 2.23316e+21	9.53e-01	4.68e-02	4.77e-04
 2.45648e+21	9.55e-01	4.42e-02	4.24e-04
 2.70212e+21	9.58e-01	4.19e-02	3.81e-04
 2.97234e+21	9.60e-01	4.00e-02	3.46e-04
 3.26957e+21	9.61e-01	3.84e-02	3.18e-04
 3.59653e+21	9.63e-01	3.70e-02	2.94e-04
 3.95618e+21	9.64e-01	3.58e-02	2.75e-04
 4.35180e+21	9.65e-01	3.48e-02	2.59e-04
 4.78698e+21	9.66e-01	3.40e-02	2.46e-04
 5.26568e+21	9.67e-01	3.32e-02	2.36e-04
 5.79224e+21	9.67e-01	3.27e-02	2.27e-04
 6.37147e+21	9.68e-01	3.22e-02	2.20e-04
 7.00861e+21	9.68e-01	3.18e-02	2.14e-04
 7.70948e+21	9.68e-01	3.14e-02	2.10e-04
 8.42003e+21	9.69e-01	3.12e-02	2.06e-04
 9.08274e+21	9.69e-01	3.10e-02	2.03e-04
 9.81706e+21	9.69e-01	3.08e-02	2.01e-04
 1.06222e+22	9.69e-01	3.07e-02	1.99e-04
 1.13444e+22	9.69e-01	3.06e-02	1.97e-04
 1.19995e+22	9.69e-01	3.05e-02	1.96e-04
 1.27425e+22	9.69e-01	3.04e-02	1.95e-04
 1.35821e+22	9.69e-01	3.04e-02	1.94e-04
 1.43819e+22	9.70e-01	3.03e-02	1.93e-04
 1.51367e+22	9.70e-01	3.03e-02	1.92e-04
 1.59980e+22	9.70e-01	3.02e-02	1.92e-04
 1.71179e+22	9.70e-01	3.02e-02	1.91e-04
 1.82647e+22	9.70e-01	3.01e-02	1.90e-04
 1.92215e+22	9.70e-01	3.01e-02	1.89e-04
 2.02241e+22	9.70e-01	3.01e-02	1.89e-04
 2.12873e+22	9.70e-01	3.00e-02	1.88e-04
 2.22443e+22	9.70e-01	3.00e-02	1.88e-04
 2.31055e+22	9.70e-01	3.00e-02	1.88e-04
 2.38806e+22	9.70e-01	3.00e-02	1.87e-04
 2.45783e+22	9.70e-01	3.00e-02	1.87e-04
 2.52061e+22	9.70e-01	3.00e-02	1.87e-04
 2.57712e+22	9.70e-01	3.00e-02	1.87e-04
 2.62797e+22	9.70e-01	2.99e-02	1.87e-04
 2.67374e+22	9.70e-01	3.00e-02	1.87e-04
 2.71494e+22	9.70e-01	3.00e-02	1.87e-04
 2.75201e+22	9.70e-01	3.00e-02	1.87e-04
 2.78538e+22	9.70e-01	3.00e-02	1.88e-04
 2.81661e+22	9.70e-01	3.00e-02	1.88e-04
 2.84747e+22	9.70e-01	3.00e-02	1.89e-04
 2.87833e+22	9.70e-01	3.01e-02	1.90e-04
 2.90918e+22	9.70e-01	3.01e-02	1.90e-04
 2.94004e+22	9.70e-01	3.02e-02	1.91e-04
 2.97090e+22	9.70e-01	3.03e-02	1.93e-04
 3.00175e+22	9.69e-01	3.03e-02	1.94e-04
 3.03261e+22	9.69e-01	3.05e-02	1.96e-04
 3.06347e+22	9.69e-01	3.05e-02	1.97e-04
 3.08229e+22	9.69e-01	3.06e-02	2.00e-04
