#depth	N	N+	N+2	N+3	N+4	N+5	N+6	N+7
 1.20362e+17	6.15e-07	5.79e-04	8.37e-02	4.14e-01	3.24e-01	1.77e-01	9.21e-04	6.84e-07
 7.22173e+17	6.09e-07	5.77e-04	8.37e-02	4.14e-01	3.24e-01	1.77e-01	9.20e-04	6.82e-07
 3.12942e+18	5.93e-07	5.73e-04	8.41e-02	4.15e-01	3.23e-01	1.76e-01	9.17e-04	6.81e-07
 1.27584e+19	5.47e-07	5.63e-04	8.61e-02	4.19e-01	3.20e-01	1.73e-01	9.00e-04	6.68e-07
 3.04757e+19	4.50e-07	5.24e-04	8.67e-02	4.23e-01	3.17e-01	1.72e-01	9.05e-04	6.77e-07
 5.35082e+19	4.25e-07	5.21e-04	9.01e-02	4.30e-01	3.13e-01	1.66e-01	8.74e-04	6.53e-07
 8.34505e+19	4.34e-07	5.45e-04	9.67e-02	4.40e-01	3.06e-01	1.56e-01	8.15e-04	6.03e-07
 1.22375e+20	4.78e-07	6.06e-04	1.08e-01	4.54e-01	2.95e-01	1.42e-01	7.29e-04	5.31e-07
 1.63244e+20	5.29e-07	6.80e-04	1.22e-01	4.67e-01	2.82e-01	1.28e-01	6.49e-04	4.67e-07
 1.97677e+20	5.95e-07	7.72e-04	1.36e-01	4.78e-01	2.69e-01	1.16e-01	5.79e-04	4.11e-07
 2.27381e+20	6.76e-07	8.79e-04	1.51e-01	4.87e-01	2.56e-01	1.05e-01	5.17e-04	3.62e-07
 2.54799e+20	7.73e-07	1.01e-03	1.68e-01	4.94e-01	2.42e-01	9.47e-02	4.59e-04	3.17e-07
 2.80236e+20	8.83e-07	1.15e-03	1.86e-01	4.99e-01	2.28e-01	8.52e-02	4.06e-04	2.78e-07
 3.03545e+20	1.01e-06	1.30e-03	2.05e-01	5.03e-01	2.14e-01	7.65e-02	3.59e-04	2.43e-07
 3.25117e+20	1.14e-06	1.47e-03	2.24e-01	5.05e-01	2.01e-01	6.85e-02	3.17e-04	2.12e-07
 3.45472e+20	1.30e-06	1.66e-03	2.43e-01	5.06e-01	1.87e-01	6.12e-02	2.79e-04	1.85e-07
 3.63682e+20	1.43e-06	1.83e-03	2.62e-01	5.06e-01	1.75e-01	5.49e-02	2.48e-04	1.63e-07
 3.79928e+20	1.60e-06	2.02e-03	2.80e-01	5.06e-01	1.63e-01	4.93e-02	2.19e-04	1.43e-07
 3.94632e+20	1.77e-06	2.21e-03	2.97e-01	5.04e-01	1.52e-01	4.44e-02	1.95e-04	1.26e-07
 4.07513e+20	1.98e-06	2.43e-03	3.13e-01	5.02e-01	1.43e-01	4.01e-02	1.73e-04	0.00e+00
 4.19206e+20	2.12e-06	2.59e-03	3.27e-01	4.99e-01	1.34e-01	3.66e-02	1.57e-04	0.00e+00
 4.31961e+20	2.34e-06	2.82e-03	3.43e-01	4.96e-01	1.25e-01	3.28e-02	1.38e-04	0.00e+00
 4.45710e+20	2.59e-06	3.07e-03	3.61e-01	4.92e-01	1.15e-01	2.90e-02	1.20e-04	0.00e+00
 4.57760e+20	2.84e-06	3.32e-03	3.76e-01	4.88e-01	1.06e-01	2.59e-02	1.05e-04	0.00e+00
 4.68402e+20	3.13e-06	3.59e-03	3.91e-01	4.83e-01	9.88e-02	2.33e-02	9.29e-05	0.00e+00
 4.78423e+20	3.39e-06	3.82e-03	4.04e-01	4.79e-01	9.22e-02	2.10e-02	8.26e-05	0.00e+00
 4.89666e+20	3.73e-06	4.13e-03	4.19e-01	4.74e-01	8.48e-02	1.87e-02	7.16e-05	0.00e+00
 5.01760e+20	4.10e-06	4.46e-03	4.34e-01	4.67e-01	7.76e-02	1.64e-02	6.15e-05	0.00e+00
 5.12017e+20	4.40e-06	4.72e-03	4.46e-01	4.62e-01	7.20e-02	1.48e-02	5.43e-05	0.00e+00
 5.20946e+20	4.75e-06	5.01e-03	4.58e-01	4.57e-01	6.71e-02	1.34e-02	4.82e-05	0.00e+00
 5.31090e+20	5.26e-06	5.42e-03	4.71e-01	4.50e-01	6.18e-02	1.19e-02	4.14e-05	0.00e+00
 5.41566e+20	5.74e-06	5.80e-03	4.84e-01	4.43e-01	5.69e-02	1.07e-02	3.60e-05	0.00e+00
 5.50608e+20	6.16e-06	6.12e-03	4.94e-01	4.37e-01	5.31e-02	9.71e-03	3.20e-05	0.00e+00
 5.60497e+20	6.84e-06	6.63e-03	5.07e-01	4.29e-01	4.88e-02	8.62e-03	2.74e-05	0.00e+00
 5.70951e+20	7.53e-06	7.13e-03	5.20e-01	4.21e-01	4.50e-02	7.70e-03	2.36e-05	0.00e+00
 5.80396e+20	8.16e-06	7.58e-03	5.30e-01	4.13e-01	4.18e-02	6.99e-03	2.08e-05	0.00e+00
 5.90932e+20	9.17e-06	8.26e-03	5.44e-01	4.04e-01	3.83e-02	6.18e-03	1.76e-05	0.00e+00
 6.02319e+20	1.03e-05	9.01e-03	5.57e-01	3.93e-01	3.50e-02	5.46e-03	1.48e-05	0.00e+00
 6.12885e+20	1.14e-05	9.71e-03	5.69e-01	3.84e-01	3.23e-02	4.91e-03	1.28e-05	0.00e+00
 6.24693e+20	1.32e-05	1.08e-02	5.83e-01	3.72e-01	2.93e-02	4.28e-03	1.05e-05	0.00e+00
 6.37523e+20	1.53e-05	1.20e-02	5.98e-01	3.60e-01	2.66e-02	3.73e-03	8.63e-06	0.00e+00
 6.49617e+20	1.77e-05	1.33e-02	6.12e-01	3.47e-01	2.42e-02	3.26e-03	7.11e-06	0.00e+00
 6.59214e+20	1.98e-05	1.44e-02	6.23e-01	3.37e-01	2.26e-02	2.95e-03	6.12e-06	0.00e+00
 6.65954e+20	2.17e-05	1.53e-02	6.31e-01	3.30e-01	2.15e-02	2.73e-03	5.46e-06	0.00e+00
 6.73038e+20	2.39e-05	1.64e-02	6.39e-01	3.22e-01	2.03e-02	2.51e-03	4.83e-06	0.00e+00
 6.82248e+20	2.72e-05	1.80e-02	6.50e-01	3.11e-01	1.89e-02	2.25e-03	4.10e-06	0.00e+00
 6.91667e+20	3.11e-05	1.97e-02	6.60e-01	3.00e-01	1.76e-02	2.02e-03	3.48e-06	0.00e+00
 6.99382e+20	3.48e-05	2.12e-02	6.69e-01	2.91e-01	1.66e-02	1.84e-03	3.03e-06	0.00e+00
 7.07438e+20	3.92e-05	2.30e-02	6.78e-01	2.81e-01	1.55e-02	1.67e-03	2.61e-06	0.00e+00
 7.16454e+20	4.55e-05	2.55e-02	6.89e-01	2.70e-01	1.44e-02	1.48e-03	2.17e-06	0.00e+00
 7.24465e+20	5.19e-05	2.78e-02	6.98e-01	2.60e-01	1.35e-02	1.33e-03	1.86e-06	0.00e+00
 7.31389e+20	5.83e-05	3.01e-02	7.05e-01	2.51e-01	1.28e-02	1.21e-03	1.61e-06	0.00e+00
 7.39149e+20	6.67e-05	3.29e-02	7.13e-01	2.41e-01	1.20e-02	1.09e-03	1.37e-06	0.00e+00
 7.47838e+20	7.85e-05	3.67e-02	7.23e-01	2.29e-01	1.11e-02	9.56e-04	1.13e-06	0.00e+00
 7.55593e+20	9.03e-05	4.02e-02	7.30e-01	2.18e-01	1.04e-02	8.55e-04	9.52e-07	0.00e+00
 7.62432e+20	1.03e-04	4.40e-02	7.37e-01	2.09e-01	9.78e-03	7.67e-04	8.08e-07	0.00e+00
 7.70223e+20	1.22e-04	4.91e-02	7.44e-01	1.97e-01	9.06e-03	6.69e-04	6.58e-07	0.00e+00
 7.78362e+20	1.44e-04	5.46e-02	7.51e-01	1.86e-01	8.41e-03	5.85e-04	5.38e-07	0.00e+00
 7.85414e+20	1.69e-04	6.05e-02	7.56e-01	1.75e-01	7.83e-03	5.15e-04	4.44e-07	0.00e+00
 7.91955e+20	1.96e-04	6.66e-02	7.60e-01	1.66e-01	7.32e-03	4.54e-04	3.69e-07	0.00e+00
 7.99372e+20	2.35e-04	7.48e-02	7.64e-01	1.54e-01	6.74e-03	3.91e-04	2.94e-07	0.00e+00
 8.07250e+20	2.87e-04	8.51e-02	7.66e-01	1.42e-01	6.14e-03	3.29e-04	2.28e-07	0.00e+00
 8.13881e+20	3.41e-04	9.49e-02	7.67e-01	1.32e-01	5.67e-03	2.83e-04	1.83e-07	0.00e+00
 8.19711e+20	3.98e-04	1.05e-01	7.66e-01	1.23e-01	5.28e-03	2.47e-04	1.50e-07	0.00e+00
 8.26344e+20	4.81e-04	1.18e-01	7.64e-01	1.13e-01	4.82e-03	2.09e-04	0.00e+00	0.00e+00
 8.33513e+20	5.94e-04	1.34e-01	7.59e-01	1.02e-01	4.35e-03	1.72e-04	0.00e+00	0.00e+00
 8.39760e+20	7.19e-04	1.51e-01	7.52e-01	9.24e-02	3.96e-03	1.43e-04	0.00e+00	0.00e+00
 8.45210e+20	8.56e-04	1.68e-01	7.43e-01	8.41e-02	3.61e-03	1.21e-04	0.00e+00	0.00e+00
 8.51244e+20	1.05e-03	1.91e-01	7.30e-01	7.50e-02	3.24e-03	9.86e-05	0.00e+00	0.00e+00
 8.57650e+20	1.31e-03	2.18e-01	7.12e-01	6.54e-02	2.86e-03	7.78e-05	0.00e+00	0.00e+00
 8.62966e+20	1.58e-03	2.43e-01	6.94e-01	5.81e-02	2.56e-03	6.37e-05	0.00e+00	0.00e+00
 8.67555e+20	1.88e-03	2.69e-01	6.75e-01	5.18e-02	2.31e-03	5.25e-05	0.00e+00	0.00e+00
 8.72774e+20	2.31e-03	3.03e-01	6.48e-01	4.45e-02	2.01e-03	4.10e-05	0.00e+00	0.00e+00
 8.78202e+20	2.87e-03	3.41e-01	6.16e-01	3.76e-02	1.73e-03	3.14e-05	0.00e+00	0.00e+00
 8.82697e+20	3.44e-03	3.77e-01	5.86e-01	3.23e-02	1.51e-03	2.47e-05	0.00e+00	0.00e+00
 8.86688e+20	4.07e-03	4.12e-01	5.55e-01	2.77e-02	1.32e-03	1.95e-05	0.00e+00	0.00e+00
 8.91225e+20	4.97e-03	4.56e-01	5.15e-01	2.29e-02	1.11e-03	1.46e-05	0.00e+00	0.00e+00
 8.96040e+20	6.14e-03	5.05e-01	4.69e-01	1.83e-02	9.14e-04	1.05e-05	0.00e+00	0.00e+00
 9.00130e+20	7.39e-03	5.50e-01	4.27e-01	1.48e-02	7.56e-04	7.68e-06	0.00e+00	0.00e+00
 9.03698e+20	8.69e-03	5.91e-01	3.88e-01	1.21e-02	6.30e-04	5.74e-06	0.00e+00	0.00e+00
 9.07137e+20	1.02e-02	6.31e-01	3.48e-01	9.75e-03	5.17e-04	4.21e-06	0.00e+00	0.00e+00
 9.10496e+20	1.20e-02	6.71e-01	3.09e-01	7.75e-03	4.18e-04	3.04e-06	0.00e+00	0.00e+00
 9.13723e+20	1.40e-02	7.08e-01	2.72e-01	6.15e-03	3.37e-04	2.20e-06	0.00e+00	0.00e+00
 9.17354e+20	1.68e-02	7.49e-01	2.30e-01	4.61e-03	2.55e-04	1.46e-06	0.00e+00	0.00e+00
 9.21118e+20	2.03e-02	7.87e-01	1.89e-01	3.37e-03	1.87e-04	9.42e-07	0.00e+00	0.00e+00
 9.24185e+20	2.39e-02	8.16e-01	1.57e-01	2.56e-03	1.40e-04	6.36e-07	0.00e+00	0.00e+00
 9.26815e+20	2.73e-02	8.38e-01	1.33e-01	2.02e-03	1.08e-04	4.54e-07	0.00e+00	0.00e+00
 9.29741e+20	3.22e-02	8.59e-01	1.07e-01	1.53e-03	7.84e-05	3.04e-07	0.00e+00	0.00e+00
 9.33546e+20	3.99e-02	8.80e-01	7.93e-02	1.07e-03	5.03e-05	1.81e-07	0.00e+00	0.00e+00
 9.37444e+20	5.02e-02	8.93e-01	5.62e-02	7.59e-04	3.07e-05	0.00e+00	0.00e+00	0.00e+00
 9.40547e+20	6.10e-02	8.97e-01	4.14e-02	5.85e-04	1.99e-05	0.00e+00	0.00e+00	0.00e+00
 9.42879e+20	7.09e-02	8.96e-01	3.25e-02	4.87e-04	1.42e-05	0.00e+00	0.00e+00	0.00e+00
 9.44770e+20	8.06e-02	8.93e-01	2.63e-02	4.23e-04	1.07e-05	0.00e+00	0.00e+00	0.00e+00
 9.46870e+20	9.32e-02	8.86e-01	2.06e-02	3.65e-04	7.69e-06	0.00e+00	0.00e+00	0.00e+00
 9.49157e+20	1.09e-01	8.75e-01	1.58e-02	3.15e-04	5.38e-06	0.00e+00	0.00e+00	0.00e+00
 9.51189e+20	1.26e-01	8.62e-01	1.23e-02	2.78e-04	3.91e-06	0.00e+00	0.00e+00	0.00e+00
 9.52949e+20	1.42e-01	8.48e-01	9.92e-03	2.51e-04	2.96e-06	0.00e+00	0.00e+00	0.00e+00
 9.54562e+20	1.59e-01	8.33e-01	8.13e-03	2.29e-04	2.29e-06	0.00e+00	0.00e+00	0.00e+00
 9.56088e+20	1.76e-01	8.17e-01	6.74e-03	2.11e-04	1.81e-06	0.00e+00	0.00e+00	0.00e+00
 9.57524e+20	1.93e-01	8.01e-01	5.67e-03	1.96e-04	1.46e-06	0.00e+00	0.00e+00	0.00e+00
 9.58879e+20	2.10e-01	7.85e-01	4.83e-03	1.83e-04	1.20e-06	0.00e+00	0.00e+00	0.00e+00
 9.60183e+20	2.27e-01	7.69e-01	4.17e-03	1.71e-04	1.01e-06	0.00e+00	0.00e+00	0.00e+00
 9.61443e+20	2.44e-01	7.52e-01	3.63e-03	1.61e-04	8.51e-07	0.00e+00	0.00e+00	0.00e+00
 9.62443e+20	2.57e-01	7.40e-01	3.30e-03	1.55e-04	7.57e-07	0.00e+00	0.00e+00	0.00e+00
 9.63169e+20	2.66e-01	7.30e-01	3.07e-03	1.50e-04	6.94e-07	0.00e+00	0.00e+00	0.00e+00
 9.63901e+20	2.76e-01	7.21e-01	2.86e-03	1.45e-04	6.38e-07	0.00e+00	0.00e+00	0.00e+00
 9.64744e+20	2.87e-01	7.10e-01	2.64e-03	1.40e-04	5.81e-07	0.00e+00	0.00e+00	0.00e+00
 9.65655e+20	2.99e-01	6.99e-01	2.45e-03	1.35e-04	5.30e-07	0.00e+00	0.00e+00	0.00e+00
 9.66593e+20	3.11e-01	6.87e-01	2.27e-03	1.31e-04	4.84e-07	0.00e+00	0.00e+00	0.00e+00
 9.67548e+20	3.21e-01	6.76e-01	2.12e-03	1.26e-04	4.46e-07	0.00e+00	0.00e+00	0.00e+00
 9.68548e+20	3.33e-01	6.65e-01	1.98e-03	1.22e-04	4.11e-07	0.00e+00	0.00e+00	0.00e+00
 9.69633e+20	3.44e-01	6.54e-01	1.86e-03	1.18e-04	3.80e-07	0.00e+00	0.00e+00	0.00e+00
 9.70818e+20	3.55e-01	6.43e-01	1.74e-03	1.14e-04	3.52e-07	0.00e+00	0.00e+00	0.00e+00
 9.72106e+20	3.65e-01	6.33e-01	1.64e-03	1.11e-04	3.28e-07	0.00e+00	0.00e+00	0.00e+00
 9.73539e+20	3.76e-01	6.23e-01	1.55e-03	1.08e-04	3.07e-07	0.00e+00	0.00e+00	0.00e+00
 9.75209e+20	3.85e-01	6.13e-01	1.48e-03	1.05e-04	2.88e-07	0.00e+00	0.00e+00	0.00e+00
 9.77019e+20	3.94e-01	6.05e-01	1.41e-03	1.02e-04	2.73e-07	0.00e+00	0.00e+00	0.00e+00
 9.78810e+20	4.00e-01	5.99e-01	1.37e-03	1.00e-04	2.62e-07	0.00e+00	0.00e+00	0.00e+00
 9.80553e+20	4.05e-01	5.94e-01	1.34e-03	9.87e-05	2.55e-07	0.00e+00	0.00e+00	0.00e+00
 9.82261e+20	4.09e-01	5.90e-01	1.31e-03	9.76e-05	2.49e-07	0.00e+00	0.00e+00	0.00e+00
 9.83942e+20	4.12e-01	5.87e-01	1.29e-03	9.65e-05	2.43e-07	0.00e+00	0.00e+00	0.00e+00
 9.85862e+20	4.14e-01	5.85e-01	1.28e-03	9.59e-05	2.40e-07	0.00e+00	0.00e+00	0.00e+00
 9.88358e+20	4.17e-01	5.82e-01	1.26e-03	9.50e-05	2.35e-07	0.00e+00	0.00e+00	0.00e+00
 9.91603e+20	4.20e-01	5.79e-01	1.24e-03	9.42e-05	2.31e-07	0.00e+00	0.00e+00	0.00e+00
 9.95822e+20	4.23e-01	5.76e-01	1.22e-03	9.32e-05	2.26e-07	0.00e+00	0.00e+00	0.00e+00
 1.00131e+21	4.26e-01	5.72e-01	1.20e-03	9.21e-05	2.21e-07	0.00e+00	0.00e+00	0.00e+00
 1.00843e+21	4.31e-01	5.68e-01	1.18e-03	9.07e-05	2.14e-07	0.00e+00	0.00e+00	0.00e+00
 1.01770e+21	4.36e-01	5.63e-01	1.15e-03	8.91e-05	2.07e-07	0.00e+00	0.00e+00	0.00e+00
 1.02975e+21	4.43e-01	5.56e-01	1.11e-03	8.70e-05	1.97e-07	0.00e+00	0.00e+00	0.00e+00
 1.04541e+21	4.51e-01	5.48e-01	1.07e-03	8.45e-05	1.86e-07	0.00e+00	0.00e+00	0.00e+00
 1.06577e+21	4.61e-01	5.38e-01	1.02e-03	8.14e-05	1.74e-07	0.00e+00	0.00e+00	0.00e+00
 1.09171e+21	4.74e-01	5.25e-01	9.60e-04	7.78e-05	1.60e-07	0.00e+00	0.00e+00	0.00e+00
 1.12136e+21	4.86e-01	5.13e-01	9.05e-04	7.41e-05	1.47e-07	0.00e+00	0.00e+00	0.00e+00
 1.15165e+21	4.98e-01	5.01e-01	8.57e-04	7.07e-05	1.35e-07	0.00e+00	0.00e+00	0.00e+00
 1.18224e+21	5.09e-01	4.90e-01	8.14e-04	6.75e-05	1.25e-07	0.00e+00	0.00e+00	0.00e+00
 1.21398e+21	5.21e-01	4.78e-01	7.72e-04	6.44e-05	0.00e+00	0.00e+00	0.00e+00	0.00e+00
 1.24750e+21	5.32e-01	4.67e-01	7.32e-04	6.14e-05	0.00e+00	0.00e+00	0.00e+00	0.00e+00
 1.28282e+21	5.44e-01	4.55e-01	6.94e-04	5.84e-05	0.00e+00	0.00e+00	0.00e+00	0.00e+00
 1.31958e+21	5.55e-01	4.44e-01	6.59e-04	5.55e-05	0.00e+00	0.00e+00	0.00e+00	0.00e+00
 1.35759e+21	5.67e-01	4.33e-01	6.26e-04	5.27e-05	0.00e+00	0.00e+00	0.00e+00	0.00e+00
 1.39691e+21	5.78e-01	4.22e-01	5.96e-04	5.00e-05	0.00e+00	0.00e+00	0.00e+00	0.00e+00
 1.43822e+21	5.89e-01	4.11e-01	5.66e-04	4.74e-05	0.00e+00	0.00e+00	0.00e+00	0.00e+00
 1.48117e+21	6.00e-01	4.00e-01	5.39e-04	4.48e-05	0.00e+00	0.00e+00	0.00e+00	0.00e+00
 1.52530e+21	6.11e-01	3.89e-01	5.12e-04	4.24e-05	0.00e+00	0.00e+00	0.00e+00	0.00e+00
 1.57122e+21	6.22e-01	3.78e-01	4.88e-04	4.00e-05	0.00e+00	0.00e+00	0.00e+00	0.00e+00
 1.61902e+21	6.33e-01	3.67e-01	4.63e-04	3.77e-05	0.00e+00	0.00e+00	0.00e+00	0.00e+00
 1.66867e+21	6.44e-01	3.56e-01	4.40e-04	3.54e-05	0.00e+00	0.00e+00	0.00e+00	0.00e+00
 1.72010e+21	6.55e-01	3.45e-01	4.18e-04	3.33e-05	0.00e+00	0.00e+00	0.00e+00	0.00e+00
 1.77341e+21	6.65e-01	3.34e-01	3.97e-04	3.12e-05	0.00e+00	0.00e+00	0.00e+00	0.00e+00
 1.82860e+21	6.76e-01	3.23e-01	3.77e-04	2.92e-05	0.00e+00	0.00e+00	0.00e+00	0.00e+00
 1.88617e+21	6.88e-01	3.12e-01	3.57e-04	2.73e-05	0.00e+00	0.00e+00	0.00e+00	0.00e+00
 1.94591e+21	6.99e-01	3.01e-01	3.39e-04	2.54e-05	0.00e+00	0.00e+00	0.00e+00	0.00e+00
 2.00711e+21	7.10e-01	2.90e-01	3.21e-04	2.36e-05	0.00e+00	0.00e+00	0.00e+00	0.00e+00
 2.07032e+21	7.21e-01	2.79e-01	3.04e-04	2.19e-05	0.00e+00	0.00e+00	0.00e+00	0.00e+00
 2.13583e+21	7.32e-01	2.68e-01	2.88e-04	2.03e-05	0.00e+00	0.00e+00	0.00e+00	0.00e+00
 2.20369e+21	7.42e-01	2.57e-01	2.73e-04	1.87e-05	0.00e+00	0.00e+00	0.00e+00	0.00e+00
 2.27392e+21	7.53e-01	2.47e-01	2.58e-04	1.73e-05	0.00e+00	0.00e+00	0.00e+00	0.00e+00
 2.34632e+21	7.64e-01	2.36e-01	2.44e-04	1.59e-05	0.00e+00	0.00e+00	0.00e+00	0.00e+00
 2.42157e+21	7.74e-01	2.26e-01	2.30e-04	1.46e-05	0.00e+00	0.00e+00	0.00e+00	0.00e+00
 2.49933e+21	7.84e-01	2.15e-01	2.17e-04	1.33e-05	0.00e+00	0.00e+00	0.00e+00	0.00e+00
 2.57881e+21	7.94e-01	2.05e-01	2.04e-04	1.22e-05	0.00e+00	0.00e+00	0.00e+00	0.00e+00
 2.66020e+21	8.04e-01	1.96e-01	1.92e-04	1.11e-05	0.00e+00	0.00e+00	0.00e+00	0.00e+00
 2.74419e+21	8.13e-01	1.86e-01	1.81e-04	1.01e-05	0.00e+00	0.00e+00	0.00e+00	0.00e+00
 2.83086e+21	8.23e-01	1.77e-01	1.70e-04	9.22e-06	0.00e+00	0.00e+00	0.00e+00	0.00e+00
 2.91937e+21	8.32e-01	1.68e-01	1.60e-04	8.37e-06	0.00e+00	0.00e+00	0.00e+00	0.00e+00
 3.01022e+21	8.40e-01	1.59e-01	1.50e-04	7.59e-06	0.00e+00	0.00e+00	0.00e+00	0.00e+00
 3.10366e+21	8.49e-01	1.51e-01	1.41e-04	6.86e-06	0.00e+00	0.00e+00	0.00e+00	0.00e+00
 3.19929e+21	8.57e-01	1.43e-01	1.32e-04	6.20e-06	0.00e+00	0.00e+00	0.00e+00	0.00e+00
 3.29698e+21	8.65e-01	1.35e-01	1.24e-04	5.59e-06	0.00e+00	0.00e+00	0.00e+00	0.00e+00
 3.39684e+21	8.73e-01	1.27e-01	1.16e-04	5.04e-06	0.00e+00	0.00e+00	0.00e+00	0.00e+00
 3.49893e+21	8.80e-01	1.19e-01	1.09e-04	4.53e-06	0.00e+00	0.00e+00	0.00e+00	0.00e+00
 3.60185e+21	8.88e-01	1.12e-01	1.02e-04	4.08e-06	0.00e+00	0.00e+00	0.00e+00	0.00e+00
 3.70367e+21	8.94e-01	1.06e-01	9.53e-05	3.67e-06	0.00e+00	0.00e+00	0.00e+00	0.00e+00
 3.80461e+21	9.00e-01	9.96e-02	8.94e-05	3.32e-06	0.00e+00	0.00e+00	0.00e+00	0.00e+00
 3.91049e+21	9.06e-01	9.34e-02	8.37e-05	2.98e-06	0.00e+00	0.00e+00	0.00e+00	0.00e+00
 4.02090e+21	9.12e-01	8.74e-02	7.82e-05	2.67e-06	0.00e+00	0.00e+00	0.00e+00	0.00e+00
 4.12775e+21	9.18e-01	8.21e-02	7.33e-05	2.40e-06	0.00e+00	0.00e+00	0.00e+00	0.00e+00
 4.23068e+21	9.23e-01	7.72e-02	6.89e-05	2.17e-06	0.00e+00	0.00e+00	0.00e+00	0.00e+00
 4.34170e+21	9.28e-01	7.22e-02	6.44e-05	1.94e-06	0.00e+00	0.00e+00	0.00e+00	0.00e+00
 4.46698e+21	9.33e-01	6.69e-02	5.98e-05	1.71e-06	0.00e+00	0.00e+00	0.00e+00	0.00e+00
 4.59094e+21	9.38e-01	6.21e-02	5.57e-05	1.52e-06	0.00e+00	0.00e+00	0.00e+00	0.00e+00
 4.70239e+21	9.42e-01	5.82e-02	5.23e-05	1.37e-06	0.00e+00	0.00e+00	0.00e+00	0.00e+00
 4.81730e+21	9.46e-01	5.42e-02	4.89e-05	1.22e-06	0.00e+00	0.00e+00	0.00e+00	0.00e+00
 4.94955e+21	9.50e-01	5.00e-02	4.53e-05	1.08e-06	0.00e+00	0.00e+00	0.00e+00	0.00e+00
 5.08810e+21	9.54e-01	4.60e-02	4.20e-05	9.43e-07	0.00e+00	0.00e+00	0.00e+00	0.00e+00
 5.22018e+21	9.58e-01	4.25e-02	3.91e-05	8.33e-07	0.00e+00	0.00e+00	0.00e+00	0.00e+00
 5.34568e+21	9.61e-01	3.94e-02	3.65e-05	7.41e-07	0.00e+00	0.00e+00	0.00e+00	0.00e+00
 5.46971e+21	9.63e-01	3.65e-02	3.41e-05	6.60e-07	0.00e+00	0.00e+00	0.00e+00	0.00e+00
 5.59356e+21	9.66e-01	3.38e-02	3.19e-05	5.89e-07	0.00e+00	0.00e+00	0.00e+00	0.00e+00
 5.71450e+21	9.69e-01	3.14e-02	3.00e-05	5.27e-07	0.00e+00	0.00e+00	0.00e+00	0.00e+00
 5.83018e+21	9.71e-01	2.91e-02	2.82e-05	4.74e-07	0.00e+00	0.00e+00	0.00e+00	0.00e+00
 5.93981e+21	9.73e-01	2.71e-02	2.67e-05	4.28e-07	0.00e+00	0.00e+00	0.00e+00	0.00e+00
 6.03944e+21	9.75e-01	2.53e-02	2.54e-05	3.90e-07	0.00e+00	0.00e+00	0.00e+00	0.00e+00
