#depth	He	He+	He+2
 8.17272e+15	5.21e-03	5.64e-01	4.31e-01
 4.90363e+16	5.20e-03	5.64e-01	4.31e-01
 2.12491e+17	5.20e-03	5.64e-01	4.31e-01
 8.66308e+17	5.22e-03	5.69e-01	4.25e-01
 2.06933e+18	5.17e-03	5.72e-01	4.23e-01
 3.63326e+18	5.20e-03	5.81e-01	4.14e-01
 5.66638e+18	5.32e-03	5.98e-01	3.96e-01
 8.30942e+18	5.57e-03	6.26e-01	3.69e-01
 1.17454e+19	5.98e-03	6.66e-01	3.28e-01
 1.62121e+19	6.65e-03	7.20e-01	2.74e-01
 2.20189e+19	7.65e-03	7.85e-01	2.08e-01
 2.79404e+19	8.64e-03	8.39e-01	1.53e-01
 3.26241e+19	9.43e-03	8.71e-01	1.19e-01
 3.64233e+19	1.01e-02	8.91e-01	9.85e-02
 3.99080e+19	1.07e-02	9.06e-01	8.33e-02
 4.38863e+19	1.14e-02	9.19e-01	6.92e-02
 4.79557e+19	1.22e-02	9.29e-01	5.85e-02
 5.12261e+19	1.28e-02	9.35e-01	5.17e-02
 5.40518e+19	1.35e-02	9.40e-01	4.67e-02
 5.72165e+19	1.43e-02	9.44e-01	4.17e-02
 6.05316e+19	1.52e-02	9.47e-01	3.75e-02
 6.32555e+19	1.60e-02	9.49e-01	3.47e-02
 6.55480e+19	1.69e-02	9.51e-01	3.25e-02
 6.80663e+19	1.80e-02	9.52e-01	3.01e-02
 7.07403e+19	1.93e-02	9.53e-01	2.81e-02
 7.30029e+19	2.06e-02	9.53e-01	2.66e-02
 7.49487e+19	2.20e-02	9.53e-01	2.53e-02
 7.70964e+19	2.38e-02	9.52e-01	2.39e-02
 7.93669e+19	2.60e-02	9.51e-01	2.26e-02
 8.12723e+19	2.83e-02	9.50e-01	2.17e-02
 8.28423e+19	3.06e-02	9.48e-01	2.09e-02
 8.42424e+19	3.30e-02	9.47e-01	2.02e-02
 8.55789e+19	3.57e-02	9.45e-01	1.96e-02
 8.68478e+19	3.87e-02	9.42e-01	1.91e-02
 8.80201e+19	4.19e-02	9.39e-01	1.87e-02
 8.90938e+19	4.53e-02	9.36e-01	1.83e-02
 9.00828e+19	4.89e-02	9.33e-01	1.79e-02
 9.10186e+19	5.28e-02	9.30e-01	1.76e-02
 9.19218e+19	5.70e-02	9.26e-01	1.74e-02
 9.27889e+19	6.16e-02	9.21e-01	1.72e-02
 9.36166e+19	6.65e-02	9.16e-01	1.70e-02
 9.44121e+19	7.19e-02	9.11e-01	1.68e-02
 9.51863e+19	7.76e-02	9.06e-01	1.67e-02
 9.59458e+19	8.40e-02	8.99e-01	1.66e-02
 9.66937e+19	9.08e-02	8.93e-01	1.65e-02
 9.74334e+19	9.84e-02	8.85e-01	1.65e-02
 9.81701e+19	1.07e-01	8.77e-01	1.64e-02
 9.89653e+19	1.16e-01	8.67e-01	1.64e-02
 9.97928e+19	1.28e-01	8.56e-01	1.64e-02
 1.00559e+20	1.39e-01	8.44e-01	1.64e-02
 1.01280e+20	1.51e-01	8.33e-01	1.64e-02
 1.01953e+20	1.63e-01	8.20e-01	1.64e-02
 1.02589e+20	1.75e-01	8.09e-01	1.65e-02
 1.03205e+20	1.88e-01	7.96e-01	1.65e-02
 1.03683e+20	1.97e-01	7.86e-01	1.66e-02
 1.04014e+20	2.05e-01	7.79e-01	1.66e-02
 1.04341e+20	2.12e-01	7.71e-01	1.66e-02
 1.04713e+20	2.21e-01	7.62e-01	1.66e-02
 1.05106e+20	2.31e-01	7.53e-01	1.66e-02
 1.05496e+20	2.41e-01	7.42e-01	1.66e-02
 1.05879e+20	2.51e-01	7.33e-01	1.67e-02
 1.06263e+20	2.61e-01	7.22e-01	1.67e-02
 1.06655e+20	2.73e-01	7.11e-01	1.67e-02
 1.07045e+20	2.84e-01	7.00e-01	1.67e-02
 1.07435e+20	2.95e-01	6.88e-01	1.67e-02
 1.07835e+20	3.08e-01	6.76e-01	1.66e-02
 1.08236e+20	3.20e-01	6.63e-01	1.66e-02
 1.08639e+20	3.33e-01	6.50e-01	1.66e-02
 1.09045e+20	3.47e-01	6.37e-01	1.66e-02
 1.09455e+20	3.61e-01	6.23e-01	1.65e-02
 1.09871e+20	3.75e-01	6.09e-01	1.65e-02
 1.10294e+20	3.90e-01	5.94e-01	1.64e-02
 1.10719e+20	4.05e-01	5.79e-01	1.63e-02
 1.11147e+20	4.21e-01	5.63e-01	1.62e-02
 1.11585e+20	4.36e-01	5.48e-01	1.61e-02
 1.12034e+20	4.53e-01	5.31e-01	1.59e-02
 1.12488e+20	4.70e-01	5.15e-01	1.58e-02
 1.12948e+20	4.87e-01	4.98e-01	1.56e-02
 1.13422e+20	5.04e-01	4.80e-01	1.54e-02
 1.13906e+20	5.22e-01	4.63e-01	1.52e-02
 1.14398e+20	5.40e-01	4.45e-01	1.50e-02
 1.14894e+20	5.57e-01	4.28e-01	1.47e-02
 1.15398e+20	5.75e-01	4.11e-01	1.44e-02
 1.15916e+20	5.93e-01	3.93e-01	1.41e-02
 1.16449e+20	6.10e-01	3.76e-01	1.38e-02
 1.17001e+20	6.27e-01	3.59e-01	1.34e-02
 1.17576e+20	6.44e-01	3.43e-01	1.31e-02
 1.18178e+20	6.61e-01	3.26e-01	1.27e-02
 1.18816e+20	6.78e-01	3.10e-01	1.23e-02
 1.19496e+20	6.94e-01	2.94e-01	1.18e-02
 1.20231e+20	7.10e-01	2.79e-01	1.14e-02
 1.21032e+20	7.26e-01	2.64e-01	1.09e-02
 1.21921e+20	7.40e-01	2.49e-01	1.04e-02
 1.22931e+20	7.55e-01	2.35e-01	9.92e-03
 1.24087e+20	7.68e-01	2.23e-01	9.41e-03
 1.25319e+20	7.79e-01	2.12e-01	8.95e-03
 1.26538e+20	7.88e-01	2.04e-01	8.55e-03
 1.27746e+20	7.95e-01	1.97e-01	8.20e-03
 1.29131e+20	8.02e-01	1.90e-01	7.83e-03
 1.30932e+20	8.09e-01	1.84e-01	7.42e-03
 1.33273e+20	8.16e-01	1.77e-01	6.96e-03
 1.36316e+20	8.24e-01	1.70e-01	6.46e-03
 1.40272e+20	8.32e-01	1.62e-01	5.89e-03
 1.45113e+20	8.40e-01	1.54e-01	5.31e-03
 1.50413e+20	8.49e-01	1.47e-01	4.78e-03
 1.55852e+20	8.56e-01	1.40e-01	4.31e-03
 1.61486e+20	8.63e-01	1.33e-01	3.89e-03
 1.67410e+20	8.70e-01	1.26e-01	3.50e-03
 1.73652e+20	8.77e-01	1.20e-01	3.16e-03
 1.80164e+20	8.83e-01	1.14e-01	2.85e-03
 1.86973e+20	8.89e-01	1.09e-01	2.57e-03
 1.94156e+20	8.94e-01	1.03e-01	2.31e-03
 2.01682e+20	9.00e-01	9.83e-02	2.08e-03
 2.09556e+20	9.05e-01	9.35e-02	1.88e-03
 2.17811e+20	9.09e-01	8.88e-02	1.69e-03
 2.26478e+20	9.14e-01	8.44e-02	1.52e-03
 2.35580e+20	9.18e-01	8.02e-02	1.37e-03
 2.45201e+20	9.23e-01	7.61e-02	1.23e-03
 2.55326e+20	9.27e-01	7.23e-02	1.10e-03
 2.65908e+20	9.30e-01	6.87e-02	9.92e-04
 2.76912e+20	9.34e-01	6.52e-02	8.92e-04
 2.88575e+20	9.37e-01	6.19e-02	8.01e-04
 3.01044e+20	9.40e-01	5.88e-02	7.19e-04
 3.14127e+20	9.44e-01	5.58e-02	6.45e-04
 3.27867e+20	9.46e-01	5.30e-02	5.79e-04
 3.42363e+20	9.49e-01	5.02e-02	5.20e-04
 3.57705e+20	9.52e-01	4.77e-02	4.66e-04
 3.73980e+20	9.54e-01	4.52e-02	4.18e-04
 3.91212e+20	9.57e-01	4.29e-02	3.75e-04
 4.09430e+20	9.59e-01	4.07e-02	3.36e-04
 4.28688e+20	9.61e-01	3.86e-02	3.01e-04
 4.49047e+20	9.63e-01	3.66e-02	2.70e-04
 4.70421e+20	9.65e-01	3.48e-02	2.43e-04
 4.92347e+20	9.67e-01	3.31e-02	2.19e-04
 5.14283e+20	9.68e-01	3.16e-02	1.99e-04
 5.36044e+20	9.70e-01	3.02e-02	1.81e-04
 5.57618e+20	9.71e-01	2.90e-02	1.66e-04
 5.78924e+20	9.72e-01	2.79e-02	1.53e-04
 5.99787e+20	9.73e-01	2.69e-02	1.42e-04
 6.20037e+20	9.74e-01	2.61e-02	1.33e-04
