#depth	He	He+	He+2
 5.93345e+16	4.81e-05	7.89e-02	9.21e-01
 3.56007e+17	4.80e-05	7.89e-02	9.21e-01
 1.54270e+18	4.80e-05	7.90e-02	9.21e-01
 6.28946e+18	4.81e-05	8.01e-02	9.20e-01
 1.50235e+19	4.66e-05	7.95e-02	9.20e-01
 2.63777e+19	4.65e-05	8.11e-02	9.19e-01
 4.11383e+19	4.80e-05	8.52e-02	9.15e-01
 6.03269e+19	5.16e-05	9.35e-02	9.06e-01
 8.52722e+19	5.94e-05	1.09e-01	8.91e-01
 1.12360e+20	7.14e-05	1.34e-01	8.66e-01
 1.35741e+20	8.82e-05	1.67e-01	8.32e-01
 1.54482e+20	1.08e-04	2.06e-01	7.94e-01
 1.69728e+20	1.30e-04	2.48e-01	7.52e-01
 1.83019e+20	1.55e-04	2.95e-01	7.05e-01
 1.95683e+20	1.83e-04	3.47e-01	6.52e-01
 2.08009e+20	2.16e-04	4.06e-01	5.93e-01
 2.19719e+20	2.51e-04	4.68e-01	5.32e-01
 2.30787e+20	2.85e-04	5.28e-01	4.72e-01
 2.41574e+20	3.21e-04	5.86e-01	4.14e-01
 2.52167e+20	3.56e-04	6.40e-01	3.60e-01
 2.62500e+20	3.89e-04	6.88e-01	3.11e-01
 2.74260e+20	4.26e-04	7.38e-01	2.62e-01
 2.86775e+20	4.60e-04	7.81e-01	2.19e-01
 2.98218e+20	4.89e-04	8.14e-01	1.86e-01
 3.11045e+20	5.20e-04	8.45e-01	1.54e-01
 3.27720e+20	5.57e-04	8.77e-01	1.23e-01
 3.46233e+20	5.90e-04	9.02e-01	9.74e-02
 3.65582e+20	6.21e-04	9.22e-01	7.75e-02
 3.88287e+20	6.54e-04	9.39e-01	6.06e-02
 4.15817e+20	6.90e-04	9.53e-01	4.64e-02
 4.49463e+20	7.29e-04	9.65e-01	3.47e-02
 4.91426e+20	7.74e-04	9.74e-01	2.54e-02
 5.40568e+20	8.23e-04	9.81e-01	1.87e-02
 5.94625e+20	8.80e-04	9.85e-01	1.40e-02
 6.54087e+20	9.48e-04	9.88e-01	1.06e-02
 7.16135e+20	1.03e-03	9.91e-01	8.35e-03
 7.73491e+20	1.12e-03	9.92e-01	6.87e-03
 8.21228e+20	1.21e-03	9.93e-01	5.94e-03
 8.60815e+20	1.30e-03	9.93e-01	5.30e-03
 8.96169e+20	1.40e-03	9.94e-01	4.81e-03
 9.29339e+20	1.51e-03	9.94e-01	4.41e-03
 9.60163e+20	1.63e-03	9.94e-01	4.08e-03
 9.87932e+20	1.77e-03	9.94e-01	3.81e-03
 1.01268e+21	1.92e-03	9.94e-01	3.59e-03
 1.03263e+21	2.06e-03	9.95e-01	3.42e-03
 1.04743e+21	2.18e-03	9.95e-01	3.31e-03
 1.06042e+21	2.31e-03	9.94e-01	3.21e-03
 1.07526e+21	2.48e-03	9.94e-01	3.09e-03
 1.09031e+21	2.67e-03	9.94e-01	2.98e-03
 1.10182e+21	2.85e-03	9.94e-01	2.90e-03
 1.11094e+21	3.01e-03	9.94e-01	2.84e-03
 1.12076e+21	3.21e-03	9.94e-01	2.77e-03
 1.13086e+21	3.44e-03	9.94e-01	2.70e-03
 1.13888e+21	3.65e-03	9.94e-01	2.65e-03
 1.14557e+21	3.85e-03	9.94e-01	2.61e-03
 1.15295e+21	4.10e-03	9.93e-01	2.55e-03
 1.16069e+21	4.40e-03	9.93e-01	2.50e-03
 1.16711e+21	4.69e-03	9.93e-01	2.46e-03
 1.17257e+21	4.96e-03	9.93e-01	2.43e-03
 1.17858e+21	5.32e-03	9.92e-01	2.39e-03
 1.18487e+21	5.74e-03	9.92e-01	2.35e-03
 1.19008e+21	6.14e-03	9.92e-01	2.32e-03
 1.19451e+21	6.53e-03	9.91e-01	2.29e-03
 1.19942e+21	7.04e-03	9.91e-01	2.25e-03
 1.20459e+21	7.64e-03	9.90e-01	2.22e-03
 1.20894e+21	8.22e-03	9.90e-01	2.20e-03
 1.21273e+21	8.80e-03	9.89e-01	2.17e-03
 1.21696e+21	9.58e-03	9.88e-01	2.15e-03
 1.22145e+21	1.05e-02	9.87e-01	2.12e-03
 1.22524e+21	1.14e-02	9.86e-01	2.09e-03
 1.22857e+21	1.24e-02	9.86e-01	2.07e-03
 1.23230e+21	1.37e-02	9.84e-01	2.05e-03
 1.23628e+21	1.53e-02	9.83e-01	2.03e-03
 1.23938e+21	1.67e-02	9.81e-01	2.02e-03
 1.24158e+21	1.79e-02	9.80e-01	2.00e-03
 1.24384e+21	1.93e-02	9.79e-01	1.99e-03
 1.24637e+21	2.11e-02	9.77e-01	1.98e-03
 1.24870e+21	2.30e-02	9.75e-01	1.97e-03
 1.25072e+21	2.49e-02	9.73e-01	1.97e-03
 1.25291e+21	2.73e-02	9.71e-01	1.96e-03
 1.25522e+21	3.01e-02	9.68e-01	1.95e-03
 1.25716e+21	3.27e-02	9.65e-01	1.95e-03
 1.25889e+21	3.57e-02	9.62e-01	1.95e-03
 1.26086e+21	3.93e-02	9.59e-01	1.95e-03
 1.26297e+21	4.38e-02	9.54e-01	1.96e-03
 1.26479e+21	4.85e-02	9.50e-01	1.97e-03
 1.26639e+21	5.30e-02	9.45e-01	1.98e-03
 1.26817e+21	5.92e-02	9.39e-01	1.99e-03
 1.27012e+21	6.68e-02	9.31e-01	2.01e-03
 1.27190e+21	7.52e-02	9.23e-01	2.04e-03
 1.27349e+21	8.35e-02	9.14e-01	2.07e-03
 1.27506e+21	9.35e-02	9.04e-01	2.11e-03
 1.27663e+21	1.05e-01	8.93e-01	2.15e-03
 1.27806e+21	1.17e-01	8.81e-01	2.19e-03
 1.27937e+21	1.29e-01	8.69e-01	2.24e-03
 1.28056e+21	1.42e-01	8.56e-01	2.29e-03
 1.28164e+21	1.55e-01	8.43e-01	2.34e-03
 1.28264e+21	1.68e-01	8.30e-01	2.38e-03
 1.28358e+21	1.81e-01	8.16e-01	2.43e-03
 1.28431e+21	1.92e-01	8.06e-01	2.47e-03
 1.28480e+21	2.00e-01	7.98e-01	2.50e-03
 1.28526e+21	2.08e-01	7.90e-01	2.53e-03
 1.28578e+21	2.18e-01	7.80e-01	2.56e-03
 1.28633e+21	2.28e-01	7.70e-01	2.59e-03
 1.28687e+21	2.39e-01	7.59e-01	2.62e-03
 1.28739e+21	2.49e-01	7.48e-01	2.66e-03
 1.28790e+21	2.61e-01	7.37e-01	2.69e-03
 1.28841e+21	2.72e-01	7.25e-01	2.73e-03
 1.28892e+21	2.84e-01	7.13e-01	2.76e-03
 1.28942e+21	2.97e-01	7.01e-01	2.79e-03
 1.28992e+21	3.10e-01	6.87e-01	2.82e-03
 1.29041e+21	3.23e-01	6.74e-01	2.86e-03
 1.29090e+21	3.37e-01	6.61e-01	2.89e-03
 1.29139e+21	3.50e-01	6.47e-01	2.92e-03
 1.29188e+21	3.65e-01	6.32e-01	2.95e-03
 1.29236e+21	3.80e-01	6.17e-01	2.98e-03
 1.29284e+21	3.95e-01	6.02e-01	3.01e-03
 1.29331e+21	4.11e-01	5.86e-01	3.03e-03
 1.29378e+21	4.27e-01	5.70e-01	3.06e-03
 1.29426e+21	4.43e-01	5.54e-01	3.08e-03
 1.29473e+21	4.59e-01	5.37e-01	3.10e-03
 1.29519e+21	4.76e-01	5.21e-01	3.12e-03
 1.29566e+21	4.93e-01	5.04e-01	3.14e-03
 1.29613e+21	5.11e-01	4.86e-01	3.15e-03
 1.29659e+21	5.28e-01	4.69e-01	3.16e-03
 1.29705e+21	5.45e-01	4.52e-01	3.16e-03
 1.29750e+21	5.62e-01	4.35e-01	3.16e-03
 1.29795e+21	5.79e-01	4.18e-01	3.16e-03
 1.29839e+21	5.96e-01	4.01e-01	3.15e-03
 1.29883e+21	6.12e-01	3.85e-01	3.14e-03
 1.29927e+21	6.29e-01	3.68e-01	3.12e-03
 1.29971e+21	6.45e-01	3.52e-01	3.10e-03
 1.30015e+21	6.61e-01	3.36e-01	3.08e-03
 1.30059e+21	6.77e-01	3.20e-01	3.04e-03
 1.30103e+21	6.93e-01	3.04e-01	3.01e-03
 1.30148e+21	7.08e-01	2.89e-01	2.96e-03
 1.30194e+21	7.24e-01	2.73e-01	2.91e-03
 1.30241e+21	7.39e-01	2.58e-01	2.86e-03
 1.30289e+21	7.54e-01	2.44e-01	2.79e-03
 1.30338e+21	7.68e-01	2.29e-01	2.73e-03
 1.30390e+21	7.82e-01	2.15e-01	2.65e-03
 1.30444e+21	7.97e-01	2.01e-01	2.57e-03
 1.30500e+21	8.10e-01	1.87e-01	2.48e-03
 1.30561e+21	8.24e-01	1.74e-01	2.38e-03
 1.30627e+21	8.37e-01	1.60e-01	2.27e-03
 1.30698e+21	8.50e-01	1.48e-01	2.16e-03
 1.30779e+21	8.62e-01	1.35e-01	2.05e-03
 1.30871e+21	8.74e-01	1.24e-01	1.93e-03
 1.30978e+21	8.85e-01	1.13e-01	1.81e-03
 1.31090e+21	8.94e-01	1.05e-01	1.71e-03
 1.31202e+21	9.00e-01	9.83e-02	1.63e-03
 1.31313e+21	9.05e-01	9.37e-02	1.57e-03
 1.31424e+21	9.08e-01	9.03e-02	1.53e-03
 1.31534e+21	9.11e-01	8.78e-02	1.49e-03
 1.31644e+21	9.13e-01	8.57e-02	1.46e-03
 1.31754e+21	9.14e-01	8.44e-02	1.44e-03
 1.31864e+21	9.15e-01	8.35e-02	1.43e-03
 1.31991e+21	9.16e-01	8.26e-02	1.41e-03
 1.32155e+21	9.17e-01	8.18e-02	1.40e-03
 1.32368e+21	9.18e-01	8.10e-02	1.38e-03
 1.32646e+21	9.18e-01	8.05e-02	1.37e-03
 1.33006e+21	9.19e-01	7.99e-02	1.35e-03
 1.33475e+21	9.19e-01	7.93e-02	1.33e-03
 1.34085e+21	9.20e-01	7.86e-02	1.31e-03
 1.34878e+21	9.21e-01	7.81e-02	1.29e-03
 1.35908e+21	9.22e-01	7.72e-02	1.26e-03
 1.37247e+21	9.23e-01	7.60e-02	1.22e-03
 1.38988e+21	9.24e-01	7.44e-02	1.17e-03
 1.41252e+21	9.26e-01	7.25e-02	1.11e-03
 1.44194e+21	9.29e-01	7.02e-02	1.04e-03
 1.48020e+21	9.32e-01	6.74e-02	9.61e-04
 1.52993e+21	9.35e-01	6.40e-02	8.66e-04
 1.59457e+21	9.39e-01	6.02e-02	7.66e-04
 1.66962e+21	9.43e-01	5.64e-02	6.73e-04
 1.74815e+21	9.46e-01	5.30e-02	5.95e-04
 1.83044e+21	9.50e-01	4.99e-02	5.27e-04
 1.91921e+21	9.53e-01	4.70e-02	4.67e-04
 2.01707e+21	9.55e-01	4.41e-02	4.12e-04
 2.12416e+21	9.58e-01	4.14e-02	3.64e-04
 2.24034e+21	9.61e-01	3.89e-02	3.21e-04
 2.36671e+21	9.63e-01	3.65e-02	2.84e-04
 2.50474e+21	9.65e-01	3.43e-02	2.50e-04
 2.65587e+21	9.68e-01	3.22e-02	2.21e-04
 2.82140e+21	9.70e-01	3.02e-02	1.95e-04
 3.00304e+21	9.72e-01	2.83e-02	1.72e-04
 3.20271e+21	9.73e-01	2.66e-02	1.51e-04
 3.42271e+21	9.75e-01	2.49e-02	1.34e-04
 3.66543e+21	9.77e-01	2.34e-02	1.18e-04
 3.93384e+21	9.78e-01	2.19e-02	1.04e-04
 4.23084e+21	9.79e-01	2.05e-02	9.15e-05
 4.56266e+21	9.81e-01	1.92e-02	8.07e-05
 4.93236e+21	9.82e-01	1.80e-02	7.11e-05
 5.34141e+21	9.83e-01	1.69e-02	6.28e-05
 5.79879e+21	9.84e-01	1.59e-02	5.55e-05
 6.26209e+21	9.85e-01	1.50e-02	4.99e-05
 6.67769e+21	9.86e-01	1.44e-02	4.57e-05
 7.05986e+21	9.86e-01	1.38e-02	4.25e-05
 7.49181e+21	9.87e-01	1.33e-02	3.93e-05
 7.96044e+21	9.87e-01	1.28e-02	3.65e-05
 8.37078e+21	9.88e-01	1.24e-02	3.45e-05
 8.73225e+21	9.88e-01	1.21e-02	3.28e-05
 9.13613e+21	9.88e-01	1.18e-02	3.12e-05
 9.58545e+21	9.88e-01	1.15e-02	2.97e-05
 9.99362e+21	9.89e-01	1.12e-02	2.85e-05
 1.03557e+22	9.89e-01	1.10e-02	2.75e-05
 1.07581e+22	9.89e-01	1.08e-02	2.65e-05
 1.12016e+22	9.89e-01	1.06e-02	2.56e-05
 1.16021e+22	9.90e-01	1.04e-02	2.48e-05
 1.19594e+22	9.90e-01	1.03e-02	2.41e-05
 1.23573e+22	9.90e-01	1.02e-02	2.35e-05
 1.27981e+22	9.90e-01	1.00e-02	2.28e-05
 1.31969e+22	9.90e-01	9.88e-03	2.23e-05
 1.35530e+22	9.90e-01	9.77e-03	2.18e-05
 1.39513e+22	9.90e-01	9.66e-03	2.14e-05
 1.43933e+22	9.90e-01	9.55e-03	2.10e-05
 1.47932e+22	9.91e-01	9.46e-03	2.06e-05
 1.51493e+22	9.91e-01	9.35e-03	2.01e-05
 1.55474e+22	9.91e-01	9.29e-03	1.99e-05
 1.59953e+22	9.91e-01	9.21e-03	1.96e-05
 1.64055e+22	9.91e-01	9.14e-03	1.93e-05
 1.67661e+22	9.91e-01	9.05e-03	1.89e-05
 1.71650e+22	9.91e-01	8.98e-03	1.86e-05
 1.76075e+22	9.91e-01	8.94e-03	1.85e-05
 1.80171e+22	9.91e-01	8.85e-03	1.82e-05
 1.83864e+22	9.91e-01	8.83e-03	1.81e-05
 1.87929e+22	9.91e-01	8.78e-03	1.79e-05
 1.92455e+22	9.91e-01	8.70e-03	1.76e-05
 1.96564e+22	9.91e-01	8.65e-03	1.74e-05
 2.00276e+22	9.91e-01	8.62e-03	1.73e-05
 2.04489e+22	9.91e-01	8.57e-03	1.71e-05
 2.09165e+22	9.91e-01	8.54e-03	1.70e-05
 2.13523e+22	9.92e-01	8.48e-03	1.68e-05
 2.17540e+22	9.92e-01	8.45e-03	1.67e-05
 2.22034e+22	9.92e-01	8.41e-03	1.65e-05
 2.27068e+22	9.92e-01	8.37e-03	1.64e-05
 2.31795e+22	9.92e-01	8.34e-03	1.62e-05
 2.36246e+22	9.92e-01	8.32e-03	1.62e-05
 2.41347e+22	9.92e-01	8.27e-03	1.60e-05
 2.47079e+22	9.92e-01	8.25e-03	1.59e-05
 2.52670e+22	9.92e-01	8.22e-03	1.58e-05
 2.58070e+22	9.92e-01	8.19e-03	1.57e-05
 2.63120e+22	9.92e-01	8.15e-03	1.56e-05
 2.67664e+22	9.92e-01	8.14e-03	1.55e-05
 2.71755e+22	9.92e-01	8.12e-03	1.55e-05
 2.75436e+22	9.92e-01	8.10e-03	1.54e-05
 2.78749e+22	9.92e-01	8.09e-03	1.54e-05
 2.81861e+22	9.92e-01	8.08e-03	1.53e-05
 2.84947e+22	9.92e-01	8.07e-03	1.53e-05
 2.88033e+22	9.92e-01	8.06e-03	1.53e-05
 2.91118e+22	9.92e-01	8.05e-03	1.53e-05
 2.94204e+22	9.92e-01	8.05e-03	1.53e-05
 2.97290e+22	9.92e-01	8.05e-03	1.53e-05
 3.00375e+22	9.92e-01	8.05e-03	1.54e-05
 3.03283e+22	9.92e-01	8.06e-03	1.55e-05
 3.05725e+22	9.92e-01	8.10e-03	1.57e-05
 3.07685e+22	9.92e-01	8.16e-03	1.60e-05
