#depth	O	O+	O+2	O+3	O+4	O+5	O+6	O+7	O+8	O[1]	O[2]	O[3]
 5.22940e+14	8.16e-02	8.63e-01	5.50e-02	1.15e-04	4.97e-07	0.00e+00	0.00e+00	0.00e+00	0.00e+00	8.15e-02	1.65e-05	1.91e-05
 3.13764e+15	8.12e-02	8.63e-01	5.53e-02	1.16e-04	5.02e-07	0.00e+00	0.00e+00	0.00e+00	0.00e+00	8.12e-02	1.64e-05	1.90e-05
 1.35964e+16	8.09e-02	8.63e-01	5.56e-02	1.17e-04	5.05e-07	0.00e+00	0.00e+00	0.00e+00	0.00e+00	8.08e-02	1.63e-05	1.89e-05
 5.54317e+16	8.06e-02	8.63e-01	5.62e-02	1.17e-04	5.06e-07	0.00e+00	0.00e+00	0.00e+00	0.00e+00	8.06e-02	1.62e-05	1.88e-05
 1.32408e+17	7.77e-02	8.63e-01	5.92e-02	1.24e-04	5.34e-07	0.00e+00	0.00e+00	0.00e+00	0.00e+00	7.77e-02	1.56e-05	1.81e-05
 2.32478e+17	7.73e-02	8.63e-01	5.98e-02	1.23e-04	5.31e-07	0.00e+00	0.00e+00	0.00e+00	0.00e+00	7.72e-02	1.55e-05	1.80e-05
 3.62569e+17	7.88e-02	8.63e-01	5.85e-02	1.14e-04	5.05e-07	0.00e+00	0.00e+00	0.00e+00	0.00e+00	7.88e-02	1.57e-05	1.83e-05
 5.31687e+17	8.29e-02	8.62e-01	5.50e-02	9.75e-05	4.53e-07	0.00e+00	0.00e+00	0.00e+00	0.00e+00	8.29e-02	1.65e-05	1.91e-05
 7.30695e+17	8.95e-02	8.61e-01	4.99e-02	7.83e-05	3.89e-07	0.00e+00	0.00e+00	0.00e+00	0.00e+00	8.94e-02	1.77e-05	2.05e-05
 9.32612e+17	9.90e-02	8.57e-01	4.38e-02	5.95e-05	3.21e-07	0.00e+00	0.00e+00	0.00e+00	0.00e+00	9.90e-02	1.95e-05	2.26e-05
 1.14305e+18	1.13e-01	8.51e-01	3.68e-02	4.20e-05	2.52e-07	0.00e+00	0.00e+00	0.00e+00	0.00e+00	1.12e-01	2.20e-05	2.55e-05
 1.38252e+18	1.33e-01	8.38e-01	2.91e-02	2.68e-05	1.84e-07	0.00e+00	0.00e+00	0.00e+00	0.00e+00	1.33e-01	2.57e-05	2.97e-05
 1.61956e+18	1.59e-01	8.19e-01	2.23e-02	1.64e-05	1.30e-07	0.00e+00	0.00e+00	0.00e+00	0.00e+00	1.59e-01	3.03e-05	3.51e-05
 1.81346e+18	1.87e-01	7.96e-01	1.74e-02	1.05e-05	0.00e+00	0.00e+00	0.00e+00	0.00e+00	0.00e+00	1.87e-01	3.50e-05	4.04e-05
 1.96986e+18	2.14e-01	7.72e-01	1.39e-02	7.12e-06	0.00e+00	0.00e+00	0.00e+00	0.00e+00	0.00e+00	2.14e-01	3.94e-05	4.54e-05
 2.13524e+18	2.48e-01	7.41e-01	1.08e-02	4.64e-06	0.00e+00	0.00e+00	0.00e+00	0.00e+00	0.00e+00	2.48e-01	4.44e-05	5.11e-05
 2.31575e+18	2.90e-01	7.02e-01	8.11e-03	2.90e-06	0.00e+00	0.00e+00	0.00e+00	0.00e+00	0.00e+00	2.90e-01	5.00e-05	5.76e-05
 2.47900e+18	3.33e-01	6.61e-01	6.16e-03	1.89e-06	0.00e+00	0.00e+00	0.00e+00	0.00e+00	0.00e+00	3.33e-01	5.51e-05	6.33e-05
 2.61626e+18	3.71e-01	6.24e-01	4.86e-03	1.33e-06	0.00e+00	0.00e+00	0.00e+00	0.00e+00	0.00e+00	3.71e-01	5.90e-05	6.78e-05
 2.72860e+18	4.04e-01	5.92e-01	4.00e-03	1.00e-06	0.00e+00	0.00e+00	0.00e+00	0.00e+00	0.00e+00	4.04e-01	6.18e-05	7.10e-05
 2.82713e+18	4.33e-01	5.63e-01	3.36e-03	7.87e-07	0.00e+00	0.00e+00	0.00e+00	0.00e+00	0.00e+00	4.33e-01	6.40e-05	7.34e-05
 2.92115e+18	4.61e-01	5.36e-01	2.85e-03	6.28e-07	0.00e+00	0.00e+00	0.00e+00	0.00e+00	0.00e+00	4.61e-01	6.57e-05	7.53e-05
 3.01346e+18	4.88e-01	5.09e-01	2.42e-03	5.08e-07	0.00e+00	0.00e+00	0.00e+00	0.00e+00	0.00e+00	4.88e-01	6.70e-05	7.68e-05
 3.10253e+18	5.14e-01	4.84e-01	2.07e-03	4.17e-07	0.00e+00	0.00e+00	0.00e+00	0.00e+00	0.00e+00	5.14e-01	6.80e-05	7.79e-05
 3.18753e+18	5.38e-01	4.60e-01	1.78e-03	3.47e-07	0.00e+00	0.00e+00	0.00e+00	0.00e+00	0.00e+00	5.38e-01	6.86e-05	7.86e-05
 3.27117e+18	5.61e-01	4.37e-01	1.54e-03	2.92e-07	0.00e+00	0.00e+00	0.00e+00	0.00e+00	0.00e+00	5.61e-01	6.89e-05	7.89e-05
 3.35370e+18	5.83e-01	4.16e-01	1.34e-03	2.49e-07	0.00e+00	0.00e+00	0.00e+00	0.00e+00	0.00e+00	5.82e-01	6.90e-05	7.90e-05
 3.41835e+18	5.98e-01	4.01e-01	1.21e-03	2.22e-07	0.00e+00	0.00e+00	0.00e+00	0.00e+00	0.00e+00	5.97e-01	6.90e-05	7.89e-05
 3.46283e+18	6.08e-01	3.91e-01	1.12e-03	2.05e-07	0.00e+00	0.00e+00	0.00e+00	0.00e+00	0.00e+00	6.08e-01	6.89e-05	7.88e-05
 3.50612e+18	6.19e-01	3.80e-01	1.04e-03	1.89e-07	0.00e+00	0.00e+00	0.00e+00	0.00e+00	0.00e+00	6.19e-01	6.87e-05	7.86e-05
 3.55541e+18	6.30e-01	3.69e-01	9.60e-04	1.74e-07	0.00e+00	0.00e+00	0.00e+00	0.00e+00	0.00e+00	6.30e-01	6.85e-05	7.83e-05
 3.61010e+18	6.43e-01	3.56e-01	8.76e-04	1.58e-07	0.00e+00	0.00e+00	0.00e+00	0.00e+00	0.00e+00	6.43e-01	6.82e-05	7.79e-05
 3.66537e+18	6.54e-01	3.45e-01	8.02e-04	1.45e-07	0.00e+00	0.00e+00	0.00e+00	0.00e+00	0.00e+00	6.54e-01	6.78e-05	7.75e-05
 3.72001e+18	6.66e-01	3.34e-01	7.34e-04	1.33e-07	0.00e+00	0.00e+00	0.00e+00	0.00e+00	0.00e+00	6.65e-01	6.74e-05	7.69e-05
 3.77595e+18	6.77e-01	3.23e-01	6.71e-04	1.22e-07	0.00e+00	0.00e+00	0.00e+00	0.00e+00	0.00e+00	6.77e-01	6.69e-05	7.64e-05
 3.83261e+18	6.88e-01	3.12e-01	6.13e-04	0.00e+00	0.00e+00	0.00e+00	0.00e+00	0.00e+00	0.00e+00	6.87e-01	6.64e-05	7.57e-05
 3.89073e+18	6.98e-01	3.01e-01	5.60e-04	0.00e+00	0.00e+00	0.00e+00	0.00e+00	0.00e+00	0.00e+00	6.98e-01	6.58e-05	7.50e-05
 3.95096e+18	7.09e-01	2.91e-01	5.10e-04	0.00e+00	0.00e+00	0.00e+00	0.00e+00	0.00e+00	0.00e+00	7.08e-01	6.52e-05	7.43e-05
 4.01296e+18	7.19e-01	2.81e-01	4.64e-04	0.00e+00	0.00e+00	0.00e+00	0.00e+00	0.00e+00	0.00e+00	7.19e-01	6.45e-05	7.35e-05
 4.07674e+18	7.29e-01	2.71e-01	4.21e-04	0.00e+00	0.00e+00	0.00e+00	0.00e+00	0.00e+00	0.00e+00	7.29e-01	6.38e-05	7.27e-05
 4.14175e+18	7.39e-01	2.61e-01	3.82e-04	0.00e+00	0.00e+00	0.00e+00	0.00e+00	0.00e+00	0.00e+00	7.39e-01	6.30e-05	7.18e-05
 4.20817e+18	7.48e-01	2.51e-01	3.46e-04	0.00e+00	0.00e+00	0.00e+00	0.00e+00	0.00e+00	0.00e+00	7.48e-01	6.23e-05	7.09e-05
 4.27699e+18	7.58e-01	2.42e-01	3.13e-04	0.00e+00	0.00e+00	0.00e+00	0.00e+00	0.00e+00	0.00e+00	7.57e-01	6.15e-05	7.00e-05
 4.34798e+18	7.67e-01	2.33e-01	2.83e-04	0.00e+00	0.00e+00	0.00e+00	0.00e+00	0.00e+00	0.00e+00	7.66e-01	6.07e-05	6.90e-05
 4.42091e+18	7.76e-01	2.24e-01	2.55e-04	0.00e+00	0.00e+00	0.00e+00	0.00e+00	0.00e+00	0.00e+00	7.75e-01	5.98e-05	6.80e-05
 4.49539e+18	7.84e-01	2.16e-01	2.29e-04	0.00e+00	0.00e+00	0.00e+00	0.00e+00	0.00e+00	0.00e+00	7.84e-01	5.90e-05	6.70e-05
 4.57184e+18	7.92e-01	2.07e-01	2.06e-04	0.00e+00	0.00e+00	0.00e+00	0.00e+00	0.00e+00	0.00e+00	7.92e-01	5.81e-05	6.60e-05
 4.65096e+18	8.01e-01	1.99e-01	1.85e-04	0.00e+00	0.00e+00	0.00e+00	0.00e+00	0.00e+00	0.00e+00	8.00e-01	5.72e-05	6.50e-05
 4.73239e+18	8.09e-01	1.91e-01	1.66e-04	0.00e+00	0.00e+00	0.00e+00	0.00e+00	0.00e+00	0.00e+00	8.08e-01	5.63e-05	6.39e-05
 4.81551e+18	8.16e-01	1.84e-01	1.49e-04	0.00e+00	0.00e+00	0.00e+00	0.00e+00	0.00e+00	0.00e+00	8.16e-01	5.54e-05	6.29e-05
 4.90061e+18	8.23e-01	1.76e-01	1.33e-04	0.00e+00	0.00e+00	0.00e+00	0.00e+00	0.00e+00	0.00e+00	8.23e-01	5.45e-05	6.18e-05
 4.98855e+18	8.31e-01	1.69e-01	1.19e-04	0.00e+00	0.00e+00	0.00e+00	0.00e+00	0.00e+00	0.00e+00	8.31e-01	5.36e-05	6.08e-05
 5.07916e+18	8.38e-01	1.62e-01	1.06e-04	0.00e+00	0.00e+00	0.00e+00	0.00e+00	0.00e+00	0.00e+00	8.37e-01	5.27e-05	5.97e-05
 5.17199e+18	8.44e-01	1.56e-01	9.42e-05	0.00e+00	0.00e+00	0.00e+00	0.00e+00	0.00e+00	0.00e+00	8.44e-01	5.18e-05	5.87e-05
 5.26680e+18	8.51e-01	1.49e-01	8.39e-05	0.00e+00	0.00e+00	0.00e+00	0.00e+00	0.00e+00	0.00e+00	8.51e-01	5.10e-05	5.76e-05
 5.36447e+18	8.57e-01	1.43e-01	7.46e-05	0.00e+00	0.00e+00	0.00e+00	0.00e+00	0.00e+00	0.00e+00	8.57e-01	5.01e-05	5.66e-05
 5.46559e+18	8.63e-01	1.37e-01	6.63e-05	0.00e+00	0.00e+00	0.00e+00	0.00e+00	0.00e+00	0.00e+00	8.63e-01	4.92e-05	5.56e-05
 5.56922e+18	8.69e-01	1.31e-01	5.89e-05	0.00e+00	0.00e+00	0.00e+00	0.00e+00	0.00e+00	0.00e+00	8.69e-01	4.84e-05	5.46e-05
 5.67428e+18	8.74e-01	1.26e-01	5.24e-05	0.00e+00	0.00e+00	0.00e+00	0.00e+00	0.00e+00	0.00e+00	8.74e-01	4.75e-05	5.36e-05
 5.78080e+18	8.80e-01	1.20e-01	4.67e-05	0.00e+00	0.00e+00	0.00e+00	0.00e+00	0.00e+00	0.00e+00	8.79e-01	4.67e-05	5.27e-05
 5.88907e+18	8.85e-01	1.15e-01	4.16e-05	0.00e+00	0.00e+00	0.00e+00	0.00e+00	0.00e+00	0.00e+00	8.84e-01	4.60e-05	5.18e-05
 5.99990e+18	8.89e-01	1.11e-01	3.71e-05	0.00e+00	0.00e+00	0.00e+00	0.00e+00	0.00e+00	0.00e+00	8.89e-01	4.52e-05	5.09e-05
 6.11317e+18	8.94e-01	1.06e-01	3.32e-05	0.00e+00	0.00e+00	0.00e+00	0.00e+00	0.00e+00	0.00e+00	8.94e-01	4.45e-05	5.01e-05
 6.22826e+18	8.98e-01	1.02e-01	2.97e-05	0.00e+00	0.00e+00	0.00e+00	0.00e+00	0.00e+00	0.00e+00	8.98e-01	4.38e-05	4.92e-05
 6.34688e+18	9.02e-01	9.79e-02	2.66e-05	0.00e+00	0.00e+00	0.00e+00	0.00e+00	0.00e+00	0.00e+00	9.02e-01	4.31e-05	4.84e-05
 6.46934e+18	9.06e-01	9.40e-02	2.39e-05	0.00e+00	0.00e+00	0.00e+00	0.00e+00	0.00e+00	0.00e+00	9.06e-01	4.24e-05	4.77e-05
 6.59483e+18	9.10e-01	9.03e-02	2.15e-05	0.00e+00	0.00e+00	0.00e+00	0.00e+00	0.00e+00	0.00e+00	9.10e-01	4.18e-05	4.69e-05
 6.72380e+18	9.13e-01	8.68e-02	1.93e-05	0.00e+00	0.00e+00	0.00e+00	0.00e+00	0.00e+00	0.00e+00	9.13e-01	4.12e-05	4.62e-05
 6.85717e+18	9.17e-01	8.35e-02	1.74e-05	0.00e+00	0.00e+00	0.00e+00	0.00e+00	0.00e+00	0.00e+00	9.16e-01	4.06e-05	4.55e-05
 6.99537e+18	9.20e-01	8.03e-02	1.58e-05	0.00e+00	0.00e+00	0.00e+00	0.00e+00	0.00e+00	0.00e+00	9.20e-01	4.00e-05	4.48e-05
 7.13863e+18	9.23e-01	7.72e-02	1.43e-05	0.00e+00	0.00e+00	0.00e+00	0.00e+00	0.00e+00	0.00e+00	9.23e-01	3.95e-05	4.42e-05
 7.28756e+18	9.26e-01	7.44e-02	1.29e-05	0.00e+00	0.00e+00	0.00e+00	0.00e+00	0.00e+00	0.00e+00	9.26e-01	3.89e-05	4.36e-05
 7.44311e+18	9.28e-01	7.16e-02	1.18e-05	0.00e+00	0.00e+00	0.00e+00	0.00e+00	0.00e+00	0.00e+00	9.28e-01	3.84e-05	4.30e-05
 7.60623e+18	9.31e-01	6.90e-02	1.07e-05	0.00e+00	0.00e+00	0.00e+00	0.00e+00	0.00e+00	0.00e+00	9.31e-01	3.79e-05	4.23e-05
 7.77761e+18	9.34e-01	6.65e-02	9.76e-06	0.00e+00	0.00e+00	0.00e+00	0.00e+00	0.00e+00	0.00e+00	9.33e-01	3.74e-05	4.16e-05
 7.95793e+18	9.36e-01	6.41e-02	8.92e-06	0.00e+00	0.00e+00	0.00e+00	0.00e+00	0.00e+00	0.00e+00	9.36e-01	3.69e-05	4.10e-05
 8.14730e+18	9.38e-01	6.19e-02	8.18e-06	0.00e+00	0.00e+00	0.00e+00	0.00e+00	0.00e+00	0.00e+00	9.38e-01	3.64e-05	4.03e-05
 8.34735e+18	9.40e-01	5.97e-02	7.51e-06	0.00e+00	0.00e+00	0.00e+00	0.00e+00	0.00e+00	0.00e+00	9.40e-01	3.60e-05	3.97e-05
 8.56069e+18	9.42e-01	5.76e-02	6.91e-06	0.00e+00	0.00e+00	0.00e+00	0.00e+00	0.00e+00	0.00e+00	9.42e-01	3.55e-05	3.91e-05
 8.78824e+18	9.44e-01	5.56e-02	6.38e-06	0.00e+00	0.00e+00	0.00e+00	0.00e+00	0.00e+00	0.00e+00	9.44e-01	3.50e-05	3.85e-05
 9.03077e+18	9.46e-01	5.37e-02	5.89e-06	0.00e+00	0.00e+00	0.00e+00	0.00e+00	0.00e+00	0.00e+00	9.46e-01	3.46e-05	3.79e-05
 9.28965e+18	9.48e-01	5.18e-02	5.46e-06	0.00e+00	0.00e+00	0.00e+00	0.00e+00	0.00e+00	0.00e+00	9.48e-01	3.42e-05	3.73e-05
 9.56614e+18	9.50e-01	5.01e-02	5.07e-06	0.00e+00	0.00e+00	0.00e+00	0.00e+00	0.00e+00	0.00e+00	9.50e-01	3.38e-05	3.67e-05
 9.86158e+18	9.52e-01	4.83e-02	4.72e-06	0.00e+00	0.00e+00	0.00e+00	0.00e+00	0.00e+00	0.00e+00	9.52e-01	3.33e-05	3.62e-05
 1.01771e+19	9.53e-01	4.67e-02	4.41e-06	0.00e+00	0.00e+00	0.00e+00	0.00e+00	0.00e+00	0.00e+00	9.53e-01	3.29e-05	3.56e-05
 1.05121e+19	9.55e-01	4.51e-02	4.12e-06	0.00e+00	0.00e+00	0.00e+00	0.00e+00	0.00e+00	0.00e+00	9.55e-01	3.25e-05	3.51e-05
 1.08711e+19	9.57e-01	4.35e-02	3.86e-06	0.00e+00	0.00e+00	0.00e+00	0.00e+00	0.00e+00	0.00e+00	9.56e-01	3.22e-05	3.45e-05
 1.12538e+19	9.58e-01	4.20e-02	3.63e-06	0.00e+00	0.00e+00	0.00e+00	0.00e+00	0.00e+00	0.00e+00	9.58e-01	3.18e-05	3.40e-05
 1.16481e+19	9.59e-01	4.05e-02	3.43e-06	0.00e+00	0.00e+00	0.00e+00	0.00e+00	0.00e+00	0.00e+00	9.59e-01	3.14e-05	3.35e-05
 1.20384e+19	9.61e-01	3.92e-02	3.26e-06	0.00e+00	0.00e+00	0.00e+00	0.00e+00	0.00e+00	0.00e+00	9.61e-01	3.11e-05	3.30e-05
 1.24157e+19	9.62e-01	3.80e-02	3.12e-06	0.00e+00	0.00e+00	0.00e+00	0.00e+00	0.00e+00	0.00e+00	9.62e-01	3.07e-05	3.26e-05
 1.27817e+19	9.63e-01	3.69e-02	2.99e-06	0.00e+00	0.00e+00	0.00e+00	0.00e+00	0.00e+00	0.00e+00	9.63e-01	3.04e-05	3.22e-05
 1.31382e+19	9.64e-01	3.58e-02	2.89e-06	0.00e+00	0.00e+00	0.00e+00	0.00e+00	0.00e+00	0.00e+00	9.64e-01	3.02e-05	3.18e-05
 1.34851e+19	9.65e-01	3.49e-02	2.80e-06	0.00e+00	0.00e+00	0.00e+00	0.00e+00	0.00e+00	0.00e+00	9.65e-01	2.99e-05	3.14e-05
 1.38196e+19	9.66e-01	3.40e-02	2.72e-06	0.00e+00	0.00e+00	0.00e+00	0.00e+00	0.00e+00	0.00e+00	9.66e-01	2.96e-05	3.11e-05
 1.41380e+19	9.67e-01	3.31e-02	2.65e-06	0.00e+00	0.00e+00	0.00e+00	0.00e+00	0.00e+00	0.00e+00	9.67e-01	2.93e-05	3.07e-05
 1.44387e+19	9.68e-01	3.23e-02	2.60e-06	0.00e+00	0.00e+00	0.00e+00	0.00e+00	0.00e+00	0.00e+00	9.68e-01	2.91e-05	3.04e-05
 1.47203e+19	9.68e-01	3.16e-02	2.55e-06	0.00e+00	0.00e+00	0.00e+00	0.00e+00	0.00e+00	0.00e+00	9.68e-01	2.89e-05	3.01e-05
 1.49871e+19	9.69e-01	3.09e-02	2.51e-06	0.00e+00	0.00e+00	0.00e+00	0.00e+00	0.00e+00	0.00e+00	9.69e-01	2.86e-05	2.98e-05
 1.52411e+19	9.70e-01	3.02e-02	2.47e-06	0.00e+00	0.00e+00	0.00e+00	0.00e+00	0.00e+00	0.00e+00	9.70e-01	2.84e-05	2.95e-05
