#depth	O	O+	O+2	O+3	O+4	O+5	O+6	O+7	O+8	O[1]	O[2]	O[3]
 1.21285e+16	1.10e-01	8.30e-01	5.96e-02	2.48e-04	2.52e-06	0.00e+00	0.00e+00	0.00e+00	0.00e+00	1.10e-01	1.14e-06	8.31e-07
 7.27713e+16	1.09e-01	8.30e-01	6.00e-02	2.50e-04	2.55e-06	0.00e+00	0.00e+00	0.00e+00	0.00e+00	1.09e-01	1.13e-06	8.27e-07
 3.15342e+17	1.09e-01	8.30e-01	6.04e-02	2.52e-04	2.57e-06	0.00e+00	0.00e+00	0.00e+00	0.00e+00	1.09e-01	1.13e-06	8.23e-07
 1.28563e+18	1.08e-01	8.30e-01	6.14e-02	2.56e-04	2.61e-06	0.00e+00	0.00e+00	0.00e+00	0.00e+00	1.08e-01	1.12e-06	8.17e-07
 3.07095e+18	1.02e-01	8.31e-01	6.71e-02	2.90e-04	2.93e-06	0.00e+00	0.00e+00	0.00e+00	0.00e+00	1.02e-01	1.06e-06	7.73e-07
 5.39187e+18	9.94e-02	8.31e-01	6.98e-02	3.03e-04	3.06e-06	0.00e+00	0.00e+00	0.00e+00	0.00e+00	9.94e-02	1.03e-06	7.51e-07
 8.40906e+18	9.89e-02	8.30e-01	7.06e-02	3.01e-04	3.04e-06	0.00e+00	0.00e+00	0.00e+00	0.00e+00	9.89e-02	1.02e-06	7.47e-07
 1.23314e+19	1.01e-01	8.29e-01	6.93e-02	2.82e-04	2.87e-06	0.00e+00	0.00e+00	0.00e+00	0.00e+00	1.01e-01	1.04e-06	7.60e-07
 1.71712e+19	1.06e-01	8.28e-01	6.57e-02	2.48e-04	2.56e-06	0.00e+00	0.00e+00	0.00e+00	0.00e+00	1.06e-01	1.08e-06	7.94e-07
 2.26799e+19	1.14e-01	8.26e-01	6.00e-02	2.03e-04	2.16e-06	0.00e+00	0.00e+00	0.00e+00	0.00e+00	1.14e-01	1.16e-06	8.51e-07
 2.91221e+19	1.28e-01	8.20e-01	5.17e-02	1.51e-04	1.67e-06	0.00e+00	0.00e+00	0.00e+00	0.00e+00	1.28e-01	1.30e-06	9.47e-07
 3.68265e+19	1.50e-01	8.08e-01	4.17e-02	9.98e-05	1.17e-06	0.00e+00	0.00e+00	0.00e+00	0.00e+00	1.50e-01	1.50e-06	1.09e-06
 4.48115e+19	1.79e-01	7.89e-01	3.22e-02	6.21e-05	7.85e-07	0.00e+00	0.00e+00	0.00e+00	0.00e+00	1.79e-01	1.76e-06	1.28e-06
 5.17105e+19	2.10e-01	7.65e-01	2.51e-02	3.97e-05	5.37e-07	0.00e+00	0.00e+00	0.00e+00	0.00e+00	2.10e-01	2.02e-06	1.47e-06
 5.74120e+19	2.40e-01	7.40e-01	2.01e-02	2.70e-05	3.87e-07	0.00e+00	0.00e+00	0.00e+00	0.00e+00	2.40e-01	2.25e-06	1.63e-06
 6.34828e+19	2.76e-01	7.09e-01	1.57e-02	1.78e-05	2.71e-07	0.00e+00	0.00e+00	0.00e+00	0.00e+00	2.76e-01	2.50e-06	1.81e-06
 7.04985e+19	3.19e-01	6.69e-01	1.18e-02	1.12e-05	1.82e-07	0.00e+00	0.00e+00	0.00e+00	0.00e+00	3.19e-01	2.78e-06	2.01e-06
 7.70339e+19	3.61e-01	6.30e-01	9.02e-03	7.39e-06	1.27e-07	0.00e+00	0.00e+00	0.00e+00	0.00e+00	3.61e-01	3.01e-06	2.17e-06
 8.23385e+19	3.95e-01	5.98e-01	7.30e-03	5.37e-06	0.00e+00	0.00e+00	0.00e+00	0.00e+00	0.00e+00	3.95e-01	3.16e-06	2.28e-06
 8.68495e+19	4.24e-01	5.70e-01	6.10e-03	4.14e-06	0.00e+00	0.00e+00	0.00e+00	0.00e+00	0.00e+00	4.24e-01	3.28e-06	2.36e-06
 9.12578e+19	4.51e-01	5.44e-01	5.13e-03	3.23e-06	0.00e+00	0.00e+00	0.00e+00	0.00e+00	0.00e+00	4.51e-01	3.37e-06	2.43e-06
 9.58072e+19	4.78e-01	5.17e-01	4.30e-03	2.54e-06	0.00e+00	0.00e+00	0.00e+00	0.00e+00	0.00e+00	4.78e-01	3.44e-06	2.48e-06
 1.00381e+20	5.05e-01	4.92e-01	3.62e-03	2.02e-06	0.00e+00	0.00e+00	0.00e+00	0.00e+00	0.00e+00	5.05e-01	3.50e-06	2.52e-06
 1.04847e+20	5.29e-01	4.68e-01	3.07e-03	1.63e-06	0.00e+00	0.00e+00	0.00e+00	0.00e+00	0.00e+00	5.29e-01	3.53e-06	2.54e-06
 1.09263e+20	5.52e-01	4.45e-01	2.62e-03	1.34e-06	0.00e+00	0.00e+00	0.00e+00	0.00e+00	0.00e+00	5.52e-01	3.55e-06	2.55e-06
 1.13683e+20	5.73e-01	4.24e-01	2.24e-03	1.11e-06	0.00e+00	0.00e+00	0.00e+00	0.00e+00	0.00e+00	5.73e-01	3.56e-06	2.56e-06
 1.18074e+20	5.93e-01	4.05e-01	1.93e-03	9.35e-07	0.00e+00	0.00e+00	0.00e+00	0.00e+00	0.00e+00	5.93e-01	3.56e-06	2.56e-06
 1.21675e+20	6.08e-01	3.91e-01	1.72e-03	8.23e-07	0.00e+00	0.00e+00	0.00e+00	0.00e+00	0.00e+00	6.08e-01	3.55e-06	2.55e-06
 1.24300e+20	6.18e-01	3.80e-01	1.58e-03	7.50e-07	0.00e+00	0.00e+00	0.00e+00	0.00e+00	0.00e+00	6.18e-01	3.54e-06	2.54e-06
 1.26927e+20	6.29e-01	3.69e-01	1.44e-03	6.82e-07	0.00e+00	0.00e+00	0.00e+00	0.00e+00	0.00e+00	6.29e-01	3.53e-06	2.53e-06
 1.29880e+20	6.40e-01	3.59e-01	1.31e-03	6.19e-07	0.00e+00	0.00e+00	0.00e+00	0.00e+00	0.00e+00	6.40e-01	3.52e-06	2.52e-06
 1.33162e+20	6.52e-01	3.47e-01	1.18e-03	5.56e-07	0.00e+00	0.00e+00	0.00e+00	0.00e+00	0.00e+00	6.52e-01	3.50e-06	2.51e-06
 1.36595e+20	6.64e-01	3.35e-01	1.06e-03	5.00e-07	0.00e+00	0.00e+00	0.00e+00	0.00e+00	0.00e+00	6.64e-01	3.48e-06	2.49e-06
 1.39953e+20	6.75e-01	3.24e-01	9.55e-04	4.54e-07	0.00e+00	0.00e+00	0.00e+00	0.00e+00	0.00e+00	6.75e-01	3.45e-06	2.47e-06
 1.43370e+20	6.85e-01	3.14e-01	8.61e-04	4.13e-07	0.00e+00	0.00e+00	0.00e+00	0.00e+00	0.00e+00	6.85e-01	3.43e-06	2.45e-06
 1.47007e+20	6.96e-01	3.03e-01	7.72e-04	3.75e-07	0.00e+00	0.00e+00	0.00e+00	0.00e+00	0.00e+00	6.96e-01	3.39e-06	2.43e-06
 1.50781e+20	7.06e-01	2.93e-01	6.92e-04	3.42e-07	0.00e+00	0.00e+00	0.00e+00	0.00e+00	0.00e+00	7.06e-01	3.36e-06	2.41e-06
 1.54673e+20	7.17e-01	2.82e-01	6.18e-04	3.11e-07	0.00e+00	0.00e+00	0.00e+00	0.00e+00	0.00e+00	7.17e-01	3.33e-06	2.38e-06
 1.58681e+20	7.26e-01	2.73e-01	5.53e-04	2.85e-07	0.00e+00	0.00e+00	0.00e+00	0.00e+00	0.00e+00	7.26e-01	3.29e-06	2.35e-06
 1.62859e+20	7.36e-01	2.63e-01	4.92e-04	2.61e-07	0.00e+00	0.00e+00	0.00e+00	0.00e+00	0.00e+00	7.36e-01	3.26e-06	2.32e-06
 1.67237e+20	7.46e-01	2.53e-01	4.38e-04	2.39e-07	0.00e+00	0.00e+00	0.00e+00	0.00e+00	0.00e+00	7.46e-01	3.22e-06	2.29e-06
 1.71687e+20	7.55e-01	2.44e-01	3.90e-04	2.20e-07	0.00e+00	0.00e+00	0.00e+00	0.00e+00	0.00e+00	7.55e-01	3.18e-06	2.27e-06
 1.76297e+20	7.64e-01	2.36e-01	3.47e-04	2.03e-07	0.00e+00	0.00e+00	0.00e+00	0.00e+00	0.00e+00	7.64e-01	3.14e-06	2.23e-06
 1.81177e+20	7.73e-01	2.27e-01	3.07e-04	1.88e-07	0.00e+00	0.00e+00	0.00e+00	0.00e+00	0.00e+00	7.73e-01	3.09e-06	2.20e-06
 1.86249e+20	7.81e-01	2.18e-01	2.73e-04	1.74e-07	0.00e+00	0.00e+00	0.00e+00	0.00e+00	0.00e+00	7.81e-01	3.05e-06	2.17e-06
 1.91550e+20	7.90e-01	2.10e-01	2.41e-04	1.61e-07	0.00e+00	0.00e+00	0.00e+00	0.00e+00	0.00e+00	7.90e-01	3.00e-06	2.14e-06
 1.97082e+20	7.98e-01	2.02e-01	2.14e-04	1.50e-07	0.00e+00	0.00e+00	0.00e+00	0.00e+00	0.00e+00	7.98e-01	2.96e-06	2.11e-06
 2.02928e+20	8.06e-01	1.94e-01	1.89e-04	1.40e-07	0.00e+00	0.00e+00	0.00e+00	0.00e+00	0.00e+00	8.06e-01	2.92e-06	2.07e-06
 2.09152e+20	8.13e-01	1.87e-01	1.66e-04	1.30e-07	0.00e+00	0.00e+00	0.00e+00	0.00e+00	0.00e+00	8.13e-01	2.87e-06	2.04e-06
 2.15621e+20	8.20e-01	1.80e-01	1.47e-04	1.22e-07	0.00e+00	0.00e+00	0.00e+00	0.00e+00	0.00e+00	8.20e-01	2.83e-06	2.01e-06
 2.22485e+20	8.27e-01	1.73e-01	1.30e-04	0.00e+00	0.00e+00	0.00e+00	0.00e+00	0.00e+00	0.00e+00	8.27e-01	2.78e-06	1.97e-06
 2.29839e+20	8.34e-01	1.66e-01	1.15e-04	0.00e+00	0.00e+00	0.00e+00	0.00e+00	0.00e+00	0.00e+00	8.34e-01	2.74e-06	1.94e-06
 2.37617e+20	8.40e-01	1.60e-01	1.02e-04	0.00e+00	0.00e+00	0.00e+00	0.00e+00	0.00e+00	0.00e+00	8.40e-01	2.70e-06	1.91e-06
 2.45832e+20	8.46e-01	1.54e-01	9.04e-05	0.00e+00	0.00e+00	0.00e+00	0.00e+00	0.00e+00	0.00e+00	8.46e-01	2.66e-06	1.88e-06
 2.54551e+20	8.52e-01	1.48e-01	8.04e-05	0.00e+00	0.00e+00	0.00e+00	0.00e+00	0.00e+00	0.00e+00	8.52e-01	2.62e-06	1.85e-06
 2.63871e+20	8.57e-01	1.43e-01	7.17e-05	0.00e+00	0.00e+00	0.00e+00	0.00e+00	0.00e+00	0.00e+00	8.57e-01	2.58e-06	1.82e-06
 2.73917e+20	8.62e-01	1.38e-01	6.41e-05	0.00e+00	0.00e+00	0.00e+00	0.00e+00	0.00e+00	0.00e+00	8.62e-01	2.54e-06	1.79e-06
 2.84785e+20	8.67e-01	1.33e-01	5.74e-05	0.00e+00	0.00e+00	0.00e+00	0.00e+00	0.00e+00	0.00e+00	8.67e-01	2.50e-06	1.76e-06
 2.96613e+20	8.71e-01	1.28e-01	5.14e-05	0.00e+00	0.00e+00	0.00e+00	0.00e+00	0.00e+00	0.00e+00	8.71e-01	2.47e-06	1.74e-06
 3.09541e+20	8.76e-01	1.24e-01	4.61e-05	0.00e+00	0.00e+00	0.00e+00	0.00e+00	0.00e+00	0.00e+00	8.76e-01	2.44e-06	1.71e-06
 3.23696e+20	8.80e-01	1.20e-01	4.15e-05	0.00e+00	0.00e+00	0.00e+00	0.00e+00	0.00e+00	0.00e+00	8.80e-01	2.40e-06	1.69e-06
 3.39228e+20	8.84e-01	1.16e-01	3.73e-05	0.00e+00	0.00e+00	0.00e+00	0.00e+00	0.00e+00	0.00e+00	8.84e-01	2.37e-06	1.66e-06
 3.56267e+20	8.88e-01	1.12e-01	3.36e-05	0.00e+00	0.00e+00	0.00e+00	0.00e+00	0.00e+00	0.00e+00	8.88e-01	2.34e-06	1.64e-06
 3.74940e+20	8.92e-01	1.08e-01	3.03e-05	0.00e+00	0.00e+00	0.00e+00	0.00e+00	0.00e+00	0.00e+00	8.92e-01	2.31e-06	1.61e-06
 3.95361e+20	8.95e-01	1.05e-01	2.74e-05	0.00e+00	0.00e+00	0.00e+00	0.00e+00	0.00e+00	0.00e+00	8.95e-01	2.28e-06	1.59e-06
 4.17620e+20	8.99e-01	1.01e-01	2.47e-05	0.00e+00	0.00e+00	0.00e+00	0.00e+00	0.00e+00	0.00e+00	8.99e-01	2.25e-06	1.57e-06
 4.41779e+20	9.02e-01	9.80e-02	2.24e-05	0.00e+00	0.00e+00	0.00e+00	0.00e+00	0.00e+00	0.00e+00	9.02e-01	2.22e-06	1.54e-06
 4.67875e+20	9.05e-01	9.48e-02	2.03e-05	0.00e+00	0.00e+00	0.00e+00	0.00e+00	0.00e+00	0.00e+00	9.05e-01	2.20e-06	1.52e-06
 4.95962e+20	9.08e-01	9.16e-02	1.84e-05	0.00e+00	0.00e+00	0.00e+00	0.00e+00	0.00e+00	0.00e+00	9.08e-01	2.17e-06	1.50e-06
 5.26119e+20	9.11e-01	8.86e-02	1.67e-05	0.00e+00	0.00e+00	0.00e+00	0.00e+00	0.00e+00	0.00e+00	9.11e-01	2.14e-06	1.48e-06
 5.58454e+20	9.14e-01	8.56e-02	1.52e-05	0.00e+00	0.00e+00	0.00e+00	0.00e+00	0.00e+00	0.00e+00	9.14e-01	2.12e-06	1.46e-06
 5.93138e+20	9.17e-01	8.27e-02	1.39e-05	0.00e+00	0.00e+00	0.00e+00	0.00e+00	0.00e+00	0.00e+00	9.17e-01	2.09e-06	1.44e-06
 6.30319e+20	9.20e-01	8.00e-02	1.27e-05	0.00e+00	0.00e+00	0.00e+00	0.00e+00	0.00e+00	0.00e+00	9.20e-01	2.07e-06	1.42e-06
 6.70096e+20	9.23e-01	7.73e-02	1.16e-05	0.00e+00	0.00e+00	0.00e+00	0.00e+00	0.00e+00	0.00e+00	9.23e-01	2.05e-06	1.40e-06
 7.12680e+20	9.25e-01	7.47e-02	1.07e-05	0.00e+00	0.00e+00	0.00e+00	0.00e+00	0.00e+00	0.00e+00	9.25e-01	2.03e-06	1.38e-06
 7.58367e+20	9.28e-01	7.23e-02	9.81e-06	0.00e+00	0.00e+00	0.00e+00	0.00e+00	0.00e+00	0.00e+00	9.28e-01	2.01e-06	1.36e-06
 8.07464e+20	9.30e-01	6.99e-02	9.06e-06	0.00e+00	0.00e+00	0.00e+00	0.00e+00	0.00e+00	0.00e+00	9.30e-01	1.99e-06	1.35e-06
 8.60312e+20	9.32e-01	6.76e-02	8.38e-06	0.00e+00	0.00e+00	0.00e+00	0.00e+00	0.00e+00	0.00e+00	9.32e-01	1.98e-06	1.33e-06
 9.17308e+20	9.35e-01	6.54e-02	7.76e-06	0.00e+00	0.00e+00	0.00e+00	0.00e+00	0.00e+00	0.00e+00	9.35e-01	1.96e-06	1.31e-06
 9.78906e+20	9.37e-01	6.32e-02	7.22e-06	0.00e+00	0.00e+00	0.00e+00	0.00e+00	0.00e+00	0.00e+00	9.37e-01	1.94e-06	1.29e-06
 1.04568e+21	9.39e-01	6.12e-02	6.72e-06	0.00e+00	0.00e+00	0.00e+00	0.00e+00	0.00e+00	0.00e+00	9.39e-01	1.93e-06	1.27e-06
 1.11835e+21	9.41e-01	5.92e-02	6.27e-06	0.00e+00	0.00e+00	0.00e+00	0.00e+00	0.00e+00	0.00e+00	9.41e-01	1.91e-06	1.25e-06
 1.19773e+21	9.43e-01	5.73e-02	5.87e-06	0.00e+00	0.00e+00	0.00e+00	0.00e+00	0.00e+00	0.00e+00	9.43e-01	1.90e-06	1.24e-06
 1.28478e+21	9.45e-01	5.55e-02	5.50e-06	0.00e+00	0.00e+00	0.00e+00	0.00e+00	0.00e+00	0.00e+00	9.45e-01	1.89e-06	1.22e-06
 1.38072e+21	9.46e-01	5.37e-02	5.16e-06	0.00e+00	0.00e+00	0.00e+00	0.00e+00	0.00e+00	0.00e+00	9.46e-01	1.88e-06	1.21e-06
 1.48700e+21	9.48e-01	5.21e-02	4.86e-06	0.00e+00	0.00e+00	0.00e+00	0.00e+00	0.00e+00	0.00e+00	9.48e-01	1.88e-06	1.19e-06
 1.60539e+21	9.50e-01	5.04e-02	4.57e-06	0.00e+00	0.00e+00	0.00e+00	0.00e+00	0.00e+00	0.00e+00	9.50e-01	1.87e-06	1.18e-06
 1.73831e+21	9.51e-01	4.89e-02	4.31e-06	0.00e+00	0.00e+00	0.00e+00	0.00e+00	0.00e+00	0.00e+00	9.51e-01	1.87e-06	1.17e-06
 1.88859e+21	9.53e-01	4.74e-02	4.06e-06	0.00e+00	0.00e+00	0.00e+00	0.00e+00	0.00e+00	0.00e+00	9.53e-01	1.87e-06	1.16e-06
 2.06001e+21	9.54e-01	4.60e-02	3.83e-06	0.00e+00	0.00e+00	0.00e+00	0.00e+00	0.00e+00	0.00e+00	9.54e-01	1.87e-06	1.14e-06
 2.25752e+21	9.55e-01	4.46e-02	3.60e-06	0.00e+00	0.00e+00	0.00e+00	0.00e+00	0.00e+00	0.00e+00	9.55e-01	1.88e-06	1.13e-06
 2.48163e+21	9.57e-01	4.34e-02	3.39e-06	0.00e+00	0.00e+00	0.00e+00	0.00e+00	0.00e+00	0.00e+00	9.57e-01	1.89e-06	1.12e-06
 2.72979e+21	9.58e-01	4.22e-02	3.19e-06	0.00e+00	0.00e+00	0.00e+00	0.00e+00	0.00e+00	0.00e+00	9.58e-01	1.90e-06	1.12e-06
 3.00277e+21	9.59e-01	4.12e-02	3.01e-06	0.00e+00	0.00e+00	0.00e+00	0.00e+00	0.00e+00	0.00e+00	9.59e-01	1.92e-06	1.11e-06
 3.30305e+21	9.60e-01	4.03e-02	2.84e-06	0.00e+00	0.00e+00	0.00e+00	0.00e+00	0.00e+00	0.00e+00	9.60e-01	1.94e-06	1.10e-06
 3.63335e+21	9.60e-01	3.95e-02	2.67e-06	0.00e+00	0.00e+00	0.00e+00	0.00e+00	0.00e+00	0.00e+00	9.60e-01	1.97e-06	1.10e-06
 3.99669e+21	9.61e-01	3.88e-02	2.51e-06	0.00e+00	0.00e+00	0.00e+00	0.00e+00	0.00e+00	0.00e+00	9.61e-01	2.00e-06	1.09e-06
 4.39636e+21	9.62e-01	3.82e-02	2.35e-06	0.00e+00	0.00e+00	0.00e+00	0.00e+00	0.00e+00	0.00e+00	9.62e-01	2.03e-06	1.09e-06
 4.81439e+21	9.62e-01	3.77e-02	2.20e-06	0.00e+00	0.00e+00	0.00e+00	0.00e+00	0.00e+00	0.00e+00	9.62e-01	2.06e-06	1.09e-06
 5.21755e+21	9.63e-01	3.73e-02	2.08e-06	0.00e+00	0.00e+00	0.00e+00	0.00e+00	0.00e+00	0.00e+00	9.63e-01	2.09e-06	1.09e-06
 5.59823e+21	9.63e-01	3.70e-02	1.97e-06	0.00e+00	0.00e+00	0.00e+00	0.00e+00	0.00e+00	0.00e+00	9.63e-01	2.12e-06	1.09e-06
 6.02653e+21	9.63e-01	3.68e-02	1.85e-06	0.00e+00	0.00e+00	0.00e+00	0.00e+00	0.00e+00	0.00e+00	9.63e-01	2.15e-06	1.08e-06
 6.49008e+21	9.64e-01	3.65e-02	1.74e-06	0.00e+00	0.00e+00	0.00e+00	0.00e+00	0.00e+00	0.00e+00	9.64e-01	2.19e-06	1.08e-06
 6.89467e+21	9.64e-01	3.63e-02	1.66e-06	0.00e+00	0.00e+00	0.00e+00	0.00e+00	0.00e+00	0.00e+00	9.64e-01	2.22e-06	1.08e-06
 7.25429e+21	9.64e-01	3.61e-02	1.58e-06	0.00e+00	0.00e+00	0.00e+00	0.00e+00	0.00e+00	0.00e+00	9.64e-01	2.24e-06	1.08e-06
 7.66023e+21	9.64e-01	3.60e-02	1.50e-06	0.00e+00	0.00e+00	0.00e+00	0.00e+00	0.00e+00	0.00e+00	9.64e-01	2.27e-06	1.08e-06
 8.18796e+21	9.64e-01	3.58e-02	1.41e-06	0.00e+00	0.00e+00	0.00e+00	0.00e+00	0.00e+00	0.00e+00	9.64e-01	2.29e-06	1.08e-06
 8.71923e+21	9.64e-01	3.56e-02	1.32e-06	0.00e+00	0.00e+00	0.00e+00	0.00e+00	0.00e+00	0.00e+00	9.64e-01	2.33e-06	1.08e-06
 9.13102e+21	9.64e-01	3.55e-02	1.26e-06	0.00e+00	0.00e+00	0.00e+00	0.00e+00	0.00e+00	0.00e+00	9.64e-01	2.35e-06	1.08e-06
 9.54227e+21	9.65e-01	3.55e-02	1.20e-06	0.00e+00	0.00e+00	0.00e+00	0.00e+00	0.00e+00	0.00e+00	9.65e-01	2.37e-06	1.08e-06
 1.00769e+22	9.65e-01	3.55e-02	1.13e-06	0.00e+00	0.00e+00	0.00e+00	0.00e+00	0.00e+00	0.00e+00	9.65e-01	2.39e-06	1.08e-06
 1.06604e+22	9.65e-01	3.53e-02	1.06e-06	0.00e+00	0.00e+00	0.00e+00	0.00e+00	0.00e+00	0.00e+00	9.65e-01	2.42e-06	1.08e-06
 1.11942e+22	9.65e-01	3.53e-02	9.98e-07	0.00e+00	0.00e+00	0.00e+00	0.00e+00	0.00e+00	0.00e+00	9.65e-01	2.44e-06	1.08e-06
 1.17751e+22	9.65e-01	3.53e-02	9.35e-07	0.00e+00	0.00e+00	0.00e+00	0.00e+00	0.00e+00	0.00e+00	9.65e-01	2.46e-06	1.08e-06
 1.25303e+22	9.65e-01	3.52e-02	8.61e-07	0.00e+00	0.00e+00	0.00e+00	0.00e+00	0.00e+00	0.00e+00	9.65e-01	2.48e-06	1.08e-06
 1.35120e+22	9.65e-01	3.51e-02	7.74e-07	0.00e+00	0.00e+00	0.00e+00	0.00e+00	0.00e+00	0.00e+00	9.65e-01	2.50e-06	1.07e-06
 1.47190e+22	9.65e-01	3.51e-02	6.83e-07	0.00e+00	0.00e+00	0.00e+00	0.00e+00	0.00e+00	0.00e+00	9.65e-01	2.52e-06	1.08e-06
 1.59615e+22	9.65e-01	3.51e-02	6.03e-07	0.00e+00	0.00e+00	0.00e+00	0.00e+00	0.00e+00	0.00e+00	9.65e-01	2.53e-06	1.08e-06
 1.71053e+22	9.65e-01	3.51e-02	5.40e-07	0.00e+00	0.00e+00	0.00e+00	0.00e+00	0.00e+00	0.00e+00	9.65e-01	2.53e-06	1.08e-06
 1.83186e+22	9.65e-01	3.51e-02	4.81e-07	0.00e+00	0.00e+00	0.00e+00	0.00e+00	0.00e+00	0.00e+00	9.65e-01	2.51e-06	1.08e-06
 1.95724e+22	9.65e-01	3.51e-02	4.30e-07	0.00e+00	0.00e+00	0.00e+00	0.00e+00	0.00e+00	0.00e+00	9.65e-01	2.48e-06	1.08e-06
 2.07008e+22	9.65e-01	3.52e-02	3.89e-07	0.00e+00	0.00e+00	0.00e+00	0.00e+00	0.00e+00	0.00e+00	9.65e-01	2.44e-06	1.08e-06
 2.17164e+22	9.65e-01	3.52e-02	3.57e-07	0.00e+00	0.00e+00	0.00e+00	0.00e+00	0.00e+00	0.00e+00	9.65e-01	2.40e-06	1.08e-06
 2.26305e+22	9.65e-01	3.52e-02	3.31e-07	0.00e+00	0.00e+00	0.00e+00	0.00e+00	0.00e+00	0.00e+00	9.65e-01	2.35e-06	1.08e-06
 2.34531e+22	9.65e-01	3.52e-02	3.10e-07	0.00e+00	0.00e+00	0.00e+00	0.00e+00	0.00e+00	0.00e+00	9.65e-01	2.30e-06	1.08e-06
 2.41935e+22	9.65e-01	3.52e-02	2.93e-07	0.00e+00	0.00e+00	0.00e+00	0.00e+00	0.00e+00	0.00e+00	9.65e-01	2.25e-06	1.08e-06
 2.48598e+22	9.65e-01	3.52e-02	2.78e-07	0.00e+00	0.00e+00	0.00e+00	0.00e+00	0.00e+00	0.00e+00	9.65e-01	2.20e-06	1.08e-06
 2.54595e+22	9.65e-01	3.52e-02	2.66e-07	0.00e+00	0.00e+00	0.00e+00	0.00e+00	0.00e+00	0.00e+00	9.65e-01	2.15e-06	1.08e-06
 2.59992e+22	9.65e-01	3.52e-02	2.55e-07	0.00e+00	0.00e+00	0.00e+00	0.00e+00	0.00e+00	0.00e+00	9.65e-01	2.11e-06	1.08e-06
 2.64850e+22	9.65e-01	3.52e-02	2.46e-07	0.00e+00	0.00e+00	0.00e+00	0.00e+00	0.00e+00	0.00e+00	9.65e-01	2.06e-06	1.08e-06
 2.69222e+22	9.65e-01	3.52e-02	2.39e-07	0.00e+00	0.00e+00	0.00e+00	0.00e+00	0.00e+00	0.00e+00	9.65e-01	2.02e-06	1.08e-06
 2.73156e+22	9.65e-01	3.52e-02	2.32e-07	0.00e+00	0.00e+00	0.00e+00	0.00e+00	0.00e+00	0.00e+00	9.65e-01	1.98e-06	1.08e-06
 2.76697e+22	9.65e-01	3.52e-02	2.27e-07	0.00e+00	0.00e+00	0.00e+00	0.00e+00	0.00e+00	0.00e+00	9.65e-01	1.95e-06	1.08e-06
 2.79918e+22	9.65e-01	3.52e-02	2.22e-07	0.00e+00	0.00e+00	0.00e+00	0.00e+00	0.00e+00	0.00e+00	9.65e-01	1.91e-06	1.08e-06
 2.83003e+22	9.65e-01	3.52e-02	2.17e-07	0.00e+00	0.00e+00	0.00e+00	0.00e+00	0.00e+00	0.00e+00	9.65e-01	1.88e-06	1.08e-06
 2.86089e+22	9.65e-01	3.52e-02	2.12e-07	0.00e+00	0.00e+00	0.00e+00	0.00e+00	0.00e+00	0.00e+00	9.65e-01	1.85e-06	1.08e-06
 2.89175e+22	9.65e-01	3.52e-02	2.08e-07	0.00e+00	0.00e+00	0.00e+00	0.00e+00	0.00e+00	0.00e+00	9.65e-01	1.82e-06	1.08e-06
 2.92260e+22	9.65e-01	3.51e-02	2.04e-07	0.00e+00	0.00e+00	0.00e+00	0.00e+00	0.00e+00	0.00e+00	9.65e-01	1.78e-06	1.08e-06
 2.95346e+22	9.65e-01	3.51e-02	1.99e-07	0.00e+00	0.00e+00	0.00e+00	0.00e+00	0.00e+00	0.00e+00	9.65e-01	1.75e-06	1.08e-06
 2.98432e+22	9.65e-01	3.50e-02	1.95e-07	0.00e+00	0.00e+00	0.00e+00	0.00e+00	0.00e+00	0.00e+00	9.65e-01	1.71e-06	1.08e-06
 3.01517e+22	9.65e-01	3.48e-02	1.91e-07	0.00e+00	0.00e+00	0.00e+00	0.00e+00	0.00e+00	0.00e+00	9.65e-01	1.67e-06	1.08e-06
 3.04453e+22	9.65e-01	3.45e-02	1.87e-07	0.00e+00	0.00e+00	0.00e+00	0.00e+00	0.00e+00	0.00e+00	9.65e-01	1.63e-06	1.07e-06
 3.06575e+22	9.66e-01	3.42e-02	1.84e-07	0.00e+00	0.00e+00	0.00e+00	0.00e+00	0.00e+00	0.00e+00	9.66e-01	1.60e-06	1.07e-06
 3.07558e+22	9.66e-01	3.41e-02	1.83e-07	0.00e+00	0.00e+00	0.00e+00	0.00e+00	0.00e+00	0.00e+00	9.66e-01	1.58e-06	1.07e-06
 3.07946e+22	9.66e-01	3.40e-02	1.82e-07	0.00e+00	0.00e+00	0.00e+00	0.00e+00	0.00e+00	0.00e+00	9.66e-01	1.57e-06	1.07e-06
 3.08253e+22	9.66e-01	3.40e-02	1.82e-07	0.00e+00	0.00e+00	0.00e+00	0.00e+00	0.00e+00	0.00e+00	9.66e-01	1.57e-06	1.07e-06
 3.08497e+22	9.66e-01	3.39e-02	1.81e-07	0.00e+00	0.00e+00	0.00e+00	0.00e+00	0.00e+00	0.00e+00	9.66e-01	1.56e-06	1.07e-06
