#depth	He	He+	He+2
 4.84024e+14	8.09e-02	8.39e-01	7.98e-02
 2.90415e+15	8.05e-02	8.39e-01	8.02e-02
 1.25846e+16	8.05e-02	8.39e-01	8.02e-02
 5.13066e+16	8.09e-02	8.39e-01	7.96e-02
 1.22555e+17	8.15e-02	8.40e-01	7.90e-02
 2.15178e+17	8.25e-02	8.39e-01	7.80e-02
 3.35588e+17	8.39e-02	8.39e-01	7.68e-02
 4.92120e+17	8.59e-02	8.39e-01	7.51e-02
 6.78456e+17	8.83e-02	8.38e-01	7.33e-02
 8.72045e+17	9.12e-02	8.37e-01	7.14e-02
 1.08269e+18	9.51e-02	8.36e-01	6.91e-02
 1.32320e+18	1.00e-01	8.33e-01	6.67e-02
 1.56111e+18	1.06e-01	8.29e-01	6.47e-02
 1.76379e+18	1.12e-01	8.25e-01	6.31e-02
 1.93223e+18	1.17e-01	8.21e-01	6.18e-02
 2.08819e+18	1.23e-01	8.16e-01	6.05e-02
 2.26733e+18	1.31e-01	8.10e-01	5.93e-02
 2.45964e+18	1.40e-01	8.02e-01	5.80e-02
 2.62117e+18	1.49e-01	7.94e-01	5.70e-02
 2.74861e+18	1.57e-01	7.87e-01	5.64e-02
 2.85868e+18	1.64e-01	7.80e-01	5.57e-02
 2.96604e+18	1.72e-01	7.73e-01	5.51e-02
 3.07451e+18	1.80e-01	7.66e-01	5.45e-02
 3.18061e+18	1.89e-01	7.58e-01	5.37e-02
 3.28425e+18	1.97e-01	7.50e-01	5.31e-02
 3.38504e+18	2.06e-01	7.41e-01	5.25e-02
 3.48144e+18	2.15e-01	7.33e-01	5.19e-02
 3.55818e+18	2.22e-01	7.27e-01	5.14e-02
 3.61255e+18	2.27e-01	7.22e-01	5.10e-02
 3.66611e+18	2.33e-01	7.17e-01	5.06e-02
 3.72686e+18	2.39e-01	7.11e-01	5.02e-02
 3.79398e+18	2.46e-01	7.04e-01	4.95e-02
 3.86200e+18	2.53e-01	6.98e-01	4.91e-02
 3.92945e+18	2.61e-01	6.91e-01	4.85e-02
 3.99893e+18	2.69e-01	6.83e-01	4.79e-02
 4.06968e+18	2.77e-01	6.76e-01	4.72e-02
 4.14216e+18	2.85e-01	6.68e-01	4.66e-02
 4.21714e+18	2.94e-01	6.60e-01	4.59e-02
 4.29436e+18	3.03e-01	6.51e-01	4.52e-02
 4.37366e+18	3.13e-01	6.42e-01	4.44e-02
 4.45472e+18	3.23e-01	6.33e-01	4.36e-02
 4.53770e+18	3.34e-01	6.24e-01	4.28e-02
 4.62320e+18	3.44e-01	6.14e-01	4.19e-02
 4.71110e+18	3.56e-01	6.03e-01	4.10e-02
 4.80115e+18	3.67e-01	5.93e-01	4.01e-02
 4.89303e+18	3.79e-01	5.82e-01	3.92e-02
 4.98721e+18	3.91e-01	5.70e-01	3.83e-02
 5.08424e+18	4.04e-01	5.59e-01	3.73e-02
 5.18380e+18	4.17e-01	5.47e-01	3.63e-02
 5.28567e+18	4.30e-01	5.35e-01	3.53e-02
 5.38927e+18	4.43e-01	5.23e-01	3.43e-02
 5.49591e+18	4.57e-01	5.10e-01	3.33e-02
 5.60538e+18	4.70e-01	4.97e-01	3.23e-02
 5.71802e+18	4.84e-01	4.84e-01	3.12e-02
 5.83435e+18	4.99e-01	4.71e-01	3.02e-02
 5.95239e+18	5.13e-01	4.58e-01	2.91e-02
 6.07309e+18	5.27e-01	4.45e-01	2.81e-02
 6.19712e+18	5.42e-01	4.31e-01	2.71e-02
 6.32380e+18	5.56e-01	4.18e-01	2.61e-02
 6.45261e+18	5.70e-01	4.05e-01	2.50e-02
 6.58433e+18	5.84e-01	3.92e-01	2.40e-02
 6.71937e+18	5.98e-01	3.79e-01	2.31e-02
 6.85773e+18	6.11e-01	3.67e-01	2.21e-02
 7.00030e+18	6.25e-01	3.54e-01	2.11e-02
 7.14771e+18	6.38e-01	3.42e-01	2.02e-02
 7.29977e+18	6.51e-01	3.30e-01	1.92e-02
 7.45711e+18	6.64e-01	3.18e-01	1.83e-02
 7.62130e+18	6.76e-01	3.06e-01	1.74e-02
 7.79276e+18	6.89e-01	2.95e-01	1.65e-02
 7.97187e+18	7.01e-01	2.84e-01	1.56e-02
 8.15995e+18	7.12e-01	2.73e-01	1.47e-02
 8.35866e+18	7.24e-01	2.62e-01	1.39e-02
 8.56865e+18	7.35e-01	2.52e-01	1.30e-02
 8.79036e+18	7.46e-01	2.41e-01	1.22e-02
 9.02490e+18	7.57e-01	2.32e-01	1.14e-02
 9.27499e+18	7.67e-01	2.22e-01	1.06e-02
 9.54305e+18	7.77e-01	2.13e-01	9.86e-03
 9.82948e+18	7.87e-01	2.04e-01	9.13e-03
 1.01348e+19	7.97e-01	1.95e-01	8.43e-03
 1.04607e+19	8.06e-01	1.86e-01	7.75e-03
 1.08084e+19	8.15e-01	1.78e-01	7.11e-03
 1.11790e+19	8.23e-01	1.70e-01	6.51e-03
 1.15730e+19	8.31e-01	1.63e-01	5.95e-03
 1.19887e+19	8.39e-01	1.56e-01	5.41e-03
 1.24294e+19	8.47e-01	1.49e-01	4.92e-03
 1.28939e+19	8.54e-01	1.42e-01	4.47e-03
 1.33725e+19	8.61e-01	1.35e-01	4.05e-03
 1.38519e+19	8.67e-01	1.29e-01	3.69e-03
 1.43181e+19	8.73e-01	1.24e-01	3.38e-03
 1.47694e+19	8.78e-01	1.19e-01	3.10e-03
 1.52091e+19	8.82e-01	1.15e-01	2.87e-03
 1.56371e+19	8.87e-01	1.11e-01	2.65e-03
 1.60510e+19	8.91e-01	1.07e-01	2.47e-03
 1.64493e+19	8.94e-01	1.04e-01	2.30e-03
 1.68301e+19	8.97e-01	1.00e-01	2.15e-03
 1.71910e+19	9.00e-01	9.75e-02	2.02e-03
 1.75315e+19	9.03e-01	9.49e-02	1.91e-03
 1.78510e+19	9.06e-01	9.25e-02	1.80e-03
 1.81495e+19	9.08e-01	9.02e-02	1.71e-03
