#depth	N	N+	N+2	N+3	N+4	N+5	N+6	N+7
 1.47112e+16	6.40e-07	2.21e-03	2.87e-01	5.70e-01	1.26e-01	1.54e-02	2.06e-05	0.00e+00
 8.82670e+16	6.38e-07	2.21e-03	2.87e-01	5.70e-01	1.25e-01	1.54e-02	2.05e-05	0.00e+00
 3.82491e+17	6.35e-07	2.20e-03	2.88e-01	5.70e-01	1.25e-01	1.53e-02	2.04e-05	0.00e+00
 1.55938e+18	6.29e-07	2.19e-03	2.92e-01	5.69e-01	1.22e-01	1.48e-02	1.97e-05	0.00e+00
 3.72487e+18	6.04e-07	2.13e-03	2.96e-01	5.69e-01	1.19e-01	1.42e-02	1.88e-05	0.00e+00
 6.54000e+18	5.99e-07	2.12e-03	3.05e-01	5.66e-01	1.14e-01	1.33e-02	1.75e-05	0.00e+00
 1.01997e+19	6.13e-07	2.16e-03	3.18e-01	5.61e-01	1.07e-01	1.22e-02	1.60e-05	0.00e+00
 1.49572e+19	6.51e-07	2.27e-03	3.38e-01	5.51e-01	9.74e-02	1.09e-02	1.42e-05	0.00e+00
 2.03115e+19	7.06e-07	2.42e-03	3.65e-01	5.36e-01	8.70e-02	9.46e-03	1.22e-05	0.00e+00
 2.51321e+19	7.65e-07	2.59e-03	3.91e-01	5.21e-01	7.76e-02	8.28e-03	1.07e-05	0.00e+00
 2.91794e+19	8.36e-07	2.78e-03	4.16e-01	5.05e-01	6.93e-02	7.28e-03	9.43e-06	0.00e+00
 3.27754e+19	9.15e-07	2.99e-03	4.40e-01	4.89e-01	6.18e-02	6.40e-03	8.29e-06	0.00e+00
 3.60164e+19	9.96e-07	3.20e-03	4.61e-01	4.75e-01	5.52e-02	5.66e-03	7.35e-06	0.00e+00
 3.89798e+19	1.08e-06	3.41e-03	4.81e-01	4.61e-01	4.93e-02	5.02e-03	6.51e-06	0.00e+00
 4.17780e+19	1.17e-06	3.63e-03	4.99e-01	4.49e-01	4.39e-02	4.45e-03	5.78e-06	0.00e+00
 4.44941e+19	1.27e-06	3.86e-03	5.16e-01	4.37e-01	3.89e-02	3.93e-03	5.10e-06	0.00e+00
 4.71613e+19	1.37e-06	4.09e-03	5.33e-01	4.26e-01	3.43e-02	3.47e-03	4.49e-06	0.00e+00
 4.97890e+19	1.48e-06	4.34e-03	5.47e-01	4.15e-01	3.01e-02	3.06e-03	3.94e-06	0.00e+00
 5.27904e+19	1.64e-06	4.65e-03	5.63e-01	4.04e-01	2.57e-02	2.63e-03	3.35e-06	0.00e+00
 5.59253e+19	1.80e-06	4.96e-03	5.78e-01	3.93e-01	2.18e-02	2.28e-03	2.86e-06	0.00e+00
 5.85782e+19	1.96e-06	5.24e-03	5.89e-01	3.85e-01	1.89e-02	2.02e-03	2.50e-06	0.00e+00
 6.13712e+19	2.15e-06	5.57e-03	6.00e-01	3.76e-01	1.62e-02	1.79e-03	2.16e-06	0.00e+00
 6.44750e+19	2.38e-06	5.91e-03	6.11e-01	3.67e-01	1.38e-02	1.59e-03	1.87e-06	0.00e+00
 6.74817e+19	2.62e-06	6.26e-03	6.21e-01	3.60e-01	1.20e-02	1.44e-03	1.65e-06	0.00e+00
 7.06410e+19	2.90e-06	6.63e-03	6.30e-01	3.52e-01	1.03e-02	1.30e-03	1.45e-06	0.00e+00
 7.42081e+19	3.23e-06	7.05e-03	6.39e-01	3.44e-01	8.91e-03	1.18e-03	1.28e-06	0.00e+00
 7.81931e+19	3.64e-06	7.52e-03	6.48e-01	3.35e-01	7.68e-03	1.08e-03	1.12e-06	0.00e+00
 8.26692e+19	4.14e-06	8.05e-03	6.57e-01	3.27e-01	6.63e-03	9.80e-04	9.86e-07	0.00e+00
 8.79023e+19	4.78e-06	8.68e-03	6.67e-01	3.18e-01	5.70e-03	8.89e-04	8.58e-07	0.00e+00
 9.43848e+19	5.68e-06	9.49e-03	6.78e-01	3.07e-01	4.87e-03	7.97e-04	7.32e-07	0.00e+00
 1.02733e+20	7.07e-06	1.06e-02	6.90e-01	2.94e-01	4.12e-03	7.00e-04	6.03e-07	0.00e+00
 1.11703e+20	8.88e-06	1.19e-02	7.02e-01	2.82e-01	3.58e-03	6.13e-04	4.94e-07	0.00e+00
 1.20050e+20	1.11e-05	1.34e-02	7.13e-01	2.70e-01	3.20e-03	5.39e-04	4.07e-07	0.00e+00
 1.28172e+20	1.39e-05	1.51e-02	7.24e-01	2.58e-01	2.90e-03	4.71e-04	3.31e-07	0.00e+00
 1.34408e+20	1.67e-05	1.67e-02	7.32e-01	2.48e-01	2.71e-03	4.22e-04	2.80e-07	0.00e+00
 1.38187e+20	1.88e-05	1.78e-02	7.37e-01	2.42e-01	2.60e-03	3.92e-04	2.49e-07	0.00e+00
 1.41793e+20	2.12e-05	1.91e-02	7.43e-01	2.35e-01	2.49e-03	3.63e-04	2.21e-07	0.00e+00
 1.46481e+20	2.51e-05	2.09e-02	7.50e-01	2.26e-01	2.35e-03	3.26e-04	1.87e-07	0.00e+00
 1.51184e+20	2.98e-05	2.31e-02	7.57e-01	2.17e-01	2.23e-03	2.90e-04	1.57e-07	0.00e+00
 1.54785e+20	3.42e-05	2.50e-02	7.63e-01	2.10e-01	2.14e-03	2.64e-04	1.36e-07	0.00e+00
 1.57809e+20	3.88e-05	2.69e-02	7.68e-01	2.03e-01	2.06e-03	2.42e-04	0.00e+00	0.00e+00
 1.61204e+20	4.53e-05	2.95e-02	7.74e-01	1.94e-01	1.96e-03	2.17e-04	0.00e+00	0.00e+00
 1.64837e+20	5.35e-05	3.26e-02	7.80e-01	1.85e-01	1.86e-03	1.93e-04	0.00e+00	0.00e+00
 1.67931e+20	6.22e-05	3.56e-02	7.85e-01	1.77e-01	1.78e-03	1.73e-04	0.00e+00	0.00e+00
 1.70590e+20	7.15e-05	3.87e-02	7.89e-01	1.70e-01	1.71e-03	1.56e-04	0.00e+00	0.00e+00
 1.73531e+20	8.43e-05	4.28e-02	7.94e-01	1.61e-01	1.62e-03	1.37e-04	0.00e+00	0.00e+00
 1.76633e+20	1.01e-04	4.77e-02	7.99e-01	1.52e-01	1.53e-03	1.20e-04	0.00e+00	0.00e+00
 1.79226e+20	1.18e-04	5.26e-02	8.02e-01	1.43e-01	1.46e-03	1.05e-04	0.00e+00	0.00e+00
 1.81464e+20	1.37e-04	5.75e-02	8.05e-01	1.36e-01	1.39e-03	9.37e-05	0.00e+00	0.00e+00
 1.83957e+20	1.63e-04	6.40e-02	8.07e-01	1.27e-01	1.31e-03	8.11e-05	0.00e+00	0.00e+00
 1.86604e+20	1.98e-04	7.20e-02	8.08e-01	1.18e-01	1.22e-03	6.92e-05	0.00e+00	0.00e+00
 1.88867e+20	2.35e-04	8.00e-02	8.09e-01	1.10e-01	1.15e-03	5.97e-05	0.00e+00	0.00e+00
 1.90856e+20	2.77e-04	8.83e-02	8.08e-01	1.03e-01	1.08e-03	5.19e-05	0.00e+00	0.00e+00
 1.93071e+20	3.37e-04	9.95e-02	8.05e-01	9.40e-02	1.01e-03	4.36e-05	0.00e+00	0.00e+00
 1.95407e+20	4.15e-04	1.13e-01	8.00e-01	8.52e-02	9.27e-04	3.60e-05	0.00e+00	0.00e+00
 1.97372e+20	5.01e-04	1.27e-01	7.94e-01	7.77e-02	8.58e-04	3.02e-05	0.00e+00	0.00e+00
 1.99064e+20	5.96e-04	1.40e-01	7.87e-01	7.11e-02	7.98e-04	2.56e-05	0.00e+00	0.00e+00
 2.00925e+20	7.30e-04	1.59e-01	7.76e-01	6.37e-02	7.29e-04	2.09e-05	0.00e+00	0.00e+00
 2.02874e+20	9.07e-04	1.80e-01	7.62e-01	5.63e-02	6.58e-04	1.68e-05	0.00e+00	0.00e+00
 2.04483e+20	1.10e-03	2.01e-01	7.47e-01	5.03e-02	5.99e-04	1.37e-05	0.00e+00	0.00e+00
 2.05859e+20	1.30e-03	2.22e-01	7.31e-01	4.51e-02	5.48e-04	1.14e-05	0.00e+00	0.00e+00
 2.07383e+20	1.59e-03	2.50e-01	7.08e-01	3.93e-02	4.90e-04	9.04e-06	0.00e+00	0.00e+00
 2.08979e+20	1.97e-03	2.82e-01	6.82e-01	3.37e-02	4.32e-04	7.01e-06	0.00e+00	0.00e+00
 2.10311e+20	2.38e-03	3.13e-01	6.55e-01	2.92e-02	3.83e-04	5.55e-06	0.00e+00	0.00e+00
 2.11470e+20	2.82e-03	3.43e-01	6.28e-01	2.54e-02	3.42e-04	4.45e-06	0.00e+00	0.00e+00
 2.12761e+20	3.45e-03	3.82e-01	5.93e-01	2.14e-02	2.96e-04	3.38e-06	0.00e+00	0.00e+00
 2.14131e+20	4.26e-03	4.26e-01	5.52e-01	1.75e-02	2.50e-04	2.48e-06	0.00e+00	0.00e+00
 2.15294e+20	5.14e-03	4.67e-01	5.13e-01	1.44e-02	2.13e-04	1.85e-06	0.00e+00	0.00e+00
 2.16307e+20	6.08e-03	5.06e-01	4.76e-01	1.19e-02	1.82e-04	1.40e-06	0.00e+00	0.00e+00
 2.17431e+20	7.41e-03	5.53e-01	4.30e-01	9.43e-03	1.49e-04	9.94e-07	0.00e+00	0.00e+00
 2.18630e+20	9.11e-03	6.04e-01	3.80e-01	7.17e-03	1.18e-04	6.71e-07	0.00e+00	0.00e+00
 2.19666e+20	1.10e-02	6.49e-01	3.34e-01	5.49e-03	9.40e-05	4.59e-07	0.00e+00	0.00e+00
 2.20473e+20	1.27e-02	6.83e-01	2.99e-01	4.39e-03	7.76e-05	3.36e-07	0.00e+00	0.00e+00
 2.21118e+20	1.43e-02	7.12e-01	2.70e-01	3.60e-03	6.53e-05	2.55e-07	0.00e+00	0.00e+00
 2.21826e+20	1.64e-02	7.42e-01	2.38e-01	2.83e-03	5.30e-05	1.83e-07	0.00e+00	0.00e+00
 2.22583e+20	1.90e-02	7.72e-01	2.07e-01	2.18e-03	4.21e-05	1.28e-07	0.00e+00	0.00e+00
 2.23239e+20	2.16e-02	7.97e-01	1.80e-01	1.70e-03	3.37e-05	0.00e+00	0.00e+00	0.00e+00
 2.23805e+20	2.42e-02	8.16e-01	1.58e-01	1.36e-03	2.77e-05	0.00e+00	0.00e+00	0.00e+00
 2.24419e+20	2.75e-02	8.37e-01	1.35e-01	1.04e-03	2.17e-05	0.00e+00	0.00e+00	0.00e+00
 2.25069e+20	3.16e-02	8.54e-01	1.13e-01	7.80e-04	1.67e-05	0.00e+00	0.00e+00	0.00e+00
 2.25619e+20	3.56e-02	8.68e-01	9.63e-02	6.04e-04	1.31e-05	0.00e+00	0.00e+00	0.00e+00
 2.26097e+20	3.94e-02	8.77e-01	8.31e-02	4.83e-04	1.06e-05	0.00e+00	0.00e+00	0.00e+00
 2.26628e+20	4.47e-02	8.86e-01	6.93e-02	3.71e-04	8.11e-06	0.00e+00	0.00e+00	0.00e+00
 2.27203e+20	5.12e-02	8.92e-01	5.65e-02	2.80e-04	6.06e-06	0.00e+00	0.00e+00	0.00e+00
 2.27711e+20	5.80e-02	8.95e-01	4.66e-02	2.18e-04	4.61e-06	0.00e+00	0.00e+00	0.00e+00
 2.28165e+20	6.49e-02	8.96e-01	3.88e-02	1.75e-04	3.58e-06	0.00e+00	0.00e+00	0.00e+00
 2.28675e+20	7.44e-02	8.94e-01	3.11e-02	1.37e-04	2.63e-06	0.00e+00	0.00e+00	0.00e+00
 2.29230e+20	8.63e-02	8.89e-01	2.43e-02	1.07e-04	1.88e-06	0.00e+00	0.00e+00	0.00e+00
 2.29734e+20	9.94e-02	8.81e-01	1.91e-02	8.65e-05	1.36e-06	0.00e+00	0.00e+00	0.00e+00
 2.30205e+20	1.14e-01	8.71e-01	1.50e-02	7.17e-05	9.95e-07	0.00e+00	0.00e+00	0.00e+00
 2.30702e+20	1.32e-01	8.56e-01	1.16e-02	5.99e-05	7.07e-07	0.00e+00	0.00e+00	0.00e+00
 2.31188e+20	1.53e-01	8.39e-01	8.86e-03	5.11e-05	5.03e-07	0.00e+00	0.00e+00	0.00e+00
 2.31597e+20	1.73e-01	8.20e-01	7.01e-03	4.50e-05	3.74e-07	0.00e+00	0.00e+00	0.00e+00
 2.31952e+20	1.92e-01	8.02e-01	5.67e-03	4.06e-05	2.88e-07	0.00e+00	0.00e+00	0.00e+00
 2.32279e+20	2.13e-01	7.82e-01	4.63e-03	3.70e-05	2.25e-07	0.00e+00	0.00e+00	0.00e+00
 2.32592e+20	2.34e-01	7.62e-01	3.80e-03	3.40e-05	1.77e-07	0.00e+00	0.00e+00	0.00e+00
 2.32887e+20	2.56e-01	7.41e-01	3.14e-03	3.14e-05	1.40e-07	0.00e+00	0.00e+00	0.00e+00
 2.33162e+20	2.78e-01	7.20e-01	2.62e-03	2.92e-05	0.00e+00	0.00e+00	0.00e+00	0.00e+00
 2.33381e+20	2.96e-01	7.02e-01	2.27e-03	2.76e-05	0.00e+00	0.00e+00	0.00e+00	0.00e+00
 2.33530e+20	3.08e-01	6.90e-01	2.06e-03	2.66e-05	0.00e+00	0.00e+00	0.00e+00	0.00e+00
 2.33667e+20	3.21e-01	6.77e-01	1.87e-03	2.56e-05	0.00e+00	0.00e+00	0.00e+00	0.00e+00
 2.33822e+20	3.36e-01	6.63e-01	1.67e-03	2.46e-05	0.00e+00	0.00e+00	0.00e+00	0.00e+00
 2.33987e+20	3.52e-01	6.47e-01	1.49e-03	2.35e-05	0.00e+00	0.00e+00	0.00e+00	0.00e+00
 2.34150e+20	3.68e-01	6.31e-01	1.33e-03	2.25e-05	0.00e+00	0.00e+00	0.00e+00	0.00e+00
 2.34308e+20	3.84e-01	6.15e-01	1.19e-03	2.16e-05	0.00e+00	0.00e+00	0.00e+00	0.00e+00
 2.34463e+20	3.99e-01	6.00e-01	1.06e-03	2.07e-05	0.00e+00	0.00e+00	0.00e+00	0.00e+00
 2.34620e+20	4.16e-01	5.83e-01	9.51e-04	1.98e-05	0.00e+00	0.00e+00	0.00e+00	0.00e+00
 2.34776e+20	4.32e-01	5.67e-01	8.52e-04	1.89e-05	0.00e+00	0.00e+00	0.00e+00	0.00e+00
 2.34931e+20	4.49e-01	5.50e-01	7.62e-04	1.81e-05	0.00e+00	0.00e+00	0.00e+00	0.00e+00
 2.35085e+20	4.66e-01	5.34e-01	6.84e-04	1.73e-05	0.00e+00	0.00e+00	0.00e+00	0.00e+00
 2.35240e+20	4.83e-01	5.17e-01	6.13e-04	1.66e-05	0.00e+00	0.00e+00	0.00e+00	0.00e+00
 2.35394e+20	4.99e-01	5.00e-01	5.52e-04	1.59e-05	0.00e+00	0.00e+00	0.00e+00	0.00e+00
 2.35546e+20	5.16e-01	4.84e-01	4.97e-04	1.52e-05	0.00e+00	0.00e+00	0.00e+00	0.00e+00
 2.35700e+20	5.32e-01	4.68e-01	4.48e-04	1.45e-05	0.00e+00	0.00e+00	0.00e+00	0.00e+00
 2.35855e+20	5.49e-01	4.51e-01	4.04e-04	1.38e-05	0.00e+00	0.00e+00	0.00e+00	0.00e+00
 2.36009e+20	5.65e-01	4.35e-01	3.67e-04	1.32e-05	0.00e+00	0.00e+00	0.00e+00	0.00e+00
 2.36162e+20	5.80e-01	4.19e-01	3.34e-04	1.26e-05	0.00e+00	0.00e+00	0.00e+00	0.00e+00
 2.36318e+20	5.96e-01	4.04e-01	3.05e-04	1.20e-05	0.00e+00	0.00e+00	0.00e+00	0.00e+00
 2.36476e+20	6.12e-01	3.88e-01	2.78e-04	1.15e-05	0.00e+00	0.00e+00	0.00e+00	0.00e+00
 2.36633e+20	6.26e-01	3.74e-01	2.56e-04	1.10e-05	0.00e+00	0.00e+00	0.00e+00	0.00e+00
 2.36790e+20	6.40e-01	3.59e-01	2.36e-04	1.05e-05	0.00e+00	0.00e+00	0.00e+00	0.00e+00
 2.36948e+20	6.54e-01	3.46e-01	2.19e-04	1.00e-05	0.00e+00	0.00e+00	0.00e+00	0.00e+00
 2.37108e+20	6.68e-01	3.32e-01	2.04e-04	9.57e-06	0.00e+00	0.00e+00	0.00e+00	0.00e+00
 2.37269e+20	6.80e-01	3.20e-01	1.91e-04	9.16e-06	0.00e+00	0.00e+00	0.00e+00	0.00e+00
 2.37428e+20	6.92e-01	3.07e-01	1.79e-04	8.77e-06	0.00e+00	0.00e+00	0.00e+00	0.00e+00
 2.37587e+20	7.04e-01	2.96e-01	1.70e-04	8.41e-06	0.00e+00	0.00e+00	0.00e+00	0.00e+00
 2.37749e+20	7.14e-01	2.85e-01	1.61e-04	8.08e-06	0.00e+00	0.00e+00	0.00e+00	0.00e+00
 2.37912e+20	7.24e-01	2.76e-01	1.54e-04	7.77e-06	0.00e+00	0.00e+00	0.00e+00	0.00e+00
 2.38077e+20	7.34e-01	2.66e-01	1.47e-04	7.48e-06	0.00e+00	0.00e+00	0.00e+00	0.00e+00
 2.38247e+20	7.43e-01	2.57e-01	1.42e-04	7.21e-06	0.00e+00	0.00e+00	0.00e+00	0.00e+00
 2.38422e+20	7.51e-01	2.49e-01	1.37e-04	6.96e-06	0.00e+00	0.00e+00	0.00e+00	0.00e+00
 2.38604e+20	7.59e-01	2.41e-01	1.33e-04	6.72e-06	0.00e+00	0.00e+00	0.00e+00	0.00e+00
 2.38793e+20	7.66e-01	2.33e-01	1.29e-04	6.51e-06	0.00e+00	0.00e+00	0.00e+00	0.00e+00
 2.38991e+20	7.73e-01	2.27e-01	1.25e-04	6.31e-06	0.00e+00	0.00e+00	0.00e+00	0.00e+00
 2.39205e+20	7.80e-01	2.20e-01	1.22e-04	6.12e-06	0.00e+00	0.00e+00	0.00e+00	0.00e+00
 2.39436e+20	7.86e-01	2.14e-01	1.20e-04	5.95e-06	0.00e+00	0.00e+00	0.00e+00	0.00e+00
 2.39690e+20	7.91e-01	2.08e-01	1.17e-04	5.79e-06	0.00e+00	0.00e+00	0.00e+00	0.00e+00
 2.39976e+20	7.97e-01	2.03e-01	1.15e-04	5.65e-06	0.00e+00	0.00e+00	0.00e+00	0.00e+00
 2.40306e+20	8.01e-01	1.99e-01	1.14e-04	5.52e-06	0.00e+00	0.00e+00	0.00e+00	0.00e+00
 2.40670e+20	8.05e-01	1.95e-01	1.12e-04	5.41e-06	0.00e+00	0.00e+00	0.00e+00	0.00e+00
 2.41042e+20	8.08e-01	1.92e-01	1.11e-04	5.33e-06	0.00e+00	0.00e+00	0.00e+00	0.00e+00
 2.41410e+20	8.10e-01	1.90e-01	1.10e-04	5.27e-06	0.00e+00	0.00e+00	0.00e+00	0.00e+00
 2.41775e+20	8.12e-01	1.88e-01	1.10e-04	5.23e-06	0.00e+00	0.00e+00	0.00e+00	0.00e+00
 2.42139e+20	8.13e-01	1.87e-01	1.09e-04	5.19e-06	0.00e+00	0.00e+00	0.00e+00	0.00e+00
 2.42501e+20	8.14e-01	1.85e-01	1.09e-04	5.15e-06	0.00e+00	0.00e+00	0.00e+00	0.00e+00
 2.42863e+20	8.15e-01	1.85e-01	1.08e-04	5.13e-06	0.00e+00	0.00e+00	0.00e+00	0.00e+00
 2.43223e+20	8.16e-01	1.84e-01	1.08e-04	5.11e-06	0.00e+00	0.00e+00	0.00e+00	0.00e+00
 2.43637e+20	8.17e-01	1.83e-01	1.08e-04	5.09e-06	0.00e+00	0.00e+00	0.00e+00	0.00e+00
 2.44176e+20	8.17e-01	1.83e-01	1.08e-04	5.07e-06	0.00e+00	0.00e+00	0.00e+00	0.00e+00
 2.44876e+20	8.18e-01	1.82e-01	1.07e-04	5.05e-06	0.00e+00	0.00e+00	0.00e+00	0.00e+00
 2.45786e+20	8.19e-01	1.81e-01	1.07e-04	5.02e-06	0.00e+00	0.00e+00	0.00e+00	0.00e+00
 2.46969e+20	8.20e-01	1.80e-01	1.06e-04	4.98e-06	0.00e+00	0.00e+00	0.00e+00	0.00e+00
 2.48508e+20	8.21e-01	1.79e-01	1.06e-04	4.94e-06	0.00e+00	0.00e+00	0.00e+00	0.00e+00
 2.50507e+20	8.23e-01	1.77e-01	1.05e-04	4.88e-06	0.00e+00	0.00e+00	0.00e+00	0.00e+00
 2.53107e+20	8.25e-01	1.75e-01	1.04e-04	4.81e-06	0.00e+00	0.00e+00	0.00e+00	0.00e+00
 2.56486e+20	8.28e-01	1.72e-01	1.03e-04	4.72e-06	0.00e+00	0.00e+00	0.00e+00	0.00e+00
 2.60880e+20	8.31e-01	1.69e-01	1.01e-04	4.61e-06	0.00e+00	0.00e+00	0.00e+00	0.00e+00
 2.66591e+20	8.35e-01	1.65e-01	9.95e-05	4.47e-06	0.00e+00	0.00e+00	0.00e+00	0.00e+00
 2.74015e+20	8.40e-01	1.60e-01	9.72e-05	4.30e-06	0.00e+00	0.00e+00	0.00e+00	0.00e+00
 2.83667e+20	8.45e-01	1.55e-01	9.45e-05	4.10e-06	0.00e+00	0.00e+00	0.00e+00	0.00e+00
 2.94935e+20	8.51e-01	1.49e-01	9.16e-05	3.90e-06	0.00e+00	0.00e+00	0.00e+00	0.00e+00
 3.06567e+20	8.57e-01	1.43e-01	8.90e-05	3.71e-06	0.00e+00	0.00e+00	0.00e+00	0.00e+00
 3.18438e+20	8.62e-01	1.38e-01	8.64e-05	3.53e-06	0.00e+00	0.00e+00	0.00e+00	0.00e+00
 3.30978e+20	8.67e-01	1.33e-01	8.38e-05	3.36e-06	0.00e+00	0.00e+00	0.00e+00	0.00e+00
 3.44373e+20	8.73e-01	1.27e-01	8.13e-05	3.18e-06	0.00e+00	0.00e+00	0.00e+00	0.00e+00
 3.58523e+20	8.78e-01	1.22e-01	7.87e-05	3.01e-06	0.00e+00	0.00e+00	0.00e+00	0.00e+00
 3.73370e+20	8.83e-01	1.17e-01	7.62e-05	2.85e-06	0.00e+00	0.00e+00	0.00e+00	0.00e+00
 3.89008e+20	8.88e-01	1.12e-01	7.37e-05	2.69e-06	0.00e+00	0.00e+00	0.00e+00	0.00e+00
 4.05389e+20	8.93e-01	1.07e-01	7.13e-05	2.54e-06	0.00e+00	0.00e+00	0.00e+00	0.00e+00
 4.22552e+20	8.98e-01	1.02e-01	6.88e-05	2.39e-06	0.00e+00	0.00e+00	0.00e+00	0.00e+00
 4.40639e+20	9.03e-01	9.73e-02	6.64e-05	2.24e-06	0.00e+00	0.00e+00	0.00e+00	0.00e+00
 4.59770e+20	9.08e-01	9.24e-02	6.40e-05	2.10e-06	0.00e+00	0.00e+00	0.00e+00	0.00e+00
 4.79821e+20	9.12e-01	8.77e-02	6.15e-05	1.96e-06	0.00e+00	0.00e+00	0.00e+00	0.00e+00
 5.00592e+20	9.17e-01	8.31e-02	5.92e-05	1.83e-06	0.00e+00	0.00e+00	0.00e+00	0.00e+00
 5.22164e+20	9.21e-01	7.87e-02	5.69e-05	1.70e-06	0.00e+00	0.00e+00	0.00e+00	0.00e+00
 5.44701e+20	9.26e-01	7.43e-02	5.46e-05	1.58e-06	0.00e+00	0.00e+00	0.00e+00	0.00e+00
 5.68389e+20	9.30e-01	7.00e-02	5.23e-05	1.47e-06	0.00e+00	0.00e+00	0.00e+00	0.00e+00
 5.93192e+20	9.34e-01	6.59e-02	5.01e-05	1.36e-06	0.00e+00	0.00e+00	0.00e+00	0.00e+00
 6.19023e+20	9.38e-01	6.19e-02	4.79e-05	1.25e-06	0.00e+00	0.00e+00	0.00e+00	0.00e+00
 6.45890e+20	9.42e-01	5.80e-02	4.58e-05	1.15e-06	0.00e+00	0.00e+00	0.00e+00	0.00e+00
 6.73829e+20	9.46e-01	5.43e-02	4.37e-05	1.06e-06	0.00e+00	0.00e+00	0.00e+00	0.00e+00
 7.02310e+20	9.49e-01	5.08e-02	4.17e-05	9.73e-07	0.00e+00	0.00e+00	0.00e+00	0.00e+00
 7.30385e+20	9.52e-01	4.76e-02	3.98e-05	8.97e-07	0.00e+00	0.00e+00	0.00e+00	0.00e+00
 7.57671e+20	9.55e-01	4.47e-02	3.81e-05	8.29e-07	0.00e+00	0.00e+00	0.00e+00	0.00e+00
 7.84336e+20	9.58e-01	4.20e-02	3.65e-05	7.68e-07	0.00e+00	0.00e+00	0.00e+00	0.00e+00
 8.10499e+20	9.60e-01	3.95e-02	3.51e-05	7.14e-07	0.00e+00	0.00e+00	0.00e+00	0.00e+00
 8.35909e+20	9.63e-01	3.72e-02	3.38e-05	6.65e-07	0.00e+00	0.00e+00	0.00e+00	0.00e+00
 8.60232e+20	9.65e-01	3.51e-02	3.25e-05	6.22e-07	0.00e+00	0.00e+00	0.00e+00	0.00e+00
 8.83318e+20	9.67e-01	3.31e-02	3.14e-05	5.84e-07	0.00e+00	0.00e+00	0.00e+00	0.00e+00
 9.05098e+20	9.69e-01	3.14e-02	3.04e-05	5.50e-07	0.00e+00	0.00e+00	0.00e+00	0.00e+00
 9.25581e+20	9.70e-01	2.98e-02	2.96e-05	5.20e-07	0.00e+00	0.00e+00	0.00e+00	0.00e+00
 9.44933e+20	9.72e-01	2.83e-02	2.87e-05	4.94e-07	0.00e+00	0.00e+00	0.00e+00	0.00e+00
