#depth	O	O+	O+2	O+3	O+4	O+5	O+6	O+7	O+8	O[1]	O[2]	O[3]
 5.97947e+17	3.25e-07	9.51e-04	1.29e-01	6.64e-01	1.92e-01	1.31e-02	7.47e-04	5.19e-07	0.00e+00	3.25e-07	2.53e-12	2.80e-12
 3.58768e+18	3.24e-07	9.50e-04	1.30e-01	6.63e-01	1.92e-01	1.31e-02	7.46e-04	5.18e-07	0.00e+00	3.24e-07	2.53e-12	2.80e-12
 1.55466e+19	3.23e-07	9.49e-04	1.31e-01	6.63e-01	1.91e-01	1.30e-02	7.40e-04	5.14e-07	0.00e+00	3.23e-07	2.52e-12	2.79e-12
 6.33824e+19	3.17e-07	9.40e-04	1.36e-01	6.62e-01	1.87e-01	1.26e-02	7.18e-04	4.97e-07	0.00e+00	3.17e-07	2.47e-12	2.74e-12
 1.51400e+20	2.95e-07	9.07e-04	1.45e-01	6.61e-01	1.80e-01	1.21e-02	6.85e-04	4.72e-07	0.00e+00	2.95e-07	2.30e-12	2.55e-12
 2.65823e+20	2.89e-07	9.14e-04	1.57e-01	6.58e-01	1.72e-01	1.14e-02	6.44e-04	4.40e-07	0.00e+00	2.89e-07	2.25e-12	2.49e-12
 4.14573e+20	2.94e-07	9.55e-04	1.74e-01	6.53e-01	1.61e-01	1.05e-02	5.91e-04	4.01e-07	0.00e+00	2.94e-07	2.29e-12	2.54e-12
 6.07949e+20	3.17e-07	1.05e-03	2.00e-01	6.42e-01	1.47e-01	9.36e-03	5.23e-04	3.51e-07	0.00e+00	3.17e-07	2.47e-12	2.73e-12
 8.59336e+20	3.71e-07	1.24e-03	2.41e-01	6.21e-01	1.28e-01	7.85e-03	4.38e-04	2.91e-07	0.00e+00	3.71e-07	2.89e-12	3.20e-12
 1.11033e+21	4.35e-07	1.48e-03	2.94e-01	5.89e-01	1.09e-01	6.39e-03	3.58e-04	2.36e-07	0.00e+00	4.35e-07	3.38e-12	3.75e-12
 1.29967e+21	5.19e-07	1.77e-03	3.46e-01	5.54e-01	9.24e-02	5.25e-03	2.96e-04	1.95e-07	0.00e+00	5.19e-07	4.03e-12	4.47e-12
 1.44112e+21	6.04e-07	2.06e-03	3.93e-01	5.21e-01	7.97e-02	4.40e-03	2.49e-04	1.65e-07	0.00e+00	6.04e-07	4.70e-12	5.20e-12
 1.56056e+21	7.05e-07	2.39e-03	4.38e-01	4.87e-01	6.86e-02	3.69e-03	2.10e-04	1.39e-07	0.00e+00	7.05e-07	5.49e-12	6.07e-12
 1.66810e+21	8.12e-07	2.73e-03	4.82e-01	4.53e-01	5.87e-02	3.10e-03	1.76e-04	0.00e+00	0.00e+00	8.12e-07	6.32e-12	6.99e-12
 1.76195e+21	9.25e-07	3.08e-03	5.24e-01	4.20e-01	5.03e-02	2.60e-03	1.48e-04	0.00e+00	0.00e+00	9.25e-07	7.20e-12	7.96e-12
 1.86481e+21	1.08e-06	3.54e-03	5.73e-01	3.80e-01	4.12e-02	2.09e-03	1.19e-04	0.00e+00	0.00e+00	1.08e-06	8.42e-12	9.31e-12
 1.97313e+21	1.25e-06	4.05e-03	6.23e-01	3.38e-01	3.29e-02	1.63e-03	9.23e-05	0.00e+00	0.00e+00	1.25e-06	9.73e-12	1.08e-11
 2.07181e+21	1.42e-06	4.55e-03	6.69e-01	2.99e-01	2.60e-02	1.27e-03	7.13e-05	0.00e+00	0.00e+00	1.42e-06	1.11e-11	1.23e-11
 2.16793e+21	1.61e-06	5.06e-03	7.11e-01	2.63e-01	2.03e-02	9.85e-04	5.44e-05	0.00e+00	0.00e+00	1.61e-06	1.25e-11	1.38e-11
 2.27745e+21	1.84e-06	5.68e-03	7.54e-01	2.24e-01	1.51e-02	7.26e-04	3.90e-05	0.00e+00	0.00e+00	1.84e-06	1.43e-11	1.59e-11
 2.39161e+21	2.07e-06	6.26e-03	7.93e-01	1.89e-01	1.10e-02	5.33e-04	2.77e-05	0.00e+00	0.00e+00	2.07e-06	1.60e-11	1.78e-11
 2.48823e+21	2.27e-06	6.74e-03	8.21e-01	1.64e-01	8.48e-03	4.12e-04	2.07e-05	0.00e+00	0.00e+00	2.27e-06	1.75e-11	1.95e-11
 2.59025e+21	2.51e-06	7.28e-03	8.46e-01	1.39e-01	6.42e-03	3.15e-04	1.51e-05	0.00e+00	0.00e+00	2.51e-06	1.94e-11	2.16e-11
 2.70402e+21	2.76e-06	7.81e-03	8.69e-01	1.18e-01	4.83e-03	2.40e-04	1.10e-05	0.00e+00	0.00e+00	2.76e-06	2.13e-11	2.37e-11
 2.81532e+21	3.02e-06	8.31e-03	8.87e-01	1.00e-01	3.74e-03	1.88e-04	8.18e-06	0.00e+00	0.00e+00	3.02e-06	2.32e-11	2.59e-11
 2.94227e+21	3.34e-06	8.88e-03	9.04e-01	8.39e-02	2.87e-03	1.44e-04	5.98e-06	0.00e+00	0.00e+00	3.34e-06	2.56e-11	2.87e-11
 3.10730e+21	3.78e-06	9.58e-03	9.21e-01	6.75e-02	2.15e-03	1.07e-04	4.21e-06	0.00e+00	0.00e+00	3.78e-06	2.89e-11	3.24e-11
 3.28950e+21	4.25e-06	1.03e-02	9.33e-01	5.45e-02	1.69e-03	8.09e-05	3.07e-06	0.00e+00	0.00e+00	4.25e-06	3.24e-11	3.65e-11
 3.48194e+21	4.80e-06	1.10e-02	9.43e-01	4.41e-02	1.38e-03	6.22e-05	2.33e-06	0.00e+00	0.00e+00	4.80e-06	3.66e-11	4.12e-11
 3.71489e+21	5.53e-06	1.18e-02	9.52e-01	3.50e-02	1.16e-03	4.71e-05	1.78e-06	0.00e+00	0.00e+00	5.53e-06	4.21e-11	4.75e-11
 4.00394e+21	6.55e-06	1.28e-02	9.59e-01	2.72e-02	1.00e-03	3.50e-05	1.38e-06	0.00e+00	0.00e+00	6.55e-06	4.97e-11	5.62e-11
 4.36343e+21	8.05e-06	1.40e-02	9.64e-01	2.07e-02	8.89e-04	2.54e-05	1.09e-06	0.00e+00	0.00e+00	8.05e-06	6.09e-11	6.90e-11
 4.79145e+21	1.03e-05	1.56e-02	9.68e-01	1.56e-02	8.10e-04	1.82e-05	8.78e-07	0.00e+00	0.00e+00	1.03e-05	7.78e-11	8.82e-11
 5.27059e+21	1.37e-05	1.75e-02	9.70e-01	1.19e-02	7.52e-04	1.31e-05	7.20e-07	0.00e+00	0.00e+00	1.37e-05	1.04e-10	1.18e-10
 5.75211e+21	1.88e-05	1.99e-02	9.70e-01	9.34e-03	7.09e-04	9.70e-06	6.01e-07	0.00e+00	0.00e+00	1.88e-05	1.42e-10	1.61e-10
 6.17239e+21	2.55e-05	2.24e-02	9.69e-01	7.66e-03	6.79e-04	7.51e-06	5.14e-07	0.00e+00	0.00e+00	2.55e-05	1.92e-10	2.18e-10
 6.52185e+21	3.39e-05	2.51e-02	9.68e-01	6.51e-03	6.55e-04	6.04e-06	4.47e-07	0.00e+00	0.00e+00	3.39e-05	2.55e-10	2.90e-10
 6.82558e+21	4.48e-05	2.81e-02	9.66e-01	5.63e-03	6.36e-04	4.95e-06	3.92e-07	0.00e+00	0.00e+00	4.48e-05	3.36e-10	3.83e-10
 7.10397e+21	5.94e-05	3.15e-02	9.63e-01	4.90e-03	6.18e-04	4.07e-06	3.43e-07	0.00e+00	0.00e+00	5.94e-05	4.46e-10	5.07e-10
 7.36234e+21	7.97e-05	3.55e-02	9.60e-01	4.27e-03	6.01e-04	3.35e-06	2.99e-07	0.00e+00	0.00e+00	7.97e-05	5.97e-10	6.80e-10
 7.57903e+21	1.04e-04	3.98e-02	9.56e-01	3.78e-03	5.87e-04	2.80e-06	2.63e-07	0.00e+00	0.00e+00	1.04e-04	7.82e-10	8.91e-10
 7.74631e+21	1.32e-04	4.40e-02	9.52e-01	3.41e-03	5.75e-04	2.41e-06	2.35e-07	0.00e+00	0.00e+00	1.32e-04	9.86e-10	1.12e-09
 7.89052e+21	1.63e-04	4.83e-02	9.48e-01	3.10e-03	5.64e-04	2.09e-06	2.12e-07	0.00e+00	0.00e+00	1.63e-04	1.22e-09	1.39e-09
 8.02919e+21	2.05e-04	5.33e-02	9.43e-01	2.80e-03	5.53e-04	1.80e-06	1.89e-07	0.00e+00	0.00e+00	2.05e-04	1.53e-09	1.74e-09
 8.16198e+21	2.58e-04	5.91e-02	9.38e-01	2.53e-03	5.42e-04	1.55e-06	1.69e-07	0.00e+00	0.00e+00	2.58e-04	1.93e-09	2.20e-09
 8.28262e+21	3.25e-04	6.55e-02	9.31e-01	2.29e-03	5.30e-04	1.33e-06	1.50e-07	0.00e+00	0.00e+00	3.25e-04	2.42e-09	2.76e-09
 8.39002e+21	4.03e-04	7.23e-02	9.25e-01	2.08e-03	5.20e-04	1.15e-06	1.34e-07	0.00e+00	0.00e+00	4.03e-04	3.01e-09	3.43e-09
 8.48759e+21	4.99e-04	7.97e-02	9.17e-01	1.89e-03	5.09e-04	9.96e-07	0.00e+00	0.00e+00	0.00e+00	4.99e-04	3.72e-09	4.24e-09
 8.57859e+21	6.17e-04	8.79e-02	9.09e-01	1.72e-03	4.98e-04	8.63e-07	0.00e+00	0.00e+00	0.00e+00	6.17e-04	4.60e-09	5.24e-09
 8.66383e+21	7.63e-04	9.70e-02	9.00e-01	1.56e-03	4.87e-04	7.46e-07	0.00e+00	0.00e+00	0.00e+00	7.63e-04	5.68e-09	6.48e-09
 8.73998e+21	9.32e-04	1.06e-01	8.91e-01	1.42e-03	4.76e-04	6.50e-07	0.00e+00	0.00e+00	0.00e+00	9.32e-04	6.94e-09	7.90e-09
 8.80636e+21	1.12e-03	1.16e-01	8.81e-01	1.30e-03	4.65e-04	5.70e-07	0.00e+00	0.00e+00	0.00e+00	1.12e-03	8.36e-09	9.51e-09
 8.86868e+21	1.35e-03	1.27e-01	8.70e-01	1.19e-03	4.54e-04	5.00e-07	0.00e+00	0.00e+00	0.00e+00	1.35e-03	1.01e-08	1.14e-08
 8.92981e+21	1.64e-03	1.39e-01	8.58e-01	1.09e-03	4.42e-04	4.36e-07	0.00e+00	0.00e+00	0.00e+00	1.64e-03	1.22e-08	1.38e-08
 8.98888e+21	1.99e-03	1.52e-01	8.45e-01	9.88e-04	4.30e-04	3.79e-07	0.00e+00	0.00e+00	0.00e+00	1.99e-03	1.48e-08	1.68e-08
 9.04450e+21	2.41e-03	1.66e-01	8.30e-01	8.97e-04	4.17e-04	3.28e-07	0.00e+00	0.00e+00	0.00e+00	2.41e-03	1.79e-08	2.03e-08
 9.09651e+21	2.91e-03	1.82e-01	8.14e-01	8.15e-04	4.04e-04	2.85e-07	0.00e+00	0.00e+00	0.00e+00	2.91e-03	2.17e-08	2.46e-08
 9.14575e+21	3.52e-03	1.98e-01	7.97e-01	7.38e-04	3.90e-04	2.46e-07	0.00e+00	0.00e+00	0.00e+00	3.52e-03	2.62e-08	2.96e-08
 9.19291e+21	4.26e-03	2.17e-01	7.78e-01	6.68e-04	3.75e-04	2.12e-07	0.00e+00	0.00e+00	0.00e+00	4.26e-03	3.17e-08	3.58e-08
 9.23804e+21	5.16e-03	2.37e-01	7.57e-01	6.02e-04	3.60e-04	1.82e-07	0.00e+00	0.00e+00	0.00e+00	5.16e-03	3.84e-08	4.33e-08
 9.28104e+21	6.23e-03	2.58e-01	7.35e-01	5.42e-04	3.44e-04	1.56e-07	0.00e+00	0.00e+00	0.00e+00	6.23e-03	4.65e-08	5.22e-08
 9.32207e+21	7.53e-03	2.81e-01	7.10e-01	4.87e-04	3.27e-04	1.33e-07	0.00e+00	0.00e+00	0.00e+00	7.53e-03	5.62e-08	6.30e-08
 9.36136e+21	9.09e-03	3.06e-01	6.84e-01	4.36e-04	3.10e-04	1.13e-07	0.00e+00	0.00e+00	0.00e+00	9.09e-03	6.79e-08	7.57e-08
 9.39922e+21	1.10e-02	3.33e-01	6.56e-01	3.89e-04	2.92e-04	0.00e+00	0.00e+00	0.00e+00	0.00e+00	1.10e-02	8.21e-08	9.14e-08
 9.43571e+21	1.33e-02	3.61e-01	6.25e-01	3.45e-04	2.73e-04	0.00e+00	0.00e+00	0.00e+00	0.00e+00	1.33e-02	9.93e-08	1.10e-07
 9.47058e+21	1.60e-02	3.91e-01	5.93e-01	3.06e-04	2.54e-04	0.00e+00	0.00e+00	0.00e+00	0.00e+00	1.60e-02	1.20e-07	1.32e-07
 9.50426e+21	1.93e-02	4.22e-01	5.58e-01	2.70e-04	2.34e-04	0.00e+00	0.00e+00	0.00e+00	0.00e+00	1.93e-02	1.44e-07	1.59e-07
 9.53706e+21	2.33e-02	4.54e-01	5.22e-01	2.37e-04	2.14e-04	0.00e+00	0.00e+00	0.00e+00	0.00e+00	2.33e-02	1.74e-07	1.91e-07
 9.56896e+21	2.81e-02	4.88e-01	4.84e-01	2.07e-04	1.93e-04	0.00e+00	0.00e+00	0.00e+00	0.00e+00	2.81e-02	2.09e-07	2.29e-07
 9.59998e+21	3.38e-02	5.22e-01	4.44e-01	1.80e-04	1.73e-04	0.00e+00	0.00e+00	0.00e+00	0.00e+00	3.38e-02	2.51e-07	2.74e-07
 9.63024e+21	4.07e-02	5.56e-01	4.03e-01	1.55e-04	1.52e-04	0.00e+00	0.00e+00	0.00e+00	0.00e+00	4.07e-02	3.02e-07	3.28e-07
 9.65979e+21	4.90e-02	5.90e-01	3.61e-01	1.33e-04	1.32e-04	0.00e+00	0.00e+00	0.00e+00	0.00e+00	4.90e-02	3.61e-07	3.92e-07
 9.68553e+21	5.73e-02	6.18e-01	3.25e-01	1.17e-04	1.15e-04	0.00e+00	0.00e+00	0.00e+00	0.00e+00	5.73e-02	4.20e-07	4.55e-07
 9.70637e+21	6.54e-02	6.40e-01	2.95e-01	1.04e-04	1.02e-04	0.00e+00	0.00e+00	0.00e+00	0.00e+00	6.54e-02	4.77e-07	5.15e-07
 9.72568e+21	7.40e-02	6.59e-01	2.67e-01	9.24e-05	8.97e-05	0.00e+00	0.00e+00	0.00e+00	0.00e+00	7.40e-02	5.36e-07	5.78e-07
 9.74787e+21	8.54e-02	6.80e-01	2.35e-01	8.06e-05	7.64e-05	0.00e+00	0.00e+00	0.00e+00	0.00e+00	8.54e-02	6.13e-07	6.61e-07
 9.77092e+21	9.88e-02	6.98e-01	2.03e-01	6.96e-05	6.36e-05	0.00e+00	0.00e+00	0.00e+00	0.00e+00	9.88e-02	7.03e-07	7.57e-07
 9.78955e+21	1.11e-01	7.10e-01	1.79e-01	6.17e-05	5.43e-05	0.00e+00	0.00e+00	0.00e+00	0.00e+00	1.11e-01	7.82e-07	8.42e-07
 9.80535e+21	1.23e-01	7.18e-01	1.59e-01	5.54e-05	4.67e-05	0.00e+00	0.00e+00	0.00e+00	0.00e+00	1.23e-01	8.58e-07	9.22e-07
 9.82302e+21	1.38e-01	7.25e-01	1.37e-01	4.88e-05	3.88e-05	0.00e+00	0.00e+00	0.00e+00	0.00e+00	1.38e-01	9.52e-07	1.02e-06
 9.84188e+21	1.55e-01	7.29e-01	1.16e-01	4.27e-05	3.16e-05	0.00e+00	0.00e+00	0.00e+00	0.00e+00	1.55e-01	1.06e-06	1.13e-06
 9.85809e+21	1.71e-01	7.29e-01	9.95e-02	3.80e-05	2.62e-05	0.00e+00	0.00e+00	0.00e+00	0.00e+00	1.71e-01	1.15e-06	1.24e-06
 9.87251e+21	1.88e-01	7.26e-01	8.56e-02	3.39e-05	2.17e-05	0.00e+00	0.00e+00	0.00e+00	0.00e+00	1.88e-01	1.25e-06	1.34e-06
 9.88880e+21	2.08e-01	7.20e-01	7.12e-02	2.99e-05	1.73e-05	0.00e+00	0.00e+00	0.00e+00	0.00e+00	2.08e-01	1.36e-06	1.45e-06
 9.90617e+21	2.31e-01	7.11e-01	5.82e-02	2.61e-05	1.35e-05	0.00e+00	0.00e+00	0.00e+00	0.00e+00	2.31e-01	1.47e-06	1.58e-06
 9.92125e+21	2.53e-01	6.99e-01	4.81e-02	2.31e-05	1.07e-05	0.00e+00	0.00e+00	0.00e+00	0.00e+00	2.53e-01	1.58e-06	1.70e-06
 9.93486e+21	2.75e-01	6.85e-01	4.00e-02	2.06e-05	8.58e-06	0.00e+00	0.00e+00	0.00e+00	0.00e+00	2.75e-01	1.68e-06	1.80e-06
 9.95023e+21	3.02e-01	6.67e-01	3.19e-02	1.80e-05	6.52e-06	0.00e+00	0.00e+00	0.00e+00	0.00e+00	3.02e-01	1.80e-06	1.93e-06
 9.96683e+21	3.32e-01	6.43e-01	2.48e-02	1.56e-05	4.80e-06	0.00e+00	0.00e+00	0.00e+00	0.00e+00	3.32e-01	1.92e-06	2.05e-06
 9.98160e+21	3.60e-01	6.20e-01	1.95e-02	1.37e-05	3.61e-06	0.00e+00	0.00e+00	0.00e+00	0.00e+00	3.60e-01	2.02e-06	2.16e-06
 9.99624e+21	3.91e-01	5.94e-01	1.50e-02	1.19e-05	2.65e-06	0.00e+00	0.00e+00	0.00e+00	0.00e+00	3.91e-01	2.11e-06	2.26e-06
 1.00116e+22	4.25e-01	5.64e-01	1.13e-02	1.03e-05	1.90e-06	0.00e+00	0.00e+00	0.00e+00	0.00e+00	4.25e-01	2.20e-06	2.36e-06
 1.00257e+22	4.57e-01	5.35e-01	8.62e-03	9.00e-06	1.38e-06	0.00e+00	0.00e+00	0.00e+00	0.00e+00	4.57e-01	2.27e-06	2.43e-06
 1.00380e+22	4.86e-01	5.08e-01	6.71e-03	7.97e-06	1.03e-06	0.00e+00	0.00e+00	0.00e+00	0.00e+00	4.86e-01	2.32e-06	2.49e-06
 1.00491e+22	5.12e-01	4.83e-01	5.31e-03	7.13e-06	7.85e-07	0.00e+00	0.00e+00	0.00e+00	0.00e+00	5.12e-01	2.36e-06	2.52e-06
 1.00593e+22	5.37e-01	4.59e-01	4.24e-03	6.43e-06	6.06e-07	0.00e+00	0.00e+00	0.00e+00	0.00e+00	5.37e-01	2.38e-06	2.55e-06
 1.00689e+22	5.60e-01	4.36e-01	3.41e-03	5.82e-06	4.72e-07	0.00e+00	0.00e+00	0.00e+00	0.00e+00	5.60e-01	2.39e-06	2.56e-06
 1.00780e+22	5.82e-01	4.15e-01	2.76e-03	5.29e-06	3.71e-07	0.00e+00	0.00e+00	0.00e+00	0.00e+00	5.82e-01	2.40e-06	2.57e-06
 1.00851e+22	5.99e-01	3.99e-01	2.35e-03	4.93e-06	3.10e-07	0.00e+00	0.00e+00	0.00e+00	0.00e+00	5.99e-01	2.40e-06	2.56e-06
 1.00897e+22	6.10e-01	3.88e-01	2.10e-03	4.70e-06	2.73e-07	0.00e+00	0.00e+00	0.00e+00	0.00e+00	6.10e-01	2.39e-06	2.56e-06
 1.00940e+22	6.20e-01	3.78e-01	1.89e-03	4.48e-06	2.42e-07	0.00e+00	0.00e+00	0.00e+00	0.00e+00	6.20e-01	2.39e-06	2.55e-06
 1.00990e+22	6.32e-01	3.66e-01	1.67e-03	4.25e-06	2.11e-07	0.00e+00	0.00e+00	0.00e+00	0.00e+00	6.32e-01	2.38e-06	2.54e-06
 1.01043e+22	6.45e-01	3.53e-01	1.46e-03	4.01e-06	1.81e-07	0.00e+00	0.00e+00	0.00e+00	0.00e+00	6.45e-01	2.37e-06	2.53e-06
 1.01095e+22	6.57e-01	3.41e-01	1.28e-03	3.79e-06	1.56e-07	0.00e+00	0.00e+00	0.00e+00	0.00e+00	6.57e-01	2.35e-06	2.52e-06
 1.01144e+22	6.69e-01	3.30e-01	1.13e-03	3.59e-06	1.36e-07	0.00e+00	0.00e+00	0.00e+00	0.00e+00	6.69e-01	2.34e-06	2.50e-06
 1.01193e+22	6.80e-01	3.19e-01	9.91e-04	3.40e-06	0.00e+00	0.00e+00	0.00e+00	0.00e+00	0.00e+00	6.80e-01	2.32e-06	2.48e-06
 1.01242e+22	6.91e-01	3.08e-01	8.73e-04	3.22e-06	0.00e+00	0.00e+00	0.00e+00	0.00e+00	0.00e+00	6.91e-01	2.30e-06	2.46e-06
 1.01290e+22	7.02e-01	2.97e-01	7.67e-04	3.05e-06	0.00e+00	0.00e+00	0.00e+00	0.00e+00	0.00e+00	7.02e-01	2.28e-06	2.44e-06
 1.01339e+22	7.13e-01	2.86e-01	6.75e-04	2.89e-06	0.00e+00	0.00e+00	0.00e+00	0.00e+00	0.00e+00	7.13e-01	2.26e-06	2.41e-06
 1.01387e+22	7.24e-01	2.76e-01	5.92e-04	2.73e-06	0.00e+00	0.00e+00	0.00e+00	0.00e+00	0.00e+00	7.24e-01	2.24e-06	2.38e-06
 1.01436e+22	7.34e-01	2.65e-01	5.21e-04	2.59e-06	0.00e+00	0.00e+00	0.00e+00	0.00e+00	0.00e+00	7.34e-01	2.21e-06	2.36e-06
 1.01483e+22	7.44e-01	2.55e-01	4.58e-04	2.45e-06	0.00e+00	0.00e+00	0.00e+00	0.00e+00	0.00e+00	7.44e-01	2.18e-06	2.33e-06
 1.01530e+22	7.54e-01	2.46e-01	4.05e-04	2.33e-06	0.00e+00	0.00e+00	0.00e+00	0.00e+00	0.00e+00	7.54e-01	2.16e-06	2.30e-06
 1.01577e+22	7.63e-01	2.36e-01	3.57e-04	2.20e-06	0.00e+00	0.00e+00	0.00e+00	0.00e+00	0.00e+00	7.63e-01	2.13e-06	2.27e-06
 1.01625e+22	7.72e-01	2.27e-01	3.15e-04	2.09e-06	0.00e+00	0.00e+00	0.00e+00	0.00e+00	0.00e+00	7.72e-01	2.10e-06	2.23e-06
 1.01672e+22	7.82e-01	2.18e-01	2.78e-04	1.98e-06	0.00e+00	0.00e+00	0.00e+00	0.00e+00	0.00e+00	7.82e-01	2.07e-06	2.20e-06
 1.01718e+22	7.90e-01	2.10e-01	2.47e-04	1.87e-06	0.00e+00	0.00e+00	0.00e+00	0.00e+00	0.00e+00	7.90e-01	2.04e-06	2.17e-06
 1.01765e+22	7.99e-01	2.01e-01	2.19e-04	1.78e-06	0.00e+00	0.00e+00	0.00e+00	0.00e+00	0.00e+00	7.99e-01	2.01e-06	2.13e-06
 1.01811e+22	8.07e-01	1.93e-01	1.95e-04	1.69e-06	0.00e+00	0.00e+00	0.00e+00	0.00e+00	0.00e+00	8.07e-01	1.98e-06	2.10e-06
 1.01859e+22	8.15e-01	1.85e-01	1.74e-04	1.59e-06	0.00e+00	0.00e+00	0.00e+00	0.00e+00	0.00e+00	8.15e-01	1.94e-06	2.06e-06
 1.01905e+22	8.22e-01	1.78e-01	1.56e-04	1.51e-06	0.00e+00	0.00e+00	0.00e+00	0.00e+00	0.00e+00	8.22e-01	1.91e-06	2.03e-06
 1.01952e+22	8.30e-01	1.70e-01	1.40e-04	1.44e-06	0.00e+00	0.00e+00	0.00e+00	0.00e+00	0.00e+00	8.30e-01	1.88e-06	1.99e-06
 1.01999e+22	8.37e-01	1.63e-01	1.27e-04	1.36e-06	0.00e+00	0.00e+00	0.00e+00	0.00e+00	0.00e+00	8.37e-01	1.85e-06	1.96e-06
 1.02046e+22	8.43e-01	1.56e-01	1.15e-04	1.29e-06	0.00e+00	0.00e+00	0.00e+00	0.00e+00	0.00e+00	8.43e-01	1.81e-06	1.92e-06
 1.02092e+22	8.50e-01	1.50e-01	1.05e-04	1.23e-06	0.00e+00	0.00e+00	0.00e+00	0.00e+00	0.00e+00	8.50e-01	1.78e-06	1.89e-06
 1.02138e+22	8.56e-01	1.44e-01	9.62e-05	1.17e-06	0.00e+00	0.00e+00	0.00e+00	0.00e+00	0.00e+00	8.56e-01	1.75e-06	1.86e-06
 1.02183e+22	8.61e-01	1.38e-01	8.89e-05	1.11e-06	0.00e+00	0.00e+00	0.00e+00	0.00e+00	0.00e+00	8.61e-01	1.72e-06	1.82e-06
 1.02229e+22	8.67e-01	1.33e-01	8.26e-05	1.06e-06	0.00e+00	0.00e+00	0.00e+00	0.00e+00	0.00e+00	8.67e-01	1.70e-06	1.79e-06
 1.02274e+22	8.72e-01	1.28e-01	7.72e-05	1.02e-06	0.00e+00	0.00e+00	0.00e+00	0.00e+00	0.00e+00	8.72e-01	1.67e-06	1.77e-06
 1.02319e+22	8.77e-01	1.23e-01	7.25e-05	9.71e-07	0.00e+00	0.00e+00	0.00e+00	0.00e+00	0.00e+00	8.77e-01	1.64e-06	1.74e-06
 1.02365e+22	8.81e-01	1.19e-01	6.85e-05	9.29e-07	0.00e+00	0.00e+00	0.00e+00	0.00e+00	0.00e+00	8.81e-01	1.62e-06	1.71e-06
 1.02411e+22	8.86e-01	1.14e-01	6.49e-05	8.89e-07	0.00e+00	0.00e+00	0.00e+00	0.00e+00	0.00e+00	8.86e-01	1.60e-06	1.68e-06
 1.02458e+22	8.90e-01	1.10e-01	6.19e-05	8.53e-07	0.00e+00	0.00e+00	0.00e+00	0.00e+00	0.00e+00	8.90e-01	1.57e-06	1.66e-06
 1.02505e+22	8.93e-01	1.06e-01	5.92e-05	8.19e-07	0.00e+00	0.00e+00	0.00e+00	0.00e+00	0.00e+00	8.93e-01	1.55e-06	1.64e-06
 1.02554e+22	8.97e-01	1.03e-01	5.69e-05	7.87e-07	0.00e+00	0.00e+00	0.00e+00	0.00e+00	0.00e+00	8.97e-01	1.53e-06	1.61e-06
 1.02604e+22	9.00e-01	9.95e-02	5.49e-05	7.57e-07	0.00e+00	0.00e+00	0.00e+00	0.00e+00	0.00e+00	9.00e-01	1.51e-06	1.59e-06
 1.02655e+22	9.04e-01	9.63e-02	5.32e-05	7.30e-07	0.00e+00	0.00e+00	0.00e+00	0.00e+00	0.00e+00	9.04e-01	1.49e-06	1.57e-06
 1.02709e+22	9.07e-01	9.33e-02	5.16e-05	7.04e-07	0.00e+00	0.00e+00	0.00e+00	0.00e+00	0.00e+00	9.07e-01	1.47e-06	1.55e-06
 1.02766e+22	9.09e-01	9.05e-02	5.03e-05	6.80e-07	0.00e+00	0.00e+00	0.00e+00	0.00e+00	0.00e+00	9.09e-01	1.46e-06	1.53e-06
 1.02826e+22	9.12e-01	8.79e-02	4.91e-05	6.57e-07	0.00e+00	0.00e+00	0.00e+00	0.00e+00	0.00e+00	9.12e-01	1.44e-06	1.52e-06
 1.02891e+22	9.15e-01	8.54e-02	4.81e-05	6.37e-07	0.00e+00	0.00e+00	0.00e+00	0.00e+00	0.00e+00	9.15e-01	1.43e-06	1.50e-06
 1.02961e+22	9.17e-01	8.31e-02	4.72e-05	6.18e-07	0.00e+00	0.00e+00	0.00e+00	0.00e+00	0.00e+00	9.17e-01	1.41e-06	1.48e-06
 1.03040e+22	9.19e-01	8.10e-02	4.64e-05	6.00e-07	0.00e+00	0.00e+00	0.00e+00	0.00e+00	0.00e+00	9.19e-01	1.40e-06	1.47e-06
 1.03129e+22	9.21e-01	7.91e-02	4.57e-05	5.84e-07	0.00e+00	0.00e+00	0.00e+00	0.00e+00	0.00e+00	9.21e-01	1.39e-06	1.46e-06
 1.03233e+22	9.23e-01	7.74e-02	4.51e-05	5.69e-07	0.00e+00	0.00e+00	0.00e+00	0.00e+00	0.00e+00	9.23e-01	1.38e-06	1.45e-06
 1.03347e+22	9.24e-01	7.60e-02	4.46e-05	5.58e-07	0.00e+00	0.00e+00	0.00e+00	0.00e+00	0.00e+00	9.24e-01	1.37e-06	1.44e-06
 1.03460e+22	9.25e-01	7.50e-02	4.43e-05	5.50e-07	0.00e+00	0.00e+00	0.00e+00	0.00e+00	0.00e+00	9.25e-01	1.36e-06	1.43e-06
 1.03572e+22	9.26e-01	7.43e-02	4.41e-05	5.43e-07	0.00e+00	0.00e+00	0.00e+00	0.00e+00	0.00e+00	9.26e-01	1.36e-06	1.42e-06
 1.03684e+22	9.26e-01	7.38e-02	4.39e-05	5.39e-07	0.00e+00	0.00e+00	0.00e+00	0.00e+00	0.00e+00	9.26e-01	1.35e-06	1.42e-06
 1.03795e+22	9.27e-01	7.34e-02	4.37e-05	5.35e-07	0.00e+00	0.00e+00	0.00e+00	0.00e+00	0.00e+00	9.27e-01	1.35e-06	1.42e-06
 1.03906e+22	9.27e-01	7.28e-02	4.36e-05	5.31e-07	0.00e+00	0.00e+00	0.00e+00	0.00e+00	0.00e+00	9.27e-01	1.35e-06	1.41e-06
 1.04017e+22	9.27e-01	7.28e-02	4.35e-05	5.30e-07	0.00e+00	0.00e+00	0.00e+00	0.00e+00	0.00e+00	9.27e-01	1.35e-06	1.41e-06
 1.04128e+22	9.27e-01	7.25e-02	4.34e-05	5.27e-07	0.00e+00	0.00e+00	0.00e+00	0.00e+00	0.00e+00	9.27e-01	1.35e-06	1.41e-06
 1.04238e+22	9.28e-01	7.24e-02	4.34e-05	5.26e-07	0.00e+00	0.00e+00	0.00e+00	0.00e+00	0.00e+00	9.28e-01	1.34e-06	1.41e-06
 1.04365e+22	9.28e-01	7.22e-02	4.33e-05	5.24e-07	0.00e+00	0.00e+00	0.00e+00	0.00e+00	0.00e+00	9.28e-01	1.34e-06	1.41e-06
 1.04530e+22	9.28e-01	7.22e-02	4.32e-05	5.23e-07	0.00e+00	0.00e+00	0.00e+00	0.00e+00	0.00e+00	9.28e-01	1.34e-06	1.41e-06
 1.04745e+22	9.28e-01	7.19e-02	4.31e-05	5.20e-07	0.00e+00	0.00e+00	0.00e+00	0.00e+00	0.00e+00	9.28e-01	1.34e-06	1.41e-06
 1.05024e+22	9.28e-01	7.18e-02	4.30e-05	5.19e-07	0.00e+00	0.00e+00	0.00e+00	0.00e+00	0.00e+00	9.28e-01	1.34e-06	1.41e-06
 1.05387e+22	9.29e-01	7.14e-02	4.29e-05	5.14e-07	0.00e+00	0.00e+00	0.00e+00	0.00e+00	0.00e+00	9.29e-01	1.34e-06	1.40e-06
 1.05859e+22	9.29e-01	7.14e-02	4.27e-05	5.12e-07	0.00e+00	0.00e+00	0.00e+00	0.00e+00	0.00e+00	9.29e-01	1.34e-06	1.40e-06
 1.06472e+22	9.29e-01	7.11e-02	4.25e-05	5.08e-07	0.00e+00	0.00e+00	0.00e+00	0.00e+00	0.00e+00	9.29e-01	1.34e-06	1.40e-06
 1.07269e+22	9.29e-01	7.07e-02	4.22e-05	5.02e-07	0.00e+00	0.00e+00	0.00e+00	0.00e+00	0.00e+00	9.29e-01	1.33e-06	1.40e-06
 1.08305e+22	9.30e-01	7.02e-02	4.18e-05	4.95e-07	0.00e+00	0.00e+00	0.00e+00	0.00e+00	0.00e+00	9.30e-01	1.33e-06	1.39e-06
 1.09652e+22	9.30e-01	6.95e-02	4.13e-05	4.85e-07	0.00e+00	0.00e+00	0.00e+00	0.00e+00	0.00e+00	9.30e-01	1.33e-06	1.39e-06
 1.11404e+22	9.31e-01	6.88e-02	4.07e-05	4.75e-07	0.00e+00	0.00e+00	0.00e+00	0.00e+00	0.00e+00	9.31e-01	1.32e-06	1.38e-06
 1.13680e+22	9.32e-01	6.78e-02	3.99e-05	4.60e-07	0.00e+00	0.00e+00	0.00e+00	0.00e+00	0.00e+00	9.32e-01	1.32e-06	1.38e-06
 1.16640e+22	9.33e-01	6.67e-02	3.90e-05	4.43e-07	0.00e+00	0.00e+00	0.00e+00	0.00e+00	0.00e+00	9.33e-01	1.31e-06	1.37e-06
 1.20487e+22	9.34e-01	6.55e-02	3.78e-05	4.24e-07	0.00e+00	0.00e+00	0.00e+00	0.00e+00	0.00e+00	9.34e-01	1.30e-06	1.36e-06
 1.25489e+22	9.36e-01	6.39e-02	3.64e-05	4.00e-07	0.00e+00	0.00e+00	0.00e+00	0.00e+00	0.00e+00	9.36e-01	1.29e-06	1.35e-06
 1.31991e+22	9.38e-01	6.23e-02	3.47e-05	3.73e-07	0.00e+00	0.00e+00	0.00e+00	0.00e+00	0.00e+00	9.38e-01	1.28e-06	1.34e-06
 1.40444e+22	9.39e-01	6.05e-02	3.27e-05	3.44e-07	0.00e+00	0.00e+00	0.00e+00	0.00e+00	0.00e+00	9.39e-01	1.27e-06	1.32e-06
 1.51205e+22	9.41e-01	5.87e-02	3.04e-05	3.11e-07	0.00e+00	0.00e+00	0.00e+00	0.00e+00	0.00e+00	9.41e-01	1.26e-06	1.31e-06
 1.64456e+22	9.43e-01	5.71e-02	2.78e-05	2.79e-07	0.00e+00	0.00e+00	0.00e+00	0.00e+00	0.00e+00	9.43e-01	1.25e-06	1.30e-06
 1.78565e+22	9.44e-01	5.58e-02	2.55e-05	2.51e-07	0.00e+00	0.00e+00	0.00e+00	0.00e+00	0.00e+00	9.44e-01	1.24e-06	1.29e-06
 1.91566e+22	9.45e-01	5.49e-02	2.36e-05	2.29e-07	0.00e+00	0.00e+00	0.00e+00	0.00e+00	0.00e+00	9.45e-01	1.24e-06	1.28e-06
 2.03266e+22	9.46e-01	5.42e-02	2.20e-05	2.12e-07	0.00e+00	0.00e+00	0.00e+00	0.00e+00	0.00e+00	9.46e-01	1.23e-06	1.28e-06
 2.13796e+22	9.46e-01	5.36e-02	2.07e-05	1.98e-07	0.00e+00	0.00e+00	0.00e+00	0.00e+00	0.00e+00	9.46e-01	1.23e-06	1.27e-06
 2.23273e+22	9.47e-01	5.32e-02	1.96e-05	1.86e-07	0.00e+00	0.00e+00	0.00e+00	0.00e+00	0.00e+00	9.47e-01	1.23e-06	1.27e-06
 2.31803e+22	9.47e-01	5.29e-02	1.87e-05	1.77e-07	0.00e+00	0.00e+00	0.00e+00	0.00e+00	0.00e+00	9.47e-01	1.22e-06	1.27e-06
 2.39479e+22	9.47e-01	5.25e-02	1.80e-05	1.69e-07	0.00e+00	0.00e+00	0.00e+00	0.00e+00	0.00e+00	9.47e-01	1.22e-06	1.27e-06
 2.46388e+22	9.48e-01	5.23e-02	1.73e-05	1.62e-07	0.00e+00	0.00e+00	0.00e+00	0.00e+00	0.00e+00	9.48e-01	1.22e-06	1.26e-06
 2.52606e+22	9.48e-01	5.21e-02	1.67e-05	1.56e-07	0.00e+00	0.00e+00	0.00e+00	0.00e+00	0.00e+00	9.48e-01	1.22e-06	1.26e-06
 2.58202e+22	9.48e-01	5.19e-02	1.62e-05	1.51e-07	0.00e+00	0.00e+00	0.00e+00	0.00e+00	0.00e+00	9.48e-01	1.22e-06	1.26e-06
 2.63239e+22	9.48e-01	5.18e-02	1.58e-05	1.47e-07	0.00e+00	0.00e+00	0.00e+00	0.00e+00	0.00e+00	9.48e-01	1.21e-06	1.26e-06
 2.67772e+22	9.48e-01	5.16e-02	1.54e-05	1.43e-07	0.00e+00	0.00e+00	0.00e+00	0.00e+00	0.00e+00	9.48e-01	1.21e-06	1.26e-06
 2.71851e+22	9.49e-01	5.15e-02	1.51e-05	1.40e-07	0.00e+00	0.00e+00	0.00e+00	0.00e+00	0.00e+00	9.49e-01	1.21e-06	1.26e-06
 2.75523e+22	9.49e-01	5.14e-02	1.48e-05	1.37e-07	0.00e+00	0.00e+00	0.00e+00	0.00e+00	0.00e+00	9.49e-01	1.21e-06	1.26e-06
 2.78827e+22	9.49e-01	5.12e-02	1.46e-05	1.34e-07	0.00e+00	0.00e+00	0.00e+00	0.00e+00	0.00e+00	9.49e-01	1.21e-06	1.26e-06
 2.81935e+22	9.49e-01	5.12e-02	1.43e-05	1.32e-07	0.00e+00	0.00e+00	0.00e+00	0.00e+00	0.00e+00	9.49e-01	1.21e-06	1.26e-06
 2.85021e+22	9.49e-01	5.10e-02	1.41e-05	1.30e-07	0.00e+00	0.00e+00	0.00e+00	0.00e+00	0.00e+00	9.49e-01	1.21e-06	1.26e-06
 2.88107e+22	9.49e-01	5.09e-02	1.39e-05	1.28e-07	0.00e+00	0.00e+00	0.00e+00	0.00e+00	0.00e+00	9.49e-01	1.21e-06	1.26e-06
 2.91193e+22	9.49e-01	5.08e-02	1.37e-05	1.25e-07	0.00e+00	0.00e+00	0.00e+00	0.00e+00	0.00e+00	9.49e-01	1.20e-06	1.25e-06
 2.94278e+22	9.49e-01	5.07e-02	1.35e-05	0.00e+00	0.00e+00	0.00e+00	0.00e+00	0.00e+00	0.00e+00	9.49e-01	1.20e-06	1.25e-06
 2.97364e+22	9.49e-01	5.06e-02	1.32e-05	0.00e+00	0.00e+00	0.00e+00	0.00e+00	0.00e+00	0.00e+00	9.49e-01	1.20e-06	1.25e-06
 3.00450e+22	9.49e-01	5.05e-02	1.30e-05	0.00e+00	0.00e+00	0.00e+00	0.00e+00	0.00e+00	0.00e+00	9.49e-01	1.20e-06	1.25e-06
 3.03535e+22	9.50e-01	5.03e-02	1.28e-05	0.00e+00	0.00e+00	0.00e+00	0.00e+00	0.00e+00	0.00e+00	9.50e-01	1.20e-06	1.25e-06
 3.06621e+22	9.50e-01	5.02e-02	1.26e-05	0.00e+00	0.00e+00	0.00e+00	0.00e+00	0.00e+00	0.00e+00	9.50e-01	1.20e-06	1.25e-06
 3.08366e+22	9.50e-01	5.01e-02	1.25e-05	0.00e+00	0.00e+00	0.00e+00	0.00e+00	0.00e+00	0.00e+00	9.50e-01	1.20e-06	1.25e-06
