#depth	O	O+	O+2	O+3	O+4	O+5	O+6	O+7	O+8	O[1]	O[2]	O[3]
 2.12996e+15	6.26e-02	8.78e-01	5.95e-02	1.51e-04	6.70e-07	0.00e+00	0.00e+00	0.00e+00	0.00e+00	6.26e-02	6.25e-06	5.00e-06
 1.27798e+16	6.27e-02	8.78e-01	5.95e-02	1.51e-04	6.67e-07	0.00e+00	0.00e+00	0.00e+00	0.00e+00	6.27e-02	6.26e-06	5.00e-06
 5.53789e+16	6.24e-02	8.78e-01	5.99e-02	1.52e-04	6.71e-07	0.00e+00	0.00e+00	0.00e+00	0.00e+00	6.24e-02	6.23e-06	4.98e-06
 2.25776e+17	6.19e-02	8.77e-01	6.10e-02	1.53e-04	6.79e-07	0.00e+00	0.00e+00	0.00e+00	0.00e+00	6.19e-02	6.18e-06	4.94e-06
 5.39306e+17	5.82e-02	8.76e-01	6.60e-02	1.70e-04	7.46e-07	0.00e+00	0.00e+00	0.00e+00	0.00e+00	5.82e-02	5.80e-06	4.66e-06
 9.46894e+17	5.68e-02	8.75e-01	6.80e-02	1.73e-04	7.63e-07	0.00e+00	0.00e+00	0.00e+00	0.00e+00	5.68e-02	5.65e-06	4.55e-06
 1.47676e+18	5.70e-02	8.75e-01	6.79e-02	1.64e-04	7.41e-07	0.00e+00	0.00e+00	0.00e+00	0.00e+00	5.70e-02	5.67e-06	4.57e-06
 2.16559e+18	5.92e-02	8.76e-01	6.51e-02	1.44e-04	6.77e-07	0.00e+00	0.00e+00	0.00e+00	0.00e+00	5.92e-02	5.89e-06	4.73e-06
 3.00589e+18	6.36e-02	8.76e-01	5.99e-02	1.17e-04	5.82e-07	0.00e+00	0.00e+00	0.00e+00	0.00e+00	6.36e-02	6.35e-06	5.07e-06
 3.87868e+18	7.03e-02	8.76e-01	5.32e-02	8.89e-05	4.80e-07	0.00e+00	0.00e+00	0.00e+00	0.00e+00	7.03e-02	7.04e-06	5.58e-06
 4.78375e+18	8.09e-02	8.74e-01	4.48e-02	6.17e-05	3.69e-07	0.00e+00	0.00e+00	0.00e+00	0.00e+00	8.09e-02	8.12e-06	6.36e-06
 5.81730e+18	9.77e-02	8.67e-01	3.52e-02	3.78e-05	2.60e-07	0.00e+00	0.00e+00	0.00e+00	0.00e+00	9.77e-02	9.81e-06	7.59e-06
 6.88883e+18	1.23e-01	8.51e-01	2.61e-02	2.11e-05	1.71e-07	0.00e+00	0.00e+00	0.00e+00	0.00e+00	1.23e-01	1.22e-05	9.33e-06
 7.81815e+18	1.54e-01	8.27e-01	1.91e-02	1.18e-05	0.00e+00	0.00e+00	0.00e+00	0.00e+00	0.00e+00	1.54e-01	1.51e-05	1.14e-05
 8.54904e+18	1.87e-01	7.99e-01	1.43e-02	7.08e-06	0.00e+00	0.00e+00	0.00e+00	0.00e+00	0.00e+00	1.87e-01	1.80e-05	1.34e-05
 9.15677e+18	2.20e-01	7.69e-01	1.10e-02	4.54e-06	0.00e+00	0.00e+00	0.00e+00	0.00e+00	0.00e+00	2.20e-01	2.07e-05	1.54e-05
 9.72326e+18	2.57e-01	7.35e-01	8.53e-03	2.97e-06	0.00e+00	0.00e+00	0.00e+00	0.00e+00	0.00e+00	2.57e-01	2.34e-05	1.73e-05
 1.02829e+19	2.98e-01	6.95e-01	6.53e-03	1.94e-06	0.00e+00	0.00e+00	0.00e+00	0.00e+00	0.00e+00	2.98e-01	2.61e-05	1.92e-05
 1.08050e+19	3.40e-01	6.55e-01	5.04e-03	1.32e-06	0.00e+00	0.00e+00	0.00e+00	0.00e+00	0.00e+00	3.40e-01	2.85e-05	2.10e-05
 1.12442e+19	3.77e-01	6.19e-01	4.04e-03	9.56e-07	0.00e+00	0.00e+00	0.00e+00	0.00e+00	0.00e+00	3.77e-01	3.04e-05	2.23e-05
 1.16061e+19	4.09e-01	5.88e-01	3.36e-03	7.40e-07	0.00e+00	0.00e+00	0.00e+00	0.00e+00	0.00e+00	4.09e-01	3.18e-05	2.32e-05
 1.19331e+19	4.38e-01	5.60e-01	2.84e-03	5.91e-07	0.00e+00	0.00e+00	0.00e+00	0.00e+00	0.00e+00	4.38e-01	3.28e-05	2.40e-05
 1.22517e+19	4.66e-01	5.32e-01	2.40e-03	4.78e-07	0.00e+00	0.00e+00	0.00e+00	0.00e+00	0.00e+00	4.66e-01	3.37e-05	2.46e-05
 1.25667e+19	4.93e-01	5.05e-01	2.04e-03	3.91e-07	0.00e+00	0.00e+00	0.00e+00	0.00e+00	0.00e+00	4.93e-01	3.44e-05	2.50e-05
 1.28719e+19	5.18e-01	4.80e-01	1.75e-03	3.26e-07	0.00e+00	0.00e+00	0.00e+00	0.00e+00	0.00e+00	5.18e-01	3.48e-05	2.53e-05
 1.31555e+19	5.41e-01	4.58e-01	1.52e-03	2.77e-07	0.00e+00	0.00e+00	0.00e+00	0.00e+00	0.00e+00	5.40e-01	3.51e-05	2.55e-05
 1.34269e+19	5.62e-01	4.37e-01	1.32e-03	2.38e-07	0.00e+00	0.00e+00	0.00e+00	0.00e+00	0.00e+00	5.62e-01	3.53e-05	2.56e-05
 1.37064e+19	5.83e-01	4.16e-01	1.15e-03	2.05e-07	0.00e+00	0.00e+00	0.00e+00	0.00e+00	0.00e+00	5.83e-01	3.54e-05	2.57e-05
 1.39386e+19	5.99e-01	4.00e-01	1.03e-03	1.83e-07	0.00e+00	0.00e+00	0.00e+00	0.00e+00	0.00e+00	5.99e-01	3.54e-05	2.56e-05
 1.40981e+19	6.09e-01	3.90e-01	9.56e-04	1.70e-07	0.00e+00	0.00e+00	0.00e+00	0.00e+00	0.00e+00	6.09e-01	3.53e-05	2.56e-05
 1.42494e+19	6.20e-01	3.80e-01	8.87e-04	1.58e-07	0.00e+00	0.00e+00	0.00e+00	0.00e+00	0.00e+00	6.20e-01	3.52e-05	2.55e-05
 1.44258e+19	6.31e-01	3.68e-01	8.13e-04	1.45e-07	0.00e+00	0.00e+00	0.00e+00	0.00e+00	0.00e+00	6.31e-01	3.51e-05	2.54e-05
 1.46195e+19	6.43e-01	3.56e-01	7.41e-04	1.33e-07	0.00e+00	0.00e+00	0.00e+00	0.00e+00	0.00e+00	6.43e-01	3.50e-05	2.53e-05
 1.48145e+19	6.55e-01	3.44e-01	6.76e-04	1.23e-07	0.00e+00	0.00e+00	0.00e+00	0.00e+00	0.00e+00	6.55e-01	3.48e-05	2.52e-05
 1.50094e+19	6.66e-01	3.33e-01	6.17e-04	0.00e+00	0.00e+00	0.00e+00	0.00e+00	0.00e+00	0.00e+00	6.66e-01	3.46e-05	2.50e-05
 1.52089e+19	6.77e-01	3.22e-01	5.63e-04	0.00e+00	0.00e+00	0.00e+00	0.00e+00	0.00e+00	0.00e+00	6.77e-01	3.44e-05	2.48e-05
 1.54155e+19	6.88e-01	3.12e-01	5.12e-04	0.00e+00	0.00e+00	0.00e+00	0.00e+00	0.00e+00	0.00e+00	6.88e-01	3.41e-05	2.46e-05
 1.56288e+19	6.99e-01	3.01e-01	4.64e-04	0.00e+00	0.00e+00	0.00e+00	0.00e+00	0.00e+00	0.00e+00	6.99e-01	3.38e-05	2.44e-05
 1.58479e+19	7.09e-01	2.91e-01	4.21e-04	0.00e+00	0.00e+00	0.00e+00	0.00e+00	0.00e+00	0.00e+00	7.09e-01	3.35e-05	2.42e-05
 1.60732e+19	7.19e-01	2.80e-01	3.81e-04	0.00e+00	0.00e+00	0.00e+00	0.00e+00	0.00e+00	0.00e+00	7.19e-01	3.32e-05	2.39e-05
 1.63053e+19	7.29e-01	2.70e-01	3.44e-04	0.00e+00	0.00e+00	0.00e+00	0.00e+00	0.00e+00	0.00e+00	7.29e-01	3.28e-05	2.37e-05
 1.65445e+19	7.39e-01	2.61e-01	3.10e-04	0.00e+00	0.00e+00	0.00e+00	0.00e+00	0.00e+00	0.00e+00	7.39e-01	3.25e-05	2.34e-05
 1.67911e+19	7.48e-01	2.51e-01	2.79e-04	0.00e+00	0.00e+00	0.00e+00	0.00e+00	0.00e+00	0.00e+00	7.48e-01	3.21e-05	2.31e-05
 1.70460e+19	7.58e-01	2.42e-01	2.51e-04	0.00e+00	0.00e+00	0.00e+00	0.00e+00	0.00e+00	0.00e+00	7.58e-01	3.17e-05	2.28e-05
 1.73090e+19	7.67e-01	2.33e-01	2.24e-04	0.00e+00	0.00e+00	0.00e+00	0.00e+00	0.00e+00	0.00e+00	7.67e-01	3.13e-05	2.25e-05
 1.75770e+19	7.76e-01	2.24e-01	2.01e-04	0.00e+00	0.00e+00	0.00e+00	0.00e+00	0.00e+00	0.00e+00	7.76e-01	3.08e-05	2.22e-05
 1.78538e+19	7.84e-01	2.16e-01	1.79e-04	0.00e+00	0.00e+00	0.00e+00	0.00e+00	0.00e+00	0.00e+00	7.84e-01	3.04e-05	2.18e-05
 1.81399e+19	7.92e-01	2.07e-01	1.60e-04	0.00e+00	0.00e+00	0.00e+00	0.00e+00	0.00e+00	0.00e+00	7.92e-01	2.99e-05	2.15e-05
 1.84350e+19	8.01e-01	1.99e-01	1.42e-04	0.00e+00	0.00e+00	0.00e+00	0.00e+00	0.00e+00	0.00e+00	8.01e-01	2.95e-05	2.11e-05
 1.87379e+19	8.08e-01	1.91e-01	1.27e-04	0.00e+00	0.00e+00	0.00e+00	0.00e+00	0.00e+00	0.00e+00	8.08e-01	2.90e-05	2.08e-05
 1.90510e+19	8.16e-01	1.84e-01	1.12e-04	0.00e+00	0.00e+00	0.00e+00	0.00e+00	0.00e+00	0.00e+00	8.16e-01	2.85e-05	2.05e-05
 1.93759e+19	8.24e-01	1.76e-01	9.92e-05	0.00e+00	0.00e+00	0.00e+00	0.00e+00	0.00e+00	0.00e+00	8.24e-01	2.81e-05	2.01e-05
 1.97056e+19	8.31e-01	1.69e-01	8.79e-05	0.00e+00	0.00e+00	0.00e+00	0.00e+00	0.00e+00	0.00e+00	8.31e-01	2.76e-05	1.98e-05
 2.00444e+19	8.37e-01	1.62e-01	7.77e-05	0.00e+00	0.00e+00	0.00e+00	0.00e+00	0.00e+00	0.00e+00	8.37e-01	2.72e-05	1.94e-05
 2.03970e+19	8.44e-01	1.56e-01	6.85e-05	0.00e+00	0.00e+00	0.00e+00	0.00e+00	0.00e+00	0.00e+00	8.44e-01	2.67e-05	1.91e-05
 2.07602e+19	8.51e-01	1.49e-01	6.05e-05	0.00e+00	0.00e+00	0.00e+00	0.00e+00	0.00e+00	0.00e+00	8.50e-01	2.63e-05	1.88e-05
 2.11284e+19	8.57e-01	1.43e-01	5.34e-05	0.00e+00	0.00e+00	0.00e+00	0.00e+00	0.00e+00	0.00e+00	8.57e-01	2.58e-05	1.84e-05
 2.15043e+19	8.62e-01	1.38e-01	4.72e-05	0.00e+00	0.00e+00	0.00e+00	0.00e+00	0.00e+00	0.00e+00	8.62e-01	2.54e-05	1.81e-05
 2.18885e+19	8.68e-01	1.32e-01	4.18e-05	0.00e+00	0.00e+00	0.00e+00	0.00e+00	0.00e+00	0.00e+00	8.68e-01	2.50e-05	1.78e-05
 2.22824e+19	8.73e-01	1.27e-01	3.70e-05	0.00e+00	0.00e+00	0.00e+00	0.00e+00	0.00e+00	0.00e+00	8.73e-01	2.46e-05	1.75e-05
 2.26878e+19	8.78e-01	1.22e-01	3.28e-05	0.00e+00	0.00e+00	0.00e+00	0.00e+00	0.00e+00	0.00e+00	8.78e-01	2.42e-05	1.72e-05
 2.31008e+19	8.83e-01	1.17e-01	2.91e-05	0.00e+00	0.00e+00	0.00e+00	0.00e+00	0.00e+00	0.00e+00	8.83e-01	2.38e-05	1.70e-05
 2.35238e+19	8.87e-01	1.13e-01	2.59e-05	0.00e+00	0.00e+00	0.00e+00	0.00e+00	0.00e+00	0.00e+00	8.87e-01	2.34e-05	1.67e-05
 2.39642e+19	8.92e-01	1.08e-01	2.31e-05	0.00e+00	0.00e+00	0.00e+00	0.00e+00	0.00e+00	0.00e+00	8.92e-01	2.31e-05	1.64e-05
 2.44233e+19	8.96e-01	1.04e-01	2.06e-05	0.00e+00	0.00e+00	0.00e+00	0.00e+00	0.00e+00	0.00e+00	8.96e-01	2.27e-05	1.62e-05
 2.48961e+19	8.99e-01	1.01e-01	1.84e-05	0.00e+00	0.00e+00	0.00e+00	0.00e+00	0.00e+00	0.00e+00	8.99e-01	2.24e-05	1.59e-05
 2.53862e+19	9.03e-01	9.68e-02	1.65e-05	0.00e+00	0.00e+00	0.00e+00	0.00e+00	0.00e+00	0.00e+00	9.03e-01	2.21e-05	1.57e-05
 2.59028e+19	9.07e-01	9.33e-02	1.48e-05	0.00e+00	0.00e+00	0.00e+00	0.00e+00	0.00e+00	0.00e+00	9.07e-01	2.18e-05	1.55e-05
 2.64481e+19	9.10e-01	9.00e-02	1.32e-05	0.00e+00	0.00e+00	0.00e+00	0.00e+00	0.00e+00	0.00e+00	9.10e-01	2.15e-05	1.53e-05
 2.70199e+19	9.13e-01	8.69e-02	1.19e-05	0.00e+00	0.00e+00	0.00e+00	0.00e+00	0.00e+00	0.00e+00	9.13e-01	2.12e-05	1.50e-05
 2.76236e+19	9.16e-01	8.39e-02	1.07e-05	0.00e+00	0.00e+00	0.00e+00	0.00e+00	0.00e+00	0.00e+00	9.16e-01	2.10e-05	1.48e-05
 2.82704e+19	9.19e-01	8.11e-02	9.69e-06	0.00e+00	0.00e+00	0.00e+00	0.00e+00	0.00e+00	0.00e+00	9.19e-01	2.07e-05	1.47e-05
 2.89639e+19	9.22e-01	7.83e-02	8.75e-06	0.00e+00	0.00e+00	0.00e+00	0.00e+00	0.00e+00	0.00e+00	9.22e-01	2.05e-05	1.45e-05
 2.97094e+19	9.24e-01	7.57e-02	7.93e-06	0.00e+00	0.00e+00	0.00e+00	0.00e+00	0.00e+00	0.00e+00	9.24e-01	2.02e-05	1.43e-05
 3.05157e+19	9.27e-01	7.32e-02	7.19e-06	0.00e+00	0.00e+00	0.00e+00	0.00e+00	0.00e+00	0.00e+00	9.27e-01	2.00e-05	1.41e-05
 3.13941e+19	9.29e-01	7.09e-02	6.53e-06	0.00e+00	0.00e+00	0.00e+00	0.00e+00	0.00e+00	0.00e+00	9.29e-01	1.98e-05	1.40e-05
 3.23519e+19	9.31e-01	6.86e-02	5.94e-06	0.00e+00	0.00e+00	0.00e+00	0.00e+00	0.00e+00	0.00e+00	9.31e-01	1.95e-05	1.38e-05
 3.34036e+19	9.34e-01	6.65e-02	5.41e-06	0.00e+00	0.00e+00	0.00e+00	0.00e+00	0.00e+00	0.00e+00	9.33e-01	1.93e-05	1.36e-05
 3.45642e+19	9.36e-01	6.44e-02	4.93e-06	0.00e+00	0.00e+00	0.00e+00	0.00e+00	0.00e+00	0.00e+00	9.36e-01	1.91e-05	1.35e-05
 3.58465e+19	9.38e-01	6.24e-02	4.50e-06	0.00e+00	0.00e+00	0.00e+00	0.00e+00	0.00e+00	0.00e+00	9.38e-01	1.89e-05	1.33e-05
 3.72612e+19	9.40e-01	6.04e-02	4.11e-06	0.00e+00	0.00e+00	0.00e+00	0.00e+00	0.00e+00	0.00e+00	9.40e-01	1.87e-05	1.32e-05
 3.88183e+19	9.41e-01	5.85e-02	3.76e-06	0.00e+00	0.00e+00	0.00e+00	0.00e+00	0.00e+00	0.00e+00	9.41e-01	1.86e-05	1.31e-05
 4.05291e+19	9.43e-01	5.67e-02	3.45e-06	0.00e+00	0.00e+00	0.00e+00	0.00e+00	0.00e+00	0.00e+00	9.43e-01	1.84e-05	1.29e-05
 4.23957e+19	9.45e-01	5.49e-02	3.16e-06	0.00e+00	0.00e+00	0.00e+00	0.00e+00	0.00e+00	0.00e+00	9.45e-01	1.82e-05	1.28e-05
 4.44220e+19	9.47e-01	5.31e-02	2.90e-06	0.00e+00	0.00e+00	0.00e+00	0.00e+00	0.00e+00	0.00e+00	9.47e-01	1.80e-05	1.27e-05
 4.66118e+19	9.49e-01	5.14e-02	2.67e-06	0.00e+00	0.00e+00	0.00e+00	0.00e+00	0.00e+00	0.00e+00	9.49e-01	1.79e-05	1.25e-05
 4.89669e+19	9.50e-01	4.98e-02	2.47e-06	0.00e+00	0.00e+00	0.00e+00	0.00e+00	0.00e+00	0.00e+00	9.50e-01	1.77e-05	1.24e-05
 5.14875e+19	9.52e-01	4.81e-02	2.28e-06	0.00e+00	0.00e+00	0.00e+00	0.00e+00	0.00e+00	0.00e+00	9.52e-01	1.75e-05	1.23e-05
 5.41765e+19	9.53e-01	4.66e-02	2.12e-06	0.00e+00	0.00e+00	0.00e+00	0.00e+00	0.00e+00	0.00e+00	9.53e-01	1.74e-05	1.22e-05
 5.70399e+19	9.55e-01	4.51e-02	1.97e-06	0.00e+00	0.00e+00	0.00e+00	0.00e+00	0.00e+00	0.00e+00	9.55e-01	1.72e-05	1.21e-05
 6.00850e+19	9.56e-01	4.36e-02	1.84e-06	0.00e+00	0.00e+00	0.00e+00	0.00e+00	0.00e+00	0.00e+00	9.56e-01	1.71e-05	1.19e-05
 6.33203e+19	9.58e-01	4.21e-02	1.73e-06	0.00e+00	0.00e+00	0.00e+00	0.00e+00	0.00e+00	0.00e+00	9.58e-01	1.69e-05	1.18e-05
 6.67595e+19	9.59e-01	4.08e-02	1.62e-06	0.00e+00	0.00e+00	0.00e+00	0.00e+00	0.00e+00	0.00e+00	9.59e-01	1.68e-05	1.17e-05
 7.04070e+19	9.61e-01	3.94e-02	1.53e-06	0.00e+00	0.00e+00	0.00e+00	0.00e+00	0.00e+00	0.00e+00	9.61e-01	1.66e-05	1.16e-05
 7.42771e+19	9.62e-01	3.81e-02	1.45e-06	0.00e+00	0.00e+00	0.00e+00	0.00e+00	0.00e+00	0.00e+00	9.62e-01	1.65e-05	1.15e-05
 7.83960e+19	9.63e-01	3.69e-02	1.38e-06	0.00e+00	0.00e+00	0.00e+00	0.00e+00	0.00e+00	0.00e+00	9.63e-01	1.64e-05	1.14e-05
 8.27812e+19	9.64e-01	3.56e-02	1.31e-06	0.00e+00	0.00e+00	0.00e+00	0.00e+00	0.00e+00	0.00e+00	9.64e-01	1.63e-05	1.13e-05
 8.74538e+19	9.66e-01	3.45e-02	1.25e-06	0.00e+00	0.00e+00	0.00e+00	0.00e+00	0.00e+00	0.00e+00	9.66e-01	1.62e-05	1.12e-05
 9.24386e+19	9.67e-01	3.33e-02	1.20e-06	0.00e+00	0.00e+00	0.00e+00	0.00e+00	0.00e+00	0.00e+00	9.67e-01	1.60e-05	1.12e-05
 9.77653e+19	9.68e-01	3.22e-02	1.16e-06	0.00e+00	0.00e+00	0.00e+00	0.00e+00	0.00e+00	0.00e+00	9.68e-01	1.59e-05	1.11e-05
 1.03472e+20	9.69e-01	3.12e-02	1.12e-06	0.00e+00	0.00e+00	0.00e+00	0.00e+00	0.00e+00	0.00e+00	9.69e-01	1.58e-05	1.10e-05
 1.09603e+20	9.70e-01	3.01e-02	1.08e-06	0.00e+00	0.00e+00	0.00e+00	0.00e+00	0.00e+00	0.00e+00	9.70e-01	1.57e-05	1.09e-05
 1.16210e+20	9.71e-01	2.91e-02	1.05e-06	0.00e+00	0.00e+00	0.00e+00	0.00e+00	0.00e+00	0.00e+00	9.71e-01	1.56e-05	1.08e-05
 1.23350e+20	9.72e-01	2.82e-02	1.02e-06	0.00e+00	0.00e+00	0.00e+00	0.00e+00	0.00e+00	0.00e+00	9.72e-01	1.55e-05	1.08e-05
 1.31097e+20	9.73e-01	2.73e-02	9.94e-07	0.00e+00	0.00e+00	0.00e+00	0.00e+00	0.00e+00	0.00e+00	9.73e-01	1.55e-05	1.07e-05
 1.39541e+20	9.74e-01	2.64e-02	9.71e-07	0.00e+00	0.00e+00	0.00e+00	0.00e+00	0.00e+00	0.00e+00	9.74e-01	1.54e-05	1.06e-05
 1.48788e+20	9.74e-01	2.55e-02	9.50e-07	0.00e+00	0.00e+00	0.00e+00	0.00e+00	0.00e+00	0.00e+00	9.74e-01	1.53e-05	1.06e-05
 1.58970e+20	9.75e-01	2.47e-02	9.31e-07	0.00e+00	0.00e+00	0.00e+00	0.00e+00	0.00e+00	0.00e+00	9.75e-01	1.52e-05	1.05e-05
 1.70242e+20	9.76e-01	2.39e-02	9.14e-07	0.00e+00	0.00e+00	0.00e+00	0.00e+00	0.00e+00	0.00e+00	9.76e-01	1.51e-05	1.04e-05
 1.82813e+20	9.77e-01	2.32e-02	8.98e-07	0.00e+00	0.00e+00	0.00e+00	0.00e+00	0.00e+00	0.00e+00	9.77e-01	1.51e-05	1.04e-05
 1.96954e+20	9.78e-01	2.25e-02	8.83e-07	0.00e+00	0.00e+00	0.00e+00	0.00e+00	0.00e+00	0.00e+00	9.77e-01	1.50e-05	1.03e-05
 2.12993e+20	9.78e-01	2.18e-02	8.70e-07	0.00e+00	0.00e+00	0.00e+00	0.00e+00	0.00e+00	0.00e+00	9.78e-01	1.50e-05	1.03e-05
 2.31318e+20	9.79e-01	2.11e-02	8.57e-07	0.00e+00	0.00e+00	0.00e+00	0.00e+00	0.00e+00	0.00e+00	9.79e-01	1.49e-05	1.02e-05
 2.52514e+20	9.79e-01	2.05e-02	8.45e-07	0.00e+00	0.00e+00	0.00e+00	0.00e+00	0.00e+00	0.00e+00	9.79e-01	1.49e-05	1.02e-05
 2.77123e+20	9.80e-01	1.99e-02	8.34e-07	0.00e+00	0.00e+00	0.00e+00	0.00e+00	0.00e+00	0.00e+00	9.80e-01	1.48e-05	1.01e-05
 3.04835e+20	9.81e-01	1.94e-02	8.22e-07	0.00e+00	0.00e+00	0.00e+00	0.00e+00	0.00e+00	0.00e+00	9.81e-01	1.48e-05	1.01e-05
 3.35318e+20	9.81e-01	1.89e-02	8.12e-07	0.00e+00	0.00e+00	0.00e+00	0.00e+00	0.00e+00	0.00e+00	9.81e-01	1.48e-05	1.00e-05
 3.68850e+20	9.81e-01	1.85e-02	8.02e-07	0.00e+00	0.00e+00	0.00e+00	0.00e+00	0.00e+00	0.00e+00	9.81e-01	1.48e-05	1.00e-05
 4.05735e+20	9.82e-01	1.81e-02	7.92e-07	0.00e+00	0.00e+00	0.00e+00	0.00e+00	0.00e+00	0.00e+00	9.82e-01	1.48e-05	9.97e-06
 4.46309e+20	9.82e-01	1.78e-02	7.81e-07	0.00e+00	0.00e+00	0.00e+00	0.00e+00	0.00e+00	0.00e+00	9.82e-01	1.48e-05	9.95e-06
 4.90940e+20	9.82e-01	1.75e-02	7.71e-07	0.00e+00	0.00e+00	0.00e+00	0.00e+00	0.00e+00	0.00e+00	9.82e-01	1.48e-05	9.92e-06
 5.40034e+20	9.83e-01	1.73e-02	7.60e-07	0.00e+00	0.00e+00	0.00e+00	0.00e+00	0.00e+00	0.00e+00	9.83e-01	1.48e-05	9.90e-06
 5.94037e+20	9.83e-01	1.71e-02	7.49e-07	0.00e+00	0.00e+00	0.00e+00	0.00e+00	0.00e+00	0.00e+00	9.83e-01	1.48e-05	9.88e-06
 6.53441e+20	9.83e-01	1.69e-02	7.36e-07	0.00e+00	0.00e+00	0.00e+00	0.00e+00	0.00e+00	0.00e+00	9.83e-01	1.49e-05	9.87e-06
 7.18785e+20	9.83e-01	1.68e-02	7.23e-07	0.00e+00	0.00e+00	0.00e+00	0.00e+00	0.00e+00	0.00e+00	9.83e-01	1.49e-05	9.85e-06
 7.90663e+20	9.83e-01	1.66e-02	7.10e-07	0.00e+00	0.00e+00	0.00e+00	0.00e+00	0.00e+00	0.00e+00	9.83e-01	1.50e-05	9.84e-06
 8.69730e+20	9.84e-01	1.65e-02	6.95e-07	0.00e+00	0.00e+00	0.00e+00	0.00e+00	0.00e+00	0.00e+00	9.83e-01	1.50e-05	9.83e-06
 9.56703e+20	9.84e-01	1.64e-02	6.80e-07	0.00e+00	0.00e+00	0.00e+00	0.00e+00	0.00e+00	0.00e+00	9.84e-01	1.51e-05	9.82e-06
 1.05237e+21	9.84e-01	1.63e-02	6.63e-07	0.00e+00	0.00e+00	0.00e+00	0.00e+00	0.00e+00	0.00e+00	9.84e-01	1.52e-05	9.81e-06
 1.15761e+21	9.84e-01	1.62e-02	6.46e-07	0.00e+00	0.00e+00	0.00e+00	0.00e+00	0.00e+00	0.00e+00	9.84e-01	1.53e-05	9.81e-06
 1.27337e+21	9.84e-01	1.62e-02	6.27e-07	0.00e+00	0.00e+00	0.00e+00	0.00e+00	0.00e+00	0.00e+00	9.84e-01	1.54e-05	9.80e-06
 1.40071e+21	9.84e-01	1.61e-02	6.08e-07	0.00e+00	0.00e+00	0.00e+00	0.00e+00	0.00e+00	0.00e+00	9.84e-01	1.55e-05	9.80e-06
 1.54078e+21	9.84e-01	1.61e-02	5.87e-07	0.00e+00	0.00e+00	0.00e+00	0.00e+00	0.00e+00	0.00e+00	9.84e-01	1.56e-05	9.79e-06
 1.69486e+21	9.84e-01	1.61e-02	5.65e-07	0.00e+00	0.00e+00	0.00e+00	0.00e+00	0.00e+00	0.00e+00	9.84e-01	1.58e-05	9.79e-06
 1.86434e+21	9.84e-01	1.60e-02	5.43e-07	0.00e+00	0.00e+00	0.00e+00	0.00e+00	0.00e+00	0.00e+00	9.84e-01	1.59e-05	9.79e-06
 2.05078e+21	9.84e-01	1.60e-02	5.19e-07	0.00e+00	0.00e+00	0.00e+00	0.00e+00	0.00e+00	0.00e+00	9.84e-01	1.61e-05	9.79e-06
 2.25585e+21	9.84e-01	1.60e-02	4.94e-07	0.00e+00	0.00e+00	0.00e+00	0.00e+00	0.00e+00	0.00e+00	9.84e-01	1.63e-05	9.78e-06
 2.48144e+21	9.84e-01	1.60e-02	4.69e-07	0.00e+00	0.00e+00	0.00e+00	0.00e+00	0.00e+00	0.00e+00	9.84e-01	1.65e-05	9.78e-06
 2.72958e+21	9.84e-01	1.60e-02	4.42e-07	0.00e+00	0.00e+00	0.00e+00	0.00e+00	0.00e+00	0.00e+00	9.84e-01	1.67e-05	9.78e-06
 3.00254e+21	9.84e-01	1.60e-02	4.16e-07	0.00e+00	0.00e+00	0.00e+00	0.00e+00	0.00e+00	0.00e+00	9.84e-01	1.69e-05	9.78e-06
 3.30280e+21	9.84e-01	1.60e-02	3.88e-07	0.00e+00	0.00e+00	0.00e+00	0.00e+00	0.00e+00	0.00e+00	9.84e-01	1.72e-05	9.78e-06
 3.63308e+21	9.84e-01	1.61e-02	3.61e-07	0.00e+00	0.00e+00	0.00e+00	0.00e+00	0.00e+00	0.00e+00	9.84e-01	1.74e-05	9.78e-06
 3.99638e+21	9.84e-01	1.61e-02	3.34e-07	0.00e+00	0.00e+00	0.00e+00	0.00e+00	0.00e+00	0.00e+00	9.84e-01	1.77e-05	9.78e-06
 4.36648e+21	9.84e-01	1.61e-02	3.09e-07	0.00e+00	0.00e+00	0.00e+00	0.00e+00	0.00e+00	0.00e+00	9.84e-01	1.80e-05	9.78e-06
 4.71409e+21	9.84e-01	1.61e-02	2.87e-07	0.00e+00	0.00e+00	0.00e+00	0.00e+00	0.00e+00	0.00e+00	9.84e-01	1.83e-05	9.78e-06
 5.10005e+21	9.84e-01	1.61e-02	2.65e-07	0.00e+00	0.00e+00	0.00e+00	0.00e+00	0.00e+00	0.00e+00	9.84e-01	1.86e-05	9.78e-06
 5.51574e+21	9.84e-01	1.61e-02	2.44e-07	0.00e+00	0.00e+00	0.00e+00	0.00e+00	0.00e+00	0.00e+00	9.84e-01	1.89e-05	9.78e-06
 5.87731e+21	9.84e-01	1.61e-02	2.28e-07	0.00e+00	0.00e+00	0.00e+00	0.00e+00	0.00e+00	0.00e+00	9.84e-01	1.92e-05	9.78e-06
 6.20175e+21	9.84e-01	1.62e-02	2.14e-07	0.00e+00	0.00e+00	0.00e+00	0.00e+00	0.00e+00	0.00e+00	9.84e-01	1.94e-05	9.79e-06
 6.57070e+21	9.84e-01	1.62e-02	1.99e-07	0.00e+00	0.00e+00	0.00e+00	0.00e+00	0.00e+00	0.00e+00	9.84e-01	1.96e-05	9.79e-06
 6.98137e+21	9.84e-01	1.62e-02	1.85e-07	0.00e+00	0.00e+00	0.00e+00	0.00e+00	0.00e+00	0.00e+00	9.84e-01	1.99e-05	9.79e-06
 7.35918e+21	9.84e-01	1.62e-02	1.73e-07	0.00e+00	0.00e+00	0.00e+00	0.00e+00	0.00e+00	0.00e+00	9.84e-01	2.01e-05	9.79e-06
 7.70293e+21	9.84e-01	1.62e-02	1.63e-07	0.00e+00	0.00e+00	0.00e+00	0.00e+00	0.00e+00	0.00e+00	9.84e-01	2.03e-05	9.79e-06
 8.08951e+21	9.84e-01	1.62e-02	1.52e-07	0.00e+00	0.00e+00	0.00e+00	0.00e+00	0.00e+00	0.00e+00	9.84e-01	2.05e-05	9.79e-06
 8.51664e+21	9.84e-01	1.62e-02	1.41e-07	0.00e+00	0.00e+00	0.00e+00	0.00e+00	0.00e+00	0.00e+00	9.84e-01	2.07e-05	9.79e-06
 8.90641e+21	9.84e-01	1.63e-02	1.33e-07	0.00e+00	0.00e+00	0.00e+00	0.00e+00	0.00e+00	0.00e+00	9.84e-01	2.09e-05	9.79e-06
 9.26384e+21	9.84e-01	1.63e-02	1.25e-07	0.00e+00	0.00e+00	0.00e+00	0.00e+00	0.00e+00	0.00e+00	9.84e-01	2.11e-05	9.79e-06
 9.66932e+21	9.84e-01	1.63e-02	1.17e-07	0.00e+00	0.00e+00	0.00e+00	0.00e+00	0.00e+00	0.00e+00	9.84e-01	2.13e-05	9.79e-06
 1.01198e+22	9.84e-01	1.63e-02	1.09e-07	0.00e+00	0.00e+00	0.00e+00	0.00e+00	0.00e+00	0.00e+00	9.84e-01	2.14e-05	9.79e-06
 1.05355e+22	9.84e-01	1.63e-02	1.03e-07	0.00e+00	0.00e+00	0.00e+00	0.00e+00	0.00e+00	0.00e+00	9.84e-01	2.16e-05	9.79e-06
 1.09216e+22	9.84e-01	1.63e-02	9.69e-08	0.00e+00	0.00e+00	0.00e+00	0.00e+00	0.00e+00	0.00e+00	9.84e-01	2.17e-05	9.79e-06
 1.13625e+22	9.84e-01	1.64e-02	9.07e-08	0.00e+00	0.00e+00	0.00e+00	0.00e+00	0.00e+00	0.00e+00	9.84e-01	2.19e-05	9.80e-06
 1.18558e+22	9.84e-01	1.64e-02	8.46e-08	0.00e+00	0.00e+00	0.00e+00	0.00e+00	0.00e+00	0.00e+00	9.84e-01	2.20e-05	9.80e-06
 1.23205e+22	9.84e-01	1.64e-02	7.93e-08	0.00e+00	0.00e+00	0.00e+00	0.00e+00	0.00e+00	0.00e+00	9.84e-01	2.21e-05	9.80e-06
 1.28281e+22	9.84e-01	1.64e-02	7.39e-08	0.00e+00	0.00e+00	0.00e+00	0.00e+00	0.00e+00	0.00e+00	9.84e-01	2.22e-05	9.80e-06
 1.33953e+22	9.84e-01	1.64e-02	6.86e-08	0.00e+00	0.00e+00	0.00e+00	0.00e+00	0.00e+00	0.00e+00	9.84e-01	2.24e-05	9.80e-06
 1.39373e+22	9.84e-01	1.64e-02	6.41e-08	0.00e+00	0.00e+00	0.00e+00	0.00e+00	0.00e+00	0.00e+00	9.84e-01	2.24e-05	9.80e-06
 1.45393e+22	9.84e-01	1.64e-02	5.93e-08	0.00e+00	0.00e+00	0.00e+00	0.00e+00	0.00e+00	0.00e+00	9.84e-01	2.25e-05	9.80e-06
 1.53219e+22	9.84e-01	1.65e-02	5.38e-08	0.00e+00	0.00e+00	0.00e+00	0.00e+00	0.00e+00	0.00e+00	9.83e-01	2.25e-05	9.80e-06
 1.61933e+22	9.84e-01	1.65e-02	4.87e-08	0.00e+00	0.00e+00	0.00e+00	0.00e+00	0.00e+00	0.00e+00	9.83e-01	2.26e-05	9.81e-06
 1.71801e+22	9.83e-01	1.65e-02	4.36e-08	0.00e+00	0.00e+00	0.00e+00	0.00e+00	0.00e+00	0.00e+00	9.83e-01	2.25e-05	9.81e-06
 1.83938e+22	9.83e-01	1.65e-02	3.83e-08	0.00e+00	0.00e+00	0.00e+00	0.00e+00	0.00e+00	0.00e+00	9.83e-01	2.24e-05	9.81e-06
 1.96401e+22	9.83e-01	1.66e-02	3.39e-08	0.00e+00	0.00e+00	0.00e+00	0.00e+00	0.00e+00	0.00e+00	9.83e-01	2.21e-05	9.81e-06
 2.07618e+22	9.83e-01	1.66e-02	3.05e-08	0.00e+00	0.00e+00	0.00e+00	0.00e+00	0.00e+00	0.00e+00	9.83e-01	2.18e-05	9.81e-06
 2.17713e+22	9.83e-01	1.66e-02	2.79e-08	0.00e+00	0.00e+00	0.00e+00	0.00e+00	0.00e+00	0.00e+00	9.83e-01	2.14e-05	9.82e-06
 2.26798e+22	9.83e-01	1.66e-02	2.58e-08	0.00e+00	0.00e+00	0.00e+00	0.00e+00	0.00e+00	0.00e+00	9.83e-01	2.09e-05	9.82e-06
 2.34975e+22	9.83e-01	1.66e-02	2.42e-08	0.00e+00	0.00e+00	0.00e+00	0.00e+00	0.00e+00	0.00e+00	9.83e-01	2.05e-05	9.82e-06
 2.42334e+22	9.83e-01	1.66e-02	2.28e-08	0.00e+00	0.00e+00	0.00e+00	0.00e+00	0.00e+00	0.00e+00	9.83e-01	2.01e-05	9.82e-06
 2.48958e+22	9.83e-01	1.66e-02	2.17e-08	0.00e+00	0.00e+00	0.00e+00	0.00e+00	0.00e+00	0.00e+00	9.83e-01	1.96e-05	9.82e-06
 2.54919e+22	9.83e-01	1.66e-02	2.07e-08	0.00e+00	0.00e+00	0.00e+00	0.00e+00	0.00e+00	0.00e+00	9.83e-01	1.92e-05	9.82e-06
 2.60284e+22	9.83e-01	1.67e-02	1.99e-08	0.00e+00	0.00e+00	0.00e+00	0.00e+00	0.00e+00	0.00e+00	9.83e-01	1.88e-05	9.82e-06
 2.65112e+22	9.83e-01	1.67e-02	1.92e-08	0.00e+00	0.00e+00	0.00e+00	0.00e+00	0.00e+00	0.00e+00	9.83e-01	1.84e-05	9.82e-06
 2.69458e+22	9.83e-01	1.67e-02	1.87e-08	0.00e+00	0.00e+00	0.00e+00	0.00e+00	0.00e+00	0.00e+00	9.83e-01	1.81e-05	9.82e-06
 2.73369e+22	9.83e-01	1.66e-02	1.82e-08	0.00e+00	0.00e+00	0.00e+00	0.00e+00	0.00e+00	0.00e+00	9.83e-01	1.77e-05	9.82e-06
 2.76889e+22	9.83e-01	1.66e-02	1.77e-08	0.00e+00	0.00e+00	0.00e+00	0.00e+00	0.00e+00	0.00e+00	9.83e-01	1.74e-05	9.82e-06
 2.80099e+22	9.83e-01	1.66e-02	1.74e-08	0.00e+00	0.00e+00	0.00e+00	0.00e+00	0.00e+00	0.00e+00	9.83e-01	1.71e-05	9.82e-06
 2.83184e+22	9.83e-01	1.66e-02	1.70e-08	0.00e+00	0.00e+00	0.00e+00	0.00e+00	0.00e+00	0.00e+00	9.83e-01	1.69e-05	9.82e-06
 2.86270e+22	9.83e-01	1.66e-02	1.66e-08	0.00e+00	0.00e+00	0.00e+00	0.00e+00	0.00e+00	0.00e+00	9.83e-01	1.66e-05	9.81e-06
 2.89356e+22	9.83e-01	1.66e-02	1.63e-08	0.00e+00	0.00e+00	0.00e+00	0.00e+00	0.00e+00	0.00e+00	9.83e-01	1.63e-05	9.81e-06
 2.92441e+22	9.83e-01	1.65e-02	1.60e-08	0.00e+00	0.00e+00	0.00e+00	0.00e+00	0.00e+00	0.00e+00	9.83e-01	1.60e-05	9.81e-06
 2.95527e+22	9.84e-01	1.65e-02	1.57e-08	0.00e+00	0.00e+00	0.00e+00	0.00e+00	0.00e+00	0.00e+00	9.83e-01	1.57e-05	9.80e-06
 2.98613e+22	9.84e-01	1.64e-02	1.53e-08	0.00e+00	0.00e+00	0.00e+00	0.00e+00	0.00e+00	0.00e+00	9.84e-01	1.54e-05	9.80e-06
 3.01525e+22	9.84e-01	1.63e-02	1.51e-08	0.00e+00	0.00e+00	0.00e+00	0.00e+00	0.00e+00	0.00e+00	9.84e-01	1.51e-05	9.79e-06
 3.03995e+22	9.84e-01	1.62e-02	1.48e-08	0.00e+00	0.00e+00	0.00e+00	0.00e+00	0.00e+00	0.00e+00	9.84e-01	1.48e-05	9.79e-06
 3.05987e+22	9.84e-01	1.61e-02	1.46e-08	0.00e+00	0.00e+00	0.00e+00	0.00e+00	0.00e+00	0.00e+00	9.84e-01	1.45e-05	9.78e-06
 3.07723e+22	9.84e-01	1.59e-02	1.44e-08	0.00e+00	0.00e+00	0.00e+00	0.00e+00	0.00e+00	0.00e+00	9.84e-01	1.43e-05	9.77e-06
