#depth	He	He+	He+2
 8.08528e+17	3.26e-05	5.76e-02	9.42e-01
 4.85117e+18	3.26e-05	5.76e-02	9.42e-01
 2.10217e+19	3.26e-05	5.77e-02	9.42e-01
 8.57040e+19	3.28e-05	5.88e-02	9.41e-01
 2.04719e+20	3.19e-05	5.86e-02	9.41e-01
 3.59439e+20	3.23e-05	6.02e-02	9.40e-01
 5.60575e+20	3.40e-05	6.41e-02	9.36e-01
 8.22052e+20	3.78e-05	7.17e-02	9.28e-01
 1.11031e+21	4.36e-05	8.33e-02	9.17e-01
 1.36701e+21	5.14e-05	9.82e-02	9.02e-01
 1.58360e+21	6.12e-05	1.16e-01	8.84e-01
 1.76952e+21	7.26e-05	1.37e-01	8.63e-01
 1.93306e+21	8.62e-05	1.61e-01	8.39e-01
 2.08359e+21	1.03e-04	1.88e-01	8.11e-01
 2.22379e+21	1.22e-04	2.21e-01	7.79e-01
 2.35640e+21	1.45e-04	2.59e-01	7.41e-01
 2.48357e+21	1.72e-04	3.02e-01	6.98e-01
 2.60381e+21	2.02e-04	3.50e-01	6.50e-01
 2.71668e+21	2.36e-04	4.01e-01	5.99e-01
 2.82387e+21	2.71e-04	4.52e-01	5.47e-01
 2.92696e+21	3.07e-04	5.04e-01	4.96e-01
 3.02622e+21	3.45e-04	5.54e-01	4.45e-01
 3.12166e+21	3.81e-04	6.01e-01	3.98e-01
 3.21479e+21	4.18e-04	6.45e-01	3.54e-01
 3.32110e+21	4.61e-04	6.92e-01	3.07e-01
 3.43363e+21	5.02e-04	7.35e-01	2.64e-01
 3.53459e+21	5.38e-04	7.69e-01	2.30e-01
 3.64616e+21	5.78e-04	8.03e-01	1.96e-01
 3.79120e+21	6.27e-04	8.39e-01	1.61e-01
 3.94600e+21	6.73e-04	8.68e-01	1.31e-01
 4.11335e+21	7.21e-04	8.94e-01	1.06e-01
 4.32661e+21	7.78e-04	9.18e-01	8.17e-02
 4.58050e+21	8.41e-04	9.37e-01	6.18e-02
 4.87125e+21	9.09e-04	9.53e-01	4.63e-02
 5.22055e+21	9.91e-04	9.65e-01	3.39e-02
 5.66607e+21	1.10e-03	9.75e-01	2.39e-02
 6.13365e+21	1.23e-03	9.81e-01	1.75e-02
 6.51255e+21	1.34e-03	9.85e-01	1.40e-02
 6.81177e+21	1.45e-03	9.87e-01	1.19e-02
 7.07893e+21	1.57e-03	9.88e-01	1.03e-02
 7.33938e+21	1.70e-03	9.89e-01	9.05e-03
 7.58844e+21	1.84e-03	9.90e-01	8.02e-03
 7.81329e+21	2.00e-03	9.91e-01	7.23e-03
 7.98986e+21	2.15e-03	9.91e-01	6.70e-03
 8.11765e+21	2.28e-03	9.91e-01	6.34e-03
 8.24738e+21	2.42e-03	9.92e-01	5.97e-03
 8.38641e+21	2.60e-03	9.92e-01	5.62e-03
 8.50287e+21	2.77e-03	9.92e-01	5.35e-03
 8.59701e+21	2.93e-03	9.92e-01	5.14e-03
 8.68363e+21	3.10e-03	9.92e-01	4.95e-03
 8.78308e+21	3.32e-03	9.92e-01	4.73e-03
 8.88081e+21	3.56e-03	9.92e-01	4.55e-03
 8.95236e+21	3.77e-03	9.92e-01	4.42e-03
 9.01093e+21	3.96e-03	9.92e-01	4.30e-03
 9.07660e+21	4.20e-03	9.92e-01	4.18e-03
 9.14747e+21	4.49e-03	9.91e-01	4.05e-03
 9.20859e+21	4.78e-03	9.91e-01	3.95e-03
 9.26074e+21	5.06e-03	9.91e-01	3.86e-03
 9.31775e+21	5.41e-03	9.91e-01	3.76e-03
 9.37751e+21	5.82e-03	9.91e-01	3.67e-03
 9.42692e+21	6.21e-03	9.90e-01	3.59e-03
 9.46908e+21	6.60e-03	9.90e-01	3.53e-03
 9.51572e+21	7.09e-03	9.89e-01	3.45e-03
 9.56517e+21	7.67e-03	9.89e-01	3.37e-03
 9.60700e+21	8.24e-03	9.88e-01	3.31e-03
 9.64334e+21	8.81e-03	9.88e-01	3.26e-03
 9.68383e+21	9.56e-03	9.87e-01	3.20e-03
 9.72681e+21	1.05e-02	9.86e-01	3.14e-03
 9.76347e+21	1.13e-02	9.86e-01	3.09e-03
 9.79583e+21	1.23e-02	9.85e-01	3.05e-03
 9.83213e+21	1.35e-02	9.83e-01	3.00e-03
 9.87100e+21	1.50e-02	9.82e-01	2.95e-03
 9.90143e+21	1.64e-02	9.81e-01	2.91e-03
 9.92332e+21	1.76e-02	9.80e-01	2.89e-03
 9.94589e+21	1.90e-02	9.78e-01	2.86e-03
 9.97116e+21	2.07e-02	9.76e-01	2.83e-03
 9.99429e+21	2.26e-02	9.75e-01	2.80e-03
 1.00144e+22	2.43e-02	9.73e-01	2.79e-03
 1.00361e+22	2.67e-02	9.71e-01	2.77e-03
 1.00590e+22	2.94e-02	9.68e-01	2.75e-03
 1.00780e+22	3.20e-02	9.65e-01	2.74e-03
 1.00949e+22	3.47e-02	9.63e-01	2.73e-03
 1.01143e+22	3.82e-02	9.59e-01	2.73e-03
 1.01351e+22	4.24e-02	9.55e-01	2.72e-03
 1.01529e+22	4.68e-02	9.50e-01	2.72e-03
 1.01686e+22	5.11e-02	9.46e-01	2.73e-03
 1.01861e+22	5.68e-02	9.40e-01	2.74e-03
 1.02051e+22	6.39e-02	9.33e-01	2.76e-03
 1.02224e+22	7.15e-02	9.26e-01	2.78e-03
 1.02381e+22	7.93e-02	9.18e-01	2.82e-03
 1.02547e+22	8.92e-02	9.08e-01	2.86e-03
 1.02715e+22	1.01e-01	8.96e-01	2.91e-03
 1.02862e+22	1.13e-01	8.85e-01	2.96e-03
 1.02991e+22	1.24e-01	8.73e-01	3.02e-03
 1.03108e+22	1.36e-01	8.61e-01	3.08e-03
 1.03217e+22	1.48e-01	8.48e-01	3.14e-03
 1.03322e+22	1.62e-01	8.35e-01	3.21e-03
 1.03421e+22	1.75e-01	8.21e-01	3.27e-03
 1.03512e+22	1.89e-01	8.08e-01	3.34e-03
 1.03583e+22	2.00e-01	7.96e-01	3.39e-03
 1.03631e+22	2.08e-01	7.88e-01	3.43e-03
 1.03677e+22	2.17e-01	7.80e-01	3.46e-03
 1.03728e+22	2.27e-01	7.70e-01	3.50e-03
 1.03782e+22	2.38e-01	7.59e-01	3.55e-03
 1.03835e+22	2.49e-01	7.48e-01	3.60e-03
 1.03886e+22	2.60e-01	7.37e-01	3.65e-03
 1.03937e+22	2.72e-01	7.25e-01	3.69e-03
 1.03988e+22	2.83e-01	7.13e-01	3.74e-03
 1.04038e+22	2.96e-01	7.00e-01	3.78e-03
 1.04088e+22	3.09e-01	6.87e-01	3.83e-03
 1.04138e+22	3.23e-01	6.74e-01	3.87e-03
 1.04187e+22	3.36e-01	6.60e-01	3.92e-03
 1.04237e+22	3.51e-01	6.46e-01	3.96e-03
 1.04286e+22	3.65e-01	6.31e-01	4.00e-03
 1.04335e+22	3.81e-01	6.15e-01	4.04e-03
 1.04383e+22	3.96e-01	6.00e-01	4.08e-03
 1.04432e+22	4.12e-01	5.84e-01	4.11e-03
 1.04480e+22	4.28e-01	5.68e-01	4.15e-03
 1.04529e+22	4.45e-01	5.51e-01	4.17e-03
 1.04577e+22	4.62e-01	5.34e-01	4.20e-03
 1.04625e+22	4.80e-01	5.16e-01	4.22e-03
 1.04674e+22	4.97e-01	4.99e-01	4.24e-03
 1.04723e+22	5.15e-01	4.80e-01	4.24e-03
 1.04771e+22	5.33e-01	4.62e-01	4.25e-03
 1.04819e+22	5.52e-01	4.44e-01	4.25e-03
 1.04866e+22	5.69e-01	4.26e-01	4.24e-03
 1.04914e+22	5.87e-01	4.08e-01	4.22e-03
 1.04961e+22	6.05e-01	3.91e-01	4.20e-03
 1.05009e+22	6.23e-01	3.73e-01	4.17e-03
 1.05057e+22	6.41e-01	3.55e-01	4.13e-03
 1.05105e+22	6.58e-01	3.38e-01	4.08e-03
 1.05154e+22	6.76e-01	3.20e-01	4.02e-03
 1.05204e+22	6.93e-01	3.03e-01	3.94e-03
 1.05255e+22	7.10e-01	2.86e-01	3.87e-03
 1.05308e+22	7.27e-01	2.69e-01	3.78e-03
 1.05362e+22	7.44e-01	2.52e-01	3.67e-03
 1.05419e+22	7.61e-01	2.35e-01	3.56e-03
 1.05480e+22	7.78e-01	2.19e-01	3.43e-03
 1.05544e+22	7.94e-01	2.03e-01	3.30e-03
 1.05614e+22	8.09e-01	1.87e-01	3.15e-03
 1.05691e+22	8.25e-01	1.72e-01	2.99e-03
 1.05777e+22	8.40e-01	1.57e-01	2.82e-03
 1.05877e+22	8.54e-01	1.43e-01	2.64e-03
 1.05988e+22	8.67e-01	1.31e-01	2.47e-03
 1.06103e+22	8.77e-01	1.21e-01	2.34e-03
 1.06217e+22	8.84e-01	1.14e-01	2.23e-03
 1.06330e+22	8.89e-01	1.09e-01	2.14e-03
 1.06443e+22	8.93e-01	1.05e-01	2.08e-03
 1.06555e+22	8.96e-01	1.02e-01	2.03e-03
 1.06667e+22	8.98e-01	9.98e-02	1.99e-03
 1.06779e+22	9.00e-01	9.80e-02	1.95e-03
 1.06891e+22	9.01e-01	9.68e-02	1.93e-03
 1.07019e+22	9.02e-01	9.57e-02	1.91e-03
 1.07186e+22	9.03e-01	9.48e-02	1.89e-03
 1.07403e+22	9.04e-01	9.37e-02	1.85e-03
 1.07685e+22	9.05e-01	9.31e-02	1.84e-03
 1.08051e+22	9.06e-01	9.22e-02	1.81e-03
 1.08528e+22	9.07e-01	9.13e-02	1.77e-03
 1.09147e+22	9.08e-01	9.01e-02	1.72e-03
 1.09953e+22	9.10e-01	8.87e-02	1.67e-03
 1.11000e+22	9.11e-01	8.70e-02	1.60e-03
 1.12361e+22	9.14e-01	8.48e-02	1.52e-03
 1.14130e+22	9.16e-01	8.21e-02	1.43e-03
 1.16430e+22	9.20e-01	7.89e-02	1.31e-03
 1.19420e+22	9.24e-01	7.51e-02	1.19e-03
 1.23307e+22	9.28e-01	7.06e-02	1.05e-03
 1.28360e+22	9.33e-01	6.57e-02	9.05e-04
 1.34706e+22	9.39e-01	6.07e-02	7.70e-04
 1.42110e+22	9.43e-01	5.59e-02	6.54e-04
 1.50581e+22	9.48e-01	5.16e-02	5.55e-04
 1.60683e+22	9.52e-01	4.76e-02	4.71e-04
 1.73157e+22	9.56e-01	4.38e-02	3.99e-04
 1.86509e+22	9.59e-01	4.09e-02	3.47e-04
 1.98715e+22	9.61e-01	3.89e-02	3.13e-04
 2.09700e+22	9.62e-01	3.75e-02	2.90e-04
 2.19587e+22	9.63e-01	3.64e-02	2.73e-04
 2.28485e+22	9.64e-01	3.56e-02	2.61e-04
 2.36493e+22	9.65e-01	3.49e-02	2.51e-04
 2.43701e+22	9.65e-01	3.44e-02	2.44e-04
 2.50187e+22	9.66e-01	3.40e-02	2.38e-04
 2.56026e+22	9.66e-01	3.37e-02	2.34e-04
 2.61280e+22	9.66e-01	3.34e-02	2.30e-04
 2.66009e+22	9.67e-01	3.32e-02	2.27e-04
 2.70264e+22	9.67e-01	3.30e-02	2.25e-04
 2.74095e+22	9.67e-01	3.29e-02	2.23e-04
 2.77542e+22	9.67e-01	3.28e-02	2.21e-04
 2.80718e+22	9.67e-01	3.27e-02	2.20e-04
 2.83804e+22	9.67e-01	3.26e-02	2.18e-04
 2.86889e+22	9.67e-01	3.25e-02	2.17e-04
 2.89975e+22	9.67e-01	3.24e-02	2.16e-04
 2.93061e+22	9.67e-01	3.23e-02	2.15e-04
 2.96146e+22	9.68e-01	3.22e-02	2.14e-04
 2.99232e+22	9.68e-01	3.22e-02	2.14e-04
 3.02318e+22	9.68e-01	3.21e-02	2.13e-04
 3.05403e+22	9.68e-01	3.20e-02	2.11e-04
 3.07757e+22	9.68e-01	3.20e-02	2.12e-04
