#depth	He	He+	He+2
 6.40319e+17	4.94e-05	7.00e-02	9.30e-01
 3.84191e+18	4.94e-05	7.01e-02	9.30e-01
 1.66483e+19	4.95e-05	7.02e-02	9.30e-01
 6.78738e+19	5.03e-05	7.18e-02	9.28e-01
 1.62129e+20	5.05e-05	7.25e-02	9.27e-01
 2.84660e+20	5.27e-05	7.55e-02	9.24e-01
 4.43951e+20	5.74e-05	8.16e-02	9.18e-01
 6.51029e+20	6.67e-05	9.30e-02	9.07e-01
 8.59223e+20	7.84e-05	1.08e-01	8.92e-01
 1.02072e+21	9.14e-05	1.25e-01	8.75e-01
 1.15073e+21	1.06e-04	1.42e-01	8.58e-01
 1.26545e+21	1.22e-04	1.62e-01	8.38e-01
 1.37278e+21	1.41e-04	1.85e-01	8.15e-01
 1.47429e+21	1.63e-04	2.11e-01	7.89e-01
 1.56966e+21	1.89e-04	2.41e-01	7.59e-01
 1.65936e+21	2.17e-04	2.74e-01	7.26e-01
 1.75950e+21	2.59e-04	3.18e-01	6.82e-01
 1.85662e+21	3.04e-04	3.67e-01	6.33e-01
 1.93205e+21	3.45e-04	4.10e-01	5.89e-01
 2.01235e+21	3.96e-04	4.60e-01	5.39e-01
 2.10098e+21	4.56e-04	5.17e-01	4.83e-01
 2.18237e+21	5.15e-04	5.69e-01	4.30e-01
 2.25711e+21	5.72e-04	6.16e-01	3.83e-01
 2.34126e+21	6.39e-04	6.67e-01	3.32e-01
 2.43158e+21	7.07e-04	7.15e-01	2.84e-01
 2.51343e+21	7.69e-04	7.53e-01	2.46e-01
 2.60336e+21	8.39e-04	7.91e-01	2.08e-01
 2.72005e+21	9.26e-04	8.31e-01	1.69e-01
 2.84205e+21	1.01e-03	8.62e-01	1.37e-01
 2.95350e+21	1.08e-03	8.85e-01	1.14e-01
 3.08069e+21	1.17e-03	9.06e-01	9.32e-02
 3.24604e+21	1.27e-03	9.26e-01	7.30e-02
 3.43156e+21	1.39e-03	9.41e-01	5.73e-02
 3.61186e+21	1.50e-03	9.52e-01	4.62e-02
 3.75337e+21	1.58e-03	9.58e-01	4.00e-02
 3.84942e+21	1.65e-03	9.62e-01	3.63e-02
 3.94777e+21	1.72e-03	9.65e-01	3.28e-02
 4.07563e+21	1.81e-03	9.69e-01	2.90e-02
 4.20368e+21	1.91e-03	9.72e-01	2.60e-02
 4.30213e+21	1.99e-03	9.74e-01	2.40e-02
 4.38634e+21	2.07e-03	9.76e-01	2.24e-02
 4.48189e+21	2.16e-03	9.77e-01	2.07e-02
 4.58494e+21	2.27e-03	9.79e-01	1.92e-02
 4.67441e+21	2.37e-03	9.80e-01	1.80e-02
 4.75192e+21	2.48e-03	9.80e-01	1.71e-02
 4.83721e+21	2.60e-03	9.81e-01	1.61e-02
 4.92802e+21	2.73e-03	9.82e-01	1.51e-02
 5.00486e+21	2.86e-03	9.83e-01	1.44e-02
 5.07114e+21	2.98e-03	9.83e-01	1.38e-02
 5.14489e+21	3.14e-03	9.84e-01	1.32e-02
 5.22391e+21	3.32e-03	9.84e-01	1.26e-02
 5.29176e+21	3.49e-03	9.84e-01	1.21e-02
 5.35111e+21	3.66e-03	9.85e-01	1.17e-02
 5.41740e+21	3.88e-03	9.85e-01	1.12e-02
 5.48822e+21	4.13e-03	9.85e-01	1.08e-02
 5.54953e+21	4.38e-03	9.85e-01	1.04e-02
 5.60324e+21	4.62e-03	9.85e-01	1.01e-02
 5.66247e+21	4.94e-03	9.85e-01	9.75e-03
 5.72395e+21	5.31e-03	9.85e-01	9.42e-03
 5.77414e+21	5.65e-03	9.85e-01	9.17e-03
 5.81766e+21	5.99e-03	9.85e-01	8.95e-03
 5.86676e+21	6.43e-03	9.85e-01	8.70e-03
 5.91807e+21	6.95e-03	9.85e-01	8.47e-03
 5.96085e+21	7.45e-03	9.84e-01	8.27e-03
 5.99811e+21	7.95e-03	9.84e-01	8.10e-03
 6.03965e+21	8.59e-03	9.83e-01	7.91e-03
 6.08382e+21	9.38e-03	9.83e-01	7.72e-03
 6.12125e+21	1.02e-02	9.82e-01	7.57e-03
 6.15373e+21	1.09e-02	9.82e-01	7.43e-03
 6.18996e+21	1.20e-02	9.81e-01	7.28e-03
 6.22867e+21	1.32e-02	9.80e-01	7.13e-03
 6.26213e+21	1.46e-02	9.78e-01	7.00e-03
 6.29169e+21	1.59e-02	9.77e-01	6.90e-03
 6.31799e+21	1.73e-02	9.76e-01	6.80e-03
 6.34044e+21	1.87e-02	9.75e-01	6.73e-03
 6.36451e+21	2.04e-02	9.73e-01	6.64e-03
 6.38985e+21	2.24e-02	9.71e-01	6.56e-03
 6.41074e+21	2.44e-02	9.69e-01	6.49e-03
 6.42832e+21	2.63e-02	9.67e-01	6.45e-03
 6.44767e+21	2.87e-02	9.65e-01	6.39e-03
 6.46860e+21	3.16e-02	9.62e-01	6.34e-03
 6.48684e+21	3.47e-02	9.59e-01	6.29e-03
 6.50256e+21	3.75e-02	9.56e-01	6.28e-03
 6.51971e+21	4.13e-02	9.52e-01	6.24e-03
 6.53821e+21	4.59e-02	9.48e-01	6.23e-03
 6.55452e+21	5.05e-02	9.43e-01	6.23e-03
 6.56934e+21	5.52e-02	9.39e-01	6.24e-03
 6.58615e+21	6.16e-02	9.32e-01	6.25e-03
 6.60435e+21	6.96e-02	9.24e-01	6.29e-03
 6.62057e+21	7.82e-02	9.16e-01	6.32e-03
 6.63535e+21	8.69e-02	9.07e-01	6.40e-03
 6.65020e+21	9.74e-02	8.96e-01	6.46e-03
 6.66502e+21	1.09e-01	8.85e-01	6.58e-03
 6.67831e+21	1.21e-01	8.72e-01	6.67e-03
 6.68997e+21	1.33e-01	8.60e-01	6.78e-03
 6.70079e+21	1.46e-01	8.48e-01	6.89e-03
 6.71091e+21	1.58e-01	8.35e-01	7.00e-03
 6.72042e+21	1.72e-01	8.21e-01	7.12e-03
 6.72934e+21	1.85e-01	8.07e-01	7.23e-03
 6.73626e+21	1.96e-01	7.96e-01	7.32e-03
 6.74093e+21	2.04e-01	7.88e-01	7.38e-03
 6.74532e+21	2.12e-01	7.80e-01	7.45e-03
 6.75032e+21	2.22e-01	7.70e-01	7.51e-03
 6.75565e+21	2.33e-01	7.60e-01	7.59e-03
 6.76088e+21	2.44e-01	7.49e-01	7.66e-03
 6.76590e+21	2.54e-01	7.38e-01	7.75e-03
 6.77089e+21	2.66e-01	7.26e-01	7.81e-03
 6.77588e+21	2.78e-01	7.14e-01	7.90e-03
 6.78088e+21	2.90e-01	7.02e-01	7.95e-03
 6.78586e+21	3.03e-01	6.89e-01	8.03e-03
 6.79079e+21	3.16e-01	6.75e-01	8.09e-03
 6.79575e+21	3.30e-01	6.62e-01	8.17e-03
 6.80074e+21	3.45e-01	6.47e-01	8.22e-03
 6.80569e+21	3.59e-01	6.32e-01	8.28e-03
 6.81061e+21	3.75e-01	6.17e-01	8.33e-03
 6.81559e+21	3.90e-01	6.01e-01	8.38e-03
 6.82063e+21	4.07e-01	5.84e-01	8.40e-03
 6.82566e+21	4.24e-01	5.68e-01	8.44e-03
 6.83068e+21	4.41e-01	5.50e-01	8.45e-03
 6.83579e+21	4.59e-01	5.33e-01	8.47e-03
 6.84101e+21	4.78e-01	5.14e-01	8.45e-03
 6.84626e+21	4.96e-01	4.95e-01	8.45e-03
 6.85148e+21	5.16e-01	4.76e-01	8.40e-03
 6.85674e+21	5.35e-01	4.57e-01	8.35e-03
 6.86208e+21	5.54e-01	4.37e-01	8.29e-03
 6.86743e+21	5.74e-01	4.18e-01	8.21e-03
 6.87280e+21	5.93e-01	3.99e-01	8.10e-03
 6.87832e+21	6.13e-01	3.79e-01	7.97e-03
 6.88401e+21	6.32e-01	3.60e-01	7.83e-03
 6.88981e+21	6.52e-01	3.40e-01	7.67e-03
 6.89578e+21	6.71e-01	3.21e-01	7.48e-03
 6.90206e+21	6.91e-01	3.02e-01	7.27e-03
 6.90871e+21	7.10e-01	2.83e-01	7.03e-03
 6.91581e+21	7.29e-01	2.64e-01	6.78e-03
 6.92353e+21	7.48e-01	2.46e-01	6.50e-03
 6.93206e+21	7.66e-01	2.28e-01	6.20e-03
 6.94168e+21	7.83e-01	2.11e-01	5.89e-03
 6.95289e+21	8.00e-01	1.94e-01	5.56e-03
 6.96498e+21	8.14e-01	1.81e-01	5.27e-03
 6.97693e+21	8.25e-01	1.70e-01	5.04e-03
 6.98878e+21	8.33e-01	1.63e-01	4.85e-03
 7.00054e+21	8.38e-01	1.57e-01	4.71e-03
 7.01224e+21	8.43e-01	1.52e-01	4.55e-03
 7.02389e+21	8.46e-01	1.49e-01	4.49e-03
 7.03550e+21	8.49e-01	1.46e-01	4.39e-03
 7.04885e+21	8.51e-01	1.44e-01	4.32e-03
 7.06620e+21	8.54e-01	1.42e-01	4.23e-03
 7.08875e+21	8.55e-01	1.41e-01	4.18e-03
 7.11807e+21	8.57e-01	1.39e-01	4.08e-03
 7.15618e+21	8.59e-01	1.37e-01	3.97e-03
 7.20573e+21	8.62e-01	1.34e-01	3.84e-03
 7.27015e+21	8.65e-01	1.32e-01	3.68e-03
 7.35389e+21	8.68e-01	1.28e-01	3.49e-03
 7.46275e+21	8.72e-01	1.24e-01	3.27e-03
 7.60426e+21	8.78e-01	1.19e-01	3.00e-03
 7.78824e+21	8.84e-01	1.14e-01	2.70e-03
 8.02740e+21	8.91e-01	1.07e-01	2.38e-03
 8.30940e+21	8.98e-01	9.98e-02	2.07e-03
 8.60640e+21	9.05e-01	9.33e-02	1.80e-03
 8.91986e+21	9.11e-01	8.74e-02	1.57e-03
 9.26310e+21	9.17e-01	8.17e-02	1.37e-03
 9.64245e+21	9.23e-01	7.63e-02	1.19e-03
 1.00600e+22	9.28e-01	7.11e-02	1.03e-03
 1.05189e+22	9.33e-01	6.64e-02	8.97e-04
 1.10279e+22	9.37e-01	6.19e-02	7.78e-04
 1.16013e+22	9.42e-01	5.77e-02	6.74e-04
 1.22498e+22	9.46e-01	5.38e-02	5.86e-04
 1.29830e+22	9.49e-01	5.02e-02	5.10e-04
 1.38325e+22	9.53e-01	4.69e-02	4.45e-04
 1.46999e+22	9.55e-01	4.43e-02	3.97e-04
 1.54483e+22	9.57e-01	4.25e-02	3.66e-04
 1.61164e+22	9.59e-01	4.11e-02	3.42e-04
 1.68691e+22	9.60e-01	3.97e-02	3.20e-04
 1.77014e+22	9.61e-01	3.85e-02	3.01e-04
 1.84494e+22	9.62e-01	3.76e-02	2.87e-04
 1.91088e+22	9.63e-01	3.69e-02	2.76e-04
 1.98408e+22	9.64e-01	3.62e-02	2.66e-04
 2.06538e+22	9.64e-01	3.55e-02	2.57e-04
 2.13924e+22	9.65e-01	3.50e-02	2.50e-04
 2.20511e+22	9.65e-01	3.46e-02	2.44e-04
 2.27857e+22	9.66e-01	3.42e-02	2.38e-04
 2.35836e+22	9.66e-01	3.38e-02	2.33e-04
 2.42998e+22	9.66e-01	3.33e-02	2.27e-04
 2.49444e+22	9.67e-01	3.32e-02	2.26e-04
 2.55356e+22	9.67e-01	3.30e-02	2.23e-04
 2.60677e+22	9.67e-01	3.28e-02	2.21e-04
 2.65466e+22	9.67e-01	3.27e-02	2.19e-04
 2.69776e+22	9.67e-01	3.26e-02	2.18e-04
 2.73656e+22	9.67e-01	3.25e-02	2.17e-04
 2.77147e+22	9.67e-01	3.24e-02	2.16e-04
 2.80343e+22	9.67e-01	3.24e-02	2.16e-04
 2.83429e+22	9.67e-01	3.23e-02	2.15e-04
 2.86515e+22	9.67e-01	3.23e-02	2.15e-04
 2.89600e+22	9.68e-01	3.23e-02	2.15e-04
 2.92686e+22	9.67e-01	3.23e-02	2.16e-04
 2.95772e+22	9.68e-01	3.23e-02	2.16e-04
 2.98857e+22	9.67e-01	3.23e-02	2.17e-04
 3.01943e+22	9.67e-01	3.23e-02	2.17e-04
 3.05029e+22	9.67e-01	3.24e-02	2.19e-04
 3.07570e+22	9.67e-01	3.24e-02	2.20e-04
