#depth	O	O+	O+2	O+3	O+4	O+5	O+6	O+7	O+8	O[1]	O[2]	O[3]
 1.89595e+16	7.10e-02	8.72e-01	5.71e-02	1.33e-04	5.78e-07	0.00e+00	0.00e+00	0.00e+00	0.00e+00	7.10e-02	6.73e-07	5.63e-07
 1.13757e+17	7.07e-02	8.72e-01	5.74e-02	1.34e-04	5.84e-07	0.00e+00	0.00e+00	0.00e+00	0.00e+00	7.07e-02	6.71e-07	5.60e-07
 4.92948e+17	7.03e-02	8.72e-01	5.78e-02	1.35e-04	5.89e-07	0.00e+00	0.00e+00	0.00e+00	0.00e+00	7.03e-02	6.68e-07	5.58e-07
 2.00971e+18	6.99e-02	8.71e-01	5.87e-02	1.35e-04	5.94e-07	0.00e+00	0.00e+00	0.00e+00	0.00e+00	6.99e-02	6.64e-07	5.55e-07
 4.80055e+18	6.63e-02	8.71e-01	6.29e-02	1.48e-04	6.43e-07	0.00e+00	0.00e+00	0.00e+00	0.00e+00	6.63e-02	6.31e-07	5.28e-07
 8.42865e+18	6.51e-02	8.70e-01	6.43e-02	1.49e-04	6.50e-07	0.00e+00	0.00e+00	0.00e+00	0.00e+00	6.51e-02	6.20e-07	5.19e-07
 1.31452e+19	6.59e-02	8.70e-01	6.36e-02	1.40e-04	6.24e-07	0.00e+00	0.00e+00	0.00e+00	0.00e+00	6.59e-02	6.27e-07	5.24e-07
 1.92766e+19	6.88e-02	8.71e-01	6.04e-02	1.21e-04	5.66e-07	0.00e+00	0.00e+00	0.00e+00	0.00e+00	6.88e-02	6.52e-07	5.45e-07
 2.66514e+19	7.41e-02	8.71e-01	5.52e-02	9.78e-05	4.85e-07	0.00e+00	0.00e+00	0.00e+00	0.00e+00	7.41e-02	7.00e-07	5.85e-07
 3.42093e+19	8.17e-02	8.69e-01	4.88e-02	7.47e-05	4.01e-07	0.00e+00	0.00e+00	0.00e+00	0.00e+00	8.17e-02	7.69e-07	6.42e-07
 4.20802e+19	9.35e-02	8.65e-01	4.10e-02	5.20e-05	3.11e-07	0.00e+00	0.00e+00	0.00e+00	0.00e+00	9.35e-02	8.75e-07	7.29e-07
 5.10835e+19	1.11e-01	8.56e-01	3.23e-02	3.26e-05	2.23e-07	0.00e+00	0.00e+00	0.00e+00	0.00e+00	1.11e-01	1.03e-06	8.56e-07
 5.97533e+19	1.35e-01	8.40e-01	2.47e-02	1.95e-05	1.55e-07	0.00e+00	0.00e+00	0.00e+00	0.00e+00	1.35e-01	1.23e-06	1.02e-06
 6.72773e+19	1.64e-01	8.17e-01	1.87e-02	1.17e-05	0.00e+00	0.00e+00	0.00e+00	0.00e+00	0.00e+00	1.64e-01	1.45e-06	1.20e-06
 7.42927e+19	1.97e-01	7.89e-01	1.41e-02	7.10e-06	0.00e+00	0.00e+00	0.00e+00	0.00e+00	0.00e+00	1.97e-01	1.70e-06	1.40e-06
 8.08705e+19	2.36e-01	7.54e-01	1.05e-02	4.30e-06	0.00e+00	0.00e+00	0.00e+00	0.00e+00	0.00e+00	2.36e-01	1.96e-06	1.62e-06
 8.68843e+19	2.78e-01	7.15e-01	7.84e-03	2.68e-06	0.00e+00	0.00e+00	0.00e+00	0.00e+00	0.00e+00	2.77e-01	2.22e-06	1.83e-06
 9.21809e+19	3.19e-01	6.75e-01	6.00e-03	1.77e-06	0.00e+00	0.00e+00	0.00e+00	0.00e+00	0.00e+00	3.19e-01	2.45e-06	2.02e-06
 9.67287e+19	3.58e-01	6.37e-01	4.74e-03	1.24e-06	0.00e+00	0.00e+00	0.00e+00	0.00e+00	0.00e+00	3.58e-01	2.63e-06	2.16e-06
 1.00550e+20	3.92e-01	6.04e-01	3.87e-03	9.30e-07	0.00e+00	0.00e+00	0.00e+00	0.00e+00	0.00e+00	3.92e-01	2.77e-06	2.28e-06
 1.03936e+20	4.23e-01	5.74e-01	3.23e-03	7.23e-07	0.00e+00	0.00e+00	0.00e+00	0.00e+00	0.00e+00	4.23e-01	2.87e-06	2.36e-06
 1.07178e+20	4.52e-01	5.45e-01	2.71e-03	5.74e-07	0.00e+00	0.00e+00	0.00e+00	0.00e+00	0.00e+00	4.52e-01	2.96e-06	2.43e-06
 1.10305e+20	4.80e-01	5.18e-01	2.30e-03	4.65e-07	0.00e+00	0.00e+00	0.00e+00	0.00e+00	0.00e+00	4.80e-01	3.02e-06	2.48e-06
 1.13179e+20	5.05e-01	4.93e-01	1.97e-03	3.84e-07	0.00e+00	0.00e+00	0.00e+00	0.00e+00	0.00e+00	5.05e-01	3.07e-06	2.52e-06
 1.15941e+20	5.29e-01	4.70e-01	1.71e-03	3.23e-07	0.00e+00	0.00e+00	0.00e+00	0.00e+00	0.00e+00	5.29e-01	3.10e-06	2.55e-06
 1.18692e+20	5.51e-01	4.47e-01	1.48e-03	2.74e-07	0.00e+00	0.00e+00	0.00e+00	0.00e+00	0.00e+00	5.51e-01	3.12e-06	2.56e-06
 1.21362e+20	5.73e-01	4.26e-01	1.29e-03	2.34e-07	0.00e+00	0.00e+00	0.00e+00	0.00e+00	0.00e+00	5.73e-01	3.13e-06	2.57e-06
 1.24000e+20	5.93e-01	4.06e-01	1.12e-03	2.02e-07	0.00e+00	0.00e+00	0.00e+00	0.00e+00	0.00e+00	5.93e-01	3.13e-06	2.56e-06
 1.26128e+20	6.08e-01	3.91e-01	1.01e-03	1.82e-07	0.00e+00	0.00e+00	0.00e+00	0.00e+00	0.00e+00	6.08e-01	3.12e-06	2.56e-06
 1.27642e+20	6.18e-01	3.81e-01	9.39e-04	1.69e-07	0.00e+00	0.00e+00	0.00e+00	0.00e+00	0.00e+00	6.18e-01	3.11e-06	2.55e-06
 1.29155e+20	6.29e-01	3.71e-01	8.70e-04	1.56e-07	0.00e+00	0.00e+00	0.00e+00	0.00e+00	0.00e+00	6.29e-01	3.10e-06	2.54e-06
 1.30904e+20	6.40e-01	3.59e-01	7.96e-04	1.43e-07	0.00e+00	0.00e+00	0.00e+00	0.00e+00	0.00e+00	6.40e-01	3.09e-06	2.53e-06
 1.32790e+20	6.52e-01	3.47e-01	7.25e-04	1.31e-07	0.00e+00	0.00e+00	0.00e+00	0.00e+00	0.00e+00	6.52e-01	3.07e-06	2.51e-06
 1.34660e+20	6.64e-01	3.36e-01	6.63e-04	0.00e+00	0.00e+00	0.00e+00	0.00e+00	0.00e+00	0.00e+00	6.64e-01	3.05e-06	2.49e-06
 1.36539e+20	6.75e-01	3.25e-01	6.05e-04	0.00e+00	0.00e+00	0.00e+00	0.00e+00	0.00e+00	0.00e+00	6.75e-01	3.03e-06	2.48e-06
 1.38472e+20	6.85e-01	3.14e-01	5.52e-04	0.00e+00	0.00e+00	0.00e+00	0.00e+00	0.00e+00	0.00e+00	6.85e-01	3.00e-06	2.46e-06
 1.40473e+20	6.96e-01	3.03e-01	5.01e-04	0.00e+00	0.00e+00	0.00e+00	0.00e+00	0.00e+00	0.00e+00	6.96e-01	2.98e-06	2.43e-06
 1.42531e+20	7.06e-01	2.93e-01	4.56e-04	0.00e+00	0.00e+00	0.00e+00	0.00e+00	0.00e+00	0.00e+00	7.06e-01	2.95e-06	2.41e-06
 1.44659e+20	7.17e-01	2.83e-01	4.13e-04	0.00e+00	0.00e+00	0.00e+00	0.00e+00	0.00e+00	0.00e+00	7.17e-01	2.92e-06	2.38e-06
 1.46865e+20	7.27e-01	2.72e-01	3.73e-04	0.00e+00	0.00e+00	0.00e+00	0.00e+00	0.00e+00	0.00e+00	7.27e-01	2.88e-06	2.36e-06
 1.49094e+20	7.37e-01	2.63e-01	3.38e-04	0.00e+00	0.00e+00	0.00e+00	0.00e+00	0.00e+00	0.00e+00	7.37e-01	2.85e-06	2.33e-06
 1.51381e+20	7.46e-01	2.53e-01	3.05e-04	0.00e+00	0.00e+00	0.00e+00	0.00e+00	0.00e+00	0.00e+00	7.46e-01	2.82e-06	2.30e-06
 1.53780e+20	7.56e-01	2.44e-01	2.74e-04	0.00e+00	0.00e+00	0.00e+00	0.00e+00	0.00e+00	0.00e+00	7.56e-01	2.78e-06	2.27e-06
 1.56247e+20	7.65e-01	2.35e-01	2.47e-04	0.00e+00	0.00e+00	0.00e+00	0.00e+00	0.00e+00	0.00e+00	7.65e-01	2.75e-06	2.24e-06
 1.58788e+20	7.74e-01	2.26e-01	2.21e-04	0.00e+00	0.00e+00	0.00e+00	0.00e+00	0.00e+00	0.00e+00	7.74e-01	2.71e-06	2.20e-06
 1.61398e+20	7.82e-01	2.18e-01	1.98e-04	0.00e+00	0.00e+00	0.00e+00	0.00e+00	0.00e+00	0.00e+00	7.82e-01	2.67e-06	2.17e-06
 1.64080e+20	7.91e-01	2.09e-01	1.77e-04	0.00e+00	0.00e+00	0.00e+00	0.00e+00	0.00e+00	0.00e+00	7.91e-01	2.63e-06	2.14e-06
 1.66871e+20	7.99e-01	2.01e-01	1.58e-04	0.00e+00	0.00e+00	0.00e+00	0.00e+00	0.00e+00	0.00e+00	7.99e-01	2.59e-06	2.11e-06
 1.69770e+20	8.07e-01	1.93e-01	1.41e-04	0.00e+00	0.00e+00	0.00e+00	0.00e+00	0.00e+00	0.00e+00	8.07e-01	2.55e-06	2.07e-06
 1.72733e+20	8.14e-01	1.86e-01	1.25e-04	0.00e+00	0.00e+00	0.00e+00	0.00e+00	0.00e+00	0.00e+00	8.14e-01	2.51e-06	2.04e-06
 1.75768e+20	8.22e-01	1.78e-01	1.11e-04	0.00e+00	0.00e+00	0.00e+00	0.00e+00	0.00e+00	0.00e+00	8.22e-01	2.47e-06	2.01e-06
 1.78938e+20	8.29e-01	1.71e-01	9.87e-05	0.00e+00	0.00e+00	0.00e+00	0.00e+00	0.00e+00	0.00e+00	8.29e-01	2.43e-06	1.97e-06
 1.82246e+20	8.36e-01	1.64e-01	8.71e-05	0.00e+00	0.00e+00	0.00e+00	0.00e+00	0.00e+00	0.00e+00	8.36e-01	2.39e-06	1.94e-06
 1.85635e+20	8.43e-01	1.57e-01	7.70e-05	0.00e+00	0.00e+00	0.00e+00	0.00e+00	0.00e+00	0.00e+00	8.43e-01	2.35e-06	1.90e-06
 1.89091e+20	8.49e-01	1.51e-01	6.81e-05	0.00e+00	0.00e+00	0.00e+00	0.00e+00	0.00e+00	0.00e+00	8.49e-01	2.31e-06	1.87e-06
 1.92681e+20	8.55e-01	1.45e-01	6.01e-05	0.00e+00	0.00e+00	0.00e+00	0.00e+00	0.00e+00	0.00e+00	8.55e-01	2.27e-06	1.84e-06
 1.96372e+20	8.61e-01	1.39e-01	5.31e-05	0.00e+00	0.00e+00	0.00e+00	0.00e+00	0.00e+00	0.00e+00	8.61e-01	2.23e-06	1.81e-06
 2.00159e+20	8.66e-01	1.34e-01	4.69e-05	0.00e+00	0.00e+00	0.00e+00	0.00e+00	0.00e+00	0.00e+00	8.66e-01	2.20e-06	1.78e-06
 2.04036e+20	8.72e-01	1.28e-01	4.15e-05	0.00e+00	0.00e+00	0.00e+00	0.00e+00	0.00e+00	0.00e+00	8.72e-01	2.16e-06	1.75e-06
 2.07995e+20	8.77e-01	1.23e-01	3.68e-05	0.00e+00	0.00e+00	0.00e+00	0.00e+00	0.00e+00	0.00e+00	8.77e-01	2.13e-06	1.72e-06
 2.12098e+20	8.81e-01	1.19e-01	3.26e-05	0.00e+00	0.00e+00	0.00e+00	0.00e+00	0.00e+00	0.00e+00	8.81e-01	2.10e-06	1.69e-06
 2.16378e+20	8.86e-01	1.14e-01	2.89e-05	0.00e+00	0.00e+00	0.00e+00	0.00e+00	0.00e+00	0.00e+00	8.86e-01	2.07e-06	1.67e-06
 2.20820e+20	8.90e-01	1.10e-01	2.56e-05	0.00e+00	0.00e+00	0.00e+00	0.00e+00	0.00e+00	0.00e+00	8.90e-01	2.04e-06	1.64e-06
 2.25402e+20	8.94e-01	1.06e-01	2.28e-05	0.00e+00	0.00e+00	0.00e+00	0.00e+00	0.00e+00	0.00e+00	8.94e-01	2.01e-06	1.62e-06
 2.30165e+20	8.98e-01	1.02e-01	2.03e-05	0.00e+00	0.00e+00	0.00e+00	0.00e+00	0.00e+00	0.00e+00	8.98e-01	1.98e-06	1.59e-06
 2.35200e+20	9.02e-01	9.84e-02	1.81e-05	0.00e+00	0.00e+00	0.00e+00	0.00e+00	0.00e+00	0.00e+00	9.02e-01	1.95e-06	1.57e-06
 2.40523e+20	9.05e-01	9.49e-02	1.61e-05	0.00e+00	0.00e+00	0.00e+00	0.00e+00	0.00e+00	0.00e+00	9.05e-01	1.93e-06	1.55e-06
 2.46158e+20	9.08e-01	9.17e-02	1.44e-05	0.00e+00	0.00e+00	0.00e+00	0.00e+00	0.00e+00	0.00e+00	9.08e-01	1.90e-06	1.53e-06
 2.52152e+20	9.11e-01	8.85e-02	1.29e-05	0.00e+00	0.00e+00	0.00e+00	0.00e+00	0.00e+00	0.00e+00	9.11e-01	1.88e-06	1.51e-06
 2.58587e+20	9.14e-01	8.57e-02	1.16e-05	0.00e+00	0.00e+00	0.00e+00	0.00e+00	0.00e+00	0.00e+00	9.14e-01	1.86e-06	1.49e-06
 2.65503e+20	9.17e-01	8.29e-02	1.04e-05	0.00e+00	0.00e+00	0.00e+00	0.00e+00	0.00e+00	0.00e+00	9.17e-01	1.83e-06	1.47e-06
 2.73023e+20	9.20e-01	8.04e-02	9.33e-06	0.00e+00	0.00e+00	0.00e+00	0.00e+00	0.00e+00	0.00e+00	9.20e-01	1.81e-06	1.45e-06
 2.81295e+20	9.22e-01	7.79e-02	8.39e-06	0.00e+00	0.00e+00	0.00e+00	0.00e+00	0.00e+00	0.00e+00	9.22e-01	1.79e-06	1.44e-06
 2.90448e+20	9.24e-01	7.55e-02	7.55e-06	0.00e+00	0.00e+00	0.00e+00	0.00e+00	0.00e+00	0.00e+00	9.24e-01	1.78e-06	1.42e-06
 3.00656e+20	9.27e-01	7.33e-02	6.80e-06	0.00e+00	0.00e+00	0.00e+00	0.00e+00	0.00e+00	0.00e+00	9.27e-01	1.76e-06	1.40e-06
 3.12103e+20	9.29e-01	7.12e-02	6.13e-06	0.00e+00	0.00e+00	0.00e+00	0.00e+00	0.00e+00	0.00e+00	9.29e-01	1.74e-06	1.39e-06
 3.25012e+20	9.31e-01	6.92e-02	5.52e-06	0.00e+00	0.00e+00	0.00e+00	0.00e+00	0.00e+00	0.00e+00	9.31e-01	1.72e-06	1.37e-06
 3.39712e+20	9.33e-01	6.73e-02	4.98e-06	0.00e+00	0.00e+00	0.00e+00	0.00e+00	0.00e+00	0.00e+00	9.33e-01	1.71e-06	1.36e-06
 3.56572e+20	9.35e-01	6.54e-02	4.49e-06	0.00e+00	0.00e+00	0.00e+00	0.00e+00	0.00e+00	0.00e+00	9.35e-01	1.69e-06	1.35e-06
 3.75910e+20	9.36e-01	6.36e-02	4.04e-06	0.00e+00	0.00e+00	0.00e+00	0.00e+00	0.00e+00	0.00e+00	9.36e-01	1.68e-06	1.33e-06
 3.98071e+20	9.38e-01	6.18e-02	3.64e-06	0.00e+00	0.00e+00	0.00e+00	0.00e+00	0.00e+00	0.00e+00	9.38e-01	1.66e-06	1.32e-06
 4.23430e+20	9.40e-01	6.01e-02	3.28e-06	0.00e+00	0.00e+00	0.00e+00	0.00e+00	0.00e+00	0.00e+00	9.40e-01	1.65e-06	1.31e-06
 4.52404e+20	9.41e-01	5.85e-02	2.95e-06	0.00e+00	0.00e+00	0.00e+00	0.00e+00	0.00e+00	0.00e+00	9.41e-01	1.63e-06	1.30e-06
 4.85454e+20	9.43e-01	5.69e-02	2.65e-06	0.00e+00	0.00e+00	0.00e+00	0.00e+00	0.00e+00	0.00e+00	9.43e-01	1.62e-06	1.29e-06
 5.23169e+20	9.45e-01	5.53e-02	2.39e-06	0.00e+00	0.00e+00	0.00e+00	0.00e+00	0.00e+00	0.00e+00	9.45e-01	1.61e-06	1.27e-06
 5.66343e+20	9.46e-01	5.39e-02	2.16e-06	0.00e+00	0.00e+00	0.00e+00	0.00e+00	0.00e+00	0.00e+00	9.46e-01	1.60e-06	1.26e-06
 6.16078e+20	9.48e-01	5.24e-02	1.95e-06	0.00e+00	0.00e+00	0.00e+00	0.00e+00	0.00e+00	0.00e+00	9.48e-01	1.59e-06	1.25e-06
 6.73875e+20	9.49e-01	5.10e-02	1.76e-06	0.00e+00	0.00e+00	0.00e+00	0.00e+00	0.00e+00	0.00e+00	9.49e-01	1.58e-06	1.24e-06
 7.40258e+20	9.50e-01	4.97e-02	1.60e-06	0.00e+00	0.00e+00	0.00e+00	0.00e+00	0.00e+00	0.00e+00	9.50e-01	1.57e-06	1.23e-06
 8.14284e+20	9.51e-01	4.86e-02	1.47e-06	0.00e+00	0.00e+00	0.00e+00	0.00e+00	0.00e+00	0.00e+00	9.51e-01	1.56e-06	1.22e-06
 8.95712e+20	9.52e-01	4.75e-02	1.35e-06	0.00e+00	0.00e+00	0.00e+00	0.00e+00	0.00e+00	0.00e+00	9.52e-01	1.55e-06	1.22e-06
 9.85283e+20	9.53e-01	4.66e-02	1.26e-06	0.00e+00	0.00e+00	0.00e+00	0.00e+00	0.00e+00	0.00e+00	9.53e-01	1.55e-06	1.21e-06
 1.08381e+21	9.54e-01	4.58e-02	1.18e-06	0.00e+00	0.00e+00	0.00e+00	0.00e+00	0.00e+00	0.00e+00	9.54e-01	1.55e-06	1.20e-06
 1.19219e+21	9.55e-01	4.51e-02	1.11e-06	0.00e+00	0.00e+00	0.00e+00	0.00e+00	0.00e+00	0.00e+00	9.55e-01	1.54e-06	1.20e-06
 1.31141e+21	9.55e-01	4.45e-02	1.05e-06	0.00e+00	0.00e+00	0.00e+00	0.00e+00	0.00e+00	0.00e+00	9.55e-01	1.54e-06	1.19e-06
 1.44255e+21	9.56e-01	4.40e-02	1.00e-06	0.00e+00	0.00e+00	0.00e+00	0.00e+00	0.00e+00	0.00e+00	9.56e-01	1.54e-06	1.19e-06
 1.58681e+21	9.56e-01	4.36e-02	9.57e-07	0.00e+00	0.00e+00	0.00e+00	0.00e+00	0.00e+00	0.00e+00	9.56e-01	1.54e-06	1.19e-06
 1.74549e+21	9.57e-01	4.33e-02	9.16e-07	0.00e+00	0.00e+00	0.00e+00	0.00e+00	0.00e+00	0.00e+00	9.57e-01	1.55e-06	1.19e-06
 1.92004e+21	9.57e-01	4.29e-02	8.80e-07	0.00e+00	0.00e+00	0.00e+00	0.00e+00	0.00e+00	0.00e+00	9.57e-01	1.55e-06	1.18e-06
 2.11204e+21	9.57e-01	4.27e-02	8.47e-07	0.00e+00	0.00e+00	0.00e+00	0.00e+00	0.00e+00	0.00e+00	9.57e-01	1.56e-06	1.18e-06
 2.32325e+21	9.57e-01	4.25e-02	8.16e-07	0.00e+00	0.00e+00	0.00e+00	0.00e+00	0.00e+00	0.00e+00	9.57e-01	1.56e-06	1.18e-06
 2.55557e+21	9.58e-01	4.24e-02	7.87e-07	0.00e+00	0.00e+00	0.00e+00	0.00e+00	0.00e+00	0.00e+00	9.58e-01	1.57e-06	1.18e-06
 2.81113e+21	9.58e-01	4.22e-02	7.59e-07	0.00e+00	0.00e+00	0.00e+00	0.00e+00	0.00e+00	0.00e+00	9.58e-01	1.57e-06	1.18e-06
 3.09224e+21	9.58e-01	4.21e-02	7.32e-07	0.00e+00	0.00e+00	0.00e+00	0.00e+00	0.00e+00	0.00e+00	9.58e-01	1.58e-06	1.18e-06
 3.40147e+21	9.58e-01	4.21e-02	7.05e-07	0.00e+00	0.00e+00	0.00e+00	0.00e+00	0.00e+00	0.00e+00	9.58e-01	1.59e-06	1.18e-06
 3.74161e+21	9.58e-01	4.20e-02	6.79e-07	0.00e+00	0.00e+00	0.00e+00	0.00e+00	0.00e+00	0.00e+00	9.58e-01	1.60e-06	1.18e-06
 4.11577e+21	9.58e-01	4.20e-02	6.52e-07	0.00e+00	0.00e+00	0.00e+00	0.00e+00	0.00e+00	0.00e+00	9.58e-01	1.61e-06	1.18e-06
 4.52735e+21	9.58e-01	4.20e-02	6.26e-07	0.00e+00	0.00e+00	0.00e+00	0.00e+00	0.00e+00	0.00e+00	9.58e-01	1.62e-06	1.18e-06
 4.98009e+21	9.58e-01	4.19e-02	5.99e-07	0.00e+00	0.00e+00	0.00e+00	0.00e+00	0.00e+00	0.00e+00	9.58e-01	1.64e-06	1.18e-06
 5.47809e+21	9.58e-01	4.19e-02	5.72e-07	0.00e+00	0.00e+00	0.00e+00	0.00e+00	0.00e+00	0.00e+00	9.58e-01	1.65e-06	1.18e-06
 6.02590e+21	9.58e-01	4.19e-02	5.45e-07	0.00e+00	0.00e+00	0.00e+00	0.00e+00	0.00e+00	0.00e+00	9.58e-01	1.66e-06	1.18e-06
 6.62849e+21	9.58e-01	4.19e-02	5.17e-07	0.00e+00	0.00e+00	0.00e+00	0.00e+00	0.00e+00	0.00e+00	9.58e-01	1.68e-06	1.18e-06
 7.29134e+21	9.58e-01	4.20e-02	4.89e-07	0.00e+00	0.00e+00	0.00e+00	0.00e+00	0.00e+00	0.00e+00	9.58e-01	1.69e-06	1.18e-06
 7.97078e+21	9.58e-01	4.20e-02	4.63e-07	0.00e+00	0.00e+00	0.00e+00	0.00e+00	0.00e+00	0.00e+00	9.58e-01	1.71e-06	1.18e-06
 8.61401e+21	9.58e-01	4.20e-02	4.41e-07	0.00e+00	0.00e+00	0.00e+00	0.00e+00	0.00e+00	0.00e+00	9.58e-01	1.72e-06	1.18e-06
 9.32934e+21	9.58e-01	4.20e-02	4.17e-07	0.00e+00	0.00e+00	0.00e+00	0.00e+00	0.00e+00	0.00e+00	9.58e-01	1.73e-06	1.18e-06
 1.01007e+22	9.58e-01	4.20e-02	3.94e-07	0.00e+00	0.00e+00	0.00e+00	0.00e+00	0.00e+00	0.00e+00	9.58e-01	1.75e-06	1.18e-06
 1.07819e+22	9.58e-01	4.21e-02	3.75e-07	0.00e+00	0.00e+00	0.00e+00	0.00e+00	0.00e+00	0.00e+00	9.58e-01	1.76e-06	1.18e-06
 1.14064e+22	9.58e-01	4.21e-02	3.59e-07	0.00e+00	0.00e+00	0.00e+00	0.00e+00	0.00e+00	0.00e+00	9.58e-01	1.76e-06	1.18e-06
 1.21200e+22	9.58e-01	4.21e-02	3.41e-07	0.00e+00	0.00e+00	0.00e+00	0.00e+00	0.00e+00	0.00e+00	9.58e-01	1.77e-06	1.18e-06
 1.29151e+22	9.58e-01	4.22e-02	3.23e-07	0.00e+00	0.00e+00	0.00e+00	0.00e+00	0.00e+00	0.00e+00	9.58e-01	1.78e-06	1.18e-06
 1.36542e+22	9.58e-01	4.22e-02	3.08e-07	0.00e+00	0.00e+00	0.00e+00	0.00e+00	0.00e+00	0.00e+00	9.58e-01	1.79e-06	1.18e-06
 1.43428e+22	9.58e-01	4.22e-02	2.95e-07	0.00e+00	0.00e+00	0.00e+00	0.00e+00	0.00e+00	0.00e+00	9.58e-01	1.79e-06	1.18e-06
 1.51276e+22	9.58e-01	4.23e-02	2.80e-07	0.00e+00	0.00e+00	0.00e+00	0.00e+00	0.00e+00	0.00e+00	9.58e-01	1.79e-06	1.18e-06
 1.60029e+22	9.58e-01	4.23e-02	2.66e-07	0.00e+00	0.00e+00	0.00e+00	0.00e+00	0.00e+00	0.00e+00	9.58e-01	1.79e-06	1.18e-06
 1.68219e+22	9.58e-01	4.23e-02	2.53e-07	0.00e+00	0.00e+00	0.00e+00	0.00e+00	0.00e+00	0.00e+00	9.58e-01	1.79e-06	1.18e-06
 1.77129e+22	9.58e-01	4.23e-02	2.40e-07	0.00e+00	0.00e+00	0.00e+00	0.00e+00	0.00e+00	0.00e+00	9.58e-01	1.79e-06	1.18e-06
 1.87035e+22	9.58e-01	4.24e-02	2.28e-07	0.00e+00	0.00e+00	0.00e+00	0.00e+00	0.00e+00	0.00e+00	9.58e-01	1.78e-06	1.18e-06
 1.96405e+22	9.58e-01	4.24e-02	2.16e-07	0.00e+00	0.00e+00	0.00e+00	0.00e+00	0.00e+00	0.00e+00	9.58e-01	1.77e-06	1.18e-06
 2.06287e+22	9.58e-01	4.25e-02	2.05e-07	0.00e+00	0.00e+00	0.00e+00	0.00e+00	0.00e+00	0.00e+00	9.58e-01	1.77e-06	1.18e-06
 2.16515e+22	9.58e-01	4.25e-02	1.95e-07	0.00e+00	0.00e+00	0.00e+00	0.00e+00	0.00e+00	0.00e+00	9.58e-01	1.75e-06	1.18e-06
 2.25720e+22	9.57e-01	4.25e-02	1.87e-07	0.00e+00	0.00e+00	0.00e+00	0.00e+00	0.00e+00	0.00e+00	9.57e-01	1.74e-06	1.18e-06
 2.34005e+22	9.57e-01	4.25e-02	1.79e-07	0.00e+00	0.00e+00	0.00e+00	0.00e+00	0.00e+00	0.00e+00	9.57e-01	1.72e-06	1.18e-06
 2.41461e+22	9.57e-01	4.25e-02	1.74e-07	0.00e+00	0.00e+00	0.00e+00	0.00e+00	0.00e+00	0.00e+00	9.57e-01	1.70e-06	1.18e-06
 2.48172e+22	9.57e-01	4.26e-02	1.68e-07	0.00e+00	0.00e+00	0.00e+00	0.00e+00	0.00e+00	0.00e+00	9.57e-01	1.69e-06	1.18e-06
 2.54211e+22	9.57e-01	4.26e-02	1.64e-07	0.00e+00	0.00e+00	0.00e+00	0.00e+00	0.00e+00	0.00e+00	9.57e-01	1.67e-06	1.18e-06
 2.59647e+22	9.57e-01	4.26e-02	1.60e-07	0.00e+00	0.00e+00	0.00e+00	0.00e+00	0.00e+00	0.00e+00	9.57e-01	1.66e-06	1.18e-06
 2.64539e+22	9.57e-01	4.26e-02	1.57e-07	0.00e+00	0.00e+00	0.00e+00	0.00e+00	0.00e+00	0.00e+00	9.57e-01	1.64e-06	1.18e-06
 2.68942e+22	9.57e-01	4.25e-02	1.54e-07	0.00e+00	0.00e+00	0.00e+00	0.00e+00	0.00e+00	0.00e+00	9.57e-01	1.63e-06	1.18e-06
 2.72905e+22	9.58e-01	4.25e-02	1.52e-07	0.00e+00	0.00e+00	0.00e+00	0.00e+00	0.00e+00	0.00e+00	9.58e-01	1.62e-06	1.18e-06
 2.76471e+22	9.58e-01	4.24e-02	1.49e-07	0.00e+00	0.00e+00	0.00e+00	0.00e+00	0.00e+00	0.00e+00	9.58e-01	1.60e-06	1.18e-06
 2.79703e+22	9.58e-01	4.24e-02	1.47e-07	0.00e+00	0.00e+00	0.00e+00	0.00e+00	0.00e+00	0.00e+00	9.58e-01	1.59e-06	1.18e-06
 2.82789e+22	9.58e-01	4.23e-02	1.45e-07	0.00e+00	0.00e+00	0.00e+00	0.00e+00	0.00e+00	0.00e+00	9.58e-01	1.58e-06	1.18e-06
 2.85874e+22	9.58e-01	4.22e-02	1.44e-07	0.00e+00	0.00e+00	0.00e+00	0.00e+00	0.00e+00	0.00e+00	9.58e-01	1.57e-06	1.18e-06
 2.88960e+22	9.58e-01	4.21e-02	1.42e-07	0.00e+00	0.00e+00	0.00e+00	0.00e+00	0.00e+00	0.00e+00	9.58e-01	1.56e-06	1.18e-06
 2.92046e+22	9.58e-01	4.19e-02	1.40e-07	0.00e+00	0.00e+00	0.00e+00	0.00e+00	0.00e+00	0.00e+00	9.58e-01	1.55e-06	1.17e-06
 2.95131e+22	9.58e-01	4.18e-02	1.38e-07	0.00e+00	0.00e+00	0.00e+00	0.00e+00	0.00e+00	0.00e+00	9.58e-01	1.53e-06	1.17e-06
 2.98217e+22	9.58e-01	4.16e-02	1.36e-07	0.00e+00	0.00e+00	0.00e+00	0.00e+00	0.00e+00	0.00e+00	9.58e-01	1.52e-06	1.17e-06
 3.01303e+22	9.59e-01	4.14e-02	1.34e-07	0.00e+00	0.00e+00	0.00e+00	0.00e+00	0.00e+00	0.00e+00	9.59e-01	1.51e-06	1.17e-06
 3.04388e+22	9.59e-01	4.11e-02	1.33e-07	0.00e+00	0.00e+00	0.00e+00	0.00e+00	0.00e+00	0.00e+00	9.59e-01	1.49e-06	1.17e-06
 3.07250e+22	9.59e-01	4.09e-02	1.31e-07	0.00e+00	0.00e+00	0.00e+00	0.00e+00	0.00e+00	0.00e+00	9.59e-01	1.48e-06	1.17e-06
