#depth	He	He+	He+2
 1.08578e+17	2.38e-05	4.26e-02	9.57e-01
 6.51468e+17	2.37e-05	4.26e-02	9.57e-01
 2.82303e+18	2.36e-05	4.26e-02	9.57e-01
 1.15093e+19	2.34e-05	4.31e-02	9.57e-01
 2.74919e+19	2.20e-05	4.24e-02	9.58e-01
 4.82694e+19	2.15e-05	4.29e-02	9.57e-01
 7.52801e+19	2.17e-05	4.47e-02	9.55e-01
 1.10394e+20	2.29e-05	4.84e-02	9.52e-01
 1.56042e+20	2.58e-05	5.57e-02	9.44e-01
 2.03028e+20	2.98e-05	6.60e-02	9.34e-01
 2.40298e+20	3.48e-05	7.82e-02	9.22e-01
 2.70361e+20	4.07e-05	9.17e-02	9.08e-01
 2.97910e+20	4.79e-05	1.08e-01	8.92e-01
 3.24717e+20	5.71e-05	1.28e-01	8.72e-01
 3.48266e+20	6.71e-05	1.51e-01	8.49e-01
 3.67609e+20	7.77e-05	1.73e-01	8.27e-01
 3.85216e+20	8.90e-05	1.98e-01	8.02e-01
 4.04946e+20	1.05e-04	2.30e-01	7.70e-01
 4.25128e+20	1.23e-04	2.68e-01	7.32e-01
 4.41618e+20	1.41e-04	3.03e-01	6.97e-01
 4.58775e+20	1.63e-04	3.44e-01	6.56e-01
 4.77148e+20	1.87e-04	3.91e-01	6.09e-01
 4.93856e+20	2.12e-04	4.36e-01	5.64e-01
 5.08369e+20	2.35e-04	4.76e-01	5.24e-01
 5.21069e+20	2.57e-04	5.12e-01	4.88e-01
 5.35376e+20	2.83e-04	5.53e-01	4.47e-01
 5.51127e+20	3.12e-04	5.96e-01	4.04e-01
 5.64015e+20	3.34e-04	6.28e-01	3.71e-01
 5.74065e+20	3.53e-04	6.53e-01	3.46e-01
 5.85166e+20	3.75e-04	6.80e-01	3.19e-01
 5.99596e+20	4.04e-04	7.13e-01	2.86e-01
 6.14461e+20	4.30e-04	7.42e-01	2.57e-01
 6.27336e+20	4.54e-04	7.66e-01	2.34e-01
 6.41518e+20	4.81e-04	7.90e-01	2.10e-01
 6.59955e+20	5.15e-04	8.17e-01	1.82e-01
 6.79507e+20	5.47e-04	8.41e-01	1.58e-01
 6.97697e+20	5.77e-04	8.60e-01	1.39e-01
 7.18533e+20	6.13e-04	8.79e-01	1.20e-01
 7.45620e+20	6.57e-04	8.99e-01	9.99e-02
 7.80135e+20	7.13e-04	9.19e-01	8.04e-02
 8.17599e+20	7.71e-04	9.34e-01	6.50e-02
 8.58915e+20	8.41e-04	9.47e-01	5.20e-02
 9.11945e+20	9.37e-04	9.59e-01	4.01e-02
 9.63995e+20	1.04e-03	9.67e-01	3.22e-02
 1.00121e+21	1.13e-03	9.71e-01	2.80e-02
 1.02964e+21	1.21e-03	9.74e-01	2.51e-02
 1.06020e+21	1.32e-03	9.76e-01	2.24e-02
 1.09352e+21	1.45e-03	9.79e-01	1.99e-02
 1.12226e+21	1.59e-03	9.80e-01	1.81e-02
 1.14550e+21	1.73e-03	9.81e-01	1.68e-02
 1.16300e+21	1.86e-03	9.82e-01	1.59e-02
 1.17561e+21	1.96e-03	9.83e-01	1.53e-02
 1.18867e+21	2.08e-03	9.83e-01	1.46e-02
 1.20303e+21	2.23e-03	9.84e-01	1.40e-02
 1.21563e+21	2.38e-03	9.84e-01	1.34e-02
 1.22608e+21	2.52e-03	9.84e-01	1.30e-02
 1.23570e+21	2.67e-03	9.85e-01	1.26e-02
 1.24670e+21	2.87e-03	9.85e-01	1.22e-02
 1.25780e+21	3.09e-03	9.85e-01	1.18e-02
 1.26634e+21	3.29e-03	9.85e-01	1.15e-02
 1.27343e+21	3.48e-03	9.85e-01	1.12e-02
 1.28132e+21	3.72e-03	9.85e-01	1.09e-02
 1.28976e+21	4.01e-03	9.85e-01	1.06e-02
 1.29693e+21	4.29e-03	9.85e-01	1.04e-02
 1.30306e+21	4.56e-03	9.85e-01	1.02e-02
 1.30977e+21	4.91e-03	9.85e-01	9.96e-03
 1.31684e+21	5.31e-03	9.85e-01	9.74e-03
 1.32273e+21	5.71e-03	9.85e-01	9.56e-03
 1.32776e+21	6.09e-03	9.85e-01	9.40e-03
 1.33332e+21	6.59e-03	9.84e-01	9.22e-03
 1.33921e+21	7.19e-03	9.84e-01	9.04e-03
 1.34420e+21	7.76e-03	9.83e-01	8.90e-03
 1.34853e+21	8.34e-03	9.83e-01	8.78e-03
 1.35338e+21	9.11e-03	9.82e-01	8.63e-03
 1.35851e+21	1.00e-02	9.81e-01	8.48e-03
 1.36286e+21	1.10e-02	9.81e-01	8.36e-03
 1.36667e+21	1.19e-02	9.80e-01	8.25e-03
 1.37092e+21	1.32e-02	9.79e-01	8.12e-03
 1.37509e+21	1.46e-02	9.77e-01	8.01e-03
 1.37814e+21	1.57e-02	9.76e-01	7.96e-03
 1.38110e+21	1.71e-02	9.75e-01	7.88e-03
 1.38433e+21	1.88e-02	9.73e-01	7.80e-03
 1.38719e+21	2.06e-02	9.72e-01	7.73e-03
 1.38969e+21	2.23e-02	9.70e-01	7.69e-03
 1.39244e+21	2.46e-02	9.68e-01	7.63e-03
 1.39536e+21	2.74e-02	9.65e-01	7.58e-03
 1.39785e+21	3.01e-02	9.62e-01	7.56e-03
 1.40007e+21	3.30e-02	9.59e-01	7.53e-03
 1.40258e+21	3.69e-02	9.56e-01	7.51e-03
 1.40527e+21	4.17e-02	9.51e-01	7.51e-03
 1.40762e+21	4.69e-02	9.46e-01	7.51e-03
 1.40974e+21	5.23e-02	9.40e-01	7.55e-03
 1.41211e+21	5.96e-02	9.33e-01	7.59e-03
 1.41451e+21	6.84e-02	9.24e-01	7.66e-03
 1.41637e+21	7.67e-02	9.16e-01	7.73e-03
 1.41788e+21	8.42e-02	9.08e-01	7.82e-03
 1.41947e+21	9.37e-02	8.98e-01	7.93e-03
 1.42117e+21	1.05e-01	8.87e-01	8.06e-03
 1.42272e+21	1.17e-01	8.75e-01	8.20e-03
 1.42410e+21	1.29e-01	8.62e-01	8.34e-03
 1.42538e+21	1.42e-01	8.49e-01	8.49e-03
 1.42656e+21	1.56e-01	8.36e-01	8.64e-03
 1.42767e+21	1.69e-01	8.22e-01	8.80e-03
 1.42869e+21	1.83e-01	8.08e-01	8.94e-03
 1.42947e+21	1.94e-01	7.97e-01	9.06e-03
 1.43000e+21	2.02e-01	7.88e-01	9.15e-03
 1.43051e+21	2.11e-01	7.80e-01	9.23e-03
 1.43108e+21	2.21e-01	7.69e-01	9.31e-03
 1.43168e+21	2.32e-01	7.58e-01	9.41e-03
 1.43227e+21	2.43e-01	7.47e-01	9.51e-03
 1.43284e+21	2.55e-01	7.35e-01	9.60e-03
 1.43341e+21	2.67e-01	7.24e-01	9.70e-03
 1.43397e+21	2.79e-01	7.11e-01	9.78e-03
 1.43453e+21	2.92e-01	6.98e-01	9.88e-03
 1.43509e+21	3.06e-01	6.84e-01	9.96e-03
 1.43565e+21	3.20e-01	6.70e-01	1.00e-02
 1.43621e+21	3.35e-01	6.55e-01	1.01e-02
 1.43677e+21	3.50e-01	6.40e-01	1.02e-02
 1.43733e+21	3.65e-01	6.24e-01	1.02e-02
 1.43788e+21	3.82e-01	6.08e-01	1.03e-02
 1.43845e+21	3.99e-01	5.91e-01	1.03e-02
 1.43901e+21	4.16e-01	5.74e-01	1.04e-02
 1.43958e+21	4.34e-01	5.56e-01	1.04e-02
 1.44015e+21	4.52e-01	5.37e-01	1.04e-02
 1.44074e+21	4.72e-01	5.18e-01	1.04e-02
 1.44133e+21	4.92e-01	4.98e-01	1.03e-02
 1.44192e+21	5.12e-01	4.78e-01	1.03e-02
 1.44252e+21	5.32e-01	4.58e-01	1.02e-02
 1.44312e+21	5.52e-01	4.38e-01	1.01e-02
 1.44373e+21	5.73e-01	4.17e-01	1.00e-02
 1.44434e+21	5.93e-01	3.97e-01	9.86e-03
 1.44498e+21	6.14e-01	3.77e-01	9.69e-03
 1.44563e+21	6.34e-01	3.56e-01	9.48e-03
 1.44630e+21	6.55e-01	3.36e-01	9.26e-03
 1.44701e+21	6.75e-01	3.16e-01	9.00e-03
 1.44776e+21	6.95e-01	2.96e-01	8.73e-03
 1.44858e+21	7.15e-01	2.77e-01	8.42e-03
 1.44946e+21	7.34e-01	2.58e-01	8.08e-03
 1.45046e+21	7.53e-01	2.39e-01	7.73e-03
 1.45162e+21	7.71e-01	2.21e-01	7.35e-03
 1.45286e+21	7.86e-01	2.07e-01	7.02e-03
 1.45409e+21	7.98e-01	1.95e-01	6.74e-03
 1.45532e+21	8.07e-01	1.87e-01	6.53e-03
 1.45653e+21	8.13e-01	1.81e-01	6.36e-03
 1.45774e+21	8.18e-01	1.76e-01	6.23e-03
 1.45894e+21	8.22e-01	1.72e-01	6.12e-03
 1.46014e+21	8.25e-01	1.69e-01	6.01e-03
 1.46151e+21	8.27e-01	1.67e-01	5.93e-03
 1.46330e+21	8.29e-01	1.65e-01	5.89e-03
 1.46562e+21	8.31e-01	1.64e-01	5.81e-03
 1.46864e+21	8.32e-01	1.62e-01	5.73e-03
 1.47257e+21	8.34e-01	1.61e-01	5.65e-03
 1.47768e+21	8.35e-01	1.59e-01	5.55e-03
 1.48431e+21	8.37e-01	1.58e-01	5.43e-03
 1.49294e+21	8.39e-01	1.56e-01	5.28e-03
 1.50416e+21	8.42e-01	1.53e-01	5.09e-03
 1.51874e+21	8.46e-01	1.50e-01	4.86e-03
 1.53769e+21	8.50e-01	1.45e-01	4.58e-03
 1.56234e+21	8.55e-01	1.40e-01	4.25e-03
 1.59437e+21	8.62e-01	1.34e-01	3.87e-03
 1.63463e+21	8.69e-01	1.27e-01	3.46e-03
 1.67935e+21	8.77e-01	1.20e-01	3.07e-03
 1.72497e+21	8.84e-01	1.14e-01	2.75e-03
 1.77144e+21	8.90e-01	1.08e-01	2.46e-03
 1.81978e+21	8.96e-01	1.02e-01	2.20e-03
 1.87114e+21	9.01e-01	9.65e-02	1.97e-03
 1.92539e+21	9.07e-01	9.13e-02	1.76e-03
 1.98224e+21	9.12e-01	8.64e-02	1.57e-03
 2.04179e+21	9.17e-01	8.17e-02	1.40e-03
 2.10436e+21	9.22e-01	7.72e-02	1.25e-03
 2.17022e+21	9.26e-01	7.29e-02	1.12e-03
 2.23955e+21	9.30e-01	6.89e-02	9.97e-04
 2.31255e+21	9.34e-01	6.51e-02	8.89e-04
 2.38943e+21	9.38e-01	6.14e-02	7.93e-04
 2.47049e+21	9.41e-01	5.80e-02	7.07e-04
 2.55602e+21	9.45e-01	5.47e-02	6.30e-04
 2.64635e+21	9.48e-01	5.16e-02	5.61e-04
 2.74183e+21	9.51e-01	4.86e-02	4.99e-04
 2.84289e+21	9.54e-01	4.59e-02	4.44e-04
 2.94994e+21	9.56e-01	4.32e-02	3.95e-04
 3.06353e+21	9.59e-01	4.07e-02	3.52e-04
 3.18412e+21	9.61e-01	3.83e-02	3.12e-04
 3.31247e+21	9.64e-01	3.61e-02	2.77e-04
 3.44909e+21	9.66e-01	3.40e-02	2.46e-04
 3.59447e+21	9.68e-01	3.19e-02	2.19e-04
 3.75074e+21	9.70e-01	3.00e-02	1.94e-04
 3.91867e+21	9.72e-01	2.82e-02	1.72e-04
 4.09787e+21	9.73e-01	2.65e-02	1.52e-04
 4.29049e+21	9.75e-01	2.49e-02	1.35e-04
 4.49854e+21	9.76e-01	2.34e-02	1.19e-04
 4.72311e+21	9.78e-01	2.20e-02	1.05e-04
 4.96823e+21	9.79e-01	2.06e-02	9.29e-05
 5.23619e+21	9.81e-01	1.93e-02	8.20e-05
 5.52741e+21	9.82e-01	1.81e-02	7.25e-05
 5.84688e+21	9.83e-01	1.70e-02	6.41e-05
 6.20032e+21	9.84e-01	1.60e-02	5.66e-05
 6.59198e+21	9.85e-01	1.50e-02	5.00e-05
 7.03307e+21	9.86e-01	1.41e-02	4.43e-05
 7.49785e+21	9.87e-01	1.33e-02	3.96e-05
 7.93105e+21	9.87e-01	1.27e-02	3.62e-05
 8.32315e+21	9.88e-01	1.22e-02	3.35e-05
 8.75682e+21	9.88e-01	1.17e-02	3.11e-05
 9.23246e+21	9.89e-01	1.13e-02	2.89e-05
 9.64952e+21	9.89e-01	1.10e-02	2.74e-05
 1.00065e+22	9.89e-01	1.07e-02	2.62e-05
 1.03985e+22	9.90e-01	1.05e-02	2.51e-05
 1.09082e+22	9.90e-01	1.02e-02	2.38e-05
 1.14136e+22	9.90e-01	9.95e-03	2.28e-05
 1.17874e+22	9.90e-01	9.79e-03	2.21e-05
 1.20989e+22	9.90e-01	9.67e-03	2.16e-05
 1.24555e+22	9.90e-01	9.55e-03	2.11e-05
 1.29191e+22	9.91e-01	9.40e-03	2.04e-05
 1.33966e+22	9.91e-01	9.26e-03	1.99e-05
 1.37763e+22	9.91e-01	9.16e-03	1.95e-05
 1.41006e+22	9.91e-01	9.05e-03	1.90e-05
 1.44686e+22	9.91e-01	9.00e-03	1.88e-05
 1.49471e+22	9.91e-01	8.91e-03	1.85e-05
 1.54330e+22	9.91e-01	8.81e-03	1.81e-05
 1.58100e+22	9.91e-01	8.73e-03	1.77e-05
 1.61268e+22	9.91e-01	8.70e-03	1.77e-05
 1.64839e+22	9.91e-01	8.65e-03	1.75e-05
 1.69482e+22	9.91e-01	8.58e-03	1.72e-05
 1.74296e+22	9.91e-01	8.53e-03	1.70e-05
 1.78197e+22	9.92e-01	8.45e-03	1.67e-05
 1.81533e+22	9.92e-01	8.42e-03	1.66e-05
 1.85269e+22	9.92e-01	8.38e-03	1.65e-05
 1.90125e+22	9.92e-01	8.33e-03	1.62e-05
 1.95112e+22	9.92e-01	8.30e-03	1.62e-05
 1.99145e+22	9.92e-01	8.25e-03	1.60e-05
 2.02691e+22	9.92e-01	8.23e-03	1.59e-05
 2.06726e+22	9.92e-01	8.20e-03	1.58e-05
 2.11972e+22	9.92e-01	8.17e-03	1.57e-05
 2.17407e+22	9.92e-01	8.12e-03	1.55e-05
 2.21804e+22	9.92e-01	8.11e-03	1.55e-05
 2.26234e+22	9.92e-01	8.07e-03	1.53e-05
 2.31993e+22	9.92e-01	8.04e-03	1.52e-05
 2.38070e+22	9.92e-01	8.02e-03	1.52e-05
 2.43308e+22	9.92e-01	7.99e-03	1.51e-05
 2.48863e+22	9.92e-01	7.95e-03	1.49e-05
 2.54831e+22	9.92e-01	7.93e-03	1.48e-05
 2.60205e+22	9.92e-01	7.91e-03	1.48e-05
 2.65041e+22	9.92e-01	7.90e-03	1.47e-05
 2.69394e+22	9.92e-01	7.89e-03	1.47e-05
 2.73311e+22	9.92e-01	7.88e-03	1.47e-05
 2.76837e+22	9.92e-01	7.87e-03	1.46e-05
 2.80050e+22	9.92e-01	7.86e-03	1.46e-05
 2.83135e+22	9.92e-01	7.85e-03	1.46e-05
 2.86221e+22	9.92e-01	7.85e-03	1.46e-05
 2.89307e+22	9.92e-01	7.84e-03	1.46e-05
 2.92392e+22	9.92e-01	7.84e-03	1.46e-05
 2.95478e+22	9.92e-01	7.84e-03	1.46e-05
 2.98564e+22	9.92e-01	7.85e-03	1.47e-05
 3.01547e+22	9.92e-01	7.86e-03	1.47e-05
 3.04216e+22	9.92e-01	7.88e-03	1.49e-05
 3.06466e+22	9.92e-01	7.92e-03	1.51e-05
 3.08028e+22	9.92e-01	8.01e-03	1.55e-05
