#depth	O	O+	O+2	O+3	O+4	O+5	O+6	O+7	O+8	O[1]	O[2]	O[3]
 5.93345e+16	3.28e-07	9.58e-04	1.30e-01	6.64e-01	1.91e-01	1.31e-02	7.39e-04	5.09e-07	0.00e+00	3.28e-07	2.55e-11	2.82e-11
 3.56007e+17	3.27e-07	9.57e-04	1.30e-01	6.64e-01	1.91e-01	1.31e-02	7.38e-04	5.09e-07	0.00e+00	3.27e-07	2.54e-11	2.82e-11
 1.54270e+18	3.25e-07	9.55e-04	1.32e-01	6.63e-01	1.90e-01	1.30e-02	7.34e-04	5.05e-07	0.00e+00	3.25e-07	2.53e-11	2.80e-11
 6.28946e+18	3.16e-07	9.39e-04	1.37e-01	6.62e-01	1.87e-01	1.27e-02	7.17e-04	4.94e-07	0.00e+00	3.16e-07	2.46e-11	2.72e-11
 1.50235e+19	2.89e-07	8.96e-04	1.44e-01	6.61e-01	1.81e-01	1.23e-02	6.95e-04	4.79e-07	0.00e+00	2.89e-07	2.25e-11	2.49e-11
 2.63777e+19	2.76e-07	8.88e-04	1.55e-01	6.58e-01	1.74e-01	1.18e-02	6.65e-04	4.60e-07	0.00e+00	2.76e-07	2.15e-11	2.38e-11
 4.11383e+19	2.72e-07	9.08e-04	1.70e-01	6.53e-01	1.65e-01	1.11e-02	6.26e-04	4.34e-07	0.00e+00	2.72e-07	2.12e-11	2.35e-11
 6.03269e+19	2.82e-07	9.69e-04	1.92e-01	6.44e-01	1.53e-01	1.01e-02	5.74e-04	3.99e-07	0.00e+00	2.81e-07	2.19e-11	2.43e-11
 8.52722e+19	3.13e-07	1.11e-03	2.28e-01	6.26e-01	1.36e-01	8.80e-03	5.04e-04	3.52e-07	0.00e+00	3.13e-07	2.44e-11	2.70e-11
 1.12360e+20	3.58e-07	1.31e-03	2.76e-01	5.98e-01	1.17e-01	7.36e-03	4.28e-04	3.03e-07	0.00e+00	3.58e-07	2.78e-11	3.08e-11
 1.35741e+20	4.24e-07	1.57e-03	3.31e-01	5.61e-01	9.93e-02	6.04e-03	3.57e-04	2.56e-07	0.00e+00	4.24e-07	3.30e-11	3.65e-11
 1.54482e+20	5.05e-07	1.89e-03	3.87e-01	5.22e-01	8.36e-02	4.94e-03	2.96e-04	2.15e-07	0.00e+00	5.05e-07	3.94e-11	4.36e-11
 1.69728e+20	5.96e-07	2.22e-03	4.41e-01	4.82e-01	7.01e-02	4.03e-03	2.45e-04	1.80e-07	0.00e+00	5.96e-07	4.64e-11	5.14e-11
 1.83019e+20	6.98e-07	2.59e-03	4.94e-01	4.42e-01	5.82e-02	3.28e-03	2.01e-04	1.49e-07	0.00e+00	6.98e-07	5.45e-11	6.02e-11
 1.95683e+20	8.17e-07	3.01e-03	5.48e-01	3.99e-01	4.73e-02	2.61e-03	1.61e-04	0.00e+00	0.00e+00	8.17e-07	6.37e-11	7.05e-11
 2.08009e+20	9.47e-07	3.46e-03	6.02e-01	3.55e-01	3.75e-02	2.03e-03	1.25e-04	0.00e+00	0.00e+00	9.47e-07	7.38e-11	8.16e-11
 2.19719e+20	1.08e-06	3.91e-03	6.52e-01	3.13e-01	2.93e-02	1.56e-03	9.58e-05	0.00e+00	0.00e+00	1.08e-06	8.41e-11	9.30e-11
 2.30787e+20	1.21e-06	4.36e-03	6.97e-01	2.74e-01	2.27e-02	1.20e-03	7.28e-05	0.00e+00	0.00e+00	1.21e-06	9.43e-11	1.04e-10
 2.41574e+20	1.35e-06	4.79e-03	7.38e-01	2.39e-01	1.75e-02	9.22e-04	5.47e-05	0.00e+00	0.00e+00	1.35e-06	1.05e-10	1.16e-10
 2.52167e+20	1.48e-06	5.21e-03	7.73e-01	2.08e-01	1.34e-02	7.10e-04	4.11e-05	0.00e+00	0.00e+00	1.48e-06	1.15e-10	1.27e-10
 2.62500e+20	1.60e-06	5.59e-03	8.03e-01	1.81e-01	1.04e-02	5.53e-04	3.10e-05	0.00e+00	0.00e+00	1.60e-06	1.24e-10	1.38e-10
 2.74260e+20	1.76e-06	6.04e-03	8.32e-01	1.54e-01	7.74e-03	4.18e-04	2.25e-05	0.00e+00	0.00e+00	1.76e-06	1.37e-10	1.52e-10
 2.86775e+20	1.91e-06	6.44e-03	8.57e-01	1.31e-01	5.84e-03	3.20e-04	1.65e-05	0.00e+00	0.00e+00	1.91e-06	1.48e-10	1.65e-10
 2.98218e+20	2.05e-06	6.79e-03	8.76e-01	1.13e-01	4.60e-03	2.56e-04	1.26e-05	0.00e+00	0.00e+00	2.05e-06	1.58e-10	1.77e-10
 3.11045e+20	2.22e-06	7.18e-03	8.93e-01	9.58e-02	3.59e-03	2.02e-04	9.49e-06	0.00e+00	0.00e+00	2.22e-06	1.71e-10	1.91e-10
 3.27720e+20	2.45e-06	7.65e-03	9.11e-01	7.86e-02	2.74e-03	1.54e-04	6.88e-06	0.00e+00	0.00e+00	2.45e-06	1.88e-10	2.11e-10
 3.46233e+20	2.68e-06	8.09e-03	9.25e-01	6.46e-02	2.17e-03	1.19e-04	5.16e-06	0.00e+00	0.00e+00	2.67e-06	2.05e-10	2.30e-10
 3.65582e+20	2.93e-06	8.53e-03	9.36e-01	5.34e-02	1.79e-03	9.45e-05	4.01e-06	0.00e+00	0.00e+00	2.93e-06	2.24e-10	2.52e-10
 3.88287e+20	3.24e-06	9.00e-03	9.46e-01	4.36e-02	1.52e-03	7.46e-05	3.16e-06	0.00e+00	0.00e+00	3.24e-06	2.47e-10	2.79e-10
 4.15817e+20	3.63e-06	9.52e-03	9.54e-01	3.51e-02	1.33e-03	5.84e-05	2.54e-06	0.00e+00	0.00e+00	3.63e-06	2.77e-10	3.12e-10
 4.49463e+20	4.14e-06	1.01e-02	9.61e-01	2.79e-02	1.19e-03	4.53e-05	2.09e-06	0.00e+00	0.00e+00	4.14e-06	3.15e-10	3.56e-10
 4.91426e+20	4.85e-06	1.08e-02	9.66e-01	2.19e-02	1.09e-03	3.47e-05	1.76e-06	0.00e+00	0.00e+00	4.85e-06	3.68e-10	4.17e-10
 5.40568e+20	5.81e-06	1.16e-02	9.70e-01	1.73e-02	1.03e-03	2.68e-05	1.53e-06	0.00e+00	0.00e+00	5.81e-06	4.41e-10	5.00e-10
 5.94625e+20	7.16e-06	1.25e-02	9.73e-01	1.39e-02	9.86e-04	2.10e-05	1.35e-06	0.00e+00	0.00e+00	7.16e-06	5.42e-10	6.16e-10
 6.54087e+20	9.15e-06	1.37e-02	9.74e-01	1.13e-02	9.55e-04	1.66e-05	1.21e-06	0.00e+00	0.00e+00	9.15e-06	6.93e-10	7.87e-10
 7.16135e+20	1.21e-05	1.51e-02	9.75e-01	9.32e-03	9.31e-04	1.33e-05	1.09e-06	0.00e+00	0.00e+00	1.21e-05	9.17e-10	1.04e-09
 7.73491e+20	1.63e-05	1.67e-02	9.74e-01	7.92e-03	9.12e-04	1.08e-05	9.74e-07	0.00e+00	0.00e+00	1.63e-05	1.23e-09	1.40e-09
 8.21228e+20	2.17e-05	1.85e-02	9.74e-01	6.92e-03	8.98e-04	9.11e-06	8.80e-07	0.00e+00	0.00e+00	2.17e-05	1.64e-09	1.86e-09
 8.60815e+20	2.82e-05	2.04e-02	9.72e-01	6.17e-03	8.86e-04	7.80e-06	8.00e-07	0.00e+00	0.00e+00	2.82e-05	2.13e-09	2.43e-09
 8.96169e+20	3.69e-05	2.26e-02	9.71e-01	5.53e-03	8.75e-04	6.72e-06	7.25e-07	0.00e+00	0.00e+00	3.69e-05	2.78e-09	3.17e-09
 9.29339e+20	4.87e-05	2.52e-02	9.69e-01	4.95e-03	8.63e-04	5.75e-06	6.52e-07	0.00e+00	0.00e+00	4.87e-05	3.68e-09	4.18e-09
 9.60163e+20	6.51e-05	2.83e-02	9.66e-01	4.42e-03	8.52e-04	4.89e-06	5.82e-07	0.00e+00	0.00e+00	6.51e-05	4.92e-09	5.59e-09
 9.87932e+20	8.73e-05	3.20e-02	9.63e-01	3.95e-03	8.39e-04	4.15e-06	5.16e-07	0.00e+00	0.00e+00	8.73e-05	6.59e-09	7.49e-09
 1.01268e+21	1.17e-04	3.62e-02	9.59e-01	3.53e-03	8.27e-04	3.52e-06	4.57e-07	0.00e+00	0.00e+00	1.17e-04	8.82e-09	1.00e-08
 1.03263e+21	1.51e-04	4.04e-02	9.55e-01	3.20e-03	8.15e-04	3.04e-06	4.09e-07	0.00e+00	0.00e+00	1.51e-04	1.14e-08	1.30e-08
 1.04743e+21	1.86e-04	4.43e-02	9.52e-01	2.95e-03	8.06e-04	2.70e-06	3.73e-07	0.00e+00	0.00e+00	1.86e-04	1.41e-08	1.60e-08
 1.06042e+21	2.27e-04	4.84e-02	9.48e-01	2.73e-03	7.96e-04	2.40e-06	3.41e-07	0.00e+00	0.00e+00	2.27e-04	1.72e-08	1.95e-08
 1.07526e+21	2.91e-04	5.41e-02	9.42e-01	2.48e-03	7.84e-04	2.07e-06	3.05e-07	0.00e+00	0.00e+00	2.91e-04	2.20e-08	2.49e-08
 1.09031e+21	3.78e-04	6.11e-02	9.36e-01	2.23e-03	7.70e-04	1.77e-06	2.69e-07	0.00e+00	0.00e+00	3.78e-04	2.86e-08	3.24e-08
 1.10182e+21	4.71e-04	6.76e-02	9.29e-01	2.04e-03	7.58e-04	1.55e-06	2.42e-07	0.00e+00	0.00e+00	4.71e-04	3.56e-08	4.03e-08
 1.11094e+21	5.68e-04	7.38e-02	9.23e-01	1.89e-03	7.47e-04	1.38e-06	2.21e-07	0.00e+00	0.00e+00	5.68e-04	4.30e-08	4.85e-08
 1.12076e+21	7.06e-04	8.18e-02	9.15e-01	1.72e-03	7.33e-04	1.21e-06	1.98e-07	0.00e+00	0.00e+00	7.06e-04	5.36e-08	6.03e-08
 1.13086e+21	8.91e-04	9.13e-02	9.06e-01	1.56e-03	7.17e-04	1.04e-06	1.76e-07	0.00e+00	0.00e+00	8.91e-04	6.77e-08	7.60e-08
 1.13888e+21	1.08e-03	1.00e-01	8.96e-01	1.44e-03	7.04e-04	9.18e-07	1.59e-07	0.00e+00	0.00e+00	1.08e-03	8.27e-08	9.24e-08
 1.14557e+21	1.29e-03	1.09e-01	8.88e-01	1.33e-03	6.91e-04	8.20e-07	1.45e-07	0.00e+00	0.00e+00	1.29e-03	9.88e-08	1.10e-07
 1.15295e+21	1.59e-03	1.21e-01	8.76e-01	1.21e-03	6.74e-04	7.14e-07	1.29e-07	0.00e+00	0.00e+00	1.59e-03	1.22e-07	1.35e-07
 1.16069e+21	1.99e-03	1.35e-01	8.62e-01	1.10e-03	6.55e-04	6.15e-07	0.00e+00	0.00e+00	0.00e+00	1.99e-03	1.54e-07	1.69e-07
 1.16711e+21	2.43e-03	1.48e-01	8.48e-01	1.00e-03	6.38e-04	5.38e-07	0.00e+00	0.00e+00	0.00e+00	2.43e-03	1.89e-07	2.06e-07
 1.17257e+21	2.90e-03	1.61e-01	8.34e-01	9.23e-04	6.21e-04	4.76e-07	0.00e+00	0.00e+00	0.00e+00	2.90e-03	2.27e-07	2.46e-07
 1.17858e+21	3.58e-03	1.79e-01	8.16e-01	8.35e-04	6.00e-04	4.10e-07	0.00e+00	0.00e+00	0.00e+00	3.58e-03	2.83e-07	3.03e-07
 1.18487e+21	4.48e-03	1.99e-01	7.95e-01	7.49e-04	5.75e-04	3.49e-07	0.00e+00	0.00e+00	0.00e+00	4.48e-03	3.59e-07	3.78e-07
 1.19008e+21	5.45e-03	2.19e-01	7.75e-01	6.80e-04	5.53e-04	3.01e-07	0.00e+00	0.00e+00	0.00e+00	5.45e-03	4.42e-07	4.59e-07
 1.19451e+21	6.49e-03	2.38e-01	7.55e-01	6.22e-04	5.32e-04	2.64e-07	0.00e+00	0.00e+00	0.00e+00	6.49e-03	5.33e-07	5.46e-07
 1.19942e+21	7.99e-03	2.62e-01	7.29e-01	5.58e-04	5.05e-04	2.24e-07	0.00e+00	0.00e+00	0.00e+00	7.99e-03	6.67e-07	6.70e-07
 1.20459e+21	9.96e-03	2.90e-01	6.99e-01	4.96e-04	4.75e-04	1.87e-07	0.00e+00	0.00e+00	0.00e+00	9.96e-03	8.47e-07	8.32e-07
 1.20894e+21	1.21e-02	3.17e-01	6.70e-01	4.46e-04	4.48e-04	1.59e-07	0.00e+00	0.00e+00	0.00e+00	1.21e-02	1.04e-06	1.01e-06
 1.21273e+21	1.44e-02	3.43e-01	6.41e-01	4.03e-04	4.22e-04	1.36e-07	0.00e+00	0.00e+00	0.00e+00	1.44e-02	1.26e-06	1.19e-06
 1.21696e+21	1.77e-02	3.76e-01	6.05e-01	3.57e-04	3.90e-04	1.12e-07	0.00e+00	0.00e+00	0.00e+00	1.77e-02	1.59e-06	1.46e-06
 1.22145e+21	2.20e-02	4.13e-01	5.64e-01	3.12e-04	3.54e-04	0.00e+00	0.00e+00	0.00e+00	0.00e+00	2.20e-02	2.02e-06	1.81e-06
 1.22524e+21	2.66e-02	4.47e-01	5.25e-01	2.76e-04	3.22e-04	0.00e+00	0.00e+00	0.00e+00	0.00e+00	2.66e-02	2.48e-06	2.18e-06
 1.22857e+21	3.17e-02	4.80e-01	4.88e-01	2.46e-04	2.92e-04	0.00e+00	0.00e+00	0.00e+00	0.00e+00	3.17e-02	2.99e-06	2.58e-06
 1.23230e+21	3.88e-02	5.18e-01	4.43e-01	2.13e-04	2.57e-04	0.00e+00	0.00e+00	0.00e+00	0.00e+00	3.88e-02	3.73e-06	3.14e-06
 1.23628e+21	4.79e-02	5.58e-01	3.94e-01	1.83e-04	2.22e-04	0.00e+00	0.00e+00	0.00e+00	0.00e+00	4.79e-02	4.66e-06	3.83e-06
 1.23938e+21	5.65e-02	5.89e-01	3.54e-01	1.61e-04	1.94e-04	0.00e+00	0.00e+00	0.00e+00	0.00e+00	5.65e-02	5.53e-06	4.48e-06
 1.24158e+21	6.37e-02	6.11e-01	3.25e-01	1.46e-04	1.74e-04	0.00e+00	0.00e+00	0.00e+00	0.00e+00	6.37e-02	6.27e-06	5.02e-06
 1.24384e+21	7.25e-02	6.33e-01	2.94e-01	1.31e-04	1.53e-04	0.00e+00	0.00e+00	0.00e+00	0.00e+00	7.25e-02	7.15e-06	5.67e-06
 1.24637e+21	8.35e-02	6.56e-01	2.60e-01	1.16e-04	1.31e-04	0.00e+00	0.00e+00	0.00e+00	0.00e+00	8.35e-02	8.24e-06	6.47e-06
 1.24870e+21	9.52e-02	6.75e-01	2.30e-01	1.03e-04	1.12e-04	0.00e+00	0.00e+00	0.00e+00	0.00e+00	9.51e-02	9.39e-06	7.31e-06
 1.25072e+21	1.06e-01	6.89e-01	2.04e-01	9.28e-05	9.71e-05	0.00e+00	0.00e+00	0.00e+00	0.00e+00	1.06e-01	1.05e-05	8.08e-06
 1.25291e+21	1.21e-01	7.03e-01	1.77e-01	8.20e-05	8.10e-05	0.00e+00	0.00e+00	0.00e+00	0.00e+00	1.21e-01	1.18e-05	9.07e-06
 1.25522e+21	1.37e-01	7.13e-01	1.50e-01	7.20e-05	6.62e-05	0.00e+00	0.00e+00	0.00e+00	0.00e+00	1.37e-01	1.33e-05	1.02e-05
 1.25716e+21	1.52e-01	7.18e-01	1.29e-01	6.44e-05	5.52e-05	0.00e+00	0.00e+00	0.00e+00	0.00e+00	1.52e-01	1.47e-05	1.12e-05
 1.25889e+21	1.68e-01	7.20e-01	1.11e-01	5.77e-05	4.58e-05	0.00e+00	0.00e+00	0.00e+00	0.00e+00	1.68e-01	1.61e-05	1.22e-05
 1.26086e+21	1.88e-01	7.19e-01	9.27e-02	5.09e-05	3.67e-05	0.00e+00	0.00e+00	0.00e+00	0.00e+00	1.88e-01	1.77e-05	1.33e-05
 1.26297e+21	2.11e-01	7.14e-01	7.53e-02	4.44e-05	2.84e-05	0.00e+00	0.00e+00	0.00e+00	0.00e+00	2.11e-01	1.96e-05	1.47e-05
 1.26479e+21	2.33e-01	7.05e-01	6.18e-02	3.91e-05	2.23e-05	0.00e+00	0.00e+00	0.00e+00	0.00e+00	2.33e-01	2.13e-05	1.59e-05
 1.26639e+21	2.54e-01	6.95e-01	5.13e-02	3.50e-05	1.79e-05	0.00e+00	0.00e+00	0.00e+00	0.00e+00	2.54e-01	2.28e-05	1.70e-05
 1.26817e+21	2.80e-01	6.79e-01	4.08e-02	3.06e-05	1.36e-05	0.00e+00	0.00e+00	0.00e+00	0.00e+00	2.80e-01	2.47e-05	1.83e-05
 1.27012e+21	3.11e-01	6.58e-01	3.14e-02	2.64e-05	9.90e-06	0.00e+00	0.00e+00	0.00e+00	0.00e+00	3.11e-01	2.66e-05	1.97e-05
 1.27190e+21	3.42e-01	6.34e-01	2.43e-02	2.30e-05	7.26e-06	0.00e+00	0.00e+00	0.00e+00	0.00e+00	3.42e-01	2.83e-05	2.09e-05
 1.27349e+21	3.70e-01	6.11e-01	1.90e-02	2.02e-05	5.43e-06	0.00e+00	0.00e+00	0.00e+00	0.00e+00	3.70e-01	2.98e-05	2.20e-05
 1.27506e+21	4.01e-01	5.84e-01	1.46e-02	1.77e-05	3.99e-06	0.00e+00	0.00e+00	0.00e+00	0.00e+00	4.01e-01	3.12e-05	2.29e-05
 1.27663e+21	4.33e-01	5.56e-01	1.11e-02	1.55e-05	2.90e-06	0.00e+00	0.00e+00	0.00e+00	0.00e+00	4.33e-01	3.24e-05	2.38e-05
 1.27806e+21	4.63e-01	5.28e-01	8.55e-03	1.36e-05	2.13e-06	0.00e+00	0.00e+00	0.00e+00	0.00e+00	4.63e-01	3.34e-05	2.45e-05
 1.27937e+21	4.92e-01	5.01e-01	6.64e-03	1.21e-05	1.59e-06	0.00e+00	0.00e+00	0.00e+00	0.00e+00	4.92e-01	3.41e-05	2.50e-05
 1.28056e+21	5.19e-01	4.76e-01	5.23e-03	1.08e-05	1.21e-06	0.00e+00	0.00e+00	0.00e+00	0.00e+00	5.18e-01	3.46e-05	2.53e-05
 1.28164e+21	5.43e-01	4.53e-01	4.18e-03	9.79e-06	9.34e-07	0.00e+00	0.00e+00	0.00e+00	0.00e+00	5.43e-01	3.49e-05	2.55e-05
 1.28264e+21	5.66e-01	4.31e-01	3.37e-03	8.89e-06	7.31e-07	0.00e+00	0.00e+00	0.00e+00	0.00e+00	5.66e-01	3.51e-05	2.57e-05
 1.28358e+21	5.88e-01	4.10e-01	2.74e-03	8.10e-06	5.78e-07	0.00e+00	0.00e+00	0.00e+00	0.00e+00	5.88e-01	3.51e-05	2.57e-05
 1.28431e+21	6.04e-01	3.94e-01	2.34e-03	7.56e-06	4.85e-07	0.00e+00	0.00e+00	0.00e+00	0.00e+00	6.04e-01	3.51e-05	2.56e-05
 1.28480e+21	6.15e-01	3.83e-01	2.10e-03	7.21e-06	4.28e-07	0.00e+00	0.00e+00	0.00e+00	0.00e+00	6.15e-01	3.51e-05	2.56e-05
 1.28526e+21	6.25e-01	3.73e-01	1.88e-03	6.87e-06	3.79e-07	0.00e+00	0.00e+00	0.00e+00	0.00e+00	6.25e-01	3.50e-05	2.55e-05
 1.28578e+21	6.38e-01	3.61e-01	1.66e-03	6.51e-06	3.30e-07	0.00e+00	0.00e+00	0.00e+00	0.00e+00	6.38e-01	3.48e-05	2.54e-05
 1.28633e+21	6.50e-01	3.48e-01	1.46e-03	6.15e-06	2.85e-07	0.00e+00	0.00e+00	0.00e+00	0.00e+00	6.50e-01	3.47e-05	2.53e-05
 1.28687e+21	6.62e-01	3.36e-01	1.28e-03	5.82e-06	2.47e-07	0.00e+00	0.00e+00	0.00e+00	0.00e+00	6.62e-01	3.45e-05	2.51e-05
 1.28739e+21	6.74e-01	3.25e-01	1.13e-03	5.52e-06	2.15e-07	0.00e+00	0.00e+00	0.00e+00	0.00e+00	6.73e-01	3.42e-05	2.49e-05
 1.28790e+21	6.85e-01	3.14e-01	9.97e-04	5.22e-06	1.87e-07	0.00e+00	0.00e+00	0.00e+00	0.00e+00	6.85e-01	3.40e-05	2.47e-05
 1.28841e+21	6.96e-01	3.03e-01	8.81e-04	4.95e-06	1.63e-07	0.00e+00	0.00e+00	0.00e+00	0.00e+00	6.96e-01	3.37e-05	2.45e-05
 1.28892e+21	7.07e-01	2.92e-01	7.77e-04	4.69e-06	1.42e-07	0.00e+00	0.00e+00	0.00e+00	0.00e+00	7.07e-01	3.34e-05	2.43e-05
 1.28942e+21	7.18e-01	2.82e-01	6.85e-04	4.44e-06	0.00e+00	0.00e+00	0.00e+00	0.00e+00	0.00e+00	7.18e-01	3.30e-05	2.40e-05
 1.28992e+21	7.28e-01	2.71e-01	6.05e-04	4.20e-06	0.00e+00	0.00e+00	0.00e+00	0.00e+00	0.00e+00	7.28e-01	3.27e-05	2.37e-05
 1.29041e+21	7.38e-01	2.61e-01	5.37e-04	3.98e-06	0.00e+00	0.00e+00	0.00e+00	0.00e+00	0.00e+00	7.38e-01	3.23e-05	2.35e-05
 1.29090e+21	7.48e-01	2.51e-01	4.76e-04	3.77e-06	0.00e+00	0.00e+00	0.00e+00	0.00e+00	0.00e+00	7.48e-01	3.19e-05	2.32e-05
 1.29139e+21	7.58e-01	2.42e-01	4.23e-04	3.58e-06	0.00e+00	0.00e+00	0.00e+00	0.00e+00	0.00e+00	7.58e-01	3.15e-05	2.29e-05
 1.29188e+21	7.67e-01	2.32e-01	3.76e-04	3.39e-06	0.00e+00	0.00e+00	0.00e+00	0.00e+00	0.00e+00	7.67e-01	3.11e-05	2.25e-05
 1.29236e+21	7.77e-01	2.23e-01	3.35e-04	3.21e-06	0.00e+00	0.00e+00	0.00e+00	0.00e+00	0.00e+00	7.77e-01	3.07e-05	2.22e-05
 1.29284e+21	7.85e-01	2.14e-01	3.00e-04	3.04e-06	0.00e+00	0.00e+00	0.00e+00	0.00e+00	0.00e+00	7.85e-01	3.02e-05	2.19e-05
 1.29331e+21	7.94e-01	2.06e-01	2.69e-04	2.88e-06	0.00e+00	0.00e+00	0.00e+00	0.00e+00	0.00e+00	7.94e-01	2.98e-05	2.15e-05
 1.29378e+21	8.02e-01	1.98e-01	2.42e-04	2.74e-06	0.00e+00	0.00e+00	0.00e+00	0.00e+00	0.00e+00	8.02e-01	2.93e-05	2.12e-05
 1.29426e+21	8.11e-01	1.89e-01	2.18e-04	2.59e-06	0.00e+00	0.00e+00	0.00e+00	0.00e+00	0.00e+00	8.10e-01	2.88e-05	2.08e-05
 1.29473e+21	8.18e-01	1.82e-01	1.98e-04	2.46e-06	0.00e+00	0.00e+00	0.00e+00	0.00e+00	0.00e+00	8.18e-01	2.83e-05	2.04e-05
 1.29519e+21	8.26e-01	1.74e-01	1.80e-04	2.33e-06	0.00e+00	0.00e+00	0.00e+00	0.00e+00	0.00e+00	8.26e-01	2.78e-05	2.01e-05
 1.29566e+21	8.33e-01	1.67e-01	1.65e-04	2.21e-06	0.00e+00	0.00e+00	0.00e+00	0.00e+00	0.00e+00	8.33e-01	2.73e-05	1.97e-05
 1.29613e+21	8.40e-01	1.60e-01	1.52e-04	2.10e-06	0.00e+00	0.00e+00	0.00e+00	0.00e+00	0.00e+00	8.40e-01	2.69e-05	1.94e-05
 1.29659e+21	8.47e-01	1.53e-01	1.40e-04	1.99e-06	0.00e+00	0.00e+00	0.00e+00	0.00e+00	0.00e+00	8.46e-01	2.64e-05	1.90e-05
 1.29705e+21	8.53e-01	1.47e-01	1.30e-04	1.89e-06	0.00e+00	0.00e+00	0.00e+00	0.00e+00	0.00e+00	8.53e-01	2.59e-05	1.87e-05
 1.29750e+21	8.59e-01	1.41e-01	1.22e-04	1.80e-06	0.00e+00	0.00e+00	0.00e+00	0.00e+00	0.00e+00	8.59e-01	2.55e-05	1.84e-05
 1.29795e+21	8.65e-01	1.35e-01	1.15e-04	1.72e-06	0.00e+00	0.00e+00	0.00e+00	0.00e+00	0.00e+00	8.65e-01	2.51e-05	1.80e-05
 1.29839e+21	8.70e-01	1.30e-01	1.08e-04	1.64e-06	0.00e+00	0.00e+00	0.00e+00	0.00e+00	0.00e+00	8.70e-01	2.47e-05	1.77e-05
 1.29883e+21	8.75e-01	1.25e-01	1.03e-04	1.56e-06	0.00e+00	0.00e+00	0.00e+00	0.00e+00	0.00e+00	8.75e-01	2.43e-05	1.74e-05
 1.29927e+21	8.80e-01	1.20e-01	9.83e-05	1.49e-06	0.00e+00	0.00e+00	0.00e+00	0.00e+00	0.00e+00	8.80e-01	2.39e-05	1.72e-05
 1.29971e+21	8.84e-01	1.15e-01	9.42e-05	1.43e-06	0.00e+00	0.00e+00	0.00e+00	0.00e+00	0.00e+00	8.84e-01	2.35e-05	1.69e-05
 1.30015e+21	8.89e-01	1.11e-01	9.07e-05	1.36e-06	0.00e+00	0.00e+00	0.00e+00	0.00e+00	0.00e+00	8.89e-01	2.32e-05	1.66e-05
 1.30059e+21	8.93e-01	1.07e-01	8.76e-05	1.31e-06	0.00e+00	0.00e+00	0.00e+00	0.00e+00	0.00e+00	8.93e-01	2.28e-05	1.64e-05
 1.30103e+21	8.97e-01	1.03e-01	8.49e-05	1.25e-06	0.00e+00	0.00e+00	0.00e+00	0.00e+00	0.00e+00	8.97e-01	2.25e-05	1.61e-05
 1.30148e+21	9.00e-01	9.94e-02	8.25e-05	1.20e-06	0.00e+00	0.00e+00	0.00e+00	0.00e+00	0.00e+00	9.00e-01	2.22e-05	1.59e-05
 1.30194e+21	9.04e-01	9.60e-02	8.05e-05	1.15e-06	0.00e+00	0.00e+00	0.00e+00	0.00e+00	0.00e+00	9.04e-01	2.19e-05	1.57e-05
 1.30241e+21	9.07e-01	9.27e-02	7.87e-05	1.11e-06	0.00e+00	0.00e+00	0.00e+00	0.00e+00	0.00e+00	9.07e-01	2.16e-05	1.54e-05
 1.30289e+21	9.10e-01	8.96e-02	7.71e-05	1.07e-06	0.00e+00	0.00e+00	0.00e+00	0.00e+00	0.00e+00	9.10e-01	2.13e-05	1.52e-05
 1.30338e+21	9.13e-01	8.67e-02	7.57e-05	1.03e-06	0.00e+00	0.00e+00	0.00e+00	0.00e+00	0.00e+00	9.13e-01	2.11e-05	1.50e-05
 1.30390e+21	9.16e-01	8.39e-02	7.45e-05	9.93e-07	0.00e+00	0.00e+00	0.00e+00	0.00e+00	0.00e+00	9.16e-01	2.08e-05	1.49e-05
 1.30444e+21	9.19e-01	8.13e-02	7.34e-05	9.59e-07	0.00e+00	0.00e+00	0.00e+00	0.00e+00	0.00e+00	9.19e-01	2.06e-05	1.47e-05
 1.30500e+21	9.21e-01	7.89e-02	7.25e-05	9.28e-07	0.00e+00	0.00e+00	0.00e+00	0.00e+00	0.00e+00	9.21e-01	2.04e-05	1.45e-05
 1.30561e+21	9.23e-01	7.66e-02	7.16e-05	8.98e-07	0.00e+00	0.00e+00	0.00e+00	0.00e+00	0.00e+00	9.23e-01	2.02e-05	1.44e-05
 1.30627e+21	9.25e-01	7.45e-02	7.09e-05	8.71e-07	0.00e+00	0.00e+00	0.00e+00	0.00e+00	0.00e+00	9.25e-01	2.00e-05	1.42e-05
 1.30698e+21	9.27e-01	7.25e-02	7.03e-05	8.45e-07	0.00e+00	0.00e+00	0.00e+00	0.00e+00	0.00e+00	9.27e-01	1.98e-05	1.41e-05
 1.30779e+21	9.29e-01	7.06e-02	6.97e-05	8.22e-07	0.00e+00	0.00e+00	0.00e+00	0.00e+00	0.00e+00	9.29e-01	1.96e-05	1.39e-05
 1.30871e+21	9.31e-01	6.89e-02	6.92e-05	8.00e-07	0.00e+00	0.00e+00	0.00e+00	0.00e+00	0.00e+00	9.31e-01	1.94e-05	1.38e-05
 1.30978e+21	9.32e-01	6.75e-02	6.88e-05	7.82e-07	0.00e+00	0.00e+00	0.00e+00	0.00e+00	0.00e+00	9.32e-01	1.93e-05	1.37e-05
 1.31090e+21	9.34e-01	6.64e-02	6.85e-05	7.67e-07	0.00e+00	0.00e+00	0.00e+00	0.00e+00	0.00e+00	9.34e-01	1.92e-05	1.36e-05
 1.31202e+21	9.34e-01	6.55e-02	6.83e-05	7.56e-07	0.00e+00	0.00e+00	0.00e+00	0.00e+00	0.00e+00	9.34e-01	1.91e-05	1.36e-05
 1.31313e+21	9.35e-01	6.49e-02	6.81e-05	7.49e-07	0.00e+00	0.00e+00	0.00e+00	0.00e+00	0.00e+00	9.35e-01	1.91e-05	1.35e-05
 1.31424e+21	9.35e-01	6.45e-02	6.80e-05	7.43e-07	0.00e+00	0.00e+00	0.00e+00	0.00e+00	0.00e+00	9.35e-01	1.90e-05	1.35e-05
 1.31534e+21	9.36e-01	6.41e-02	6.79e-05	7.39e-07	0.00e+00	0.00e+00	0.00e+00	0.00e+00	0.00e+00	9.36e-01	1.90e-05	1.35e-05
 1.31644e+21	9.36e-01	6.37e-02	6.78e-05	7.33e-07	0.00e+00	0.00e+00	0.00e+00	0.00e+00	0.00e+00	9.36e-01	1.89e-05	1.34e-05
 1.31754e+21	9.36e-01	6.35e-02	6.78e-05	7.31e-07	0.00e+00	0.00e+00	0.00e+00	0.00e+00	0.00e+00	9.36e-01	1.89e-05	1.34e-05
 1.31864e+21	9.36e-01	6.35e-02	6.77e-05	7.30e-07	0.00e+00	0.00e+00	0.00e+00	0.00e+00	0.00e+00	9.36e-01	1.89e-05	1.34e-05
 1.31991e+21	9.37e-01	6.33e-02	6.77e-05	7.28e-07	0.00e+00	0.00e+00	0.00e+00	0.00e+00	0.00e+00	9.37e-01	1.89e-05	1.34e-05
 1.32155e+21	9.37e-01	6.32e-02	6.76e-05	7.26e-07	0.00e+00	0.00e+00	0.00e+00	0.00e+00	0.00e+00	9.37e-01	1.89e-05	1.34e-05
 1.32368e+21	9.37e-01	6.29e-02	6.75e-05	7.22e-07	0.00e+00	0.00e+00	0.00e+00	0.00e+00	0.00e+00	9.37e-01	1.89e-05	1.34e-05
 1.32646e+21	9.37e-01	6.27e-02	6.75e-05	7.20e-07	0.00e+00	0.00e+00	0.00e+00	0.00e+00	0.00e+00	9.37e-01	1.88e-05	1.34e-05
 1.33006e+21	9.38e-01	6.24e-02	6.74e-05	7.16e-07	0.00e+00	0.00e+00	0.00e+00	0.00e+00	0.00e+00	9.37e-01	1.88e-05	1.33e-05
 1.33475e+21	9.38e-01	6.22e-02	6.72e-05	7.12e-07	0.00e+00	0.00e+00	0.00e+00	0.00e+00	0.00e+00	9.38e-01	1.88e-05	1.33e-05
 1.34085e+21	9.38e-01	6.18e-02	6.71e-05	7.06e-07	0.00e+00	0.00e+00	0.00e+00	0.00e+00	0.00e+00	9.38e-01	1.88e-05	1.33e-05
 1.34878e+21	9.38e-01	6.17e-02	6.69e-05	7.04e-07	0.00e+00	0.00e+00	0.00e+00	0.00e+00	0.00e+00	9.38e-01	1.88e-05	1.33e-05
 1.35908e+21	9.39e-01	6.13e-02	6.67e-05	6.97e-07	0.00e+00	0.00e+00	0.00e+00	0.00e+00	0.00e+00	9.39e-01	1.87e-05	1.33e-05
 1.37247e+21	9.39e-01	6.07e-02	6.64e-05	6.88e-07	0.00e+00	0.00e+00	0.00e+00	0.00e+00	0.00e+00	9.39e-01	1.87e-05	1.32e-05
 1.38988e+21	9.40e-01	6.00e-02	6.60e-05	6.76e-07	0.00e+00	0.00e+00	0.00e+00	0.00e+00	0.00e+00	9.40e-01	1.86e-05	1.32e-05
 1.41252e+21	9.41e-01	5.91e-02	6.55e-05	6.62e-07	0.00e+00	0.00e+00	0.00e+00	0.00e+00	0.00e+00	9.41e-01	1.86e-05	1.31e-05
 1.44194e+21	9.42e-01	5.80e-02	6.48e-05	6.44e-07	0.00e+00	0.00e+00	0.00e+00	0.00e+00	0.00e+00	9.42e-01	1.85e-05	1.30e-05
 1.48020e+21	9.43e-01	5.66e-02	6.40e-05	6.22e-07	0.00e+00	0.00e+00	0.00e+00	0.00e+00	0.00e+00	9.43e-01	1.84e-05	1.29e-05
 1.52993e+21	9.45e-01	5.49e-02	6.30e-05	5.96e-07	0.00e+00	0.00e+00	0.00e+00	0.00e+00	0.00e+00	9.45e-01	1.83e-05	1.28e-05
 1.59457e+21	9.47e-01	5.30e-02	6.18e-05	5.65e-07	0.00e+00	0.00e+00	0.00e+00	0.00e+00	0.00e+00	9.47e-01	1.81e-05	1.26e-05
 1.66962e+21	9.49e-01	5.11e-02	6.05e-05	5.34e-07	0.00e+00	0.00e+00	0.00e+00	0.00e+00	0.00e+00	9.49e-01	1.80e-05	1.25e-05
 1.74815e+21	9.51e-01	4.93e-02	5.92e-05	5.06e-07	0.00e+00	0.00e+00	0.00e+00	0.00e+00	0.00e+00	9.51e-01	1.79e-05	1.24e-05
 1.83044e+21	9.52e-01	4.77e-02	5.80e-05	4.79e-07	0.00e+00	0.00e+00	0.00e+00	0.00e+00	0.00e+00	9.52e-01	1.79e-05	1.22e-05
 1.91921e+21	9.54e-01	4.61e-02	5.66e-05	4.53e-07	0.00e+00	0.00e+00	0.00e+00	0.00e+00	0.00e+00	9.54e-01	1.78e-05	1.21e-05
 2.01707e+21	9.55e-01	4.45e-02	5.52e-05	4.28e-07	0.00e+00	0.00e+00	0.00e+00	0.00e+00	0.00e+00	9.55e-01	1.77e-05	1.20e-05
 2.12416e+21	9.57e-01	4.30e-02	5.37e-05	4.03e-07	0.00e+00	0.00e+00	0.00e+00	0.00e+00	0.00e+00	9.57e-01	1.77e-05	1.19e-05
 2.24034e+21	9.58e-01	4.16e-02	5.22e-05	3.78e-07	0.00e+00	0.00e+00	0.00e+00	0.00e+00	0.00e+00	9.58e-01	1.76e-05	1.18e-05
 2.36671e+21	9.60e-01	4.02e-02	5.06e-05	3.55e-07	0.00e+00	0.00e+00	0.00e+00	0.00e+00	0.00e+00	9.60e-01	1.76e-05	1.17e-05
 2.50474e+21	9.61e-01	3.88e-02	4.89e-05	3.32e-07	0.00e+00	0.00e+00	0.00e+00	0.00e+00	0.00e+00	9.61e-01	1.76e-05	1.16e-05
 2.65587e+21	9.62e-01	3.75e-02	4.72e-05	3.10e-07	0.00e+00	0.00e+00	0.00e+00	0.00e+00	0.00e+00	9.62e-01	1.76e-05	1.15e-05
 2.82140e+21	9.64e-01	3.62e-02	4.54e-05	2.88e-07	0.00e+00	0.00e+00	0.00e+00	0.00e+00	0.00e+00	9.64e-01	1.76e-05	1.14e-05
 3.00304e+21	9.65e-01	3.50e-02	4.35e-05	2.68e-07	0.00e+00	0.00e+00	0.00e+00	0.00e+00	0.00e+00	9.65e-01	1.77e-05	1.13e-05
 3.20271e+21	9.66e-01	3.38e-02	4.15e-05	2.47e-07	0.00e+00	0.00e+00	0.00e+00	0.00e+00	0.00e+00	9.66e-01	1.77e-05	1.12e-05
 3.42271e+21	9.67e-01	3.27e-02	3.95e-05	2.28e-07	0.00e+00	0.00e+00	0.00e+00	0.00e+00	0.00e+00	9.67e-01	1.78e-05	1.11e-05
 3.66543e+21	9.68e-01	3.16e-02	3.74e-05	2.09e-07	0.00e+00	0.00e+00	0.00e+00	0.00e+00	0.00e+00	9.68e-01	1.79e-05	1.10e-05
 3.93384e+21	9.69e-01	3.06e-02	3.52e-05	1.91e-07	0.00e+00	0.00e+00	0.00e+00	0.00e+00	0.00e+00	9.69e-01	1.80e-05	1.09e-05
 4.23084e+21	9.70e-01	2.95e-02	3.30e-05	1.73e-07	0.00e+00	0.00e+00	0.00e+00	0.00e+00	0.00e+00	9.70e-01	1.81e-05	1.09e-05
 4.56266e+21	9.71e-01	2.85e-02	3.07e-05	1.56e-07	0.00e+00	0.00e+00	0.00e+00	0.00e+00	0.00e+00	9.71e-01	1.83e-05	1.08e-05
 4.93236e+21	9.72e-01	2.76e-02	2.84e-05	1.40e-07	0.00e+00	0.00e+00	0.00e+00	0.00e+00	0.00e+00	9.72e-01	1.85e-05	1.07e-05
 5.34141e+21	9.73e-01	2.67e-02	2.61e-05	1.24e-07	0.00e+00	0.00e+00	0.00e+00	0.00e+00	0.00e+00	9.73e-01	1.87e-05	1.06e-05
 5.79879e+21	9.74e-01	2.58e-02	2.38e-05	0.00e+00	0.00e+00	0.00e+00	0.00e+00	0.00e+00	0.00e+00	9.74e-01	1.89e-05	1.06e-05
 6.26209e+21	9.75e-01	2.50e-02	2.18e-05	0.00e+00	0.00e+00	0.00e+00	0.00e+00	0.00e+00	0.00e+00	9.75e-01	1.92e-05	1.05e-05
 6.67769e+21	9.76e-01	2.44e-02	2.01e-05	0.00e+00	0.00e+00	0.00e+00	0.00e+00	0.00e+00	0.00e+00	9.76e-01	1.94e-05	1.05e-05
 7.05986e+21	9.76e-01	2.39e-02	1.87e-05	0.00e+00	0.00e+00	0.00e+00	0.00e+00	0.00e+00	0.00e+00	9.76e-01	1.96e-05	1.04e-05
 7.49181e+21	9.77e-01	2.34e-02	1.73e-05	0.00e+00	0.00e+00	0.00e+00	0.00e+00	0.00e+00	0.00e+00	9.77e-01	1.98e-05	1.04e-05
 7.96044e+21	9.77e-01	2.29e-02	1.59e-05	0.00e+00	0.00e+00	0.00e+00	0.00e+00	0.00e+00	0.00e+00	9.77e-01	2.01e-05	1.03e-05
 8.37078e+21	9.77e-01	2.25e-02	1.48e-05	0.00e+00	0.00e+00	0.00e+00	0.00e+00	0.00e+00	0.00e+00	9.77e-01	2.03e-05	1.03e-05
 8.73225e+21	9.78e-01	2.22e-02	1.39e-05	0.00e+00	0.00e+00	0.00e+00	0.00e+00	0.00e+00	0.00e+00	9.78e-01	2.04e-05	1.03e-05
 9.13613e+21	9.78e-01	2.18e-02	1.30e-05	0.00e+00	0.00e+00	0.00e+00	0.00e+00	0.00e+00	0.00e+00	9.78e-01	2.06e-05	1.03e-05
 9.58545e+21	9.79e-01	2.15e-02	1.21e-05	0.00e+00	0.00e+00	0.00e+00	0.00e+00	0.00e+00	0.00e+00	9.78e-01	2.08e-05	1.02e-05
 9.99362e+21	9.79e-01	2.12e-02	1.13e-05	0.00e+00	0.00e+00	0.00e+00	0.00e+00	0.00e+00	0.00e+00	9.79e-01	2.10e-05	1.02e-05
 1.03557e+22	9.79e-01	2.10e-02	1.07e-05	0.00e+00	0.00e+00	0.00e+00	0.00e+00	0.00e+00	0.00e+00	9.79e-01	2.11e-05	1.02e-05
 1.07581e+22	9.79e-01	2.07e-02	1.00e-05	0.00e+00	0.00e+00	0.00e+00	0.00e+00	0.00e+00	0.00e+00	9.79e-01	2.12e-05	1.02e-05
 1.12016e+22	9.79e-01	2.05e-02	9.37e-06	0.00e+00	0.00e+00	0.00e+00	0.00e+00	0.00e+00	0.00e+00	9.79e-01	2.13e-05	1.01e-05
 1.16021e+22	9.80e-01	2.03e-02	8.83e-06	0.00e+00	0.00e+00	0.00e+00	0.00e+00	0.00e+00	0.00e+00	9.80e-01	2.15e-05	1.01e-05
 1.19594e+22	9.80e-01	2.01e-02	8.38e-06	0.00e+00	0.00e+00	0.00e+00	0.00e+00	0.00e+00	0.00e+00	9.80e-01	2.16e-05	1.01e-05
 1.23573e+22	9.80e-01	1.99e-02	7.90e-06	0.00e+00	0.00e+00	0.00e+00	0.00e+00	0.00e+00	0.00e+00	9.80e-01	2.17e-05	1.01e-05
 1.27981e+22	9.80e-01	1.98e-02	7.42e-06	0.00e+00	0.00e+00	0.00e+00	0.00e+00	0.00e+00	0.00e+00	9.80e-01	2.18e-05	1.01e-05
 1.31969e+22	9.80e-01	1.96e-02	7.03e-06	0.00e+00	0.00e+00	0.00e+00	0.00e+00	0.00e+00	0.00e+00	9.80e-01	2.18e-05	1.01e-05
 1.35530e+22	9.81e-01	1.95e-02	6.70e-06	0.00e+00	0.00e+00	0.00e+00	0.00e+00	0.00e+00	0.00e+00	9.80e-01	2.19e-05	1.01e-05
 1.39513e+22	9.81e-01	1.94e-02	6.34e-06	0.00e+00	0.00e+00	0.00e+00	0.00e+00	0.00e+00	0.00e+00	9.81e-01	2.20e-05	1.00e-05
 1.43933e+22	9.81e-01	1.92e-02	5.98e-06	0.00e+00	0.00e+00	0.00e+00	0.00e+00	0.00e+00	0.00e+00	9.81e-01	2.20e-05	1.00e-05
 1.47932e+22	9.81e-01	1.91e-02	5.69e-06	0.00e+00	0.00e+00	0.00e+00	0.00e+00	0.00e+00	0.00e+00	9.81e-01	2.21e-05	1.00e-05
 1.51493e+22	9.81e-01	1.89e-02	5.44e-06	0.00e+00	0.00e+00	0.00e+00	0.00e+00	0.00e+00	0.00e+00	9.81e-01	2.21e-05	1.00e-05
 1.55474e+22	9.81e-01	1.89e-02	5.16e-06	0.00e+00	0.00e+00	0.00e+00	0.00e+00	0.00e+00	0.00e+00	9.81e-01	2.21e-05	1.00e-05
 1.59953e+22	9.81e-01	1.88e-02	4.88e-06	0.00e+00	0.00e+00	0.00e+00	0.00e+00	0.00e+00	0.00e+00	9.81e-01	2.21e-05	9.99e-06
 1.64055e+22	9.81e-01	1.87e-02	4.65e-06	0.00e+00	0.00e+00	0.00e+00	0.00e+00	0.00e+00	0.00e+00	9.81e-01	2.21e-05	9.98e-06
 1.67661e+22	9.81e-01	1.85e-02	4.46e-06	0.00e+00	0.00e+00	0.00e+00	0.00e+00	0.00e+00	0.00e+00	9.81e-01	2.21e-05	9.97e-06
 1.71650e+22	9.82e-01	1.84e-02	4.25e-06	0.00e+00	0.00e+00	0.00e+00	0.00e+00	0.00e+00	0.00e+00	9.82e-01	2.20e-05	9.96e-06
 1.76075e+22	9.82e-01	1.84e-02	4.04e-06	0.00e+00	0.00e+00	0.00e+00	0.00e+00	0.00e+00	0.00e+00	9.82e-01	2.20e-05	9.96e-06
 1.80171e+22	9.82e-01	1.83e-02	3.86e-06	0.00e+00	0.00e+00	0.00e+00	0.00e+00	0.00e+00	0.00e+00	9.82e-01	2.19e-05	9.95e-06
 1.83864e+22	9.82e-01	1.83e-02	3.70e-06	0.00e+00	0.00e+00	0.00e+00	0.00e+00	0.00e+00	0.00e+00	9.82e-01	2.19e-05	9.95e-06
 1.87929e+22	9.82e-01	1.83e-02	3.54e-06	0.00e+00	0.00e+00	0.00e+00	0.00e+00	0.00e+00	0.00e+00	9.82e-01	2.18e-05	9.94e-06
 1.92455e+22	9.82e-01	1.81e-02	3.37e-06	0.00e+00	0.00e+00	0.00e+00	0.00e+00	0.00e+00	0.00e+00	9.82e-01	2.17e-05	9.93e-06
 1.96564e+22	9.82e-01	1.81e-02	3.22e-06	0.00e+00	0.00e+00	0.00e+00	0.00e+00	0.00e+00	0.00e+00	9.82e-01	2.16e-05	9.93e-06
 2.00276e+22	9.82e-01	1.80e-02	3.10e-06	0.00e+00	0.00e+00	0.00e+00	0.00e+00	0.00e+00	0.00e+00	9.82e-01	2.15e-05	9.93e-06
 2.04489e+22	9.82e-01	1.79e-02	2.97e-06	0.00e+00	0.00e+00	0.00e+00	0.00e+00	0.00e+00	0.00e+00	9.82e-01	2.14e-05	9.92e-06
 2.09165e+22	9.82e-01	1.80e-02	2.83e-06	0.00e+00	0.00e+00	0.00e+00	0.00e+00	0.00e+00	0.00e+00	9.82e-01	2.13e-05	9.92e-06
 2.13523e+22	9.82e-01	1.79e-02	2.71e-06	0.00e+00	0.00e+00	0.00e+00	0.00e+00	0.00e+00	0.00e+00	9.82e-01	2.11e-05	9.91e-06
 2.17540e+22	9.82e-01	1.78e-02	2.60e-06	0.00e+00	0.00e+00	0.00e+00	0.00e+00	0.00e+00	0.00e+00	9.82e-01	2.09e-05	9.91e-06
 2.22034e+22	9.82e-01	1.78e-02	2.49e-06	0.00e+00	0.00e+00	0.00e+00	0.00e+00	0.00e+00	0.00e+00	9.82e-01	2.08e-05	9.90e-06
 2.27068e+22	9.82e-01	1.77e-02	2.37e-06	0.00e+00	0.00e+00	0.00e+00	0.00e+00	0.00e+00	0.00e+00	9.82e-01	2.06e-05	9.90e-06
 2.31795e+22	9.82e-01	1.77e-02	2.27e-06	0.00e+00	0.00e+00	0.00e+00	0.00e+00	0.00e+00	0.00e+00	9.82e-01	2.03e-05	9.90e-06
 2.36246e+22	9.82e-01	1.77e-02	2.17e-06	0.00e+00	0.00e+00	0.00e+00	0.00e+00	0.00e+00	0.00e+00	9.82e-01	2.01e-05	9.90e-06
 2.41347e+22	9.82e-01	1.76e-02	2.07e-06	0.00e+00	0.00e+00	0.00e+00	0.00e+00	0.00e+00	0.00e+00	9.82e-01	1.98e-05	9.89e-06
 2.47079e+22	9.82e-01	1.76e-02	1.97e-06	0.00e+00	0.00e+00	0.00e+00	0.00e+00	0.00e+00	0.00e+00	9.82e-01	1.95e-05	9.89e-06
 2.52670e+22	9.82e-01	1.76e-02	1.87e-06	0.00e+00	0.00e+00	0.00e+00	0.00e+00	0.00e+00	0.00e+00	9.82e-01	1.92e-05	9.88e-06
 2.58070e+22	9.82e-01	1.75e-02	1.79e-06	0.00e+00	0.00e+00	0.00e+00	0.00e+00	0.00e+00	0.00e+00	9.82e-01	1.88e-05	9.88e-06
 2.63120e+22	9.83e-01	1.75e-02	1.71e-06	0.00e+00	0.00e+00	0.00e+00	0.00e+00	0.00e+00	0.00e+00	9.82e-01	1.84e-05	9.88e-06
 2.67664e+22	9.83e-01	1.75e-02	1.65e-06	0.00e+00	0.00e+00	0.00e+00	0.00e+00	0.00e+00	0.00e+00	9.82e-01	1.81e-05	9.88e-06
 2.71755e+22	9.83e-01	1.75e-02	1.59e-06	0.00e+00	0.00e+00	0.00e+00	0.00e+00	0.00e+00	0.00e+00	9.83e-01	1.77e-05	9.87e-06
 2.75436e+22	9.83e-01	1.74e-02	1.55e-06	0.00e+00	0.00e+00	0.00e+00	0.00e+00	0.00e+00	0.00e+00	9.83e-01	1.74e-05	9.87e-06
 2.78749e+22	9.83e-01	1.74e-02	1.50e-06	0.00e+00	0.00e+00	0.00e+00	0.00e+00	0.00e+00	0.00e+00	9.83e-01	1.71e-05	9.87e-06
 2.81861e+22	9.83e-01	1.74e-02	1.47e-06	0.00e+00	0.00e+00	0.00e+00	0.00e+00	0.00e+00	0.00e+00	9.83e-01	1.69e-05	9.87e-06
 2.84947e+22	9.83e-01	1.73e-02	1.43e-06	0.00e+00	0.00e+00	0.00e+00	0.00e+00	0.00e+00	0.00e+00	9.83e-01	1.66e-05	9.87e-06
 2.88033e+22	9.83e-01	1.73e-02	1.40e-06	0.00e+00	0.00e+00	0.00e+00	0.00e+00	0.00e+00	0.00e+00	9.83e-01	1.63e-05	9.86e-06
 2.91118e+22	9.83e-01	1.72e-02	1.36e-06	0.00e+00	0.00e+00	0.00e+00	0.00e+00	0.00e+00	0.00e+00	9.83e-01	1.60e-05	9.86e-06
 2.94204e+22	9.83e-01	1.72e-02	1.33e-06	0.00e+00	0.00e+00	0.00e+00	0.00e+00	0.00e+00	0.00e+00	9.83e-01	1.57e-05	9.85e-06
 2.97290e+22	9.83e-01	1.71e-02	1.30e-06	0.00e+00	0.00e+00	0.00e+00	0.00e+00	0.00e+00	0.00e+00	9.83e-01	1.54e-05	9.85e-06
 3.00375e+22	9.83e-01	1.70e-02	1.27e-06	0.00e+00	0.00e+00	0.00e+00	0.00e+00	0.00e+00	0.00e+00	9.83e-01	1.51e-05	9.84e-06
 3.03283e+22	9.83e-01	1.69e-02	1.24e-06	0.00e+00	0.00e+00	0.00e+00	0.00e+00	0.00e+00	0.00e+00	9.83e-01	1.48e-05	9.84e-06
 3.05725e+22	9.83e-01	1.68e-02	1.21e-06	0.00e+00	0.00e+00	0.00e+00	0.00e+00	0.00e+00	0.00e+00	9.83e-01	1.45e-05	9.83e-06
 3.07685e+22	9.83e-01	1.65e-02	1.20e-06	0.00e+00	0.00e+00	0.00e+00	0.00e+00	0.00e+00	0.00e+00	9.83e-01	1.42e-05	9.81e-06
