#depth	He	He+	He+2
 1.26400e+16	2.63e-03	3.19e-01	6.78e-01
 7.58397e+16	2.62e-03	3.19e-01	6.78e-01
 3.28639e+17	2.61e-03	3.20e-01	6.78e-01
 1.33984e+18	2.58e-03	3.22e-01	6.75e-01
 3.20044e+18	2.48e-03	3.22e-01	6.76e-01
 5.61922e+18	2.44e-03	3.26e-01	6.71e-01
 8.76364e+18	2.45e-03	3.37e-01	6.61e-01
 1.28514e+19	2.54e-03	3.55e-01	6.43e-01
 1.81654e+19	2.75e-03	3.85e-01	6.12e-01
 2.44713e+19	3.09e-03	4.27e-01	5.70e-01
 3.19095e+19	3.69e-03	4.87e-01	5.09e-01
 3.81357e+19	4.23e-03	5.40e-01	4.56e-01
 4.16181e+19	4.64e-03	5.71e-01	4.24e-01
 4.43314e+19	5.00e-03	5.96e-01	3.99e-01
 4.73697e+19	5.47e-03	6.23e-01	3.72e-01
 5.06099e+19	5.96e-03	6.50e-01	3.44e-01
 5.34292e+19	6.43e-03	6.72e-01	3.21e-01
 5.59229e+19	6.86e-03	6.91e-01	3.02e-01
 5.86768e+19	7.45e-03	7.11e-01	2.81e-01
 6.14717e+19	8.00e-03	7.30e-01	2.62e-01
 6.38916e+19	8.59e-03	7.45e-01	2.47e-01
 6.61183e+19	9.12e-03	7.57e-01	2.33e-01
 6.85218e+19	9.83e-03	7.71e-01	2.19e-01
 7.10590e+19	1.06e-02	7.83e-01	2.06e-01
 7.32669e+19	1.13e-02	7.93e-01	1.96e-01
 7.56341e+19	1.22e-02	8.03e-01	1.84e-01
 7.81661e+19	1.33e-02	8.13e-01	1.74e-01
 8.03639e+19	1.44e-02	8.20e-01	1.65e-01
 8.23550e+19	1.55e-02	8.27e-01	1.58e-01
 8.46261e+19	1.70e-02	8.34e-01	1.49e-01
 8.70586e+19	1.88e-02	8.40e-01	1.42e-01
 8.91397e+19	2.07e-02	8.44e-01	1.35e-01
 9.08757e+19	2.25e-02	8.47e-01	1.31e-01
 9.27239e+19	2.48e-02	8.50e-01	1.25e-01
 9.46501e+19	2.75e-02	8.52e-01	1.21e-01
 9.62104e+19	3.00e-02	8.53e-01	1.17e-01
 9.75214e+19	3.27e-02	8.53e-01	1.14e-01
 9.89757e+19	3.59e-02	8.53e-01	1.11e-01
 1.00530e+20	3.97e-02	8.52e-01	1.08e-01
 1.01866e+20	4.36e-02	8.51e-01	1.06e-01
 1.03031e+20	4.75e-02	8.49e-01	1.04e-01
 1.04319e+20	5.24e-02	8.46e-01	1.02e-01
 1.05731e+20	5.84e-02	8.42e-01	9.95e-02
 1.07006e+20	6.47e-02	8.38e-01	9.78e-02
 1.08172e+20	7.09e-02	8.33e-01	9.66e-02
 1.09493e+20	7.93e-02	8.26e-01	9.49e-02
 1.11133e+20	9.09e-02	8.16e-01	9.34e-02
 1.12778e+20	1.04e-01	8.04e-01	9.21e-02
 1.14121e+20	1.17e-01	7.92e-01	9.12e-02
 1.15245e+20	1.29e-01	7.81e-01	9.05e-02
 1.16317e+20	1.41e-01	7.69e-01	8.98e-02
 1.17405e+20	1.54e-01	7.57e-01	8.90e-02
 1.18484e+20	1.68e-01	7.43e-01	8.83e-02
 1.19518e+20	1.83e-01	7.29e-01	8.76e-02
 1.20516e+20	1.98e-01	7.15e-01	8.68e-02
 1.21328e+20	2.11e-01	7.03e-01	8.62e-02
 1.21911e+20	2.20e-01	6.94e-01	8.57e-02
 1.22485e+20	2.30e-01	6.85e-01	8.51e-02
 1.23155e+20	2.42e-01	6.74e-01	8.43e-02
 1.23884e+20	2.55e-01	6.61e-01	8.35e-02
 1.24620e+20	2.68e-01	6.49e-01	8.26e-02
 1.25369e+20	2.82e-01	6.36e-01	8.17e-02
 1.26160e+20	2.97e-01	6.22e-01	8.05e-02
 1.26989e+20	3.13e-01	6.08e-01	7.94e-02
 1.27865e+20	3.30e-01	5.93e-01	7.80e-02
 1.28794e+20	3.47e-01	5.77e-01	7.65e-02
 1.29789e+20	3.65e-01	5.60e-01	7.48e-02
 1.30874e+20	3.84e-01	5.44e-01	7.30e-02
 1.32075e+20	4.04e-01	5.26e-01	7.08e-02
 1.33402e+20	4.24e-01	5.08e-01	6.85e-02
 1.34900e+20	4.44e-01	4.90e-01	6.60e-02
 1.36603e+20	4.64e-01	4.73e-01	6.34e-02
 1.38368e+20	4.82e-01	4.57e-01	6.08e-02
 1.40090e+20	4.96e-01	4.46e-01	5.87e-02
 1.42047e+20	5.10e-01	4.34e-01	5.62e-02
 1.44592e+20	5.25e-01	4.22e-01	5.33e-02
 1.47901e+20	5.41e-01	4.09e-01	5.01e-02
 1.52202e+20	5.58e-01	3.96e-01	4.64e-02
 1.57660e+20	5.75e-01	3.82e-01	4.24e-02
 1.64005e+20	5.93e-01	3.68e-01	3.85e-02
 1.70781e+20	6.10e-01	3.55e-01	3.50e-02
 1.77863e+20	6.27e-01	3.41e-01	3.17e-02
 1.85354e+20	6.43e-01	3.28e-01	2.88e-02
 1.93319e+20	6.59e-01	3.15e-01	2.60e-02
 2.01730e+20	6.74e-01	3.02e-01	2.36e-02
 2.10583e+20	6.89e-01	2.90e-01	2.13e-02
 2.19916e+20	7.03e-01	2.78e-01	1.93e-02
 2.29773e+20	7.16e-01	2.66e-01	1.74e-02
 2.40176e+20	7.30e-01	2.55e-01	1.58e-02
 2.51148e+20	7.42e-01	2.43e-01	1.42e-02
 2.62713e+20	7.54e-01	2.33e-01	1.28e-02
 2.74905e+20	7.66e-01	2.22e-01	1.16e-02
 2.87754e+20	7.77e-01	2.12e-01	1.05e-02
 3.01289e+20	7.88e-01	2.02e-01	9.43e-03
 3.15538e+20	7.98e-01	1.93e-01	8.50e-03
 3.30531e+20	8.08e-01	1.84e-01	7.66e-03
 3.46295e+20	8.18e-01	1.75e-01	6.91e-03
 3.62859e+20	8.27e-01	1.67e-01	6.22e-03
 3.80210e+20	8.35e-01	1.59e-01	5.61e-03
 3.98401e+20	8.44e-01	1.51e-01	5.05e-03
 4.17535e+20	8.51e-01	1.44e-01	4.55e-03
 4.37590e+20	8.59e-01	1.37e-01	4.10e-03
 4.58479e+20	8.66e-01	1.31e-01	3.69e-03
 4.80317e+20	8.72e-01	1.24e-01	3.33e-03
 5.03222e+20	8.79e-01	1.18e-01	3.00e-03
 5.27123e+20	8.85e-01	1.12e-01	2.70e-03
 5.52032e+20	8.91e-01	1.07e-01	2.44e-03
 5.78012e+20	8.96e-01	1.02e-01	2.20e-03
 6.05085e+20	9.01e-01	9.67e-02	1.98e-03
 6.33101e+20	9.06e-01	9.20e-02	1.79e-03
 6.62090e+20	9.11e-01	8.76e-02	1.62e-03
 6.92267e+20	9.15e-01	8.33e-02	1.46e-03
 7.23608e+20	9.19e-01	7.93e-02	1.32e-03
 7.56036e+20	9.23e-01	7.55e-02	1.19e-03
 7.89518e+20	9.27e-01	7.19e-02	1.08e-03
 8.24158e+20	9.31e-01	6.85e-02	9.73e-04
 8.59932e+20	9.34e-01	6.52e-02	8.80e-04
 8.96799e+20	9.37e-01	6.21e-02	7.96e-04
 9.35171e+20	9.40e-01	5.92e-02	7.21e-04
 9.74596e+20	9.43e-01	5.64e-02	6.52e-04
 1.01521e+21	9.46e-01	5.38e-02	5.91e-04
 1.05748e+21	9.48e-01	5.12e-02	5.35e-04
 1.10093e+21	9.51e-01	4.89e-02	4.85e-04
 1.14557e+21	9.53e-01	4.66e-02	4.40e-04
 1.19168e+21	9.55e-01	4.45e-02	3.99e-04
 1.23952e+21	9.57e-01	4.24e-02	3.62e-04
 1.28909e+21	9.59e-01	4.04e-02	3.28e-04
 1.34031e+21	9.61e-01	3.86e-02	2.98e-04
 1.39310e+21	9.63e-01	3.68e-02	2.70e-04
 1.44651e+21	9.65e-01	3.51e-02	2.46e-04
 1.49910e+21	9.66e-01	3.37e-02	2.25e-04
 1.55045e+21	9.67e-01	3.23e-02	2.07e-04
 1.60077e+21	9.69e-01	3.11e-02	1.91e-04
 1.64991e+21	9.70e-01	3.00e-02	1.77e-04
 1.69731e+21	9.71e-01	2.90e-02	1.66e-04
 1.74266e+21	9.72e-01	2.81e-02	1.55e-04
 1.78599e+21	9.72e-01	2.74e-02	1.47e-04
 1.82748e+21	9.73e-01	2.67e-02	1.40e-04
