#depth	O	O+	O+2	O+3	O+4	O+5	O+6	O+7	O+8	O[1]	O[2]	O[3]
 6.35519e+16	3.70e-07	7.19e-04	1.08e-01	6.35e-01	2.33e-01	2.22e-02	9.34e-04	3.35e-07	0.00e+00	3.70e-07	2.81e-11	3.18e-11
 3.81311e+17	3.69e-07	7.18e-04	1.08e-01	6.35e-01	2.32e-01	2.22e-02	9.32e-04	3.35e-07	0.00e+00	3.69e-07	2.80e-11	3.17e-11
 1.65235e+18	3.66e-07	7.18e-04	1.10e-01	6.36e-01	2.31e-01	2.20e-02	9.23e-04	3.32e-07	0.00e+00	3.66e-07	2.78e-11	3.15e-11
 6.73650e+18	3.60e-07	7.18e-04	1.15e-01	6.36e-01	2.26e-01	2.13e-02	8.90e-04	3.19e-07	0.00e+00	3.60e-07	2.73e-11	3.09e-11
 1.60913e+19	3.35e-07	7.13e-04	1.22e-01	6.38e-01	2.18e-01	2.04e-02	8.44e-04	3.01e-07	0.00e+00	3.35e-07	2.54e-11	2.88e-11
 2.82526e+19	3.33e-07	7.39e-04	1.33e-01	6.39e-01	2.08e-01	1.91e-02	7.83e-04	2.77e-07	0.00e+00	3.33e-07	2.51e-11	2.86e-11
 4.40623e+19	3.49e-07	7.99e-04	1.49e-01	6.37e-01	1.94e-01	1.75e-02	7.06e-04	2.48e-07	0.00e+00	3.49e-07	2.63e-11	3.00e-11
 6.46149e+19	3.92e-07	9.15e-04	1.74e-01	6.32e-01	1.77e-01	1.54e-02	6.11e-04	2.13e-07	0.00e+00	3.92e-07	2.96e-11	3.37e-11
 8.71586e+19	4.51e-07	1.07e-03	2.06e-01	6.21e-01	1.59e-01	1.33e-02	5.17e-04	1.79e-07	0.00e+00	4.51e-07	3.40e-11	3.87e-11
 1.07063e+20	5.28e-07	1.27e-03	2.41e-01	6.04e-01	1.41e-01	1.14e-02	4.39e-04	1.52e-07	0.00e+00	5.28e-07	3.97e-11	4.53e-11
 1.23190e+20	6.17e-07	1.48e-03	2.77e-01	5.85e-01	1.26e-01	9.91e-03	3.76e-04	1.30e-07	0.00e+00	6.17e-07	4.64e-11	5.30e-11
 1.36426e+20	7.17e-07	1.70e-03	3.12e-01	5.64e-01	1.13e-01	8.63e-03	3.25e-04	0.00e+00	0.00e+00	7.17e-07	5.40e-11	6.15e-11
 1.48138e+20	8.33e-07	1.95e-03	3.49e-01	5.40e-01	1.01e-01	7.49e-03	2.80e-04	0.00e+00	0.00e+00	8.33e-07	6.27e-11	7.14e-11
 1.59120e+20	9.69e-07	2.23e-03	3.88e-01	5.14e-01	8.92e-02	6.43e-03	2.39e-04	0.00e+00	0.00e+00	9.68e-07	7.29e-11	8.30e-11
 1.69554e+20	1.13e-06	2.55e-03	4.29e-01	4.85e-01	7.79e-02	5.45e-03	2.01e-04	0.00e+00	0.00e+00	1.13e-06	8.46e-11	9.65e-11
 1.79431e+20	1.31e-06	2.91e-03	4.72e-01	4.54e-01	6.72e-02	4.55e-03	1.66e-04	0.00e+00	0.00e+00	1.31e-06	9.85e-11	1.12e-10
 1.88770e+20	1.52e-06	3.29e-03	5.15e-01	4.21e-01	5.72e-02	3.76e-03	1.36e-04	0.00e+00	0.00e+00	1.52e-06	1.14e-10	1.30e-10
 1.97735e+20	1.75e-06	3.71e-03	5.59e-01	3.86e-01	4.80e-02	3.06e-03	1.10e-04	0.00e+00	0.00e+00	1.75e-06	1.32e-10	1.50e-10
 2.06517e+20	2.03e-06	4.18e-03	6.02e-01	3.51e-01	3.96e-02	2.44e-03	8.64e-05	0.00e+00	0.00e+00	2.03e-06	1.52e-10	1.74e-10
 2.15192e+20	2.34e-06	4.67e-03	6.45e-01	3.16e-01	3.22e-02	1.92e-03	6.68e-05	0.00e+00	0.00e+00	2.34e-06	1.76e-10	2.01e-10
 2.25127e+20	2.78e-06	5.30e-03	6.93e-01	2.76e-01	2.46e-02	1.41e-03	4.81e-05	0.00e+00	0.00e+00	2.78e-06	2.08e-10	2.38e-10
 2.35306e+20	3.25e-06	5.94e-03	7.36e-01	2.38e-01	1.86e-02	1.02e-03	3.40e-05	0.00e+00	0.00e+00	3.25e-06	2.43e-10	2.78e-10
 2.43617e+20	3.69e-06	6.47e-03	7.69e-01	2.09e-01	1.46e-02	7.76e-04	2.52e-05	0.00e+00	0.00e+00	3.69e-06	2.76e-10	3.15e-10
 2.52237e+20	4.23e-06	7.08e-03	7.99e-01	1.82e-01	1.11e-02	5.75e-04	1.81e-05	0.00e+00	0.00e+00	4.23e-06	3.16e-10	3.61e-10
 2.61730e+20	4.84e-06	7.70e-03	8.27e-01	1.56e-01	8.40e-03	4.20e-04	1.28e-05	0.00e+00	0.00e+00	4.84e-06	3.61e-10	4.14e-10
 2.70692e+20	5.48e-06	8.29e-03	8.50e-01	1.35e-01	6.46e-03	3.14e-04	9.27e-06	0.00e+00	0.00e+00	5.48e-06	4.07e-10	4.68e-10
 2.80675e+20	6.29e-06	8.96e-03	8.71e-01	1.15e-01	4.83e-03	2.29e-04	6.47e-06	0.00e+00	0.00e+00	6.29e-06	4.67e-10	5.37e-10
 2.91911e+20	7.26e-06	9.67e-03	8.90e-01	9.69e-02	3.59e-03	1.66e-04	4.47e-06	0.00e+00	0.00e+00	7.26e-06	5.38e-10	6.19e-10
 3.04040e+20	8.43e-06	1.04e-02	9.06e-01	8.08e-02	2.67e-03	1.20e-04	3.07e-06	0.00e+00	0.00e+00	8.43e-06	6.24e-10	7.19e-10
 3.18148e+20	9.95e-06	1.13e-02	9.20e-01	6.62e-02	1.97e-03	8.56e-05	2.07e-06	0.00e+00	0.00e+00	9.95e-06	7.35e-10	8.49e-10
 3.34253e+20	1.19e-05	1.23e-02	9.33e-01	5.35e-02	1.47e-03	6.11e-05	1.40e-06	0.00e+00	0.00e+00	1.19e-05	8.79e-10	1.02e-09
 3.52849e+20	1.46e-05	1.34e-02	9.43e-01	4.26e-02	1.13e-03	4.34e-05	9.53e-07	0.00e+00	0.00e+00	1.46e-05	1.08e-09	1.24e-09
 3.75998e+20	1.88e-05	1.48e-02	9.51e-01	3.27e-02	8.76e-04	2.99e-05	6.41e-07	0.00e+00	0.00e+00	1.88e-05	1.38e-09	1.60e-09
 4.00417e+20	2.42e-05	1.64e-02	9.57e-01	2.56e-02	7.34e-04	2.14e-05	4.65e-07	0.00e+00	0.00e+00	2.42e-05	1.78e-09	2.06e-09
 4.22396e+20	3.10e-05	1.81e-02	9.60e-01	2.07e-02	6.54e-04	1.61e-05	3.65e-07	0.00e+00	0.00e+00	3.09e-05	2.27e-09	2.63e-09
 4.39376e+20	3.74e-05	1.95e-02	9.62e-01	1.79e-02	6.15e-04	1.32e-05	3.13e-07	0.00e+00	0.00e+00	3.74e-05	2.75e-09	3.18e-09
 4.50743e+20	4.28e-05	2.05e-02	9.63e-01	1.62e-02	5.92e-04	1.16e-05	2.83e-07	0.00e+00	0.00e+00	4.28e-05	3.15e-09	3.64e-09
 4.62310e+20	4.96e-05	2.18e-02	9.63e-01	1.45e-02	5.73e-04	1.00e-05	2.56e-07	0.00e+00	0.00e+00	4.96e-05	3.65e-09	4.22e-09
 4.77346e+20	6.04e-05	2.36e-02	9.63e-01	1.26e-02	5.52e-04	8.30e-06	2.26e-07	0.00e+00	0.00e+00	6.04e-05	4.45e-09	5.13e-09
 4.92283e+20	7.36e-05	2.56e-02	9.63e-01	1.11e-02	5.37e-04	6.97e-06	2.03e-07	0.00e+00	0.00e+00	7.36e-05	5.42e-09	6.25e-09
 5.03595e+20	8.65e-05	2.73e-02	9.62e-01	1.01e-02	5.27e-04	6.07e-06	1.86e-07	0.00e+00	0.00e+00	8.64e-05	6.37e-09	7.34e-09
 5.13168e+20	9.95e-05	2.90e-02	9.61e-01	9.24e-03	5.19e-04	5.39e-06	1.73e-07	0.00e+00	0.00e+00	9.95e-05	7.34e-09	8.44e-09
 5.23973e+20	1.18e-04	3.12e-02	9.60e-01	8.34e-03	5.11e-04	4.68e-06	1.59e-07	0.00e+00	0.00e+00	1.18e-04	8.71e-09	9.99e-09
 5.35611e+20	1.42e-04	3.38e-02	9.58e-01	7.48e-03	5.03e-04	4.03e-06	1.45e-07	0.00e+00	0.00e+00	1.42e-04	1.05e-08	1.20e-08
 5.45742e+20	1.68e-04	3.65e-02	9.56e-01	6.80e-03	4.97e-04	3.53e-06	1.35e-07	0.00e+00	0.00e+00	1.68e-04	1.25e-08	1.42e-08
 5.54565e+20	1.96e-04	3.91e-02	9.54e-01	6.24e-03	4.91e-04	3.12e-06	1.25e-07	0.00e+00	0.00e+00	1.96e-04	1.46e-08	1.66e-08
 5.64280e+20	2.35e-04	4.25e-02	9.51e-01	5.64e-03	4.85e-04	2.71e-06	0.00e+00	0.00e+00	0.00e+00	2.35e-04	1.75e-08	1.99e-08
 5.74574e+20	2.86e-04	4.65e-02	9.48e-01	5.08e-03	4.79e-04	2.34e-06	0.00e+00	0.00e+00	0.00e+00	2.86e-04	2.14e-08	2.41e-08
 5.83250e+20	3.40e-04	5.05e-02	9.44e-01	4.63e-03	4.74e-04	2.05e-06	0.00e+00	0.00e+00	0.00e+00	3.40e-04	2.55e-08	2.87e-08
 5.90749e+20	3.97e-04	5.44e-02	9.41e-01	4.26e-03	4.69e-04	1.83e-06	0.00e+00	0.00e+00	0.00e+00	3.97e-04	2.99e-08	3.35e-08
 5.99090e+20	4.78e-04	5.94e-02	9.36e-01	3.86e-03	4.63e-04	1.59e-06	0.00e+00	0.00e+00	0.00e+00	4.78e-04	3.62e-08	4.04e-08
 6.07974e+20	5.84e-04	6.55e-02	9.30e-01	3.48e-03	4.56e-04	1.37e-06	0.00e+00	0.00e+00	0.00e+00	5.84e-04	4.45e-08	4.92e-08
 6.15620e+20	7.00e-04	7.16e-02	9.24e-01	3.17e-03	4.50e-04	1.20e-06	0.00e+00	0.00e+00	0.00e+00	7.00e-04	5.37e-08	5.89e-08
 6.22360e+20	8.27e-04	7.77e-02	9.18e-01	2.90e-03	4.44e-04	1.06e-06	0.00e+00	0.00e+00	0.00e+00	8.27e-04	6.39e-08	6.96e-08
 6.29867e+20	1.01e-03	8.59e-02	9.10e-01	2.61e-03	4.37e-04	9.16e-07	0.00e+00	0.00e+00	0.00e+00	1.01e-03	7.89e-08	8.50e-08
 6.37783e+20	1.25e-03	9.57e-02	9.00e-01	2.33e-03	4.29e-04	7.83e-07	0.00e+00	0.00e+00	0.00e+00	1.25e-03	9.88e-08	1.05e-07
 6.44494e+20	1.52e-03	1.05e-01	8.91e-01	2.11e-03	4.21e-04	6.81e-07	0.00e+00	0.00e+00	0.00e+00	1.52e-03	1.21e-07	1.27e-07
 6.50421e+20	1.81e-03	1.15e-01	8.81e-01	1.92e-03	4.13e-04	5.98e-07	0.00e+00	0.00e+00	0.00e+00	1.81e-03	1.46e-07	1.52e-07
 6.57067e+20	2.24e-03	1.28e-01	8.67e-01	1.71e-03	4.02e-04	5.10e-07	0.00e+00	0.00e+00	0.00e+00	2.24e-03	1.83e-07	1.87e-07
 6.63988e+20	2.81e-03	1.44e-01	8.51e-01	1.52e-03	3.91e-04	4.31e-07	0.00e+00	0.00e+00	0.00e+00	2.81e-03	2.33e-07	2.34e-07
 6.69665e+20	3.39e-03	1.59e-01	8.36e-01	1.37e-03	3.80e-04	3.74e-07	0.00e+00	0.00e+00	0.00e+00	3.39e-03	2.85e-07	2.82e-07
 6.74568e+20	4.05e-03	1.74e-01	8.21e-01	1.24e-03	3.70e-04	3.26e-07	0.00e+00	0.00e+00	0.00e+00	4.05e-03	3.44e-07	3.36e-07
 6.80071e+20	5.02e-03	1.93e-01	8.00e-01	1.10e-03	3.56e-04	2.76e-07	0.00e+00	0.00e+00	0.00e+00	5.02e-03	4.32e-07	4.16e-07
 6.85791e+20	6.24e-03	2.16e-01	7.77e-01	9.64e-04	3.41e-04	2.32e-07	0.00e+00	0.00e+00	0.00e+00	6.24e-03	5.46e-07	5.15e-07
 6.90536e+20	7.56e-03	2.38e-01	7.54e-01	8.59e-04	3.27e-04	1.98e-07	0.00e+00	0.00e+00	0.00e+00	7.56e-03	6.69e-07	6.23e-07
 6.94688e+20	9.02e-03	2.59e-01	7.31e-01	7.71e-04	3.13e-04	1.71e-07	0.00e+00	0.00e+00	0.00e+00	9.01e-03	8.04e-07	7.40e-07
 6.99323e+20	1.11e-02	2.87e-01	7.01e-01	6.75e-04	2.96e-04	1.43e-07	0.00e+00	0.00e+00	0.00e+00	1.11e-02	9.97e-07	9.07e-07
 7.04234e+20	1.38e-02	3.19e-01	6.66e-01	5.83e-04	2.76e-04	1.17e-07	0.00e+00	0.00e+00	0.00e+00	1.38e-02	1.25e-06	1.13e-06
 7.08371e+20	1.68e-02	3.50e-01	6.33e-01	5.09e-04	2.57e-04	0.00e+00	0.00e+00	0.00e+00	0.00e+00	1.68e-02	1.53e-06	1.36e-06
 7.11942e+20	1.99e-02	3.79e-01	6.01e-01	4.49e-04	2.40e-04	0.00e+00	0.00e+00	0.00e+00	0.00e+00	1.99e-02	1.83e-06	1.61e-06
 7.15908e+20	2.44e-02	4.15e-01	5.60e-01	3.85e-04	2.19e-04	0.00e+00	0.00e+00	0.00e+00	0.00e+00	2.44e-02	2.24e-06	1.97e-06
 7.20156e+20	3.03e-02	4.55e-01	5.14e-01	3.24e-04	1.96e-04	0.00e+00	0.00e+00	0.00e+00	0.00e+00	3.03e-02	2.78e-06	2.42e-06
 7.23827e+20	3.67e-02	4.92e-01	4.70e-01	2.74e-04	1.75e-04	0.00e+00	0.00e+00	0.00e+00	0.00e+00	3.67e-02	3.37e-06	2.93e-06
 7.27053e+20	4.36e-02	5.27e-01	4.29e-01	2.35e-04	1.56e-04	0.00e+00	0.00e+00	0.00e+00	0.00e+00	4.36e-02	4.00e-06	3.45e-06
 7.29920e+20	5.10e-02	5.57e-01	3.91e-01	2.02e-04	1.39e-04	0.00e+00	0.00e+00	0.00e+00	0.00e+00	5.10e-02	4.66e-06	4.02e-06
 7.32396e+20	5.84e-02	5.84e-01	3.58e-01	1.77e-04	1.24e-04	0.00e+00	0.00e+00	0.00e+00	0.00e+00	5.84e-02	5.31e-06	4.57e-06
 7.35084e+20	6.81e-02	6.13e-01	3.19e-01	1.50e-04	1.08e-04	0.00e+00	0.00e+00	0.00e+00	0.00e+00	6.81e-02	6.17e-06	5.29e-06
 7.37890e+20	7.99e-02	6.40e-01	2.80e-01	1.26e-04	9.11e-05	0.00e+00	0.00e+00	0.00e+00	0.00e+00	7.98e-02	7.18e-06	6.14e-06
 7.40182e+20	9.06e-02	6.61e-01	2.48e-01	1.09e-04	7.88e-05	0.00e+00	0.00e+00	0.00e+00	0.00e+00	9.06e-02	8.09e-06	6.92e-06
 7.42157e+20	1.02e-01	6.77e-01	2.21e-01	9.47e-05	6.82e-05	0.00e+00	0.00e+00	0.00e+00	0.00e+00	1.02e-01	9.01e-06	7.69e-06
 7.44386e+20	1.16e-01	6.93e-01	1.90e-01	8.03e-05	5.67e-05	0.00e+00	0.00e+00	0.00e+00	0.00e+00	1.16e-01	1.02e-05	8.68e-06
 7.46739e+20	1.32e-01	7.06e-01	1.62e-01	6.77e-05	4.65e-05	0.00e+00	0.00e+00	0.00e+00	0.00e+00	1.32e-01	1.15e-05	9.77e-06
 7.48756e+20	1.49e-01	7.14e-01	1.37e-01	5.78e-05	3.81e-05	0.00e+00	0.00e+00	0.00e+00	0.00e+00	1.49e-01	1.28e-05	1.09e-05
 7.50524e+20	1.64e-01	7.17e-01	1.18e-01	5.03e-05	3.17e-05	0.00e+00	0.00e+00	0.00e+00	0.00e+00	1.64e-01	1.39e-05	1.18e-05
 7.52460e+20	1.84e-01	7.18e-01	9.84e-02	4.29e-05	2.54e-05	0.00e+00	0.00e+00	0.00e+00	0.00e+00	1.84e-01	1.53e-05	1.30e-05
 7.54570e+20	2.07e-01	7.13e-01	7.94e-02	3.60e-05	1.96e-05	0.00e+00	0.00e+00	0.00e+00	0.00e+00	2.07e-01	1.69e-05	1.44e-05
 7.56438e+20	2.30e-01	7.05e-01	6.45e-02	3.07e-05	1.52e-05	0.00e+00	0.00e+00	0.00e+00	0.00e+00	2.30e-01	1.85e-05	1.57e-05
 7.58097e+20	2.53e-01	6.94e-01	5.29e-02	2.66e-05	1.20e-05	0.00e+00	0.00e+00	0.00e+00	0.00e+00	2.53e-01	1.99e-05	1.69e-05
 7.59948e+20	2.81e-01	6.78e-01	4.14e-02	2.25e-05	8.91e-06	0.00e+00	0.00e+00	0.00e+00	0.00e+00	2.81e-01	2.15e-05	1.82e-05
 7.61977e+20	3.14e-01	6.55e-01	3.12e-02	1.88e-05	6.35e-06	0.00e+00	0.00e+00	0.00e+00	0.00e+00	3.14e-01	2.32e-05	1.97e-05
 7.63803e+20	3.47e-01	6.30e-01	2.37e-02	1.59e-05	4.57e-06	0.00e+00	0.00e+00	0.00e+00	0.00e+00	3.47e-01	2.48e-05	2.10e-05
 7.65395e+20	3.77e-01	6.05e-01	1.83e-02	1.37e-05	3.37e-06	0.00e+00	0.00e+00	0.00e+00	0.00e+00	3.77e-01	2.61e-05	2.21e-05
 7.66886e+20	4.07e-01	5.79e-01	1.42e-02	1.19e-05	2.49e-06	0.00e+00	0.00e+00	0.00e+00	0.00e+00	4.07e-01	2.72e-05	2.30e-05
 7.68364e+20	4.39e-01	5.50e-01	1.08e-02	1.03e-05	1.81e-06	0.00e+00	0.00e+00	0.00e+00	0.00e+00	4.39e-01	2.82e-05	2.39e-05
 7.69788e+20	4.69e-01	5.22e-01	8.27e-03	9.01e-06	1.33e-06	0.00e+00	0.00e+00	0.00e+00	0.00e+00	4.69e-01	2.89e-05	2.45e-05
 7.71042e+20	4.98e-01	4.96e-01	6.44e-03	7.95e-06	9.95e-07	0.00e+00	0.00e+00	0.00e+00	0.00e+00	4.98e-01	2.95e-05	2.50e-05
 7.72155e+20	5.23e-01	4.72e-01	5.12e-03	7.13e-06	7.65e-07	0.00e+00	0.00e+00	0.00e+00	0.00e+00	5.23e-01	2.99e-05	2.53e-05
 7.73193e+20	5.47e-01	4.48e-01	4.10e-03	6.42e-06	5.93e-07	0.00e+00	0.00e+00	0.00e+00	0.00e+00	5.47e-01	3.01e-05	2.55e-05
 7.74169e+20	5.70e-01	4.27e-01	3.31e-03	5.82e-06	4.65e-07	0.00e+00	0.00e+00	0.00e+00	0.00e+00	5.70e-01	3.02e-05	2.56e-05
 7.75092e+20	5.92e-01	4.06e-01	2.68e-03	5.29e-06	3.67e-07	0.00e+00	0.00e+00	0.00e+00	0.00e+00	5.92e-01	3.03e-05	2.56e-05
 7.75791e+20	6.07e-01	3.91e-01	2.30e-03	4.94e-06	3.09e-07	0.00e+00	0.00e+00	0.00e+00	0.00e+00	6.07e-01	3.02e-05	2.56e-05
 7.76264e+20	6.18e-01	3.80e-01	2.06e-03	4.71e-06	2.74e-07	0.00e+00	0.00e+00	0.00e+00	0.00e+00	6.18e-01	3.02e-05	2.55e-05
 7.76727e+20	6.29e-01	3.70e-01	1.85e-03	4.48e-06	2.41e-07	0.00e+00	0.00e+00	0.00e+00	0.00e+00	6.28e-01	3.01e-05	2.54e-05
 7.77256e+20	6.41e-01	3.57e-01	1.62e-03	4.23e-06	2.09e-07	0.00e+00	0.00e+00	0.00e+00	0.00e+00	6.41e-01	2.99e-05	2.53e-05
 7.77803e+20	6.53e-01	3.45e-01	1.42e-03	4.00e-06	1.80e-07	0.00e+00	0.00e+00	0.00e+00	0.00e+00	6.53e-01	2.98e-05	2.52e-05
 7.78331e+20	6.65e-01	3.34e-01	1.25e-03	3.79e-06	1.57e-07	0.00e+00	0.00e+00	0.00e+00	0.00e+00	6.65e-01	2.96e-05	2.50e-05
 7.78851e+20	6.77e-01	3.22e-01	1.10e-03	3.58e-06	1.36e-07	0.00e+00	0.00e+00	0.00e+00	0.00e+00	6.77e-01	2.94e-05	2.48e-05
 7.79365e+20	6.88e-01	3.11e-01	9.68e-04	3.39e-06	0.00e+00	0.00e+00	0.00e+00	0.00e+00	0.00e+00	6.88e-01	2.92e-05	2.46e-05
 7.79877e+20	6.99e-01	3.00e-01	8.50e-04	3.21e-06	0.00e+00	0.00e+00	0.00e+00	0.00e+00	0.00e+00	6.99e-01	2.89e-05	2.44e-05
 7.80387e+20	7.10e-01	2.90e-01	7.49e-04	3.04e-06	0.00e+00	0.00e+00	0.00e+00	0.00e+00	0.00e+00	7.09e-01	2.86e-05	2.42e-05
 7.80897e+20	7.20e-01	2.79e-01	6.58e-04	2.88e-06	0.00e+00	0.00e+00	0.00e+00	0.00e+00	0.00e+00	7.20e-01	2.83e-05	2.39e-05
 7.81409e+20	7.31e-01	2.69e-01	5.78e-04	2.72e-06	0.00e+00	0.00e+00	0.00e+00	0.00e+00	0.00e+00	7.31e-01	2.80e-05	2.36e-05
 7.81912e+20	7.41e-01	2.59e-01	5.10e-04	2.58e-06	0.00e+00	0.00e+00	0.00e+00	0.00e+00	0.00e+00	7.41e-01	2.76e-05	2.33e-05
 7.82411e+20	7.50e-01	2.49e-01	4.50e-04	2.45e-06	0.00e+00	0.00e+00	0.00e+00	0.00e+00	0.00e+00	7.50e-01	2.72e-05	2.29e-05
 7.82916e+20	7.60e-01	2.39e-01	3.97e-04	2.32e-06	0.00e+00	0.00e+00	0.00e+00	0.00e+00	0.00e+00	7.60e-01	2.68e-05	2.26e-05
 7.83421e+20	7.69e-01	2.30e-01	3.51e-04	2.20e-06	0.00e+00	0.00e+00	0.00e+00	0.00e+00	0.00e+00	7.69e-01	2.65e-05	2.23e-05
 7.83924e+20	7.78e-01	2.21e-01	3.10e-04	2.08e-06	0.00e+00	0.00e+00	0.00e+00	0.00e+00	0.00e+00	7.78e-01	2.61e-05	2.19e-05
 7.84429e+20	7.87e-01	2.13e-01	2.75e-04	1.98e-06	0.00e+00	0.00e+00	0.00e+00	0.00e+00	0.00e+00	7.87e-01	2.57e-05	2.16e-05
 7.84937e+20	7.96e-01	2.04e-01	2.44e-04	1.87e-06	0.00e+00	0.00e+00	0.00e+00	0.00e+00	0.00e+00	7.96e-01	2.53e-05	2.12e-05
 7.85447e+20	8.04e-01	1.96e-01	2.17e-04	1.78e-06	0.00e+00	0.00e+00	0.00e+00	0.00e+00	0.00e+00	8.04e-01	2.49e-05	2.09e-05
 7.85956e+20	8.12e-01	1.88e-01	1.94e-04	1.68e-06	0.00e+00	0.00e+00	0.00e+00	0.00e+00	0.00e+00	8.12e-01	2.44e-05	2.05e-05
 7.86475e+20	8.19e-01	1.81e-01	1.74e-04	1.60e-06	0.00e+00	0.00e+00	0.00e+00	0.00e+00	0.00e+00	8.19e-01	2.40e-05	2.02e-05
 7.87001e+20	8.27e-01	1.73e-01	1.56e-04	1.51e-06	0.00e+00	0.00e+00	0.00e+00	0.00e+00	0.00e+00	8.27e-01	2.36e-05	1.98e-05
 7.87528e+20	8.34e-01	1.66e-01	1.41e-04	1.44e-06	0.00e+00	0.00e+00	0.00e+00	0.00e+00	0.00e+00	8.34e-01	2.32e-05	1.95e-05
 7.88053e+20	8.40e-01	1.60e-01	1.28e-04	1.37e-06	0.00e+00	0.00e+00	0.00e+00	0.00e+00	0.00e+00	8.40e-01	2.28e-05	1.91e-05
 7.88579e+20	8.47e-01	1.53e-01	1.17e-04	1.30e-06	0.00e+00	0.00e+00	0.00e+00	0.00e+00	0.00e+00	8.46e-01	2.25e-05	1.88e-05
 7.89108e+20	8.52e-01	1.47e-01	1.08e-04	1.24e-06	0.00e+00	0.00e+00	0.00e+00	0.00e+00	0.00e+00	8.52e-01	2.21e-05	1.85e-05
 7.89644e+20	8.58e-01	1.42e-01	9.99e-05	1.19e-06	0.00e+00	0.00e+00	0.00e+00	0.00e+00	0.00e+00	8.58e-01	2.18e-05	1.82e-05
 7.90188e+20	8.63e-01	1.37e-01	9.29e-05	1.13e-06	0.00e+00	0.00e+00	0.00e+00	0.00e+00	0.00e+00	8.63e-01	2.14e-05	1.79e-05
 7.90741e+20	8.68e-01	1.32e-01	8.69e-05	1.09e-06	0.00e+00	0.00e+00	0.00e+00	0.00e+00	0.00e+00	8.68e-01	2.11e-05	1.76e-05
 7.91310e+20	8.73e-01	1.27e-01	8.17e-05	1.04e-06	0.00e+00	0.00e+00	0.00e+00	0.00e+00	0.00e+00	8.73e-01	2.08e-05	1.74e-05
 7.91892e+20	8.77e-01	1.23e-01	7.72e-05	9.99e-07	0.00e+00	0.00e+00	0.00e+00	0.00e+00	0.00e+00	8.77e-01	2.05e-05	1.71e-05
 7.92494e+20	8.81e-01	1.18e-01	7.34e-05	9.60e-07	0.00e+00	0.00e+00	0.00e+00	0.00e+00	0.00e+00	8.81e-01	2.02e-05	1.69e-05
 7.93131e+20	8.85e-01	1.15e-01	7.01e-05	9.24e-07	0.00e+00	0.00e+00	0.00e+00	0.00e+00	0.00e+00	8.85e-01	2.00e-05	1.66e-05
 7.93803e+20	8.89e-01	1.11e-01	6.72e-05	8.91e-07	0.00e+00	0.00e+00	0.00e+00	0.00e+00	0.00e+00	8.89e-01	1.97e-05	1.64e-05
 7.94523e+20	8.92e-01	1.08e-01	6.47e-05	8.60e-07	0.00e+00	0.00e+00	0.00e+00	0.00e+00	0.00e+00	8.92e-01	1.95e-05	1.62e-05
 7.95308e+20	8.95e-01	1.05e-01	6.25e-05	8.32e-07	0.00e+00	0.00e+00	0.00e+00	0.00e+00	0.00e+00	8.95e-01	1.92e-05	1.60e-05
 7.96182e+20	8.98e-01	1.02e-01	6.07e-05	8.06e-07	0.00e+00	0.00e+00	0.00e+00	0.00e+00	0.00e+00	8.98e-01	1.90e-05	1.58e-05
 7.97177e+20	9.01e-01	9.92e-02	5.91e-05	7.82e-07	0.00e+00	0.00e+00	0.00e+00	0.00e+00	0.00e+00	9.01e-01	1.88e-05	1.57e-05
 7.98312e+20	9.03e-01	9.70e-02	5.77e-05	7.62e-07	0.00e+00	0.00e+00	0.00e+00	0.00e+00	0.00e+00	9.03e-01	1.87e-05	1.55e-05
 7.99514e+20	9.05e-01	9.52e-02	5.67e-05	7.45e-07	0.00e+00	0.00e+00	0.00e+00	0.00e+00	0.00e+00	9.05e-01	1.85e-05	1.54e-05
 8.00703e+20	9.06e-01	9.38e-02	5.60e-05	7.33e-07	0.00e+00	0.00e+00	0.00e+00	0.00e+00	0.00e+00	9.06e-01	1.85e-05	1.53e-05
 8.01882e+20	9.07e-01	9.28e-02	5.55e-05	7.24e-07	0.00e+00	0.00e+00	0.00e+00	0.00e+00	0.00e+00	9.07e-01	1.84e-05	1.52e-05
 8.03053e+20	9.08e-01	9.20e-02	5.51e-05	7.17e-07	0.00e+00	0.00e+00	0.00e+00	0.00e+00	0.00e+00	9.08e-01	1.83e-05	1.52e-05
 8.04220e+20	9.09e-01	9.10e-02	5.48e-05	7.08e-07	0.00e+00	0.00e+00	0.00e+00	0.00e+00	0.00e+00	9.09e-01	1.82e-05	1.51e-05
 8.05382e+20	9.09e-01	9.06e-02	5.45e-05	7.04e-07	0.00e+00	0.00e+00	0.00e+00	0.00e+00	0.00e+00	9.09e-01	1.82e-05	1.51e-05
 8.06541e+20	9.09e-01	9.06e-02	5.44e-05	7.04e-07	0.00e+00	0.00e+00	0.00e+00	0.00e+00	0.00e+00	9.09e-01	1.82e-05	1.51e-05
 8.07872e+20	9.10e-01	8.98e-02	5.42e-05	6.97e-07	0.00e+00	0.00e+00	0.00e+00	0.00e+00	0.00e+00	9.10e-01	1.82e-05	1.50e-05
 8.09602e+20	9.11e-01	8.94e-02	5.40e-05	6.93e-07	0.00e+00	0.00e+00	0.00e+00	0.00e+00	0.00e+00	9.10e-01	1.81e-05	1.50e-05
 8.11852e+20	9.11e-01	8.93e-02	5.38e-05	6.91e-07	0.00e+00	0.00e+00	0.00e+00	0.00e+00	0.00e+00	9.11e-01	1.81e-05	1.50e-05
 8.14777e+20	9.11e-01	8.87e-02	5.35e-05	6.85e-07	0.00e+00	0.00e+00	0.00e+00	0.00e+00	0.00e+00	9.11e-01	1.81e-05	1.49e-05
 8.18579e+20	9.12e-01	8.80e-02	5.32e-05	6.79e-07	0.00e+00	0.00e+00	0.00e+00	0.00e+00	0.00e+00	9.12e-01	1.81e-05	1.49e-05
 8.23521e+20	9.13e-01	8.72e-02	5.29e-05	6.71e-07	0.00e+00	0.00e+00	0.00e+00	0.00e+00	0.00e+00	9.13e-01	1.80e-05	1.48e-05
 8.29947e+20	9.14e-01	8.63e-02	5.25e-05	6.61e-07	0.00e+00	0.00e+00	0.00e+00	0.00e+00	0.00e+00	9.14e-01	1.79e-05	1.48e-05
 8.38300e+20	9.15e-01	8.50e-02	5.19e-05	6.48e-07	0.00e+00	0.00e+00	0.00e+00	0.00e+00	0.00e+00	9.15e-01	1.79e-05	1.47e-05
 8.49159e+20	9.16e-01	8.35e-02	5.12e-05	6.33e-07	0.00e+00	0.00e+00	0.00e+00	0.00e+00	0.00e+00	9.16e-01	1.78e-05	1.46e-05
 8.63275e+20	9.18e-01	8.16e-02	5.04e-05	6.14e-07	0.00e+00	0.00e+00	0.00e+00	0.00e+00	0.00e+00	9.18e-01	1.77e-05	1.45e-05
 8.81627e+20	9.21e-01	7.93e-02	4.95e-05	5.91e-07	0.00e+00	0.00e+00	0.00e+00	0.00e+00	0.00e+00	9.21e-01	1.75e-05	1.43e-05
 9.05484e+20	9.23e-01	7.65e-02	4.84e-05	5.63e-07	0.00e+00	0.00e+00	0.00e+00	0.00e+00	0.00e+00	9.23e-01	1.74e-05	1.41e-05
 9.33194e+20	9.26e-01	7.36e-02	4.73e-05	5.34e-07	0.00e+00	0.00e+00	0.00e+00	0.00e+00	0.00e+00	9.26e-01	1.72e-05	1.39e-05
 9.61435e+20	9.29e-01	7.10e-02	4.63e-05	5.08e-07	0.00e+00	0.00e+00	0.00e+00	0.00e+00	0.00e+00	9.29e-01	1.71e-05	1.37e-05
 9.89708e+20	9.32e-01	6.84e-02	4.54e-05	4.84e-07	0.00e+00	0.00e+00	0.00e+00	0.00e+00	0.00e+00	9.31e-01	1.70e-05	1.35e-05
 1.01943e+21	9.34e-01	6.61e-02	4.46e-05	4.61e-07	0.00e+00	0.00e+00	0.00e+00	0.00e+00	0.00e+00	9.34e-01	1.69e-05	1.33e-05
 1.05084e+21	9.36e-01	6.37e-02	4.38e-05	4.38e-07	0.00e+00	0.00e+00	0.00e+00	0.00e+00	0.00e+00	9.36e-01	1.67e-05	1.32e-05
 1.08369e+21	9.39e-01	6.14e-02	4.31e-05	4.16e-07	0.00e+00	0.00e+00	0.00e+00	0.00e+00	0.00e+00	9.39e-01	1.66e-05	1.30e-05
 1.11819e+21	9.41e-01	5.92e-02	4.24e-05	3.95e-07	0.00e+00	0.00e+00	0.00e+00	0.00e+00	0.00e+00	9.41e-01	1.65e-05	1.28e-05
 1.15403e+21	9.43e-01	5.70e-02	4.17e-05	3.75e-07	0.00e+00	0.00e+00	0.00e+00	0.00e+00	0.00e+00	9.43e-01	1.64e-05	1.27e-05
 1.19126e+21	9.45e-01	5.50e-02	4.11e-05	3.56e-07	0.00e+00	0.00e+00	0.00e+00	0.00e+00	0.00e+00	9.45e-01	1.63e-05	1.25e-05
 1.23004e+21	9.47e-01	5.30e-02	4.05e-05	3.38e-07	0.00e+00	0.00e+00	0.00e+00	0.00e+00	0.00e+00	9.47e-01	1.62e-05	1.23e-05
 1.27058e+21	9.49e-01	5.11e-02	3.99e-05	3.20e-07	0.00e+00	0.00e+00	0.00e+00	0.00e+00	0.00e+00	9.49e-01	1.61e-05	1.21e-05
 1.31298e+21	9.51e-01	4.92e-02	3.93e-05	3.03e-07	0.00e+00	0.00e+00	0.00e+00	0.00e+00	0.00e+00	9.51e-01	1.60e-05	1.19e-05
 1.35717e+21	9.53e-01	4.74e-02	3.87e-05	2.87e-07	0.00e+00	0.00e+00	0.00e+00	0.00e+00	0.00e+00	9.52e-01	1.59e-05	1.17e-05
 1.40323e+21	9.54e-01	4.56e-02	3.82e-05	2.71e-07	0.00e+00	0.00e+00	0.00e+00	0.00e+00	0.00e+00	9.54e-01	1.58e-05	1.15e-05
 1.45166e+21	9.56e-01	4.40e-02	3.76e-05	2.57e-07	0.00e+00	0.00e+00	0.00e+00	0.00e+00	0.00e+00	9.56e-01	1.57e-05	1.14e-05
 1.50239e+21	9.58e-01	4.23e-02	3.71e-05	2.42e-07	0.00e+00	0.00e+00	0.00e+00	0.00e+00	0.00e+00	9.58e-01	1.56e-05	1.12e-05
 1.55493e+21	9.59e-01	4.08e-02	3.65e-05	2.29e-07	0.00e+00	0.00e+00	0.00e+00	0.00e+00	0.00e+00	9.59e-01	1.55e-05	1.10e-05
 1.60965e+21	9.61e-01	3.93e-02	3.60e-05	2.16e-07	0.00e+00	0.00e+00	0.00e+00	0.00e+00	0.00e+00	9.61e-01	1.54e-05	1.09e-05
 1.66700e+21	9.62e-01	3.78e-02	3.55e-05	2.03e-07	0.00e+00	0.00e+00	0.00e+00	0.00e+00	0.00e+00	9.62e-01	1.53e-05	1.07e-05
 1.72702e+21	9.64e-01	3.64e-02	3.49e-05	1.92e-07	0.00e+00	0.00e+00	0.00e+00	0.00e+00	0.00e+00	9.64e-01	1.52e-05	1.06e-05
 1.78985e+21	9.65e-01	3.51e-02	3.43e-05	1.80e-07	0.00e+00	0.00e+00	0.00e+00	0.00e+00	0.00e+00	9.65e-01	1.51e-05	1.05e-05
 1.85588e+21	9.66e-01	3.38e-02	3.38e-05	1.69e-07	0.00e+00	0.00e+00	0.00e+00	0.00e+00	0.00e+00	9.66e-01	1.49e-05	1.03e-05
 1.92518e+21	9.67e-01	3.25e-02	3.32e-05	1.59e-07	0.00e+00	0.00e+00	0.00e+00	0.00e+00	0.00e+00	9.67e-01	1.48e-05	1.02e-05
 1.99768e+21	9.69e-01	3.13e-02	3.26e-05	1.49e-07	0.00e+00	0.00e+00	0.00e+00	0.00e+00	0.00e+00	9.69e-01	1.47e-05	1.01e-05
 2.07348e+21	9.70e-01	3.01e-02	3.20e-05	1.40e-07	0.00e+00	0.00e+00	0.00e+00	0.00e+00	0.00e+00	9.70e-01	1.45e-05	9.96e-06
 2.15276e+21	9.71e-01	2.90e-02	3.14e-05	1.31e-07	0.00e+00	0.00e+00	0.00e+00	0.00e+00	0.00e+00	9.71e-01	1.43e-05	9.84e-06
 2.23397e+21	9.72e-01	2.79e-02	3.08e-05	1.22e-07	0.00e+00	0.00e+00	0.00e+00	0.00e+00	0.00e+00	9.72e-01	1.41e-05	9.73e-06
 2.31447e+21	9.73e-01	2.69e-02	3.02e-05	0.00e+00	0.00e+00	0.00e+00	0.00e+00	0.00e+00	0.00e+00	9.73e-01	1.39e-05	9.62e-06
 2.39328e+21	9.74e-01	2.60e-02	2.97e-05	0.00e+00	0.00e+00	0.00e+00	0.00e+00	0.00e+00	0.00e+00	9.74e-01	1.36e-05	9.52e-06
 2.47057e+21	9.75e-01	2.52e-02	2.92e-05	0.00e+00	0.00e+00	0.00e+00	0.00e+00	0.00e+00	0.00e+00	9.75e-01	1.34e-05	9.43e-06
 2.54609e+21	9.76e-01	2.44e-02	2.87e-05	0.00e+00	0.00e+00	0.00e+00	0.00e+00	0.00e+00	0.00e+00	9.76e-01	1.31e-05	9.34e-06
 2.61909e+21	9.76e-01	2.36e-02	2.83e-05	0.00e+00	0.00e+00	0.00e+00	0.00e+00	0.00e+00	0.00e+00	9.76e-01	1.28e-05	9.26e-06
 2.68881e+21	9.77e-01	2.29e-02	2.79e-05	0.00e+00	0.00e+00	0.00e+00	0.00e+00	0.00e+00	0.00e+00	9.77e-01	1.25e-05	9.17e-06
 2.75492e+21	9.78e-01	2.21e-02	2.76e-05	0.00e+00	0.00e+00	0.00e+00	0.00e+00	0.00e+00	0.00e+00	9.78e-01	1.22e-05	9.10e-06
 2.81759e+21	9.79e-01	2.14e-02	2.73e-05	0.00e+00	0.00e+00	0.00e+00	0.00e+00	0.00e+00	0.00e+00	9.79e-01	1.18e-05	9.02e-06
