#depth	O	O+	O+2	O+3	O+4	O+5	O+6	O+7	O+8	O[1]	O[2]	O[3]
 1.09269e+18	1.46e-07	2.85e-04	5.16e-02	5.01e-01	3.70e-01	6.96e-02	7.05e-03	3.35e-06	0.00e+00	1.46e-07	1.14e-12	1.25e-12
 6.55616e+18	1.46e-07	2.85e-04	5.18e-02	5.01e-01	3.70e-01	6.94e-02	7.03e-03	3.33e-06	0.00e+00	1.46e-07	1.13e-12	1.24e-12
 2.84100e+19	1.44e-07	2.84e-04	5.24e-02	5.02e-01	3.69e-01	6.90e-02	6.98e-03	3.30e-06	0.00e+00	1.44e-07	1.12e-12	1.23e-12
 1.15826e+20	1.37e-07	2.80e-04	5.50e-02	5.07e-01	3.64e-01	6.73e-02	6.76e-03	3.19e-06	0.00e+00	1.37e-07	1.06e-12	1.17e-12
 2.76670e+20	1.16e-07	2.65e-04	5.88e-02	5.14e-01	3.56e-01	6.51e-02	6.53e-03	3.08e-06	0.00e+00	1.16e-07	9.02e-13	9.93e-13
 4.85768e+20	1.09e-07	2.68e-04	6.45e-02	5.22e-01	3.45e-01	6.19e-02	6.14e-03	2.88e-06	0.00e+00	1.09e-07	8.47e-13	9.32e-13
 7.57595e+20	1.10e-07	2.85e-04	7.30e-02	5.32e-01	3.31e-01	5.76e-02	5.61e-03	2.60e-06	0.00e+00	1.10e-07	8.54e-13	9.40e-13
 1.11097e+21	1.21e-07	3.25e-04	8.67e-02	5.44e-01	3.12e-01	5.19e-02	4.91e-03	2.23e-06	0.00e+00	1.21e-07	9.37e-13	1.03e-12
 1.47754e+21	1.33e-07	3.72e-04	1.04e-01	5.54e-01	2.91e-01	4.63e-02	4.27e-03	1.91e-06	0.00e+00	1.33e-07	1.03e-12	1.13e-12
 1.77948e+21	1.51e-07	4.33e-04	1.22e-01	5.60e-01	2.73e-01	4.15e-02	3.74e-03	1.66e-06	0.00e+00	1.51e-07	1.17e-12	1.29e-12
 2.03835e+21	1.78e-07	5.09e-04	1.41e-01	5.63e-01	2.55e-01	3.73e-02	3.28e-03	1.44e-06	0.00e+00	1.78e-07	1.38e-12	1.52e-12
 2.28489e+21	2.13e-07	6.06e-04	1.64e-01	5.63e-01	2.36e-01	3.31e-02	2.85e-03	1.23e-06	0.00e+00	2.13e-07	1.65e-12	1.82e-12
 2.52749e+21	2.61e-07	7.32e-04	1.92e-01	5.60e-01	2.17e-01	2.90e-02	2.43e-03	1.04e-06	0.00e+00	2.61e-07	2.02e-12	2.22e-12
 2.74002e+21	3.12e-07	8.69e-04	2.21e-01	5.53e-01	1.98e-01	2.53e-02	2.09e-03	8.92e-07	0.00e+00	3.12e-07	2.42e-12	2.66e-12
 2.91280e+21	3.70e-07	1.02e-03	2.49e-01	5.45e-01	1.82e-01	2.23e-02	1.81e-03	7.70e-07	0.00e+00	3.70e-07	2.87e-12	3.15e-12
 3.07068e+21	4.36e-07	1.18e-03	2.78e-01	5.34e-01	1.66e-01	1.96e-02	1.55e-03	6.59e-07	0.00e+00	4.36e-07	3.38e-12	3.72e-12
 3.24965e+21	5.39e-07	1.42e-03	3.17e-01	5.17e-01	1.47e-01	1.65e-02	1.28e-03	5.41e-07	0.00e+00	5.39e-07	4.18e-12	4.59e-12
 3.43090e+21	6.56e-07	1.69e-03	3.60e-01	4.96e-01	1.28e-01	1.36e-02	1.03e-03	4.36e-07	0.00e+00	6.56e-07	5.10e-12	5.60e-12
 3.57605e+21	7.35e-07	1.88e-03	3.98e-01	4.76e-01	1.12e-01	1.15e-02	8.49e-04	3.59e-07	0.00e+00	7.35e-07	5.71e-12	6.27e-12
 3.72569e+21	9.30e-07	2.29e-03	4.42e-01	4.50e-01	9.56e-02	9.29e-03	6.68e-04	2.82e-07	0.00e+00	9.30e-07	7.22e-12	7.93e-12
 3.87404e+21	1.09e-06	2.63e-03	4.86e-01	4.23e-01	8.08e-02	7.46e-03	5.22e-04	2.20e-07	0.00e+00	1.09e-06	8.48e-12	9.31e-12
 4.00013e+21	1.27e-06	2.97e-03	5.25e-01	3.97e-01	6.86e-02	6.04e-03	4.11e-04	1.73e-07	0.00e+00	1.27e-06	9.82e-12	1.08e-11
 4.12098e+21	1.45e-06	3.32e-03	5.63e-01	3.71e-01	5.80e-02	4.88e-03	3.22e-04	1.35e-07	0.00e+00	1.45e-06	1.13e-11	1.24e-11
 4.23567e+21	1.65e-06	3.68e-03	5.98e-01	3.45e-01	4.89e-02	3.93e-03	2.51e-04	0.00e+00	0.00e+00	1.65e-06	1.28e-11	1.41e-11
 4.36485e+21	1.92e-06	4.14e-03	6.37e-01	3.16e-01	3.96e-02	3.01e-03	1.85e-04	0.00e+00	0.00e+00	1.92e-06	1.49e-11	1.64e-11
 4.49096e+21	2.18e-06	4.55e-03	6.72e-01	2.89e-01	3.23e-02	2.33e-03	1.38e-04	0.00e+00	0.00e+00	2.18e-06	1.69e-11	1.86e-11
 4.58512e+21	2.39e-06	4.88e-03	6.97e-01	2.69e-01	2.75e-02	1.91e-03	1.10e-04	0.00e+00	0.00e+00	2.39e-06	1.85e-11	2.04e-11
 4.67956e+21	2.66e-06	5.26e-03	7.22e-01	2.48e-01	2.31e-02	1.54e-03	8.52e-05	0.00e+00	0.00e+00	2.66e-06	2.05e-11	2.27e-11
 4.78322e+21	2.92e-06	5.61e-03	7.46e-01	2.28e-01	1.92e-02	1.23e-03	6.55e-05	0.00e+00	0.00e+00	2.92e-06	2.25e-11	2.49e-11
 4.89885e+21	3.34e-06	6.14e-03	7.72e-01	2.05e-01	1.55e-02	9.38e-04	4.79e-05	0.00e+00	0.00e+00	3.34e-06	2.57e-11	2.84e-11
 5.01561e+21	3.73e-06	6.60e-03	7.95e-01	1.85e-01	1.26e-02	7.28e-04	3.56e-05	0.00e+00	0.00e+00	3.73e-06	2.87e-11	3.17e-11
 5.11399e+21	4.10e-06	7.00e-03	8.12e-01	1.70e-01	1.06e-02	5.87e-04	2.77e-05	0.00e+00	0.00e+00	4.10e-06	3.15e-11	3.49e-11
 5.22204e+21	4.57e-06	7.48e-03	8.30e-01	1.53e-01	8.66e-03	4.62e-04	2.08e-05	0.00e+00	0.00e+00	4.57e-06	3.51e-11	3.89e-11
 5.36252e+21	5.26e-06	8.12e-03	8.51e-01	1.34e-01	6.74e-03	3.41e-04	1.45e-05	0.00e+00	0.00e+00	5.26e-06	4.02e-11	4.48e-11
 5.50757e+21	5.99e-06	8.75e-03	8.68e-01	1.18e-01	5.32e-03	2.57e-04	1.03e-05	0.00e+00	0.00e+00	5.99e-06	4.58e-11	5.10e-11
 5.63503e+21	6.73e-06	9.33e-03	8.81e-01	1.05e-01	4.35e-03	2.02e-04	7.74e-06	0.00e+00	0.00e+00	6.73e-06	5.13e-11	5.72e-11
 5.77718e+21	7.70e-06	1.00e-02	8.94e-01	9.18e-02	3.49e-03	1.55e-04	5.62e-06	0.00e+00	0.00e+00	7.70e-06	5.86e-11	6.55e-11
 5.96196e+21	9.14e-06	1.09e-02	9.09e-01	7.77e-02	2.69e-03	1.13e-04	3.82e-06	0.00e+00	0.00e+00	9.14e-06	6.95e-11	7.77e-11
 6.16606e+21	1.09e-05	1.20e-02	9.21e-01	6.53e-02	2.09e-03	8.29e-05	2.61e-06	0.00e+00	0.00e+00	1.09e-05	8.31e-11	9.30e-11
 6.39527e+21	1.35e-05	1.32e-02	9.31e-01	5.37e-02	1.62e-03	5.97e-05	1.75e-06	0.00e+00	0.00e+00	1.35e-05	1.02e-10	1.15e-10
 6.68809e+21	1.77e-05	1.50e-02	9.41e-01	4.23e-02	1.24e-03	4.09e-05	1.11e-06	0.00e+00	0.00e+00	1.77e-05	1.34e-10	1.50e-10
 7.00565e+21	2.39e-05	1.72e-02	9.49e-01	3.31e-02	9.89e-04	2.84e-05	7.33e-07	0.00e+00	0.00e+00	2.39e-05	1.80e-10	2.03e-10
 7.30034e+21	3.21e-05	1.95e-02	9.53e-01	2.66e-02	8.38e-04	2.06e-05	5.19e-07	0.00e+00	0.00e+00	3.21e-05	2.41e-10	2.72e-10
 7.56912e+21	4.28e-05	2.22e-02	9.55e-01	2.17e-02	7.40e-04	1.55e-05	3.89e-07	0.00e+00	0.00e+00	4.28e-05	3.21e-10	3.63e-10
 7.81702e+21	5.71e-05	2.52e-02	9.56e-01	1.80e-02	6.73e-04	1.18e-05	3.03e-07	0.00e+00	0.00e+00	5.71e-05	4.28e-10	4.84e-10
 8.04958e+21	7.66e-05	2.87e-02	9.56e-01	1.50e-02	6.23e-04	9.14e-06	2.41e-07	0.00e+00	0.00e+00	7.66e-05	5.73e-10	6.49e-10
 8.26729e+21	1.04e-04	3.28e-02	9.54e-01	1.25e-02	5.83e-04	7.10e-06	1.94e-07	0.00e+00	0.00e+00	1.04e-04	7.74e-10	8.77e-10
 8.46697e+21	1.40e-04	3.76e-02	9.51e-01	1.06e-02	5.52e-04	5.55e-06	1.59e-07	0.00e+00	0.00e+00	1.40e-04	1.04e-09	1.18e-09
 8.62324e+21	1.80e-04	4.22e-02	9.48e-01	9.20e-03	5.30e-04	4.55e-06	1.36e-07	0.00e+00	0.00e+00	1.80e-04	1.34e-09	1.53e-09
 8.73183e+21	2.18e-04	4.60e-02	9.45e-01	8.30e-03	5.15e-04	3.92e-06	0.00e+00	0.00e+00	0.00e+00	2.18e-04	1.62e-09	1.84e-09
 8.84066e+21	2.67e-04	5.06e-02	9.41e-01	7.43e-03	5.00e-04	3.35e-06	0.00e+00	0.00e+00	0.00e+00	2.67e-04	1.99e-09	2.26e-09
 8.96157e+21	3.37e-04	5.65e-02	9.36e-01	6.55e-03	4.84e-04	2.79e-06	0.00e+00	0.00e+00	0.00e+00	3.37e-04	2.51e-09	2.85e-09
 9.06923e+21	4.21e-04	6.28e-02	9.31e-01	5.82e-03	4.70e-04	2.35e-06	0.00e+00	0.00e+00	0.00e+00	4.21e-04	3.13e-09	3.56e-09
 9.15899e+21	5.13e-04	6.89e-02	9.25e-01	5.24e-03	4.58e-04	2.02e-06	0.00e+00	0.00e+00	0.00e+00	5.13e-04	3.81e-09	4.33e-09
 9.24094e+21	6.20e-04	7.55e-02	9.19e-01	4.74e-03	4.47e-04	1.75e-06	0.00e+00	0.00e+00	0.00e+00	6.20e-04	4.60e-09	5.23e-09
 9.32007e+21	7.52e-04	8.28e-02	9.12e-01	4.28e-03	4.36e-04	1.51e-06	0.00e+00	0.00e+00	0.00e+00	7.52e-04	5.57e-09	6.33e-09
 9.39530e+21	9.11e-04	9.09e-02	9.04e-01	3.86e-03	4.25e-04	1.30e-06	0.00e+00	0.00e+00	0.00e+00	9.11e-04	6.75e-09	7.67e-09
 9.46630e+21	1.10e-03	9.97e-02	8.95e-01	3.48e-03	4.14e-04	1.13e-06	0.00e+00	0.00e+00	0.00e+00	1.10e-03	8.16e-09	9.27e-09
 9.53366e+21	1.33e-03	1.09e-01	8.86e-01	3.14e-03	4.03e-04	9.73e-07	0.00e+00	0.00e+00	0.00e+00	1.33e-03	9.85e-09	1.12e-08
 9.59820e+21	1.61e-03	1.20e-01	8.75e-01	2.83e-03	3.92e-04	8.39e-07	0.00e+00	0.00e+00	0.00e+00	1.61e-03	1.19e-08	1.35e-08
 9.65995e+21	1.95e-03	1.32e-01	8.64e-01	2.55e-03	3.80e-04	7.24e-07	0.00e+00	0.00e+00	0.00e+00	1.95e-03	1.44e-08	1.63e-08
 9.71884e+21	2.36e-03	1.44e-01	8.51e-01	2.29e-03	3.69e-04	6.23e-07	0.00e+00	0.00e+00	0.00e+00	2.36e-03	1.74e-08	1.98e-08
 9.77501e+21	2.85e-03	1.59e-01	8.36e-01	2.06e-03	3.57e-04	5.36e-07	0.00e+00	0.00e+00	0.00e+00	2.85e-03	2.11e-08	2.38e-08
 9.82863e+21	3.44e-03	1.74e-01	8.21e-01	1.85e-03	3.44e-04	4.61e-07	0.00e+00	0.00e+00	0.00e+00	3.44e-03	2.55e-08	2.88e-08
 9.88006e+21	4.16e-03	1.91e-01	8.03e-01	1.65e-03	3.32e-04	3.95e-07	0.00e+00	0.00e+00	0.00e+00	4.16e-03	3.07e-08	3.47e-08
 9.92953e+21	5.03e-03	2.09e-01	7.84e-01	1.47e-03	3.18e-04	3.37e-07	0.00e+00	0.00e+00	0.00e+00	5.03e-03	3.72e-08	4.19e-08
 9.97698e+21	6.07e-03	2.29e-01	7.63e-01	1.31e-03	3.04e-04	2.88e-07	0.00e+00	0.00e+00	0.00e+00	6.07e-03	4.50e-08	5.05e-08
 1.00224e+22	7.33e-03	2.50e-01	7.41e-01	1.16e-03	2.90e-04	2.44e-07	0.00e+00	0.00e+00	0.00e+00	7.33e-03	5.43e-08	6.08e-08
 1.00662e+22	8.84e-03	2.73e-01	7.16e-01	1.03e-03	2.76e-04	2.07e-07	0.00e+00	0.00e+00	0.00e+00	8.84e-03	6.55e-08	7.32e-08
 1.01086e+22	1.07e-02	2.99e-01	6.89e-01	9.07e-04	2.60e-04	1.74e-07	0.00e+00	0.00e+00	0.00e+00	1.07e-02	7.92e-08	8.82e-08
 1.01496e+22	1.29e-02	3.26e-01	6.60e-01	7.96e-04	2.44e-04	1.46e-07	0.00e+00	0.00e+00	0.00e+00	1.29e-02	9.55e-08	1.06e-07
 1.01891e+22	1.55e-02	3.54e-01	6.29e-01	6.94e-04	2.28e-04	1.21e-07	0.00e+00	0.00e+00	0.00e+00	1.55e-02	1.15e-07	1.27e-07
 1.02276e+22	1.87e-02	3.85e-01	5.96e-01	6.02e-04	2.11e-04	0.00e+00	0.00e+00	0.00e+00	0.00e+00	1.87e-02	1.39e-07	1.53e-07
 1.02652e+22	2.26e-02	4.17e-01	5.60e-01	5.18e-04	1.93e-04	0.00e+00	0.00e+00	0.00e+00	0.00e+00	2.26e-02	1.67e-07	1.84e-07
 1.03016e+22	2.72e-02	4.51e-01	5.22e-01	4.42e-04	1.76e-04	0.00e+00	0.00e+00	0.00e+00	0.00e+00	2.72e-02	2.01e-07	2.20e-07
 1.03371e+22	3.27e-02	4.85e-01	4.82e-01	3.75e-04	1.58e-04	0.00e+00	0.00e+00	0.00e+00	0.00e+00	3.27e-02	2.41e-07	2.64e-07
 1.03719e+22	3.94e-02	5.20e-01	4.40e-01	3.15e-04	1.40e-04	0.00e+00	0.00e+00	0.00e+00	0.00e+00	3.94e-02	2.89e-07	3.15e-07
 1.04060e+22	4.74e-02	5.55e-01	3.97e-01	2.62e-04	1.22e-04	0.00e+00	0.00e+00	0.00e+00	0.00e+00	4.74e-02	3.46e-07	3.77e-07
 1.04358e+22	5.56e-02	5.86e-01	3.58e-01	2.21e-04	1.07e-04	0.00e+00	0.00e+00	0.00e+00	0.00e+00	5.56e-02	4.04e-07	4.39e-07
 1.04599e+22	6.34e-02	6.10e-01	3.26e-01	1.90e-04	9.52e-05	0.00e+00	0.00e+00	0.00e+00	0.00e+00	6.34e-02	4.59e-07	4.97e-07
 1.04854e+22	7.32e-02	6.35e-01	2.92e-01	1.61e-04	8.24e-05	0.00e+00	0.00e+00	0.00e+00	0.00e+00	7.32e-02	5.26e-07	5.69e-07
 1.05126e+22	8.50e-02	6.59e-01	2.56e-01	1.33e-04	6.98e-05	0.00e+00	0.00e+00	0.00e+00	0.00e+00	8.50e-02	6.06e-07	6.55e-07
 1.05360e+22	9.70e-02	6.78e-01	2.25e-01	1.13e-04	5.94e-05	0.00e+00	0.00e+00	0.00e+00	0.00e+00	9.70e-02	6.85e-07	7.40e-07
 1.05561e+22	1.08e-01	6.92e-01	2.00e-01	9.69e-05	5.13e-05	0.00e+00	0.00e+00	0.00e+00	0.00e+00	1.08e-01	7.58e-07	8.18e-07
 1.05780e+22	1.23e-01	7.04e-01	1.73e-01	8.13e-05	4.27e-05	0.00e+00	0.00e+00	0.00e+00	0.00e+00	1.23e-01	8.51e-07	9.17e-07
 1.06016e+22	1.40e-01	7.14e-01	1.46e-01	6.71e-05	3.46e-05	0.00e+00	0.00e+00	0.00e+00	0.00e+00	1.40e-01	9.57e-07	1.03e-06
 1.06222e+22	1.57e-01	7.19e-01	1.24e-01	5.64e-05	2.82e-05	0.00e+00	0.00e+00	0.00e+00	0.00e+00	1.57e-01	1.06e-06	1.14e-06
 1.06402e+22	1.72e-01	7.21e-01	1.06e-01	4.85e-05	2.35e-05	0.00e+00	0.00e+00	0.00e+00	0.00e+00	1.72e-01	1.15e-06	1.24e-06
 1.06601e+22	1.93e-01	7.19e-01	8.81e-02	4.05e-05	1.86e-05	0.00e+00	0.00e+00	0.00e+00	0.00e+00	1.93e-01	1.27e-06	1.36e-06
 1.06818e+22	2.17e-01	7.12e-01	7.08e-02	3.34e-05	1.42e-05	0.00e+00	0.00e+00	0.00e+00	0.00e+00	2.17e-01	1.39e-06	1.50e-06
 1.07013e+22	2.41e-01	7.01e-01	5.70e-02	2.79e-05	1.09e-05	0.00e+00	0.00e+00	0.00e+00	0.00e+00	2.41e-01	1.52e-06	1.63e-06
 1.07190e+22	2.65e-01	6.89e-01	4.63e-02	2.37e-05	8.48e-06	0.00e+00	0.00e+00	0.00e+00	0.00e+00	2.65e-01	1.63e-06	1.75e-06
 1.07388e+22	2.95e-01	6.69e-01	3.57e-02	1.97e-05	6.20e-06	0.00e+00	0.00e+00	0.00e+00	0.00e+00	2.95e-01	1.76e-06	1.89e-06
 1.07600e+22	3.29e-01	6.44e-01	2.67e-02	1.62e-05	4.38e-06	0.00e+00	0.00e+00	0.00e+00	0.00e+00	3.29e-01	1.90e-06	2.04e-06
 1.07781e+22	3.61e-01	6.19e-01	2.04e-02	1.36e-05	3.17e-06	0.00e+00	0.00e+00	0.00e+00	0.00e+00	3.61e-01	2.01e-06	2.16e-06
 1.07936e+22	3.90e-01	5.95e-01	1.59e-02	1.17e-05	2.37e-06	0.00e+00	0.00e+00	0.00e+00	0.00e+00	3.90e-01	2.10e-06	2.26e-06
 1.08088e+22	4.20e-01	5.68e-01	1.23e-02	1.01e-05	1.74e-06	0.00e+00	0.00e+00	0.00e+00	0.00e+00	4.20e-01	2.18e-06	2.34e-06
 1.08245e+22	4.52e-01	5.39e-01	9.31e-03	8.73e-06	1.26e-06	0.00e+00	0.00e+00	0.00e+00	0.00e+00	4.52e-01	2.25e-06	2.42e-06
 1.08388e+22	4.82e-01	5.11e-01	7.12e-03	7.58e-06	9.23e-07	0.00e+00	0.00e+00	0.00e+00	0.00e+00	4.82e-01	2.31e-06	2.48e-06
 1.08516e+22	5.10e-01	4.85e-01	5.56e-03	6.71e-06	6.94e-07	0.00e+00	0.00e+00	0.00e+00	0.00e+00	5.10e-01	2.34e-06	2.52e-06
 1.08630e+22	5.34e-01	4.61e-01	4.42e-03	6.00e-06	5.34e-07	0.00e+00	0.00e+00	0.00e+00	0.00e+00	5.34e-01	2.37e-06	2.54e-06
 1.08733e+22	5.57e-01	4.39e-01	3.57e-03	5.42e-06	4.18e-07	0.00e+00	0.00e+00	0.00e+00	0.00e+00	5.57e-01	2.38e-06	2.56e-06
 1.08832e+22	5.79e-01	4.18e-01	2.89e-03	4.91e-06	3.29e-07	0.00e+00	0.00e+00	0.00e+00	0.00e+00	5.79e-01	2.39e-06	2.56e-06
 1.08910e+22	5.95e-01	4.02e-01	2.45e-03	4.57e-06	2.74e-07	0.00e+00	0.00e+00	0.00e+00	0.00e+00	5.95e-01	2.39e-06	2.56e-06
 1.08962e+22	6.07e-01	3.91e-01	2.19e-03	4.34e-06	2.41e-07	0.00e+00	0.00e+00	0.00e+00	0.00e+00	6.07e-01	2.38e-06	2.56e-06
 1.09010e+22	6.17e-01	3.81e-01	1.97e-03	4.13e-06	2.13e-07	0.00e+00	0.00e+00	0.00e+00	0.00e+00	6.17e-01	2.38e-06	2.55e-06
 1.09065e+22	6.29e-01	3.69e-01	1.73e-03	3.91e-06	1.85e-07	0.00e+00	0.00e+00	0.00e+00	0.00e+00	6.29e-01	2.37e-06	2.54e-06
 1.09124e+22	6.42e-01	3.56e-01	1.51e-03	3.68e-06	1.59e-07	0.00e+00	0.00e+00	0.00e+00	0.00e+00	6.42e-01	2.36e-06	2.53e-06
 1.09182e+22	6.54e-01	3.44e-01	1.32e-03	3.48e-06	1.37e-07	0.00e+00	0.00e+00	0.00e+00	0.00e+00	6.54e-01	2.35e-06	2.52e-06
 1.09236e+22	6.66e-01	3.33e-01	1.17e-03	3.29e-06	0.00e+00	0.00e+00	0.00e+00	0.00e+00	0.00e+00	6.66e-01	2.33e-06	2.50e-06
 1.09291e+22	6.77e-01	3.22e-01	1.02e-03	3.11e-06	0.00e+00	0.00e+00	0.00e+00	0.00e+00	0.00e+00	6.77e-01	2.32e-06	2.48e-06
 1.09346e+22	6.88e-01	3.11e-01	9.00e-04	2.95e-06	0.00e+00	0.00e+00	0.00e+00	0.00e+00	0.00e+00	6.88e-01	2.30e-06	2.46e-06
 1.09401e+22	6.99e-01	3.00e-01	7.89e-04	2.79e-06	0.00e+00	0.00e+00	0.00e+00	0.00e+00	0.00e+00	6.99e-01	2.28e-06	2.44e-06
 1.09457e+22	7.10e-01	2.89e-01	6.91e-04	2.64e-06	0.00e+00	0.00e+00	0.00e+00	0.00e+00	0.00e+00	7.10e-01	2.26e-06	2.42e-06
 1.09512e+22	7.21e-01	2.78e-01	6.06e-04	2.50e-06	0.00e+00	0.00e+00	0.00e+00	0.00e+00	0.00e+00	7.21e-01	2.23e-06	2.39e-06
 1.09566e+22	7.31e-01	2.68e-01	5.33e-04	2.36e-06	0.00e+00	0.00e+00	0.00e+00	0.00e+00	0.00e+00	7.31e-01	2.21e-06	2.36e-06
 1.09621e+22	7.41e-01	2.58e-01	4.68e-04	2.24e-06	0.00e+00	0.00e+00	0.00e+00	0.00e+00	0.00e+00	7.41e-01	2.18e-06	2.33e-06
 1.09676e+22	7.51e-01	2.49e-01	4.12e-04	2.12e-06	0.00e+00	0.00e+00	0.00e+00	0.00e+00	0.00e+00	7.51e-01	2.16e-06	2.30e-06
 1.09731e+22	7.60e-01	2.39e-01	3.63e-04	2.01e-06	0.00e+00	0.00e+00	0.00e+00	0.00e+00	0.00e+00	7.60e-01	2.13e-06	2.27e-06
 1.09786e+22	7.69e-01	2.30e-01	3.20e-04	1.91e-06	0.00e+00	0.00e+00	0.00e+00	0.00e+00	0.00e+00	7.69e-01	2.10e-06	2.24e-06
 1.09843e+22	7.79e-01	2.21e-01	2.82e-04	1.80e-06	0.00e+00	0.00e+00	0.00e+00	0.00e+00	0.00e+00	7.79e-01	2.07e-06	2.21e-06
 1.09899e+22	7.87e-01	2.13e-01	2.49e-04	1.71e-06	0.00e+00	0.00e+00	0.00e+00	0.00e+00	0.00e+00	7.87e-01	2.04e-06	2.18e-06
 1.09956e+22	7.96e-01	2.04e-01	2.20e-04	1.62e-06	0.00e+00	0.00e+00	0.00e+00	0.00e+00	0.00e+00	7.96e-01	2.01e-06	2.14e-06
 1.10015e+22	8.04e-01	1.96e-01	1.96e-04	1.54e-06	0.00e+00	0.00e+00	0.00e+00	0.00e+00	0.00e+00	8.04e-01	1.98e-06	2.11e-06
 1.10073e+22	8.11e-01	1.89e-01	1.75e-04	1.46e-06	0.00e+00	0.00e+00	0.00e+00	0.00e+00	0.00e+00	8.11e-01	1.95e-06	2.08e-06
 1.10134e+22	8.19e-01	1.81e-01	1.56e-04	1.39e-06	0.00e+00	0.00e+00	0.00e+00	0.00e+00	0.00e+00	8.19e-01	1.92e-06	2.05e-06
 1.10196e+22	8.26e-01	1.74e-01	1.40e-04	1.32e-06	0.00e+00	0.00e+00	0.00e+00	0.00e+00	0.00e+00	8.26e-01	1.89e-06	2.01e-06
 1.10257e+22	8.33e-01	1.67e-01	1.27e-04	1.25e-06	0.00e+00	0.00e+00	0.00e+00	0.00e+00	0.00e+00	8.33e-01	1.86e-06	1.98e-06
 1.10320e+22	8.39e-01	1.61e-01	1.15e-04	1.20e-06	0.00e+00	0.00e+00	0.00e+00	0.00e+00	0.00e+00	8.39e-01	1.83e-06	1.95e-06
 1.10384e+22	8.45e-01	1.55e-01	1.06e-04	1.14e-06	0.00e+00	0.00e+00	0.00e+00	0.00e+00	0.00e+00	8.45e-01	1.81e-06	1.92e-06
 1.10449e+22	8.50e-01	1.50e-01	9.72e-05	1.09e-06	0.00e+00	0.00e+00	0.00e+00	0.00e+00	0.00e+00	8.50e-01	1.78e-06	1.89e-06
 1.10517e+22	8.55e-01	1.45e-01	9.01e-05	1.05e-06	0.00e+00	0.00e+00	0.00e+00	0.00e+00	0.00e+00	8.55e-01	1.75e-06	1.86e-06
 1.10588e+22	8.60e-01	1.40e-01	8.40e-05	1.01e-06	0.00e+00	0.00e+00	0.00e+00	0.00e+00	0.00e+00	8.60e-01	1.73e-06	1.84e-06
 1.10663e+22	8.64e-01	1.36e-01	7.88e-05	9.68e-07	0.00e+00	0.00e+00	0.00e+00	0.00e+00	0.00e+00	8.64e-01	1.71e-06	1.81e-06
 1.10744e+22	8.69e-01	1.31e-01	7.42e-05	9.32e-07	0.00e+00	0.00e+00	0.00e+00	0.00e+00	0.00e+00	8.69e-01	1.68e-06	1.79e-06
 1.10832e+22	8.72e-01	1.28e-01	7.04e-05	9.00e-07	0.00e+00	0.00e+00	0.00e+00	0.00e+00	0.00e+00	8.72e-01	1.67e-06	1.77e-06
 1.10930e+22	8.76e-01	1.24e-01	6.70e-05	8.70e-07	0.00e+00	0.00e+00	0.00e+00	0.00e+00	0.00e+00	8.76e-01	1.65e-06	1.75e-06
 1.11042e+22	8.79e-01	1.21e-01	6.42e-05	8.44e-07	0.00e+00	0.00e+00	0.00e+00	0.00e+00	0.00e+00	8.79e-01	1.63e-06	1.73e-06
 1.11166e+22	8.82e-01	1.18e-01	6.20e-05	8.22e-07	0.00e+00	0.00e+00	0.00e+00	0.00e+00	0.00e+00	8.82e-01	1.61e-06	1.71e-06
 1.11292e+22	8.84e-01	1.16e-01	6.04e-05	8.05e-07	0.00e+00	0.00e+00	0.00e+00	0.00e+00	0.00e+00	8.84e-01	1.60e-06	1.70e-06
 1.11416e+22	8.85e-01	1.15e-01	5.92e-05	7.92e-07	0.00e+00	0.00e+00	0.00e+00	0.00e+00	0.00e+00	8.85e-01	1.60e-06	1.69e-06
 1.11539e+22	8.86e-01	1.14e-01	5.84e-05	7.83e-07	0.00e+00	0.00e+00	0.00e+00	0.00e+00	0.00e+00	8.86e-01	1.59e-06	1.68e-06
 1.11661e+22	8.87e-01	1.13e-01	5.77e-05	7.75e-07	0.00e+00	0.00e+00	0.00e+00	0.00e+00	0.00e+00	8.87e-01	1.58e-06	1.68e-06
 1.11783e+22	8.88e-01	1.12e-01	5.72e-05	7.70e-07	0.00e+00	0.00e+00	0.00e+00	0.00e+00	0.00e+00	8.88e-01	1.58e-06	1.67e-06
 1.11904e+22	8.88e-01	1.12e-01	5.68e-05	7.65e-07	0.00e+00	0.00e+00	0.00e+00	0.00e+00	0.00e+00	8.88e-01	1.58e-06	1.67e-06
 1.12043e+22	8.89e-01	1.11e-01	5.64e-05	7.57e-07	0.00e+00	0.00e+00	0.00e+00	0.00e+00	0.00e+00	8.89e-01	1.57e-06	1.66e-06
 1.12224e+22	8.89e-01	1.11e-01	5.61e-05	7.55e-07	0.00e+00	0.00e+00	0.00e+00	0.00e+00	0.00e+00	8.89e-01	1.57e-06	1.66e-06
 1.12459e+22	8.90e-01	1.10e-01	5.55e-05	7.46e-07	0.00e+00	0.00e+00	0.00e+00	0.00e+00	0.00e+00	8.90e-01	1.57e-06	1.66e-06
 1.12765e+22	8.90e-01	1.10e-01	5.52e-05	7.43e-07	0.00e+00	0.00e+00	0.00e+00	0.00e+00	0.00e+00	8.90e-01	1.56e-06	1.66e-06
 1.13162e+22	8.91e-01	1.09e-01	5.47e-05	7.36e-07	0.00e+00	0.00e+00	0.00e+00	0.00e+00	0.00e+00	8.91e-01	1.56e-06	1.65e-06
 1.13679e+22	8.92e-01	1.08e-01	5.41e-05	7.27e-07	0.00e+00	0.00e+00	0.00e+00	0.00e+00	0.00e+00	8.92e-01	1.56e-06	1.65e-06
 1.14350e+22	8.93e-01	1.07e-01	5.33e-05	7.16e-07	0.00e+00	0.00e+00	0.00e+00	0.00e+00	0.00e+00	8.93e-01	1.55e-06	1.64e-06
 1.15223e+22	8.94e-01	1.06e-01	5.24e-05	7.02e-07	0.00e+00	0.00e+00	0.00e+00	0.00e+00	0.00e+00	8.94e-01	1.54e-06	1.63e-06
 1.16358e+22	8.96e-01	1.04e-01	5.12e-05	6.84e-07	0.00e+00	0.00e+00	0.00e+00	0.00e+00	0.00e+00	8.96e-01	1.53e-06	1.62e-06
 1.17834e+22	8.98e-01	1.02e-01	4.98e-05	6.63e-07	0.00e+00	0.00e+00	0.00e+00	0.00e+00	0.00e+00	8.98e-01	1.52e-06	1.61e-06
 1.19752e+22	9.00e-01	9.96e-02	4.81e-05	6.37e-07	0.00e+00	0.00e+00	0.00e+00	0.00e+00	0.00e+00	9.00e-01	1.51e-06	1.59e-06
 1.22245e+22	9.03e-01	9.67e-02	4.62e-05	6.06e-07	0.00e+00	0.00e+00	0.00e+00	0.00e+00	0.00e+00	9.03e-01	1.49e-06	1.57e-06
 1.25378e+22	9.07e-01	9.32e-02	4.40e-05	5.69e-07	0.00e+00	0.00e+00	0.00e+00	0.00e+00	0.00e+00	9.07e-01	1.47e-06	1.55e-06
 1.28929e+22	9.10e-01	8.99e-02	4.19e-05	5.35e-07	0.00e+00	0.00e+00	0.00e+00	0.00e+00	0.00e+00	9.10e-01	1.45e-06	1.53e-06
 1.32571e+22	9.13e-01	8.69e-02	4.00e-05	5.03e-07	0.00e+00	0.00e+00	0.00e+00	0.00e+00	0.00e+00	9.13e-01	1.43e-06	1.51e-06
 1.36303e+22	9.16e-01	8.40e-02	3.83e-05	4.73e-07	0.00e+00	0.00e+00	0.00e+00	0.00e+00	0.00e+00	9.16e-01	1.41e-06	1.49e-06
 1.40332e+22	9.19e-01	8.13e-02	3.66e-05	4.44e-07	0.00e+00	0.00e+00	0.00e+00	0.00e+00	0.00e+00	9.19e-01	1.40e-06	1.47e-06
 1.44750e+22	9.21e-01	7.86e-02	3.50e-05	4.16e-07	0.00e+00	0.00e+00	0.00e+00	0.00e+00	0.00e+00	9.21e-01	1.38e-06	1.45e-06
 1.49548e+22	9.24e-01	7.60e-02	3.34e-05	3.89e-07	0.00e+00	0.00e+00	0.00e+00	0.00e+00	0.00e+00	9.24e-01	1.36e-06	1.43e-06
 1.54735e+22	9.26e-01	7.35e-02	3.19e-05	3.64e-07	0.00e+00	0.00e+00	0.00e+00	0.00e+00	0.00e+00	9.26e-01	1.35e-06	1.42e-06
 1.60385e+22	9.29e-01	7.11e-02	3.04e-05	3.39e-07	0.00e+00	0.00e+00	0.00e+00	0.00e+00	0.00e+00	9.29e-01	1.33e-06	1.40e-06
 1.66610e+22	9.31e-01	6.89e-02	2.89e-05	3.15e-07	0.00e+00	0.00e+00	0.00e+00	0.00e+00	0.00e+00	9.31e-01	1.32e-06	1.38e-06
 1.73529e+22	9.33e-01	6.67e-02	2.73e-05	2.91e-07	0.00e+00	0.00e+00	0.00e+00	0.00e+00	0.00e+00	9.33e-01	1.31e-06	1.37e-06
 1.81278e+22	9.35e-01	6.46e-02	2.58e-05	2.69e-07	0.00e+00	0.00e+00	0.00e+00	0.00e+00	0.00e+00	9.35e-01	1.29e-06	1.35e-06
 1.90029e+22	9.37e-01	6.26e-02	2.42e-05	2.47e-07	0.00e+00	0.00e+00	0.00e+00	0.00e+00	0.00e+00	9.37e-01	1.28e-06	1.34e-06
 2.00036e+22	9.39e-01	6.07e-02	2.26e-05	2.25e-07	0.00e+00	0.00e+00	0.00e+00	0.00e+00	0.00e+00	9.39e-01	1.27e-06	1.32e-06
 2.10549e+22	9.41e-01	5.91e-02	2.11e-05	2.06e-07	0.00e+00	0.00e+00	0.00e+00	0.00e+00	0.00e+00	9.41e-01	1.26e-06	1.31e-06
 2.20351e+22	9.42e-01	5.79e-02	1.98e-05	1.90e-07	0.00e+00	0.00e+00	0.00e+00	0.00e+00	0.00e+00	9.42e-01	1.25e-06	1.30e-06
 2.29173e+22	9.43e-01	5.69e-02	1.88e-05	1.78e-07	0.00e+00	0.00e+00	0.00e+00	0.00e+00	0.00e+00	9.43e-01	1.24e-06	1.30e-06
 2.37112e+22	9.44e-01	5.61e-02	1.79e-05	1.68e-07	0.00e+00	0.00e+00	0.00e+00	0.00e+00	0.00e+00	9.44e-01	1.24e-06	1.29e-06
 2.44258e+22	9.45e-01	5.55e-02	1.72e-05	1.60e-07	0.00e+00	0.00e+00	0.00e+00	0.00e+00	0.00e+00	9.45e-01	1.23e-06	1.29e-06
 2.50689e+22	9.45e-01	5.50e-02	1.65e-05	1.53e-07	0.00e+00	0.00e+00	0.00e+00	0.00e+00	0.00e+00	9.45e-01	1.23e-06	1.28e-06
 2.56477e+22	9.45e-01	5.45e-02	1.60e-05	1.47e-07	0.00e+00	0.00e+00	0.00e+00	0.00e+00	0.00e+00	9.45e-01	1.23e-06	1.28e-06
 2.61686e+22	9.46e-01	5.41e-02	1.55e-05	1.42e-07	0.00e+00	0.00e+00	0.00e+00	0.00e+00	0.00e+00	9.46e-01	1.22e-06	1.28e-06
 2.66374e+22	9.46e-01	5.38e-02	1.51e-05	1.37e-07	0.00e+00	0.00e+00	0.00e+00	0.00e+00	0.00e+00	9.46e-01	1.22e-06	1.28e-06
 2.70593e+22	9.46e-01	5.36e-02	1.47e-05	1.34e-07	0.00e+00	0.00e+00	0.00e+00	0.00e+00	0.00e+00	9.46e-01	1.22e-06	1.27e-06
 2.74391e+22	9.47e-01	5.33e-02	1.44e-05	1.30e-07	0.00e+00	0.00e+00	0.00e+00	0.00e+00	0.00e+00	9.47e-01	1.22e-06	1.27e-06
 2.77808e+22	9.47e-01	5.31e-02	1.42e-05	1.28e-07	0.00e+00	0.00e+00	0.00e+00	0.00e+00	0.00e+00	9.47e-01	1.22e-06	1.27e-06
 2.80970e+22	9.47e-01	5.29e-02	1.39e-05	1.25e-07	0.00e+00	0.00e+00	0.00e+00	0.00e+00	0.00e+00	9.47e-01	1.21e-06	1.27e-06
 2.84056e+22	9.47e-01	5.27e-02	1.37e-05	0.00e+00	0.00e+00	0.00e+00	0.00e+00	0.00e+00	0.00e+00	9.47e-01	1.21e-06	1.27e-06
 2.87142e+22	9.47e-01	5.26e-02	1.34e-05	0.00e+00	0.00e+00	0.00e+00	0.00e+00	0.00e+00	0.00e+00	9.47e-01	1.21e-06	1.27e-06
 2.90227e+22	9.48e-01	5.24e-02	1.32e-05	0.00e+00	0.00e+00	0.00e+00	0.00e+00	0.00e+00	0.00e+00	9.48e-01	1.21e-06	1.27e-06
 2.93313e+22	9.48e-01	5.22e-02	1.30e-05	0.00e+00	0.00e+00	0.00e+00	0.00e+00	0.00e+00	0.00e+00	9.48e-01	1.21e-06	1.26e-06
 2.96399e+22	9.48e-01	5.20e-02	1.28e-05	0.00e+00	0.00e+00	0.00e+00	0.00e+00	0.00e+00	0.00e+00	9.48e-01	1.21e-06	1.26e-06
 2.99484e+22	9.48e-01	5.19e-02	1.26e-05	0.00e+00	0.00e+00	0.00e+00	0.00e+00	0.00e+00	0.00e+00	9.48e-01	1.21e-06	1.26e-06
 3.02570e+22	9.48e-01	5.17e-02	1.24e-05	0.00e+00	0.00e+00	0.00e+00	0.00e+00	0.00e+00	0.00e+00	9.48e-01	1.20e-06	1.26e-06
 3.05656e+22	9.49e-01	5.15e-02	1.21e-05	0.00e+00	0.00e+00	0.00e+00	0.00e+00	0.00e+00	0.00e+00	9.49e-01	1.20e-06	1.26e-06
 3.07883e+22	9.49e-01	5.12e-02	1.20e-05	0.00e+00	0.00e+00	0.00e+00	0.00e+00	0.00e+00	0.00e+00	9.49e-01	1.20e-06	1.26e-06
