#depth	He	He+	He+2
 1.53026e+15	8.09e-02	8.39e-01	7.98e-02
 9.18155e+15	8.05e-02	8.39e-01	8.02e-02
 3.97867e+16	8.05e-02	8.39e-01	8.02e-02
 1.62207e+17	8.09e-02	8.39e-01	7.96e-02
 3.87461e+17	8.14e-02	8.40e-01	7.90e-02
 6.80292e+17	8.25e-02	8.39e-01	7.80e-02
 1.06097e+18	8.39e-02	8.39e-01	7.68e-02
 1.55585e+18	8.58e-02	8.39e-01	7.51e-02
 2.14801e+18	8.82e-02	8.38e-01	7.33e-02
 2.76613e+18	9.12e-02	8.37e-01	7.13e-02
 3.43872e+18	9.52e-02	8.36e-01	6.90e-02
 4.20280e+18	1.00e-01	8.33e-01	6.66e-02
 4.95506e+18	1.06e-01	8.29e-01	6.45e-02
 5.59572e+18	1.12e-01	8.25e-01	6.29e-02
 6.12956e+18	1.17e-01	8.21e-01	6.16e-02
 6.62554e+18	1.23e-01	8.16e-01	6.03e-02
 7.19522e+18	1.31e-01	8.10e-01	5.90e-02
 7.80822e+18	1.41e-01	8.02e-01	5.77e-02
 8.32483e+18	1.50e-01	7.94e-01	5.68e-02
 8.73110e+18	1.57e-01	7.87e-01	5.61e-02
 9.08108e+18	1.65e-01	7.80e-01	5.54e-02
 9.42333e+18	1.72e-01	7.73e-01	5.48e-02
 9.76834e+18	1.80e-01	7.65e-01	5.41e-02
 1.01049e+19	1.89e-01	7.57e-01	5.34e-02
 1.04336e+19	1.98e-01	7.49e-01	5.27e-02
 1.07531e+19	2.07e-01	7.41e-01	5.21e-02
 1.10587e+19	2.16e-01	7.33e-01	5.15e-02
 1.13017e+19	2.23e-01	7.26e-01	5.11e-02
 1.14735e+19	2.28e-01	7.21e-01	5.07e-02
 1.16427e+19	2.34e-01	7.16e-01	5.02e-02
 1.18349e+19	2.40e-01	7.10e-01	4.98e-02
 1.20448e+19	2.47e-01	7.04e-01	4.92e-02
 1.22600e+19	2.54e-01	6.97e-01	4.87e-02
 1.24754e+19	2.62e-01	6.90e-01	4.81e-02
 1.26921e+19	2.69e-01	6.83e-01	4.76e-02
 1.29161e+19	2.78e-01	6.75e-01	4.69e-02
 1.31471e+19	2.86e-01	6.68e-01	4.63e-02
 1.33848e+19	2.95e-01	6.59e-01	4.56e-02
 1.36309e+19	3.05e-01	6.50e-01	4.48e-02
 1.38791e+19	3.14e-01	6.42e-01	4.41e-02
 1.41324e+19	3.24e-01	6.32e-01	4.33e-02
 1.43952e+19	3.35e-01	6.23e-01	4.25e-02
 1.46663e+19	3.45e-01	6.13e-01	4.16e-02
 1.49445e+19	3.57e-01	6.02e-01	4.07e-02
 1.52279e+19	3.68e-01	5.92e-01	3.99e-02
 1.55174e+19	3.80e-01	5.81e-01	3.89e-02
 1.58158e+19	3.92e-01	5.70e-01	3.80e-02
 1.61224e+19	4.05e-01	5.58e-01	3.71e-02
 1.64363e+19	4.18e-01	5.46e-01	3.61e-02
 1.67570e+19	4.31e-01	5.34e-01	3.51e-02
 1.70846e+19	4.44e-01	5.22e-01	3.41e-02
 1.74212e+19	4.58e-01	5.09e-01	3.31e-02
 1.77683e+19	4.71e-01	4.96e-01	3.21e-02
 1.81245e+19	4.85e-01	4.84e-01	3.11e-02
 1.84896e+19	5.00e-01	4.70e-01	3.00e-02
 1.88622e+19	5.14e-01	4.57e-01	2.90e-02
 1.92422e+19	5.28e-01	4.44e-01	2.79e-02
 1.96322e+19	5.42e-01	4.31e-01	2.70e-02
 2.00302e+19	5.56e-01	4.18e-01	2.59e-02
 2.04357e+19	5.70e-01	4.05e-01	2.49e-02
 2.08536e+19	5.84e-01	3.92e-01	2.39e-02
 2.12839e+19	5.98e-01	3.79e-01	2.30e-02
 2.17239e+19	6.12e-01	3.66e-01	2.20e-02
 2.21754e+19	6.25e-01	3.54e-01	2.10e-02
 2.26416e+19	6.39e-01	3.41e-01	2.01e-02
 2.31239e+19	6.52e-01	3.29e-01	1.91e-02
 2.36253e+19	6.64e-01	3.17e-01	1.82e-02
 2.41487e+19	6.77e-01	3.06e-01	1.73e-02
 2.46953e+19	6.89e-01	2.94e-01	1.64e-02
 2.52658e+19	7.02e-01	2.83e-01	1.55e-02
 2.58653e+19	7.13e-01	2.72e-01	1.46e-02
 2.65010e+19	7.25e-01	2.61e-01	1.38e-02
 2.71750e+19	7.37e-01	2.50e-01	1.29e-02
 2.78873e+19	7.48e-01	2.40e-01	1.21e-02
 2.86436e+19	7.58e-01	2.30e-01	1.13e-02
 2.94499e+19	7.69e-01	2.21e-01	1.05e-02
 3.03130e+19	7.79e-01	2.11e-01	9.75e-03
 3.12403e+19	7.89e-01	2.02e-01	9.02e-03
 3.22338e+19	7.98e-01	1.93e-01	8.31e-03
 3.32963e+19	8.07e-01	1.85e-01	7.63e-03
 3.44323e+19	8.16e-01	1.77e-01	6.99e-03
 3.56465e+19	8.25e-01	1.69e-01	6.39e-03
 3.69417e+19	8.33e-01	1.61e-01	5.82e-03
 3.83127e+19	8.41e-01	1.54e-01	5.29e-03
 3.97606e+19	8.49e-01	1.47e-01	4.80e-03
 4.13012e+19	8.56e-01	1.40e-01	4.35e-03
 4.29208e+19	8.63e-01	1.33e-01	3.93e-03
 4.45820e+19	8.69e-01	1.27e-01	3.55e-03
 4.62452e+19	8.76e-01	1.21e-01	3.23e-03
 4.78768e+19	8.81e-01	1.16e-01	2.94e-03
 4.94693e+19	8.86e-01	1.11e-01	2.70e-03
 5.10289e+19	8.90e-01	1.07e-01	2.48e-03
 5.25542e+19	8.95e-01	1.03e-01	2.29e-03
 5.40397e+19	8.98e-01	9.94e-02	2.12e-03
 5.54789e+19	9.02e-01	9.60e-02	1.97e-03
 5.68589e+19	9.05e-01	9.30e-02	1.84e-03
 5.81735e+19	9.08e-01	9.01e-02	1.72e-03
 5.94208e+19	9.11e-01	8.75e-02	1.62e-03
 6.05908e+19	9.13e-01	8.52e-02	1.53e-03
 6.16935e+19	9.16e-01	8.30e-02	1.44e-03
